-7.068216069253955078e+10 -5.935816456751883698e+10 -4.902216844249811554e+10 -3.967417231747740173e+10 -3.131417619245667648e+10 -2.394218006743595505e+10 -1.755818394241523361e+10 -1.216218781739451599e+10 -7.754191692373796463e+09 -4.334195567353076935e+09 -1.902199442332357407e+09 -4.582033173116379976e+08 -2.207192290918229148e+06 -5.342110672701985836e+08 -2.054214942249478817e+09 -4.562218817228758812e+09 -8.058222692208038330e+09 -1.254222656718732071e+10 -1.801423044216659927e+10 -2.447423431714587784e+10 -3.192223819212515640e+10
-7.042393457075820923e+10 -5.912173769933763885e+10 -4.880754082791705322e+10 -3.948134395649646759e+10 -3.114314708507587051e+10 -2.379295021365527725e+10 -1.743075334223469162e+10 -1.205655647081410599e+10 -7.670359599393518448e+09 -4.272162727972930908e+09 -1.861965856552343369e+09 -4.397689851317554712e+08 -5.572113711167623289e+06 -5.593752422905797958e+08 -2.101178370869991779e+09 -4.630981499449403763e+09 -8.148784628028815269e+09 -1.265458775660822678e+10 -1.814839088518763733e+10 -2.463019401376704788e+10 -3.209999714234646225e+10
-7.016761886182095337e+10 -5.888718915789800262e+10 -4.859475945397504425e+10 -3.929032975005208588e+10 -3.097390004612912369e+10 -2.364547034220616913e+10 -1.730504063828320694e+10 -1.195261093436024857e+10 -7.588181230437290192e+09 -4.211751526514330864e+09 -1.823321822591372013e+09 -4.228921186684130430e+08 -1.046241474545391090e+07 -5.860327108224948645e+08 -2.149603006899535179e+09 -4.701173302976575851e+09 -8.240743599053616524e+09 -1.276831389513065720e+10 -1.828388419120769882e+10 -2.478745448728474045e+10 -3.227902478336178207e+10
-6.991321019225021362e+10 -5.865451549428927612e+10 -4.838382079632833099e+10 -3.910112609836737823e+10 -3.080643140040642929e+10 -2.349973670244548416e+10 -1.718104200448453903e+10 -1.185034730652359009e+10 -7.507652608562641144e+09 -4.152957910601694107e+09 -1.786263212640746593e+09 -4.075685146797991991e+08 -1.687381671885171160e+07 -6.141791187579042912e+08 -2.199484420796956539e+09 -4.772789722836008072e+09 -8.334095024875061035e+09 -1.288340032691411400e+10 -1.842070562895316696e+10 -2.494601093099221802e+10 -3.245931623303127289e+10
-6.966070516494648743e+10 -5.842371323363512421e+10 -4.817472130232376099e+10 -3.891372937101238251e+10 -3.064073743970101166e+10 -2.335574550838964081e+10 -1.705875357707827187e+10 -1.174976164576689911e+10 -7.428769714455528259e+09 -4.095777783144156456e+09 -1.750785851832785130e+09 -3.937939205214137435e+08 -2.480198921004226059e+07 -6.438100578986707926e+08 -2.250818126587298870e+09 -4.845826195275927544e+09 -8.428834263964555740e+09 -1.299984233265318298e+10 -1.855885040134181213e+10 -2.510585847003043747e+10 -3.264086653871906662e+10
-6.941010035752973938e+10 -5.819477887357606506e+10 -4.796745738962238312e+10 -3.872813590566870880e+10 -3.047681442171502304e+10 -2.321349293776133728e+10 -1.693817145380766106e+10 -1.165084996985397720e+10 -7.351528485900298119e+09 -4.040207001946617126e+09 -1.716885517992935658e+09 -3.815640340392550230e+08 -3.424255008557385951e+07 -6.749210661318928003e+08 -2.303599582178211212e+09 -4.920278098224529266e+09 -8.524956614270850182e+09 -1.311763513031716728e+10 -1.869831364636348724e+10 -2.526699216240980148e+10 -3.282367067845612335e+10
-6.916139232075106812e+10 -5.796770888281872559e+10 -4.776202544488636017e+10 -3.854434200695400238e+10 -3.031465856902163696e+10 -2.307297513108928299e+10 -1.681929169315691757e+10 -1.155360825522455788e+10 -7.275924817292196274e+09 -3.986241379359835625e+09 -1.684557941427474976e+09 -3.708745034951141477e+08 -4.519106556275319308e+07 -7.075076276303923130e+08 -2.357824189698031425e+09 -4.996140751765669823e+09 -8.622457313833309174e+09 -1.323677387590094757e+10 -1.883909043796858597e+10 -2.542940700003622437e+10 -3.300772356210386276e+10
-6.891457757699494934e+10 -5.774249969977037811e+10 -4.755842182254581451e+10 -3.836234394532124329e+10 -3.015426606809666824e+10 -2.293418819087209702e+10 -1.670211031364752960e+10 -1.145803243642296219e+10 -7.201954559198391914e+09 -3.933876681973822117e+09 -1.653798804749252319e+09 -3.617209275246828794e+08 -5.764305030011322349e+07 -7.415651730755435228e+08 -2.413487295850974083e+09 -5.073409418626403809e+09 -8.721331541401832581e+09 -1.335725366417726517e+10 -1.898117578695269394e+10 -2.559309790972812653e+10 -3.319302003250355148e+10
-6.866965261885923004e+10 -5.751914773124717712e+10 -4.735664284363513947e+10 -3.818213795602309418e+10 -2.999563306841103745e+10 -2.279712818079899216e+10 -1.658662329318694305e+10 -1.136411840557489777e+10 -7.129613517962852478e+09 -3.883108630350806236e+09 -1.624603742738759518e+09 -3.540988551267132759e+08 -7.159396751466687024e+07 -7.770890799026204348e+08 -2.470584192290573597e+09 -5.152079304678527832e+09 -8.821574417066480637e+09 -1.347906952945443344e+10 -1.912456464184238434e+10 -2.575805975423033905e+10 -3.337955486661828995e+10
-6.842661390781584930e+10 -5.729764935125826263e+10 -4.715668479470069122e+10 -3.800372023814310455e+10 -2.983875568158552170e+10 -2.266179112502793503e+10 -1.647282656847035408e+10 -1.127186201191277313e+10 -7.058897455355191231e+09 -3.833932898797608852e+09 -1.596968342240027189e+09 -3.480037856824454069e+08 -8.703922912486337125e+07 -8.140746725672813654e+08 -2.529110116009698868e+09 -5.232145559452116966e+09 -8.923181002894535065e+09 -1.360221644633695221e+10 -1.926925188977936935e+10 -2.592428733322179031e+10 -3.356732277666420746e+10
-6.818545787293854523e+10 -5.707800089985357666e+10 -4.695854392676859283e+10 -3.782708695368361664e+10 -2.968362998059863281e+10 -2.252817300751365280e+10 -1.636071603442867279e+10 -1.118125906134369278e+10 -6.989802088258713722e+09 -3.786345115173734665e+09 -1.570888142088755131e+09 -3.434311690037755966e+08 -1.039741959187957346e+08 -8.525172228338159323e+08 -2.589060249748836040e+09 -5.313603276663856506e+09 -9.026146303578876495e+09 -1.372668933049389648e+10 -1.941523235740891647e+10 -2.609177538432393265e+10 -3.375631841123895645e+10
-6.794618090971382904e+10 -5.686019868204985809e+10 -4.676221645438589478e+10 -3.765223422672192383e+10 -2.953025199905794525e+10 -2.239626977139397430e+10 -1.625028754373000145e+10 -1.109230531606603050e+10 -6.922323088402058601e+09 -3.740340860738086700e+09 -1.546358633074114561e+09 -3.403764054101426601e+08 -1.223941777461705506e+08 -8.924119500821985006e+08 -2.650429722418226242e+09 -5.396447494754253387e+09 -9.130465267090280533e+09 -1.385248303942630959e+10 -1.956250081176233673e+10 -2.626051858409836197e+10 -3.394653635643439102e+10
-6.770877937891015625e+10 -5.664423896681215668e+10 -4.656769855471414948e+10 -3.747915814261614227e+10 -2.937861773051813126e+10 -2.226607731842012405e+10 -1.614153690632211876e+10 -1.100499649422411156e+10 -6.856456082126105309e+09 -3.695915670028098106e+09 -1.523375257930090904e+09 -3.388348458320842385e+08 -1.422944337340771258e+08 -9.337540216360701323e+08 -2.713213609538063049e+09 -5.480673197440055847e+09 -9.236132785342048645e+09 -1.397959237324404144e+10 -1.971105196114603424e+10 -2.643051154904802704e+10 -3.413797113695001984e+10
-6.747324960552385712e+10 -5.643011798610729218e+10 -4.637498636669072723e+10 -3.730785474727416229e+10 -2.922872312785758209e+10 -2.213759150844101334e+10 -1.603445988902444458e+10 -1.091932826960787773e+10 -6.792196650191308022e+09 -3.653065030774740219e+09 -1.501933411358171940e+09 -3.388017919416038990e+08 -1.636701725250354409e+08 -9.765385531084671021e+08 -2.777406933691898346e+09 -5.566275314275329590e+09 -9.343143694858760834e+09 -1.410801207544219208e+10 -1.986088045602562332e+10 -2.660174883660905838e+10 -3.433061721719248581e+10
-6.723958787778571320e+10 -5.621783193401499176e+10 -4.618407599024427032e+10 -3.713832004647354889e+10 -2.908056410270281982e+10 -2.201080815893209457e+10 -1.592905221516137314e+10 -1.083529627139064980e+10 -6.729540327619926453e+09 -3.611784383849204063e+09 -1.482028440078480959e+09 -3.402724963077578545e+08 -1.865165525370346308e+08 -1.020760608766311407e+09 -2.843004664995587826e+09 -5.653248721224864960e+09 -9.451492777454139709e+09 -1.423773683368341827e+10 -2.001198088991269302e+10 -2.677422494614197159e+10 -3.452446900237125397e+10
-6.700779044623043060e+10 -5.600737696589829254e+10 -4.599496348556614685e+10 -3.697055000523400116e+10 -2.893413652490185165e+10 -2.188572304456970978e+10 -1.582530956423756599e+10 -1.075289608390542221e+10 -6.668482603573278427e+09 -3.572069123241135597e+09 -1.463655642908991814e+09 -3.432421625768482685e+08 -2.108286822447044849e+08 -1.066415201912560821e+09 -2.910001721580416679e+09 -5.741588241248271942e+09 -9.561174760916130066e+09 -1.436876128058398438e+10 -2.016434780025184250e+10 -2.694793431991969681e+10 -3.471952083958755493e+10
-6.677785352282862091e+10 -5.579874919763298798e+10 -4.580764487243734741e+10 -3.680454054724171448e+10 -2.878943622204607773e+10 -2.176233189685044479e+10 -1.572322757165481186e+10 -1.067212324645917702e+10 -6.609018921263544083e+09 -3.533914596067909718e+09 -1.446810270872275591e+09 -3.477059456766416430e+08 -2.366016204810074866e+08 -1.113497295285373211e+09 -2.978392970089738846e+09 -5.831288644894104958e+09 -9.672184319698471069e+09 -1.450107999450283432e+10 -2.031797566930720139e+10 -2.712287134411156845e+10 -3.491576701891593170e+10
-6.654977328017552948e+10 -5.559194470489078522e+10 -4.562211612960604095e+10 -3.664028755432128906e+10 -2.864645897903654099e+10 -2.164063040375179291e+10 -1.562280182846704865e+10 -1.059297325318230057e+10 -6.551144677897554398e+09 -3.497316102612807274e+09 -1.431487527328061342e+09 -3.536589520433149338e+08 -2.638303767585683167e+08 -1.162001801473821640e+09 -3.048173226189074516e+09 -5.922344650904327393e+09 -9.784516075619583130e+09 -1.463468750033483505e+10 -2.047285892505009079e+10 -2.729903034976534271e+10 -3.511320177448059845e+10
-6.632354585074284363e+10 -5.538695952248178864e+10 -4.543837319422072601e+10 -3.647778686595966339e+10 -2.850520053769859695e+10 -2.152061420943753815e+10 -1.552402788117647552e+10 -1.051544155291541290e+10 -6.494855224654353142e+09 -3.462268896393292427e+09 -1.417682568132230759e+09 -3.610962398711696863e+08 -2.925099116101082563e+08 -1.211923583349046707e+09 -3.119337255087985039e+09 -6.014750926826923370e+09 -9.898164598565860748e+09 -1.476957827030480003e+10 -2.062899194204373550e+10 -2.747640561378267670e+10 -3.531181928552162170e+10
-6.609916732617543793e+10 -5.518378964373979950e+10 -4.525641196130416107e+10 -3.631703427886851501e+10 -2.836565659643287277e+10 -2.140227891399723053e+10 -1.542690123156158829e+10 -1.043952354912594604e+10 -6.440145866690305710e+09 -3.428768184254664421e+09 -1.405390501819023132e+09 -3.700128193833819032e+08 -3.226351369477403760e+08 -1.263257454512098789e+09 -3.191879772076457024e+09 -6.108502089640815735e+09 -1.001312440720517349e+10 -1.490574672476953125e+10 -2.078636904233388901e+10 -2.765499135989824677e+10 -3.551161367746260834e+10
-6.587663375665156555e+10 -5.498243101996723175e+10 -4.507622828328289795e+10 -3.615802554659856415e+10 -2.822782280991422653e+10 -2.128562007322989655e+10 -1.533141733654556274e+10 -1.036521459986122704e+10 -6.387011863176893234e+09 -3.396809126492559433e+09 -1.394606389808226109e+09 -3.804036531238927245e+08 -3.542009164395591617e+08 -1.315998179755225420e+09 -3.265795443070891380e+09 -6.203592706386557579e+09 -1.012938996970222473e+10 -1.504318723301789093e+10 -2.094498449633355713e+10 -2.783478175964921951e+10 -3.571257902296489716e+10
