-7.989866139729344177e+10 -5.444861469961193085e+10 -3.387758034760943222e+10 -1.818555834128593826e+10 -7.372548680641456604e+09 -1.438551365675986052e+09 -3.835663963895286322e+08 -4.207593772782081127e+09 -1.291063349485364914e+10 -2.649268556260422897e+10
-7.597508756380781555e+10 -5.124638425901588440e+10 -3.139669329990297318e+10 -1.642601468646907043e+10 -6.334348418714175224e+09 -1.121694496638291121e+09 -7.880529202414203882e+08 -5.333423689523561478e+09 -1.475780680448471642e+10 -2.906120226512488556e+10
-7.222398817816288757e+10 -4.821050432751554871e+10 -2.907603282254722595e+10 -1.482057366325791550e+10 -5.444126849647612572e+09 -9.466923817163219452e+08 -1.328270259464042902e+09 -6.588860482890776634e+09 -1.672846305199652290e+10 -3.174707796678128815e+10
-6.864217012918256378e+10 -4.533773757860276031e+10 -2.691231737370197678e+10 -1.336590951448020554e+10 -4.698514000937438011e+09 -9.101308330736849308e+08 -2.000760010888942003e+09 -7.970401534383212090e+09 -1.881905540355649948e+10 -3.454672161840879822e+10
-6.522641349140775299e+10 -4.262482396838121796e+10 -2.490224679103369904e+10 -1.205868195936519814e+10 -4.094129473375702381e+09 -1.008589333065220475e+09 -2.802061538433748245e+09 -9.474546089481288910e+09 -2.102604298620784378e+10 -3.745655222861342621e+10
-6.197347622952635956e+10 -4.006848542433472443e+10 -2.304250696482209396e+10 -1.089554085098848915e+10 -3.627587082833886147e+09 -1.238645660358297110e+09 -3.728716583561717033e+09 -1.109779985244415092e+10 -2.334589546700560379e+10 -4.047300342724607086e+10
-5.888009881724288177e+10 -3.766543044495812988e+10 -2.132977441835240173e+10 -9.873130737425689697e+09 -3.295499402177982330e+09 -1.596880412609289885e+09 -4.777273768719606400e+09 -1.283667947050893784e+10 -2.577509751797728348e+10 -4.359252791112464142e+10
-5.594300876421042633e+10 -3.541235860412006378e+10 -1.976072078970871353e+10 -8.988095320976375580e+09 -3.094482197923047066e+09 -2.079881420548731565e+09 -5.944292988853423119e+09 -1.468771690283713150e+10 -2.831015316249985886e+10 -4.681160176784159851e+10
-5.315892504530414581e+10 -3.330596495468892670e+10 -1.833201720975273132e+10 -8.237081810495550156e+09 -3.021158756917374611e+09 -2.684248049018214226e+09 -7.226349686798059464e+09 -1.664746367025691986e+10 -3.094758999939480209e+10 -5.012672867421169281e+10
-5.052456242715434265e+10 -3.134294432660410690e+10 -1.704033857173289680e+10 -7.616745162540696144e+09 -3.072164099027503490e+09 -3.406595381193324566e+09 -8.620039009038150787e+09 -1.871249498256199265e+10 -3.368396330176485062e+10 -5.353444396664673615e+10
