-9.676206886582720947e+10 -8.342849364314936829e+10 -7.108291842047155762e+10 -5.972534319779370880e+10 -4.935576797511589050e+10 -3.997419275243806458e+10 -3.158061752976022720e+10 -2.417504230708239746e+10 -1.775746708440456772e+10 -1.232789186172674370e+10 -7.886316639048913956e+09 -4.432741416371085167e+09 -1.967166193693256378e+09 -4.895909710154278874e+08 -1.574833759917444877e+04 -4.984405256597704291e+08 -1.984865302981941700e+09 -4.459290080304112434e+09 -7.921714857626284599e+09 -1.237213963494845581e+10 -1.781056441227062607e+10
-9.674633596076538086e+10 -8.341388590407164001e+10 -7.106943584737789917e+10 -5.971298579068416595e+10 -4.934453573399043274e+10 -3.996408567729670715e+10 -3.157163562060296249e+10 -2.416718556390922928e+10 -1.775073550721549606e+10 -1.232228545052176094e+10 -7.881835393828025818e+09 -4.429385337134291649e+09 -1.964935280440556049e+09 -4.884852237468209863e+08 -3.516705308602726291e+04 -4.995851103593509793e+08 -1.987135053665616035e+09 -4.462684996971879959e+09 -7.926234940278145790e+09 -1.237778488358440971e+10 -1.781733482689067459e+10
-9.673082136103520203e+10 -8.339948156608308411e+10 -7.105614177113095093e+10 -5.970080197617883301e+10 -4.933346218122671509e+10 -3.995412238627458954e+10 -3.156278259132246399e+10 -2.415944279637034225e+10 -1.774410300141821671e+10 -1.231676320646609688e+10 -7.877423411513972282e+09 -4.426083616561848640e+09 -1.962743821609724760e+09 -4.874040266576012969e+08 -6.423170547767842800e+04 -5.007244367533540130e+08 -1.989384641801230431e+09 -4.466044846849106789e+09 -7.930705051896983147e+09 -1.238336525694486046e+10 -1.782402546199273682e+10
-9.671551468775558472e+10 -8.338527098201748657e+10 -7.104302727627938843e+10 -5.968878357054130554e+10 -4.932253986480322266e+10 -3.994429615906513977e+10 -3.155405245332703781e+10 -2.415180874758893967e+10 -1.773756504185084915e+10 -1.231132133611276245e+10 -7.873077630374670029e+09 -4.422833924636578560e+09 -1.960590218898486614e+09 -4.863465131603950262e+08 -1.028074223032491573e+05 -5.018591016842114329e+08 -1.991615395946119547e+09 -4.469371690208027840e+09 -7.935127984469935417e+09 -1.238888427873184395e+10 -1.783064057299375153e+10
-9.670040604939701843e+10 -8.337124495773875427e+10 -7.103008386608047485e+10 -5.967692277442221832e+10 -4.931176168276395416e+10 -3.993460059110568237e+10 -3.154543949944741821e+10 -2.414427840778915024e+10 -1.773111731613088608e+10 -1.230595622447262001e+10 -7.868795132814352989e+09 -4.419634041156086922e+09 -1.958472949497819901e+09 -4.853118578395531774e+08 -1.507661812864845560e+05 -5.029896745230197310e+08 -1.993828582864753008e+09 -4.472667491206485748e+09 -7.939506399548218727e+09 -1.239434530788995361e+10 -1.783718421623168564e+10
-9.668548601824014282e+10 -8.335739473025018311e+10 -7.101730344226022339e+10 -5.966521215427025604e+10 -4.930112086628029633e+10 -3.992502957829032898e+10 -3.153693829030036163e+10 -2.413684700231040192e+10 -1.772475571432043839e+10 -1.230066442633047676e+10 -7.864573138340513229e+09 -4.416481850350550652e+09 -1.956390562360588074e+09 -4.842992743706251383e+08 -2.079863806623335986e+05 -5.041166983906994462e+08 -1.996025410400736332e+09 -4.475934122410773277e+09 -7.943842834420810699e+09 -1.239975154643084908e+10 -1.784366025844088364e+10
-9.667074560798867798e+10 -8.334371194687800598e+10 -7.100467828576733398e+10 -5.965364462465666199e+10 -4.929061096354599762e+10 -3.991557730243532562e+10 -3.152854364132465363e+10 -2.412950998021398163e+10 -1.771847631910331345e+10 -1.229544265799264145e+10 -7.860408996881968498e+09 -4.413375335771297455e+09 -1.954341674660626888e+09 -4.833080135499556661e+08 -2.743524392845727270e+05 -5.052406913286134005e+08 -1.998207030217942238e+09 -4.479173369107270241e+09 -7.948139707996600151e+09 -1.240510604688593102e+10 -1.785007238577525711e+10
-9.665617625249456787e+10 -8.333018864548954773e+10 -7.099220103848452759e+10 -5.964221343147950745e+10 -4.928022582447448730e+10 -3.990623821746946716e+10 -3.152025061046444321e+10 -2.412226300345942307e+10 -1.771227539645440292e+10 -1.229028778944938087e+10 -7.856300182444358826e+09 -4.410312575439337730e+09 -1.952324968434316397e+09 -4.823373614292950034e+08 -3.497544242734301370e+05 -5.063621474192518592e+08 -2.000374540414230347e+09 -4.482386933409208298e+09 -7.952399326404186249e+09 -1.241041171939916420e+10 -1.785642411239414597e+10
-9.664176978552587891e+10 -8.331681723568145752e+10 -7.097986468583706665e+10 -5.963091213599265289e+10 -4.926995958614824677e+10 -3.989700703630383301e+10 -3.151205448645942307e+10 -2.411510193661501312e+10 -1.770614938677060318e+10 -1.228519683692619896e+10 -7.852244287081788063e+09 -4.407291737237379074e+09 -1.950339187392970562e+09 -4.813866375485615134e+08 -4.340877041524556698e+05 -5.074815378597433567e+08 -2.002528988015334129e+09 -4.485576438170925140e+09 -7.956623888326516151e+09 -1.241567133848210716e+10 -1.786271878863769531e+10
-9.662751842153758240e+10 -8.330359048090103149e+10 -7.096766254026445007e+10 -5.961973459962787628e+10 -4.925980665899130249e+10 -3.988787871835473633e+10 -3.150395077771815491e+10 -2.410802283708157730e+10 -1.770009489644501114e+10 -1.228016695580843925e+10 -7.848239015171863556e+09 -4.404311074535290718e+09 -1.948383133898717880e+09 -4.804551932621451020e+08 -5.272526255722435890e+05 -5.085993119889993072e+08 -2.004671371352426291e+09 -4.488743430715853691e+09 -7.960815490079279900e+09 -1.242088754944270706e+10 -1.786895960880613327e+10
-9.661341473738009644e+10 -8.329050148143949890e+10 -7.095558822549891663e+10 -5.960867496955833435e+10 -4.924976171361775208e+10 -3.987884845767716980e+10 -3.149593520173657608e+10 -2.410102194579598999e+10 -1.769410868985540390e+10 -1.227519543391482162e+10 -7.844282177974233627e+09 -4.401368922033647537e+09 -1.946455666093062162e+09 -4.795424101524763107e+08 -6.291542118904017843e+05 -5.097158982713044286e+08 -2.006802642330718517e+09 -4.491889386390131950e+09 -7.964976130449545860e+09 -1.242606287450896072e+10 -1.787514961856837463e+10
-9.659945165491433716e+10 -8.327754365826916504e+10 -7.094363566162399292e+10 -5.959772766497882843e+10 -4.923981966833366394e+10 -3.986991167168849182e+10 -3.148800367504332352e+10 -2.409409567839815521e+10 -1.768818768175298309e+10 -1.227027968510781860e+10 -7.840371688462649345e+09 -4.398463691817481041e+09 -1.944555695172312737e+09 -4.786476985271443129e+08 -7.397018819758383324e+05 -5.108317052368073463e+08 -2.008923708591638803e+09 -4.495015711946469307e+09 -7.969107715301301003e+09 -1.243119971865613365e+10 -1.788129172201095963e+10
-9.658562242447772217e+10 -8.326471073767129517e+10 -7.093179905086486816e+10 -5.958688736405845642e+10 -4.922997567725202942e+10 -3.986106399044560242e+10 -3.148015230363917923e+10 -2.408724061683275223e+10 -1.768232893002632523e+10 -1.226541724321990776e+10 -7.836505556413482666e+09 -4.395593869607058525e+09 -1.942682182800635338e+09 -4.777704959942113757e+08 -8.588091877873602789e+05 -5.119471223813633323e+08 -2.011035435574939251e+09 -4.498123748768515587e+09 -7.973212061962090492e+09 -1.243630037515566826e+10 -1.788738868834923935e+10
-9.657192060916265869e+10 -8.325199673662028503e+10 -7.092007286407791138e+10 -5.957614899153552246e+10 -4.922022511899314117e+10 -3.985230124645076752e+10 -3.147237737390837860e+10 -2.408045350136600113e+10 -1.767652962882361984e+10 -1.226060575628124046e+10 -7.832681883738860130e+09 -4.392758011196479797e+09 -1.940834138654100418e+09 -4.769102661117202640e+08 -9.863935693401428871e+05 -5.130625210269599557e+08 -2.013138648484579802e+09 -4.501214775942198753e+09 -7.977290903399819374e+09 -1.244136703085743904e+10 -1.789344315831505966e+10
-9.655834006986215210e+10 -8.323939594888101196e+10 -7.090845182789982605e+10 -5.956550770691865540e+10 -4.921056358593749237e+10 -3.984361946495632935e+10 -3.146467534397515488e+10 -2.407373122299398804e+10 -1.767078710201282120e+10 -1.225584298103165627e+10 -7.828898860050488472e+09 -4.389954739069321632e+09 -1.939010618088154078e+09 -4.760664971069867015e+08 -1.122376125819351990e+06 -5.141782551446519494e+08 -2.015234134163484573e+09 -4.504290013182316780e+09 -7.981345892201149940e+09 -1.244640177121998405e+10 -1.789945765023881149e+10
-9.654487495105564880e+10 -8.322690293179464722e+10 -7.089693091253364563e+10 -5.955495889327264404e+10 -4.920098687401165771e+10 -3.983501485475065613e+10 -3.145704283548965073e+10 -2.406707081622864914e+10 -1.766509879696765137e+10 -1.225112677770665550e+10 -7.825154758445656776e+09 -4.387182739184657097e+09 -1.937210719923658848e+09 -4.752387006626600623e+08 -1.266681401661161100e+06 -5.152946621406622529e+08 -2.017322642879663229e+09 -4.507350623618663788e+09 -7.985378604357665062e+09 -1.245140658509666634e+10 -1.790543456583566666e+10
-9.653151966728085327e+10 -8.321451249370269775e+10 -7.088550532012452698e+10 -5.954449814654637146e+10 -4.919149097296821594e+10 -3.982648379939004517e+10 -3.144947662581187820e+10 -2.406046945223371506e+10 -1.765946227865554810e+10 -1.224645510507738686e+10 -7.821447931499222755e+09 -4.384440757921057701e+09 -1.935433584342893600e+09 -4.744264107647294998e+08 -1.419237186565025477e+06 -5.164120636084005237e+08 -2.019404890030235767e+09 -4.510397716452071190e+09 -7.989390542873906136e+09 -1.245638336929574394e+10 -1.791137619571757889e+10
-9.651826889027378845e+10 -8.320221968199197388e+10 -7.087417047371015930e+10 -5.953412126542834473e+10 -4.918207205714653015e+10 -3.981802284886472321e+10 -3.144197364058290863e+10 -2.405392443230109406e+10 -1.765387522401928329e+10 -1.224182601573747063e+10 -7.817776807455657959e+09 -4.381727599173846245e+09 -1.933678390892033100e+09 -4.736291826102206111e+08 -1.579974328407790046e+06 -5.175307660465949178e+08 -2.021481557764781952e+09 -4.513432349482968330e+09 -7.993383141201155663e+09 -1.246133393291934395e+10 -1.791728472463753128e+10
-9.650511753673461914e+10 -8.319001977172201538e+10 -7.086292200670941162e+10 -5.952382424169680786e+10 -4.917272647668421173e+10 -3.980962871167160797e+10 -3.143453094665900421e+10 -2.404743318164639664e+10 -1.764833541663379669e+10 -1.223723765162119484e+10 -7.814139886608592033e+09 -4.379042121595989227e+09 -1.931944356583386183e+09 -4.728465915707835555e+08 -1.748826558180813445e+06 -5.186510615455780029e+08 -2.023553296532974958e+09 -4.516455531520371437e+09 -7.997357766507768631e+09 -1.246626000149516869e+10 -1.792316223648256302e+10
-9.649206075669325256e+10 -8.317790825480987549e+10 -7.085175575292651367e+10 -5.951360325104315186e+10 -4.916345074915978241e+10 -3.980129824727641296e+10 -3.142714574539303970e+10 -2.404099324350967026e+10 -1.764284074162630081e+10 -1.223268823974293327e+10 -7.810535737859563828e+09 -4.376383235976194382e+09 -1.930230734092824936e+09 -4.720782322094554901e+08 -1.925730326086056652e+06 -5.197732284427165985e+08 -2.025620726559347153e+09 -4.519468224675976753e+09 -8.001315722792608261e+09 -1.247116322090923882e+10 -1.792901071902586746e+10
-9.647909392243823242e+10 -8.316588082973892212e+10 -7.084066773703964233e+10 -5.950345464434033203e+10 -4.915424155164102936e+10 -3.979302845894172668e+10 -3.141981536624242783e+10 -2.403460227354312515e+10 -1.763738918084382629e+10 -1.222817608814452934e+10 -7.806962995445226669e+09 -4.373749902745926857e+09 -1.928536810046626329e+09 -4.713237173473259807e+08 -2.110624648025609553e+06 -5.208975319487251639e+08 -2.027684439249424458e+09 -4.522471346550124168e+09 -8.005258253850823402e+09 -1.247604516115152359e+10 -1.793483206845222092e+10
