-4.813011025049665011e+06
-4.812058990449863486e+06
-4.811311875283576548e+06
-4.810736570747588761e+06
-4.810306103834235109e+06
-4.809998384605824016e+06
-4.809795227688573301e+06
-4.809681584756886587e+06
-4.809644940186823718e+06
-4.809674833039775491e+06
-4.809762477479023859e+06
-4.809900459903911687e+06
-4.810082496302849613e+06
-4.810303236935088411e+06
-4.810558108357281424e+06
-4.810843185156230815e+06
-4.811155085198420100e+06
-4.811490883804551326e+06
-4.811848043050734326e+06
-4.812224353297236376e+06
