-1.978231727738541126e+09 -1.402413207961537361e+09 -9.251210039740074873e+08 -5.463551157759511471e+08 -2.661155433673683107e+08 -8.440228674825927615e+07 -1.215345918624031357e+06 -1.655472087846235186e+07 -1.304204116277744472e+08 -3.428124181665601730e+08 -6.537307404948196411e+08 -1.063175378612552285e+09 -1.571146332519758701e+09 -2.177643602216440201e+09 -2.882667187702593803e+09 -3.686217088978222370e+09 -4.588293306043322563e+09 -5.588895838897897720e+09 -6.688024687541948318e+09 -7.885679851975468636e+09
-1.976052043821555138e+09 -1.400564117816236734e+09 -9.236025076003926992e+08 -5.451672131740221977e+08 -2.652582345371250212e+08 -8.387557168970179558e+07 -1.019224631752301008e+06 -1.668919336327638105e+07 -1.308854778842742145e+08 -3.436080781947456598e+08 -6.548569942946909666e+08 -1.064632226184109211e+09 -1.572933773863001823e+09 -2.179761637331368446e+09 -2.885115816589207649e+09 -3.688996311636522770e+09 -4.591403122473308563e+09 -5.592336249099568367e+09 -6.691795691515305519e+09 -7.889781449720513344e+09
-1.974019978281595230e+09 -1.398843443274505615e+09 -9.221932240568900108e+08 -5.440693206287481785e+08 -2.644717329900796115e+08 -8.340046114088492095e+07 -8.555050811639986932e+05 -1.683686481091664732e+07 -1.313445403301430643e+08 -3.443785316388431787e+08 -6.559388387370169163e+08 -1.066025461624663949e+09 -1.574638400301784754e+09 -2.181777654768380165e+09 -2.887443225024447918e+09 -3.691635111069992065e+09 -4.594353312905006409e+09 -5.595597830529495239e+09 -6.695368663943459511e+09 -7.893665813146895409e+09
-1.972092369907965660e+09 -1.397214783635128975e+09 -9.208635131517667770e+08 -5.430385584578778744e+08 -2.637399195534624159e+08 -8.296759643852090836e+07 -7.215891130530945957e+05 -1.700189757705887035e+07 -1.318085218305384219e+08 -3.451414618734915257e+08 -6.570007177059185505e+08 -1.067386289327818632e+09 -1.576298176739192486e+09 -2.183736379940041542e+09 -2.889700898930362701e+09 -3.694191733710159302e+09 -4.597208884279427528e+09 -5.598752350638168335e+09 -6.698822132786386490e+09 -7.897418230724076271e+09
-1.970244222266860247e+09 -1.395657053859850407e+09 -9.195962012423150539e+08 -5.420616644142529964e+08 -2.630534433756643832e+08 -8.257153812654961646e+07 -6.159486669086152688e+05 -1.718667499674119428e+07 -1.322837171160475314e+08 -3.459070750248275995e+08 -6.580567487230813503e+08 -1.068732738210808277e+09 -1.577935043488008976e+09 -2.185663664554684639e+09 -2.891918601410832405e+09 -3.696699854056455612e+09 -4.600007422491550446e+09 -5.601841306716118813e+09 -6.702201506730163574e+09 -7.901088022533679008e+09
-1.968460201825750351e+09 -1.394157315778012276e+09 -9.183807455197484493e+08 -5.411304910509579182e+08 -2.624065523716410398e+08 -8.220892948179796338e+07 -5.376223814286291599e+05 -1.739263107053287327e+07 -1.327739555491108894e+08 -3.466815958171625137e+08 -6.591155518746880293e+08 -1.070075823721686363e+09 -1.579562411358159065e+09 -2.187575314784106255e+09 -2.894114533999525070e+09 -3.699180069004420757e+09 -4.602771919798787117e+09 -5.604890086382626534e+09 -6.705534568755943298e+09 -7.904705366918730736e+09
-1.966730417852460146e+09 -1.392707219935700655e+09 -9.172103378084154129e+08 -5.402397714706037045e+08 -2.617955209222652316e+08 -8.187758616340065002e+07 -4.859671940098628402e+05 -1.762066401409264654e+07 -1.332816766236492097e+08 -3.474690050226794481e+08 -6.601826492111833096e+08 -1.071422609189160347e+09 -1.581188884956611395e+09 -2.189481476513537407e+09 -2.896300383859934807e+09 -3.701645606995808601e+09 -4.605517145921154022e+09 -5.607915000635972023e+09 -6.708839171140267372e+09 -7.908289657434033394e+09
-1.965048211094474316e+09 -1.391301141219008684e+09 -9.160803871330171824e+08 -5.393859488364992142e+08 -2.612178263294545710e+08 -8.157601961188384891e+07 -4.605286837868615985e+05 -1.787135354516346380e+07 -1.338084941960138381e+08 -3.482719506363378763e+08 -6.612617228661357164e+08 -1.072777810885406494e+09 -1.582820214694151402e+09 -2.191388934292370796e+09 -2.898483969680062294e+09 -3.704105320857230186e+09 -4.608252987823868752e+09 -5.610926970579981804e+09 -6.712127269125570297e+09 -7.911853883460629463e+09
-1.963408932056817532e+09 -1.389935148844595909e+09 -9.149876814218488932e+08 -5.385665297885751724e+08 -2.606716939447750151e+08 -8.130317389044865966e+07 -4.609696255960613489e+05 -1.814508115021703392e+07 -1.343555084643117487e+08 -3.490922515678801537e+08 -6.623553104609222412e+08 -1.074144685143437624e+09 -1.584460375615426540e+09 -2.193302381876890182e+09 -2.900670703927826881e+09 -3.706565341768239021e+09 -4.610986295398121834e+09 -5.613933564817479134e+09 -6.715407150026312828e+09 -7.915407051024615288e+09
-1.961809232023632526e+09 -1.388606408647421837e+09 -9.139299010606853962e+08 -5.377797092634224892e+08 -2.601558332556329668e+08 -8.105827303731730580e+07 -4.870286084753861651e+05 -1.844209996910705045e+07 -1.349234871192124784e+08 -3.499311900587915182e+08 -6.634652087878444195e+08 -1.075525543306370258e+09 -1.586112193614370346e+09 -2.195225159711844444e+09 -2.902864441598791599e+09 -3.709030039275214195e+09 -4.613721952741108894e+09 -5.616940181996476173e+09 -6.718684727041319847e+09 -7.918955587875634193e+09
-1.960246633224924088e+09 -1.387312820711499214e+09 -9.129053239875481129e+08 -5.370241430530705452e+08 -2.596692779080665410e+08 -8.084072855253633857e+07 -5.384949864798830822e+05 -1.876257720989701152e+07 -1.355129752227878869e+08 -3.507896890251524448e+08 -6.645927186169908047e+08 -1.076922063998302221e+09 -1.587777725169087410e+09 -2.197159702129347801e+09 -2.905067994879079819e+09 -3.711502603418287754e+09 -4.616463527746967316e+09 -5.619950767865119934e+09 -6.721964323772749901e+09 -7.922504195469849586e+09
-1.958719258164346695e+09 -1.386052791184386969e+09 -9.119126399939014912e+08 -5.362988045928893089e+08 -2.592112849813507497e+08 -8.065008115928596258e+07 -6.151931266949214041e+05 -1.910662088357745856e+07 -1.361243644299337566e+08 -3.516684237657637596e+08 -6.657387988910675049e+08 -1.078335489805844307e+09 -1.589458496510095119e+09 -2.199107819003820419e+09 -2.907283457287017822e+09 -3.713985411359691620e+09 -4.619213681221836090e+09 -5.622968266873454094e+09 -6.725249168314549446e+09 -7.926056385545115471e+09
-1.957225653540935278e+09 -1.384825083839598656e+09 -9.109508299277362823e+08 -5.356028918053474426e+08 -2.587812694724319875e+08 -8.048596292899039388e+07 -7.169721750225620344e+05 -1.947429721052831039e+07 -1.367579380355077982e+08 -3.525678946499609947e+08 -6.669041670538878441e+08 -1.079766755247288227e+09 -1.591155659230161905e+09 -2.201070879002510548e+09 -2.909512414564331532e+09 -3.716480265915628433e+09 -4.621974433056395531e+09 -5.625994915986637115e+09 -6.728541714706355095e+09 -7.929614829215544701e+09
-1.955764672466370583e+09 -1.383628720784581423e+09 -9.100190848922662735e+08 -5.349357647894247770e+08 -2.583787604760566652e+08 -8.034807195216241479e+07 -8.436992177419047803e+05 -1.986564227279498428e+07 -1.374139011173218191e+08 -3.534884757513222694e+08 -6.680893661747965813e+08 -1.081216572387743950e+09 -1.592870094390165329e+09 -2.203049932182061195e+09 -2.911756085763429165e+09 -3.718988555134273529e+09 -4.624747340294589043e+09 -5.629032441244377136e+09 -6.731843857983643532e+09 -7.933181590512379646e+09
-1.954335393747663021e+09 -1.382462914415904522e+09 -9.091167508736200333e+08 -5.342969031208090782e+08 -2.580033711574715674e+08 -8.023615498360785842e+07 -9.952545992179289460e+05 -2.028067000430158526e+07 -1.380924011988589764e+08 -3.544304481828900576e+08 -6.692948109563949108e+08 -1.082685489519372940e+09 -1.594602483871824741e+09 -2.205045794013751030e+09 -2.914015419945149899e+09 -3.721511361666025162e+09 -4.627533619176370621e+09 -5.632082192476189613e+09 -6.735157081565485954e+09 -7.936758286444252968e+09
-1.952937065380379915e+09 -1.381327019784312248e+09 -9.082432899777183533e+08 -5.336858759605982304e+08 -2.576547777329517603e+08 -8.014999529477894306e+07 -1.171528646079899743e+06 -2.071937778685444593e+07 -1.387935427171027362e+08 -3.553940234368246794e+08 -6.705208199460204840e+08 -1.084173932244689465e+09 -1.596353360332831860e+09 -2.207059104210449219e+09 -2.916291163877539158e+09 -3.724049539334105015e+09 -4.630334230580142021e+09 -5.635145237615651131e+09 -6.738482560440638542e+09 -7.940346199055096626e+09
-1.951569064226641417e+09 -1.380220500603601933e+09 -9.073982527700359821e+08 -5.331023207259438038e+08 -2.573327044713252187e+08 -8.008940400618031621e+07 -1.372419330509214662e+06 -2.118175044431170076e+07 -1.395173973475879133e+08 -3.563793600403378010e+08 -6.717676385225615501e+08 -1.085682232794258356e+09 -1.598123142855428934e+09 -2.209090368706074238e+09 -2.918583910346191883e+09 -3.726603767775785446e+09 -4.633149940994850159e+09 -5.638222430003388405e+09 -6.741821234801403999e+09 -7.943946355388889313e+09
-1.950230866740003824e+09 -1.379142904571961641e+09 -9.065812581933934689e+08 -5.325459276042988300e+08 -2.570369128046777546e+08 -8.005421379453039169e+07 -1.597830573856811970e+06 -2.166776314265681803e+07 -1.402640115009305775e+08 -3.573865756486779451e+08 -6.730354555858992338e+08 -1.087210651312593460e+09 -1.599912162828761578e+09 -2.211139990134404659e+09 -2.920894133229519844e+09 -3.729174592114110947e+09 -4.635981366788173676e+09 -5.641314457251708984e+09 -6.745173863504721642e+09 -7.947559585547204018e+09
-1.948922027368154287e+09 -1.378093845165605307e+09 -9.057919787525304556e+08 -5.320164281289291382e+08 -2.567671932948012054e+08 -8.004427425014716387e+07 -1.847670994966857135e+06 -2.217738352926014364e+07 -1.410334118530271947e+08 -3.584157559662678242e+08 -6.743244158689823151e+08 -1.088759391561170101e+09 -1.601720683042831182e+09 -2.213208290313967705e+09 -2.923222213374576092e+09 -3.731762452224659920e+09 -4.638829006864214897e+09 -5.644421877293245316e+09 -6.748541063511750221e+09 -7.951186565519726753e+09
-1.947642162384314537e+09 -1.377072988008711576e+09 -9.050301294225828648e+08 -5.315135866259275675e+08 -2.565233596187457740e+08 -8.005944840103772283e+07 -2.121852972803466022e+06 -2.271057333404279500e+07 -1.418256094847559035e+08 -3.594669614249426126e+08 -6.756346291546031237e+08 -1.090328612673736811e+09 -1.603548911982344151e+09 -2.215295527080426216e+09 -2.925568457967981339e+09 -3.734367704645011425e+09 -4.641693267111512184e+09 -5.647545145367487907e+09 -6.751923339412940025e+09 -7.954827849247860909e+09
