-9.555357379789260864e+10 -8.230725079478045654e+10 -7.004892779166830444e+10 -5.877860478855615997e+10 -4.849628178544400787e+10 -3.920195878233185577e+10 -3.089563577921969986e+10 -2.357731277610754776e+10 -1.724698977299539185e+10 -1.190466676988323975e+10 -7.550343766771087646e+09 -4.184020763658934593e+09 -1.805697760546781540e+09 -4.153747574346286058e+08 -1.305175432247547992e+07 -5.987287512103223801e+08 -2.172405748098169327e+09 -4.734082744986015320e+09 -8.283759741873863220e+09 -1.282143673876170921e+10 -1.834711373564955521e+10
-9.525700160830871582e+10 -8.203236662115065002e+10 -6.979573163399258423e+10 -5.854709664683450317e+10 -4.828646165967642975e+10 -3.901382667251834869e+10 -3.072919168536026764e+10 -2.343255669820219040e+10 -1.712392171104411316e+10 -1.180328672388603401e+10 -7.470651736727956772e+09 -4.126016749569878578e+09 -1.769381762411800385e+09 -4.007467752537224293e+08 -2.011178809564438835e+07 -6.274768009375663996e+08 -2.222841813779487610e+09 -4.806206826621410370e+09 -8.377571839463332176e+09 -1.293693685230525208e+10 -1.848430186514717484e+10
-9.496238666999597168e+10 -8.175940787834796143e+10 -6.954442908669995117e+10 -5.831745029505195618e+10 -4.807847150340395355e+10 -3.882749271175594330e+10 -3.056451392010793304e+10 -2.328953512845992661e+10 -1.700255633681192017e+10 -1.170357754516391182e+10 -7.392598753515905380e+09 -4.069619961867897511e+09 -1.734641170219890833e+09 -3.876623785718837976e+08 -2.868358692387659475e+07 -6.577047952758693695e+08 -2.274726003627861977e+09 -4.879747211979854584e+09 -8.472768420331847191e+09 -1.305378962868383789e+10 -1.862281083703583527e+10
-9.466972594875199890e+10 -8.148837143727368164e+10 -6.929501692579533386e+10 -5.808966241431700897e+10 -4.787230790283866882e+10 -3.864295339136033630e+10 -3.040159887988199234e+10 -2.314824436840365982e+10 -1.688288985692532349e+10 -1.160553534544698715e+10 -7.316180833968653679e+09 -4.014826322490318298e+09 -1.701471811011982679e+09 -3.761172995336471200e+08 -3.876278805531142652e+07 -6.894082765769757032e+08 -2.328053765098639488e+09 -4.954699253620304108e+09 -8.569344742141967773e+09 -1.317199023066363144e+10 -1.876263571918529892e+10
-9.437901637838967896e+10 -8.121925413534716797e+10 -6.904749189230464172e+10 -5.786372964926213837e+10 -4.766796740621961212e+10 -3.846020516317710114e+10 -3.024044292013457489e+10 -2.300868067709206009e+10 -1.676491843404954147e+10 -1.150915619100702286e+10 -7.241393947964505196e+09 -3.961631704921987534e+09 -1.669869461879469395e+09 -3.661072188369517326e+08 -5.034497579443363100e+07 -7.225827327519155741e+08 -2.382820489709397316e+09 -5.031058246666878700e+09 -8.667296003624361038e+09 -1.329153376058184242e+10 -1.890377151753932571e+10
-9.409025485933837891e+10 -8.095205277521899414e+10 -6.880185069109956360e+10 -5.763964860698016357e+10 -4.746544652286074829e+10 -3.827924443874134064e+10 -3.008104235462192154e+10 -2.287084027050251007e+10 -1.664863818638309669e+10 -1.141443610226368713e+10 -7.168234018144275665e+09 -3.910031934024863720e+09 -1.639829849905452490e+09 -3.576277657860406637e+08 -6.342568166662897915e+07 -7.572235975472173691e+08 -2.439021513427805424e+09 -5.108819429308393478e+09 -8.766617345188980103e+09 -1.341241526106956863e+10 -1.904621317695015717e+10
-9.380343825732119751e+10 -8.068676412355584717e+10 -6.855808998979049683e+10 -5.741741585602513885e+10 -4.726474172225978851e+10 -3.810006758849442291e+10 -2.992339345472906876e+10 -2.273471932096371078e+10 -1.653404518719835281e+10 -1.132137105343299866e+10 -7.096696919667640686e+09 -3.860022785902283669e+09 -1.611348652136927605e+09 -3.506745183715711236e+08 -7.800038460621440411e+07 -7.933262508408577442e+08 -2.496652117075500488e+09 -5.187977983310143471e+09 -8.867303849544788361e+09 -1.353462971577943039e+10 -1.918995558201407242e+10
-9.351856340209585571e+10 -8.042338490988667297e+10 -6.831620641767749023e+10 -5.719702792546829987e+10 -4.706584943325910950e+10 -3.792267094104991913e+10 -2.976749244884073257e+10 -2.260031395663154221e+10 -1.642113546442235184e+10 -1.122995697221316338e+10 -7.026778480003973007e+09 -3.811599987794784546e+09 -1.584421495585595369e+09 -3.452430033764061928e+08 -9.406451116721686721e+07 -8.308860189580274820e+08 -2.555707526748837948e+09 -5.268529034539648056e+09 -8.969350542330459595e+09 -1.365817205012126923e+10 -1.933499355791207886e+10
-9.323562708628250122e+10 -8.016191182553060913e+10 -6.807619656477871704e+10 -5.697848130402681732e+10 -4.686876604327491760e+10 -3.774705078252301788e+10 -2.961333552177111816e+10 -2.246762026101922226e+10 -1.630990500026732254e+10 -1.114018973951542473e+10 -6.958474478763525963e+09 -3.764759218011627197e+09 -1.559043957259729385e+09 -3.413286965078310966e+08 -1.116134357559327483e+08 -8.698981750040344000e+08 -2.616182914252135754e+09 -5.350467653500237465e+09 -9.072752392748338699e+09 -1.378303713199644089e+10 -1.948132187124454117e+10
-9.295462606423687744e+10 -7.990234152256887817e+10 -6.783805698090091705e+10 -5.676177243923293304e+10 -4.667348789756494904e+10 -3.757320335589696503e+10 -2.946091881422897720e+10 -2.233663427256098938e+10 -1.620034973089300346e+10 -1.105206518922501755e+10 -6.891780647557031631e+09 -3.719496105889044762e+09 -1.535211564221059084e+09 -3.389270225530730486e+08 -1.306424808850868642e+08 -9.103579392171007395e+08 -2.678073397549114227e+09 -5.433788855881127357e+09 -9.177504314213142395e+09 -1.390921977254515457e+10 -1.962893523087716675e+10
-9.267555705101202393e+10 -7.964467061290031433e+10 -6.760178417478863525e+10 -5.654689773667694092e+10 -4.648001129856525421e+10 -3.740112486045355225e+10 -2.931023842234185028e+10 -2.220735198423015213e+10 -1.609246554611845970e+10 -1.096557910800676346e+10 -6.826692669895067215e+09 -3.675806231783371449e+09 -1.512919793671675682e+09 -3.380333555599800944e+08 -1.511469174482841790e+08 -9.522604793365882635e+08 -2.741374041224891663e+09 -5.518487603113195419e+09 -9.283601165001499176e+09 -1.403671472688980484e+10 -1.977782828877810669e+10
-9.239841672136650085e+10 -7.938889566734136963e+10 -6.736737461331623077e+10 -5.633385355929109955e+10 -4.628833250526596069e+10 -3.723081145124082184e+10 -2.916129039721567917e+10 -2.207976934319054413e+10 -1.598624828916540527e+10 -1.088072723514026642e+10 -6.763206181115131378e+09 -3.633685127089993477e+09 -1.492164073064856052e+09 -3.386430190397185087e+08 -1.731219650145807564e+08 -9.956009109894430637e+08 -2.806079856964304924e+09 -5.604558802939167023e+09 -9.391037748914030075e+09 -1.416551669488888931e+10 -1.992799564086375046e+10
-9.212320170884371948e+10 -7.913501321479360962e+10 -6.713482472074352264e+10 -5.612263622669341278e+10 -4.609844773264332581e+10 -3.706225923859322357e+10 -2.901407074454312515e+10 -2.195388225049302292e+10 -1.588169375644292450e+10 -1.079750526239282227e+10 -6.701316768342723846e+09 -3.593128274292624950e+09 -1.472939780242526293e+09 -3.407512861924270391e+08 -1.965627921423276365e+08 -1.040374298092228293e+09 -2.872185804042128563e+09 -5.691997309992029190e+09 -9.499808815941930771e+09 -1.429562032189183044e+10 -2.007943182784173203e+10
-9.184990860490635681e+10 -7.888301974146389771e+10 -6.690413087802143097e+10 -5.591324201457896423e+10 -4.591035315113650513e+10 -3.689546428769403839e+10 -2.886857542425156403e+10 -2.182968656080909348e+10 -1.577879769736663055e+10 -1.071590883392416382e+10 -6.641019970481697083e+09 -3.554131107039230824e+09 -1.455242243596764565e+09 -3.443533801542981267e+08 -2.214645167118315399e+08 -1.086575653269364834e+09 -2.939686789826898575e+09 -5.780797926384431839e+09 -9.609909062941963196e+09 -1.442702019949949646e+10 -2.023213133605702972e+10
-9.157853395812965393e+10 -7.863291169014010620e+10 -6.667528942215055084e+10 -5.570566715416098785e+10 -4.572404488617144012e+10 -3.673042261818187714e+10 -2.872480035019231796e+10 -2.170717808220275879e+10 -1.567755581421320343e+10 -1.063593354622364426e+10 -6.582311278234088898e+09 -3.516689010244531631e+09 -1.439066742254974604e+09 -3.494444742654175758e+08 -2.478222062758603394e+08 -1.134199938286303043e+09 -3.008577670296745777e+09 -5.870955402307188034e+09 -9.721333134317630768e+09 -1.455971086632807159e+10 -2.038608859833851624e+10
-9.130907427345272827e+10 -7.838468545952239990e+10 -6.644829664559205627e+10 -5.549990783166172028e+10 -4.553951901773137665e+10 -3.656713020380103302e+10 -2.858274138987069321e+10 -2.158635257594034958e+10 -1.557796376201001167e+10 -1.055757494807967186e+10 -6.525186134149332047e+09 -3.480797320218990803e+09 -1.424408506288650513e+09 -3.560196923583100438e+08 -2.756308784279695749e+08 -1.183242064497628927e+09 -3.078853250567288399e+09 -5.962464436636947632e+09 -9.834075622706607819e+09 -1.469368680877626419e+10 -2.054129799484592819e+10
-9.104152601147463989e+10 -7.813833740359701538e+10 -6.622314879571939087e+10 -5.529596018784176636e+10 -4.535677157996414185e+10 -3.640558297208650970e+10 -2.844239436420887375e+10 -2.146720575633124542e+10 -1.548001714845361710e+10 -1.048082854057598877e+10 -6.469639932698358536e+09 -3.446451324820728779e+09 -1.411262716943099976e+09 -3.640741090654708147e+08 -3.048855011878414750e+08 -1.233696893310212135e+09 -3.150508285432582378e+09 -6.055319677554952621e+09 -9.948131069677322388e+09 -1.482894246179969406e+10 -2.069775385392206192e+10
-9.077588558781713867e+10 -7.789386383107324219e+10 -6.599984207432938385e+10 -5.509382031758550262e+10 -4.517579856084162140e+10 -3.624577680409774017e+10 -2.830375504735385513e+10 -2.134973329060997391e+10 -1.538371153386609268e+10 -1.040568977712221146e+10 -6.415668020378328323e+09 -3.413646263634446144e+09 -1.399624506890563965e+09 -3.736027501466818452e+08 -3.355809934027996659e+08 -1.285559236658917427e+09 -3.223537479915035248e+09 -6.149515723171152115e+09 -1.006349396642726898e+10 -1.496547220968338776e+10 -2.085545045293950272e+10
-9.051214937252511597e+10 -7.765126100485656738e+10 -6.577837263718802643e+10 -5.489348426951947784e+10 -4.499659590185092926e+10 -3.608770753418237305e+10 -2.816681916651381683e+10 -2.123393079884526443e+10 -1.528904243117671204e+10 -1.033215406350815964e+10 -6.363265695839609146e+09 -3.382377328171057224e+09 -1.389488960502505302e+09 -3.846005928339534998e+08 -3.677122251654015779e+08 -1.338823857496849537e+09 -3.297935489828297138e+09 -6.245047122159745216e+09 -1.018015875449119186e+10 -1.510327038682263947e+10 -2.101438201915409088e+10
-9.025031368952236938e+10 -7.741052514157409668e+10 -6.555873659362583923e+10 -5.469494804567757416e+10 -4.481915949772930145e+10 -3.593137094978103638e+10 -2.803158240183275986e+10 -2.111979385388449478e+10 -1.519600530593622589e+10 -1.026021675798795700e+10 -6.312428210039688110e+09 -3.352639662091419697e+09 -1.380851114143151522e+09 -3.970625661948829889e+08 -4.012740182466144562e+08 -1.393485470298345566e+09 -3.373696922350076675e+09 -6.341908374401808739e+09 -1.029811982645354080e+10 -1.524233127850527000e+10 -2.117454273055700302e+10
-8.999037481611093140e+10 -7.717165241114183044e+10 -6.534093000617276764e+10 -5.449820760120368195e+10 -4.464348519623458862e+10 -3.577676279126549530e+10 -2.789804038629641342e+10 -2.100731798132732391e+10 -1.510459557635823822e+10 -1.018987317138915062e+10 -6.263150766420063019e+09 -3.324428361450975895e+09 -1.373705956481888533e+09 -4.109835515128013492e+08 -4.362611465437139273e+08 -1.449538741574626446e+09 -3.450816336605538845e+09 -6.440093931636451721e+09 -1.041737152666736412e+10 -1.538264912169827843e+10 -2.133592671672919083e+10
