-5.977923466503551483e+10 -3.806545588150880432e+10 -2.123068944366111755e+10 -9.274935351492435455e+09 -2.198193605002762794e+09 -4.642041921044476330e+05 -2.681747149060454369e+09 -1.024204243960782051e+10 -2.268135007583420181e+10 -3.999967005773960114e+10
-5.975536960858794403e+10 -3.804638887237956238e+10 -2.121642048185020447e+10 -9.265464436999856949e+09 -2.193520737828513622e+09 -5.893843361852690578e+05 -2.686670376522865295e+09 -1.025176371438855934e+10 -2.269586939793327332e+10 -4.001898742715699005e+10
-5.973361753770520782e+10 -3.802903112541973114e+10 -2.120345705881326294e+10 -9.256895337885803223e+09 -2.189345962637352943e+09 -8.089330679161148146e+05 -2.691284249177488327e+09 -1.026077191096607399e+10 -2.270927191843368149e+10 -4.003678427158029938e+10
-5.971291757849887848e+10 -3.801253575951941681e+10 -2.119116628621897125e+10 -9.248809158597536087e+09 -2.185464376655112267e+09 -1.131940391700277105e+06 -2.695811849807297230e+09 -1.026950410490190697e+10 -2.272220870567553711e+10 -4.005392565212818146e+10
-5.969286115839279938e+10 -3.799657653567827606e+10 -2.117930425864276505e+10 -9.241044327286264420e+09 -2.181796741608769417e+09 -1.561501610289627686e+06 -2.700338607290818214e+09 -1.027812805865036201e+10 -2.273492985568892288e+10 -4.007074399840650177e+10
-5.967325933537887573e+10 -3.798100251357714081e+10 -2.116775803745443726e+10 -9.233525907010736465e+09 -2.178306122246046066e+09 -2.098683160368597135e+06 -2.704903589753699780e+09 -1.028672084202604485e+10 -2.274755043997740936e+10 -4.008739238360778046e+10
-5.965401283827109528e+10 -3.796573432376094818e+10 -2.115646815492982483e+10 -9.226214331777708054e+09 -2.174972854304597855e+09 -2.743722510502271354e+06 -2.709526936395415306e+09 -1.029532249595934105e+10 -2.276013040120228577e+10 -4.010395065212424469e+10
-5.963506438007734680e+10 -3.795072610675831604e+10 -2.114540017911830902e+10 -9.219086597157308578e+09 -2.171785360875317097e+09 -3.496470272339638323e+06 -2.714219925348370552e+09 -1.030395572610341644e+10 -2.277270387253747940e+10 -4.012046436465055084e+10
-5.961637840485965729e+10 -3.793594934823303223e+10 -2.113453263728543091e+10 -9.212128272016828537e+09 -2.168736252427237511e+09 -4.356578516660533845e+06 -2.718989250285091877e+09 -1.031263426773253822e+10 -2.278529163085900116e+10 -4.013696133966448212e+10
-5.959793151852904510e+10 -3.792138524144280243e+10 -2.112385131003557968e+10 -9.205329724307371140e+09 -2.165820484258166313e+09 -5.323589887976506725e+06 -2.723839041196795464e+09 -1.032136683818462753e+10 -2.279790698085147858e+10 -4.015345946919734955e+10
