-1.263297500526138153e+11 -9.373020287830773926e+10 -6.600966804968071747e+10 -4.316814556673269653e+10 -2.520563542946366882e+10 -1.212213763787366104e+10 -3.917652191962672234e+09 -5.921790917306864262e+08 -2.145718337177715302e+09 -8.578269928303760529e+09
-1.236919958545645599e+11 -9.144886308179643250e+10 -6.408474265470733643e+10 -4.159963457329724121e+10 -2.399353883756614304e+10 -1.126645544751406860e+10 -3.418384403141010761e+09 -4.493257044469559193e+08 -2.359279351431916237e+09 -9.148245344095890045e+09
-1.210965480277651978e+11 -8.920868743751939392e+10 -6.219983919295260620e+10 -4.007000329406483459e+10 -2.281917974085605621e+10 -1.044736853332630157e+10 -2.954569671475562096e+09 -3.407831553038271666e+08 -2.606008984811106682e+09 -9.750247159997400284e+09
-1.185431535671553040e+11 -8.700941480798089600e+10 -6.035468839448551178e+10 -3.857897432666914368e+10 -2.168227260453176880e+10 -9.664583228073413849e+09 -2.525906197294075966e+09 -2.662415121937415004e+08 -2.885589172772421837e+09 -1.038394917903011703e+10
-1.160315560317990112e+11 -8.485078079657696533e+10 -5.854901790703398895e+10 -3.712626736316999817e+10 -2.058252916498501587e+10 -8.917803312479043961e+09 -2.132089805652094841e+09 -2.253886445041476488e+08 -3.197699829035215378e+09 -1.104902335924529839e+10
-1.135614956467164459e+11 -8.273251785018780518e+10 -5.678255239933818817e+10 -3.571159929416758728e+10 -1.951965853467598724e+10 -8.206730120863396645e+09 -1.772814052729829073e+09 -2.179103302752652168e+08 -3.542018953499715805e+09 -1.174513992240318108e+10
-1.111327094049425964e+11 -8.065435536194784546e+10 -5.505501366463216400e+10 -3.433468431299547577e+10 -1.849336730703778839e+10 -7.531062646759119034e+09 -1.447770332159466982e+09 -2.434903632388191223e+08 -3.918222739997185707e+09 -1.247196746243456841e+10
-1.087449311697593079e+11 -7.861601977414082336e+10 -5.336612072420137787e+10 -3.299523401994094086e+10 -1.750335966135950851e+10 -6.890497648457090378e+09 -1.156647981233691692e+09 -3.018106596892973781e+08 -4.325985683823917389e+09 -1.322917305363755417e+10
-1.063978917770421143e+11 -7.661723468116206360e+10 -5.171558993096102905e+10 -3.169295752643900299e+10 -1.654933746759597778e+10 -6.284729754431968689e+09 -8.991343869469767809e+08 -3.925513651409904361e+08 -4.764980689014019012e+09 -1.401642235856606293e+10
-1.040913191376894531e+11 -7.465772093251441956e+10 -5.010313507301843262e+10 -3.042756155920143890e+10 -1.563100039106344986e+10 -5.713451568604476929e+09 -6.749150918245213032e+08 -5.153909607235715389e+08 -5.234879175301636696e+09 -1.483337973555871582e+10
-1.018249383400617676e+11 -7.273719673576907349e+10 -4.852846747715541077e+10 -2.919875056422075653e+10 -1.474804599696510315e+10 -5.176353775388464928e+09 -4.836738994908440113e+08 -6.700063692722288370e+08 -5.735351184732628822e+09 -1.567970834587204361e+10
-9.959847175240388489e+10 -7.085537775946156311e+10 -4.699129611219828796e+10 -2.800622681061400604e+10 -1.390016985470873260e+10 -4.673125244482469559e+09 -3.250929799352263808e+08 -8.560730610669887066e+08 -6.266065487877765656e+09 -1.655507026036755753e+10
-9.741163912519354248e+10 -6.901197723586862183e+10 -4.549132769222272491e+10 -2.684969049425584030e+10 -1.308706564196796036e+10 -4.203453135359092712e+09 -1.988529744292427897e+08 -1.073265159178399801e+09 -6.826689689606571198e+09 -1.745912656571375656e+10
-9.526415769336367798e+10 -6.720670606361442566e+10 -4.402826677954419708e+10 -2.572883984115297699e+10 -1.230842524844075394e+10 -3.767023001407546520e+09 -1.046331000533558279e+08 -1.321255544378172159e+09 -7.416890334382003784e+09 -1.839153747006484985e+10
-9.315574227836502075e+10 -6.543927291007196808e+10 -4.260181588745794678e+10 -2.464337121052291870e+10 -1.156393887926689911e+10 -3.363518893689892292e+09 -4.211125379190227389e+07 -1.599715959572920322e+09 -8.036333011032953262e+09 -1.935196240817199707e+10
-9.108610539001869202e+10 -6.370938431351061249e+10 -4.121167558268155670e+10 -2.359297919753150940e+10 -1.085329515806046486e+10 -2.992623464268434048e+09 -1.096411615541829914e+07 -1.908317113721410751e+09 -8.684682456966419220e+09 -2.034006014589044189e+10
-8.905495732811225891e+10 -6.201674478494451904e+10 -3.985754458745580292e+10 -2.257735673564609146e+10 -1.017618122951538467e+10 -2.654018069063692093e+09 -1.086725429101546109e+07 -2.246728785197346687e+09 -9.361602661782693863e+09 -2.135548888404705429e+10
-8.706200628370043945e+10 -6.036105690964326477e+10 -3.853911988126512146e+10 -2.159619519856600189e+10 -9.532282861545879364e+09 -2.347382870204769611e+09 -4.149522454267627001e+07 -2.614619924559591293e+09 -1.006675697025551987e+10 -2.239790636163046646e+10
-8.510695844007048035e+10 -5.874202144826529694e+10 -3.725609680213916016e+10 -2.064918450169203949e+10 -8.921284546923915863e+09 -2.072396937834805012e+09 -1.025216744247096032e+08 -3.011658756693623543e+09 -1.079980818464155197e+10 -2.346696995826850128e+10
-8.318951807332336426e+10 -5.715933743756733704e+10 -3.600816914749032593e+10 -1.973601320309231567e+10 -8.342869604373316765e+09 -1.828738351333330631e+09 -1.936194439723584056e+08 -3.437512882290396214e+09 -1.156041866628744698e+10 -2.456233679596351624e+10
-8.130938765254598999e+10 -5.561270229066328430e+10 -3.479502927445960999e+10 -1.885636860393495941e+10 -7.796720279089305878e+09 -1.616084299922664642e+09 -3.144606664350377321e+08 -3.891849378626420498e+09 -1.234825043649681854e+10 -2.568366384004623032e+10
