-1.435121934658800840e+09 -9.553459255766667128e+08 -5.740962322840064764e+08 -2.913728547808200717e+08 -1.071757930671071261e+08 -2.150504714286792278e+07 -3.436061700810238719e+07 -1.457425026628105938e+08 -3.556507041069924831e+08 -6.640852213406478167e+08 -1.071046054363777518e+09 -1.576533203176379681e+09 -2.180546667778456211e+09 -2.883086448170006752e+09 -3.684152544351030350e+09 -4.583744956321530342e+09 -5.581863684081499100e+09 -6.678508727630944252e+09 -7.873680086969863892e+09 -9.167377762098255157e+09
-1.560288507044107914e+09 -1.056411837454133987e+09 -6.510614836536341906e+08 -3.442374456426078677e+08 -1.359397234210551679e+08 -2.616831698897623643e+07 -1.492322634637097269e+07 -1.022044514932393879e+08 -2.880119924295815825e+08 -5.723458491553970575e+08 -9.552060216706868410e+08 -1.436592509975449562e+09 -2.016505314069685936e+09 -2.694944433953397751e+09 -3.471909869626581192e+09 -4.347401621089240074e+09 -5.321419688341370583e+09 -6.393964071382975578e+09 -7.565034770214056015e+09 -8.834631784834604263e+09
-1.693280289847939491e+09 -1.165331555557517529e+09 -7.359091370565699339e+08 -4.050130343450956941e+08 -1.726432474230950773e+08 -3.879977629056817293e+07 -3.482620947515026666e+06 -6.669178139393551648e+07 -2.284272576298297346e+08 -4.886890496551974416e+08 -8.474771574700392485e+08 -1.304791581074354172e+09 -1.860632320468142748e+09 -2.514999375651406288e+09 -3.267892746624141693e+09 -4.119312433386353493e+09 -5.069258435938035965e+09 -6.117730754279192924e+09 -7.264729388409825325e+09 -8.510254338329928398e+09
-1.834043271037892580e+09 -1.282054932886167526e+09 -8.285929105239161253e+08 -4.736572039511386156e+08 -2.172478131678346097e+08 -5.936473817400433123e+07 -7.978969647808698937e+03 -3.917753555476490408e+07 -1.768734079293557405e+08 -4.130955960934200883e+08 -7.478441000469585657e+08 -1.181118919789969921e+09 -1.712920055322455406e+09 -2.343247506644415379e+09 -3.072101273755847454e+09 -3.899481356656755447e+09 -4.825387755347135544e+09 -5.849820469826987267e+09 -6.972779500096316338e+09 -8.194264846155117035e+09
-1.982529248804705620e+09 -1.406536102705253601e+09 -9.290692723952752352e+08 -5.501287578747707605e+08 -2.697145591437396407e+08 -8.782667620218230784e+07 -4.465109050098794512e+06 -1.962985768748886138e+07 -1.333209221143526882e+08 -3.455383023306901455e+08 -6.562819983365014791e+08 -1.065552010131785870e+09 -1.573348337716544151e+09 -2.179670981090777397e+09 -2.884519940254482269e+09 -3.687895215207663536e+09 -4.589796805950315475e+09 -5.590224712482441902e+09 -6.689178934804043770e+09 -7.886659472915117264e+09
-2.138693166067840338e+09 -1.538731508413855076e+09 -1.037296166549344063e+09 -6.343871404743067026e+08 -3.300044301887426972e+08 -1.241480356926524788e+08 -1.681795698603606224e+07 -8.014194068893202581e+06 -9.773674694122408330e+07 -2.859856156030287147e+08 -5.727608000543069839e+08 -9.580623002950584888e+08 -1.441890116325284004e+09 -2.024244248144983768e+09 -2.705124695754156113e+09 -3.484531459152804375e+09 -4.362464538340924263e+09 -5.338923933318516731e+09 -6.413909644085585594e+09 -7.587421670642126083e+09
-2.302491696195928097e+09 -1.678598849036182642e+09 -1.153232317665910959e+09 -7.263921020851131678e+08 -3.980782022937885523e+08 -1.682906182919378877e+08 -3.702935007956098020e+07 -4.294397656657621264e+06 -7.008576102322798967e+07 -2.344034401792721152e+08 -4.972474351247899532e+08 -8.586177458597811460e+08 -1.318514372384245872e+09 -1.876937314698185444e+09 -2.533886572801597118e+09 -3.289362146694484711e+09 -4.143364036376843452e+09 -5.095892241848675728e+09 -6.146946763109985352e+09 -7.296527600160765648e+09
-2.473882466539767265e+09 -1.826096496378044605e+09 -1.276836842005795479e+09 -8.261035034230203629e+08 -4.738964806297184825e+08 -2.202157736258904040e+08 -6.506138241153612733e+07 -8.433306986655380577e+06 -5.033154735124837607e+07 -1.907561035053150952e+08 -4.297069754488555789e+08 -7.671841631818693876e+08 -1.203187666704356670e+09 -1.737717486016318798e+09 -2.370773621117753506e+09 -3.102356072008663177e+09 -3.932464838689044952e+09 -4.861099921158900261e+09 -5.888261319418231010e+09 -7.013949033467034340e+09
-2.652823617457626820e+09 -1.981183162368277073e+09 -1.408069023068400860e+09 -9.334811995579986572e+08 -5.574196918370695114e+08 -2.798844999056143761e+08 -1.008756237636329234e+08 -2.039306341112501174e+07 -3.843681884809084982e+07 -1.550068900745304227e+08 -3.701032770904437304e+08 -6.837259798958303928e+08 -1.095874998490690708e+09 -1.606550332875025272e+09 -2.215751983048832893e+09 -2.923479949012115479e+09 -3.729734230764870644e+09 -4.634514828307098389e+09 -5.637821741638802528e+09 -6.739654970759978294e+09
-2.839273543802096367e+09 -2.143817703401615620e+09 -1.546888178790608406e+09 -1.048484969969075084e+09 -6.486080769370149374e+08 -3.472574996944286227e+08 -1.444332382413161695e+08 -4.013529257767723501e+07 -3.436366270351199806e+07 -1.271183486188205034e+08 -3.183993503236027360e+08 -6.082066678178583384e+08 -9.965403011015874147e+08 -1.483400250174791336e+09 -2.068786515037467718e+09 -2.752699095689619064e+09 -3.535137992131242752e+09 -4.416103204362339973e+09 -5.395594732382912636e+09 -6.473612576192956924e+09
-3.033190739112477779e+09 -2.313959002254057884e+09 -1.693253581185112000e+09 -1.171074475905640602e+09 -7.474216864156416655e+08 -4.222952127151167989e+08 -1.956950548040658534e+08 -6.762121268248832226e+07 -3.807368635038453341e+07 -1.070524758077544719e+08 -2.745575810545981526e+08 -5.405890020909152031e+08 -9.051467389167058468e+08 -1.368230791531971216e+09 -1.929841159936709166e+09 -2.589977844130922318e+09 -3.348640844114606857e+09 -4.205830159887765408e+09 -5.161545791450400352e+09 -6.215787738802505493e+09
-3.234533699619336128e+09 -2.491565895418944836e+09 -1.847124407008027315e+09 -1.301209234386584282e+09 -8.538203775546137094e+08 -5.049578365121173263e+08 -2.546216112590946257e+08 -1.028117017955455333e+08 -4.952810812147013098e+07 -9.477083023686847091e+07 -2.385398681417405307e+08 -4.808352218360860348e+08 -8.216568913199050426e+08 -1.261004876593198538e+09 -1.798879177655965328e+09 -2.435279794508206367e+09 -3.170206727149919510e+09 -4.003659975581107140e+09 -4.935639539801770210e+09 -5.966145419811903954e+09
-3.443260864231362343e+09 -2.676597127912199020e+09 -2.008459707382509232e+09 -1.438848602642293930e+09 -9.677638136915513277e+08 -5.952053405302826166e+08 -3.211731831584879756e+08 -1.456673415761666596e+08 -6.868781578331914544e+07 -9.023460577994532883e+07 -2.103077115660452545e+08 -4.289071331416186690e+08 -7.460328705066654682e+08 -1.161684923661186934e+09 -1.675863292605181217e+09 -2.288567977338650227e+09 -2.999798977861591816e+09 -3.809556294174006462e+09 -4.717839926275897026e+09 -5.724649874167259216e+09
-3.659330576823421478e+09 -2.869011325193106651e+09 -2.177218389352265835e+09 -1.583951769300899506e+09 -1.089211465039005756e+09 -6.929974765665854216e+08 -3.953098038836395144e+08 -1.961484469901668727e+08 -9.551340588616801798e+07 -9.340468057164289057e+07 -1.898222710465914607e+08 -3.847661773110135794e+08 -6.782363993649090528e+08 -1.070232937208279014e+09 -1.560755790841122150e+09 -2.149804960263440132e+09 -2.837380445475229740e+09 -3.623482246476493359e+09 -4.508110363267232895e+09 -5.491264795847443581e+09
-3.882701062721937656e+09 -3.068766976040169716e+09 -2.353359205147875786e+09 -1.736477750045056343e+09 -1.218122610731709242e+09 -7.982937872078360319e+08 -4.769912794734370708e+08 -2.542150875285113156e+08 -1.299652113730593622e+08 -1.042416510070811063e+08 -1.770444064305765927e+08 -3.483734776435455680e+08 -6.182288646459881067e+08 -9.866105674379049540e+08 -1.453518586019294739e+09 -2.018952920390159607e+09 -2.682913570550496101e+09 -3.445400536500307083e+09 -4.306413818239593506e+09 -5.265953415768350601e+09
-4.113330414436383724e+09 -3.275822422599676132e+09 -2.536840746552443027e+09 -1.896385386294683933e+09 -1.354456341826397896e+09 -9.110536131475856304e+08 -5.661772002582472563e+08 -3.198271031583824158e+08 -1.720033218479912281e+08 -1.227058563270737678e+08 -1.719347065956300199e+08 -3.196898726536598206e+08 -5.659713545011631250e+08 -9.107791521381407976e+08 -1.354113265564591408e+09 -1.895973694780516863e+09 -2.536360439785914421e+09 -3.275273500580785751e+09 -4.112712877165132999e+09 -5.048678569538950920e+09
-4.351176583535145760e+09 -3.490135855225684166e+09 -2.727621442705698013e+09 -2.063633345975186110e+09 -1.498171565034146786e+09 -1.031236099882581115e+09 -6.628269505204896927e+08 -3.929441169478716254e+08 -2.215875991647272110e+08 -1.487573971710565388e+08 -1.744535109668596089e+08 -2.986759405521362424e+08 -5.214246859268863797e+08 -8.426997470911107063e+08 -1.262501124044808388e+09 -1.780828816787980556e+09 -2.397682825320625305e+09 -3.113063149642743111e+09 -3.926969789754336834e+09 -4.839402745655402184e+09
-4.596197376667459488e+09 -3.711665310568298340e+09 -2.925659560258611679e+09 -2.238180125738399029e+09 -1.649227007007658720e+09 -1.158800204066392660e+09 -7.668997169146002531e+08 -4.735255455522816181e+08 -2.786776899794365764e+08 -1.823561501960651875e+08 -1.845609262021676004e+08 -2.852920179977436066e+08 -4.845494255827931762e+08 -7.823331489573167562e+08 -1.178643188121313572e+09 -1.673479543074785233e+09 -2.266842213817728996e+09 -2.958731200350146294e+09 -3.749146502672039509e+09 -4.638088120783404350e+09
-4.848350454425865173e+09 -3.940368671896870613e+09 -3.130913205157351494e+09 -2.419984054207305908e+09 -1.807581219046733379e+09 -1.293704699675634623e+09 -8.783544960940097570e+08 -5.615306083018583059e+08 -3.432330362991806865e+08 -2.234617800859766901e+08 -2.022168396622464359e+08 -2.794982150279898047e+08 -4.553059061832066774e+08 -7.296399131278978586e+08 -1.102500235862061977e+09 -1.573886874385700703e+09 -2.143799828698812008e+09 -2.812239098801396847e+09 -3.579204684693457603e+09 -4.444696586374989510e+09
-5.107593332169089317e+09 -4.176203670970231056e+09 -3.343340325560847759e+09 -2.609003295940938473e+09 -1.973192582110501766e+09 -1.435908184069538593e+09 -9.971501018180494308e+08 -6.569183353560339212e+08 -4.152128846834921241e+08 -2.720337498004240394e+08 -2.273809307068295777e+08 -2.812544274027088284e+08 -4.336542398880615234e+08 -6.845803681628884077e+08 -1.034032812227188468e+09 -1.482011572080963135e+09 -2.028516647724210739e+09 -2.673548039156930923e+09 -3.417105746379127502e+09 -4.259189769390794754e+09
