-2.109938383168591499e+09 -1.514895343537613392e+09 -1.018378619696109176e+09 -6.203882116440786123e+08 -3.209241193815214038e+08 -1.199863429084380716e+08 -1.757488222482849658e+07 -1.368973733069248684e+07 -1.083309082260302156e+08 -3.014983949108416438e+08 -5.931921973851268291e+08 -9.834123156488852501e+08 -1.472158749702117443e+09 -2.059431499544824362e+09 -2.745230565177003384e+09 -3.529555946598658085e+09 -4.412407643809784889e+09 -5.393785656810384750e+09 -6.473689985600461006e+09 -7.652120630180008888e+09
-2.073711145428162575e+09 -1.483767194231980562e+09 -9.923495588252724409e+08 -5.994582392080379725e+08 -3.050932353802768588e+08 -1.092545473419896215e+08 -1.194217509317615815e+07 -1.315611863383625634e+07 -1.128963779639701098e+08 -3.111629530835776329e+08 -6.079558439926588535e+08 -1.003275050691213369e+09 -1.497120573179241657e+09 -2.089492411456744432e+09 -2.780390565523720264e+09 -3.569815035380170822e+09 -4.457765821026094437e+09 -5.444242922461489677e+09 -6.529246339686361313e+09 -7.712776072700704575e+09
-2.038536774319646597e+09 -1.453702191000679016e+09 -9.673939234711856842e+08 -5.796119717311658859e+08 -2.903563357806194425e+08 -9.962701561954678595e+07 -7.424011247947933152e+06 -1.374732266582264937e+07 -1.185969498731710911e+08 -3.219728928699932098e+08 -6.238751516562891006e+08 -1.024303726232058287e+09 -1.523258616597301006e+09 -2.120739822752018929e+09 -2.816747344696208477e+09 -3.611281182429873943e+09 -4.504341335953011513e+09 -5.495927805265622139e+09 -6.586040590367709160e+09 -7.774679691259267807e+09
-2.004405537627798080e+09 -1.424693334094533443e+09 -9.435074463507428169e+08 -5.608478743964259624e+08 -2.767146182315823436e+08 -9.110767785621270537e+07 -4.027053270316809416e+06 -1.547274447389447875e+07 -1.254447514669459015e+08 -3.339430742494710088e+08 -6.409677128214697838e+08 -1.046518667182941914e+09 -1.550595937333887577e+09 -2.153199523274308681e+09 -2.854329425004201412e+09 -3.653985642523569584e+09 -4.552168175832410812e+09 -5.548877024930723190e+09 -6.644112189818512917e+09 -7.837873670495773315e+09
-1.971317369377444744e+09 -1.396741855422801018e+09 -9.206926572576315403e+08 -5.431697748819357157e+08 -2.641732082957133055e+08 -8.370295749896468222e+07 -1.759022491689822637e+06 -1.834140327388855070e+07 -1.334500998455610424e+08 -3.470851122067071795e+08 -6.592464403573271036e+08 -1.069934084297420025e+09 -1.579148044026987076e+09 -2.186888319546028614e+09 -2.893154910854542255e+09 -3.697947817952532291e+09 -4.601267040839994431e+09 -5.603112579516927719e+09 -6.703484433983339310e+09 -7.902382604239221573e+09
-1.939276544301762104e+09 -1.369852675960823059e+09 -8.989551234093580246e+08 -5.265838866473667622e+08 -2.527389656748487949e+08 -7.742036049180470407e+07 -6.280710982343666255e+05 -2.236209749413760751e+07 -1.426224396795146465e+08 -3.614090976543653011e+08 -6.787220714186897278e+08 -1.094561360972487211e+09 -1.608926966315758705e+09 -2.221818887448504925e+09 -2.933237124370723248e+09 -3.743181677082417011e+09 -4.651652545583582878e+09 -5.658649729874221802e+09 -6.764173229954338074e+09 -7.968223045823924065e+09
-1.908289381732638836e+09 -1.344032448664022923e+09 -8.783018313848807812e+08 -5.110975298952124715e+08 -2.424195441950175166e+08 -7.226787428429631889e+07 -6.425201630489118397e+05 -2.754348183127511293e+07 -1.529707592889750600e+08 -3.769243525361487269e+08 -6.994042615727961063e+08 -1.120410486398916483e+09 -1.639943027014510870e+09 -2.258001883419579983e+09 -2.974587055614121437e+09 -3.789698543598138332e+09 -4.703336347371627808e+09 -5.715500466934589386e+09 -6.826190902287027359e+09 -8.035407653428936958e+09
-1.878363216002649307e+09 -1.319288681230834484e+09 -8.587404622484934330e+08 -4.967185590556260943e+08 -2.332229716522322893e+08 -6.825370003831218183e+07 -1.810744213865863159e+06 -3.389410417889315635e+07 -1.645037799333941936e+08 -3.936397714773688912e+08 -7.213020788108172417e+08 -1.147490701933738947e+09 -1.672205640846134424e+09 -2.295446895548004627e+09 -3.017214466039347172e+09 -3.837508352320165157e+09 -4.756328554390455246e+09 -5.773675072250219345e+09 -6.889547905899457932e+09 -8.103947055338168144e+09
-1.849505911405691147e+09 -1.295629322782805920e+09 -8.402790499493944645e+08 -4.834550929054569006e+08 -2.251574516509927809e+08 -6.538612618600232899e+07 -4.141116510485676117e+06 -4.142242262444263697e+07 -1.772300445278733373e+08 -4.115639822207777500e+08 -7.444242357031557560e+08 -1.175810804975007296e+09 -1.705723690036332130e+09 -2.334162890887132168e+09 -3.061128407527403831e+09 -3.886620239957151890e+09 -4.810638388176371574e+09 -5.833182852185064316e+09 -6.954253631983233452e+09 -8.173850727570873260e+09
-1.821725619558852673e+09 -1.273062556930585384e+09 -8.229258100917921066e+08 -4.713153790424723029e+08 -2.182312637826262116e+08 -6.367346431225372851e+07 -7.641980631355052814e+06 -5.013681273992998898e+07 -1.911579606379786730e+08 -4.307054243255010247e+08 -7.687792038024971485e+08 -1.205379299068966389e+09 -1.740505710124909401e+09 -2.374158436970326900e+09 -3.106337479605217457e+09 -3.937042838029583454e+09 -4.866274512243421555e+09 -5.894032502246731758e+09 -7.020316808039518356e+09 -8.245127429621776581e+09
-1.795030649357919693e+09 -1.251596690681412697e+09 -8.066890477943794727e+08 -4.603077206968199611e+08 -2.124527093887340426e+08 -6.312401387012178451e+07 -1.232163414098331146e+07 -6.004557020131846517e+07 -2.062958220511273742e+08 -4.510723896904098392e+08 -7.943752731191662550e+08 -1.236204472337395668e+09 -1.776559987345098972e+09 -2.415441818142277241e+09 -3.152849964728927135e+09 -3.988784427105053425e+09 -4.923245205270650864e+09 -5.956232299225721359e+09 -7.087745708970269203e+09 -8.317785434504287720e+09
-1.769429391981802702e+09 -1.231240090212508678e+09 -7.915771042326886654e+08 -4.504404340423424840e+08 -2.078300796414696872e+08 -6.374604103007058799e+07 -1.818831820814524591e+07 -7.115691117569355667e+07 -2.226518199327155948e+08 -4.726730444792112708e+08 -8.212205848151807785e+08 -1.268294440940623283e+09 -1.813894612855539799e+09 -2.458021100559931278e+09 -3.200673904053794384e+09 -4.041853023337133884e+09 -4.981558458409944534e+09 -6.019790209272228241e+09 -7.156548275923990250e+09 -8.391832658365221024e+09
-1.744930274440459490e+09 -1.212001140958810806e+09 -7.775983232666358948e+08 -4.417218213639346361e+08 -2.043716352507069111e+08 -6.554776492695291340e+07 -2.525021039267265052e+07 -8.347897164786602557e+07 -2.402340486925331950e+08 -4.955154415266739130e+08 -8.493231501502884626e+08 -1.301657174563376188e+09 -1.852517514765937567e+09 -2.501904170757974148e+09 -3.249817142539482594e+09 -4.096256430110466480e+09 -5.041222033470922470e+09 -6.084713952620851517e+09 -7.226732187560257912e+09 -8.467276738289133072e+09
-1.721541728898088455e+09 -1.193888221150619030e+09 -7.647610291926239729e+08 -4.341601530241025090e+08 -2.020855926450545192e+08 -6.853734805548027158e+07 -3.351541925537973642e+07 -9.701980624475286901e+07 -2.590505090235997438e+08 -5.196075275919201970e+08 -8.786908619497145414e+08 -1.336300512096982002e+09 -1.892436478033723116e+09 -2.547098759759939194e+09 -3.300287357275627613e+09 -4.152002270580791950e+09 -5.102243499675428391e+09 -6.151011044559535980e+09 -7.298304905233121872e+09 -8.544125081696178436e+09
-1.699272171285901070e+09 -1.176909683279925823e+09 -7.530735110634245872e+08 -4.277636546363973022e+08 -2.009801139988433123e+08 -7.272288915076310933e+07 -4.299198009215657413e+07 -1.117873868230237365e+08 -2.791091093433646560e+08 -5.449571476531790495e+08 -9.093315017524675131e+08 -1.372232171641229153e+09 -1.933659157319464207e+09 -2.593612458787174702e+09 -3.352092076044356823e+09 -4.209098009091014385e+09 -5.164630257927145004e+09 -6.218688822552747726e+09 -7.371273702967826843e+09 -8.622384899172376633e+09
-1.678129985717103243e+09 -1.161073840524175406e+09 -7.425440111207213402e+08 -4.225404975067410469e+08 -2.010632996822342277e+08 -7.811241764720113575e+07 -5.368785140164177120e+07 -1.277896009455560595e+08 -3.004176662789440751e+08 -5.715720474018056393e+08 -9.412527443141412735e+08 -1.409459757015949726e+09 -1.976193085507232189e+09 -2.641452729787989616e+09 -3.405238689858218670e+09 -4.267550965717923641e+09 -5.228389557367100716e+09 -6.287754464805751801e+09 -7.445645688033878326e+09 -8.702063227051475525e+09
-1.658123512713169098e+09 -1.146388956429420233e+09 -7.331807159351453781e+08 -4.184987912303441167e+08 -2.023431823150163889e+08 -8.471388918916235864e+07 -6.561091185278202593e+07 -1.450342503058754206e+08 -3.229839045484424829e+08 -5.994598745804829597e+08 -9.744621604019978046e+08 -1.447990762012985468e+09 -2.020045679413446665e+09 -2.690626912603383541e+09 -3.459734461582791805e+09 -4.327368326351676941e+09 -5.293528506910032272e+09 -6.358215003257861137e+09 -7.521427815395166397e+09 -8.783166943321941376e+09
-1.639261040040036678e+09 -1.132863236827043533e+09 -7.249917494035240412e+08 -4.156465777694784403e+08 -2.048277219249061942e+08 -9.253518186980766058e+07 -7.876895760418286920e+07 -1.635290491280317605e+08 -3.468154564413543940e+08 -6.286281795441503525e+08 -1.008967218436420679e+09 -1.487832573118164062e+09 -2.065224243589380741e+09 -2.741142229850072384e+09 -3.515586531900236607e+09 -4.388557149739877701e+09 -5.360054083368988037e+09 -6.430077332787572861e+09 -7.598626897995633125e+09 -8.865702778993164062e+09
-1.621550795386372089e+09 -1.120504823327913284e+09 -7.179851670589288473e+08 -4.139918265794180036e+08 -2.085248018893805444e+08 -1.015840929888168126e+08 -9.316969987772677839e+07 -1.832816225561105013e+08 -3.719198610239678621e+08 -6.590844152812986374e+08 -1.044775285328103781e+09 -1.528992471164381504e+09 -2.111735972790133476e+09 -2.793005790205359936e+09 -3.572801923410058498e+09 -4.451124372404233932e+09 -5.427973137187879562e+09 -6.503348217760999680e+09 -7.677249614123594284e+09 -8.949677326275661469e+09
-1.605000940379786253e+09 -1.109321787962666750e+09 -7.121689513350211382e+08 -4.135424304968491197e+08 -2.134422254481506348e+08 -1.118683361889258325e+08 -1.088207627191747427e+08 -2.042995050388973951e+08 -3.983045631480936408e+08 -6.908359370467634201e+08 -1.081893626734907627e+09 -1.571477632212524414e+09 -2.159587953479614735e+09 -2.846224590536180973e+09 -3.631387543382217884e+09 -4.515076812017732620e+09 -5.497292396442716599e+09 -6.578034296657175064e+09 -7.757302512661109924e+09 -9.035097044454517365e+09
