-3.403348817362515640e+10 -2.598953163852132797e+10 -1.904031194552276993e+10 -1.318582909462947273e+10 -8.426083085841433525e+09 -4.761073919158658981e+09 -2.190801594581151962e+09 -7.152661121089067459e+08 -3.344674717419238091e+08 -1.048405673480206251e+09 -2.857080717323748589e+09 -5.760492603272551537e+09 -9.758641331326627731e+09 -1.485152690148596764e+10 -2.103914931375055695e+10 -2.832150856812040329e+10 -3.669860466459554291e+10 -4.617043760317594910e+10 -5.673700738386157990e+10 -6.839831400665248108e+10
-3.128915785876200485e+10 -2.361066529218973923e+10 -1.702690956772274017e+10 -1.153789068536100578e+10 -7.143608645104529381e+09 -3.844063446953316212e+09 -1.639255090907370806e+09 -5.291835769666867256e+08 -5.138489051312658787e+08 -1.593251075401110649e+09 -3.767390087776214600e+09 -7.036265942256577492e+09 -1.139987863884221458e+10 -1.685822817753312111e+10 -2.341131455832926941e+10 -3.105913778123067856e+10 -3.980169784623738098e+10 -4.963899475334934235e+10 -6.057102850256654358e+10 -7.259779909388900757e+10
-2.866834332087816238e+10 -2.135586388126171494e+10 -1.513812128375054359e+10 -1.001511552834463310e+10 -5.986846615043974876e+09 -3.053314543848585606e+09 -1.214519314758461952e+09 -4.704609277735999227e+08 -8.211393828940017223e+08 -2.266554680119668961e+09 -4.806706819450593948e+09 -8.441595800886780739e+09 -1.317122162442824173e+10 -1.899558429007496262e+10 -2.591468379782693863e+10 -3.392852014768416977e+10 -4.303709333964669800e+10 -5.324040337371447754e+10 -6.453845024988749695e+10 -7.693123396816577148e+10
-2.617126427426087952e+10 -1.922539286041793442e+10 -1.337425828868026543e+10 -8.617860559047853470e+09 -4.956199671520701408e+09 -2.389275626098813057e+09 -9.170884227821907997e+08 -5.396380615708301067e+08 -1.256924542464734077e+09 -3.068947865463903427e+09 -5.975708030568329811e+09 -9.977205037778017044e+09 -1.507343888709298134e+10 -2.126440957851321030e+10 -2.855011711203868103e+10 -3.693056148766941833e+10 -4.640574270540544128e+10 -5.697566076524671936e+10 -6.864031566719325256e+10 -8.139970741124502563e+10
-2.379818957771500015e+10 -1.721956923596217728e+10 -1.173568573631462860e+10 -7.346539078772340775e+09 -4.052129263335311890e+09 -1.852456290003547907e+09 -7.475201587770489454e+08 -7.373208696558113098e+08 -1.821858422639839172e+09 -4.001132817729132652e+09 -7.275144054923682213e+09 -1.164389213422349358e+10 -1.710737705562858391e+10 -2.366559881913893127e+10 -3.131855742475452423e+10 -4.006625287247538757e+10 -4.990868516230153656e+10 -6.084585429423294067e+10 -7.287776026826957703e+10 -8.600440308441148376e+10
-2.154944129948244095e+10 -1.533876573183677101e+10 -1.022282700629636574e+10 -6.201625122861222267e+09 -3.275160081531339645e+09 -1.443431882306722164e+09 -7.064405251873685122e+08 -1.064186010173276305e+09 -2.516668337264450073e+09 -5.063887506460889816e+09 -8.705843517762586594e+09 -1.344253637116954041e+10 -1.927396606668177414e+10 -2.620013260429927444e+10 -3.422103598402201462e+10 -4.333667620585002136e+10 -5.354705326978330994e+10 -6.485216717582186890e+10 -7.725201792396565247e+10 -9.074660551421470642e+10
-1.942539904621430206e+10 -1.358341522383371735e+10 -8.836168243558401108e+09 -5.183658105388342857e+09 -2.625884809323546410e+09 -1.162848355364015341e+09 -7.945487435097475052e+08 -1.520985973760740995e+09 -3.342160046117001534e+09 -6.258070960578528404e+09 -1.026871871714531136e+10 -1.537410331581735039e+10 -2.157422475659466934e+10 -2.886908303947725296e+10 -3.725867816446508789e+10 -4.674301013155816650e+10 -5.732207894075655365e+10 -6.899588459206019592e+10 -8.176442708546907043e+10 -9.562770642098320007e+10
-1.742650457433218765e+10 -1.195401546048372841e+10 -7.576263188740533829e+09 -4.293247759102602959e+09 -2.104969171569930553e+09 -1.011427426142524004e+09 -1.012622522820380092e+09 -2.108554461603497505e+09 -4.299223242491883278e+09 -7.584628865485533714e+09 -1.196477133058444023e+10 -1.743965063778860474e+10 -2.400926678709804916e+10 -3.167361977851275253e+10 -4.043270961203271484e+10 -5.028653628765792847e+10 -6.123509980538842773e+10 -7.327840016522419739e+10 -8.641643736716520691e+10 -1.006492114112114410e+11
-1.555326670339704895e+10 -1.045113409039233208e+10 -6.443738319492885590e+09 -3.531079390698699951e+09 -1.713157304009775639e+09 -9.899720594261163473e+08 -1.361523656947719097e+09 -2.827812096574582577e+09 -5.388837378306715965e+09 -9.044599502144115448e+09 -1.379509846808676529e+10 -1.964033427613467407e+10 -2.658030692628786469e+10 -3.461501641854632568e+10 -4.374446275291001892e+10 -5.396864592937898254e+10 -6.528756594795323181e+10 -7.770122280863275146e+10 -9.120961651141749573e+10 -1.058127470563075104e+11
-1.380626655253166008e+10 -9.075414017216451645e+09 -5.439298324006514549e+09 -2.897919472901836395e+09 -1.451277463902421236e+09 -1.099372297008271217e+09 -1.842203972219382286e+09 -3.679772489535754204e+09 -6.612077848957396507e+09 -1.063912005048430443e+10 -1.576089909411646461e+10 -2.197741497985387802e+10 -2.928866770769658279e+10 -3.769465727764455414e+10 -4.719538368969775391e+10 -5.779084694385622406e+10 -6.948104704011999512e+10 -8.226598397848899841e+10 -9.614565775896327209e+10 -1.111200683815427856e+11
-1.218616312238927460e+10 -7.827579104929278374e+09 -4.563731929574550629e+09 -2.394621596325084686e+09 -1.320248105180880070e+09 -1.340611456141941547e+09 -2.455711649208263397e+09 -4.665548684379845619e+09 -7.970122561656699181e+09 -1.236943328103882027e+10 -1.786348084252618408e+10 -2.445226524611881638e+10 -3.213578649181673050e+10 -4.091404457961991882e+10 -5.078703950952832031e+10 -6.175477128154200745e+10 -7.381723989566096497e+10 -8.697444535188520813e+10 -1.012263876502146759e+11 -1.165730667906493988e+11
-1.069369924677061081e+10 -6.708440257628960609e+09 -3.817918110592580795e+09 -2.022132805661460876e+09 -1.321084342835604429e+09 -1.714772722115013361e+09 -3.203197943499681473e+09 -5.786360006989611626e+09 -9.464258912584814072e+09 -1.423689466028528023e+10 -2.010426725009099197e+10 -2.706637668200197220e+10 -3.512322295601823425e+10 -4.427480607213976288e+10 -5.452112603036651611e+10 -6.586218283069854736e+10 -7.829797647313586426e+10 -9.182850695767845154e+10 -1.064537742843262787e+11 -1.221737784530793304e+11
-9.329707939686441422e+09 -5.718901899841209412e+09 -3.202832702101244926e+09 -1.781500346466542721e+09 -1.454904832937103748e+09 -2.223046161512929916e+09 -4.085924332194015503e+09 -7.043539344980360985e+09 -1.109589119987198067e+10 -1.624297989686886787e+10 -2.248480543597099686e+10 -2.982136781717839432e+10 -3.825266704049107361e+10 -4.777870310590901184e+10 -5.839947601343218994e+10 -7.011498576306063843e+10 -8.292523235479437256e+10 -9.683021578863337708e+10 -1.118299360645776062e+11 -1.279243931826270905e+11
-8.095119165443165779e+09 -4.859968885052525520e+09 -2.719555446767151833e+09 -1.673878850587039232e+09 -1.722939096512191057e+09 -2.866736184542608261e+09 -5.105270114678283691e+09 -8.438540886919219017e+09 -1.286654850126543045e+10 -1.838929295771690369e+10 -2.500677425627362823e+10 -3.271899239693561172e+10 -4.152594737970288086e+10 -5.142763920457541656e+10 -6.242406787155317688e+10 -7.451523338063621521e+10 -8.770113573182453918e+10 -1.019817749251181488e+11 -1.173571509605169678e+11 -1.338272638380210419e+11
-6.990967061287086487e+09 -4.132753862161229134e+09 -2.369277505140637398e+09 -1.700537990225306034e+09 -2.126535317415240288e+09 -3.647269486710439682e+09 -6.262740498110897064e+09 -9.972948351616615295e+09 -1.477789304722760773e+10 -2.067757458494386292e+10 -2.767199296476536942e+10 -3.576114818669213867e+10 -4.494504025072418213e+10 -5.522366915686151123e+10 -6.659703490510405731e+10 -7.906513749545185852e+10 -9.262797692790498352e+10 -1.072855532024633636e+11 -1.230378663191269684e+11 -1.398849162778958130e+11
-6.018397644160529137e+09 -3.538485131557053566e+09 -2.153309461058842659e+09 -1.862870632665893555e+09 -2.667168646378210068e+09 -4.566203502195792198e+09 -7.559975200118630409e+09 -1.164848374014673042e+10 -1.683172912228010368e+10 -2.310971134651874161e+10 -3.048243041286262894e+10 -3.894988632131178284e+10 -4.851207907186621094e+10 -5.916900866452590942e+10 -7.092067509929084778e+10 -8.376707837616102600e+10 -9.770821849513652039e+10 -1.127440954562173004e+11 -1.288747092594032593e+11 -1.461000599046944885e+11
-5.178677035325573921e+09 -3.078515024736115932e+09 -2.073089856251923084e+09 -2.162401529872991085e+09 -3.346450045599326134e+09 -5.625235403430926323e+09 -8.998757603367782593e+09 -1.346701664540989876e+10 -1.903001252955729294e+10 -2.568774525580995178e+10 -3.344021482416785049e+10 -4.228742123463101959e+10 -5.222936448719947052e+10 -6.326604458187318420e+10 -7.539746151865213013e+10 -8.862361529753634644e+10 -1.029445059185258636e+11 -1.183601333816206360e+11 -1.348704976868206329e+11 -1.524755988341258850e+11
-4.473200238908256531e+09 -2.754328843657479763e+09 -2.130194290511965752e+09 -2.600796579471712589e+09 -4.166135710536727905e+09 -6.826211683707007408e+09 -1.058102449898254395e+10 -1.543057415636334038e+10 -2.137486065584941101e+10 -2.841388399744075012e+10 -3.654764418113733673e+10 -4.577614120693917847e+10 -5.609937507484631348e+10 -6.751734578485870361e+10 -8.003005333697633362e+10 -9.363749773119923401e+10 -1.083396789675274200e+11 -1.241365970459608765e+11 -1.410282519664995117e+11 -1.590146437291434631e+11
-3.903500512894025803e+09 -2.567554398518523216e+09 -2.326345126248282433e+09 -3.179872696083303452e+09 -5.128137108023591042e+09 -8.171138362069146156e+09 -1.230887645821995544e+10 -1.754135139647602463e+10 -2.386856317683736801e+10 -3.129051179930398178e+10 -3.980719726387584686e+10 -4.941861957055295563e+10 -6.012477871933535767e+10 -7.192567471022303772e+10 -8.482130754321594238e+10 -9.881167721831410217e+10 -1.138967837355175629e+11 -1.300766270948263092e+11 -1.473512072962402344e+11 -1.657205243397594299e+11
-3.471259373704153538e+09 -2.519972185223526478e+09 -2.663421838848160267e+09 -3.901608334578055382e+09 -6.234531672413220406e+09 -9.662191852353651047e+09 -1.418458887439933205e+10 -1.980172273855027390e+10 -2.651359344480649948e+10 -3.432020099316798401e+10 -4.322154538363471985e+10 -5.321762661620671082e+10 -6.430844469088398743e+10 -7.649399960766653442e+10 -8.977429136655430603e+10 -1.041493199675473480e+11 -1.196190854106456909e+11 -1.361835876958493195e+11 -1.538428268231581116e+11 -1.725968027925722046e+11
