-6.291866920093225098e+10 -4.059006944090692902e+10 -2.314048202656063080e+10 -1.056990695789333916e+10 -2.878344234905053139e+09 -6.579385759578200430e+07 -2.132255825965520144e+09 -9.077730140014272690e+09 -2.090221679974204254e+10 -3.760571580514882660e+10
-6.291804333198989868e+10 -4.058962004685106659e+10 -2.314020910739125443e+10 -1.056981051361045456e+10 -2.878424265508656979e+09 -6.605036308587666601e+07 -2.132688806342105150e+09 -9.078339595277347565e+09 -2.090300272989160919e+10 -3.760667821018488312e+10
-6.291744812538932037e+10 -4.058919444439569855e+10 -2.313995310908109283e+10 -1.056972411944550705e+10 -2.878507475488919735e+09 -6.630317721134949476e+07 -2.133111224612788200e+09 -9.078931617693243027e+09 -2.090376435645271301e+10 -3.760760944089118958e+10
-6.291688288089057159e+10 -4.058879208779127502e+10 -2.313971364037100220e+10 -1.056964753862973785e+10 -2.878593782567475796e+09 -6.655237218423154205e+07 -2.133523307479995966e+09 -9.079506588454776764e+09 -2.090450221510856628e+10 -3.760851018744137573e+10
-6.291634691648489380e+10 -4.058841244565437317e+10 -2.313949032050286102e+10 -1.056958054103036308e+10 -2.878683107236867428e+09 -6.679801912238795310e+07 -2.133925276686917543e+09 -9.080064879930461884e+09 -2.090521682885301971e+10 -3.760938112345459747e+10
-6.291583956787213135e+10 -4.058805500054811096e+10 -2.313928277890311432e+10 -1.056952290293713379e+10 -2.878775372650153637e+09 -6.704018804218994826e+07 -2.134317349113235235e+09 -9.080606855863294601e+09 -2.090590870829236603e+10 -3.761022290640045929e+10
-6.291536018795533752e+10 -4.058771924857691193e+10 -2.313909065487751007e+10 -1.056947440685711861e+10 -2.878870504515729427e+09 -6.727894785335560143e+07 -2.134699736869991064e+09 -9.081132871565641403e+09 -2.090657835194030762e+10 -3.761103617799398804e+10
-6.291490814634178162e+10 -4.058740469898647308e+10 -2.313891359731017303e+10 -1.056943484131289101e+10 -2.878968430994612694e+09 -6.751436635535021126e+07 -2.135072647395096779e+09 -9.081643274113857269e+09 -2.090722624651163483e+10 -3.761182156458842468e+10
-6.291448282887472534e+10 -4.058711087378895569e+10 -2.313875126438220978e+10 -1.056940400065447235e+10 -2.879069082605741024e+09 -6.774651023602414131e+07 -2.135436283545316458e+09 -9.082138402533622742e+09 -2.090785286720094299e+10 -3.761257967754727936e+10
-6.291408363716210175e+10 -4.058683730738593292e+10 -2.313860332328878021e+10 -1.056938168487064552e+10 -2.879172392131510258e+09 -6.797544507139153779e+07 -2.135790843690281630e+09 -9.082618587988185883e+09 -2.090845867796510315e+10 -3.761331111362104034e+10
