-9.674522550850253296e+10 -8.341287091842495728e+10 -7.106851632834736633e+10 -5.971216173826975250e+10 -4.934380714819216156e+10 -3.996345255811456299e+10 -3.157109796803697586e+10 -2.416674337795937729e+10 -1.775038878788178253e+10 -1.232203419780418587e+10 -7.881679607726591110e+09 -4.429325017648996353e+09 -1.964970427571401596e+09 -4.886158374938064218e+08 -2.612474162112927588e+05 -4.999066573386160731e+08 -1.987552067261020899e+09 -4.463197477183423996e+09 -7.926842887105829239e+09 -1.237848829702823448e+10 -1.781813370695064163e+10
-9.671727051791195679e+10 -8.338694018765447998e+10 -7.104460985739703369e+10 -5.969027952713956451e+10 -4.932394919688211060e+10 -3.994561886662464142e+10 -3.155528853636719131e+10 -2.415295820610972977e+10 -1.773862787585227203e+10 -1.231229754559480858e+10 -7.873967215337348938e+09 -4.423636885079888344e+09 -1.961306554822428942e+09 -4.869762245649686456e+08 -6.458943075083626900e+05 -5.023155640500481129e+08 -1.991985233792587996e+09 -4.469654903535127640e+09 -7.935324573277666092e+09 -1.238899424302020836e+10 -1.783066391276274490e+10
-9.668964747098587036e+10 -8.336132995409100342e+10 -7.102101243719612122e+10 -5.966869492030122375e+10 -4.930437740340634918e+10 -3.992805988651146698e+10 -3.153974236961659241e+10 -2.413942485272171402e+10 -1.772710733582683182e+10 -1.230278981893195152e+10 -7.866472302037071228e+09 -4.418154785142190933e+09 -1.957837268247312307e+09 -4.855197513524326682e+08 -1.202234457552741049e+06 -5.048847175626727939e+08 -1.996567200667792797e+09 -4.476249683772912979e+09 -7.943932166878032684e+09 -1.239961464998315239e+10 -1.784329713308827591e+10
-9.666235179509005737e+10 -8.333603594894221497e+10 -7.099772010279437256e+10 -5.964740425664652252e+10 -4.928508841049868011e+10 -3.991077256435083771e+10 -3.152445671820300674e+10 -2.412614087205516052e+10 -1.771582502590732193e+10 -1.229350917975947762e+10 -7.859193333611635208e+09 -4.412877487463794708e+09 -1.954561641315953016e+09 -4.842457951681115627e+08 -1.929949020269911038e+06 -5.076141028724282980e+08 -2.001298256724586725e+09 -4.482982410576744080e+09 -7.952666564428902626e+09 -1.241035071828106117e+10 -1.785603487213322067e+10
-9.663537909185592651e+10 -8.331105406568051147e+10 -7.097472903950512695e+10 -5.962640401332971191e+10 -4.926607898715430450e+10 -3.989375396097890472e+10 -3.150942893480350876e+10 -2.411310390862810516e+10 -1.770477888245270157e+10 -1.228445385627729607e+10 -7.852128830101894379e+09 -4.407803803926490784e+09 -1.951478777751087427e+09 -4.831537515756844878e+08 -2.828725400281218346e+06 -5.105036992248778939e+08 -2.006178673049474478e+09 -4.489853646874070168e+09 -7.961528620698667526e+09 -1.242120359452326393e+10 -1.786887856834786224e+10
-9.660872513003710938e+10 -8.328638035337872314e+10 -7.095203557672036743e+10 -5.960569080006197357e+10 -4.924734602340358734e+10 -3.987700124674521637e+10 -3.149465647008683777e+10 -2.410031169342845917e+10 -1.769396691677007675e+10 -1.227562214011169624e+10 -7.845277363453315735e+09 -4.402932586794936180e+09 -1.948587810136556387e+09 -4.822430334781764150e+08 -3.898256819796435069e+06 -5.135534801614164114e+08 -2.011208703503036261e+09 -4.496863926844655991e+09 -7.970519150186275482e+09 -1.243217437352789688e+10 -1.788182959686951828e+10
-9.658238583865257263e+10 -8.326201101031356812e+10 -7.092963618197456360e+10 -5.958526135363555145e+10 -4.922888652529654694e+10 -3.986051169695754242e+10 -3.148013686861854172e+10 -2.408776204027953720e+10 -1.768338721194053268e+10 -1.226701238360152245e+10 -7.838637555262518883e+09 -4.398262726923513412e+09 -1.945887898584508657e+09 -4.815130702455033660e+08 -5.138241906498049386e+06 -5.167634135674927831e+08 -2.016388585228487253e+09 -4.504013756889481544e+09 -7.979638928550476074e+09 -1.244326410021147156e+10 -1.789488927187246704e+10
-9.655635730042218018e+10 -8.323794237784211731e+10 -7.090752745526205444e+10 -5.956511253268199158e+10 -4.921069761010193634e+10 -3.984428268752187347e+10 -3.146586776494181442e+10 -2.407545284236175537e+10 -1.767303791978169632e+10 -1.225862299720163536e+10 -7.832208074621574402e+09 -4.393793152041513443e+09 -1.943378229461454630e+09 -4.809633068813946247e+08 -6.548384301334599033e+06 -5.201334617212745547e+08 -2.021718539141214371e+09 -4.511303616561153412e+09 -7.988888693981094360e+09 -1.245447377140103340e+10 -1.790805884882097626e+10
-9.653063574546360779e+10 -8.321417093452229309e+10 -7.088570612358099365e+10 -5.954524131263967133e+10 -4.919277650169835663e+10 -3.982831169075704956e+10 -3.145184687981574631e+10 -2.406338206887443161e+10 -1.766291725793312454e+10 -1.225045244699181175e+10 -7.825987636050501823e+09 -4.389522825109192848e+09 -1.941058014167883635e+09 -4.805932032265739441e+08 -8.128392285264127888e+06 -5.236635813439543843e+08 -2.027198770402644396e+09 -4.518733959461334229e+09 -7.998269148520023346e+09 -1.246580433757871437e+10 -1.792133952663740921e+10
-9.650521754525213623e+10 -8.319069329047869873e+10 -7.086416903570526123e+10 -5.952564478093183136e+10 -4.917512052615839386e+10 -3.981259627138495636e+10 -3.143807201661152267e+10 -2.405154776183809280e+10 -1.765302350706465912e+10 -1.224249925229122162e+10 -7.819974997517787933e+09 -4.385450742744353294e+09 -1.938926487970919371e+09 -4.804022331974850297e+08 -9.877978424050472677e+06 -5.273537236506158710e+08 -2.032829468877181292e+09 -4.526305214103746414e+09 -8.007780959330311775e+09 -1.247725670455687714e+10 -1.793473244978344345e+10
-9.648009920683145142e+10 -8.316750618200277710e+10 -7.084291315717413330e+10 -5.950632013234546661e+10 -4.915772710751680756e+10 -3.979713408268814850e+10 -3.142454105785949326e+10 -2.403994803303083420e+10 -1.764335500820217514e+10 -1.223476198337351418e+10 -7.814168958544855118e+09 -4.381575933716196060e+09 -1.936982908887537479e+09 -4.803898840588786006e+08 -1.179685923021947592e+07 -5.312038344015604258e+08 -2.038610809572901011e+09 -4.534017784744241714e+09 -8.017424759915582657e+09 -1.248883173508692360e+10 -1.794823871025826645e+10
-9.645527736725480652e+10 -8.314460646636813354e+10 -7.082193556548144531e+10 -5.948726466459477234e+10 -4.914059376370809174e+10 -3.978192286282141876e+10 -3.141125196193474197e+10 -2.402858106104806519e+10 -1.763391016016138840e+10 -1.222723925927470970e+10 -7.808568358388031006e+09 -4.377897457501354218e+09 -1.935226556614676714e+09 -4.805556557279991508e+08 -1.388475484132139757e+07 -5.352138539546436667e+08 -2.044542953067965746e+09 -4.541872052181287766e+09 -8.027201151294610023e+09 -1.250053025040793037e+10 -1.796185934952125931e+10
-9.643074878826312256e+10 -8.312199111686674500e+10 -7.080123344547036743e+10 -5.946847577407396698e+10 -4.912371810267758942e+10 -3.976696043128121185e+10 -3.139820275988482666e+10 -2.401744508848844147e+10 -1.762468741709206009e+10 -1.221992974569567299e+10 -7.803172074299289703e+09 -4.374414402902905464e+09 -1.933656731506522417e+09 -4.808990601101385951e+08 -1.614138871375470981e+07 -5.393837173173707724e+08 -2.050626045920986891e+09 -4.549868374524602890e+09 -8.037110703128218651e+09 -1.251235303173183632e+10 -1.797559536033545303e+10
-9.640651035117071533e+10 -8.309965721803933716e+10 -7.078080408490795898e+10 -5.944995095177657318e+10 -4.910709781864519501e+10 -3.975224468551381683e+10 -3.138539155238244629e+10 -2.400653841925106430e+10 -1.761568528611968994e+10 -1.221283215298830986e+10 -7.797979019856929779e+09 -4.371125886725551605e+09 -1.932272753594174147e+09 -4.814196204627960324e+08 -1.856648733141773567e+07 -5.437133542000393867e+08 -2.056860221068660975e+09 -4.558007087937282562e+09 -8.047153954805903435e+09 -1.252430082167452431e+10 -1.798944768854314804e+10
-9.638255905197068787e+10 -8.307760196111053467e+10 -7.076064487025036621e+10 -5.943168777939019012e+10 -4.909073068853002930e+10 -3.973777359766986084e+10 -3.137281650680970764e+10 -2.399585941594953918e+10 -1.760690232508937454e+10 -1.220594523422920799e+10 -7.792988143369045258e+09 -4.368031052508881569e+09 -1.931073961648718119e+09 -4.821168707885539532e+08 -2.115977992838975042e+07 -5.482026890682255030e+08 -2.063245598208061218e+09 -4.566288507347896576e+09 -8.057331416487731934e+09 -1.253637432562756729e+10 -1.800341723476740646e+10
-9.635889199663038635e+10 -8.305582263960144043e+10 -7.074075328257247925e+10 -5.941368392554352570e+10 -4.907461456851457214e+10 -3.972354521148562622e+10 -3.136047585445667648e+10 -2.398540649742772293e+10 -1.759833714039876938e+10 -1.219926778336981773e+10 -7.788198426340866089e+09 -4.365129069311914444e+09 -1.930059712282963037e+09 -4.829903552540110350e+08 -2.392099822505913675e+07 -5.528516411961071491e+08 -2.069782284167155027e+09 -4.574712927138202667e+09 -8.067643570109251022e+09 -1.254857421308029747e+10 -1.801750485605134964e+10
-9.633550639658972168e+10 -8.303431664513168335e+10 -7.072112689367364502e+10 -5.939593714221558380e+10 -4.905874739075753784e+10 -3.970955763929948425e+10 -3.134836788784144211e+10 -2.397517813638339615e+10 -1.758998838492535019e+10 -1.219279863346730042e+10 -7.783608882009254456e+09 -4.362419130551206589e+09 -1.929229379093159914e+09 -4.840396276351125836e+08 -2.684987617706538737e+07 -5.576601247190179825e+08 -2.076470373260970354e+09 -4.583280621802923203e+09 -8.078090870344875336e+09 -1.256090111888682747e+10 -1.803171136742878342e+10
-9.631239956443171692e+10 -8.301308146338204956e+10 -7.070176336233238220e+10 -5.937844526128270721e+10 -4.904312716023303223e+10 -3.969580905918337250e+10 -3.133649095813370132e+10 -2.396517285708403397e+10 -1.758185475603436661e+10 -1.218653665498469353e+10 -7.779218553935026169e+09 -4.359900452885356903e+09 -1.928582351835688353e+09 -4.852642507860197425e+08 -2.994614973635083064e+07 -5.626280486866819859e+08 -2.083309947637012959e+09 -4.591991846587343216e+09 -8.088673745537673950e+09 -1.257335564448800468e+10 -1.804603754343833542e+10
-9.628956890973806763e+10 -8.299211467022991943e+10 -7.068266043072175598e+10 -5.936120619121360016e+10 -4.902775195170543671e+10 -3.968229771219727325e+10 -3.132484347268912125e+10 -2.395538923318096161e+10 -1.757393499367279816e+10 -1.218048075416463852e+10 -7.775026514656478882e+09 -4.357572275148318291e+09 -1.928118035640158892e+09 -4.866637961319983602e+08 -3.320955662383810058e+07 -5.677553171156777143e+08 -2.090301077607517004e+09 -4.600846838099355698e+09 -8.099392598591196060e+09 -1.258593835908303642e+10 -1.806048411957487488e+10
-9.626701193511169434e+10 -8.297141392804037476e+10 -7.066381592096905518e+10 -5.934421791389772034e+10 -4.901261990682640839e+10 -3.966902189975508881e+10 -3.131342389268376923e+10 -2.394582588561244583e+10 -1.756622787854112625e+10 -1.217462987146980286e+10 -7.771031864398484230e+09 -4.355433857327163696e+09 -1.927835850255843401e+09 -4.882378431845226884e+08 -3.663983611320196092e+07 -5.730418290418812037e+08 -2.097443821970560074e+09 -4.609845814899239540e+09 -8.110247807827918053e+09 -1.259864980075659752e+10 -1.807505179368527985e+10
-9.624472623235551453e+10 -8.295097698210336304e+10 -7.064522773185116577e+10 -5.932747848159899139e+10 -4.899772923134681702e+10 -3.965597998109464264e+10 -3.130223073084247208e+10 -2.393648148059029770e+10 -1.755873223033812332e+10 -1.216898298008594704e+10 -7.767233729833772659e+09 -4.353484479581598282e+09 -1.927735229329423666e+09 -4.899859790772492290e+08 -4.023672882507451624e+07 -5.784874785728998184e+08 -2.104738228320724964e+09 -4.618988978068550110e+09 -8.121239727816374779e+09 -1.261149047756419945e+10 -1.808974122731203079e+10
