-6.056156716378912354e+10 -3.869124458580133820e+10 -2.169993435349257660e+10 -9.587636466862827301e+09 -2.354350925912080288e+09 -7.773064034776715562e+04 -2.524816881047624111e+09 -9.928568377133914948e+09 -2.221133221889922333e+10 -3.937310840634355164e+10
-6.055416593697954559e+10 -3.868533197159336853e+10 -2.169551035188621140e+10 -9.584701077858064651e+09 -2.352904149508924961e+09 -1.195668387991380878e+05 -2.526347329847682476e+09 -9.931587438535579681e+09 -2.221583989290249252e+10 -3.937910469294842529e+10
-6.054829690757664490e+10 -3.868064409703471375e+10 -2.169200363217179108e+10 -9.582375512987888336e+09 -2.351759739482989788e+09 -1.563116571061452851e+05 -2.527565229510231495e+09 -9.933986493042371750e+09 -2.221942010225352859e+10 -3.938386605714370728e+10
-6.054319164058595276e+10 -3.867656675502247620e+10 -2.168895421513800812e+10 -9.580354020932556152e+09 -2.350766172406110287e+09 -1.906695586792514659e+05 -2.528627512390256882e+09 -9.936076700900850296e+09 -2.222253823509045792e+10 -3.938801211495909119e+10
-6.053853413826480103e+10 -3.867284736960580444e+10 -2.168617294662582016e+10 -9.578510869324848175e+09 -2.349861137702886105e+09 -2.237517599363760091e+05 -2.529598711495995998e+09 -9.937986016911067963e+09 -2.222538566800516129e+10 -3.939179766477826691e+10
-6.053417211566388702e+10 -3.866936421860491943e+10 -2.168356866722497940e+10 -9.576785461524051666e+09 -2.349014601502127171e+09 -2.560871592174461111e+05 -2.530509918495316982e+09 -9.939776095510431290e+09 -2.222805461820455933e+10 -3.939534548657771301e+10
-6.053002216956453705e+10 -3.866605063611769104e+10 -2.168109144834986496e+10 -9.575144606261051178e+09 -2.348210109851241112e+09 -2.879591204468891956e+05 -2.531378154068661213e+09 -9.941480694695892334e+09 -2.223059558100213623e+10 -3.939872281298739624e+10
-6.052603385281062317e+10 -3.866286629767525482e+10 -2.167871108821890640e+10 -9.573568224441576004e+09 -2.347437706343247414e+09 -3.195339239341868088e+05 -2.532213707183629990e+09 -9.943120226122341156e+09 -2.223303909074006653e+10 -3.940197030103680420e+10
-6.052217425333551025e+10 -3.865978489451565552e+10 -2.167640788137480927e+10 -9.572043213912979126e+09 -2.346690892130154133e+09 -3.509160263446052559e+05 -2.533023285601543903e+09 -9.944708000855756760e+09 -2.223540506178899002e+10 -3.940511446840123749e+10
-6.051842062389538574e+10 -3.865678824264826965e+10 -2.167416820708017349e+10 -9.570560517191093445e+09 -2.345965172981020451e+09 -3.821744499596375972e+05 -2.533811521597907543e+09 -9.946253214424871445e+09 -2.223770725293084717e+10 -3.940817363711584473e+10
