 88.0    1000.00   .2525254E-15
 88.0    1010.00   .9730389E-15
 88.0    1020.00   .2620642E-14
 88.0    1030.00   .5790885E-14
 88.0    1040.00   .1125162E-13
 88.0    1050.00   .1994560E-13
 88.0    1060.00   .3298387E-13
 88.0    1070.00   .5162844E-13
 88.0    1080.00   .7726447E-13
 88.0    1090.00   .1113608E-12
 88.0    1100.00   .1554209E-12
 88.0    1110.00   .2109222E-12
 88.0    1120.00   .2792488E-12
 88.0    1130.00   .3616161E-12
 88.0    1140.00   .4589928E-12
 88.0    1150.00   .5720193E-12
 88.0    1160.00   .7009305E-12
 88.0    1170.00   .8454831E-12
 88.0    1180.00   .1004891E-11
 88.0    1190.00   .1177779E-11
 88.0    1200.00   .1362143E-11
 88.0    1210.00   .1555345E-11
 88.0    1220.00   .1754120E-11
 88.0    1230.00   .1954617E-11
 88.0    1240.00   .2152464E-11
 88.0    1250.00   .2342865E-11
 88.0    1260.00   .2521208E-11
 88.0    1270.00   .2684892E-11
 88.0    1280.00   .2832374E-11
 88.0    1290.00   .2962753E-11
 88.0    1300.00   .3075752E-11
 88.0    1310.00   .3171692E-11
 88.0    1320.00   .3251427E-11
 88.0    1330.00   .3316293E-11
 88.0    1340.00   .3368027E-11
 88.0    1350.00   .3408705E-11
 88.0    1360.00   .3440667E-11
 88.0    1370.00   .3466466E-11
 88.0    1380.00   .3488757E-11
 88.0    1390.00   .3509190E-11
 88.0    1400.00   .3528329E-11
 88.0    1410.00   .3546695E-11
 88.0    1420.00   .3564805E-11
 88.0    1430.00   .3583172E-11
 88.0    1440.00   .3602327E-11
 88.0    1450.00   .3622804E-11
 88.0    1460.00   .3645156E-11
 88.0    1470.00   .3669950E-11
 88.0    1480.00   .3697778E-11
 88.0    1490.00   .3729259E-11
 88.0    1500.00   .3765042E-11
 88.0    1510.00   .3805697E-11
 88.0    1520.00   .3851340E-11
 88.0    1530.00   .3901972E-11
 88.0    1540.00   .3957595E-11
 88.0    1550.00   .4018211E-11
 88.0    1560.00   .4083821E-11
 88.0    1570.00   .4154425E-11
 88.0    1580.00   .4230022E-11
 88.0    1590.00   .4310606E-11
 88.0    1600.00   .4396168E-11
 88.0    1610.00   .4486696E-11
 88.0    1620.00   .4582169E-11
 88.0    1630.00   .4682562E-11
 88.0    1640.00   .4787841E-11
 88.0    1650.00   .4897961E-11
 88.0    1660.00   .5012867E-11
 88.0    1670.00   .5132493E-11
 88.0    1680.00   .5256759E-11
 88.0    1690.00   .5385573E-11
 88.0    1700.00   .5518812E-11
 88.0    1710.00   .5656359E-11
 88.0    1720.00   .5798065E-11
 88.0    1730.00   .5943753E-11
 88.0    1740.00   .6093235E-11
 88.0    1750.00   .6246295E-11
 88.0    1760.00   .6402716E-11
 88.0    1770.00   .6562352E-11
 88.0    1780.00   .6725057E-11
 88.0    1790.00   .6890670E-11
 88.0    1800.00   .7059007E-11
 88.0    1810.00   .7229861E-11
 88.0    1820.00   .7403009E-11
 88.0    1830.00   .7578200E-11
 88.0    1840.00   .7755162E-11
 88.0    1850.00   .7933598E-11
 88.0    1860.00   .8113190E-11
 88.0    1870.00   .8293591E-11
 88.0    1880.00   .8474433E-11
 88.0    1890.00   .8655322E-11
 88.0    1900.00   .8835838E-11
 88.0    1910.00   .9015539E-11
 88.0    1920.00   .9193958E-11
 88.0    1930.00   .9370602E-11
 88.0    1940.00   .9544959E-11
 88.0    1950.00   .9716491E-11
 88.0    1960.00   .9884643E-11
 88.0    1970.00   .1004884E-10
 88.0    1980.00   .1020848E-10
 88.0    1990.00   .1036296E-10
 88.0    2000.00   .1051166E-10
 88.0    2010.00   .1065401E-10
 88.0    2020.00   .1078975E-10
 88.0    2030.00   .1091872E-10
 88.0    2040.00   .1104075E-10
 88.0    2050.00   .1115571E-10
 88.0    2060.00   .1126349E-10
 88.0    2070.00   .1136397E-10
 88.0    2080.00   .1145707E-10
 88.0    2090.00   .1154271E-10
 88.0    2100.00   .1162084E-10
 88.0    2110.00   .1169141E-10
 88.0    2120.00   .1175440E-10
 88.0    2130.00   .1180981E-10
 88.0    2140.00   .1185763E-10
 88.0    2150.00   .1189788E-10
 88.0    2160.00   .1193060E-10
 88.0    2170.00   .1195583E-10
 88.0    2180.00   .1197363E-10
 88.0    2190.00   .1198407E-10
 88.0    2200.00   .1198723E-10
 88.0    2210.00   .1198321E-10
 88.0    2220.00   .1197210E-10
 88.0    2230.00   .1195402E-10
 88.0    2240.00   .1192908E-10
 88.0    2250.00   .1189742E-10
 88.0    2260.00   .1185936E-10
 88.0    2270.00   .1181603E-10
 88.0    2280.00   .1176877E-10
 88.0    2290.00   .1171888E-10
 88.0    2300.00   .1166772E-10
 88.0    2310.00   .1161658E-10
 88.0    2320.00   .1156679E-10
 88.0    2330.00   .1151965E-10
 88.0    2340.00   .1147648E-10
 88.0    2350.00   .1143855E-10
 88.0    2360.00   .1140719E-10
 88.0    2370.00   .1138368E-10
 88.0    2380.00   .1136934E-10
 88.0    2390.00   .1136551E-10
 88.0    2400.00   .1137350E-10
 88.0    2410.00   .1139468E-10
 88.0    2420.00   .1143046E-10
 88.0    2430.00   .1148228E-10
 88.0    2440.00   .1155162E-10
 88.0    2450.00   .1164004E-10
 88.0    2460.00   .1174918E-10
 88.0    2470.00   .1188074E-10
 88.0    2480.00   .1203655E-10
 88.0    2490.00   .1221856E-10
 88.0    2500.00   .1242884E-10
 88.0    2510.00   .1037945E-10
 88.0    2520.00   .1149367E-10
 88.0    2530.00   .1255360E-10
 88.0    2540.00   .1615485E-10
 88.0    2550.00   .1896648E-10
 88.0    2560.00   .1992286E-10
 88.0    2570.00   .2439775E-10
 88.0    2580.00   .2128205E-10
 88.0    2590.00   .2563862E-10
 88.0    2600.00   .2701011E-10
 88.0    2610.00   .2447790E-10
 88.0    2620.00   .2566439E-10
 88.0    2630.00   .2200945E-10
 88.0    2640.00   .1718719E-10
 88.0    2650.00   .1632997E-10
 88.0    2660.00   .1411856E-10
 88.0    2670.00   .1338349E-10
 88.0    2680.00   .1380958E-10
 88.0    2690.00   .2190828E-10
 88.0    2700.00   .3767115E-10
 88.0    2710.00   .5894713E-10
 88.0    2720.00   .7253421E-10
 88.0    2730.00   .7359282E-10
 88.0    2740.00   .7353593E-10
 88.0    2750.00   .7739952E-10
 88.0    2760.00   .7686659E-10
 88.0    2770.00   .7761456E-10
 88.0    2780.00   .7491015E-10
 88.0    2790.00   .8866368E-10
 88.0    2800.00   .8840482E-10
 88.0    2810.00   .8701098E-10
 88.0    2820.00   .8779320E-10
 88.0    2830.00   .8224306E-10
 88.0    2840.00   .7543285E-10
 88.0    2850.00   .7940527E-10
 88.0    2860.00   .7806687E-10
 88.0    2870.00   .7939613E-10
 88.0    2880.00   .7752603E-10
 88.0    2890.00   .8198601E-10
 88.0    2900.00   .9391803E-10
 88.0    2910.00   .1007734E-09
 88.0    2920.00   .1123838E-09
 88.0    2930.00   .1172804E-09
 88.0    2940.00   .1221487E-09
 88.0    2950.00   .1275714E-09
 88.0    2960.00   .1224085E-09
 88.0    2970.00   .1193600E-09
 88.0    2980.00   .1183044E-09
 88.0    2990.00   .1154513E-09
 88.0    3000.00   .1057997E-09
 88.0    3010.00   .1016864E-09
 88.0    3020.00   .9275232E-10
 88.0    3030.00   .9527237E-10
 88.0    3040.00   .9919436E-10
 88.0    3050.00   .9802280E-10
 88.0    3060.00   .9926058E-10
 88.0    3070.00   .9461659E-10
 88.0    3080.00   .1025540E-09
 88.0    3090.00   .1019601E-09
 88.0    3100.00   .8750142E-10
 88.0    3110.00   .8954172E-10
 88.0    3120.00   .1013926E-09
 88.0    3130.00   .9878913E-10
 88.0    3140.00   .1030583E-09
 88.0    3150.00   .1012679E-09
 88.0    3160.00   .1058490E-09
 88.0    3170.00   .1068780E-09
 88.0    3180.00   .1222352E-09
 88.0    3190.00   .1269687E-09
 88.0    3200.00   .1387518E-09
 88.0    3210.00   .1306093E-09
 88.0    3220.00   .1284193E-09
 88.0    3230.00   .1148839E-09
 88.0    3240.00   .1112414E-09
 88.0    3250.00   .1063795E-09
 88.0    3260.00   .9977867E-10
 88.0    3270.00   .9656041E-10
 88.0    3280.00   .9137136E-10
 88.0    3290.00   .8758880E-10
 88.0    3300.00   .9216275E-10
 88.0    3310.00   .8999477E-10
 88.0    3320.00   .9853746E-10
 88.0    3330.00   .9844343E-10
 88.0    3340.00   .9992139E-10
 88.0    3350.00   .9731635E-10
 88.0    3360.00   .9769312E-10
 88.0    3370.00   .1015544E-09
 88.0    3380.00   .9981832E-10
 88.0    3390.00   .1017113E-09
 88.0    3400.00   .1062329E-09
 88.0    3410.00   .1067864E-09
 88.0    3420.00   .1221010E-09
 88.0    3430.00   .1302033E-09
 88.0    3440.00   .1284126E-09
 88.0    3450.00   .1306979E-09
 88.0    3460.00   .1212820E-09
 88.0    3470.00   .1250230E-09
 88.0    3480.00   .1246457E-09
 88.0    3490.00   .1240443E-09
 88.0    3500.00   .1166136E-09
 88.0    3510.00   .1244652E-09
 88.0    3520.00   .1309625E-09
 88.0    3530.00   .1426287E-09
 88.0    3540.00   .1534359E-09
 88.0    3550.00   .1648932E-09
 88.0    3560.00   .1660413E-09
 88.0    3570.00   .1646723E-09
 88.0    3580.00   .1713526E-09
 88.0    3590.00   .1683026E-09
 88.0    3600.00   .1769124E-09
 88.0    3610.00   .1763659E-09
 88.0    3620.00   .1803638E-09
 88.0    3630.00   .1740360E-09
 88.0    3640.00   .1611121E-09
 88.0    3650.00   .1642659E-09
 88.0    3660.00   .1701919E-09
 88.0    3670.00   .1905537E-09
 88.0    3680.00   .2086043E-09
 88.0    3690.00   .2325570E-09
 88.0    3700.00   .2658837E-09
 88.0    3710.00   .2875999E-09
 88.0    3720.00   .2987964E-09
 88.0    3730.00   .3070692E-09
 88.0    3740.00   .2945581E-09
 88.0    3750.00   .2745636E-09
 88.0    3760.00   .2541651E-09
 88.0    3770.00   .2276239E-09
 88.0    3780.00   .1927824E-09
 88.0    3790.00   .1551540E-09
 88.0    3800.00   .1314681E-09
 88.0    3810.00   .1110733E-09
 88.0    3820.00   .1007570E-09
 88.0    3830.00   .8816375E-10
 88.0    3840.00   .9375019E-10
 88.0    3850.00   .9949324E-10
 88.0    3860.00   .1176378E-09
 88.0    3870.00   .1404447E-09
 88.0    3880.00   .1762869E-09
 88.0    3890.00   .2038647E-09
 88.0    3900.00   .2318614E-09
 88.0    3910.00   .2511532E-09
 88.0    3920.00   .2862030E-09
 88.0    3930.00   .3011094E-09
 88.0    3940.00   .3340561E-09
 88.0    3950.00   .3525381E-09
 88.0    3960.00   .3750356E-09
 88.0    3970.00   .3953156E-09
 88.0    3980.00   .4163118E-09
 88.0    3990.00   .4327395E-09
 88.0    4000.00   .4192941E-09
 88.0    4010.00   .4105106E-09
 88.0    4020.00   .3766728E-09
 88.0    4030.00   .3683877E-09
 88.0    4040.00   .3241725E-09
 88.0    4050.00   .3123241E-09
 88.0    4060.00   .2876360E-09
 88.0    4070.00   .2782346E-09
 88.0    4080.00   .2638874E-09
 88.0    4090.00   .2617426E-09
 88.0    4100.00   .2511079E-09
 88.0    4110.00   .2385914E-09
 88.0    4120.00   .2253287E-09
 88.0    4130.00   .2202875E-09
 88.0    4140.00   .2094652E-09
 88.0    4150.00   .2114070E-09
 88.0    4160.00   .2078548E-09
 88.0    4170.00   .2054403E-09
 88.0    4180.00   .2094772E-09
 88.0    4190.00   .2145618E-09
 88.0    4200.00   .2171581E-09
 88.0    4210.00   .2191772E-09
 88.0    4220.00   .2305427E-09
 88.0    4230.00   .2206107E-09
 88.0    4240.00   .2263439E-09
 88.0    4250.00   .2308394E-09
 88.0    4260.00   .2355805E-09
 88.0    4270.00   .2233926E-09
 88.0    4280.00   .2322274E-09
 88.0    4290.00   .2333746E-09
 88.0    4300.00   .2318618E-09
 88.0    4310.00   .2490254E-09
 88.0    4320.00   .2428210E-09
 88.0    4330.00   .2569179E-09
 88.0    4340.00   .2496962E-09
 88.0    4350.00   .2492958E-09
 88.0    4360.00   .2557023E-09
 88.0    4370.00   .2351126E-09
 88.0    4380.00   .2099318E-09
 88.0    4390.00   .1914149E-09
 88.0    4400.00   .1831882E-09
 88.0    4410.00   .1620695E-09
 88.0    4420.00   .1502783E-09
 88.0    4430.00   .1366817E-09
 88.0    4440.00   .1311052E-09
 88.0    4450.00   .1280876E-09
 88.0    4460.00   .1274712E-09
 88.0    4470.00   .1316215E-09
 88.0    4480.00   .1341850E-09
 88.0    4490.00   .1404985E-09
 88.0    4500.00   .1477942E-09
 88.0    4510.00   .1575929E-09
 88.0    4520.00   .1633349E-09
 88.0    4530.00   .1832366E-09
 88.0    4540.00   .1967112E-09
 88.0    4550.00   .2133000E-09
 88.0    4560.00   .2348552E-09
 88.0    4570.00   .2440934E-09
 88.0    4580.00   .2755959E-09
 88.0    4590.00   .2966396E-09
 88.0    4600.00   .3351235E-09
 88.0    4610.00   .3458193E-09
 88.0    4620.00   .3610453E-09
 88.0    4630.00   .3645883E-09
 88.0    4640.00   .3849329E-09
 88.0    4650.00   .3946663E-09
 88.0    4660.00   .3908744E-09
 88.0    4670.00   .3850899E-09
 88.0    4680.00   .3563544E-09
 88.0    4690.00   .3358031E-09
 88.0    4700.00   .2832790E-09
 88.0    4710.00   .2710866E-09
 88.0    4720.00   .2322502E-09
 88.0    4730.00   .2090555E-09
 88.0    4740.00   .1822080E-09
 88.0    4750.00   .1697882E-09
 88.0    4760.00   .1557900E-09
 88.0    4770.00   .1425800E-09
 88.0    4780.00   .1361871E-09
 88.0    4790.00   .1451945E-09
 88.0    4800.00   .1505807E-09
 88.0    4810.00   .1563254E-09
 88.0    4820.00   .1623044E-09
 88.0    4830.00   .1682010E-09
 88.0    4840.00   .1750089E-09
 88.0    4850.00   .1749832E-09
 88.0    4860.00   .1740849E-09
 88.0    4870.00   .1718927E-09
 88.0    4880.00   .1695888E-09
 88.0    4890.00   .1708902E-09
 88.0    4900.00   .1756126E-09
 88.0    4910.00   .1838036E-09
 88.0    4920.00   .1956979E-09
 88.0    4930.00   .2104067E-09
 88.0    4940.00   .2399496E-09
 88.0    4950.00   .2527177E-09
 88.0    4960.00   .2613598E-09
 88.0    4970.00   .2649716E-09
 88.0    4980.00   .2574656E-09
 88.0    4990.00   .2470882E-09
 88.0    5000.00   .2327347E-09
 88.0    5010.00   .2161339E-09
 88.0    5020.00   .1998015E-09
 88.0    5030.00   .1725351E-09
 88.0    5040.00   .1628029E-09
 88.0    5050.00   .1559930E-09
 88.0    5060.00   .1516102E-09
 88.0    5070.00   .1490404E-09
 88.0    5080.00   .1474832E-09
 88.0    5090.00   .1474637E-09
 88.0    5100.00   .1474081E-09
 88.0    5110.00   .1475950E-09
 88.0    5120.00   .1491488E-09
 88.0    5130.00   .1451921E-09
 88.0    5140.00   .1429570E-09
 88.0    5150.00   .1421194E-09
 88.0    5160.00   .1427979E-09
 88.0    5170.00   .1468462E-09
 88.0    5180.00   .1574754E-09
 88.0    5190.00   .1673322E-09
 88.0    5200.00   .1764073E-09
 88.0    5210.00   .1694312E-09
 88.0    5220.00   .1798458E-09
 88.0    5230.00   .2102786E-09
 88.0    5240.00   .2065842E-09
 88.0    5250.00   .2180679E-09
 88.0    5260.00   .2115983E-09
 88.0    5270.00   .2223218E-09
 88.0    5280.00   .2630363E-09
 88.0    5290.00   .2672869E-09
 88.0    5300.00   .2441071E-09
 88.0    5310.00   .2902761E-09
 88.0    5320.00   .2892977E-09
 88.0    5330.00   .2789240E-09
 88.0    5340.00   .2714684E-09
 88.0    5350.00   .2707235E-09
 88.0    5360.00   .2513761E-09
 88.0    5370.00   .2540735E-09
 88.0    5380.00   .2492665E-09
 88.0    5390.00   .2268781E-09
 88.0    5400.00   .2703120E-09
 88.0    5410.00   .2633991E-09
 88.0    5420.00   .2405080E-09
 88.0    5430.00   .2297205E-09
 88.0    5440.00   .2734869E-09
 88.0    5450.00   .2924916E-09
 88.0    5460.00   .2937150E-09
 88.0    5470.00   .3483916E-09
 88.0    5480.00   .3383252E-09
 88.0    5490.00   .3504116E-09
 88.0    5500.00   .3831994E-09
 88.0    5510.00   .3961040E-09
 88.0    5520.00   .3953706E-09
 88.0    5530.00   .3436311E-09
 88.0    5540.00   .3608401E-09
 88.0    5550.00   .3595992E-09
 88.0    5560.00   .3466302E-09
 88.0    5570.00   .3458949E-09
 88.0    5580.00   .3038304E-09
 88.0    5590.00   .2915564E-09
 88.0    5600.00   .2751705E-09
 88.0    5610.00   .2429744E-09
 88.0    5620.00   .2220526E-09
 88.0    5630.00   .2120862E-09
 88.0    5640.00   .1976406E-09
 88.0    5650.00   .1719257E-09
 88.0    5660.00   .1559583E-09
 88.0    5670.00   .1239646E-09
 88.0    5680.00   .1168454E-09
 88.0    5690.00   .1076002E-09
 88.0    5700.00   .1167709E-09
 88.0    5710.00   .1110358E-09
 88.0    5720.00   .1138800E-09
 88.0    5730.00   .1207172E-09
 88.0    5740.00   .1176924E-09
 88.0    5750.00   .1252122E-09
 88.0    5760.00   .1191594E-09
 88.0    5770.00   .1418008E-09
 88.0    5780.00   .1710606E-09
 88.0    5790.00   .1765194E-09
 88.0    5800.00   .2054139E-09
 88.0    5810.00   .2217913E-09
 88.0    5820.00   .2443467E-09
 88.0    5830.00   .2488589E-09
 88.0    5840.00   .2644753E-09
 88.0    5850.00   .2572527E-09
 88.0    5860.00   .2872803E-09
 88.0    5870.00   .2861062E-09
 88.0    5880.00   .2525015E-09
 88.0    5890.00   .1622722E-09
 88.0    5900.00   .2394663E-09
 88.0    5910.00   .2579367E-09
 88.0    5920.00   .2696915E-09
 88.0    5930.00   .2198493E-09
 88.0    5940.00   .2140219E-09
 88.0    5950.00   .2062531E-09
 88.0    5960.00   .1997747E-09
 88.0    5970.00   .1827530E-09
 88.0    5980.00   .1869593E-09
 88.0    5990.00   .1876246E-09
 88.0    6000.00   .1589733E-09
 88.0    6010.00   .1715144E-09
 88.0    6020.00   .1711906E-09
 88.0    6030.00   .1733260E-09
 88.0    6040.00   .1712344E-09
 88.0    6050.00   .1866915E-09
 88.0    6060.00   .2039878E-09
 88.0    6070.00   .1951827E-09
 88.0    6080.00   .2066593E-09
 88.0    6090.00   .1952835E-09
 88.0    6100.00   .1978236E-09
 88.0    6110.00   .1950613E-09
 88.0    6120.00   .1854885E-09
 88.0    6130.00   .1793162E-09
 88.0    6140.00   .2045976E-09
 88.0    6150.00   .1949699E-09
 88.0    6160.00   .1841189E-09
 88.0    6170.00   .1618486E-09
 88.0    6180.00   .1753976E-09
 88.0    6190.00   .1903261E-09
 88.0    6200.00   .1814308E-09
 88.0    6210.00   .1698328E-09
 88.0    6220.00   .1907544E-09
 88.0    6230.00   .1877110E-09
 88.0    6240.00   .1771530E-09
 88.0    6250.00   .1963212E-09
 88.0    6260.00   .1819954E-09
 88.0    6270.00   .1673047E-09
 88.0    6280.00   .1637647E-09
 88.0    6290.00   .1546642E-09
 88.0    6300.00   .1499782E-09
 88.0    6310.00   .1458858E-09
 88.0    6320.00   .1448630E-09
 88.0    6330.00   .1467332E-09
 88.0    6340.00   .1513776E-09
 88.0    6350.00   .1567970E-09
 88.0    6360.00   .1622077E-09
 88.0    6370.00   .1687566E-09
 88.0    6380.00   .1751481E-09
 88.0    6390.00   .1864185E-09
 88.0    6400.00   .2005401E-09
 88.0    6410.00   .2174206E-09
 88.0    6420.00   .2353555E-09
 88.0    6430.00   .2484073E-09
 88.0    6440.00   .2658049E-09
 88.0    6450.00   .2823838E-09
 88.0    6460.00   .2976110E-09
 88.0    6470.00   .3105763E-09
 88.0    6480.00   .3201498E-09
 88.0    6490.00   .3327202E-09
 88.0    6500.00   .3446208E-09
 88.0    6510.00   .3541410E-09
 88.0    6520.00   .3605914E-09
 88.0    6530.00   .3664231E-09
 88.0    6540.00   .3721914E-09
 88.0    6550.00   .3770891E-09
 88.0    6560.00   .3798290E-09
 88.0    6570.00   .3807841E-09
 88.0    6580.00   .3819323E-09
 88.0    6590.00   .3803037E-09
 88.0    6600.00   .3769360E-09
 88.0    6610.00   .3700438E-09
 88.0    6620.00   .3611412E-09
 88.0    6630.00   .3553320E-09
 88.0    6640.00   .3440399E-09
 88.0    6650.00   .3314131E-09
 88.0    6660.00   .3177814E-09
 88.0    6670.00   .3033877E-09
 88.0    6680.00   .2950131E-09
 88.0    6690.00   .2817180E-09
 88.0    6700.00   .2683000E-09
 88.0    6710.00   .2555775E-09
 88.0    6720.00   .2432135E-09
 88.0    6730.00   .2361269E-09
 88.0    6740.00   .2245338E-09
 88.0    6750.00   .2137292E-09
 88.0    6760.00   .2060303E-09
 88.0    6770.00   .2012591E-09
 88.0    6780.00   .1935431E-09
 88.0    6790.00   .1877454E-09
 88.0    6800.00   .1833358E-09
 88.0    6810.00   .1794348E-09
 88.0    6820.00   .1781972E-09
 88.0    6830.00   .1763552E-09
 88.0    6840.00   .1797208E-09
 88.0    6850.00   .1752668E-09
 88.0    6860.00   .1600957E-09
 88.0    6870.00   .1528464E-09
 88.0    6880.00   .1503269E-09
 88.0    6890.00   .1594545E-09
 88.0    6900.00   .1664300E-09
 88.0    6910.00   .1724639E-09
 88.0    6920.00   .1787737E-09
 88.0    6930.00   .1834024E-09
 88.0    6940.00   .1856083E-09
 88.0    6950.00   .1879132E-09
 88.0    6960.00   .1924143E-09
 88.0    6970.00   .1952121E-09
 88.0    6980.00   .1957327E-09
 88.0    6990.00   .1960355E-09
 88.0    7000.00   .2052213E-09
 88.0    7010.00   .2167525E-09
 88.0    7020.00   .2146260E-09
 88.0    7030.00   .2158330E-09
 88.0    7040.00   .2115362E-09
 88.0    7050.00   .2089510E-09
 88.0    7060.00   .2129874E-09
 88.0    7070.00   .2060299E-09
 88.0    7080.00   .2053733E-09
 88.0    7090.00   .2124810E-09
 88.0    7100.00   .2146565E-09
 88.0    7110.00   .2116692E-09
 88.0    7120.00   .2171043E-09
 88.0    7130.00   .2174365E-09
 88.0    7140.00   .2175901E-09
 88.0    7150.00   .2243358E-09
 88.0    7160.00   .2231299E-09
 88.0    7170.00   .2266778E-09
 88.0    7180.00   .2436637E-09
 88.0    7190.00   .2527144E-09
 88.0    7200.00   .2632007E-09
 88.0    7210.00   .2595684E-09
 88.0    7220.00   .2585885E-09
 88.0    7230.00   .2646183E-09
 88.0    7240.00   .2792016E-09
 88.0    7250.00   .2902587E-09
 88.0    7260.00   .3190427E-09
 88.0    7270.00   .3130993E-09
 88.0    7280.00   .2996259E-09
 88.0    7290.00   .2920774E-09
 88.0    7300.00   .2955931E-09
 88.0    7310.00   .2977180E-09
 88.0    7320.00   .2931669E-09
 88.0    7330.00   .2836125E-09
 88.0    7340.00   .2787454E-09
 88.0    7350.00   .2738597E-09
 88.0    7360.00   .2694030E-09
 88.0    7370.00   .2682846E-09
 88.0    7380.00   .2656372E-09
 88.0    7390.00   .2643214E-09
 88.0    7400.00   .2642295E-09
 88.0    7410.00   .2643806E-09
 88.0    7420.00   .2696893E-09
 88.0    7430.00   .2694326E-09
 88.0    7440.00   .2693197E-09
 88.0    7450.00   .2687780E-09
 88.0    7460.00   .2679737E-09
 88.0    7470.00   .2669838E-09
 88.0    7480.00   .2606792E-09
 88.0    7490.00   .2527969E-09
 88.0    7500.00   .2433041E-09
 88.0    7510.00   .2323944E-09
 88.0    7520.00   .2153233E-09
 88.0    7530.00   .2010656E-09
 88.0    7540.00   .1884713E-09
 88.0    7550.00   .1863689E-09
 88.0    7560.00   .1704364E-09
 88.0    7570.00   .1441078E-09
 88.0    7580.00   .1405473E-09
 88.0    7590.00   .1355720E-09
 88.0    7600.00   .1303532E-09
 88.0    7610.00   .9571219E-10
 88.0    7620.00   .3556364E-10
 88.0    7630.00   .6961444E-10
 88.0    7640.00   .8657778E-10
 88.0    7650.00   .7060460E-10
 88.0    7660.00   .8917066E-10
 88.0    7670.00   .1076439E-09
 88.0    7680.00   .1325354E-09
 88.0    7690.00   .1410512E-09
 88.0    7700.00   .1476612E-09
 88.0    7710.00   .1558575E-09
 88.0    7720.00   .1559419E-09
 88.0    7730.00   .1514047E-09
 88.0    7740.00   .1605239E-09
 88.0    7750.00   .1564438E-09
 88.0    7760.00   .1499379E-09
 88.0    7770.00   .1537809E-09
 88.0    7780.00   .1518548E-09
 88.0    7790.00   .1509182E-09
 88.0    7800.00   .1413457E-09
 88.0    7810.00   .1399891E-09
 88.0    7820.00   .1395785E-09
 88.0    7830.00   .1278643E-09
 88.0    7840.00   .1265563E-09
 88.0    7850.00   .1254511E-09
 88.0    7860.00   .1196132E-09
 88.0    7870.00   .1101943E-09
 88.0    7880.00   .1074664E-09
 88.0    7890.00   .1012879E-09
 88.0    7900.00   .9390980E-10
 88.0    7910.00   .9002162E-10
 88.0    7920.00   .8860649E-10
 88.0    7930.00   .8125863E-10
 88.0    7940.00   .7442350E-10
 88.0    7950.00   .6996221E-10
 88.0    7960.00   .6897498E-10
 88.0    7970.00   .6657837E-10
 88.0    7980.00   .6008008E-10
 88.0    7990.00   .5690476E-10
 88.0    8000.00   .5409011E-10
 88.0    8010.00   .5498538E-10
 88.0    8020.00   .5053170E-10
 88.0    8030.00   .4867046E-10
 88.0    8040.00   .4714645E-10
 88.0    8050.00   .4717163E-10
 88.0    8060.00   .4658144E-10
 88.0    8070.00   .4753715E-10
 88.0    8080.00   .4587664E-10
 88.0    8090.00   .4170665E-10
 88.0    8100.00   .4449715E-10
 88.0    8110.00   .4281318E-10
 88.0    8120.00   .4375699E-10
 88.0    8130.00   .4185980E-10
 88.0    8140.00   .4486019E-10
 88.0    8150.00   .4143394E-10
 88.0    8160.00   .4058063E-10
 88.0    8170.00   .4355856E-10
 88.0    8180.00   .3914931E-10
 88.0    8190.00   .3766101E-10
 88.0    8200.00   .3603848E-10
 88.0    8210.00   .3175632E-10
 88.0    8220.00   .2927145E-10
 88.0    8230.00   .2542536E-10
 88.0    8240.00   .2160969E-10
 88.0    8250.00   .1540056E-10
 88.0    8260.00   .1471411E-10
 88.0    8270.00   .1273758E-10
 88.0    8280.00   .1257274E-10
 88.0    8290.00   .1293240E-10
 88.0    8300.00   .9489727E-11
 88.0    8310.00   .9841574E-11
 88.0    8320.00   .1182217E-10
 88.0    8330.00   .1123341E-10
 88.0    8340.00   .1158854E-10
 88.0    8350.00   .1427799E-10
 88.0    8360.00   .1221334E-10
 88.0    8370.00   .1410184E-10
 88.0    8380.00   .1688459E-10
 88.0    8390.00   .1648097E-10
 88.0    8400.00   .1616066E-10
 88.0    8410.00   .1684285E-10
 88.0    8420.00   .1737168E-10
 88.0    8430.00   .2068154E-10
 88.0    8440.00   .2325941E-10
 88.0    8450.00   .2535101E-10
 88.0    8460.00   .2679487E-10
 88.0    8470.00   .2911916E-10
 88.0    8480.00   .3482316E-10
 88.0    8490.00   .4082048E-10
 88.0    8500.00   .4667692E-10
 88.0    8510.00   .5127367E-10
 88.0    8520.00   .5589342E-10
 88.0    8530.00   .6171166E-10
 88.0    8540.00   .6892455E-10
 88.0    8550.00   .8080423E-10
 88.0    8560.00   .8901504E-10
 88.0    8570.00   .8831361E-10
 88.0    8580.00   .8650257E-10
 88.0    8590.00   .8576214E-10
 88.0    8600.00   .8707871E-10
 88.0    8610.00   .8766137E-10
 88.0    8620.00   .9565489E-10
 88.0    8630.00   .9777059E-10
 88.0    8640.00   .9455521E-10
 88.0    8650.00   .9078732E-10
 88.0    8660.00   .8677241E-10
 88.0    8670.00   .8383722E-10
 88.0    8680.00   .9275306E-10
 88.0    8690.00   .1020674E-09
 88.0    8700.00   .9957190E-10
 88.0    8710.00   .9424043E-10
 88.0    8720.00   .9265213E-10
 88.0    8730.00   .9409736E-10
 88.0    8740.00   .9924273E-10
 88.0    8750.00   .1137638E-09
 88.0    8760.00   .1169208E-09
 88.0    8770.00   .1068790E-09
 88.0    8780.00   .1009997E-09
 88.0    8790.00   .1113163E-09
 88.0    8800.00   .1213144E-09
 88.0    8810.00   .1213436E-09
 88.0    8820.00   .1191278E-09
 88.0    8830.00   .1127507E-09
 88.0    8840.00   .1021844E-09
 88.0    8850.00   .1019773E-09
 88.0    8860.00   .1063741E-09
 88.0    8870.00   .1159779E-09
 88.0    8880.00   .1144579E-09
 88.0    8890.00   .1030447E-09
 88.0    8900.00   .9392889E-10
 88.0    8910.00   .9272875E-10
 88.0    8920.00   .9650048E-10
 88.0    8930.00   .9866053E-10
 88.0    8940.00   .9499212E-10
 88.0    8950.00   .9551272E-10
 88.0    8960.00   .9194173E-10
 88.0    8970.00   .8759899E-10
 88.0    8980.00   .8385929E-10
 88.0    8990.00   .8323621E-10
 88.0    9000.00   .8745310E-10
 88.0    9010.00   .7944337E-10
 88.0    9020.00   .7685131E-10
 88.0    9030.00   .7907745E-10
 88.0    9040.00   .7647719E-10
 88.0    9050.00   .7406656E-10
 88.0    9060.00   .7691335E-10
 88.0    9070.00   .7714840E-10
 88.0    9080.00   .7341098E-10
 88.0    9090.00   .7201664E-10
 88.0    9100.00   .7216605E-10
 88.0    9110.00   .7285010E-10
 88.0    9120.00   .7665738E-10
 88.0    9130.00   .7836490E-10
 88.0    9140.00   .7690541E-10
 88.0    9150.00   .7207503E-10
 88.0    9160.00   .7000878E-10
 88.0    9170.00   .7056496E-10
 88.0    9180.00   .6817938E-10
 88.0    9190.00   .6942650E-10
 88.0    9200.00   .6862705E-10
 88.0    9210.00   .6937660E-10
 88.0    9220.00   .7208264E-10
 88.0    9230.00   .7319296E-10
 88.0    9240.00   .7907691E-10
 88.0    9250.00   .8192746E-10
 88.0    9260.00   .7193868E-10
 88.0    9270.00   .6870429E-10
 88.0    9280.00   .6564318E-10
 88.0    9290.00   .6403099E-10
 88.0    9300.00   .6744470E-10
 88.0    9310.00   .6884354E-10
 88.0    9320.00   .6781932E-10
 88.0    9330.00   .6203526E-10
 88.0    9340.00   .5164845E-10
 88.0    9350.00   .5306849E-10
 88.0    9360.00   .5502066E-10
 88.0    9370.00   .5731416E-10
 88.0    9380.00   .5536406E-10
 88.0    9390.00   .8007735E-10
 88.0    9400.00   .7167223E-10
 88.0    9410.00   .4750767E-10
 88.0    9420.00   .5288317E-10
 88.0    9430.00   .5142887E-10
 88.0    9440.00   .5184588E-10
 88.0    9450.00   .5676527E-10
 88.0    9460.00   .5942366E-10
 88.0    9470.00   .6572636E-10
 88.0    9480.00   .6435476E-10
 88.0    9490.00   .6456112E-10
 88.0    9500.00   .6429057E-10
 88.0    9510.00   .6558215E-10
 88.0    9520.00   .5849851E-10
 88.0    9530.00   .6815375E-10
 88.0    9540.00   .8653679E-10
 88.0    9550.00   .7882601E-10
 88.0    9560.00   .7485016E-10
 88.0    9570.00   .7567968E-10
 88.0    9580.00   .6736270E-10
 88.0    9590.00   .6618949E-10
 88.0    9600.00   .7257307E-10
 88.0    9610.00   .7083360E-10
 88.0    9620.00   .6913725E-10
 88.0    9630.00   .6311190E-10
 88.0    9640.00   .5712481E-10
 88.0    9650.00   .5878126E-10
 88.0    9660.00   .5785147E-10
 88.0    9670.00   .5793841E-10
 88.0    9680.00   .5341913E-10
 88.0    9690.00   .4796626E-10
 88.0    9700.00   .5281425E-10
 88.0    9710.00   .5453043E-10
 88.0    9720.00   .5542229E-10
 88.0    9730.00   .5193502E-10
 88.0    9740.00   .5052729E-10
 88.0    9750.00   .5438971E-10
 88.0    9760.00   .4907785E-10
 88.0    9770.00   .5293206E-10
 88.0    9780.00   .5721385E-10
 88.0    9790.00   .5276866E-10
 88.0    9800.00   .6021279E-10
 88.0    9810.00   .6155785E-10
 88.0    9820.00   .5518358E-10
 88.0    9830.00   .5763736E-10
 88.0    9840.00   .6182230E-10
 88.0    9850.00   .6884030E-10
 88.0    9860.00   .7073388E-10
 88.0    9870.00   .7109152E-10
 88.0    9880.00   .8444024E-10
 88.0    9890.00   .8347913E-10
 88.0    9900.00   .7612365E-10
 88.0    9910.00   .7502075E-10
 88.0    9920.00   .8079976E-10
 88.0    9930.00   .8368784E-10
 88.0    9940.00   .8381682E-10
 88.0    9950.00   .8100410E-10
 88.0    9960.00   .8358454E-10
 88.0    9970.00   .9695808E-10
 88.0    9980.00   .8596791E-10
 88.0    9990.00   .8443248E-10
 88.0   10000.00   .8778114E-10
 88.0   10010.00   .8717514E-10
 88.0   10020.00   .8656847E-10
 88.0   10030.00   .8596140E-10
 88.0   10040.00   .8535360E-10
 88.0   10050.00   .8474535E-10
 88.0   10060.00   .8413637E-10
 88.0   10070.00   .8352703E-10
 88.0   10080.00   .8291696E-10
 88.0   10090.00   .8230655E-10
 88.0   10100.00   .8169534E-10
 88.0   10110.00   .8108387E-10
 88.0   10120.00   .8047184E-10
 88.0   10130.00   .7985926E-10
 88.0   10140.00   .7924628E-10
 88.0   10150.00   .7863268E-10
 88.0   10160.00   .7801869E-10
 88.0   10170.00   .7740416E-10
 88.0   10180.00   .7678918E-10
 88.0   10190.00   .7617382E-10
 88.0   10200.00   .7555794E-10
 88.0   10210.00   .7494169E-10
 88.0   10220.00   .7432486E-10
 88.0   10230.00   .7370773E-10
 88.0   10240.00   .7309004E-10
 88.0   10250.00   .7247213E-10
 88.0   10260.00   .7185365E-10
 88.0   10270.00   .7123489E-10
 88.0   10280.00   .7061564E-10
 88.0   10290.00   .6999607E-10
 88.0   10300.00   .6937604E-10
 88.0   10310.00   .6875572E-10
 88.0   10320.00   .6813500E-10
 88.0   10330.00   .6751392E-10
 88.0   10340.00   .6689250E-10
 88.0   10350.00   .6627072E-10
 88.0   10360.00   .6564858E-10
 88.0   10370.00   .6502619E-10
 88.0   10380.00   .6440334E-10
 88.0   10390.00   .6378028E-10
 88.0   10400.00   .6315685E-10
 88.0   10410.00   .6253319E-10
 88.0   10420.00   .6190913E-10
 88.0   10430.00   .6128477E-10
 88.0   10440.00   .6066021E-10
 88.0   10450.00   .6003525E-10
 88.0   10460.00   .5941016E-10
 88.0   10470.00   .5878470E-10
 88.0   10480.00   .5815900E-10
 88.0   10490.00   .5753306E-10
 88.0   10500.00   .5690683E-10
 88.0   10510.00   .5628039E-10
 88.0   10520.00   .5565366E-10
 88.0   10530.00   .5502671E-10
 88.0   10540.00   .5439956E-10
 88.0   10550.00   .5377217E-10
 88.0   10560.00   .5314458E-10
 88.0   10570.00   .5251675E-10
 88.0   10580.00   .5188869E-10
 88.0   10590.00   .5126050E-10
 88.0   10600.00   .5063205E-10
 88.0   10610.00   .5000342E-10
 88.0   10620.00   .4937461E-10
 88.0   10630.00   .4874562E-10
 88.0   10640.00   .4811646E-10
 88.0   10650.00   .4748714E-10
 88.0   10660.00   .4685763E-10
 88.0   10670.00   .4622794E-10
 88.0   10680.00   .4559811E-10
 88.0   10690.00   .4496816E-10
 88.0   10700.00   .4433806E-10
 88.0   10710.00   .4370776E-10
 88.0   10720.00   .4307733E-10
 88.0   10730.00   .4244678E-10
 88.0   10740.00   .4181615E-10
 88.0   10750.00   .4118532E-10
 88.0   10760.00   .4055440E-10
 88.0   10770.00   .3992336E-10
 88.0   10780.00   .3929217E-10
 88.0   10790.00   .3866088E-10
 88.0   10800.00   .3802953E-10
 88.0   10810.00   .3739805E-10
 88.0   10820.00   .3676646E-10
 88.0   10830.00   .3613476E-10
 88.0   10840.00   .3550301E-10
 88.0   10850.00   .3487115E-10
 88.0   10860.00   .3423917E-10
 88.0   10870.00   .3360711E-10
 88.0   10880.00   .3297502E-10
 88.0   10890.00   .3234281E-10
 88.0   10900.00   .3171055E-10
 88.0   10910.00   .3107819E-10
 88.0   10920.00   .3044577E-10
 88.0   10930.00   .2981329E-10
 88.0   10940.00   .2918075E-10
 88.0   10950.00   .2854813E-10
 88.0   10960.00   .2791545E-10
 88.0   10970.00   .2728273E-10
 88.0   10980.00   .2664994E-10
 88.0   10990.00   .2601713E-10
 88.0   11000.00   .2538424E-10
 88.0   11010.00   .2475131E-10
 88.0   11020.00   .2411834E-10
 88.0   11030.00   .2348532E-10
 88.0   11040.00   .2285226E-10
 88.0   11050.00   .2221915E-10
 88.0   11060.00   .2158604E-10
 88.0   11070.00   .2095285E-10
 88.0   11080.00   .2031963E-10
 88.0   11090.00   .1968641E-10
 88.0   11100.00   .1905310E-10
 88.0   11110.00   .1841980E-10
 88.0   11120.00   .1778648E-10
 88.0   11130.00   .1715309E-10
 88.0   11140.00   .1651972E-10
 88.0   11150.00   .1588630E-10
 88.0   11160.00   .1525286E-10
 88.0   11170.00   .1461939E-10
 88.0   11180.00   .1398588E-10
 88.0   11190.00   .1335237E-10
 88.0   11200.00   .1271882E-10
 88.0   11210.00   .1208527E-10
 88.0   11220.00   .1145168E-10
 88.0   11230.00   .1081808E-10
 88.0   11240.00   .1018444E-10
 88.0   11250.00   .9550795E-11
 88.0   11260.00   .8917125E-11
 88.0   11270.00   .8283430E-11
 88.0   11280.00   .7649721E-11
 88.0   11290.00   .7015996E-11
 88.0   11300.00   .6382236E-11
 88.0   11310.00   .6382356E-11
 88.0   11320.00   .6382473E-11
 88.0   11330.00   .6382588E-11
 88.0   11340.00   .6382717E-11
 88.0   11350.00   .6382845E-11
 88.0   11360.00   .6382971E-11
 88.0   11370.00   .6383107E-11
 88.0   11380.00   .6383237E-11
 88.0   11390.00   .6383379E-11
 88.0   11400.00   .6383523E-11
 88.0   11410.00   .6383664E-11
 88.0   11420.00   .6383820E-11
 88.0   11430.00   .6383969E-11
 88.0   11440.00   .6384128E-11
 88.0   11450.00   .6384292E-11
 88.0   11460.00   .6384463E-11
 88.0   11470.00   .6384630E-11
 88.0   11480.00   .6384812E-11
 88.0   11490.00   .6384996E-11
 88.0   11500.00   .6385179E-11
 88.0   11510.00   .6385373E-11
 88.0   11520.00   .6385573E-11
 88.0   11530.00   .6385780E-11
 88.0   11540.00   .6385992E-11
 88.0   11550.00   .6386212E-11
 88.0   11560.00   .6386437E-11
 88.0   11570.00   .6386667E-11
 88.0   11580.00   .6386908E-11
 88.0   11590.00   .6387153E-11
 88.0   11600.00   .6387416E-11
 88.0   11610.00   .6387672E-11
 88.0   11620.00   .6387942E-11
 88.0   11630.00   .6388222E-11
 88.0   11640.00   .6388511E-11
 88.0   11650.00   .6388809E-11
 88.0   11660.00   .6389107E-11
 88.0   11670.00   .6389423E-11
 88.0   11680.00   .6389745E-11
 88.0   11690.00   .6390077E-11
 88.0   11700.00   .6390418E-11
 88.0   11710.00   .6390770E-11
 88.0   11720.00   .6391131E-11
 88.0   11730.00   .6391507E-11
 88.0   11740.00   .6391882E-11
 88.0   11750.00   .6392278E-11
 88.0   11760.00   .6392677E-11
 88.0   11770.00   .6393093E-11
 88.0   11780.00   .6393519E-11
 88.0   11790.00   .6393956E-11
 88.0   11800.00   .6394405E-11
 88.0   11810.00   .6394863E-11
 88.0   11820.00   .6395335E-11
 88.0   11830.00   .6395821E-11
 88.0   11840.00   .6396316E-11
 88.0   11850.00   .6396829E-11
 88.0   11860.00   .6397350E-11
 88.0   11870.00   .6397884E-11
 88.0   11880.00   .6398433E-11
 88.0   11890.00   .6398995E-11
 88.0   11900.00   .6399568E-11
 88.0   11910.00   .6400158E-11
 88.0   11920.00   .6400763E-11
 88.0   11930.00   .6401384E-11
 88.0   11940.00   .6402016E-11
 88.0   11950.00   .6402665E-11
 88.0   11960.00   .6403327E-11
 88.0   11970.00   .6404007E-11
 88.0   11980.00   .6404697E-11
 88.0   11990.00   .6405404E-11
 88.0   12000.00   .6406126E-11
 88.0   12010.00   .6406868E-11
 88.0   12020.00   .6407625E-11
 88.0   12030.00   .6408398E-11
 88.0   12040.00   .6409180E-11
 88.0   12050.00   .6409991E-11
 88.0   12060.00   .6410814E-11
 88.0   12070.00   .6411650E-11
 88.0   12080.00   .6412505E-11
 88.0   12090.00   .6413384E-11
 88.0   12100.00   .6414276E-11
 88.0   12110.00   .6415184E-11
 88.0   12120.00   .6416122E-11
 88.0   12130.00   .6417060E-11
 88.0   12140.00   .6418033E-11
 88.0   12150.00   .6419012E-11
 88.0   12160.00   .6420022E-11
 88.0   12170.00   .6421037E-11
 88.0   12180.00   .6422084E-11
 88.0   12190.00   .6423143E-11
 88.0   12200.00   .6424228E-11
 88.0   12210.00   .6425331E-11
 88.0   12220.00   .6426454E-11
 88.0   12230.00   .6427596E-11
 88.0   12240.00   .6428765E-11
 88.0   12250.00   .6429947E-11
 88.0   12260.00   .6431149E-11
 88.0   12270.00   .6432378E-11
 88.0   12280.00   .6433627E-11
 88.0   12290.00   .6434903E-11
 88.0   12300.00   .6436194E-11
 88.0   12310.00   .6437506E-11
 88.0   12320.00   .6438840E-11
 88.0   12330.00   .6440201E-11
 88.0   12340.00   .6441591E-11
 88.0   12350.00   .6442996E-11
 88.0   12360.00   .6444423E-11
 88.0   12370.00   .6445872E-11
 88.0   12380.00   .6447351E-11
 88.0   12390.00   .6448852E-11
 88.0   12400.00   .6450382E-11
 88.0   12410.00   .6451929E-11
 88.0   12420.00   .6453500E-11
 88.0   12430.00   .6455088E-11
 88.0   12440.00   .6456719E-11
 88.0   12450.00   .6458367E-11
 88.0   12460.00   .6460046E-11
 88.0   12470.00   .6461743E-11
 88.0   12480.00   .6463471E-11
 88.0   12490.00   .6465224E-11
 88.0   12500.00   .6467002E-11
 88.0   12510.00   .6469825E-11
 88.0   12520.00   .6472672E-11
 88.0   12530.00   .6475552E-11
 88.0   12540.00   .6478450E-11
 88.0   12550.00   .6481380E-11
 88.0   12560.00   .6484337E-11
 88.0   12570.00   .6487313E-11
 88.0   12580.00   .6490323E-11
 88.0   12590.00   .6493352E-11
 88.0   12600.00   .6496408E-11
 88.0   12610.00   .6499504E-11
 88.0   12620.00   .6502614E-11
 88.0   12630.00   .6505765E-11
 88.0   12640.00   .6508930E-11
 88.0   12650.00   .6512131E-11
 88.0   12660.00   .6515359E-11
 88.0   12670.00   .6518622E-11
 88.0   12680.00   .6521907E-11
 88.0   12690.00   .6525221E-11
 88.0   12700.00   .6528571E-11
 88.0   12710.00   .6531950E-11
 88.0   12720.00   .6535353E-11
 88.0   12730.00   .6538791E-11
 88.0   12740.00   .6542266E-11
 88.0   12750.00   .6545759E-11
 88.0   12760.00   .6549288E-11
 88.0   12770.00   .6552848E-11
 88.0   12780.00   .6556439E-11
 88.0   12790.00   .6560062E-11
 88.0   12800.00   .6563716E-11
 88.0   12810.00   .6567408E-11
 88.0   12820.00   .6571131E-11
 88.0   12830.00   .6574881E-11
 88.0   12840.00   .6578670E-11
 88.0   12850.00   .6582491E-11
 88.0   12860.00   .6586345E-11
 88.0   12870.00   .6590231E-11
 88.0   12880.00   .6594150E-11
 88.0   12890.00   .6598107E-11
 88.0   12900.00   .6602090E-11
 88.0   12910.00   .6606105E-11
 88.0   12920.00   .6610163E-11
 88.0   12930.00   .6614242E-11
 88.0   12940.00   .6618357E-11
 88.0   12950.00   .6622498E-11
 88.0   12960.00   .6626676E-11
 88.0   12970.00   .6630891E-11
 88.0   12980.00   .6635132E-11
 88.0   12990.00   .6639408E-11
 88.0   13000.00   .6643715E-11
 88.0   13010.00   .6648047E-11
 88.0   13020.00   .6652408E-11
 88.0   13030.00   .6656812E-11
 88.0   13040.00   .6661239E-11
 88.0   13050.00   .6665696E-11
 88.0   13060.00   .6670189E-11
 88.0   13070.00   .6674705E-11
 88.0   13080.00   .6679250E-11
 88.0   13090.00   .6683830E-11
 88.0   13100.00   .6688445E-11
 88.0   13110.00   .6693083E-11
 88.0   13120.00   .6697749E-11
 88.0   13130.00   .6702443E-11
 88.0   13140.00   .6707172E-11
 88.0   13150.00   .6711922E-11
 88.0   13160.00   .6716707E-11
 88.0   13170.00   .6721526E-11
 88.0   13180.00   .6726359E-11
 88.0   13190.00   .6731226E-11
 88.0   13200.00   .6736127E-11
 88.0   13210.00   .6741054E-11
 88.0   13220.00   .6746008E-11
 88.0   13230.00   .6750983E-11
 88.0   13240.00   .6755990E-11
 88.0   13250.00   .6761030E-11
 88.0   13260.00   .6766089E-11
 88.0   13270.00   .6771175E-11
 88.0   13280.00   .6776299E-11
 88.0   13290.00   .6781435E-11
 88.0   13300.00   .6786604E-11
 88.0   13310.00   .6791797E-11
 88.0   13320.00   .6797016E-11
 88.0   13330.00   .6802266E-11
 88.0   13340.00   .6807540E-11
 88.0   13350.00   .6812839E-11
 88.0   13360.00   .6818163E-11
 88.0   13370.00   .6823517E-11
 88.0   13380.00   .6828888E-11
 88.0   13390.00   .6834283E-11
 88.0   13400.00   .6839709E-11
 88.0   13410.00   .6845163E-11
 88.0   13420.00   .6850629E-11
 88.0   13430.00   .6856130E-11
 88.0   13440.00   .6861648E-11
 88.0   13450.00   .6867194E-11
 88.0   13460.00   .6872770E-11
 88.0   13470.00   .6878355E-11
 88.0   13480.00   .6883968E-11
 88.0   13490.00   .6889611E-11
 88.0   13500.00   .6895268E-11
 88.0   13510.00   .6900953E-11
 88.0   13520.00   .6906660E-11
 88.0   13530.00   .6912394E-11
 88.0   13540.00   .6918149E-11
 88.0   13550.00   .6923919E-11
 88.0   13560.00   .6929715E-11
 88.0   13570.00   .6935526E-11
 88.0   13580.00   .6941376E-11
 88.0   13590.00   .6947233E-11
 88.0   13600.00   .6953116E-11
 88.0   13610.00   .6959026E-11
 88.0   13620.00   .6964942E-11
 88.0   13630.00   .6970883E-11
 88.0   13640.00   .6976851E-11
 88.0   13650.00   .6982837E-11
 88.0   13660.00   .6988836E-11
 88.0   13670.00   .6994865E-11
 88.0   13680.00   .7000914E-11
 88.0   13690.00   .7006973E-11
 88.0   13700.00   .7013063E-11
 88.0   13710.00   .7040283E-11
 88.0   13720.00   .7067554E-11
 88.0   13730.00   .7094896E-11
 88.0   13740.00   .7122272E-11
 88.0   13750.00   .7149719E-11
 88.0   13760.00   .7177219E-11
 88.0   13770.00   .7204777E-11
 88.0   13780.00   .7232387E-11
 88.0   13790.00   .7260056E-11
 88.0   13800.00   .7287770E-11
 88.0   13810.00   .7315543E-11
 88.0   13820.00   .7343389E-11
 88.0   13830.00   .7371280E-11
 88.0   13840.00   .7399222E-11
 88.0   13850.00   .7427210E-11
 88.0   13860.00   .7455270E-11
 88.0   13870.00   .7483388E-11
 88.0   13880.00   .7511546E-11
 88.0   13890.00   .7539762E-11
 88.0   13900.00   .7568043E-11
 88.0   13910.00   .7596369E-11
 88.0   13920.00   .7624748E-11
 88.0   13930.00   .7653190E-11
 88.0   13940.00   .7681698E-11
 88.0   13950.00   .7710231E-11
 88.0   13960.00   .7738843E-11
 88.0   13970.00   .7767492E-11
 88.0   13980.00   .7796193E-11
 88.0   13990.00   .7824959E-11
 88.0   14000.00   .7853776E-11
 88.0   14010.00   .7882644E-11
 88.0   14020.00   .7911570E-11
 88.0   14030.00   .7940554E-11
 88.0   14040.00   .7969589E-11
 88.0   14050.00   .7998674E-11
 88.0   14060.00   .8027811E-11
 88.0   14070.00   .8057011E-11
 88.0   14080.00   .8086249E-11
 88.0   14090.00   .8115557E-11
 88.0   14100.00   .8144909E-11
 88.0   14110.00   .8174312E-11
 88.0   14120.00   .8203771E-11
 88.0   14130.00   .8233274E-11
 88.0   14140.00   .8262833E-11
 88.0   14150.00   .8292449E-11
 88.0   14160.00   .8322121E-11
 88.0   14170.00   .8351836E-11
 88.0   14180.00   .8381595E-11
 88.0   14190.00   .8411422E-11
 88.0   14200.00   .8441298E-11
 88.0   14210.00   .8471217E-11
 88.0   14220.00   .8501178E-11
 88.0   14230.00   .8531208E-11
 88.0   14240.00   .8561280E-11
 88.0   14250.00   .8591407E-11
 88.0   14260.00   .8621582E-11
 88.0   14270.00   .8651799E-11
 88.0   14280.00   .8682090E-11
 88.0   14290.00   .8712402E-11
 88.0   14300.00   .8742783E-11
 88.0   14310.00   .8773196E-11
 88.0   14320.00   .8803671E-11
 88.0   14330.00   .8834186E-11
 88.0   14340.00   .8864761E-11
 88.0   14350.00   .8895357E-11
 88.0   14360.00   .8926039E-11
 88.0   14370.00   .8956746E-11
 88.0   14380.00   .8987501E-11
 88.0   14390.00   .9018314E-11
 88.0   14400.00   .9049166E-11
 88.0   14410.00   .9080056E-11
 88.0   14420.00   .9111014E-11
 88.0   14430.00   .9142003E-11
 88.0   14440.00   .9173041E-11
 88.0   14450.00   .9204125E-11
 88.0   14460.00   .9235246E-11
 88.0   14470.00   .9266420E-11
 88.0   14480.00   .9297647E-11
 88.0   14490.00   .9328914E-11
 88.0   14500.00   .9360218E-11
 88.0   14510.00   .9391571E-11
 88.0   14520.00   .9422959E-11
 88.0   14530.00   .9454423E-11
 88.0   14540.00   .9485899E-11
 88.0   14550.00   .9517428E-11
 88.0   14560.00   .9548998E-11
 88.0   14570.00   .9580606E-11
 88.0   14580.00   .9612243E-11
 88.0   14590.00   .9643949E-11
 88.0   14600.00   .9675674E-11
 88.0   14610.00   .9707456E-11
 88.0   14620.00   .9739291E-11
 88.0   14630.00   .9771133E-11
 88.0   14640.00   .9803044E-11
 88.0   14650.00   .9834978E-11
 88.0   14660.00   .9866956E-11
 88.0   14670.00   .9898967E-11
 88.0   14680.00   .9931022E-11
 88.0   14690.00   .9963119E-11
 88.0   14700.00   .9995247E-11
 88.0   14710.00   .1002741E-10
 88.0   14720.00   .1005962E-10
 88.0   14730.00   .1009187E-10
 88.0   14740.00   .1012415E-10
 88.0   14750.00   .1015646E-10
 88.0   14760.00   .1018881E-10
 88.0   14770.00   .1022119E-10
 88.0   14780.00   .1025361E-10
 88.0   14790.00   .1028607E-10
 88.0   14800.00   .1031856E-10
 88.0   14810.00   .1035108E-10
 88.0   14820.00   .1038363E-10
 88.0   14830.00   .1041623E-10
 88.0   14840.00   .1044885E-10
 88.0   14850.00   .1048151E-10
 88.0   14860.00   .1051419E-10
 88.0   14870.00   .1054692E-10
 88.0   14880.00   .1057967E-10
 88.0   14890.00   .1061245E-10
 88.0   14900.00   .1064527E-10
 88.0   14910.00   .1067810E-10
 88.0   14920.00   .1071099E-10
 88.0   14930.00   .1074389E-10
 88.0   14940.00   .1077683E-10
 88.0   14950.00   .1080982E-10
 88.0   14960.00   .1084282E-10
 88.0   14970.00   .1087586E-10
 88.0   14980.00   .1090892E-10
 88.0   14990.00   .1094202E-10
 88.0   15000.00   .1097514E-10
 88.0   15010.00   .1098454E-10
 88.0   15020.00   .1099392E-10
 88.0   15030.00   .1100331E-10
 88.0   15040.00   .1101266E-10
 88.0   15050.00   .1102202E-10
 88.0   15060.00   .1103138E-10
 88.0   15070.00   .1104069E-10
 88.0   15080.00   .1105002E-10
 88.0   15090.00   .1105932E-10
 88.0   15100.00   .1106861E-10
 88.0   15110.00   .1107791E-10
 88.0   15120.00   .1108720E-10
 88.0   15130.00   .1109646E-10
 88.0   15140.00   .1110570E-10
 88.0   15150.00   .1111494E-10
 88.0   15160.00   .1112418E-10
 88.0   15170.00   .1113340E-10
 88.0   15180.00   .1114259E-10
 88.0   15190.00   .1115178E-10
 88.0   15200.00   .1116096E-10
 88.0   15210.00   .1117013E-10
 88.0   15220.00   .1117929E-10
 88.0   15230.00   .1118842E-10
 88.0   15240.00   .1119755E-10
 88.0   15250.00   .1120666E-10
 88.0   15260.00   .1121577E-10
 88.0   15270.00   .1122486E-10
 88.0   15280.00   .1123394E-10
 88.0   15290.00   .1124300E-10
 88.0   15300.00   .1125203E-10
 88.0   15310.00   .1126107E-10
 88.0   15320.00   .1127011E-10
 88.0   15330.00   .1127909E-10
 88.0   15340.00   .1128810E-10
 88.0   15350.00   .1129708E-10
 88.0   15360.00   .1130605E-10
 88.0   15370.00   .1131499E-10
 88.0   15380.00   .1132394E-10
 88.0   15390.00   .1133286E-10
 88.0   15400.00   .1134177E-10
 88.0   15410.00   .1135067E-10
 88.0   15420.00   .1135955E-10
 88.0   15430.00   .1136840E-10
 88.0   15440.00   .1137726E-10
 88.0   15450.00   .1138610E-10
 88.0   15460.00   .1139492E-10
 88.0   15470.00   .1140372E-10
 88.0   15480.00   .1141252E-10
 88.0   15490.00   .1142129E-10
 88.0   15500.00   .1143004E-10
 88.0   15510.00   .1143878E-10
 88.0   15520.00   .1144752E-10
 88.0   15530.00   .1145622E-10
 88.0   15540.00   .1146492E-10
 88.0   15550.00   .1147360E-10
 88.0   15560.00   .1148227E-10
 88.0   15570.00   .1149092E-10
 88.0   15580.00   .1149955E-10
 88.0   15590.00   .1150816E-10
 88.0   15600.00   .1151676E-10
 88.0   15610.00   .1152533E-10
 88.0   15620.00   .1153390E-10
 88.0   15630.00   .1154246E-10
 88.0   15640.00   .1155099E-10
 88.0   15650.00   .1155951E-10
 88.0   15660.00   .1156801E-10
 88.0   15670.00   .1157647E-10
 88.0   15680.00   .1158494E-10
 88.0   15690.00   .1159338E-10
 88.0   15700.00   .1160181E-10
 88.0   15710.00   .1161023E-10
 88.0   15720.00   .1161862E-10
 88.0   15730.00   .1162699E-10
 88.0   15740.00   .1163535E-10
 88.0   15750.00   .1164369E-10
 88.0   15760.00   .1165200E-10
 88.0   15770.00   .1166031E-10
 88.0   15780.00   .1166859E-10
 88.0   15790.00   .1167685E-10
 88.0   15800.00   .1168509E-10
 88.0   15810.00   .1169332E-10
 88.0   15820.00   .1170154E-10
 88.0   15830.00   .1170972E-10
 88.0   15840.00   .1171789E-10
 88.0   15850.00   .1172604E-10
 88.0   15860.00   .1173419E-10
 88.0   15870.00   .1174229E-10
 88.0   15880.00   .1175040E-10
 88.0   15890.00   .1175846E-10
 88.0   15900.00   .1176651E-10
 88.0   15910.00   .1177456E-10
 88.0   15920.00   .1178256E-10
 88.0   15930.00   .1179055E-10
 88.0   15940.00   .1179853E-10
 88.0   15950.00   .1180649E-10
 88.0   15960.00   .1181441E-10
 88.0   15970.00   .1182234E-10
 88.0   15980.00   .1183022E-10
 88.0   15990.00   .1183810E-10
 88.0   16000.00   .1184595E-10
 88.0   16010.00   .1185378E-10
 88.0   16020.00   .1186158E-10
 88.0   16030.00   .1186936E-10
 88.0   16040.00   .1187713E-10
 88.0   16050.00   .1188487E-10
 88.0   16060.00   .1189262E-10
 88.0   16070.00   .1190031E-10
 88.0   16080.00   .1190799E-10
 88.0   16090.00   .1191564E-10
 88.0   16100.00   .1192329E-10
 88.0   16110.00   .1193089E-10
 88.0   16120.00   .1193848E-10
 88.0   16130.00   .1194606E-10
 88.0   16140.00   .1195361E-10
 88.0   16150.00   .1196113E-10
 88.0   16160.00   .1196863E-10
 88.0   16170.00   .1197611E-10
 88.0   16180.00   .1198358E-10
 88.0   16190.00   .1199100E-10
 88.0   16200.00   .1199842E-10
 88.0   16210.00   .1200580E-10
 88.0   16220.00   .1201316E-10
 88.0   16230.00   .1202051E-10
 88.0   16240.00   .1202783E-10
 88.0   16250.00   .1203511E-10
 88.0   16260.00   .1203725E-10
 88.0   16270.00   .1203939E-10
 88.0   16280.00   .1204150E-10
 88.0   16290.00   .1204357E-10
 88.0   16300.00   .1204563E-10
 88.0   16310.00   .1204768E-10
 88.0   16320.00   .1204970E-10
 88.0   16330.00   .1205169E-10
 88.0   16340.00   .1205369E-10
 88.0   16350.00   .1205565E-10
 88.0   16360.00   .1205759E-10
 88.0   16370.00   .1205951E-10
 88.0   16380.00   .1206142E-10
 88.0   16390.00   .1206329E-10
 88.0   16400.00   .1206516E-10
 88.0   16410.00   .1206700E-10
 88.0   16420.00   .1206883E-10
 88.0   16430.00   .1207062E-10
 88.0   16440.00   .1207241E-10
 88.0   16450.00   .1207414E-10
 88.0   16460.00   .1207588E-10
 88.0   16470.00   .1207760E-10
 88.0   16480.00   .1207929E-10
 88.0   16490.00   .1208095E-10
 88.0   16500.00   .1208260E-10
 88.0   16510.00   .1208423E-10
 88.0   16520.00   .1208582E-10
 88.0   16530.00   .1208742E-10
 88.0   16540.00   .1208898E-10
 88.0   16550.00   .1209050E-10
 88.0   16560.00   .1209203E-10
 88.0   16570.00   .1209351E-10
 88.0   16580.00   .1209498E-10
 88.0   16590.00   .1209643E-10
 88.0   16600.00   .1209785E-10
 88.0   16610.00   .1209926E-10
 88.0   16620.00   .1210064E-10
 88.0   16630.00   .1210200E-10
 88.0   16640.00   .1210333E-10
 88.0   16650.00   .1210464E-10
 88.0   16660.00   .1210593E-10
 88.0   16670.00   .1210719E-10
 88.0   16680.00   .1210844E-10
 88.0   16690.00   .1210964E-10
 88.0   16700.00   .1211083E-10
 88.0   16710.00   .1211201E-10
 88.0   16720.00   .1211315E-10
 88.0   16730.00   .1211427E-10
 88.0   16740.00   .1211537E-10
 88.0   16750.00   .1211645E-10
 88.0   16760.00   .1211748E-10
 88.0   16770.00   .1211852E-10
 88.0   16780.00   .1211952E-10
 88.0   16790.00   .1212050E-10
 88.0   16800.00   .1212144E-10
 88.0   16810.00   .1212238E-10
 88.0   16820.00   .1212328E-10
 88.0   16830.00   .1212415E-10
 88.0   16840.00   .1212503E-10
 88.0   16850.00   .1212583E-10
 88.0   16860.00   .1212666E-10
 88.0   16870.00   .1212743E-10
 88.0   16880.00   .1212819E-10
 88.0   16890.00   .1212893E-10
 88.0   16900.00   .1212965E-10
 88.0   16910.00   .1213032E-10
 88.0   16920.00   .1213099E-10
 88.0   16930.00   .1213162E-10
 88.0   16940.00   .1213224E-10
 88.0   16950.00   .1213284E-10
 88.0   16960.00   .1213341E-10
 88.0   16970.00   .1213396E-10
 88.0   16980.00   .1213448E-10
 88.0   16990.00   .1213499E-10
 88.0   17000.00   .1213548E-10
 88.0   17010.00   .1213593E-10
 88.0   17020.00   .1213636E-10
 88.0   17030.00   .1213677E-10
 88.0   17040.00   .1213718E-10
 88.0   17050.00   .1213754E-10
 88.0   17060.00   .1213791E-10
 88.0   17070.00   .1213822E-10
 88.0   17080.00   .1213853E-10
 88.0   17090.00   .1213882E-10
 88.0   17100.00   .1213907E-10
 88.0   17110.00   .1213931E-10
 88.0   17120.00   .1213954E-10
 88.0   17130.00   .1213973E-10
 88.0   17140.00   .1213991E-10
 88.0   17150.00   .1214007E-10
 88.0   17160.00   .1214020E-10
 88.0   17170.00   .1214031E-10
 88.0   17180.00   .1214041E-10
 88.0   17190.00   .1214049E-10
 88.0   17200.00   .1214055E-10
 88.0   17210.00   .1214058E-10
 88.0   17220.00   .1214059E-10
 88.0   17230.00   .1214058E-10
 88.0   17240.00   .1214057E-10
 88.0   17250.00   .1214051E-10
 88.0   17260.00   .1214045E-10
 88.0   17270.00   .1214037E-10
 88.0   17280.00   .1214026E-10
 88.0   17290.00   .1214015E-10
 88.0   17300.00   .1214001E-10
 88.0   17310.00   .1213984E-10
 88.0   17320.00   .1213967E-10
 88.0   17330.00   .1213946E-10
 88.0   17340.00   .1213926E-10
 88.0   17350.00   .1213902E-10
 88.0   17360.00   .1213876E-10
 88.0   17370.00   .1213850E-10
 88.0   17380.00   .1213822E-10
 88.0   17390.00   .1213789E-10
 88.0   17400.00   .1213757E-10
 88.0   17410.00   .1213723E-10
 88.0   17420.00   .1213686E-10
 88.0   17430.00   .1213650E-10
 88.0   17440.00   .1213608E-10
 88.0   17450.00   .1213570E-10
 88.0   17460.00   .1213525E-10
 88.0   17470.00   .1213481E-10
 88.0   17480.00   .1213433E-10
 88.0   17490.00   .1213386E-10
 88.0   17500.00   .1213336E-10
 88.0   17510.00   .1213285E-10
 88.0   17520.00   .1213230E-10
 88.0   17530.00   .1213177E-10
 88.0   17540.00   .1213120E-10
 88.0   17550.00   .1213062E-10
 88.0   17560.00   .1213004E-10
 88.0   17570.00   .1212942E-10
 88.0   17580.00   .1212877E-10
 88.0   17590.00   .1212814E-10
 88.0   17600.00   .1212748E-10
 88.0   17610.00   .1212680E-10
 88.0   17620.00   .1212611E-10
 88.0   17630.00   .1212540E-10
 88.0   17640.00   .1212469E-10
 88.0   17650.00   .1212395E-10
 88.0   17660.00   .1212321E-10
 88.0   17670.00   .1212244E-10
 88.0   17680.00   .1212164E-10
 88.0   17690.00   .1212085E-10
 88.0   17700.00   .1212006E-10
 88.0   17710.00   .1211922E-10
 88.0   17720.00   .1211840E-10
 88.0   17730.00   .1211754E-10
 88.0   17740.00   .1211666E-10
 88.0   17750.00   .1211578E-10
 88.0   17760.00   .1211488E-10
 88.0   17770.00   .1211399E-10
 88.0   17780.00   .1211306E-10
 88.0   17790.00   .1211212E-10
 88.0   17800.00   .1211116E-10
 88.0   17810.00   .1211020E-10
 88.0   17820.00   .1210924E-10
 88.0   17830.00   .1210824E-10
 88.0   17840.00   .1210726E-10
 88.0   17850.00   .1210624E-10
 88.0   17860.00   .1210521E-10
 88.0   17870.00   .1210417E-10
 88.0   17880.00   .1210311E-10
 88.0   17890.00   .1210206E-10
 88.0   17900.00   .1210098E-10
 88.0   17910.00   .1209988E-10
 88.0   17920.00   .1209880E-10
 88.0   17930.00   .1209767E-10
 88.0   17940.00   .1209656E-10
 88.0   17950.00   .1209544E-10
 88.0   17960.00   .1209427E-10
 88.0   17970.00   .1209312E-10
 88.0   17980.00   .1209196E-10
 88.0   17990.00   .1209076E-10
 88.0   18000.00   .1208958E-10
 88.0   18010.00   .1204856E-10
 88.0   18020.00   .1200754E-10
 88.0   18030.00   .1196651E-10
 88.0   18040.00   .1192548E-10
 88.0   18050.00   .1188444E-10
 88.0   18060.00   .1184342E-10
 88.0   18070.00   .1180239E-10
 88.0   18080.00   .1176136E-10
 88.0   18090.00   .1172032E-10
 88.0   18100.00   .1167928E-10
 88.0   18110.00   .1163824E-10
 88.0   18120.00   .1159719E-10
 88.0   18130.00   .1155615E-10
 88.0   18140.00   .1151512E-10
 88.0   18150.00   .1147408E-10
 88.0   18160.00   .1143303E-10
 88.0   18170.00   .1139199E-10
 88.0   18180.00   .1135095E-10
 88.0   18190.00   .1130991E-10
 88.0   18200.00   .1126889E-10
 88.0   18210.00   .1122784E-10
 88.0   18220.00   .1118680E-10
 88.0   18230.00   .1114575E-10
 88.0   18240.00   .1110474E-10
 88.0   18250.00   .1106371E-10
 88.0   18260.00   .1102268E-10
 88.0   18270.00   .1098165E-10
 88.0   18280.00   .1094064E-10
 88.0   18290.00   .1089960E-10
 88.0   18300.00   .1085859E-10
 88.0   18310.00   .1081758E-10
 88.0   18320.00   .1077657E-10
 88.0   18330.00   .1073556E-10
 88.0   18340.00   .1069456E-10
 88.0   18350.00   .1065352E-10
 88.0   18360.00   .1061253E-10
 88.0   18370.00   .1057155E-10
 88.0   18380.00   .1053055E-10
 88.0   18390.00   .1048957E-10
 88.0   18400.00   .1044859E-10
 88.0   18410.00   .1040761E-10
 88.0   18420.00   .1036664E-10
 88.0   18430.00   .1032566E-10
 88.0   18440.00   .1028471E-10
 88.0   18450.00   .1024375E-10
 88.0   18460.00   .1020279E-10
 88.0   18470.00   .1016186E-10
 88.0   18480.00   .1012092E-10
 88.0   18490.00   .1007999E-10
 88.0   18500.00   .1003905E-10
 88.0   18510.00   .9998146E-11
 88.0   18520.00   .9957220E-11
 88.0   18530.00   .9916304E-11
 88.0   18540.00   .9875407E-11
 88.0   18550.00   .9834499E-11
 88.0   18560.00   .9793617E-11
 88.0   18570.00   .9752731E-11
 88.0   18580.00   .9711871E-11
 88.0   18590.00   .9671003E-11
 88.0   18600.00   .9630138E-11
 88.0   18610.00   .9589290E-11
 88.0   18620.00   .9548450E-11
 88.0   18630.00   .9507603E-11
 88.0   18640.00   .9466780E-11
 88.0   18650.00   .9425959E-11
 88.0   18660.00   .9385145E-11
 88.0   18670.00   .9344342E-11
 88.0   18680.00   .9303541E-11
 88.0   18690.00   .9262763E-11
 88.0   18700.00   .9221980E-11
 88.0   18710.00   .9181214E-11
 88.0   18720.00   .9140443E-11
 88.0   18730.00   .9099696E-11
 88.0   18740.00   .9058952E-11
 88.0   18750.00   .9018233E-11
 88.0   18760.00   .8977494E-11
 88.0   18770.00   .8936766E-11
 88.0   18780.00   .8896085E-11
 88.0   18790.00   .8855378E-11
 88.0   18800.00   .8814696E-11
 88.0   18810.00   .8774025E-11
 88.0   18820.00   .8733358E-11
 88.0   18830.00   .8692701E-11
 88.0   18840.00   .8652049E-11
 88.0   18850.00   .8611415E-11
 88.0   18860.00   .8570784E-11
 88.0   18870.00   .8530180E-11
 88.0   18880.00   .8489573E-11
 88.0   18890.00   .8448978E-11
 88.0   18900.00   .8408387E-11
 88.0   18910.00   .8367829E-11
 88.0   18920.00   .8327262E-11
 88.0   18930.00   .8286707E-11
 88.0   18940.00   .8246178E-11
 88.0   18950.00   .8205655E-11
 88.0   18960.00   .8165136E-11
 88.0   18970.00   .8124623E-11
 88.0   18980.00   .8084129E-11
 88.0   18990.00   .8043648E-11
 88.0   19000.00   .8003173E-11
 88.0   19010.00   .7962710E-11
 88.0   19020.00   .7922274E-11
 88.0   19030.00   .7881837E-11
 88.0   19040.00   .7841406E-11
 88.0   19050.00   .7800994E-11
 88.0   19060.00   .7760597E-11
 88.0   19070.00   .7720212E-11
 88.0   19080.00   .7679833E-11
 88.0   19090.00   .7639468E-11
 88.0   19100.00   .7599109E-11
 88.0   19110.00   .7558770E-11
 88.0   19120.00   .7518445E-11
 88.0   19130.00   .7478135E-11
 88.0   19140.00   .7437823E-11
 88.0   19150.00   .7397539E-11
 88.0   19160.00   .7357255E-11
 88.0   19170.00   .7316992E-11
 88.0   19180.00   .7276735E-11
 88.0   19190.00   .7236500E-11
 88.0   19200.00   .7196276E-11
 88.0   19210.00   .7156056E-11
 88.0   19220.00   .7115851E-11
 88.0   19230.00   .7075661E-11
 88.0   19240.00   .7035485E-11
 88.0   19250.00   .6995323E-11
 88.0   19260.00   .6955170E-11
 88.0   19270.00   .6915031E-11
 88.0   19280.00   .6874908E-11
 88.0   19290.00   .6834793E-11
 88.0   19300.00   .6794696E-11
 88.0   19310.00   .6754611E-11
 88.0   19320.00   .6714535E-11
 88.0   19330.00   .6674476E-11
 88.0   19340.00   .6634429E-11
 88.0   19350.00   .6594397E-11
 88.0   19360.00   .6554373E-11
 88.0   19370.00   .6514362E-11
 88.0   19380.00   .6474370E-11
 88.0   19390.00   .6434389E-11
 88.0   19400.00   .6394419E-11
 88.0   19410.00   .6354463E-11
 88.0   19420.00   .6314528E-11
 88.0   19430.00   .6274597E-11
 88.0   19440.00   .6234682E-11
 88.0   19450.00   .6194779E-11
 88.0   19460.00   .6154892E-11
 88.0   19470.00   .6115014E-11
 88.0   19480.00   .6075154E-11
 88.0   19490.00   .6035307E-11
 88.0   19500.00   .5995473E-11
 88.0   19510.00   .5955648E-11
 88.0   19520.00   .5915842E-11
 88.0   19530.00   .5876044E-11
 88.0   19540.00   .5836260E-11
 88.0   19550.00   .5796494E-11
 88.0   19560.00   .5756739E-11
 88.0   19570.00   .5716994E-11
 88.0   19580.00   .5677263E-11
 88.0   19590.00   .5637547E-11
 88.0   19600.00   .5597842E-11
 88.0   19610.00   .5558157E-11
 88.0   19620.00   .5518479E-11
 88.0   19630.00   .5478820E-11
 88.0   19640.00   .5439162E-11
 88.0   19650.00   .5399523E-11
 88.0   19660.00   .5359898E-11
 88.0   19670.00   .5320285E-11
 88.0   19680.00   .5280684E-11
 88.0   19690.00   .5241095E-11
 88.0   19700.00   .5201519E-11
 88.0   19710.00   .5161957E-11
 88.0   19720.00   .5122406E-11
 88.0   19730.00   .5082868E-11
 88.0   19740.00   .5043344E-11
 88.0   19750.00   .5003827E-11
 88.0   19760.00   .4964328E-11
 88.0   19770.00   .4924839E-11
 88.0   19780.00   .4885356E-11
 88.0   19790.00   .4845893E-11
 88.0   19800.00   .4806436E-11
 88.0   19810.00   .4766993E-11
 88.0   19820.00   .4727560E-11
 88.0   19830.00   .4688145E-11
 88.0   19840.00   .4648733E-11
 88.0   19850.00   .4609338E-11
 88.0   19860.00   .4569951E-11
 88.0   19870.00   .4530576E-11
 88.0   19880.00   .4491216E-11
 88.0   19890.00   .4451862E-11
 88.0   19900.00   .4412523E-11
 88.0   19910.00   .4373189E-11
 88.0   19920.00   .4333870E-11
 88.0   19930.00   .4294562E-11
 88.0   19940.00   .4255267E-11
 88.0   19950.00   .4215978E-11
 88.0   19960.00   .4176701E-11
 88.0   19970.00   .4137438E-11
 88.0   19980.00   .4098184E-11
 88.0   19990.00   .4058937E-11
 88.0   20000.00   .4019703E-11
 88.0   20010.00   .3980481E-11
 88.0   20020.00   .3941269E-11
 88.0   20030.00   .3902067E-11
 88.0   20040.00   .3862872E-11
 88.0   20050.00   .3823686E-11
 88.0   20060.00   .3784517E-11
 88.0   20070.00   .3745355E-11
 88.0   20080.00   .3706198E-11
 88.0   20090.00   .3667055E-11
 88.0   20100.00   .3627920E-11
 88.0   20110.00   .3627559E-11
 88.0   20120.00   .3627198E-11
 88.0   20130.00   .3626837E-11
 88.0   20140.00   .3626480E-11
 88.0   20150.00   .3626127E-11
 88.0   20160.00   .3625776E-11
 88.0   20170.00   .3625425E-11
 88.0   20180.00   .3625074E-11
 88.0   20190.00   .3624728E-11
 88.0   20200.00   .3624380E-11
 88.0   20210.00   .3624033E-11
 88.0   20220.00   .3623692E-11
 88.0   20230.00   .3623353E-11
 88.0   20240.00   .3623015E-11
 88.0   20250.00   .3622676E-11
 88.0   20260.00   .3622344E-11
 88.0   20270.00   .3622010E-11
 88.0   20280.00   .3621679E-11
 88.0   20290.00   .3621349E-11
 88.0   20300.00   .3621020E-11
 88.0   20310.00   .3620699E-11
 88.0   20320.00   .3620374E-11
 88.0   20330.00   .3620053E-11
 88.0   20340.00   .3619731E-11
 88.0   20350.00   .3619414E-11
 88.0   20360.00   .3619100E-11
 88.0   20370.00   .3618783E-11
 88.0   20380.00   .3618471E-11
 88.0   20390.00   .3618159E-11
 88.0   20400.00   .3617848E-11
 88.0   20410.00   .3617542E-11
 88.0   20420.00   .3617238E-11
 88.0   20430.00   .3616935E-11
 88.0   20440.00   .3616630E-11
 88.0   20450.00   .3616332E-11
 88.0   20460.00   .3616032E-11
 88.0   20470.00   .3615738E-11
 88.0   20480.00   .3615444E-11
 88.0   20490.00   .3615147E-11
 88.0   20500.00   .3614858E-11
 88.0   20510.00   .3614569E-11
 88.0   20520.00   .3614284E-11
 88.0   20530.00   .3613995E-11
 88.0   20540.00   .3613710E-11
 88.0   20550.00   .3613430E-11
 88.0   20560.00   .3613148E-11
 88.0   20570.00   .3612870E-11
 88.0   20580.00   .3612592E-11
 88.0   20590.00   .3612316E-11
 88.0   20600.00   .3612044E-11
 88.0   20610.00   .3611772E-11
 88.0   20620.00   .3611503E-11
 88.0   20630.00   .3611233E-11
 88.0   20640.00   .3610968E-11
 88.0   20650.00   .3610703E-11
 88.0   20660.00   .3610435E-11
 88.0   20670.00   .3610178E-11
 88.0   20680.00   .3609916E-11
 88.0   20690.00   .3609659E-11
 88.0   20700.00   .3609403E-11
 88.0   20710.00   .3609145E-11
 88.0   20720.00   .3608894E-11
 88.0   20730.00   .3608644E-11
 88.0   20740.00   .3608396E-11
 88.0   20750.00   .3608148E-11
 88.0   20760.00   .3607900E-11
 88.0   20770.00   .3607655E-11
 88.0   20780.00   .3607410E-11
 88.0   20790.00   .3607174E-11
 88.0   20800.00   .3606932E-11
 88.0   20810.00   .3606694E-11
 88.0   20820.00   .3606458E-11
 88.0   20830.00   .3606225E-11
 88.0   20840.00   .3605990E-11
 88.0   20850.00   .3605758E-11
 88.0   20860.00   .3605531E-11
 88.0   20870.00   .3605303E-11
 88.0   20880.00   .3605075E-11
 88.0   20890.00   .3604850E-11
 88.0   20900.00   .3604628E-11
 88.0   20910.00   .3604407E-11
 88.0   20920.00   .3604188E-11
 88.0   20930.00   .3603971E-11
 88.0   20940.00   .3603755E-11
 88.0   20950.00   .3603541E-11
 88.0   20960.00   .3603325E-11
 88.0   20970.00   .3603116E-11
 88.0   20980.00   .3602907E-11
 88.0   20990.00   .3602697E-11
 88.0   21000.00   .3602491E-11
 88.0   21010.00   .3602286E-11
 88.0   21020.00   .3602086E-11
 88.0   21030.00   .3601879E-11
 88.0   21040.00   .3601679E-11
 88.0   21050.00   .3601480E-11
 88.0   21060.00   .3601283E-11
 88.0   21070.00   .3601088E-11
 88.0   21080.00   .3600897E-11
 88.0   21090.00   .3600704E-11
 88.0   21100.00   .3600514E-11
 88.0   21110.00   .3600326E-11
 88.0   21120.00   .3600140E-11
 88.0   21130.00   .3599953E-11
 88.0   21140.00   .3599767E-11
 88.0   21150.00   .3599585E-11
 88.0   21160.00   .3599402E-11
 88.0   21170.00   .3599226E-11
 88.0   21180.00   .3599046E-11
 88.0   21190.00   .3598871E-11
 88.0   21200.00   .3598694E-11
 88.0   21210.00   .3598522E-11
 88.0   21220.00   .3598348E-11
 88.0   21230.00   .3598181E-11
 88.0   21240.00   .3598013E-11
 88.0   21250.00   .3597843E-11
 88.0   21260.00   .3597678E-11
 88.0   21270.00   .3597513E-11
 88.0   21280.00   .3597353E-11
 88.0   21290.00   .3597191E-11
 88.0   21300.00   .3597031E-11
 88.0   21310.00   .3596874E-11
 88.0   21320.00   .3596717E-11
 88.0   21330.00   .3596564E-11
 88.0   21340.00   .3596406E-11
 88.0   21350.00   .3596257E-11
 88.0   21360.00   .3596107E-11
 88.0   21370.00   .3595957E-11
 88.0   21380.00   .3595809E-11
 88.0   21390.00   .3595662E-11
 88.0   21400.00   .3595520E-11
 88.0   21410.00   .3595379E-11
 88.0   21420.00   .3595235E-11
 88.0   21430.00   .3595098E-11
 88.0   21440.00   .3594955E-11
 88.0   21450.00   .3594818E-11
 88.0   21460.00   .3594686E-11
 88.0   21470.00   .3594551E-11
 88.0   21480.00   .3594419E-11
 88.0   21490.00   .3594286E-11
 88.0   21500.00   .3594156E-11
 88.0   21510.00   .3594030E-11
 88.0   21520.00   .3593903E-11
 88.0   21530.00   .3593776E-11
 88.0   21540.00   .3593653E-11
 88.0   21550.00   .3593531E-11
 88.0   21560.00   .3593411E-11
 88.0   21570.00   .3593294E-11
 88.0   21580.00   .3593174E-11
 88.0   21590.00   .3593057E-11
 88.0   21600.00   .3592940E-11
 88.0   21610.00   .3592828E-11
 88.0   21620.00   .3592718E-11
 88.0   21630.00   .3592605E-11
 88.0   21640.00   .3592494E-11
 88.0   21650.00   .3592389E-11
 88.0   21660.00   .3592282E-11
 88.0   21670.00   .3592177E-11
 88.0   21680.00   .3592073E-11
 88.0   21690.00   .3591972E-11
 88.0   21700.00   .3591869E-11
 88.0   21710.00   .3591773E-11
 88.0   21720.00   .3591673E-11
 88.0   21730.00   .3591575E-11
 88.0   21740.00   .3591479E-11
 88.0   21750.00   .3591388E-11
 88.0   21760.00   .3591294E-11
 88.0   21770.00   .3591202E-11
 88.0   21780.00   .3591113E-11
 88.0   21790.00   .3591027E-11
 88.0   21800.00   .3590936E-11
 88.0   21810.00   .3590852E-11
 88.0   21820.00   .3590767E-11
 88.0   21830.00   .3590684E-11
 88.0   21840.00   .3590602E-11
 88.0   21850.00   .3590526E-11
 88.0   21860.00   .3590446E-11
 88.0   21870.00   .3590366E-11
 88.0   21880.00   .3590294E-11
 88.0   21890.00   .3590220E-11
 88.0   21900.00   .3590146E-11
 88.0   21910.00   .3590072E-11
 88.0   21920.00   .3590001E-11
 88.0   21930.00   .3589933E-11
 88.0   21940.00   .3589865E-11
 88.0   21950.00   .3589800E-11
 88.0   21960.00   .3589734E-11
 88.0   21970.00   .3589670E-11
 88.0   21980.00   .3589608E-11
 88.0   21990.00   .3589543E-11
 88.0   22000.00   .3589487E-11
 88.0   22010.00   .3589425E-11
 88.0   22020.00   .3589369E-11
 88.0   22030.00   .3589315E-11
 88.0   22040.00   .3589260E-11
 88.0   22050.00   .3589205E-11
 88.0   22060.00   .3589156E-11
 88.0   22070.00   .3589105E-11
 88.0   22080.00   .3589054E-11
 88.0   22090.00   .3589006E-11
 88.0   22100.00   .3588958E-11
 88.0   22110.00   .3588910E-11
 88.0   22120.00   .3588866E-11
 88.0   22130.00   .3588829E-11
 88.0   22140.00   .3588784E-11
 88.0   22150.00   .3588743E-11
 88.0   22160.00   .3588708E-11
 88.0   22170.00   .3588668E-11
 88.0   22180.00   .3588632E-11
 88.0   22190.00   .3588599E-11
 88.0   22200.00   .3588561E-11
 88.0   22210.00   .3588529E-11
 88.0   22220.00   .3588498E-11
 88.0   22230.00   .3588469E-11
 88.0   22240.00   .3588441E-11
 88.0   22250.00   .3588412E-11
 88.0   22260.00   .3588386E-11
 88.0   22270.00   .3588359E-11
 88.0   22280.00   .3588337E-11
 88.0   22290.00   .3588314E-11
 88.0   22300.00   .3588293E-11
 88.0   22310.00   .3588270E-11
 88.0   22320.00   .3588251E-11
 88.0   22330.00   .3588237E-11
 88.0   22340.00   .3588220E-11
 88.0   22350.00   .3588205E-11
 88.0   22360.00   .3588191E-11
 88.0   22370.00   .3588178E-11
 88.0   22380.00   .3588167E-11
 88.0   22390.00   .3588156E-11
 88.0   22400.00   .3588146E-11
 88.0   22410.00   .3588141E-11
 88.0   22420.00   .3588133E-11
 88.0   22430.00   .3588127E-11
 88.0   22440.00   .3588123E-11
 88.0   22450.00   .3588118E-11
 88.0   22460.00   .3588115E-11
 88.0   22470.00   .3588117E-11
 88.0   22480.00   .3588117E-11
 88.0   22490.00   .3588118E-11
 88.0   22500.00   .3588119E-11
 88.0   22510.00   .3588126E-11
 88.0   22520.00   .3588131E-11
 88.0   22530.00   .3588136E-11
 88.0   22540.00   .3588143E-11
 88.0   22550.00   .3588151E-11
 88.0   22560.00   .3588160E-11
 88.0   22570.00   .3588171E-11
 88.0   22580.00   .3588185E-11
 88.0   22590.00   .3588198E-11
 88.0   22600.00   .3588212E-11
 88.0   22610.00   .3588226E-11
 88.0   22620.00   .3588243E-11
 88.0   22630.00   .3588261E-11
 88.0   22640.00   .3588278E-11
 88.0   22650.00   .3588300E-11
 88.0   22660.00   .3588320E-11
 88.0   22670.00   .3588345E-11
 88.0   22680.00   .3588365E-11
 88.0   22690.00   .3588389E-11
 88.0   22700.00   .3588416E-11
 88.0   22710.00   .3588440E-11
 88.0   22720.00   .3588466E-11
 88.0   22730.00   .3588496E-11
 88.0   22740.00   .3588528E-11
 88.0   22750.00   .3588556E-11
 88.0   22760.00   .3588589E-11
 88.0   22770.00   .3588621E-11
 88.0   22780.00   .3588655E-11
 88.0   22790.00   .3588689E-11
 88.0   22800.00   .3588723E-11
 88.0   22810.00   .3588762E-11
 88.0   22820.00   .3588795E-11
 88.0   22830.00   .3588836E-11
 88.0   22840.00   .3588878E-11
 88.0   22850.00   .3588921E-11
 88.0   22860.00   .3588962E-11
 88.0   22870.00   .3589003E-11
 88.0   22880.00   .3589050E-11
 88.0   22890.00   .3589093E-11
 88.0   22900.00   .3589140E-11
 88.0   22910.00   .3589184E-11
 88.0   22920.00   .3589235E-11
 88.0   22930.00   .3589281E-11
 88.0   22940.00   .3589330E-11
 88.0   22950.00   .3589381E-11
 88.0   22960.00   .3589433E-11
 88.0   22970.00   .3589487E-11
 88.0   22980.00   .3589540E-11
 88.0   22990.00   .3589597E-11
 88.0   23000.00   .3589652E-11
 88.0   23010.00   .3589710E-11
 88.0   23020.00   .3589767E-11
 88.0   23030.00   .3589825E-11
 88.0   23040.00   .3589884E-11
 88.0   23050.00   .3589946E-11
 88.0   23060.00   .3590004E-11
 88.0   23070.00   .3590069E-11
 88.0   23080.00   .3590132E-11
 88.0   23090.00   .3590193E-11
 88.0   23100.00   .3590262E-11
 88.0   23110.00   .3590326E-11
 88.0   23120.00   .3590393E-11
 88.0   23130.00   .3590459E-11
 88.0   23140.00   .3590528E-11
 88.0   23150.00   .3590597E-11
 88.0   23160.00   .3590670E-11
 88.0   23170.00   .3590742E-11
 88.0   23180.00   .3590813E-11
 88.0   23190.00   .3590888E-11
 88.0   23200.00   .3590957E-11
 88.0   23210.00   .3591032E-11
 88.0   23220.00   .3591107E-11
 88.0   23230.00   .3591184E-11
 88.0   23240.00   .3591263E-11
 88.0   23250.00   .3591340E-11
 88.0   23260.00   .3591419E-11
 88.0   23270.00   .3591500E-11
 88.0   23280.00   .3591580E-11
 88.0   23290.00   .3591661E-11
 88.0   23300.00   .3591746E-11
 88.0   23310.00   .3591827E-11
 88.0   23320.00   .3591911E-11
 88.0   23330.00   .3591995E-11
 88.0   23340.00   .3592081E-11
 88.0   23350.00   .3592168E-11
 88.0   23360.00   .3592259E-11
 88.0   23370.00   .3592340E-11
 88.0   23380.00   .3592435E-11
 88.0   23390.00   .3592523E-11
 88.0   23400.00   .3592611E-11
 88.0   23410.00   .3592704E-11
 88.0   23420.00   .3592796E-11
 88.0   23430.00   .3592890E-11
 88.0   23440.00   .3592978E-11
 88.0   23450.00   .3593078E-11
 88.0   23460.00   .3593172E-11
 88.0   23470.00   .3593268E-11
 88.0   23480.00   .3593364E-11
 88.0   23490.00   .3593462E-11
 88.0   23500.00   .3593561E-11
 88.0   23510.00   .3593660E-11
 88.0   23520.00   .3593759E-11
 88.0   23530.00   .3593854E-11
 88.0   23540.00   .3593959E-11
 88.0   23550.00   .3594061E-11
 88.0   23560.00   .3594166E-11
 88.0   23570.00   .3594266E-11
 88.0   23580.00   .3594373E-11
 88.0   23590.00   .3594477E-11
 88.0   23600.00   .3594581E-11
 88.0   23610.00   .3594687E-11
 88.0   23620.00   .3594794E-11
 88.0   23630.00   .3594903E-11
 88.0   23640.00   .3595009E-11
 88.0   23650.00   .3595121E-11
 88.0   23660.00   .3595225E-11
 88.0   23670.00   .3595339E-11
 88.0   23680.00   .3595450E-11
 88.0   23690.00   .3595563E-11
 88.0   23700.00   .3595674E-11
 88.0   23710.00   .3595788E-11
 88.0   23720.00   .3595897E-11
 88.0   23730.00   .3596014E-11
 88.0   23740.00   .3596128E-11
 88.0   23750.00   .3596243E-11
 88.0   23760.00   .3596362E-11
 88.0   23770.00   .3596477E-11
 88.0   23780.00   .3596595E-11
 88.0   23790.00   .3596713E-11
 88.0   23800.00   .3596830E-11
 88.0   23810.00   .3596949E-11
 88.0   23820.00   .3597070E-11
 88.0   23830.00   .3597190E-11
 88.0   23840.00   .3597311E-11
 88.0   23850.00   .3597435E-11
 88.0   23860.00   .3597556E-11
 88.0   23870.00   .3597682E-11
 88.0   23880.00   .3597802E-11
 88.0   23890.00   .3597925E-11
 88.0   23900.00   .3598050E-11
 88.0   23910.00   .3598176E-11
 88.0   23920.00   .3598302E-11
 88.0   23930.00   .3598429E-11
 88.0   23940.00   .3598554E-11
 88.0   23950.00   .3598684E-11
 88.0   23960.00   .3598811E-11
 88.0   23970.00   .3598939E-11
 88.0   23980.00   .3599067E-11
 88.0   23990.00   .3599197E-11
 88.0   24000.00   .3599328E-11
 88.0   24010.00   .3599458E-11
 88.0   24020.00   .3599590E-11
 88.0   24030.00   .3599722E-11
 88.0   24040.00   .3599854E-11
 88.0   24050.00   .3599989E-11
 88.0   24060.00   .3600121E-11
 88.0   24070.00   .3600254E-11
 88.0   24080.00   .3600387E-11
 88.0   24090.00   .3600524E-11
 88.0   24100.00   .3600660E-11
 88.0   24110.00   .3600795E-11
 88.0   24120.00   .3600931E-11
 88.0   24130.00   .3601071E-11
 88.0   24140.00   .3601205E-11
 88.0   24150.00   .3601346E-11
 88.0   24160.00   .3601482E-11
 88.0   24170.00   .3601622E-11
 88.0   24180.00   .3601758E-11
 88.0   24190.00   .3601898E-11
 88.0   24200.00   .3602038E-11
 88.0   24210.00   .3602180E-11
 88.0   24220.00   .3602321E-11
 88.0   24230.00   .3602464E-11
 88.0   24240.00   .3602607E-11
 88.0   24250.00   .3602749E-11
 88.0   24260.00   .3602888E-11
 88.0   24270.00   .3603033E-11
 88.0   24280.00   .3603177E-11
 88.0   24290.00   .3603321E-11
 88.0   24300.00   .3603466E-11
 88.0   24310.00   .3603610E-11
 88.0   24320.00   .3603757E-11
 88.0   24330.00   .3603902E-11
 88.0   24340.00   .3604047E-11
 88.0   24350.00   .3604196E-11
 88.0   24360.00   .3604341E-11
 88.0   24370.00   .3604489E-11
 88.0   24380.00   .3604637E-11
 88.0   24390.00   .3604784E-11
 88.0   24400.00   .3604933E-11
 88.0   24410.00   .3605082E-11
 88.0   24420.00   .3605229E-11
 88.0   24430.00   .3605381E-11
 88.0   24440.00   .3605531E-11
 88.0   24450.00   .3605685E-11
 88.0   24460.00   .3605831E-11
 88.0   24470.00   .3605983E-11
 88.0   24480.00   .3606133E-11
 88.0   24490.00   .3606286E-11
 88.0   24500.00   .3606439E-11
 88.0   24510.00   .3606591E-11
 88.0   24520.00   .3606742E-11
 88.0   24530.00   .3606897E-11
 88.0   24540.00   .3607047E-11
 88.0   24550.00   .3607202E-11
 88.0   24560.00   .3607358E-11
 88.0   24570.00   .3607511E-11
 88.0   24580.00   .3607666E-11
 88.0   24590.00   .3607824E-11
 88.0   24600.00   .3607978E-11
 88.0   24610.00   .3608134E-11
 88.0   24620.00   .3608285E-11
 88.0   24630.00   .3608445E-11
 88.0   24640.00   .3608599E-11
 88.0   24650.00   .3608755E-11
 88.0   24660.00   .3608914E-11
 88.0   24670.00   .3609071E-11
 88.0   24680.00   .3609229E-11
 88.0   24690.00   .3609385E-11
 88.0   24700.00   .3609544E-11
 88.0   24710.00   .3609700E-11
 88.0   24720.00   .3609860E-11
 88.0   24730.00   .3610019E-11
 88.0   24740.00   .3610177E-11
 88.0   24750.00   .3610337E-11
 88.0   24760.00   .3610497E-11
 88.0   24770.00   .3610654E-11
 88.0   24780.00   .3610816E-11
 88.0   24790.00   .3610978E-11
 88.0   24800.00   .3611135E-11
 88.0   24810.00   .3611295E-11
 88.0   24820.00   .3611457E-11
 88.0   24830.00   .3611618E-11
 88.0   24840.00   .3611775E-11
 88.0   24850.00   .3611939E-11
 88.0   24860.00   .3612099E-11
 88.0   24870.00   .3612264E-11
 88.0   24880.00   .3612424E-11
 88.0   24890.00   .3612588E-11
 88.0   24900.00   .3612749E-11
 88.0   24910.00   .3612911E-11
 88.0   24920.00   .3613074E-11
 88.0   24930.00   .3613236E-11
 88.0   24940.00   .3613396E-11
 88.0   24950.00   .3613560E-11
 88.0   24960.00   .3613723E-11
 88.0   24970.00   .3613884E-11
 88.0   24980.00   .3614049E-11
 88.0   24990.00   .3614213E-11
 88.0   25000.00   .3614378E-11
