 85.0    1000.00   .2764977E-15
 85.0    1010.00   .1065526E-14
 85.0    1020.00   .2869993E-14
 85.0    1030.00   .6342316E-14
 85.0    1040.00   .1232369E-13
 85.0    1050.00   .2184693E-13
 85.0    1060.00   .3612916E-13
 85.0    1070.00   .5655287E-13
 85.0    1080.00   .8463528E-13
 85.0    1090.00   .1219852E-12
 85.0    1100.00   .1702491E-12
 85.0    1110.00   .2310443E-12
 85.0    1120.00   .3058860E-12
 85.0    1130.00   .3961035E-12
 85.0    1140.00   .5027553E-12
 85.0    1150.00   .6265400E-12
 85.0    1160.00   .7677109E-12
 85.0    1170.00   .9259965E-12
 85.0    1180.00   .1100531E-11
 85.0    1190.00   .1289799E-11
 85.0    1200.00   .1491603E-11
 85.0    1210.00   .1703043E-11
 85.0    1220.00   .1920537E-11
 85.0    1230.00   .2139859E-11
 85.0    1240.00   .2356216E-11
 85.0    1250.00   .2564349E-11
 85.0    1260.00   .2759203E-11
 85.0    1270.00   .2937932E-11
 85.0    1280.00   .3098850E-11
 85.0    1290.00   .3240975E-11
 85.0    1300.00   .3364013E-11
 85.0    1310.00   .3468320E-11
 85.0    1320.00   .3554842E-11
 85.0    1330.00   .3625051E-11
 85.0    1340.00   .3680857E-11
 85.0    1350.00   .3724540E-11
 85.0    1360.00   .3758670E-11
 85.0    1370.00   .3786047E-11
 85.0    1380.00   .3809583E-11
 85.0    1390.00   .3831085E-11
 85.0    1400.00   .3851174E-11
 85.0    1410.00   .3870419E-11
 85.0    1420.00   .3889388E-11
 85.0    1430.00   .3908642E-11
 85.0    1440.00   .3928761E-11
 85.0    1450.00   .3950331E-11
 85.0    1460.00   .3973954E-11
 85.0    1470.00   .4000250E-11
 85.0    1480.00   .4029863E-11
 85.0    1490.00   .4063469E-11
 85.0    1500.00   .4101776E-11
 85.0    1510.00   .4145404E-11
 85.0    1520.00   .4194478E-11
 85.0    1530.00   .4248999E-11
 85.0    1540.00   .4308968E-11
 85.0    1550.00   .4374384E-11
 85.0    1560.00   .4445249E-11
 85.0    1570.00   .4521561E-11
 85.0    1580.00   .4603317E-11
 85.0    1590.00   .4690511E-11
 85.0    1600.00   .4783134E-11
 85.0    1610.00   .4881168E-11
 85.0    1620.00   .4984593E-11
 85.0    1630.00   .5093380E-11
 85.0    1640.00   .5207489E-11
 85.0    1650.00   .5326872E-11
 85.0    1660.00   .5451468E-11
 85.0    1670.00   .5581205E-11
 85.0    1680.00   .5715992E-11
 85.0    1690.00   .5855731E-11
 85.0    1700.00   .6000287E-11
 85.0    1710.00   .6149528E-11
 85.0    1720.00   .6303292E-11
 85.0    1730.00   .6461385E-11
 85.0    1740.00   .6623602E-11
 85.0    1750.00   .6789706E-11
 85.0    1760.00   .6959458E-11
 85.0    1770.00   .7132694E-11
 85.0    1780.00   .7309257E-11
 85.0    1790.00   .7488966E-11
 85.0    1800.00   .7671618E-11
 85.0    1810.00   .7856987E-11
 85.0    1820.00   .8044824E-11
 85.0    1830.00   .8234853E-11
 85.0    1840.00   .8426775E-11
 85.0    1850.00   .8620264E-11
 85.0    1860.00   .8814968E-11
 85.0    1870.00   .9010506E-11
 85.0    1880.00   .9206476E-11
 85.0    1890.00   .9402441E-11
 85.0    1900.00   .9597941E-11
 85.0    1910.00   .9792492E-11
 85.0    1920.00   .9985580E-11
 85.0    1930.00   .1017667E-10
 85.0    1940.00   .1036519E-10
 85.0    1950.00   .1055056E-10
 85.0    1960.00   .1073216E-10
 85.0    1970.00   .1090937E-10
 85.0    1980.00   .1108154E-10
 85.0    1990.00   .1124799E-10
 85.0    2000.00   .1140806E-10
 85.0    2010.00   .1156111E-10
 85.0    2020.00   .1170687E-10
 85.0    2030.00   .1184519E-10
 85.0    2040.00   .1197588E-10
 85.0    2050.00   .1209880E-10
 85.0    2060.00   .1221384E-10
 85.0    2070.00   .1232090E-10
 85.0    2080.00   .1241987E-10
 85.0    2090.00   .1251069E-10
 85.0    2100.00   .1259332E-10
 85.0    2110.00   .1266771E-10
 85.0    2120.00   .1273386E-10
 85.0    2130.00   .1279174E-10
 85.0    2140.00   .1284140E-10
 85.0    2150.00   .1288285E-10
 85.0    2160.00   .1291614E-10
 85.0    2170.00   .1294132E-10
 85.0    2180.00   .1295847E-10
 85.0    2190.00   .1296769E-10
 85.0    2200.00   .1296906E-10
 85.0    2210.00   .1296270E-10
 85.0    2220.00   .1294872E-10
 85.0    2230.00   .1292726E-10
 85.0    2240.00   .1289845E-10
 85.0    2250.00   .1286243E-10
 85.0    2260.00   .1281958E-10
 85.0    2270.00   .1277111E-10
 85.0    2280.00   .1271844E-10
 85.0    2290.00   .1266299E-10
 85.0    2300.00   .1260619E-10
 85.0    2310.00   .1254945E-10
 85.0    2320.00   .1249418E-10
 85.0    2330.00   .1244179E-10
 85.0    2340.00   .1239366E-10
 85.0    2350.00   .1235119E-10
 85.0    2360.00   .1231579E-10
 85.0    2370.00   .1228883E-10
 85.0    2380.00   .1227172E-10
 85.0    2390.00   .1226589E-10
 85.0    2400.00   .1227276E-10
 85.0    2410.00   .1229379E-10
 85.0    2420.00   .1233048E-10
 85.0    2430.00   .1238437E-10
 85.0    2440.00   .1245705E-10
 85.0    2450.00   .1255020E-10
 85.0    2460.00   .1266555E-10
 85.0    2470.00   .1280493E-10
 85.0    2480.00   .1297030E-10
 85.0    2490.00   .1316374E-10
 85.0    2500.00   .1338747E-10
 85.0    2510.00   .1117759E-10
 85.0    2520.00   .1237476E-10
 85.0    2530.00   .1351293E-10
 85.0    2540.00   .1738549E-10
 85.0    2550.00   .2040675E-10
 85.0    2560.00   .2143104E-10
 85.0    2570.00   .2623896E-10
 85.0    2580.00   .2288326E-10
 85.0    2590.00   .2756190E-10
 85.0    2600.00   .2903044E-10
 85.0    2610.00   .2630372E-10
 85.0    2620.00   .2757357E-10
 85.0    2630.00   .2364252E-10
 85.0    2640.00   .1845931E-10
 85.0    2650.00   .1753581E-10
 85.0    2660.00   .1515880E-10
 85.0    2670.00   .1436750E-10
 85.0    2680.00   .1482292E-10
 85.0    2690.00   .2351295E-10
 85.0    2700.00   .4042566E-10
 85.0    2710.00   .6325055E-10
 85.0    2720.00   .7782189E-10
 85.0    2730.00   .7895060E-10
 85.0    2740.00   .7888315E-10
 85.0    2750.00   .8302148E-10
 85.0    2760.00   .8244413E-10
 85.0    2770.00   .8324095E-10
 85.0    2780.00   .8033549E-10
 85.0    2790.00   .9507936E-10
 85.0    2800.00   .9479611E-10
 85.0    2810.00   .9329591E-10
 85.0    2820.00   .9412886E-10
 85.0    2830.00   .8817259E-10
 85.0    2840.00   .8086599E-10
 85.0    2850.00   .8511852E-10
 85.0    2860.00   .8367750E-10
 85.0    2870.00   .8509538E-10
 85.0    2880.00   .8308375E-10
 85.0    2890.00   .8785511E-10
 85.0    2900.00   .1006309E-09
 85.0    2910.00   .1079641E-09
 85.0    2920.00   .1203883E-09
 85.0    2930.00   .1256171E-09
 85.0    2940.00   .1308127E-09
 85.0    2950.00   .1365986E-09
 85.0    2960.00   .1310483E-09
 85.0    2970.00   .1277615E-09
 85.0    2980.00   .1266071E-09
 85.0    2990.00   .1235284E-09
 85.0    3000.00   .1131770E-09
 85.0    3010.00   .1087523E-09
 85.0    3020.00   .9917375E-10
 85.0    3030.00   .1018430E-09
 85.0    3040.00   .1060082E-09
 85.0    3050.00   .1047281E-09
 85.0    3060.00   .1060212E-09
 85.0    3070.00   .1010321E-09
 85.0    3080.00   .1094755E-09
 85.0    3090.00   .1088086E-09
 85.0    3100.00   .9334995E-10
 85.0    3110.00   .9549636E-10
 85.0    3120.00   .1081003E-09
 85.0    3130.00   .1052898E-09
 85.0    3140.00   .1098029E-09
 85.0    3150.00   .1078583E-09
 85.0    3160.00   .1126985E-09
 85.0    3170.00   .1137539E-09
 85.0    3180.00   .1300526E-09
 85.0    3190.00   .1350399E-09
 85.0    3200.00   .1475183E-09
 85.0    3210.00   .1388103E-09
 85.0    3220.00   .1364322E-09
 85.0    3230.00   .1220069E-09
 85.0    3240.00   .1180945E-09
 85.0    3250.00   .1128908E-09
 85.0    3260.00   .1058463E-09
 85.0    3270.00   .1023942E-09
 85.0    3280.00   .9685559E-10
 85.0    3290.00   .9281169E-10
 85.0    3300.00   .9762256E-10
 85.0    3310.00   .9529156E-10
 85.0    3320.00   .1042997E-09
 85.0    3330.00   .1041633E-09
 85.0    3340.00   .1056905E-09
 85.0    3350.00   .1028998E-09
 85.0    3360.00   .1032636E-09
 85.0    3370.00   .1073095E-09
 85.0    3380.00   .1054408E-09
 85.0    3390.00   .1074061E-09
 85.0    3400.00   .1121456E-09
 85.0    3410.00   .1126951E-09
 85.0    3420.00   .1288179E-09
 85.0    3430.00   .1373247E-09
 85.0    3440.00   .1353961E-09
 85.0    3450.00   .1377657E-09
 85.0    3460.00   .1278039E-09
 85.0    3470.00   .1317089E-09
 85.0    3480.00   .1312748E-09
 85.0    3490.00   .1306054E-09
 85.0    3500.00   .1227483E-09
 85.0    3510.00   .1309775E-09
 85.0    3520.00   .1377781E-09
 85.0    3530.00   .1500116E-09
 85.0    3540.00   .1613358E-09
 85.0    3550.00   .1733377E-09
 85.0    3560.00   .1744991E-09
 85.0    3570.00   .1730155E-09
 85.0    3580.00   .1799876E-09
 85.0    3590.00   .1767381E-09
 85.0    3600.00   .1857313E-09
 85.0    3610.00   .1851095E-09
 85.0    3620.00   .1892562E-09
 85.0    3630.00   .1825686E-09
 85.0    3640.00   .1689665E-09
 85.0    3650.00   .1722283E-09
 85.0    3660.00   .1783936E-09
 85.0    3670.00   .1996825E-09
 85.0    3680.00   .2185377E-09
 85.0    3690.00   .2435632E-09
 85.0    3700.00   .2783884E-09
 85.0    3710.00   .3010396E-09
 85.0    3720.00   .3126682E-09
 85.0    3730.00   .3212298E-09
 85.0    3740.00   .3080488E-09
 85.0    3750.00   .2870505E-09
 85.0    3760.00   .2656414E-09
 85.0    3770.00   .2378262E-09
 85.0    3780.00   .2013579E-09
 85.0    3790.00   .1620024E-09
 85.0    3800.00   .1372250E-09
 85.0    3810.00   .1158975E-09
 85.0    3820.00   .1050965E-09
 85.0    3830.00   .9192834E-10
 85.0    3840.00   .9771803E-10
 85.0    3850.00   .1036660E-09
 85.0    3860.00   .1225256E-09
 85.0    3870.00   .1462243E-09
 85.0    3880.00   .1834700E-09
 85.0    3890.00   .2120874E-09
 85.0    3900.00   .2411157E-09
 85.0    3910.00   .2610698E-09
 85.0    3920.00   .2973786E-09
 85.0    3930.00   .3127332E-09
 85.0    3940.00   .3468003E-09
 85.0    3950.00   .3658247E-09
 85.0    3960.00   .3889938E-09
 85.0    3970.00   .4098401E-09
 85.0    3980.00   .4314074E-09
 85.0    3990.00   .4482210E-09
 85.0    4000.00   .4340912E-09
 85.0    4010.00   .4247992E-09
 85.0    4020.00   .3896025E-09
 85.0    4030.00   .3808578E-09
 85.0    4040.00   .3349939E-09
 85.0    4050.00   .3226065E-09
 85.0    4060.00   .2969765E-09
 85.0    4070.00   .2871486E-09
 85.0    4080.00   .2722306E-09
 85.0    4090.00   .2699123E-09
 85.0    4100.00   .2588488E-09
 85.0    4110.00   .2458595E-09
 85.0    4120.00   .2321156E-09
 85.0    4130.00   .2268526E-09
 85.0    4140.00   .2156467E-09
 85.0    4150.00   .2175903E-09
 85.0    4160.00   .2138859E-09
 85.0    4170.00   .2113601E-09
 85.0    4180.00   .2154786E-09
 85.0    4190.00   .2206811E-09
 85.0    4200.00   .2233315E-09
 85.0    4210.00   .2253964E-09
 85.0    4220.00   .2370814E-09
 85.0    4230.00   .2268734E-09
 85.0    4240.00   .2327838E-09
 85.0    4250.00   .2374305E-09
 85.0    4260.00   .2423394E-09
 85.0    4270.00   .2298406E-09
 85.0    4280.00   .2389789E-09
 85.0    4290.00   .2402165E-09
 85.0    4300.00   .2387237E-09
 85.0    4310.00   .2564728E-09
 85.0    4320.00   .2501664E-09
 85.0    4330.00   .2647864E-09
 85.0    4340.00   .2574454E-09
 85.0    4350.00   .2571419E-09
 85.0    4360.00   .2638701E-09
 85.0    4370.00   .2427400E-09
 85.0    4380.00   .2168531E-09
 85.0    4390.00   .1978322E-09
 85.0    4400.00   .1894367E-09
 85.0    4410.00   .1676968E-09
 85.0    4420.00   .1555921E-09
 85.0    4430.00   .1416055E-09
 85.0    4440.00   .1359185E-09
 85.0    4450.00   .1328816E-09
 85.0    4460.00   .1323362E-09
 85.0    4470.00   .1367451E-09
 85.0    4480.00   .1395137E-09
 85.0    4490.00   .1461913E-09
 85.0    4500.00   .1539052E-09
 85.0    4510.00   .1642429E-09
 85.0    4520.00   .1703694E-09
 85.0    4530.00   .1912913E-09
 85.0    4540.00   .2055371E-09
 85.0    4550.00   .2230681E-09
 85.0    4560.00   .2458325E-09
 85.0    4570.00   .2557375E-09
 85.0    4580.00   .2890129E-09
 85.0    4590.00   .3113765E-09
 85.0    4600.00   .3521112E-09
 85.0    4610.00   .3637039E-09
 85.0    4620.00   .3800930E-09
 85.0    4630.00   .3842070E-09
 85.0    4640.00   .4060569E-09
 85.0    4650.00   .4167502E-09
 85.0    4660.00   .4131723E-09
 85.0    4670.00   .4074820E-09
 85.0    4680.00   .3774717E-09
 85.0    4690.00   .3560789E-09
 85.0    4700.00   .3007036E-09
 85.0    4710.00   .2880698E-09
 85.0    4720.00   .2470665E-09
 85.0    4730.00   .2226332E-09
 85.0    4740.00   .1942531E-09
 85.0    4750.00   .1812101E-09
 85.0    4760.00   .1664525E-09
 85.0    4770.00   .1525056E-09
 85.0    4780.00   .1458278E-09
 85.0    4790.00   .1556439E-09
 85.0    4800.00   .1615953E-09
 85.0    4810.00   .1679444E-09
 85.0    4820.00   .1745588E-09
 85.0    4830.00   .1810983E-09
 85.0    4840.00   .1886332E-09
 85.0    4850.00   .1888096E-09
 85.0    4860.00   .1880424E-09
 85.0    4870.00   .1858727E-09
 85.0    4880.00   .1835759E-09
 85.0    4890.00   .1851790E-09
 85.0    4900.00   .1904942E-09
 85.0    4910.00   .1995844E-09
 85.0    4920.00   .2127160E-09
 85.0    4930.00   .2289332E-09
 85.0    4940.00   .2613354E-09
 85.0    4950.00   .2755092E-09
 85.0    4960.00   .2852033E-09
 85.0    4970.00   .2894162E-09
 85.0    4980.00   .2814767E-09
 85.0    4990.00   .2703749E-09
 85.0    5000.00   .2548929E-09
 85.0    5010.00   .2369150E-09
 85.0    5020.00   .2191955E-09
 85.0    5030.00   .1894364E-09
 85.0    5040.00   .1788917E-09
 85.0    5050.00   .1715397E-09
 85.0    5060.00   .1668428E-09
 85.0    5070.00   .1641311E-09
 85.0    5080.00   .1625267E-09
 85.0    5090.00   .1626109E-09
 85.0    5100.00   .1626503E-09
 85.0    5110.00   .1629523E-09
 85.0    5120.00   .1647592E-09
 85.0    5130.00   .1604721E-09
 85.0    5140.00   .1580787E-09
 85.0    5150.00   .1572235E-09
 85.0    5160.00   .1580395E-09
 85.0    5170.00   .1625811E-09
 85.0    5180.00   .1744081E-09
 85.0    5190.00   .1853799E-09
 85.0    5200.00   .1954842E-09
 85.0    5210.00   .1877940E-09
 85.0    5220.00   .1993717E-09
 85.0    5230.00   .2331386E-09
 85.0    5240.00   .2290616E-09
 85.0    5250.00   .2418041E-09
 85.0    5260.00   .2346281E-09
 85.0    5270.00   .2465047E-09
 85.0    5280.00   .2916169E-09
 85.0    5290.00   .2962833E-09
 85.0    5300.00   .2705329E-09
 85.0    5310.00   .3216170E-09
 85.0    5320.00   .3204342E-09
 85.0    5330.00   .3088339E-09
 85.0    5340.00   .3004576E-09
 85.0    5350.00   .2994990E-09
 85.0    5360.00   .2779585E-09
 85.0    5370.00   .2807918E-09
 85.0    5380.00   .2753216E-09
 85.0    5390.00   .2504403E-09
 85.0    5400.00   .2981923E-09
 85.0    5410.00   .2903687E-09
 85.0    5420.00   .2649449E-09
 85.0    5430.00   .2528730E-09
 85.0    5440.00   .3008179E-09
 85.0    5450.00   .3214645E-09
 85.0    5460.00   .3225425E-09
 85.0    5470.00   .3822605E-09
 85.0    5480.00   .3708919E-09
 85.0    5490.00   .3837991E-09
 85.0    5500.00   .4193287E-09
 85.0    5510.00   .4330480E-09
 85.0    5520.00   .4318387E-09
 85.0    5530.00   .3749680E-09
 85.0    5540.00   .3933652E-09
 85.0    5550.00   .3916292E-09
 85.0    5560.00   .3771328E-09
 85.0    5570.00   .3759592E-09
 85.0    5580.00   .3299091E-09
 85.0    5590.00   .3162648E-09
 85.0    5600.00   .2981911E-09
 85.0    5610.00   .2630378E-09
 85.0    5620.00   .2401480E-09
 85.0    5630.00   .2291411E-09
 85.0    5640.00   .2133223E-09
 85.0    5650.00   .1853845E-09
 85.0    5660.00   .1680032E-09
 85.0    5670.00   .1334097E-09
 85.0    5680.00   .1256278E-09
 85.0    5690.00   .1155781E-09
 85.0    5700.00   .1253112E-09
 85.0    5710.00   .1190461E-09
 85.0    5720.00   .1219836E-09
 85.0    5730.00   .1291902E-09
 85.0    5740.00   .1258403E-09
 85.0    5750.00   .1337623E-09
 85.0    5760.00   .1271850E-09
 85.0    5770.00   .1512211E-09
 85.0    5780.00   .1822696E-09
 85.0    5790.00   .1879286E-09
 85.0    5800.00   .2185101E-09
 85.0    5810.00   .2357398E-09
 85.0    5820.00   .2595060E-09
 85.0    5830.00   .2640901E-09
 85.0    5840.00   .2804451E-09
 85.0    5850.00   .2725790E-09
 85.0    5860.00   .3041684E-09
 85.0    5870.00   .3027033E-09
 85.0    5880.00   .2669573E-09
 85.0    5890.00   .1714417E-09
 85.0    5900.00   .2528235E-09
 85.0    5910.00   .2721406E-09
 85.0    5920.00   .2843553E-09
 85.0    5930.00   .2316540E-09
 85.0    5940.00   .2253721E-09
 85.0    5950.00   .2170586E-09
 85.0    5960.00   .2101156E-09
 85.0    5970.00   .1921016E-09
 85.0    5980.00   .1964126E-09
 85.0    5990.00   .1970041E-09
 85.0    6000.00   .1668324E-09
 85.0    6010.00   .1799015E-09
 85.0    6020.00   .1794734E-09
 85.0    6030.00   .1816256E-09
 85.0    6040.00   .1793514E-09
 85.0    6050.00   .1954545E-09
 85.0    6060.00   .2134716E-09
 85.0    6070.00   .2041733E-09
 85.0    6080.00   .2160931E-09
 85.0    6090.00   .2041206E-09
 85.0    6100.00   .2067005E-09
 85.0    6110.00   .2037431E-09
 85.0    6120.00   .1936795E-09
 85.0    6130.00   .1871749E-09
 85.0    6140.00   .2134992E-09
 85.0    6150.00   .2033935E-09
 85.0    6160.00   .1920206E-09
 85.0    6170.00   .1687502E-09
 85.0    6180.00   .1828313E-09
 85.0    6190.00   .1983457E-09
 85.0    6200.00   .1890335E-09
 85.0    6210.00   .1769122E-09
 85.0    6220.00   .1986667E-09
 85.0    6230.00   .1954609E-09
 85.0    6240.00   .1844351E-09
 85.0    6250.00   .2043583E-09
 85.0    6260.00   .1894177E-09
 85.0    6270.00   .1741038E-09
 85.0    6280.00   .1703983E-09
 85.0    6290.00   .1609107E-09
 85.0    6300.00   .1560190E-09
 85.0    6310.00   .1517474E-09
 85.0    6320.00   .1506709E-09
 85.0    6330.00   .1526048E-09
 85.0    6340.00   .1574251E-09
 85.0    6350.00   .1630521E-09
 85.0    6360.00   .1686710E-09
 85.0    6370.00   .1754747E-09
 85.0    6380.00   .1821158E-09
 85.0    6390.00   .1938311E-09
 85.0    6400.00   .2085123E-09
 85.0    6410.00   .2260636E-09
 85.0    6420.00   .2447132E-09
 85.0    6430.00   .2582878E-09
 85.0    6440.00   .2763837E-09
 85.0    6450.00   .2936314E-09
 85.0    6460.00   .3094766E-09
 85.0    6470.00   .3229731E-09
 85.0    6480.00   .3329457E-09
 85.0    6490.00   .3460385E-09
 85.0    6500.00   .3584384E-09
 85.0    6510.00   .3683661E-09
 85.0    6520.00   .3751041E-09
 85.0    6530.00   .3812015E-09
 85.0    6540.00   .3872361E-09
 85.0    6550.00   .3923680E-09
 85.0    6560.00   .3952572E-09
 85.0    6570.00   .3962915E-09
 85.0    6580.00   .3975287E-09
 85.0    6590.00   .3958774E-09
 85.0    6600.00   .3924169E-09
 85.0    6610.00   .3852874E-09
 85.0    6620.00   .3760639E-09
 85.0    6630.00   .3700611E-09
 85.0    6640.00   .3583472E-09
 85.0    6650.00   .3452408E-09
 85.0    6660.00   .3310847E-09
 85.0    6670.00   .3161317E-09
 85.0    6680.00   .3074483E-09
 85.0    6690.00   .2936341E-09
 85.0    6700.00   .2796887E-09
 85.0    6710.00   .2664647E-09
 85.0    6720.00   .2536110E-09
 85.0    6730.00   .2462578E-09
 85.0    6740.00   .2342021E-09
 85.0    6750.00   .2229654E-09
 85.0    6760.00   .2149659E-09
 85.0    6770.00   .2100191E-09
 85.0    6780.00   .2019976E-09
 85.0    6790.00   .1959759E-09
 85.0    6800.00   .1914016E-09
 85.0    6810.00   .1873567E-09
 85.0    6820.00   .1860920E-09
 85.0    6830.00   .1841953E-09
 85.0    6840.00   .1877378E-09
 85.0    6850.00   .1831114E-09
 85.0    6860.00   .1672850E-09
 85.0    6870.00   .1597325E-09
 85.0    6880.00   .1571211E-09
 85.0    6890.00   .1666837E-09
 85.0    6900.00   .1739985E-09
 85.0    6910.00   .1803302E-09
 85.0    6920.00   .1869515E-09
 85.0    6930.00   .1918154E-09
 85.0    6940.00   .1941458E-09
 85.0    6950.00   .1965794E-09
 85.0    6960.00   .2013106E-09
 85.0    6970.00   .2042597E-09
 85.0    6980.00   .2048254E-09
 85.0    6990.00   .2051624E-09
 85.0    7000.00   .2147960E-09
 85.0    7010.00   .2268852E-09
 85.0    7020.00   .2246778E-09
 85.0    7030.00   .2259590E-09
 85.0    7040.00   .2214768E-09
 85.0    7050.00   .2187849E-09
 85.0    7060.00   .2230254E-09
 85.0    7070.00   .2157528E-09
 85.0    7080.00   .2150769E-09
 85.0    7090.00   .2225314E-09
 85.0    7100.00   .2248200E-09
 85.0    7110.00   .2217003E-09
 85.0    7120.00   .2274014E-09
 85.0    7130.00   .2277568E-09
 85.0    7140.00   .2279241E-09
 85.0    7150.00   .2349959E-09
 85.0    7160.00   .2337375E-09
 85.0    7170.00   .2374580E-09
 85.0    7180.00   .2552551E-09
 85.0    7190.00   .2647388E-09
 85.0    7200.00   .2757256E-09
 85.0    7210.00   .2719212E-09
 85.0    7220.00   .2708943E-09
 85.0    7230.00   .2772098E-09
 85.0    7240.00   .2924848E-09
 85.0    7250.00   .3040647E-09
 85.0    7260.00   .3342131E-09
 85.0    7270.00   .3279816E-09
 85.0    7280.00   .3138617E-09
 85.0    7290.00   .3059476E-09
 85.0    7300.00   .3096225E-09
 85.0    7310.00   .3118396E-09
 85.0    7320.00   .3070632E-09
 85.0    7330.00   .2970462E-09
 85.0    7340.00   .2919383E-09
 85.0    7350.00   .2868106E-09
 85.0    7360.00   .2821319E-09
 85.0    7370.00   .2809490E-09
 85.0    7380.00   .2781644E-09
 85.0    7390.00   .2767738E-09
 85.0    7400.00   .2766644E-09
 85.0    7410.00   .2768090E-09
 85.0    7420.00   .2823527E-09
 85.0    7430.00   .2820691E-09
 85.0    7440.00   .2819356E-09
 85.0    7450.00   .2813528E-09
 85.0    7460.00   .2804948E-09
 85.0    7470.00   .2794424E-09
 85.0    7480.00   .2728274E-09
 85.0    7490.00   .2645618E-09
 85.0    7500.00   .2546114E-09
 85.0    7510.00   .2431795E-09
 85.0    7520.00   .2253019E-09
 85.0    7530.00   .2103700E-09
 85.0    7540.00   .1971800E-09
 85.0    7550.00   .1949678E-09
 85.0    7560.00   .1782883E-09
 85.0    7570.00   .1507369E-09
 85.0    7580.00   .1470027E-09
 85.0    7590.00   .1417895E-09
 85.0    7600.00   .1363222E-09
 85.0    7610.00   .1000882E-09
 85.0    7620.00   .3718714E-10
 85.0    7630.00   .7278750E-10
 85.0    7640.00   .9051800E-10
 85.0    7650.00   .7381295E-10
 85.0    7660.00   .9321650E-10
 85.0    7670.00   .1125205E-09
 85.0    7680.00   .1385307E-09
 85.0    7690.00   .1474222E-09
 85.0    7700.00   .1543208E-09
 85.0    7710.00   .1628765E-09
 85.0    7720.00   .1629546E-09
 85.0    7730.00   .1582036E-09
 85.0    7740.00   .1677223E-09
 85.0    7750.00   .1634495E-09
 85.0    7760.00   .1566431E-09
 85.0    7770.00   .1606490E-09
 85.0    7780.00   .1586281E-09
 85.0    7790.00   .1576411E-09
 85.0    7800.00   .1476346E-09
 85.0    7810.00   .1462102E-09
 85.0    7820.00   .1457743E-09
 85.0    7830.00   .1335338E-09
 85.0    7840.00   .1321618E-09
 85.0    7850.00   .1310020E-09
 85.0    7860.00   .1249006E-09
 85.0    7870.00   .1150609E-09
 85.0    7880.00   .1122085E-09
 85.0    7890.00   .1057536E-09
 85.0    7900.00   .9804712E-10
 85.0    7910.00   .9398486E-10
 85.0    7920.00   .9250493E-10
 85.0    7930.00   .8483172E-10
 85.0    7940.00   .7769437E-10
 85.0    7950.00   .7303564E-10
 85.0    7960.00   .7200391E-10
 85.0    7970.00   .6950117E-10
 85.0    7980.00   .6271699E-10
 85.0    7990.00   .5940192E-10
 85.0    8000.00   .5646358E-10
 85.0    8010.00   .5739813E-10
 85.0    8020.00   .5274921E-10
 85.0    8030.00   .5080663E-10
 85.0    8040.00   .4921623E-10
 85.0    8050.00   .4924317E-10
 85.0    8060.00   .4862787E-10
 85.0    8070.00   .4962656E-10
 85.0    8080.00   .4789418E-10
 85.0    8090.00   .4354194E-10
 85.0    8100.00   .4645661E-10
 85.0    8110.00   .4469996E-10
 85.0    8120.00   .4568701E-10
 85.0    8130.00   .4370785E-10
 85.0    8140.00   .4684270E-10
 85.0    8150.00   .4326699E-10
 85.0    8160.00   .4237800E-10
 85.0    8170.00   .4549019E-10
 85.0    8180.00   .4088765E-10
 85.0    8190.00   .3933556E-10
 85.0    8200.00   .3764319E-10
 85.0    8210.00   .3317248E-10
 85.0    8220.00   .3057886E-10
 85.0    8230.00   .2656285E-10
 85.0    8240.00   .2257813E-10
 85.0    8250.00   .1609197E-10
 85.0    8260.00   .1537593E-10
 85.0    8270.00   .1331159E-10
 85.0    8280.00   .1314044E-10
 85.0    8290.00   .1351754E-10
 85.0    8300.00   .9920007E-11
 85.0    8310.00   .1028878E-10
 85.0    8320.00   .1236057E-10
 85.0    8330.00   .1174617E-10
 85.0    8340.00   .1211877E-10
 85.0    8350.00   .1493286E-10
 85.0    8360.00   .1277491E-10
 85.0    8370.00   .1475188E-10
 85.0    8380.00   .1766493E-10
 85.0    8390.00   .1724468E-10
 85.0    8400.00   .1691157E-10
 85.0    8410.00   .1762761E-10
 85.0    8420.00   .1818338E-10
 85.0    8430.00   .2165069E-10
 85.0    8440.00   .2435255E-10
 85.0    8450.00   .2654602E-10
 85.0    8460.00   .2806179E-10
 85.0    8470.00   .3050024E-10
 85.0    8480.00   .3647997E-10
 85.0    8490.00   .4276884E-10
 85.0    8500.00   .4891205E-10
 85.0    8510.00   .5373700E-10
 85.0    8520.00   .5858768E-10
 85.0    8530.00   .6469647E-10
 85.0    8540.00   .7226970E-10
 85.0    8550.00   .8473960E-10
 85.0    8560.00   .9336558E-10
 85.0    8570.00   .9264530E-10
 85.0    8580.00   .9076078E-10
 85.0    8590.00   .8999936E-10
 85.0    8600.00   .9139690E-10
 85.0    8610.00   .9202473E-10
 85.0    8620.00   .1004341E-09
 85.0    8630.00   .1026742E-09
 85.0    8640.00   .9931589E-10
 85.0    8650.00   .9537612E-10
 85.0    8660.00   .9117556E-10
 85.0    8670.00   .8810833E-10
 85.0    8680.00   .9749734E-10
 85.0    8690.00   .1073092E-09
 85.0    8700.00   .1047065E-09
 85.0    8710.00   .9912005E-10
 85.0    8720.00   .9746942E-10
 85.0    8730.00   .9901022E-10
 85.0    8740.00   .1044460E-09
 85.0    8750.00   .1197539E-09
 85.0    8760.00   .1231033E-09
 85.0    8770.00   .1125549E-09
 85.0    8780.00   .1063866E-09
 85.0    8790.00   .1172793E-09
 85.0    8800.00   .1278415E-09
 85.0    8810.00   .1279011E-09
 85.0    8820.00   .1255942E-09
 85.0    8830.00   .1188983E-09
 85.0    8840.00   .1077809E-09
 85.0    8850.00   .1075877E-09
 85.0    8860.00   .1122529E-09
 85.0    8870.00   .1224168E-09
 85.0    8880.00   .1208416E-09
 85.0    8890.00   .1088182E-09
 85.0    8900.00   .9921605E-10
 85.0    8910.00   .9797262E-10
 85.0    8920.00   .1019831E-09
 85.0    8930.00   .1042922E-09
 85.0    8940.00   .1004399E-09
 85.0    8950.00   .1010163E-09
 85.0    8960.00   .9726471E-10
 85.0    8970.00   .9269470E-10
 85.0    8980.00   .8876078E-10
 85.0    8990.00   .8812461E-10
 85.0    9000.00   .9261386E-10
 85.0    9010.00   .8415409E-10
 85.0    9020.00   .8143040E-10
 85.0    9030.00   .8381206E-10
 85.0    9040.00   .8107842E-10
 85.0    9050.00   .7854451E-10
 85.0    9060.00   .8158616E-10
 85.0    9070.00   .8185849E-10
 85.0    9080.00   .7791494E-10
 85.0    9090.00   .7645683E-10
 85.0    9100.00   .7663744E-10
 85.0    9110.00   .7738621E-10
 85.0    9120.00   .8145424E-10
 85.0    9130.00   .8329297E-10
 85.0    9140.00   .8176578E-10
 85.0    9150.00   .7665283E-10
 85.0    9160.00   .7447756E-10
 85.0    9170.00   .7509178E-10
 85.0    9180.00   .7257507E-10
 85.0    9190.00   .7392504E-10
 85.0    9200.00   .7309613E-10
 85.0    9210.00   .7391720E-10
 85.0    9220.00   .7682410E-10
 85.0    9230.00   .7803171E-10
 85.0    9240.00   .8433101E-10
 85.0    9250.00   .8739844E-10
 85.0    9260.00   .7676689E-10
 85.0    9270.00   .7333874E-10
 85.0    9280.00   .7009354E-10
 85.0    9290.00   .6839402E-10
 85.0    9300.00   .7206361E-10
 85.0    9310.00   .7358214E-10
 85.0    9320.00   .7251107E-10
 85.0    9330.00   .6634863E-10
 85.0    9340.00   .5525782E-10
 85.0    9350.00   .5679592E-10
 85.0    9360.00   .5890480E-10
 85.0    9370.00   .6138074E-10
 85.0    9380.00   .5931220E-10
 85.0    9390.00   .8581681E-10
 85.0    9400.00   .7683532E-10
 85.0    9410.00   .5094736E-10
 85.0    9420.00   .5673148E-10
 85.0    9430.00   .5519030E-10
 85.0    9440.00   .5565704E-10
 85.0    9450.00   .6095917E-10
 85.0    9460.00   .6383620E-10
 85.0    9470.00   .7063160E-10
 85.0    9480.00   .6918193E-10
 85.0    9490.00   .6942824E-10
 85.0    9500.00   .6916178E-10
 85.0    9510.00   .7057630E-10
 85.0    9520.00   .6297570E-10
 85.0    9530.00   .7339619E-10
 85.0    9540.00   .9322678E-10
 85.0    9550.00   .8495055E-10
 85.0    9560.00   .8069503E-10
 85.0    9570.00   .8161900E-10
 85.0    9580.00   .7267582E-10
 85.0    9590.00   .7143624E-10
 85.0    9600.00   .7835463E-10
 85.0    9610.00   .7650480E-10
 85.0    9620.00   .7470028E-10
 85.0    9630.00   .6821544E-10
 85.0    9640.00   .6176721E-10
 85.0    9650.00   .6358205E-10
 85.0    9660.00   .6259980E-10
 85.0    9670.00   .6271746E-10
 85.0    9680.00   .5784724E-10
 85.0    9690.00   .5196204E-10
 85.0    9700.00   .5723562E-10
 85.0    9710.00   .5911799E-10
 85.0    9720.00   .6010784E-10
 85.0    9730.00   .5634734E-10
 85.0    9740.00   .5484109E-10
 85.0    9750.00   .5905602E-10
 85.0    9760.00   .5330904E-10
 85.0    9770.00   .5751783E-10
 85.0    9780.00   .6219474E-10
 85.0    9790.00   .5738492E-10
 85.0    9800.00   .6550586E-10
 85.0    9810.00   .6699540E-10
 85.0    9820.00   .6008168E-10
 85.0    9830.00   .6277798E-10
 85.0    9840.00   .6736275E-10
 85.0    9850.00   .7503937E-10
 85.0    9860.00   .7713406E-10
 85.0    9870.00   .7755490E-10
 85.0    9880.00   .9215395E-10
 85.0    9890.00   .9114144E-10
 85.0    9900.00   .8314411E-10
 85.0    9910.00   .8197238E-10
 85.0    9920.00   .8832239E-10
 85.0    9930.00   .9151623E-10
 85.0    9940.00   .9169430E-10
 85.0    9950.00   .8865309E-10
 85.0    9960.00   .9151430E-10
 85.0    9970.00   .1061997E-09
 85.0    9980.00   .9420035E-10
 85.0    9990.00   .9255564E-10
 85.0   10000.00   .9626579E-10
 85.0   10010.00   .9564038E-10
 85.0   10020.00   .9501374E-10
 85.0   10030.00   .9438622E-10
 85.0   10040.00   .9375743E-10
 85.0   10050.00   .9312767E-10
 85.0   10060.00   .9249664E-10
 85.0   10070.00   .9186474E-10
 85.0   10080.00   .9123156E-10
 85.0   10090.00   .9059750E-10
 85.0   10100.00   .8996211E-10
 85.0   10110.00   .8932592E-10
 85.0   10120.00   .8868863E-10
 85.0   10130.00   .8805023E-10
 85.0   10140.00   .8741090E-10
 85.0   10150.00   .8677038E-10
 85.0   10160.00   .8612893E-10
 85.0   10170.00   .8548637E-10
 85.0   10180.00   .8484281E-10
 85.0   10190.00   .8419831E-10
 85.0   10200.00   .8355272E-10
 85.0   10210.00   .8290620E-10
 85.0   10220.00   .8225851E-10
 85.0   10230.00   .8160998E-10
 85.0   10240.00   .8096028E-10
 85.0   10250.00   .8030982E-10
 85.0   10260.00   .7965819E-10
 85.0   10270.00   .7900572E-10
 85.0   10280.00   .7835216E-10
 85.0   10290.00   .7769771E-10
 85.0   10300.00   .7704221E-10
 85.0   10310.00   .7638583E-10
 85.0   10320.00   .7572846E-10
 85.0   10330.00   .7507014E-10
 85.0   10340.00   .7441088E-10
 85.0   10350.00   .7375068E-10
 85.0   10360.00   .7308952E-10
 85.0   10370.00   .7242752E-10
 85.0   10380.00   .7176444E-10
 85.0   10390.00   .7110056E-10
 85.0   10400.00   .7043571E-10
 85.0   10410.00   .6977002E-10
 85.0   10420.00   .6910332E-10
 85.0   10430.00   .6843572E-10
 85.0   10440.00   .6776731E-10
 85.0   10450.00   .6709788E-10
 85.0   10460.00   .6642773E-10
 85.0   10470.00   .6575658E-10
 85.0   10480.00   .6508459E-10
 85.0   10490.00   .6441175E-10
 85.0   10500.00   .6373798E-10
 85.0   10510.00   .6306340E-10
 85.0   10520.00   .6238791E-10
 85.0   10530.00   .6171159E-10
 85.0   10540.00   .6103443E-10
 85.0   10550.00   .6035643E-10
 85.0   10560.00   .5967759E-10
 85.0   10570.00   .5899791E-10
 85.0   10580.00   .5831735E-10
 85.0   10590.00   .5763606E-10
 85.0   10600.00   .5695388E-10
 85.0   10610.00   .5627089E-10
 85.0   10620.00   .5558709E-10
 85.0   10630.00   .5490251E-10
 85.0   10640.00   .5421710E-10
 85.0   10650.00   .5353092E-10
 85.0   10660.00   .5284392E-10
 85.0   10670.00   .5215611E-10
 85.0   10680.00   .5146754E-10
 85.0   10690.00   .5077821E-10
 85.0   10700.00   .5008811E-10
 85.0   10710.00   .4939718E-10
 85.0   10720.00   .4870548E-10
 85.0   10730.00   .4801303E-10
 85.0   10740.00   .4731989E-10
 85.0   10750.00   .4662590E-10
 85.0   10760.00   .4593119E-10
 85.0   10770.00   .4523575E-10
 85.0   10780.00   .4453950E-10
 85.0   10790.00   .4384254E-10
 85.0   10800.00   .4314489E-10
 85.0   10810.00   .4244647E-10
 85.0   10820.00   .4174732E-10
 85.0   10830.00   .4104742E-10
 85.0   10840.00   .4034684E-10
 85.0   10850.00   .3964553E-10
 85.0   10860.00   .3894346E-10
 85.0   10870.00   .3824069E-10
 85.0   10880.00   .3753726E-10
 85.0   10890.00   .3683308E-10
 85.0   10900.00   .3612821E-10
 85.0   10910.00   .3542263E-10
 85.0   10920.00   .3471636E-10
 85.0   10930.00   .3400940E-10
 85.0   10940.00   .3330175E-10
 85.0   10950.00   .3259339E-10
 85.0   10960.00   .3188436E-10
 85.0   10970.00   .3117465E-10
 85.0   10980.00   .3046427E-10
 85.0   10990.00   .2975322E-10
 85.0   11000.00   .2904149E-10
 85.0   11010.00   .2832909E-10
 85.0   11020.00   .2761604E-10
 85.0   11030.00   .2690231E-10
 85.0   11040.00   .2618792E-10
 85.0   11050.00   .2547286E-10
 85.0   11060.00   .2475720E-10
 85.0   11070.00   .2404082E-10
 85.0   11080.00   .2332382E-10
 85.0   11090.00   .2260620E-10
 85.0   11100.00   .2188787E-10
 85.0   11110.00   .2116894E-10
 85.0   11120.00   .2044939E-10
 85.0   11130.00   .1972916E-10
 85.0   11140.00   .1900833E-10
 85.0   11150.00   .1828686E-10
 85.0   11160.00   .1756476E-10
 85.0   11170.00   .1684203E-10
 85.0   11180.00   .1611865E-10
 85.0   11190.00   .1539468E-10
 85.0   11200.00   .1467007E-10
 85.0   11210.00   .1394486E-10
 85.0   11220.00   .1321901E-10
 85.0   11230.00   .1249256E-10
 85.0   11240.00   .1176549E-10
 85.0   11250.00   .1103781E-10
 85.0   11260.00   .1030953E-10
 85.0   11270.00   .9580627E-11
 85.0   11280.00   .8851130E-11
 85.0   11290.00   .8121034E-11
 85.0   11300.00   .7390322E-11
 85.0   11310.00   .7393318E-11
 85.0   11320.00   .7396305E-11
 85.0   11330.00   .7399281E-11
 85.0   11340.00   .7402267E-11
 85.0   11350.00   .7405243E-11
 85.0   11360.00   .7408210E-11
 85.0   11370.00   .7411180E-11
 85.0   11380.00   .7414136E-11
 85.0   11390.00   .7417096E-11
 85.0   11400.00   .7420051E-11
 85.0   11410.00   .7422993E-11
 85.0   11420.00   .7425945E-11
 85.0   11430.00   .7428880E-11
 85.0   11440.00   .7431818E-11
 85.0   11450.00   .7434752E-11
 85.0   11460.00   .7437686E-11
 85.0   11470.00   .7440606E-11
 85.0   11480.00   .7443534E-11
 85.0   11490.00   .7446456E-11
 85.0   11500.00   .7449366E-11
 85.0   11510.00   .7452278E-11
 85.0   11520.00   .7455189E-11
 85.0   11530.00   .7458098E-11
 85.0   11540.00   .7461002E-11
 85.0   11550.00   .7463905E-11
 85.0   11560.00   .7466805E-11
 85.0   11570.00   .7469698E-11
 85.0   11580.00   .7472596E-11
 85.0   11590.00   .7475486E-11
 85.0   11600.00   .7478385E-11
 85.0   11610.00   .7481268E-11
 85.0   11620.00   .7484155E-11
 85.0   11630.00   .7487041E-11
 85.0   11640.00   .7489927E-11
 85.0   11650.00   .7492812E-11
 85.0   11660.00   .7495686E-11
 85.0   11670.00   .7498568E-11
 85.0   11680.00   .7501446E-11
 85.0   11690.00   .7504323E-11
 85.0   11700.00   .7507199E-11
 85.0   11710.00   .7510075E-11
 85.0   11720.00   .7512950E-11
 85.0   11730.00   .7515830E-11
 85.0   11740.00   .7518694E-11
 85.0   11750.00   .7521572E-11
 85.0   11760.00   .7524440E-11
 85.0   11770.00   .7527315E-11
 85.0   11780.00   .7530187E-11
 85.0   11790.00   .7533060E-11
 85.0   11800.00   .7535933E-11
 85.0   11810.00   .7538804E-11
 85.0   11820.00   .7541676E-11
 85.0   11830.00   .7544551E-11
 85.0   11840.00   .7547423E-11
 85.0   11850.00   .7550302E-11
 85.0   11860.00   .7553175E-11
 85.0   11870.00   .7556051E-11
 85.0   11880.00   .7558928E-11
 85.0   11890.00   .7561806E-11
 85.0   11900.00   .7564682E-11
 85.0   11910.00   .7567564E-11
 85.0   11920.00   .7570447E-11
 85.0   11930.00   .7573335E-11
 85.0   11940.00   .7576220E-11
 85.0   11950.00   .7579108E-11
 85.0   11960.00   .7581998E-11
 85.0   11970.00   .7584892E-11
 85.0   11980.00   .7587783E-11
 85.0   11990.00   .7590676E-11
 85.0   12000.00   .7593573E-11
 85.0   12010.00   .7596476E-11
 85.0   12020.00   .7599379E-11
 85.0   12030.00   .7602286E-11
 85.0   12040.00   .7605186E-11
 85.0   12050.00   .7608104E-11
 85.0   12060.00   .7611019E-11
 85.0   12070.00   .7613930E-11
 85.0   12080.00   .7616849E-11
 85.0   12090.00   .7619777E-11
 85.0   12100.00   .7622703E-11
 85.0   12110.00   .7625631E-11
 85.0   12120.00   .7628577E-11
 85.0   12130.00   .7631503E-11
 85.0   12140.00   .7634454E-11
 85.0   12150.00   .7637394E-11
 85.0   12160.00   .7640351E-11
 85.0   12170.00   .7643296E-11
 85.0   12180.00   .7646260E-11
 85.0   12190.00   .7649218E-11
 85.0   12200.00   .7652189E-11
 85.0   12210.00   .7655163E-11
 85.0   12220.00   .7658140E-11
 85.0   12230.00   .7661121E-11
 85.0   12240.00   .7664113E-11
 85.0   12250.00   .7667102E-11
 85.0   12260.00   .7670095E-11
 85.0   12270.00   .7673099E-11
 85.0   12280.00   .7676107E-11
 85.0   12290.00   .7679128E-11
 85.0   12300.00   .7682145E-11
 85.0   12310.00   .7685166E-11
 85.0   12320.00   .7688192E-11
 85.0   12330.00   .7691231E-11
 85.0   12340.00   .7694282E-11
 85.0   12350.00   .7697330E-11
 85.0   12360.00   .7700383E-11
 85.0   12370.00   .7703441E-11
 85.0   12380.00   .7706512E-11
 85.0   12390.00   .7709588E-11
 85.0   12400.00   .7712678E-11
 85.0   12410.00   .7715765E-11
 85.0   12420.00   .7718857E-11
 85.0   12430.00   .7721949E-11
 85.0   12440.00   .7725068E-11
 85.0   12450.00   .7728186E-11
 85.0   12460.00   .7731317E-11
 85.0   12470.00   .7734447E-11
 85.0   12480.00   .7737590E-11
 85.0   12490.00   .7740740E-11
 85.0   12500.00   .7743897E-11
 85.0   12510.00   .7748281E-11
 85.0   12520.00   .7752671E-11
 85.0   12530.00   .7757076E-11
 85.0   12540.00   .7761480E-11
 85.0   12550.00   .7765898E-11
 85.0   12560.00   .7770323E-11
 85.0   12570.00   .7774748E-11
 85.0   12580.00   .7779186E-11
 85.0   12590.00   .7783625E-11
 85.0   12600.00   .7788071E-11
 85.0   12610.00   .7792540E-11
 85.0   12620.00   .7797001E-11
 85.0   12630.00   .7801485E-11
 85.0   12640.00   .7805961E-11
 85.0   12650.00   .7810453E-11
 85.0   12660.00   .7814952E-11
 85.0   12670.00   .7819468E-11
 85.0   12680.00   .7823984E-11
 85.0   12690.00   .7828509E-11
 85.0   12700.00   .7833049E-11
 85.0   12710.00   .7837598E-11
 85.0   12720.00   .7842148E-11
 85.0   12730.00   .7846715E-11
 85.0   12740.00   .7851298E-11
 85.0   12750.00   .7855875E-11
 85.0   12760.00   .7860468E-11
 85.0   12770.00   .7865071E-11
 85.0   12780.00   .7869683E-11
 85.0   12790.00   .7874305E-11
 85.0   12800.00   .7878936E-11
 85.0   12810.00   .7883584E-11
 85.0   12820.00   .7888243E-11
 85.0   12830.00   .7892903E-11
 85.0   12840.00   .7897581E-11
 85.0   12850.00   .7902270E-11
 85.0   12860.00   .7906968E-11
 85.0   12870.00   .7911677E-11
 85.0   12880.00   .7916395E-11
 85.0   12890.00   .7921132E-11
 85.0   12900.00   .7925870E-11
 85.0   12910.00   .7930619E-11
 85.0   12920.00   .7935392E-11
 85.0   12930.00   .7940160E-11
 85.0   12940.00   .7944945E-11
 85.0   12950.00   .7949732E-11
 85.0   12960.00   .7954536E-11
 85.0   12970.00   .7959357E-11
 85.0   12980.00   .7964180E-11
 85.0   12990.00   .7969019E-11
 85.0   13000.00   .7973868E-11
 85.0   13010.00   .7978719E-11
 85.0   13020.00   .7983578E-11
 85.0   13030.00   .7988462E-11
 85.0   13040.00   .7993347E-11
 85.0   13050.00   .7998241E-11
 85.0   13060.00   .8003151E-11
 85.0   13070.00   .8008063E-11
 85.0   13080.00   .8012982E-11
 85.0   13090.00   .8017919E-11
 85.0   13100.00   .8022871E-11
 85.0   13110.00   .8027824E-11
 85.0   13120.00   .8032786E-11
 85.0   13130.00   .8037755E-11
 85.0   13140.00   .8042740E-11
 85.0   13150.00   .8047727E-11
 85.0   13160.00   .8052729E-11
 85.0   13170.00   .8057746E-11
 85.0   13180.00   .8062756E-11
 85.0   13190.00   .8067782E-11
 85.0   13200.00   .8072822E-11
 85.0   13210.00   .8077871E-11
 85.0   13220.00   .8082927E-11
 85.0   13230.00   .8087983E-11
 85.0   13240.00   .8093054E-11
 85.0   13250.00   .8098140E-11
 85.0   13260.00   .8103225E-11
 85.0   13270.00   .8108319E-11
 85.0   13280.00   .8113434E-11
 85.0   13290.00   .8118541E-11
 85.0   13300.00   .8123663E-11
 85.0   13310.00   .8128791E-11
 85.0   13320.00   .8133927E-11
 85.0   13330.00   .8139077E-11
 85.0   13340.00   .8144234E-11
 85.0   13350.00   .8149397E-11
 85.0   13360.00   .8154566E-11
 85.0   13370.00   .8159750E-11
 85.0   13380.00   .8164933E-11
 85.0   13390.00   .8170122E-11
 85.0   13400.00   .8175324E-11
 85.0   13410.00   .8180540E-11
 85.0   13420.00   .8185748E-11
 85.0   13430.00   .8190976E-11
 85.0   13440.00   .8196203E-11
 85.0   13450.00   .8201443E-11
 85.0   13460.00   .8206696E-11
 85.0   13470.00   .8211940E-11
 85.0   13480.00   .8217197E-11
 85.0   13490.00   .8222467E-11
 85.0   13500.00   .8227735E-11
 85.0   13510.00   .8233016E-11
 85.0   13520.00   .8238302E-11
 85.0   13530.00   .8243601E-11
 85.0   13540.00   .8248904E-11
 85.0   13550.00   .8254205E-11
 85.0   13560.00   .8259519E-11
 85.0   13570.00   .8264830E-11
 85.0   13580.00   .8270168E-11
 85.0   13590.00   .8275496E-11
 85.0   13600.00   .8280836E-11
 85.0   13610.00   .8286189E-11
 85.0   13620.00   .8291530E-11
 85.0   13630.00   .8296883E-11
 85.0   13640.00   .8302248E-11
 85.0   13650.00   .8307617E-11
 85.0   13660.00   .8312983E-11
 85.0   13670.00   .8318367E-11
 85.0   13680.00   .8323756E-11
 85.0   13690.00   .8329141E-11
 85.0   13700.00   .8334544E-11
 85.0   13710.00   .8365035E-11
 85.0   13720.00   .8395559E-11
 85.0   13730.00   .8426140E-11
 85.0   13740.00   .8456731E-11
 85.0   13750.00   .8487379E-11
 85.0   13760.00   .8518060E-11
 85.0   13770.00   .8548782E-11
 85.0   13780.00   .8579539E-11
 85.0   13790.00   .8610336E-11
 85.0   13800.00   .8641159E-11
 85.0   13810.00   .8672023E-11
 85.0   13820.00   .8702944E-11
 85.0   13830.00   .8733891E-11
 85.0   13840.00   .8764872E-11
 85.0   13850.00   .8795878E-11
 85.0   13860.00   .8826941E-11
 85.0   13870.00   .8858045E-11
 85.0   13880.00   .8889167E-11
 85.0   13890.00   .8920331E-11
 85.0   13900.00   .8951543E-11
 85.0   13910.00   .8982781E-11
 85.0   13920.00   .9014052E-11
 85.0   13930.00   .9045372E-11
 85.0   13940.00   .9076741E-11
 85.0   13950.00   .9108113E-11
 85.0   13960.00   .9139552E-11
 85.0   13970.00   .9171005E-11
 85.0   13980.00   .9202492E-11
 85.0   13990.00   .9234027E-11
 85.0   14000.00   .9265599E-11
 85.0   14010.00   .9297201E-11
 85.0   14020.00   .9328843E-11
 85.0   14030.00   .9360530E-11
 85.0   14040.00   .9392248E-11
 85.0   14050.00   .9423997E-11
 85.0   14060.00   .9455782E-11
 85.0   14070.00   .9487614E-11
 85.0   14080.00   .9519466E-11
 85.0   14090.00   .9551370E-11
 85.0   14100.00   .9583303E-11
 85.0   14110.00   .9615270E-11
 85.0   14120.00   .9647274E-11
 85.0   14130.00   .9679301E-11
 85.0   14140.00   .9711376E-11
 85.0   14150.00   .9743486E-11
 85.0   14160.00   .9775637E-11
 85.0   14170.00   .9807813E-11
 85.0   14180.00   .9840017E-11
 85.0   14190.00   .9872276E-11
 85.0   14200.00   .9904563E-11
 85.0   14210.00   .9936877E-11
 85.0   14220.00   .9969217E-11
 85.0   14230.00   .1000161E-10
 85.0   14240.00   .1003403E-10
 85.0   14250.00   .1006649E-10
 85.0   14260.00   .1009898E-10
 85.0   14270.00   .1013149E-10
 85.0   14280.00   .1016408E-10
 85.0   14290.00   .1019665E-10
 85.0   14300.00   .1022929E-10
 85.0   14310.00   .1026194E-10
 85.0   14320.00   .1029464E-10
 85.0   14330.00   .1032736E-10
 85.0   14340.00   .1036013E-10
 85.0   14350.00   .1039290E-10
 85.0   14360.00   .1042575E-10
 85.0   14370.00   .1045860E-10
 85.0   14380.00   .1049149E-10
 85.0   14390.00   .1052443E-10
 85.0   14400.00   .1055738E-10
 85.0   14410.00   .1059036E-10
 85.0   14420.00   .1062340E-10
 85.0   14430.00   .1065645E-10
 85.0   14440.00   .1068953E-10
 85.0   14450.00   .1072265E-10
 85.0   14460.00   .1075580E-10
 85.0   14470.00   .1078898E-10
 85.0   14480.00   .1082220E-10
 85.0   14490.00   .1085545E-10
 85.0   14500.00   .1088872E-10
 85.0   14510.00   .1092203E-10
 85.0   14520.00   .1095536E-10
 85.0   14530.00   .1098876E-10
 85.0   14540.00   .1102215E-10
 85.0   14550.00   .1105559E-10
 85.0   14560.00   .1108905E-10
 85.0   14570.00   .1112254E-10
 85.0   14580.00   .1115605E-10
 85.0   14590.00   .1118961E-10
 85.0   14600.00   .1122318E-10
 85.0   14610.00   .1125680E-10
 85.0   14620.00   .1129046E-10
 85.0   14630.00   .1132412E-10
 85.0   14640.00   .1135783E-10
 85.0   14650.00   .1139156E-10
 85.0   14660.00   .1142531E-10
 85.0   14670.00   .1145910E-10
 85.0   14680.00   .1149291E-10
 85.0   14690.00   .1152676E-10
 85.0   14700.00   .1156064E-10
 85.0   14710.00   .1159453E-10
 85.0   14720.00   .1162846E-10
 85.0   14730.00   .1166243E-10
 85.0   14740.00   .1169641E-10
 85.0   14750.00   .1173042E-10
 85.0   14760.00   .1176445E-10
 85.0   14770.00   .1179852E-10
 85.0   14780.00   .1183262E-10
 85.0   14790.00   .1186672E-10
 85.0   14800.00   .1190088E-10
 85.0   14810.00   .1193506E-10
 85.0   14820.00   .1196924E-10
 85.0   14830.00   .1200347E-10
 85.0   14840.00   .1203772E-10
 85.0   14850.00   .1207201E-10
 85.0   14860.00   .1210631E-10
 85.0   14870.00   .1214064E-10
 85.0   14880.00   .1217499E-10
 85.0   14890.00   .1220936E-10
 85.0   14900.00   .1224377E-10
 85.0   14910.00   .1227819E-10
 85.0   14920.00   .1231265E-10
 85.0   14930.00   .1234712E-10
 85.0   14940.00   .1238163E-10
 85.0   14950.00   .1241617E-10
 85.0   14960.00   .1245072E-10
 85.0   14970.00   .1248531E-10
 85.0   14980.00   .1251990E-10
 85.0   14990.00   .1255453E-10
 85.0   15000.00   .1258917E-10
 85.0   15010.00   .1259662E-10
 85.0   15020.00   .1260403E-10
 85.0   15030.00   .1261146E-10
 85.0   15040.00   .1261886E-10
 85.0   15050.00   .1262626E-10
 85.0   15060.00   .1263366E-10
 85.0   15070.00   .1264102E-10
 85.0   15080.00   .1264840E-10
 85.0   15090.00   .1265576E-10
 85.0   15100.00   .1266312E-10
 85.0   15110.00   .1267048E-10
 85.0   15120.00   .1267783E-10
 85.0   15130.00   .1268516E-10
 85.0   15140.00   .1269248E-10
 85.0   15150.00   .1269979E-10
 85.0   15160.00   .1270711E-10
 85.0   15170.00   .1271442E-10
 85.0   15180.00   .1272168E-10
 85.0   15190.00   .1272897E-10
 85.0   15200.00   .1273624E-10
 85.0   15210.00   .1274351E-10
 85.0   15220.00   .1275077E-10
 85.0   15230.00   .1275800E-10
 85.0   15240.00   .1276524E-10
 85.0   15250.00   .1277246E-10
 85.0   15260.00   .1277969E-10
 85.0   15270.00   .1278690E-10
 85.0   15280.00   .1279409E-10
 85.0   15290.00   .1280129E-10
 85.0   15300.00   .1280844E-10
 85.0   15310.00   .1281561E-10
 85.0   15320.00   .1282279E-10
 85.0   15330.00   .1282992E-10
 85.0   15340.00   .1283707E-10
 85.0   15350.00   .1284420E-10
 85.0   15360.00   .1285133E-10
 85.0   15370.00   .1285843E-10
 85.0   15380.00   .1286555E-10
 85.0   15390.00   .1287263E-10
 85.0   15400.00   .1287971E-10
 85.0   15410.00   .1288680E-10
 85.0   15420.00   .1289386E-10
 85.0   15430.00   .1290089E-10
 85.0   15440.00   .1290794E-10
 85.0   15450.00   .1291498E-10
 85.0   15460.00   .1292199E-10
 85.0   15470.00   .1292900E-10
 85.0   15480.00   .1293601E-10
 85.0   15490.00   .1294300E-10
 85.0   15500.00   .1294997E-10
 85.0   15510.00   .1295693E-10
 85.0   15520.00   .1296390E-10
 85.0   15530.00   .1297083E-10
 85.0   15540.00   .1297778E-10
 85.0   15550.00   .1298471E-10
 85.0   15560.00   .1299163E-10
 85.0   15570.00   .1299853E-10
 85.0   15580.00   .1300542E-10
 85.0   15590.00   .1301230E-10
 85.0   15600.00   .1301917E-10
 85.0   15610.00   .1302603E-10
 85.0   15620.00   .1303287E-10
 85.0   15630.00   .1303973E-10
 85.0   15640.00   .1304654E-10
 85.0   15650.00   .1305337E-10
 85.0   15660.00   .1306017E-10
 85.0   15670.00   .1306695E-10
 85.0   15680.00   .1307374E-10
 85.0   15690.00   .1308051E-10
 85.0   15700.00   .1308726E-10
 85.0   15710.00   .1309402E-10
 85.0   15720.00   .1310075E-10
 85.0   15730.00   .1310746E-10
 85.0   15740.00   .1311417E-10
 85.0   15750.00   .1312088E-10
 85.0   15760.00   .1312755E-10
 85.0   15770.00   .1313423E-10
 85.0   15780.00   .1314089E-10
 85.0   15790.00   .1314753E-10
 85.0   15800.00   .1315417E-10
 85.0   15810.00   .1316080E-10
 85.0   15820.00   .1316742E-10
 85.0   15830.00   .1317401E-10
 85.0   15840.00   .1318060E-10
 85.0   15850.00   .1318717E-10
 85.0   15860.00   .1319376E-10
 85.0   15870.00   .1320029E-10
 85.0   15880.00   .1320684E-10
 85.0   15890.00   .1321336E-10
 85.0   15900.00   .1321987E-10
 85.0   15910.00   .1322638E-10
 85.0   15920.00   .1323285E-10
 85.0   15930.00   .1323933E-10
 85.0   15940.00   .1324579E-10
 85.0   15950.00   .1325225E-10
 85.0   15960.00   .1325867E-10
 85.0   15970.00   .1326511E-10
 85.0   15980.00   .1327151E-10
 85.0   15990.00   .1327790E-10
 85.0   16000.00   .1328429E-10
 85.0   16010.00   .1329065E-10
 85.0   16020.00   .1329700E-10
 85.0   16030.00   .1330334E-10
 85.0   16040.00   .1330967E-10
 85.0   16050.00   .1331598E-10
 85.0   16060.00   .1332230E-10
 85.0   16070.00   .1332858E-10
 85.0   16080.00   .1333484E-10
 85.0   16090.00   .1334109E-10
 85.0   16100.00   .1334735E-10
 85.0   16110.00   .1335357E-10
 85.0   16120.00   .1335979E-10
 85.0   16130.00   .1336599E-10
 85.0   16140.00   .1337220E-10
 85.0   16150.00   .1337836E-10
 85.0   16160.00   .1338452E-10
 85.0   16170.00   .1339066E-10
 85.0   16180.00   .1339680E-10
 85.0   16190.00   .1340291E-10
 85.0   16200.00   .1340902E-10
 85.0   16210.00   .1341510E-10
 85.0   16220.00   .1342116E-10
 85.0   16230.00   .1342724E-10
 85.0   16240.00   .1343327E-10
 85.0   16250.00   .1343928E-10
 85.0   16260.00   .1343957E-10
 85.0   16270.00   .1343987E-10
 85.0   16280.00   .1344014E-10
 85.0   16290.00   .1344039E-10
 85.0   16300.00   .1344065E-10
 85.0   16310.00   .1344089E-10
 85.0   16320.00   .1344113E-10
 85.0   16330.00   .1344134E-10
 85.0   16340.00   .1344158E-10
 85.0   16350.00   .1344178E-10
 85.0   16360.00   .1344198E-10
 85.0   16370.00   .1344217E-10
 85.0   16380.00   .1344236E-10
 85.0   16390.00   .1344253E-10
 85.0   16400.00   .1344270E-10
 85.0   16410.00   .1344285E-10
 85.0   16420.00   .1344300E-10
 85.0   16430.00   .1344314E-10
 85.0   16440.00   .1344328E-10
 85.0   16450.00   .1344337E-10
 85.0   16460.00   .1344348E-10
 85.0   16470.00   .1344359E-10
 85.0   16480.00   .1344368E-10
 85.0   16490.00   .1344375E-10
 85.0   16500.00   .1344381E-10
 85.0   16510.00   .1344389E-10
 85.0   16520.00   .1344392E-10
 85.0   16530.00   .1344398E-10
 85.0   16540.00   .1344400E-10
 85.0   16550.00   .1344401E-10
 85.0   16560.00   .1344403E-10
 85.0   16570.00   .1344402E-10
 85.0   16580.00   .1344400E-10
 85.0   16590.00   .1344399E-10
 85.0   16600.00   .1344394E-10
 85.0   16610.00   .1344391E-10
 85.0   16620.00   .1344386E-10
 85.0   16630.00   .1344379E-10
 85.0   16640.00   .1344371E-10
 85.0   16650.00   .1344363E-10
 85.0   16660.00   .1344354E-10
 85.0   16670.00   .1344343E-10
 85.0   16680.00   .1344331E-10
 85.0   16690.00   .1344317E-10
 85.0   16700.00   .1344302E-10
 85.0   16710.00   .1344288E-10
 85.0   16720.00   .1344272E-10
 85.0   16730.00   .1344253E-10
 85.0   16740.00   .1344235E-10
 85.0   16750.00   .1344216E-10
 85.0   16760.00   .1344193E-10
 85.0   16770.00   .1344173E-10
 85.0   16780.00   .1344150E-10
 85.0   16790.00   .1344126E-10
 85.0   16800.00   .1344099E-10
 85.0   16810.00   .1344074E-10
 85.0   16820.00   .1344046E-10
 85.0   16830.00   .1344016E-10
 85.0   16840.00   .1343988E-10
 85.0   16850.00   .1343954E-10
 85.0   16860.00   .1343924E-10
 85.0   16870.00   .1343889E-10
 85.0   16880.00   .1343855E-10
 85.0   16890.00   .1343819E-10
 85.0   16900.00   .1343783E-10
 85.0   16910.00   .1343744E-10
 85.0   16920.00   .1343705E-10
 85.0   16930.00   .1343664E-10
 85.0   16940.00   .1343623E-10
 85.0   16950.00   .1343580E-10
 85.0   16960.00   .1343537E-10
 85.0   16970.00   .1343492E-10
 85.0   16980.00   .1343446E-10
 85.0   16990.00   .1343400E-10
 85.0   17000.00   .1343352E-10
 85.0   17010.00   .1343303E-10
 85.0   17020.00   .1343253E-10
 85.0   17030.00   .1343201E-10
 85.0   17040.00   .1343151E-10
 85.0   17050.00   .1343097E-10
 85.0   17060.00   .1343044E-10
 85.0   17070.00   .1342988E-10
 85.0   17080.00   .1342932E-10
 85.0   17090.00   .1342875E-10
 85.0   17100.00   .1342816E-10
 85.0   17110.00   .1342757E-10
 85.0   17120.00   .1342697E-10
 85.0   17130.00   .1342635E-10
 85.0   17140.00   .1342573E-10
 85.0   17150.00   .1342511E-10
 85.0   17160.00   .1342446E-10
 85.0   17170.00   .1342380E-10
 85.0   17180.00   .1342314E-10
 85.0   17190.00   .1342247E-10
 85.0   17200.00   .1342180E-10
 85.0   17210.00   .1342111E-10
 85.0   17220.00   .1342040E-10
 85.0   17230.00   .1341968E-10
 85.0   17240.00   .1341898E-10
 85.0   17250.00   .1341825E-10
 85.0   17260.00   .1341751E-10
 85.0   17270.00   .1341677E-10
 85.0   17280.00   .1341601E-10
 85.0   17290.00   .1341525E-10
 85.0   17300.00   .1341447E-10
 85.0   17310.00   .1341369E-10
 85.0   17320.00   .1341291E-10
 85.0   17330.00   .1341210E-10
 85.0   17340.00   .1341130E-10
 85.0   17350.00   .1341047E-10
 85.0   17360.00   .1340964E-10
 85.0   17370.00   .1340882E-10
 85.0   17380.00   .1340798E-10
 85.0   17390.00   .1340711E-10
 85.0   17400.00   .1340625E-10
 85.0   17410.00   .1340539E-10
 85.0   17420.00   .1340450E-10
 85.0   17430.00   .1340363E-10
 85.0   17440.00   .1340272E-10
 85.0   17450.00   .1340185E-10
 85.0   17460.00   .1340091E-10
 85.0   17470.00   .1340000E-10
 85.0   17480.00   .1339907E-10
 85.0   17490.00   .1339814E-10
 85.0   17500.00   .1339720E-10
 85.0   17510.00   .1339625E-10
 85.0   17520.00   .1339527E-10
 85.0   17530.00   .1339434E-10
 85.0   17540.00   .1339335E-10
 85.0   17550.00   .1339237E-10
 85.0   17560.00   .1339139E-10
 85.0   17570.00   .1339039E-10
 85.0   17580.00   .1338937E-10
 85.0   17590.00   .1338837E-10
 85.0   17600.00   .1338735E-10
 85.0   17610.00   .1338632E-10
 85.0   17620.00   .1338528E-10
 85.0   17630.00   .1338424E-10
 85.0   17640.00   .1338320E-10
 85.0   17650.00   .1338215E-10
 85.0   17660.00   .1338109E-10
 85.0   17670.00   .1338002E-10
 85.0   17680.00   .1337893E-10
 85.0   17690.00   .1337785E-10
 85.0   17700.00   .1337679E-10
 85.0   17710.00   .1337567E-10
 85.0   17720.00   .1337458E-10
 85.0   17730.00   .1337346E-10
 85.0   17740.00   .1337234E-10
 85.0   17750.00   .1337121E-10
 85.0   17760.00   .1337008E-10
 85.0   17770.00   .1336896E-10
 85.0   17780.00   .1336780E-10
 85.0   17790.00   .1336665E-10
 85.0   17800.00   .1336549E-10
 85.0   17810.00   .1336432E-10
 85.0   17820.00   .1336318E-10
 85.0   17830.00   .1336199E-10
 85.0   17840.00   .1336083E-10
 85.0   17850.00   .1335963E-10
 85.0   17860.00   .1335844E-10
 85.0   17870.00   .1335724E-10
 85.0   17880.00   .1335603E-10
 85.0   17890.00   .1335483E-10
 85.0   17900.00   .1335361E-10
 85.0   17910.00   .1335238E-10
 85.0   17920.00   .1335117E-10
 85.0   17930.00   .1334993E-10
 85.0   17940.00   .1334869E-10
 85.0   17950.00   .1334747E-10
 85.0   17960.00   .1334620E-10
 85.0   17970.00   .1334495E-10
 85.0   17980.00   .1334370E-10
 85.0   17990.00   .1334241E-10
 85.0   18000.00   .1334115E-10
 85.0   18010.00   .1329594E-10
 85.0   18020.00   .1325072E-10
 85.0   18030.00   .1320551E-10
 85.0   18040.00   .1316031E-10
 85.0   18050.00   .1311510E-10
 85.0   18060.00   .1306991E-10
 85.0   18070.00   .1302472E-10
 85.0   18080.00   .1297953E-10
 85.0   18090.00   .1293435E-10
 85.0   18100.00   .1288916E-10
 85.0   18110.00   .1284399E-10
 85.0   18120.00   .1279880E-10
 85.0   18130.00   .1275364E-10
 85.0   18140.00   .1270847E-10
 85.0   18150.00   .1266332E-10
 85.0   18160.00   .1261815E-10
 85.0   18170.00   .1257300E-10
 85.0   18180.00   .1252786E-10
 85.0   18190.00   .1248271E-10
 85.0   18200.00   .1243760E-10
 85.0   18210.00   .1239245E-10
 85.0   18220.00   .1234733E-10
 85.0   18230.00   .1230219E-10
 85.0   18240.00   .1225710E-10
 85.0   18250.00   .1221199E-10
 85.0   18260.00   .1216688E-10
 85.0   18270.00   .1212178E-10
 85.0   18280.00   .1207670E-10
 85.0   18290.00   .1203160E-10
 85.0   18300.00   .1198653E-10
 85.0   18310.00   .1194146E-10
 85.0   18320.00   .1189640E-10
 85.0   18330.00   .1185134E-10
 85.0   18340.00   .1180628E-10
 85.0   18350.00   .1176120E-10
 85.0   18360.00   .1171617E-10
 85.0   18370.00   .1167114E-10
 85.0   18380.00   .1162610E-10
 85.0   18390.00   .1158109E-10
 85.0   18400.00   .1153608E-10
 85.0   18410.00   .1149106E-10
 85.0   18420.00   .1144605E-10
 85.0   18430.00   .1140106E-10
 85.0   18440.00   .1135608E-10
 85.0   18450.00   .1131110E-10
 85.0   18460.00   .1126611E-10
 85.0   18470.00   .1122116E-10
 85.0   18480.00   .1117620E-10
 85.0   18490.00   .1113125E-10
 85.0   18500.00   .1108630E-10
 85.0   18510.00   .1104138E-10
 85.0   18520.00   .1099645E-10
 85.0   18530.00   .1095152E-10
 85.0   18540.00   .1090661E-10
 85.0   18550.00   .1086169E-10
 85.0   18560.00   .1081680E-10
 85.0   18570.00   .1077191E-10
 85.0   18580.00   .1072705E-10
 85.0   18590.00   .1068217E-10
 85.0   18600.00   .1063730E-10
 85.0   18610.00   .1059245E-10
 85.0   18620.00   .1054760E-10
 85.0   18630.00   .1050275E-10
 85.0   18640.00   .1045793E-10
 85.0   18650.00   .1041311E-10
 85.0   18660.00   .1036829E-10
 85.0   18670.00   .1032349E-10
 85.0   18680.00   .1027868E-10
 85.0   18690.00   .1023391E-10
 85.0   18700.00   .1018912E-10
 85.0   18710.00   .1014436E-10
 85.0   18720.00   .1009958E-10
 85.0   18730.00   .1005483E-10
 85.0   18740.00   .1001009E-10
 85.0   18750.00   .9965370E-11
 85.0   18760.00   .9920629E-11
 85.0   18770.00   .9875902E-11
 85.0   18780.00   .9831219E-11
 85.0   18790.00   .9786509E-11
 85.0   18800.00   .9741822E-11
 85.0   18810.00   .9697149E-11
 85.0   18820.00   .9652479E-11
 85.0   18830.00   .9607817E-11
 85.0   18840.00   .9563158E-11
 85.0   18850.00   .9518518E-11
 85.0   18860.00   .9473881E-11
 85.0   18870.00   .9429272E-11
 85.0   18880.00   .9384654E-11
 85.0   18890.00   .9340049E-11
 85.0   18900.00   .9295447E-11
 85.0   18910.00   .9250879E-11
 85.0   18920.00   .9206299E-11
 85.0   18930.00   .9161730E-11
 85.0   18940.00   .9117188E-11
 85.0   18950.00   .9072648E-11
 85.0   18960.00   .9028113E-11
 85.0   18970.00   .8983580E-11
 85.0   18980.00   .8939066E-11
 85.0   18990.00   .8894564E-11
 85.0   19000.00   .8850065E-11
 85.0   19010.00   .8805579E-11
 85.0   19020.00   .8761119E-11
 85.0   19030.00   .8716655E-11
 85.0   19040.00   .8672194E-11
 85.0   19050.00   .8627753E-11
 85.0   19060.00   .8583323E-11
 85.0   19070.00   .8538906E-11
 85.0   19080.00   .8494492E-11
 85.0   19090.00   .8450090E-11
 85.0   19100.00   .8405692E-11
 85.0   19110.00   .8361313E-11
 85.0   19120.00   .8316947E-11
 85.0   19130.00   .8272592E-11
 85.0   19140.00   .8228234E-11
 85.0   19150.00   .8183904E-11
 85.0   19160.00   .8139569E-11
 85.0   19170.00   .8095255E-11
 85.0   19180.00   .8050945E-11
 85.0   19190.00   .8006655E-11
 85.0   19200.00   .7962374E-11
 85.0   19210.00   .7918094E-11
 85.0   19220.00   .7873828E-11
 85.0   19230.00   .7829574E-11
 85.0   19240.00   .7785333E-11
 85.0   19250.00   .7741103E-11
 85.0   19260.00   .7696881E-11
 85.0   19270.00   .7652670E-11
 85.0   19280.00   .7608474E-11
 85.0   19290.00   .7564282E-11
 85.0   19300.00   .7520107E-11
 85.0   19310.00   .7475941E-11
 85.0   19320.00   .7431783E-11
 85.0   19330.00   .7387638E-11
 85.0   19340.00   .7343505E-11
 85.0   19350.00   .7299384E-11
 85.0   19360.00   .7255267E-11
 85.0   19370.00   .7211162E-11
 85.0   19380.00   .7167074E-11
 85.0   19390.00   .7122994E-11
 85.0   19400.00   .7078923E-11
 85.0   19410.00   .7034864E-11
 85.0   19420.00   .6990824E-11
 85.0   19430.00   .6946785E-11
 85.0   19440.00   .6902760E-11
 85.0   19450.00   .6858745E-11
 85.0   19460.00   .6814743E-11
 85.0   19470.00   .6770748E-11
 85.0   19480.00   .6726769E-11
 85.0   19490.00   .6682800E-11
 85.0   19500.00   .6638842E-11
 85.0   19510.00   .6594889E-11
 85.0   19520.00   .6550955E-11
 85.0   19530.00   .6507026E-11
 85.0   19540.00   .6463109E-11
 85.0   19550.00   .6419207E-11
 85.0   19560.00   .6375314E-11
 85.0   19570.00   .6331429E-11
 85.0   19580.00   .6287555E-11
 85.0   19590.00   .6243695E-11
 85.0   19600.00   .6199843E-11
 85.0   19610.00   .6156008E-11
 85.0   19620.00   .6112179E-11
 85.0   19630.00   .6068366E-11
 85.0   19640.00   .6024552E-11
 85.0   19650.00   .5980754E-11
 85.0   19660.00   .5936969E-11
 85.0   19670.00   .5893194E-11
 85.0   19680.00   .5849430E-11
 85.0   19690.00   .5805675E-11
 85.0   19700.00   .5761932E-11
 85.0   19710.00   .5718199E-11
 85.0   19720.00   .5674478E-11
 85.0   19730.00   .5630766E-11
 85.0   19740.00   .5587068E-11
 85.0   19750.00   .5543375E-11
 85.0   19760.00   .5499698E-11
 85.0   19770.00   .5456029E-11
 85.0   19780.00   .5412365E-11
 85.0   19790.00   .5368719E-11
 85.0   19800.00   .5325079E-11
 85.0   19810.00   .5281449E-11
 85.0   19820.00   .5237829E-11
 85.0   19830.00   .5194226E-11
 85.0   19840.00   .5150625E-11
 85.0   19850.00   .5107039E-11
 85.0   19860.00   .5063460E-11
 85.0   19870.00   .5019892E-11
 85.0   19880.00   .4976337E-11
 85.0   19890.00   .4932788E-11
 85.0   19900.00   .4889253E-11
 85.0   19910.00   .4845721E-11
 85.0   19920.00   .4802203E-11
 85.0   19930.00   .4758695E-11
 85.0   19940.00   .4715199E-11
 85.0   19950.00   .4671709E-11
 85.0   19960.00   .4628230E-11
 85.0   19970.00   .4584764E-11
 85.0   19980.00   .4541305E-11
 85.0   19990.00   .4497854E-11
 85.0   20000.00   .4454413E-11
 85.0   20010.00   .4410986E-11
 85.0   20020.00   .4367566E-11
 85.0   20030.00   .4324157E-11
 85.0   20040.00   .4280753E-11
 85.0   20050.00   .4237358E-11
 85.0   20060.00   .4193980E-11
 85.0   20070.00   .4150608E-11
 85.0   20080.00   .4107241E-11
 85.0   20090.00   .4063886E-11
 85.0   20100.00   .4020540E-11
 85.0   20110.00   .4020163E-11
 85.0   20120.00   .4019784E-11
 85.0   20130.00   .4019405E-11
 85.0   20140.00   .4019028E-11
 85.0   20150.00   .4018656E-11
 85.0   20160.00   .4018285E-11
 85.0   20170.00   .4017913E-11
 85.0   20180.00   .4017541E-11
 85.0   20190.00   .4017172E-11
 85.0   20200.00   .4016801E-11
 85.0   20210.00   .4016429E-11
 85.0   20220.00   .4016064E-11
 85.0   20230.00   .4015700E-11
 85.0   20240.00   .4015336E-11
 85.0   20250.00   .4014970E-11
 85.0   20260.00   .4014611E-11
 85.0   20270.00   .4014248E-11
 85.0   20280.00   .4013890E-11
 85.0   20290.00   .4013530E-11
 85.0   20300.00   .4013171E-11
 85.0   20310.00   .4012820E-11
 85.0   20320.00   .4012464E-11
 85.0   20330.00   .4012112E-11
 85.0   20340.00   .4011757E-11
 85.0   20350.00   .4011407E-11
 85.0   20360.00   .4011059E-11
 85.0   20370.00   .4010709E-11
 85.0   20380.00   .4010362E-11
 85.0   20390.00   .4010015E-11
 85.0   20400.00   .4009667E-11
 85.0   20410.00   .4009325E-11
 85.0   20420.00   .4008984E-11
 85.0   20430.00   .4008643E-11
 85.0   20440.00   .4008301E-11
 85.0   20450.00   .4007964E-11
 85.0   20460.00   .4007625E-11
 85.0   20470.00   .4007291E-11
 85.0   20480.00   .4006958E-11
 85.0   20490.00   .4006619E-11
 85.0   20500.00   .4006289E-11
 85.0   20510.00   .4005959E-11
 85.0   20520.00   .4005632E-11
 85.0   20530.00   .4005299E-11
 85.0   20540.00   .4004970E-11
 85.0   20550.00   .4004648E-11
 85.0   20560.00   .4004321E-11
 85.0   20570.00   .4003998E-11
 85.0   20580.00   .4003675E-11
 85.0   20590.00   .4003353E-11
 85.0   20600.00   .4003035E-11
 85.0   20610.00   .4002717E-11
 85.0   20620.00   .4002400E-11
 85.0   20630.00   .4002084E-11
 85.0   20640.00   .4001771E-11
 85.0   20650.00   .4001457E-11
 85.0   20660.00   .4001140E-11
 85.0   20670.00   .4000834E-11
 85.0   20680.00   .4000522E-11
 85.0   20690.00   .4000216E-11
 85.0   20700.00   .3999909E-11
 85.0   20710.00   .3999601E-11
 85.0   20720.00   .3999298E-11
 85.0   20730.00   .3998997E-11
 85.0   20740.00   .3998698E-11
 85.0   20750.00   .3998397E-11
 85.0   20760.00   .3998097E-11
 85.0   20770.00   .3997799E-11
 85.0   20780.00   .3997500E-11
 85.0   20790.00   .3997211E-11
 85.0   20800.00   .3996915E-11
 85.0   20810.00   .3996623E-11
 85.0   20820.00   .3996332E-11
 85.0   20830.00   .3996044E-11
 85.0   20840.00   .3995753E-11
 85.0   20850.00   .3995466E-11
 85.0   20860.00   .3995183E-11
 85.0   20870.00   .3994899E-11
 85.0   20880.00   .3994615E-11
 85.0   20890.00   .3994333E-11
 85.0   20900.00   .3994054E-11
 85.0   20910.00   .3993775E-11
 85.0   20920.00   .3993499E-11
 85.0   20930.00   .3993223E-11
 85.0   20940.00   .3992950E-11
 85.0   20950.00   .3992678E-11
 85.0   20960.00   .3992404E-11
 85.0   20970.00   .3992135E-11
 85.0   20980.00   .3991867E-11
 85.0   20990.00   .3991598E-11
 85.0   21000.00   .3991332E-11
 85.0   21010.00   .3991068E-11
 85.0   21020.00   .3990808E-11
 85.0   21030.00   .3990540E-11
 85.0   21040.00   .3990280E-11
 85.0   21050.00   .3990020E-11
 85.0   21060.00   .3989763E-11
 85.0   21070.00   .3989507E-11
 85.0   21080.00   .3989255E-11
 85.0   21090.00   .3989002E-11
 85.0   21100.00   .3988750E-11
 85.0   21110.00   .3988500E-11
 85.0   21120.00   .3988253E-11
 85.0   21130.00   .3988005E-11
 85.0   21140.00   .3987755E-11
 85.0   21150.00   .3987511E-11
 85.0   21160.00   .3987266E-11
 85.0   21170.00   .3987028E-11
 85.0   21180.00   .3986785E-11
 85.0   21190.00   .3986547E-11
 85.0   21200.00   .3986308E-11
 85.0   21210.00   .3986073E-11
 85.0   21220.00   .3985836E-11
 85.0   21230.00   .3985606E-11
 85.0   21240.00   .3985376E-11
 85.0   21250.00   .3985142E-11
 85.0   21260.00   .3984914E-11
 85.0   21270.00   .3984685E-11
 85.0   21280.00   .3984462E-11
 85.0   21290.00   .3984237E-11
 85.0   21300.00   .3984013E-11
 85.0   21310.00   .3983793E-11
 85.0   21320.00   .3983573E-11
 85.0   21330.00   .3983356E-11
 85.0   21340.00   .3983135E-11
 85.0   21350.00   .3982921E-11
 85.0   21360.00   .3982709E-11
 85.0   21370.00   .3982494E-11
 85.0   21380.00   .3982282E-11
 85.0   21390.00   .3982072E-11
 85.0   21400.00   .3981866E-11
 85.0   21410.00   .3981663E-11
 85.0   21420.00   .3981455E-11
 85.0   21430.00   .3981254E-11
 85.0   21440.00   .3981048E-11
 85.0   21450.00   .3980847E-11
 85.0   21460.00   .3980652E-11
 85.0   21470.00   .3980454E-11
 85.0   21480.00   .3980258E-11
 85.0   21490.00   .3980062E-11
 85.0   21500.00   .3979869E-11
 85.0   21510.00   .3979680E-11
 85.0   21520.00   .3979490E-11
 85.0   21530.00   .3979300E-11
 85.0   21540.00   .3979114E-11
 85.0   21550.00   .3978929E-11
 85.0   21560.00   .3978748E-11
 85.0   21570.00   .3978568E-11
 85.0   21580.00   .3978385E-11
 85.0   21590.00   .3978206E-11
 85.0   21600.00   .3978027E-11
 85.0   21610.00   .3977852E-11
 85.0   21620.00   .3977680E-11
 85.0   21630.00   .3977506E-11
 85.0   21640.00   .3977334E-11
 85.0   21650.00   .3977167E-11
 85.0   21660.00   .3976998E-11
 85.0   21670.00   .3976833E-11
 85.0   21680.00   .3976667E-11
 85.0   21690.00   .3976506E-11
 85.0   21700.00   .3976341E-11
 85.0   21710.00   .3976186E-11
 85.0   21720.00   .3976026E-11
 85.0   21730.00   .3975866E-11
 85.0   21740.00   .3975712E-11
 85.0   21750.00   .3975560E-11
 85.0   21760.00   .3975408E-11
 85.0   21770.00   .3975256E-11
 85.0   21780.00   .3975109E-11
 85.0   21790.00   .3974964E-11
 85.0   21800.00   .3974814E-11
 85.0   21810.00   .3974671E-11
 85.0   21820.00   .3974528E-11
 85.0   21830.00   .3974388E-11
 85.0   21840.00   .3974249E-11
 85.0   21850.00   .3974115E-11
 85.0   21860.00   .3973979E-11
 85.0   21870.00   .3973842E-11
 85.0   21880.00   .3973714E-11
 85.0   21890.00   .3973584E-11
 85.0   21900.00   .3973454E-11
 85.0   21910.00   .3973325E-11
 85.0   21920.00   .3973198E-11
 85.0   21930.00   .3973076E-11
 85.0   21940.00   .3972954E-11
 85.0   21950.00   .3972834E-11
 85.0   21960.00   .3972715E-11
 85.0   21970.00   .3972596E-11
 85.0   21980.00   .3972482E-11
 85.0   21990.00   .3972363E-11
 85.0   22000.00   .3972255E-11
 85.0   22010.00   .3972141E-11
 85.0   22020.00   .3972033E-11
 85.0   22030.00   .3971928E-11
 85.0   22040.00   .3971822E-11
 85.0   22050.00   .3971716E-11
 85.0   22060.00   .3971617E-11
 85.0   22070.00   .3971515E-11
 85.0   22080.00   .3971416E-11
 85.0   22090.00   .3971319E-11
 85.0   22100.00   .3971222E-11
 85.0   22110.00   .3971126E-11
 85.0   22120.00   .3971034E-11
 85.0   22130.00   .3970950E-11
 85.0   22140.00   .3970857E-11
 85.0   22150.00   .3970770E-11
 85.0   22160.00   .3970690E-11
 85.0   22170.00   .3970603E-11
 85.0   22180.00   .3970522E-11
 85.0   22190.00   .3970445E-11
 85.0   22200.00   .3970363E-11
 85.0   22210.00   .3970287E-11
 85.0   22220.00   .3970213E-11
 85.0   22230.00   .3970141E-11
 85.0   22240.00   .3970070E-11
 85.0   22250.00   .3970000E-11
 85.0   22260.00   .3969932E-11
 85.0   22270.00   .3969864E-11
 85.0   22280.00   .3969802E-11
 85.0   22290.00   .3969740E-11
 85.0   22300.00   .3969679E-11
 85.0   22310.00   .3969617E-11
 85.0   22320.00   .3969560E-11
 85.0   22330.00   .3969509E-11
 85.0   22340.00   .3969454E-11
 85.0   22350.00   .3969403E-11
 85.0   22360.00   .3969353E-11
 85.0   22370.00   .3969305E-11
 85.0   22380.00   .3969258E-11
 85.0   22390.00   .3969214E-11
 85.0   22400.00   .3969170E-11
 85.0   22410.00   .3969132E-11
 85.0   22420.00   .3969092E-11
 85.0   22430.00   .3969053E-11
 85.0   22440.00   .3969018E-11
 85.0   22450.00   .3968982E-11
 85.0   22460.00   .3968949E-11
 85.0   22470.00   .3968921E-11
 85.0   22480.00   .3968892E-11
 85.0   22490.00   .3968863E-11
 85.0   22500.00   .3968836E-11
 85.0   22510.00   .3968817E-11
 85.0   22520.00   .3968795E-11
 85.0   22530.00   .3968772E-11
 85.0   22540.00   .3968753E-11
 85.0   22550.00   .3968736E-11
 85.0   22560.00   .3968721E-11
 85.0   22570.00   .3968707E-11
 85.0   22580.00   .3968697E-11
 85.0   22590.00   .3968687E-11
 85.0   22600.00   .3968678E-11
 85.0   22610.00   .3968670E-11
 85.0   22620.00   .3968665E-11
 85.0   22630.00   .3968662E-11
 85.0   22640.00   .3968658E-11
 85.0   22650.00   .3968661E-11
 85.0   22660.00   .3968661E-11
 85.0   22670.00   .3968667E-11
 85.0   22680.00   .3968667E-11
 85.0   22690.00   .3968673E-11
 85.0   22700.00   .3968683E-11
 85.0   22710.00   .3968689E-11
 85.0   22720.00   .3968699E-11
 85.0   22730.00   .3968712E-11
 85.0   22740.00   .3968729E-11
 85.0   22750.00   .3968742E-11
 85.0   22760.00   .3968760E-11
 85.0   22770.00   .3968778E-11
 85.0   22780.00   .3968799E-11
 85.0   22790.00   .3968819E-11
 85.0   22800.00   .3968840E-11
 85.0   22810.00   .3968867E-11
 85.0   22820.00   .3968888E-11
 85.0   22830.00   .3968917E-11
 85.0   22840.00   .3968949E-11
 85.0   22850.00   .3968982E-11
 85.0   22860.00   .3969014E-11
 85.0   22870.00   .3969045E-11
 85.0   22880.00   .3969083E-11
 85.0   22890.00   .3969116E-11
 85.0   22900.00   .3969156E-11
 85.0   22910.00   .3969191E-11
 85.0   22920.00   .3969236E-11
 85.0   22930.00   .3969276E-11
 85.0   22940.00   .3969318E-11
 85.0   22950.00   .3969363E-11
 85.0   22960.00   .3969410E-11
 85.0   22970.00   .3969459E-11
 85.0   22980.00   .3969507E-11
 85.0   22990.00   .3969560E-11
 85.0   23000.00   .3969612E-11
 85.0   23010.00   .3969668E-11
 85.0   23020.00   .3969721E-11
 85.0   23030.00   .3969776E-11
 85.0   23040.00   .3969834E-11
 85.0   23050.00   .3969894E-11
 85.0   23060.00   .3969951E-11
 85.0   23070.00   .3970016E-11
 85.0   23080.00   .3970079E-11
 85.0   23090.00   .3970139E-11
 85.0   23100.00   .3970210E-11
 85.0   23110.00   .3970275E-11
 85.0   23120.00   .3970343E-11
 85.0   23130.00   .3970412E-11
 85.0   23140.00   .3970483E-11
 85.0   23150.00   .3970554E-11
 85.0   23160.00   .3970630E-11
 85.0   23170.00   .3970706E-11
 85.0   23180.00   .3970781E-11
 85.0   23190.00   .3970860E-11
 85.0   23200.00   .3970934E-11
 85.0   23210.00   .3971014E-11
 85.0   23220.00   .3971094E-11
 85.0   23230.00   .3971177E-11
 85.0   23240.00   .3971263E-11
 85.0   23250.00   .3971346E-11
 85.0   23260.00   .3971433E-11
 85.0   23270.00   .3971521E-11
 85.0   23280.00   .3971609E-11
 85.0   23290.00   .3971698E-11
 85.0   23300.00   .3971791E-11
 85.0   23310.00   .3971881E-11
 85.0   23320.00   .3971975E-11
 85.0   23330.00   .3972069E-11
 85.0   23340.00   .3972165E-11
 85.0   23350.00   .3972261E-11
 85.0   23360.00   .3972365E-11
 85.0   23370.00   .3972456E-11
 85.0   23380.00   .3972562E-11
 85.0   23390.00   .3972662E-11
 85.0   23400.00   .3972762E-11
 85.0   23410.00   .3972868E-11
 85.0   23420.00   .3972973E-11
 85.0   23430.00   .3973081E-11
 85.0   23440.00   .3973182E-11
 85.0   23450.00   .3973295E-11
 85.0   23460.00   .3973404E-11
 85.0   23470.00   .3973514E-11
 85.0   23480.00   .3973625E-11
 85.0   23490.00   .3973738E-11
 85.0   23500.00   .3973853E-11
 85.0   23510.00   .3973968E-11
 85.0   23520.00   .3974084E-11
 85.0   23530.00   .3974194E-11
 85.0   23540.00   .3974317E-11
 85.0   23550.00   .3974436E-11
 85.0   23560.00   .3974559E-11
 85.0   23570.00   .3974677E-11
 85.0   23580.00   .3974802E-11
 85.0   23590.00   .3974924E-11
 85.0   23600.00   .3975047E-11
 85.0   23610.00   .3975172E-11
 85.0   23620.00   .3975299E-11
 85.0   23630.00   .3975428E-11
 85.0   23640.00   .3975553E-11
 85.0   23650.00   .3975686E-11
 85.0   23660.00   .3975810E-11
 85.0   23670.00   .3975945E-11
 85.0   23680.00   .3976077E-11
 85.0   23690.00   .3976212E-11
 85.0   23700.00   .3976345E-11
 85.0   23710.00   .3976481E-11
 85.0   23720.00   .3976613E-11
 85.0   23730.00   .3976752E-11
 85.0   23740.00   .3976889E-11
 85.0   23750.00   .3977027E-11
 85.0   23760.00   .3977169E-11
 85.0   23770.00   .3977309E-11
 85.0   23780.00   .3977450E-11
 85.0   23790.00   .3977592E-11
 85.0   23800.00   .3977734E-11
 85.0   23810.00   .3977878E-11
 85.0   23820.00   .3978024E-11
 85.0   23830.00   .3978170E-11
 85.0   23840.00   .3978316E-11
 85.0   23850.00   .3978466E-11
 85.0   23860.00   .3978614E-11
 85.0   23870.00   .3978766E-11
 85.0   23880.00   .3978913E-11
 85.0   23890.00   .3979063E-11
 85.0   23900.00   .3979214E-11
 85.0   23910.00   .3979367E-11
 85.0   23920.00   .3979521E-11
 85.0   23930.00   .3979676E-11
 85.0   23940.00   .3979830E-11
 85.0   23950.00   .3979988E-11
 85.0   23960.00   .3980144E-11
 85.0   23970.00   .3980300E-11
 85.0   23980.00   .3980457E-11
 85.0   23990.00   .3980616E-11
 85.0   24000.00   .3980778E-11
 85.0   24010.00   .3980937E-11
 85.0   24020.00   .3981099E-11
 85.0   24030.00   .3981261E-11
 85.0   24040.00   .3981423E-11
 85.0   24050.00   .3981590E-11
 85.0   24060.00   .3981752E-11
 85.0   24070.00   .3981916E-11
 85.0   24080.00   .3982080E-11
 85.0   24090.00   .3982248E-11
 85.0   24100.00   .3982416E-11
 85.0   24110.00   .3982584E-11
 85.0   24120.00   .3982751E-11
 85.0   24130.00   .3982924E-11
 85.0   24140.00   .3983090E-11
 85.0   24150.00   .3983263E-11
 85.0   24160.00   .3983432E-11
 85.0   24170.00   .3983605E-11
 85.0   24180.00   .3983775E-11
 85.0   24190.00   .3983948E-11
 85.0   24200.00   .3984121E-11
 85.0   24210.00   .3984297E-11
 85.0   24220.00   .3984472E-11
 85.0   24230.00   .3984650E-11
 85.0   24240.00   .3984828E-11
 85.0   24250.00   .3985003E-11
 85.0   24260.00   .3985177E-11
 85.0   24270.00   .3985357E-11
 85.0   24280.00   .3985536E-11
 85.0   24290.00   .3985716E-11
 85.0   24300.00   .3985895E-11
 85.0   24310.00   .3986075E-11
 85.0   24320.00   .3986257E-11
 85.0   24330.00   .3986439E-11
 85.0   24340.00   .3986619E-11
 85.0   24350.00   .3986804E-11
 85.0   24360.00   .3986986E-11
 85.0   24370.00   .3987170E-11
 85.0   24380.00   .3987354E-11
 85.0   24390.00   .3987538E-11
 85.0   24400.00   .3987723E-11
 85.0   24410.00   .3987910E-11
 85.0   24420.00   .3988094E-11
 85.0   24430.00   .3988283E-11
 85.0   24440.00   .3988471E-11
 85.0   24450.00   .3988662E-11
 85.0   24460.00   .3988846E-11
 85.0   24470.00   .3989036E-11
 85.0   24480.00   .3989224E-11
 85.0   24490.00   .3989415E-11
 85.0   24500.00   .3989606E-11
 85.0   24510.00   .3989796E-11
 85.0   24520.00   .3989985E-11
 85.0   24530.00   .3990179E-11
 85.0   24540.00   .3990368E-11
 85.0   24550.00   .3990561E-11
 85.0   24560.00   .3990757E-11
 85.0   24570.00   .3990949E-11
 85.0   24580.00   .3991143E-11
 85.0   24590.00   .3991340E-11
 85.0   24600.00   .3991533E-11
 85.0   24610.00   .3991728E-11
 85.0   24620.00   .3991919E-11
 85.0   24630.00   .3992118E-11
 85.0   24640.00   .3992312E-11
 85.0   24650.00   .3992507E-11
 85.0   24660.00   .3992707E-11
 85.0   24670.00   .3992904E-11
 85.0   24680.00   .3993101E-11
 85.0   24690.00   .3993298E-11
 85.0   24700.00   .3993496E-11
 85.0   24710.00   .3993693E-11
 85.0   24720.00   .3993894E-11
 85.0   24730.00   .3994092E-11
 85.0   24740.00   .3994291E-11
 85.0   24750.00   .3994492E-11
 85.0   24760.00   .3994692E-11
 85.0   24770.00   .3994890E-11
 85.0   24780.00   .3995093E-11
 85.0   24790.00   .3995295E-11
 85.0   24800.00   .3995493E-11
 85.0   24810.00   .3995694E-11
 85.0   24820.00   .3995897E-11
 85.0   24830.00   .3996099E-11
 85.0   24840.00   .3996297E-11
 85.0   24850.00   .3996502E-11
 85.0   24860.00   .3996704E-11
 85.0   24870.00   .3996910E-11
 85.0   24880.00   .3997111E-11
 85.0   24890.00   .3997316E-11
 85.0   24900.00   .3997519E-11
 85.0   24910.00   .3997721E-11
 85.0   24920.00   .3997926E-11
 85.0   24930.00   .3998129E-11
 85.0   24940.00   .3998331E-11
 85.0   24950.00   .3998536E-11
 85.0   24960.00   .3998740E-11
 85.0   24970.00   .3998942E-11
 85.0   24980.00   .3999149E-11
 85.0   24990.00   .3999355E-11
 85.0   25000.00   .3999562E-11
