 83.0    1000.00   .2934945E-15
 83.0    1010.00   .1131067E-14
 83.0    1020.00   .3046638E-14
 83.0    1030.00   .6732894E-14
 83.0    1040.00   .1308295E-13
 83.0    1050.00   .2319336E-13
 83.0    1060.00   .3835636E-13
 83.0    1070.00   .6003972E-13
 83.0    1080.00   .8985420E-13
 83.0    1090.00   .1295078E-12
 83.0    1100.00   .1807481E-12
 83.0    1110.00   .2452919E-12
 83.0    1120.00   .3247470E-12
 83.0    1130.00   .4205239E-12
 83.0    1140.00   .5337449E-12
 83.0    1150.00   .6651502E-12
 83.0    1160.00   .8150068E-12
 83.0    1170.00   .9830233E-12
 83.0    1180.00   .1168278E-11
 83.0    1190.00   .1369160E-11
 83.0    1200.00   .1583330E-11
 83.0    1210.00   .1807708E-11
 83.0    1220.00   .2038487E-11
 83.0    1230.00   .2271176E-11
 83.0    1240.00   .2500684E-11
 83.0    1250.00   .2721425E-11
 83.0    1260.00   .2928032E-11
 83.0    1270.00   .3117485E-11
 83.0    1280.00   .3287994E-11
 83.0    1290.00   .3438521E-11
 83.0    1300.00   .3568757E-11
 83.0    1310.00   .3679085E-11
 83.0    1320.00   .3770516E-11
 83.0    1330.00   .3844611E-11
 83.0    1340.00   .3903407E-11
 83.0    1350.00   .3949326E-11
 83.0    1360.00   .3985102E-11
 83.0    1370.00   .4013706E-11
 83.0    1380.00   .4038233E-11
 83.0    1390.00   .4060604E-11
 83.0    1400.00   .4081477E-11
 83.0    1410.00   .4101452E-11
 83.0    1420.00   .4121135E-11
 83.0    1430.00   .4141124E-11
 83.0    1440.00   .4162031E-11
 83.0    1450.00   .4184478E-11
 83.0    1460.00   .4209102E-11
 83.0    1470.00   .4236557E-11
 83.0    1480.00   .4267530E-11
 83.0    1490.00   .4302735E-11
 83.0    1500.00   .4342921E-11
 83.0    1510.00   .4388741E-11
 83.0    1520.00   .4440333E-11
 83.0    1530.00   .4497692E-11
 83.0    1540.00   .4560819E-11
 83.0    1550.00   .4629711E-11
 83.0    1560.00   .4704372E-11
 83.0    1570.00   .4784798E-11
 83.0    1580.00   .4870984E-11
 83.0    1590.00   .4962922E-11
 83.0    1600.00   .5060601E-11
 83.0    1610.00   .5164004E-11
 83.0    1620.00   .5273107E-11
 83.0    1630.00   .5387877E-11
 83.0    1640.00   .5508272E-11
 83.0    1650.00   .5634238E-11
 83.0    1660.00   .5765713E-11
 83.0    1670.00   .5902616E-11
 83.0    1680.00   .6044851E-11
 83.0    1690.00   .6192309E-11
 83.0    1700.00   .6344853E-11
 83.0    1710.00   .6502337E-11
 83.0    1720.00   .6664587E-11
 83.0    1730.00   .6831400E-11
 83.0    1740.00   .7002553E-11
 83.0    1750.00   .7177796E-11
 83.0    1760.00   .7356874E-11
 83.0    1770.00   .7539615E-11
 83.0    1780.00   .7725848E-11
 83.0    1790.00   .7915388E-11
 83.0    1800.00   .8108019E-11
 83.0    1810.00   .8303503E-11
 83.0    1820.00   .8501577E-11
 83.0    1830.00   .8701947E-11
 83.0    1840.00   .8904304E-11
 83.0    1850.00   .9108301E-11
 83.0    1860.00   .9313568E-11
 83.0    1870.00   .9519705E-11
 83.0    1880.00   .9726281E-11
 83.0    1890.00   .9932845E-11
 83.0    1900.00   .1013891E-10
 83.0    1910.00   .1034397E-10
 83.0    1920.00   .1054748E-10
 83.0    1930.00   .1074887E-10
 83.0    1940.00   .1094754E-10
 83.0    1950.00   .1114290E-10
 83.0    1960.00   .1133427E-10
 83.0    1970.00   .1152102E-10
 83.0    1980.00   .1170244E-10
 83.0    1990.00   .1187784E-10
 83.0    2000.00   .1204651E-10
 83.0    2010.00   .1220778E-10
 83.0    2020.00   .1236137E-10
 83.0    2030.00   .1250710E-10
 83.0    2040.00   .1264479E-10
 83.0    2050.00   .1277427E-10
 83.0    2060.00   .1289543E-10
 83.0    2070.00   .1300815E-10
 83.0    2080.00   .1311232E-10
 83.0    2090.00   .1320788E-10
 83.0    2100.00   .1329476E-10
 83.0    2110.00   .1337293E-10
 83.0    2120.00   .1344235E-10
 83.0    2130.00   .1350302E-10
 83.0    2140.00   .1355497E-10
 83.0    2150.00   .1359821E-10
 83.0    2160.00   .1363278E-10
 83.0    2170.00   .1365876E-10
 83.0    2180.00   .1367620E-10
 83.0    2190.00   .1368520E-10
 83.0    2200.00   .1368586E-10
 83.0    2210.00   .1367828E-10
 83.0    2220.00   .1366260E-10
 83.0    2230.00   .1363894E-10
 83.0    2240.00   .1360744E-10
 83.0    2250.00   .1356827E-10
 83.0    2260.00   .1352180E-10
 83.0    2270.00   .1346932E-10
 83.0    2280.00   .1341236E-10
 83.0    2290.00   .1335244E-10
 83.0    2300.00   .1329107E-10
 83.0    2310.00   .1322976E-10
 83.0    2320.00   .1317001E-10
 83.0    2330.00   .1311333E-10
 83.0    2340.00   .1306120E-10
 83.0    2350.00   .1301510E-10
 83.0    2360.00   .1297652E-10
 83.0    2370.00   .1294693E-10
 83.0    2380.00   .1292786E-10
 83.0    2390.00   .1292079E-10
 83.0    2400.00   .1292725E-10
 83.0    2410.00   .1294880E-10
 83.0    2420.00   .1298704E-10
 83.0    2430.00   .1304359E-10
 83.0    2440.00   .1312017E-10
 83.0    2450.00   .1321855E-10
 83.0    2460.00   .1334057E-10
 83.0    2470.00   .1348820E-10
 83.0    2480.00   .1366352E-10
 83.0    2490.00   .1386875E-10
 83.0    2500.00   .1410624E-10
 83.0    2510.00   .1177214E-10
 83.0    2520.00   .1302738E-10
 83.0    2530.00   .1421999E-10
 83.0    2540.00   .1828866E-10
 83.0    2550.00   .2145994E-10
 83.0    2560.00   .2253046E-10
 83.0    2570.00   .2757766E-10
 83.0    2580.00   .2404490E-10
 83.0    2590.00   .2895457E-10
 83.0    2600.00   .3049111E-10
 83.0    2610.00   .2762204E-10
 83.0    2620.00   .2895056E-10
 83.0    2630.00   .2481920E-10
 83.0    2640.00   .1937516E-10
 83.0    2650.00   .1840325E-10
 83.0    2660.00   .1590655E-10
 83.0    2670.00   .1507434E-10
 83.0    2680.00   .1555030E-10
 83.0    2690.00   .2466390E-10
 83.0    2700.00   .4239968E-10
 83.0    2710.00   .6633175E-10
 83.0    2720.00   .8160405E-10
 83.0    2730.00   .8277857E-10
 83.0    2740.00   .8269891E-10
 83.0    2750.00   .8702800E-10
 83.0    2760.00   .8641335E-10
 83.0    2770.00   .8723897E-10
 83.0    2780.00   .8418460E-10
 83.0    2790.00   .9962397E-10
 83.0    2800.00   .9931599E-10
 83.0    2810.00   .9773315E-10
 83.0    2820.00   .9859437E-10
 83.0    2830.00   .9234487E-10
 83.0    2840.00   .8468263E-10
 83.0    2850.00   .8912540E-10
 83.0    2860.00   .8760612E-10
 83.0    2870.00   .8907978E-10
 83.0    2880.00   .8696336E-10
 83.0    2890.00   .9194623E-10
 83.0    2900.00   .1053039E-09
 83.0    2910.00   .1129634E-09
 83.0    2920.00   .1259469E-09
 83.0    2930.00   .1314002E-09
 83.0    2940.00   .1368171E-09
 83.0    2950.00   .1428500E-09
 83.0    2960.00   .1370275E-09
 83.0    2970.00   .1335727E-09
 83.0    2980.00   .1323480E-09
 83.0    2990.00   .1291122E-09
 83.0    3000.00   .1182767E-09
 83.0    3010.00   .1136370E-09
 83.0    3020.00   .1036139E-09
 83.0    3030.00   .1063877E-09
 83.0    3040.00   .1107232E-09
 83.0    3050.00   .1093701E-09
 83.0    3060.00   .1107029E-09
 83.0    3070.00   .1054758E-09
 83.0    3080.00   .1142705E-09
 83.0    3090.00   .1135537E-09
 83.0    3100.00   .9740263E-10
 83.0    3110.00   .9962306E-10
 83.0    3120.00   .1127497E-09
 83.0    3130.00   .1097965E-09
 83.0    3140.00   .1144800E-09
 83.0    3150.00   .1124300E-09
 83.0    3160.00   .1174517E-09
 83.0    3170.00   .1185278E-09
 83.0    3180.00   .1354832E-09
 83.0    3190.00   .1406506E-09
 83.0    3200.00   .1536170E-09
 83.0    3210.00   .1445204E-09
 83.0    3220.00   .1420167E-09
 83.0    3230.00   .1269762E-09
 83.0    3240.00   .1228809E-09
 83.0    3250.00   .1174442E-09
 83.0    3260.00   .1100951E-09
 83.0    3270.00   .1064845E-09
 83.0    3280.00   .1007063E-09
 83.0    3290.00   .9648434E-10
 83.0    3300.00   .1014679E-09
 83.0    3310.00   .9902780E-10
 83.0    3320.00   .1083707E-09
 83.0    3330.00   .1082108E-09
 83.0    3340.00   .1097794E-09
 83.0    3350.00   .1068635E-09
 83.0    3360.00   .1072244E-09
 83.0    3370.00   .1114085E-09
 83.0    3380.00   .1094520E-09
 83.0    3390.00   .1114758E-09
 83.0    3400.00   .1163783E-09
 83.0    3410.00   .1169325E-09
 83.0    3420.00   .1336437E-09
 83.0    3430.00   .1424509E-09
 83.0    3440.00   .1404329E-09
 83.0    3450.00   .1428735E-09
 83.0    3460.00   .1325274E-09
 83.0    3470.00   .1365618E-09
 83.0    3480.00   .1360975E-09
 83.0    3490.00   .1353902E-09
 83.0    3500.00   .1272331E-09
 83.0    3510.00   .1357510E-09
 83.0    3520.00   .1427877E-09
 83.0    3530.00   .1554540E-09
 83.0    3540.00   .1671771E-09
 83.0    3550.00   .1796019E-09
 83.0    3560.00   .1807947E-09
 83.0    3570.00   .1792480E-09
 83.0    3580.00   .1864625E-09
 83.0    3590.00   .1830889E-09
 83.0    3600.00   .1923987E-09
 83.0    3610.00   .1917498E-09
 83.0    3620.00   .1960412E-09
 83.0    3630.00   .1891114E-09
 83.0    3640.00   .1750209E-09
 83.0    3650.00   .1783999E-09
 83.0    3660.00   .1847881E-09
 83.0    3670.00   .2068434E-09
 83.0    3680.00   .2263806E-09
 83.0    3690.00   .2523125E-09
 83.0    3700.00   .2884010E-09
 83.0    3710.00   .3118824E-09
 83.0    3720.00   .3239487E-09
 83.0    3730.00   .3328412E-09
 83.0    3740.00   .3192073E-09
 83.0    3750.00   .2974725E-09
 83.0    3760.00   .2753102E-09
 83.0    3770.00   .2465060E-09
 83.0    3780.00   .2087279E-09
 83.0    3790.00   .1679499E-09
 83.0    3800.00   .1422791E-09
 83.0    3810.00   .1201807E-09
 83.0    3820.00   .1089938E-09
 83.0    3830.00   .9534983E-10
 83.0    3840.00   .1013686E-09
 83.0    3850.00   .1075539E-09
 83.0    3860.00   .1271390E-09
 83.0    3870.00   .1517526E-09
 83.0    3880.00   .1904356E-09
 83.0    3890.00   .2201740E-09
 83.0    3900.00   .2503494E-09
 83.0    3910.00   .2711117E-09
 83.0    3920.00   .3088686E-09
 83.0    3930.00   .3248716E-09
 83.0    3940.00   .3603229E-09
 83.0    3950.00   .3801557E-09
 83.0    3960.00   .4043039E-09
 83.0    3970.00   .4260470E-09
 83.0    3980.00   .4485470E-09
 83.0    3990.00   .4661115E-09
 83.0    4000.00   .4514974E-09
 83.0    4010.00   .4419098E-09
 83.0    4020.00   .4053643E-09
 83.0    4030.00   .3963315E-09
 83.0    4040.00   .3486603E-09
 83.0    4050.00   .3358197E-09
 83.0    4060.00   .3091850E-09
 83.0    4070.00   .2989944E-09
 83.0    4080.00   .2834976E-09
 83.0    4090.00   .2811170E-09
 83.0    4100.00   .2696233E-09
 83.0    4110.00   .2561178E-09
 83.0    4120.00   .2418204E-09
 83.0    4130.00   .2363534E-09
 83.0    4140.00   .2246902E-09
 83.0    4150.00   .2267239E-09
 83.0    4160.00   .2228687E-09
 83.0    4170.00   .2202374E-09
 83.0    4180.00   .2245254E-09
 83.0    4190.00   .2299382E-09
 83.0    4200.00   .2326865E-09
 83.0    4210.00   .2348197E-09
 83.0    4220.00   .2469687E-09
 83.0    4230.00   .2363068E-09
 83.0    4240.00   .2424290E-09
 83.0    4250.00   .2472289E-09
 83.0    4260.00   .2522953E-09
 83.0    4270.00   .2392358E-09
 83.0    4280.00   .2486945E-09
 83.0    4290.00   .2499242E-09
 83.0    4300.00   .2483089E-09
 83.0    4310.00   .2666998E-09
 83.0    4320.00   .2600685E-09
 83.0    4330.00   .2751852E-09
 83.0    4340.00   .2674724E-09
 83.0    4350.00   .2670698E-09
 83.0    4360.00   .2739645E-09
 83.0    4370.00   .2519367E-09
 83.0    4380.00   .2249865E-09
 83.0    4390.00   .2051742E-09
 83.0    4400.00   .1963904E-09
 83.0    4410.00   .1737822E-09
 83.0    4420.00   .1611718E-09
 83.0    4430.00   .1466212E-09
 83.0    4440.00   .1406718E-09
 83.0    4450.00   .1374678E-09
 83.0    4460.00   .1368419E-09
 83.0    4470.00   .1413360E-09
 83.0    4480.00   .1441300E-09
 83.0    4490.00   .1509567E-09
 83.0    4500.00   .1588457E-09
 83.0    4510.00   .1694326E-09
 83.0    4520.00   .1756659E-09
 83.0    4530.00   .1971398E-09
 83.0    4540.00   .2117146E-09
 83.0    4550.00   .2296560E-09
 83.0    4560.00   .2529633E-09
 83.0    4570.00   .2630204E-09
 83.0    4580.00   .2970898E-09
 83.0    4590.00   .3199122E-09
 83.0    4600.00   .3615752E-09
 83.0    4610.00   .3736533E-09
 83.0    4620.00   .3906700E-09
 83.0    4630.00   .3950789E-09
 83.0    4640.00   .4177359E-09
 83.0    4650.00   .4289295E-09
 83.0    4660.00   .4254374E-09
 83.0    4670.00   .4197650E-09
 83.0    4680.00   .3890228E-09
 83.0    4690.00   .3671375E-09
 83.0    4700.00   .3101792E-09
 83.0    4710.00   .2972781E-09
 83.0    4720.00   .2550766E-09
 83.0    4730.00   .2299523E-09
 83.0    4740.00   .2007278E-09
 83.0    4750.00   .1873334E-09
 83.0    4760.00   .1721535E-09
 83.0    4770.00   .1577992E-09
 83.0    4780.00   .1509572E-09
 83.0    4790.00   .1611908E-09
 83.0    4800.00   .1674295E-09
 83.0    4810.00   .1740860E-09
 83.0    4820.00   .1810238E-09
 83.0    4830.00   .1878901E-09
 83.0    4840.00   .1957957E-09
 83.0    4850.00   .1960670E-09
 83.0    4860.00   .1953580E-09
 83.0    4870.00   .1931906E-09
 83.0    4880.00   .1908890E-09
 83.0    4890.00   .1926419E-09
 83.0    4900.00   .1982594E-09
 83.0    4910.00   .2078124E-09
 83.0    4920.00   .2215834E-09
 83.0    4930.00   .2385814E-09
 83.0    4940.00   .2724687E-09
 83.0    4950.00   .2873717E-09
 83.0    4960.00   .2976121E-09
 83.0    4970.00   .3021383E-09
 83.0    4980.00   .2939757E-09
 83.0    4990.00   .2825012E-09
 83.0    5000.00   .2664371E-09
 83.0    5010.00   .2477486E-09
 83.0    5020.00   .2293138E-09
 83.0    5030.00   .1982626E-09
 83.0    5040.00   .1873027E-09
 83.0    5050.00   .1796775E-09
 83.0    5060.00   .1748275E-09
 83.0    5070.00   .1720539E-09
 83.0    5080.00   .1704388E-09
 83.0    5090.00   .1705927E-09
 83.0    5100.00   .1706989E-09
 83.0    5110.00   .1710801E-09
 83.0    5120.00   .1730411E-09
 83.0    5130.00   .1686000E-09
 83.0    5140.00   .1661454E-09
 83.0    5150.00   .1653047E-09
 83.0    5160.00   .1662206E-09
 83.0    5170.00   .1710558E-09
 83.0    5180.00   .1835611E-09
 83.0    5190.00   .1951730E-09
 83.0    5200.00   .2058776E-09
 83.0    5210.00   .1978411E-09
 83.0    5220.00   .2101034E-09
 83.0    5230.00   .2457623E-09
 83.0    5240.00   .2415362E-09
 83.0    5250.00   .2550459E-09
 83.0    5260.00   .2475470E-09
 83.0    5270.00   .2601489E-09
 83.0    5280.00   .3078402E-09
 83.0    5290.00   .3128473E-09
 83.0    5300.00   .2857291E-09
 83.0    5310.00   .3397653E-09
 83.0    5320.00   .3385959E-09
 83.0    5330.00   .3264125E-09
 83.0    5340.00   .3176293E-09
 83.0    5350.00   .3166837E-09
 83.0    5360.00   .2939678E-09
 83.0    5370.00   .2970233E-09
 83.0    5380.00   .2912929E-09
 83.0    5390.00   .2650178E-09
 83.0    5400.00   .3156054E-09
 83.0    5410.00   .3073781E-09
 83.0    5420.00   .2805113E-09
 83.0    5430.00   .2677729E-09
 83.0    5440.00   .3185919E-09
 83.0    5450.00   .3405086E-09
 83.0    5460.00   .3416991E-09
 83.0    5470.00   .4050190E-09
 83.0    5480.00   .3930250E-09
 83.0    5490.00   .4067533E-09
 83.0    5500.00   .4444613E-09
 83.0    5510.00   .4590557E-09
 83.0    5520.00   .4578239E-09
 83.0    5530.00   .3975731E-09
 83.0    5540.00   .4171215E-09
 83.0    5550.00   .4153205E-09
 83.0    5560.00   .3999833E-09
 83.0    5570.00   .3987737E-09
 83.0    5580.00   .3499582E-09
 83.0    5590.00   .3355108E-09
 83.0    5600.00   .3163614E-09
 83.0    5610.00   .2790858E-09
 83.0    5620.00   .2548167E-09
 83.0    5630.00   .2431526E-09
 83.0    5640.00   .2263804E-09
 83.0    5650.00   .1967436E-09
 83.0    5660.00   .1783068E-09
 83.0    5670.00   .1415990E-09
 83.0    5680.00   .1333457E-09
 83.0    5690.00   .1226841E-09
 83.0    5700.00   .1330215E-09
 83.0    5710.00   .1263762E-09
 83.0    5720.00   .1294998E-09
 83.0    5730.00   .1371557E-09
 83.0    5740.00   .1336042E-09
 83.0    5750.00   .1420202E-09
 83.0    5760.00   .1350416E-09
 83.0    5770.00   .1605682E-09
 83.0    5780.00   .1935429E-09
 83.0    5790.00   .1995590E-09
 83.0    5800.00   .2320416E-09
 83.0    5810.00   .2503479E-09
 83.0    5820.00   .2755972E-09
 83.0    5830.00   .2804768E-09
 83.0    5840.00   .2978590E-09
 83.0    5850.00   .2895170E-09
 83.0    5860.00   .3228221E-09
 83.0    5870.00   .3210234E-09
 83.0    5880.00   .2829003E-09
 83.0    5890.00   .1815443E-09
 83.0    5900.00   .2675232E-09
 83.0    5910.00   .2877513E-09
 83.0    5920.00   .3004475E-09
 83.0    5930.00   .2445871E-09
 83.0    5940.00   .2377840E-09
 83.0    5950.00   .2288504E-09
 83.0    5960.00   .2213748E-09
 83.0    5970.00   .2022551E-09
 83.0    5980.00   .2066522E-09
 83.0    5990.00   .2071340E-09
 83.0    6000.00   .1752933E-09
 83.0    6010.00   .1889002E-09
 83.0    6020.00   .1883277E-09
 83.0    6030.00   .1904630E-09
 83.0    6040.00   .1879584E-09
 83.0    6050.00   .2047053E-09
 83.0    6060.00   .2234362E-09
 83.0    6070.00   .2135729E-09
 83.0    6080.00   .2259047E-09
 83.0    6090.00   .2132606E-09
 83.0    6100.00   .2158283E-09
 83.0    6110.00   .2126163E-09
 83.0    6120.00   .2019979E-09
 83.0    6130.00   .1951025E-09
 83.0    6140.00   .2224168E-09
 83.0    6150.00   .2117710E-09
 83.0    6160.00   .1998202E-09
 83.0    6170.00   .1755091E-09
 83.0    6180.00   .1900523E-09
 83.0    6190.00   .2060704E-09
 83.0    6200.00   .1962927E-09
 83.0    6210.00   .1836111E-09
 83.0    6220.00   .2060841E-09
 83.0    6230.00   .2026560E-09
 83.0    6240.00   .1911286E-09
 83.0    6250.00   .2116708E-09
 83.0    6260.00   .1960998E-09
 83.0    6270.00   .1801590E-09
 83.0    6280.00   .1762405E-09
 83.0    6290.00   .1663490E-09
 83.0    6300.00   .1612169E-09
 83.0    6310.00   .1567308E-09
 83.0    6320.00   .1555480E-09
 83.0    6330.00   .1574735E-09
 83.0    6340.00   .1623751E-09
 83.0    6350.00   .1681049E-09
 83.0    6360.00   .1738219E-09
 83.0    6370.00   .1807550E-09
 83.0    6380.00   .1875157E-09
 83.0    6390.00   .1994939E-09
 83.0    6400.00   .2145139E-09
 83.0    6410.00   .2324739E-09
 83.0    6420.00   .2515489E-09
 83.0    6430.00   .2653944E-09
 83.0    6440.00   .2838738E-09
 83.0    6450.00   .3014681E-09
 83.0    6460.00   .3176105E-09
 83.0    6470.00   .3313316E-09
 83.0    6480.00   .3414297E-09
 83.0    6490.00   .3547189E-09
 83.0    6500.00   .3672892E-09
 83.0    6510.00   .3773185E-09
 83.0    6520.00   .3840756E-09
 83.0    6530.00   .3901733E-09
 83.0    6540.00   .3962025E-09
 83.0    6550.00   .4013056E-09
 83.0    6560.00   .4041127E-09
 83.0    6570.00   .4050235E-09
 83.0    6580.00   .4061412E-09
 83.0    6590.00   .4043089E-09
 83.0    6600.00   .4006320E-09
 83.0    6610.00   .3932142E-09
 83.0    6620.00   .3836658E-09
 83.0    6630.00   .3774094E-09
 83.0    6640.00   .3653359E-09
 83.0    6650.00   .3518515E-09
 83.0    6660.00   .3373082E-09
 83.0    6670.00   .3219635E-09
 83.0    6680.00   .3130132E-09
 83.0    6690.00   .2988471E-09
 83.0    6700.00   .2845575E-09
 83.0    6710.00   .2710114E-09
 83.0    6720.00   .2578516E-09
 83.0    6730.00   .2502914E-09
 83.0    6740.00   .2379583E-09
 83.0    6750.00   .2264660E-09
 83.0    6760.00   .2182677E-09
 83.0    6770.00   .2131741E-09
 83.0    6780.00   .2049636E-09
 83.0    6790.00   .1987877E-09
 83.0    6800.00   .1940831E-09
 83.0    6810.00   .1899187E-09
 83.0    6820.00   .1885740E-09
 83.0    6830.00   .1865903E-09
 83.0    6840.00   .1901160E-09
 83.0    6850.00   .1853692E-09
 83.0    6860.00   .1692916E-09
 83.0    6870.00   .1615948E-09
 83.0    6880.00   .1589001E-09
 83.0    6890.00   .1685147E-09
 83.0    6900.00   .1758510E-09
 83.0    6910.00   .1821893E-09
 83.0    6920.00   .1888153E-09
 83.0    6930.00   .1936628E-09
 83.0    6940.00   .1959494E-09
 83.0    6950.00   .1983383E-09
 83.0    6960.00   .2030429E-09
 83.0    6970.00   .2059471E-09
 83.0    6980.00   .2064470E-09
 83.0    6990.00   .2067157E-09
 83.0    7000.00   .2163471E-09
 83.0    7010.00   .2284446E-09
 83.0    7020.00   .2261432E-09
 83.0    7030.00   .2273531E-09
 83.0    7040.00   .2227648E-09
 83.0    7050.00   .2199796E-09
 83.0    7060.00   .2241637E-09
 83.0    7070.00   .2167766E-09
 83.0    7080.00   .2160205E-09
 83.0    7090.00   .2234272E-09
 83.0    7100.00   .2256433E-09
 83.0    7110.00   .2224319E-09
 83.0    7120.00   .2280688E-09
 83.0    7130.00   .2283417E-09
 83.0    7140.00   .2284259E-09
 83.0    7150.00   .2354266E-09
 83.0    7160.00   .2340797E-09
 83.0    7170.00   .2377178E-09
 83.0    7180.00   .2554391E-09
 83.0    7190.00   .2648312E-09
 83.0    7200.00   .2757190E-09
 83.0    7210.00   .2718124E-09
 83.0    7220.00   .2706840E-09
 83.0    7230.00   .2768901E-09
 83.0    7240.00   .2920369E-09
 83.0    7250.00   .3034839E-09
 83.0    7260.00   .3338790E-09
 83.0    7270.00   .3279523E-09
 83.0    7280.00   .3141191E-09
 83.0    7290.00   .3064772E-09
 83.0    7300.00   .3104405E-09
 83.0    7310.00   .3129475E-09
 83.0    7320.00   .3084341E-09
 83.0    7330.00   .2986429E-09
 83.0    7340.00   .2937740E-09
 83.0    7350.00   .2888754E-09
 83.0    7360.00   .2844204E-09
 83.0    7370.00   .2834844E-09
 83.0    7380.00   .2809283E-09
 83.0    7390.00   .2797765E-09
 83.0    7400.00   .2799182E-09
 83.0    7410.00   .2803174E-09
 83.0    7420.00   .2861897E-09
 83.0    7430.00   .2861600E-09
 83.0    7440.00   .2862820E-09
 83.0    7450.00   .2859473E-09
 83.0    7460.00   .2853316E-09
 83.0    7470.00   .2845166E-09
 83.0    7480.00   .2780309E-09
 83.0    7490.00   .2698497E-09
 83.0    7500.00   .2599336E-09
 83.0    7510.00   .2484852E-09
 83.0    7520.00   .2304235E-09
 83.0    7530.00   .2153450E-09
 83.0    7540.00   .2020234E-09
 83.0    7550.00   .1999353E-09
 83.0    7560.00   .1829944E-09
 83.0    7570.00   .1548535E-09
 83.0    7580.00   .1511521E-09
 83.0    7590.00   .1459217E-09
 83.0    7600.00   .1404200E-09
 83.0    7610.00   .1031885E-09
 83.0    7620.00   .3837305E-10
 83.0    7630.00   .7517545E-10
 83.0    7640.00   .9357056E-10
 83.0    7650.00   .7636982E-10
 83.0    7660.00   .9653101E-10
 83.0    7670.00   .1166244E-09
 83.0    7680.00   .1437103E-09
 83.0    7690.00   .1530691E-09
 83.0    7700.00   .1603736E-09
 83.0    7710.00   .1694142E-09
 83.0    7720.00   .1696447E-09
 83.0    7730.00   .1648437E-09
 83.0    7740.00   .1749154E-09
 83.0    7750.00   .1706091E-09
 83.0    7760.00   .1636481E-09
 83.0    7770.00   .1679802E-09
 83.0    7780.00   .1660123E-09
 83.0    7790.00   .1651238E-09
 83.0    7800.00   .1547774E-09
 83.0    7810.00   .1534180E-09
 83.0    7820.00   .1530938E-09
 83.0    7830.00   .1403609E-09
 83.0    7840.00   .1390398E-09
 83.0    7850.00   .1379392E-09
 83.0    7860.00   .1316289E-09
 83.0    7870.00   .1213644E-09
 83.0    7880.00   .1184582E-09
 83.0    7890.00   .1117404E-09
 83.0    7900.00   .1036871E-09
 83.0    7910.00   .9947684E-10
 83.0    7920.00   .9799486E-10
 83.0    7930.00   .8994359E-10
 83.0    7940.00   .8244688E-10
 83.0    7950.00   .7756977E-10
 83.0    7960.00   .7653952E-10
 83.0    7970.00   .7394241E-10
 83.0    7980.00   .6678169E-10
 83.0    7990.00   .6330573E-10
 83.0    8000.00   .6022559E-10
 83.0    8010.00   .6127449E-10
 83.0    8020.00   .5635946E-10
 83.0    8030.00   .5433000E-10
 83.0    8040.00   .5267386E-10
 83.0    8050.00   .5274732E-10
 83.0    8060.00   .5213217E-10
 83.0    8070.00   .5324766E-10
 83.0    8080.00   .5143210E-10
 83.0    8090.00   .4679769E-10
 83.0    8100.00   .4997209E-10
 83.0    8110.00   .4806879E-10
 83.0    8120.00   .4911624E-10
 83.0    8130.00   .4697523E-10
 83.0    8140.00   .5033024E-10
 83.0    8150.00   .4647524E-10
 83.0    8160.00   .4550760E-10
 83.0    8170.00   .4883605E-10
 83.0    8180.00   .4388281E-10
 83.0    8190.00   .4220531E-10
 83.0    8200.00   .4037841E-10
 83.0    8210.00   .3557310E-10
 83.0    8220.00   .3278283E-10
 83.0    8230.00   .2846966E-10
 83.0    8240.00   .2419236E-10
 83.0    8250.00   .1723781E-10
 83.0    8260.00   .1646637E-10
 83.0    8270.00   .1425181E-10
 83.0    8280.00   .1406485E-10
 83.0    8290.00   .1446464E-10
 83.0    8300.00   .1061226E-10
 83.0    8310.00   .1100389E-10
 83.0    8320.00   .1321620E-10
 83.0    8330.00   .1255603E-10
 83.0    8340.00   .1295097E-10
 83.0    8350.00   .1595416E-10
 83.0    8360.00   .1364516E-10
 83.0    8370.00   .1575276E-10
 83.0    8380.00   .1885865E-10
 83.0    8390.00   .1840535E-10
 83.0    8400.00   .1804527E-10
 83.0    8410.00   .1880461E-10
 83.0    8420.00   .1939264E-10
 83.0    8430.00   .2308480E-10
 83.0    8440.00   .2595923E-10
 83.0    8450.00   .2829041E-10
 83.0    8460.00   .2989848E-10
 83.0    8470.00   .3248859E-10
 83.0    8480.00   .3884874E-10
 83.0    8490.00   .4553493E-10
 83.0    8500.00   .5206294E-10
 83.0    8510.00   .5718501E-10
 83.0    8520.00   .6233212E-10
 83.0    8530.00   .6881496E-10
 83.0    8540.00   .7685214E-10
 83.0    8550.00   .9009153E-10
 83.0    8560.00   .9923920E-10
 83.0    8570.00   .9845063E-10
 83.0    8580.00   .9642560E-10
 83.0    8590.00   .9559461E-10
 83.0    8600.00   .9705690E-10
 83.0    8610.00   .9770135E-10
 83.0    8620.00   .1066053E-09
 83.0    8630.00   .1089583E-09
 83.0    8640.00   .1053708E-09
 83.0    8650.00   .1011683E-09
 83.0    8660.00   .9669101E-10
 83.0    8670.00   .9341746E-10
 83.0    8680.00   .1033495E-09
 83.0    8690.00   .1137253E-09
 83.0    8700.00   .1109428E-09
 83.0    8710.00   .1050007E-09
 83.0    8720.00   .1032299E-09
 83.0    8730.00   .1048392E-09
 83.0    8740.00   .1105711E-09
 83.0    8750.00   .1267499E-09
 83.0    8760.00   .1302674E-09
 83.0    8770.00   .1190798E-09
 83.0    8780.00   .1125304E-09
 83.0    8790.00   .1240262E-09
 83.0    8800.00   .1351680E-09
 83.0    8810.00   .1352030E-09
 83.0    8820.00   .1327371E-09
 83.0    8830.00   .1256347E-09
 83.0    8840.00   .1138641E-09
 83.0    8850.00   .1136372E-09
 83.0    8860.00   .1185408E-09
 83.0    8870.00   .1292481E-09
 83.0    8880.00   .1275595E-09
 83.0    8890.00   .1148449E-09
 83.0    8900.00   .1046902E-09
 83.0    8910.00   .1033580E-09
 83.0    8920.00   .1075678E-09
 83.0    8930.00   .1099821E-09
 83.0    8940.00   .1058991E-09
 83.0    8950.00   .1064864E-09
 83.0    8960.00   .1025119E-09
 83.0    8970.00   .9767689E-10
 83.0    8980.00   .9351373E-10
 83.0    8990.00   .9282596E-10
 83.0    9000.00   .9753649E-10
 83.0    9010.00   .8861056E-10
 83.0    9020.00   .8572671E-10
 83.0    9030.00   .8821783E-10
 83.0    9040.00   .8532473E-10
 83.0    9050.00   .8264303E-10
 83.0    9060.00   .8582789E-10
 83.0    9070.00   .8609883E-10
 83.0    9080.00   .8193626E-10
 83.0    9090.00   .8038848E-10
 83.0    9100.00   .8056079E-10
 83.0    9110.00   .8133311E-10
 83.0    9120.00   .8559287E-10
 83.0    9130.00   .8750914E-10
 83.0    9140.00   .8588905E-10
 83.0    9150.00   .8050356E-10
 83.0    9160.00   .7820485E-10
 83.0    9170.00   .7883546E-10
 83.0    9180.00   .7617952E-10
 83.0    9190.00   .7758257E-10
 83.0    9200.00   .7669881E-10
 83.0    9210.00   .7754624E-10
 83.0    9220.00   .8058139E-10
 83.0    9230.00   .8183332E-10
 83.0    9240.00   .8842370E-10
 83.0    9250.00   .9162347E-10
 83.0    9260.00   .8046352E-10
 83.0    9270.00   .7685657E-10
 83.0    9280.00   .7344247E-10
 83.0    9290.00   .7164898E-10
 83.0    9300.00   .7547967E-10
 83.0    9310.00   .7705651E-10
 83.0    9320.00   .7592125E-10
 83.0    9330.00   .6945665E-10
 83.0    9340.00   .5783602E-10
 83.0    9350.00   .5943527E-10
 83.0    9360.00   .6163121E-10
 83.0    9370.00   .6421035E-10
 83.0    9380.00   .6203545E-10
 83.0    9390.00   .8974114E-10
 83.0    9400.00   .8033462E-10
 83.0    9410.00   .5325821E-10
 83.0    9420.00   .5929418E-10
 83.0    9430.00   .5767315E-10
 83.0    9440.00   .5815065E-10
 83.0    9450.00   .6367902E-10
 83.0    9460.00   .6667271E-10
 83.0    9470.00   .7375695E-10
 83.0    9480.00   .7223037E-10
 83.0    9490.00   .7247479E-10
 83.0    9500.00   .7218388E-10
 83.0    9510.00   .7364711E-10
 83.0    9520.00   .6570429E-10
 83.0    9530.00   .7656278E-10
 83.0    9540.00   .9723159E-10
 83.0    9550.00   .8858438E-10
 83.0    9560.00   .8413186E-10
 83.0    9570.00   .8508012E-10
 83.0    9580.00   .7574437E-10
 83.0    9590.00   .7443940E-10
 83.0    9600.00   .8163428E-10
 83.0    9610.00   .7969286E-10
 83.0    9620.00   .7779939E-10
 83.0    9630.00   .7103301E-10
 83.0    9640.00   .6430712E-10
 83.0    9650.00   .6618488E-10
 83.0    9660.00   .6515089E-10
 83.0    9670.00   .6526186E-10
 83.0    9680.00   .6018338E-10
 83.0    9690.00   .5405095E-10
 83.0    9700.00   .5952600E-10
 83.0    9710.00   .6147282E-10
 83.0    9720.00   .6249105E-10
 83.0    9730.00   .5857111E-10
 83.0    9740.00   .5699532E-10
 83.0    9750.00   .6136491E-10
 83.0    9760.00   .5538345E-10
 83.0    9770.00   .5974538E-10
 83.0    9780.00   .6459196E-10
 83.0    9790.00   .5958613E-10
 83.0    9800.00   .6800643E-10
 83.0    9810.00   .6954049E-10
 83.0    9820.00   .6235303E-10
 83.0    9830.00   .6513961E-10
 83.0    9840.00   .6988437E-10
 83.0    9850.00   .7783439E-10
 83.0    9860.00   .7999295E-10
 83.0    9870.00   .8041500E-10
 83.0    9880.00   .9553535E-10
 83.0    9890.00   .9446870E-10
 83.0    9900.00   .8616385E-10
 83.0    9910.00   .8493439E-10
 83.0    9920.00   .9149747E-10
 83.0    9930.00   .9478895E-10
 83.0    9940.00   .9495626E-10
 83.0    9950.00   .9179043E-10
 83.0    9960.00   .9473575E-10
 83.0    9970.00   .1099182E-09
 83.0    9980.00   .9748104E-10
 83.0    9990.00   .9576152E-10
 83.0   10000.00   .9958215E-10
 83.0   10010.00   .9893484E-10
 83.0   10020.00   .9828635E-10
 83.0   10030.00   .9763685E-10
 83.0   10040.00   .9698612E-10
 83.0   10050.00   .9633438E-10
 83.0   10060.00   .9568136E-10
 83.0   10070.00   .9502759E-10
 83.0   10080.00   .9437243E-10
 83.0   10090.00   .9371631E-10
 83.0   10100.00   .9305912E-10
 83.0   10110.00   .9240084E-10
 83.0   10120.00   .9174166E-10
 83.0   10130.00   .9108128E-10
 83.0   10140.00   .9041989E-10
 83.0   10150.00   .8975745E-10
 83.0   10160.00   .8909405E-10
 83.0   10170.00   .8842956E-10
 83.0   10180.00   .8776408E-10
 83.0   10190.00   .8709757E-10
 83.0   10200.00   .8643005E-10
 83.0   10210.00   .8576163E-10
 83.0   10220.00   .8509214E-10
 83.0   10230.00   .8442161E-10
 83.0   10240.00   .8375020E-10
 83.0   10250.00   .8307785E-10
 83.0   10260.00   .8240446E-10
 83.0   10270.00   .8173016E-10
 83.0   10280.00   .8105479E-10
 83.0   10290.00   .8037869E-10
 83.0   10300.00   .7970145E-10
 83.0   10310.00   .7902343E-10
 83.0   10320.00   .7834430E-10
 83.0   10330.00   .7766442E-10
 83.0   10340.00   .7698358E-10
 83.0   10350.00   .7630187E-10
 83.0   10360.00   .7561921E-10
 83.0   10370.00   .7493566E-10
 83.0   10380.00   .7425116E-10
 83.0   10390.00   .7356589E-10
 83.0   10400.00   .7287967E-10
 83.0   10410.00   .7219263E-10
 83.0   10420.00   .7150466E-10
 83.0   10430.00   .7081591E-10
 83.0   10440.00   .7012631E-10
 83.0   10450.00   .6943579E-10
 83.0   10460.00   .6874451E-10
 83.0   10470.00   .6805243E-10
 83.0   10480.00   .6735946E-10
 83.0   10490.00   .6666569E-10
 83.0   10500.00   .6597115E-10
 83.0   10510.00   .6527583E-10
 83.0   10520.00   .6457970E-10
 83.0   10530.00   .6388277E-10
 83.0   10540.00   .6318510E-10
 83.0   10550.00   .6248664E-10
 83.0   10560.00   .6178746E-10
 83.0   10570.00   .6108749E-10
 83.0   10580.00   .6038678E-10
 83.0   10590.00   .5968535E-10
 83.0   10600.00   .5898321E-10
 83.0   10610.00   .5828033E-10
 83.0   10620.00   .5757672E-10
 83.0   10630.00   .5687239E-10
 83.0   10640.00   .5616741E-10
 83.0   10650.00   .5546169E-10
 83.0   10660.00   .5475531E-10
 83.0   10670.00   .5404821E-10
 83.0   10680.00   .5334043E-10
 83.0   10690.00   .5263199E-10
 83.0   10700.00   .5192293E-10
 83.0   10710.00   .5121317E-10
 83.0   10720.00   .5050277E-10
 83.0   10730.00   .4979166E-10
 83.0   10740.00   .4908004E-10
 83.0   10750.00   .4836769E-10
 83.0   10760.00   .4765474E-10
 83.0   10770.00   .4694117E-10
 83.0   10780.00   .4622696E-10
 83.0   10790.00   .4551215E-10
 83.0   10800.00   .4479676E-10
 83.0   10810.00   .4408071E-10
 83.0   10820.00   .4336412E-10
 83.0   10830.00   .4264688E-10
 83.0   10840.00   .4192911E-10
 83.0   10850.00   .4121076E-10
 83.0   10860.00   .4049178E-10
 83.0   10870.00   .3977226E-10
 83.0   10880.00   .3905218E-10
 83.0   10890.00   .3833154E-10
 83.0   10900.00   .3761034E-10
 83.0   10910.00   .3688857E-10
 83.0   10920.00   .3616627E-10
 83.0   10930.00   .3544345E-10
 83.0   10940.00   .3472007E-10
 83.0   10950.00   .3399615E-10
 83.0   10960.00   .3327168E-10
 83.0   10970.00   .3254673E-10
 83.0   10980.00   .3182125E-10
 83.0   10990.00   .3109523E-10
 83.0   11000.00   .3036872E-10
 83.0   11010.00   .2964168E-10
 83.0   11020.00   .2891416E-10
 83.0   11030.00   .2818610E-10
 83.0   11040.00   .2745758E-10
 83.0   11050.00   .2672855E-10
 83.0   11060.00   .2599904E-10
 83.0   11070.00   .2526903E-10
 83.0   11080.00   .2453854E-10
 83.0   11090.00   .2380759E-10
 83.0   11100.00   .2307613E-10
 83.0   11110.00   .2234421E-10
 83.0   11120.00   .2161183E-10
 83.0   11130.00   .2087896E-10
 83.0   11140.00   .2014564E-10
 83.0   11150.00   .1941185E-10
 83.0   11160.00   .1867762E-10
 83.0   11170.00   .1794291E-10
 83.0   11180.00   .1720776E-10
 83.0   11190.00   .1647215E-10
 83.0   11200.00   .1573609E-10
 83.0   11210.00   .1499959E-10
 83.0   11220.00   .1426264E-10
 83.0   11230.00   .1352526E-10
 83.0   11240.00   .1278743E-10
 83.0   11250.00   .1204917E-10
 83.0   11260.00   .1131046E-10
 83.0   11270.00   .1057133E-10
 83.0   11280.00   .9831763E-11
 83.0   11290.00   .9091774E-11
 83.0   11300.00   .8351345E-11
 83.0   11310.00   .8353611E-11
 83.0   11320.00   .8355886E-11
 83.0   11330.00   .8358144E-11
 83.0   11340.00   .8360389E-11
 83.0   11350.00   .8362647E-11
 83.0   11360.00   .8364897E-11
 83.0   11370.00   .8367149E-11
 83.0   11380.00   .8369388E-11
 83.0   11390.00   .8371621E-11
 83.0   11400.00   .8373865E-11
 83.0   11410.00   .8376101E-11
 83.0   11420.00   .8378334E-11
 83.0   11430.00   .8380558E-11
 83.0   11440.00   .8382781E-11
 83.0   11450.00   .8385012E-11
 83.0   11460.00   .8387233E-11
 83.0   11470.00   .8389458E-11
 83.0   11480.00   .8391677E-11
 83.0   11490.00   .8393903E-11
 83.0   11500.00   .8396117E-11
 83.0   11510.00   .8398334E-11
 83.0   11520.00   .8400553E-11
 83.0   11530.00   .8402774E-11
 83.0   11540.00   .8404990E-11
 83.0   11550.00   .8407215E-11
 83.0   11560.00   .8409435E-11
 83.0   11570.00   .8411654E-11
 83.0   11580.00   .8413873E-11
 83.0   11590.00   .8416094E-11
 83.0   11600.00   .8418335E-11
 83.0   11610.00   .8420558E-11
 83.0   11620.00   .8422788E-11
 83.0   11630.00   .8425018E-11
 83.0   11640.00   .8427252E-11
 83.0   11650.00   .8429489E-11
 83.0   11660.00   .8431730E-11
 83.0   11670.00   .8433976E-11
 83.0   11680.00   .8436223E-11
 83.0   11690.00   .8438479E-11
 83.0   11700.00   .8440732E-11
 83.0   11710.00   .8442992E-11
 83.0   11720.00   .8445251E-11
 83.0   11730.00   .8447525E-11
 83.0   11740.00   .8449790E-11
 83.0   11750.00   .8452078E-11
 83.0   11760.00   .8454354E-11
 83.0   11770.00   .8456655E-11
 83.0   11780.00   .8458948E-11
 83.0   11790.00   .8461248E-11
 83.0   11800.00   .8463553E-11
 83.0   11810.00   .8465873E-11
 83.0   11820.00   .8468194E-11
 83.0   11830.00   .8470524E-11
 83.0   11840.00   .8472850E-11
 83.0   11850.00   .8475200E-11
 83.0   11860.00   .8477549E-11
 83.0   11870.00   .8479912E-11
 83.0   11880.00   .8482276E-11
 83.0   11890.00   .8484652E-11
 83.0   11900.00   .8487027E-11
 83.0   11910.00   .8489427E-11
 83.0   11920.00   .8491831E-11
 83.0   11930.00   .8494241E-11
 83.0   11940.00   .8496666E-11
 83.0   11950.00   .8499095E-11
 83.0   11960.00   .8501543E-11
 83.0   11970.00   .8503992E-11
 83.0   11980.00   .8506463E-11
 83.0   11990.00   .8508923E-11
 83.0   12000.00   .8511415E-11
 83.0   12010.00   .8513910E-11
 83.0   12020.00   .8516413E-11
 83.0   12030.00   .8518934E-11
 83.0   12040.00   .8521468E-11
 83.0   12050.00   .8524014E-11
 83.0   12060.00   .8526567E-11
 83.0   12070.00   .8529129E-11
 83.0   12080.00   .8531711E-11
 83.0   12090.00   .8534313E-11
 83.0   12100.00   .8536920E-11
 83.0   12110.00   .8539542E-11
 83.0   12120.00   .8542184E-11
 83.0   12130.00   .8544833E-11
 83.0   12140.00   .8547494E-11
 83.0   12150.00   .8550181E-11
 83.0   12160.00   .8552873E-11
 83.0   12170.00   .8555580E-11
 83.0   12180.00   .8558305E-11
 83.0   12190.00   .8561047E-11
 83.0   12200.00   .8563809E-11
 83.0   12210.00   .8566577E-11
 83.0   12220.00   .8569369E-11
 83.0   12230.00   .8572171E-11
 83.0   12240.00   .8575001E-11
 83.0   12250.00   .8577839E-11
 83.0   12260.00   .8580698E-11
 83.0   12270.00   .8583571E-11
 83.0   12280.00   .8586459E-11
 83.0   12290.00   .8589372E-11
 83.0   12300.00   .8592309E-11
 83.0   12310.00   .8595250E-11
 83.0   12320.00   .8598218E-11
 83.0   12330.00   .8601205E-11
 83.0   12340.00   .8604214E-11
 83.0   12350.00   .8607230E-11
 83.0   12360.00   .8610282E-11
 83.0   12370.00   .8613346E-11
 83.0   12380.00   .8616430E-11
 83.0   12390.00   .8619531E-11
 83.0   12400.00   .8622668E-11
 83.0   12410.00   .8625812E-11
 83.0   12420.00   .8628983E-11
 83.0   12430.00   .8632173E-11
 83.0   12440.00   .8635389E-11
 83.0   12450.00   .8638625E-11
 83.0   12460.00   .8641875E-11
 83.0   12470.00   .8645157E-11
 83.0   12480.00   .8648465E-11
 83.0   12490.00   .8651788E-11
 83.0   12500.00   .8655136E-11
 83.0   12510.00   .8659439E-11
 83.0   12520.00   .8663763E-11
 83.0   12530.00   .8668114E-11
 83.0   12540.00   .8672482E-11
 83.0   12550.00   .8676878E-11
 83.0   12560.00   .8681296E-11
 83.0   12570.00   .8685744E-11
 83.0   12580.00   .8690216E-11
 83.0   12590.00   .8694703E-11
 83.0   12600.00   .8699213E-11
 83.0   12610.00   .8703762E-11
 83.0   12620.00   .8708325E-11
 83.0   12630.00   .8712919E-11
 83.0   12640.00   .8717544E-11
 83.0   12650.00   .8722178E-11
 83.0   12660.00   .8726860E-11
 83.0   12670.00   .8731553E-11
 83.0   12680.00   .8736275E-11
 83.0   12690.00   .8741033E-11
 83.0   12700.00   .8745812E-11
 83.0   12710.00   .8750626E-11
 83.0   12720.00   .8755464E-11
 83.0   12730.00   .8760333E-11
 83.0   12740.00   .8765227E-11
 83.0   12750.00   .8770141E-11
 83.0   12760.00   .8775093E-11
 83.0   12770.00   .8780078E-11
 83.0   12780.00   .8785083E-11
 83.0   12790.00   .8790126E-11
 83.0   12800.00   .8795205E-11
 83.0   12810.00   .8800306E-11
 83.0   12820.00   .8805431E-11
 83.0   12830.00   .8810605E-11
 83.0   12840.00   .8815794E-11
 83.0   12850.00   .8821020E-11
 83.0   12860.00   .8826274E-11
 83.0   12870.00   .8831572E-11
 83.0   12880.00   .8836891E-11
 83.0   12890.00   .8842245E-11
 83.0   12900.00   .8847628E-11
 83.0   12910.00   .8853043E-11
 83.0   12920.00   .8858491E-11
 83.0   12930.00   .8863965E-11
 83.0   12940.00   .8869485E-11
 83.0   12950.00   .8875014E-11
 83.0   12960.00   .8880581E-11
 83.0   12970.00   .8886181E-11
 83.0   12980.00   .8891809E-11
 83.0   12990.00   .8897466E-11
 83.0   13000.00   .8903158E-11
 83.0   13010.00   .8908874E-11
 83.0   13020.00   .8914623E-11
 83.0   13030.00   .8920397E-11
 83.0   13040.00   .8926205E-11
 83.0   13050.00   .8932039E-11
 83.0   13060.00   .8937912E-11
 83.0   13070.00   .8943794E-11
 83.0   13080.00   .8949719E-11
 83.0   13090.00   .8955673E-11
 83.0   13100.00   .8961649E-11
 83.0   13110.00   .8967656E-11
 83.0   13120.00   .8973684E-11
 83.0   13130.00   .8979752E-11
 83.0   13140.00   .8985842E-11
 83.0   13150.00   .8991961E-11
 83.0   13160.00   .8998099E-11
 83.0   13170.00   .9004271E-11
 83.0   13180.00   .9010473E-11
 83.0   13190.00   .9016690E-11
 83.0   13200.00   .9022950E-11
 83.0   13210.00   .9029232E-11
 83.0   13220.00   .9035537E-11
 83.0   13230.00   .9041871E-11
 83.0   13240.00   .9048233E-11
 83.0   13250.00   .9054617E-11
 83.0   13260.00   .9061030E-11
 83.0   13270.00   .9067455E-11
 83.0   13280.00   .9073919E-11
 83.0   13290.00   .9080414E-11
 83.0   13300.00   .9086926E-11
 83.0   13310.00   .9093461E-11
 83.0   13320.00   .9100021E-11
 83.0   13330.00   .9106619E-11
 83.0   13340.00   .9113222E-11
 83.0   13350.00   .9119859E-11
 83.0   13360.00   .9126517E-11
 83.0   13370.00   .9133208E-11
 83.0   13380.00   .9139912E-11
 83.0   13390.00   .9146640E-11
 83.0   13400.00   .9153407E-11
 83.0   13410.00   .9160186E-11
 83.0   13420.00   .9166987E-11
 83.0   13430.00   .9173818E-11
 83.0   13440.00   .9180666E-11
 83.0   13450.00   .9187541E-11
 83.0   13460.00   .9194434E-11
 83.0   13470.00   .9201347E-11
 83.0   13480.00   .9208292E-11
 83.0   13490.00   .9215255E-11
 83.0   13500.00   .9222235E-11
 83.0   13510.00   .9229244E-11
 83.0   13520.00   .9236267E-11
 83.0   13530.00   .9243324E-11
 83.0   13540.00   .9250394E-11
 83.0   13550.00   .9257482E-11
 83.0   13560.00   .9264600E-11
 83.0   13570.00   .9271728E-11
 83.0   13580.00   .9278877E-11
 83.0   13590.00   .9286059E-11
 83.0   13600.00   .9293261E-11
 83.0   13610.00   .9300475E-11
 83.0   13620.00   .9307708E-11
 83.0   13630.00   .9314957E-11
 83.0   13640.00   .9322239E-11
 83.0   13650.00   .9329531E-11
 83.0   13660.00   .9336843E-11
 83.0   13670.00   .9344173E-11
 83.0   13680.00   .9351520E-11
 83.0   13690.00   .9358903E-11
 83.0   13700.00   .9366287E-11
 83.0   13710.00   .9393009E-11
 83.0   13720.00   .9419755E-11
 83.0   13730.00   .9446568E-11
 83.0   13740.00   .9473417E-11
 83.0   13750.00   .9500318E-11
 83.0   13760.00   .9527268E-11
 83.0   13770.00   .9554250E-11
 83.0   13780.00   .9581289E-11
 83.0   13790.00   .9608376E-11
 83.0   13800.00   .9635510E-11
 83.0   13810.00   .9662680E-11
 83.0   13820.00   .9689907E-11
 83.0   13830.00   .9717178E-11
 83.0   13840.00   .9744491E-11
 83.0   13850.00   .9771854E-11
 83.0   13860.00   .9799262E-11
 83.0   13870.00   .9826722E-11
 83.0   13880.00   .9854212E-11
 83.0   13890.00   .9881758E-11
 83.0   13900.00   .9909336E-11
 83.0   13910.00   .9936969E-11
 83.0   13920.00   .9964652E-11
 83.0   13930.00   .9992372E-11
 83.0   13940.00   .1002015E-10
 83.0   13950.00   .1004794E-10
 83.0   13960.00   .1007581E-10
 83.0   13970.00   .1010371E-10
 83.0   13980.00   .1013165E-10
 83.0   13990.00   .1015963E-10
 83.0   14000.00   .1018767E-10
 83.0   14010.00   .1021574E-10
 83.0   14020.00   .1024386E-10
 83.0   14030.00   .1027202E-10
 83.0   14040.00   .1030023E-10
 83.0   14050.00   .1032847E-10
 83.0   14060.00   .1035676E-10
 83.0   14070.00   .1038510E-10
 83.0   14080.00   .1041346E-10
 83.0   14090.00   .1044189E-10
 83.0   14100.00   .1047036E-10
 83.0   14110.00   .1049884E-10
 83.0   14120.00   .1052739E-10
 83.0   14130.00   .1055598E-10
 83.0   14140.00   .1058461E-10
 83.0   14150.00   .1061328E-10
 83.0   14160.00   .1064199E-10
 83.0   14170.00   .1067073E-10
 83.0   14180.00   .1069952E-10
 83.0   14190.00   .1072836E-10
 83.0   14200.00   .1075724E-10
 83.0   14210.00   .1078614E-10
 83.0   14220.00   .1081509E-10
 83.0   14230.00   .1084407E-10
 83.0   14240.00   .1087312E-10
 83.0   14250.00   .1090219E-10
 83.0   14260.00   .1093129E-10
 83.0   14270.00   .1096045E-10
 83.0   14280.00   .1098965E-10
 83.0   14290.00   .1101886E-10
 83.0   14300.00   .1104813E-10
 83.0   14310.00   .1107744E-10
 83.0   14320.00   .1110679E-10
 83.0   14330.00   .1113616E-10
 83.0   14340.00   .1116558E-10
 83.0   14350.00   .1119503E-10
 83.0   14360.00   .1122453E-10
 83.0   14370.00   .1125405E-10
 83.0   14380.00   .1128362E-10
 83.0   14390.00   .1131322E-10
 83.0   14400.00   .1134286E-10
 83.0   14410.00   .1137254E-10
 83.0   14420.00   .1140225E-10
 83.0   14430.00   .1143199E-10
 83.0   14440.00   .1146177E-10
 83.0   14450.00   .1149159E-10
 83.0   14460.00   .1152143E-10
 83.0   14470.00   .1155132E-10
 83.0   14480.00   .1158125E-10
 83.0   14490.00   .1161121E-10
 83.0   14500.00   .1164119E-10
 83.0   14510.00   .1167120E-10
 83.0   14520.00   .1170126E-10
 83.0   14530.00   .1173137E-10
 83.0   14540.00   .1176148E-10
 83.0   14550.00   .1179164E-10
 83.0   14560.00   .1182183E-10
 83.0   14570.00   .1185203E-10
 83.0   14580.00   .1188228E-10
 83.0   14590.00   .1191257E-10
 83.0   14600.00   .1194288E-10
 83.0   14610.00   .1197323E-10
 83.0   14620.00   .1200360E-10
 83.0   14630.00   .1203401E-10
 83.0   14640.00   .1206445E-10
 83.0   14650.00   .1209490E-10
 83.0   14660.00   .1212540E-10
 83.0   14670.00   .1215592E-10
 83.0   14680.00   .1218647E-10
 83.0   14690.00   .1221706E-10
 83.0   14700.00   .1224766E-10
 83.0   14710.00   .1227829E-10
 83.0   14720.00   .1230896E-10
 83.0   14730.00   .1233965E-10
 83.0   14740.00   .1237038E-10
 83.0   14750.00   .1240112E-10
 83.0   14760.00   .1243189E-10
 83.0   14770.00   .1246269E-10
 83.0   14780.00   .1249352E-10
 83.0   14790.00   .1252437E-10
 83.0   14800.00   .1255523E-10
 83.0   14810.00   .1258614E-10
 83.0   14820.00   .1261706E-10
 83.0   14830.00   .1264801E-10
 83.0   14840.00   .1267898E-10
 83.0   14850.00   .1270998E-10
 83.0   14860.00   .1274099E-10
 83.0   14870.00   .1277204E-10
 83.0   14880.00   .1280311E-10
 83.0   14890.00   .1283419E-10
 83.0   14900.00   .1286532E-10
 83.0   14910.00   .1289644E-10
 83.0   14920.00   .1292761E-10
 83.0   14930.00   .1295879E-10
 83.0   14940.00   .1298998E-10
 83.0   14950.00   .1302122E-10
 83.0   14960.00   .1305247E-10
 83.0   14970.00   .1308375E-10
 83.0   14980.00   .1311503E-10
 83.0   14990.00   .1314635E-10
 83.0   15000.00   .1317769E-10
 83.0   15010.00   .1318774E-10
 83.0   15020.00   .1319779E-10
 83.0   15030.00   .1320783E-10
 83.0   15040.00   .1321786E-10
 83.0   15050.00   .1322787E-10
 83.0   15060.00   .1323790E-10
 83.0   15070.00   .1324789E-10
 83.0   15080.00   .1325788E-10
 83.0   15090.00   .1326787E-10
 83.0   15100.00   .1327785E-10
 83.0   15110.00   .1328780E-10
 83.0   15120.00   .1329776E-10
 83.0   15130.00   .1330768E-10
 83.0   15140.00   .1331761E-10
 83.0   15150.00   .1332754E-10
 83.0   15160.00   .1333745E-10
 83.0   15170.00   .1334735E-10
 83.0   15180.00   .1335723E-10
 83.0   15190.00   .1336710E-10
 83.0   15200.00   .1337697E-10
 83.0   15210.00   .1338683E-10
 83.0   15220.00   .1339667E-10
 83.0   15230.00   .1340649E-10
 83.0   15240.00   .1341631E-10
 83.0   15250.00   .1342612E-10
 83.0   15260.00   .1343590E-10
 83.0   15270.00   .1344569E-10
 83.0   15280.00   .1345546E-10
 83.0   15290.00   .1346521E-10
 83.0   15300.00   .1347495E-10
 83.0   15310.00   .1348467E-10
 83.0   15320.00   .1349440E-10
 83.0   15330.00   .1350410E-10
 83.0   15340.00   .1351380E-10
 83.0   15350.00   .1352347E-10
 83.0   15360.00   .1353314E-10
 83.0   15370.00   .1354279E-10
 83.0   15380.00   .1355243E-10
 83.0   15390.00   .1356205E-10
 83.0   15400.00   .1357167E-10
 83.0   15410.00   .1358127E-10
 83.0   15420.00   .1359085E-10
 83.0   15430.00   .1360041E-10
 83.0   15440.00   .1360996E-10
 83.0   15450.00   .1361951E-10
 83.0   15460.00   .1362903E-10
 83.0   15470.00   .1363855E-10
 83.0   15480.00   .1364804E-10
 83.0   15490.00   .1365752E-10
 83.0   15500.00   .1366699E-10
 83.0   15510.00   .1367643E-10
 83.0   15520.00   .1368588E-10
 83.0   15530.00   .1369529E-10
 83.0   15540.00   .1370471E-10
 83.0   15550.00   .1371409E-10
 83.0   15560.00   .1372345E-10
 83.0   15570.00   .1373282E-10
 83.0   15580.00   .1374216E-10
 83.0   15590.00   .1375148E-10
 83.0   15600.00   .1376079E-10
 83.0   15610.00   .1377009E-10
 83.0   15620.00   .1377936E-10
 83.0   15630.00   .1378862E-10
 83.0   15640.00   .1379785E-10
 83.0   15650.00   .1380709E-10
 83.0   15660.00   .1381630E-10
 83.0   15670.00   .1382548E-10
 83.0   15680.00   .1383466E-10
 83.0   15690.00   .1384382E-10
 83.0   15700.00   .1385295E-10
 83.0   15710.00   .1386207E-10
 83.0   15720.00   .1387117E-10
 83.0   15730.00   .1388026E-10
 83.0   15740.00   .1388932E-10
 83.0   15750.00   .1389838E-10
 83.0   15760.00   .1390740E-10
 83.0   15770.00   .1391642E-10
 83.0   15780.00   .1392541E-10
 83.0   15790.00   .1393437E-10
 83.0   15800.00   .1394334E-10
 83.0   15810.00   .1395227E-10
 83.0   15820.00   .1396119E-10
 83.0   15830.00   .1397008E-10
 83.0   15840.00   .1397897E-10
 83.0   15850.00   .1398782E-10
 83.0   15860.00   .1399667E-10
 83.0   15870.00   .1400547E-10
 83.0   15880.00   .1401428E-10
 83.0   15890.00   .1402305E-10
 83.0   15900.00   .1403181E-10
 83.0   15910.00   .1404055E-10
 83.0   15920.00   .1404927E-10
 83.0   15930.00   .1405796E-10
 83.0   15940.00   .1406664E-10
 83.0   15950.00   .1407529E-10
 83.0   15960.00   .1408393E-10
 83.0   15970.00   .1409254E-10
 83.0   15980.00   .1410113E-10
 83.0   15990.00   .1410970E-10
 83.0   16000.00   .1411824E-10
 83.0   16010.00   .1412677E-10
 83.0   16020.00   .1413528E-10
 83.0   16030.00   .1414375E-10
 83.0   16040.00   .1415220E-10
 83.0   16050.00   .1416064E-10
 83.0   16060.00   .1416907E-10
 83.0   16070.00   .1417745E-10
 83.0   16080.00   .1418583E-10
 83.0   16090.00   .1419417E-10
 83.0   16100.00   .1420249E-10
 83.0   16110.00   .1421079E-10
 83.0   16120.00   .1421907E-10
 83.0   16130.00   .1422732E-10
 83.0   16140.00   .1423557E-10
 83.0   16150.00   .1424376E-10
 83.0   16160.00   .1425194E-10
 83.0   16170.00   .1426010E-10
 83.0   16180.00   .1426824E-10
 83.0   16190.00   .1427634E-10
 83.0   16200.00   .1428444E-10
 83.0   16210.00   .1429249E-10
 83.0   16220.00   .1430051E-10
 83.0   16230.00   .1430853E-10
 83.0   16240.00   .1431651E-10
 83.0   16250.00   .1432448E-10
 83.0   16260.00   .1432649E-10
 83.0   16270.00   .1432850E-10
 83.0   16280.00   .1433050E-10
 83.0   16290.00   .1433246E-10
 83.0   16300.00   .1433439E-10
 83.0   16310.00   .1433632E-10
 83.0   16320.00   .1433821E-10
 83.0   16330.00   .1434010E-10
 83.0   16340.00   .1434197E-10
 83.0   16350.00   .1434379E-10
 83.0   16360.00   .1434560E-10
 83.0   16370.00   .1434741E-10
 83.0   16380.00   .1434919E-10
 83.0   16390.00   .1435094E-10
 83.0   16400.00   .1435267E-10
 83.0   16410.00   .1435438E-10
 83.0   16420.00   .1435608E-10
 83.0   16430.00   .1435774E-10
 83.0   16440.00   .1435939E-10
 83.0   16450.00   .1436101E-10
 83.0   16460.00   .1436261E-10
 83.0   16470.00   .1436418E-10
 83.0   16480.00   .1436573E-10
 83.0   16490.00   .1436727E-10
 83.0   16500.00   .1436878E-10
 83.0   16510.00   .1437026E-10
 83.0   16520.00   .1437172E-10
 83.0   16530.00   .1437317E-10
 83.0   16540.00   .1437458E-10
 83.0   16550.00   .1437598E-10
 83.0   16560.00   .1437734E-10
 83.0   16570.00   .1437869E-10
 83.0   16580.00   .1438001E-10
 83.0   16590.00   .1438131E-10
 83.0   16600.00   .1438258E-10
 83.0   16610.00   .1438384E-10
 83.0   16620.00   .1438506E-10
 83.0   16630.00   .1438626E-10
 83.0   16640.00   .1438745E-10
 83.0   16650.00   .1438860E-10
 83.0   16660.00   .1438974E-10
 83.0   16670.00   .1439083E-10
 83.0   16680.00   .1439190E-10
 83.0   16690.00   .1439295E-10
 83.0   16700.00   .1439398E-10
 83.0   16710.00   .1439498E-10
 83.0   16720.00   .1439596E-10
 83.0   16730.00   .1439690E-10
 83.0   16740.00   .1439783E-10
 83.0   16750.00   .1439873E-10
 83.0   16760.00   .1439960E-10
 83.0   16770.00   .1440045E-10
 83.0   16780.00   .1440126E-10
 83.0   16790.00   .1440206E-10
 83.0   16800.00   .1440282E-10
 83.0   16810.00   .1440357E-10
 83.0   16820.00   .1440428E-10
 83.0   16830.00   .1440498E-10
 83.0   16840.00   .1440564E-10
 83.0   16850.00   .1440626E-10
 83.0   16860.00   .1440689E-10
 83.0   16870.00   .1440746E-10
 83.0   16880.00   .1440803E-10
 83.0   16890.00   .1440856E-10
 83.0   16900.00   .1440906E-10
 83.0   16910.00   .1440954E-10
 83.0   16920.00   .1441000E-10
 83.0   16930.00   .1441043E-10
 83.0   16940.00   .1441083E-10
 83.0   16950.00   .1441121E-10
 83.0   16960.00   .1441156E-10
 83.0   16970.00   .1441189E-10
 83.0   16980.00   .1441220E-10
 83.0   16990.00   .1441247E-10
 83.0   17000.00   .1441274E-10
 83.0   17010.00   .1441298E-10
 83.0   17020.00   .1441317E-10
 83.0   17030.00   .1441337E-10
 83.0   17040.00   .1441352E-10
 83.0   17050.00   .1441367E-10
 83.0   17060.00   .1441378E-10
 83.0   17070.00   .1441386E-10
 83.0   17080.00   .1441394E-10
 83.0   17090.00   .1441398E-10
 83.0   17100.00   .1441399E-10
 83.0   17110.00   .1441399E-10
 83.0   17120.00   .1441397E-10
 83.0   17130.00   .1441392E-10
 83.0   17140.00   .1441385E-10
 83.0   17150.00   .1441374E-10
 83.0   17160.00   .1441363E-10
 83.0   17170.00   .1441349E-10
 83.0   17180.00   .1441334E-10
 83.0   17190.00   .1441315E-10
 83.0   17200.00   .1441294E-10
 83.0   17210.00   .1441271E-10
 83.0   17220.00   .1441247E-10
 83.0   17230.00   .1441219E-10
 83.0   17240.00   .1441191E-10
 83.0   17250.00   .1441160E-10
 83.0   17260.00   .1441126E-10
 83.0   17270.00   .1441090E-10
 83.0   17280.00   .1441053E-10
 83.0   17290.00   .1441013E-10
 83.0   17300.00   .1440971E-10
 83.0   17310.00   .1440927E-10
 83.0   17320.00   .1440881E-10
 83.0   17330.00   .1440834E-10
 83.0   17340.00   .1440784E-10
 83.0   17350.00   .1440731E-10
 83.0   17360.00   .1440677E-10
 83.0   17370.00   .1440622E-10
 83.0   17380.00   .1440564E-10
 83.0   17390.00   .1440503E-10
 83.0   17400.00   .1440442E-10
 83.0   17410.00   .1440378E-10
 83.0   17420.00   .1440311E-10
 83.0   17430.00   .1440244E-10
 83.0   17440.00   .1440174E-10
 83.0   17450.00   .1440103E-10
 83.0   17460.00   .1440030E-10
 83.0   17470.00   .1439954E-10
 83.0   17480.00   .1439878E-10
 83.0   17490.00   .1439799E-10
 83.0   17500.00   .1439718E-10
 83.0   17510.00   .1439636E-10
 83.0   17520.00   .1439549E-10
 83.0   17530.00   .1439466E-10
 83.0   17540.00   .1439376E-10
 83.0   17550.00   .1439287E-10
 83.0   17560.00   .1439196E-10
 83.0   17570.00   .1439103E-10
 83.0   17580.00   .1439007E-10
 83.0   17590.00   .1438911E-10
 83.0   17600.00   .1438812E-10
 83.0   17610.00   .1438712E-10
 83.0   17620.00   .1438611E-10
 83.0   17630.00   .1438507E-10
 83.0   17640.00   .1438403E-10
 83.0   17650.00   .1438297E-10
 83.0   17660.00   .1438187E-10
 83.0   17670.00   .1438078E-10
 83.0   17680.00   .1437965E-10
 83.0   17690.00   .1437853E-10
 83.0   17700.00   .1437739E-10
 83.0   17710.00   .1437622E-10
 83.0   17720.00   .1437505E-10
 83.0   17730.00   .1437385E-10
 83.0   17740.00   .1437264E-10
 83.0   17750.00   .1437142E-10
 83.0   17760.00   .1437018E-10
 83.0   17770.00   .1436892E-10
 83.0   17780.00   .1436764E-10
 83.0   17790.00   .1436636E-10
 83.0   17800.00   .1436506E-10
 83.0   17810.00   .1436374E-10
 83.0   17820.00   .1436243E-10
 83.0   17830.00   .1436108E-10
 83.0   17840.00   .1435973E-10
 83.0   17850.00   .1435835E-10
 83.0   17860.00   .1435697E-10
 83.0   17870.00   .1435557E-10
 83.0   17880.00   .1435416E-10
 83.0   17890.00   .1435274E-10
 83.0   17900.00   .1435130E-10
 83.0   17910.00   .1434984E-10
 83.0   17920.00   .1434839E-10
 83.0   17930.00   .1434690E-10
 83.0   17940.00   .1434542E-10
 83.0   17950.00   .1434392E-10
 83.0   17960.00   .1434239E-10
 83.0   17970.00   .1434087E-10
 83.0   17980.00   .1433933E-10
 83.0   17990.00   .1433777E-10
 83.0   18000.00   .1433621E-10
 83.0   18010.00   .1428742E-10
 83.0   18020.00   .1423863E-10
 83.0   18030.00   .1418983E-10
 83.0   18040.00   .1414103E-10
 83.0   18050.00   .1409223E-10
 83.0   18060.00   .1404343E-10
 83.0   18070.00   .1399463E-10
 83.0   18080.00   .1394584E-10
 83.0   18090.00   .1389703E-10
 83.0   18100.00   .1384823E-10
 83.0   18110.00   .1379944E-10
 83.0   18120.00   .1375064E-10
 83.0   18130.00   .1370183E-10
 83.0   18140.00   .1365304E-10
 83.0   18150.00   .1360425E-10
 83.0   18160.00   .1355546E-10
 83.0   18170.00   .1350668E-10
 83.0   18180.00   .1345788E-10
 83.0   18190.00   .1340910E-10
 83.0   18200.00   .1336033E-10
 83.0   18210.00   .1331153E-10
 83.0   18220.00   .1326277E-10
 83.0   18230.00   .1321399E-10
 83.0   18240.00   .1316523E-10
 83.0   18250.00   .1311645E-10
 83.0   18260.00   .1306769E-10
 83.0   18270.00   .1301892E-10
 83.0   18280.00   .1297017E-10
 83.0   18290.00   .1292142E-10
 83.0   18300.00   .1287269E-10
 83.0   18310.00   .1282394E-10
 83.0   18320.00   .1277521E-10
 83.0   18330.00   .1272649E-10
 83.0   18340.00   .1267775E-10
 83.0   18350.00   .1262903E-10
 83.0   18360.00   .1258033E-10
 83.0   18370.00   .1253162E-10
 83.0   18380.00   .1248292E-10
 83.0   18390.00   .1243422E-10
 83.0   18400.00   .1238555E-10
 83.0   18410.00   .1233685E-10
 83.0   18420.00   .1228816E-10
 83.0   18430.00   .1223951E-10
 83.0   18440.00   .1219086E-10
 83.0   18450.00   .1214221E-10
 83.0   18460.00   .1209355E-10
 83.0   18470.00   .1204492E-10
 83.0   18480.00   .1199629E-10
 83.0   18490.00   .1194767E-10
 83.0   18500.00   .1189905E-10
 83.0   18510.00   .1185045E-10
 83.0   18520.00   .1180185E-10
 83.0   18530.00   .1175326E-10
 83.0   18540.00   .1170469E-10
 83.0   18550.00   .1165611E-10
 83.0   18560.00   .1160755E-10
 83.0   18570.00   .1155901E-10
 83.0   18580.00   .1151047E-10
 83.0   18590.00   .1146193E-10
 83.0   18600.00   .1141340E-10
 83.0   18610.00   .1136490E-10
 83.0   18620.00   .1131640E-10
 83.0   18630.00   .1126790E-10
 83.0   18640.00   .1121942E-10
 83.0   18650.00   .1117095E-10
 83.0   18660.00   .1112249E-10
 83.0   18670.00   .1107404E-10
 83.0   18680.00   .1102560E-10
 83.0   18690.00   .1097717E-10
 83.0   18700.00   .1092875E-10
 83.0   18710.00   .1088035E-10
 83.0   18720.00   .1083195E-10
 83.0   18730.00   .1078357E-10
 83.0   18740.00   .1073518E-10
 83.0   18750.00   .1068684E-10
 83.0   18760.00   .1063850E-10
 83.0   18770.00   .1059015E-10
 83.0   18780.00   .1054182E-10
 83.0   18790.00   .1049351E-10
 83.0   18800.00   .1044522E-10
 83.0   18810.00   .1039692E-10
 83.0   18820.00   .1034865E-10
 83.0   18830.00   .1030039E-10
 83.0   18840.00   .1025213E-10
 83.0   18850.00   .1020389E-10
 83.0   18860.00   .1015568E-10
 83.0   18870.00   .1010747E-10
 83.0   18880.00   .1005926E-10
 83.0   18890.00   .1001108E-10
 83.0   18900.00   .9962916E-11
 83.0   18910.00   .9914765E-11
 83.0   18920.00   .9866612E-11
 83.0   18930.00   .9818476E-11
 83.0   18940.00   .9770363E-11
 83.0   18950.00   .9722265E-11
 83.0   18960.00   .9674174E-11
 83.0   18970.00   .9626104E-11
 83.0   18980.00   .9578036E-11
 83.0   18990.00   .9529982E-11
 83.0   19000.00   .9481965E-11
 83.0   19010.00   .9433931E-11
 83.0   19020.00   .9385944E-11
 83.0   19030.00   .9337952E-11
 83.0   19040.00   .9289967E-11
 83.0   19050.00   .9242008E-11
 83.0   19060.00   .9194060E-11
 83.0   19070.00   .9146137E-11
 83.0   19080.00   .9098225E-11
 83.0   19090.00   .9050316E-11
 83.0   19100.00   .9002437E-11
 83.0   19110.00   .8954559E-11
 83.0   19120.00   .8906705E-11
 83.0   19130.00   .8858862E-11
 83.0   19140.00   .8811028E-11
 83.0   19150.00   .8763221E-11
 83.0   19160.00   .8715429E-11
 83.0   19170.00   .8667642E-11
 83.0   19180.00   .8619891E-11
 83.0   19190.00   .8572135E-11
 83.0   19200.00   .8524404E-11
 83.0   19210.00   .8476681E-11
 83.0   19220.00   .8428987E-11
 83.0   19230.00   .8381292E-11
 83.0   19240.00   .8333618E-11
 83.0   19250.00   .8285973E-11
 83.0   19260.00   .8238335E-11
 83.0   19270.00   .8190699E-11
 83.0   19280.00   .8143097E-11
 83.0   19290.00   .8095506E-11
 83.0   19300.00   .8047932E-11
 83.0   19310.00   .8000360E-11
 83.0   19320.00   .7952827E-11
 83.0   19330.00   .7905296E-11
 83.0   19340.00   .7857782E-11
 83.0   19350.00   .7810294E-11
 83.0   19360.00   .7762810E-11
 83.0   19370.00   .7715339E-11
 83.0   19380.00   .7667895E-11
 83.0   19390.00   .7620466E-11
 83.0   19400.00   .7573053E-11
 83.0   19410.00   .7525644E-11
 83.0   19420.00   .7478267E-11
 83.0   19430.00   .7430898E-11
 83.0   19440.00   .7383552E-11
 83.0   19450.00   .7336213E-11
 83.0   19460.00   .7288895E-11
 83.0   19470.00   .7241593E-11
 83.0   19480.00   .7194309E-11
 83.0   19490.00   .7147041E-11
 83.0   19500.00   .7099785E-11
 83.0   19510.00   .7052549E-11
 83.0   19520.00   .7005326E-11
 83.0   19530.00   .6958124E-11
 83.0   19540.00   .6910933E-11
 83.0   19550.00   .6863761E-11
 83.0   19560.00   .6816609E-11
 83.0   19570.00   .6769468E-11
 83.0   19580.00   .6722344E-11
 83.0   19590.00   .6675237E-11
 83.0   19600.00   .6628147E-11
 83.0   19610.00   .6581075E-11
 83.0   19620.00   .6534012E-11
 83.0   19630.00   .6486968E-11
 83.0   19640.00   .6439941E-11
 83.0   19650.00   .6392929E-11
 83.0   19660.00   .6345940E-11
 83.0   19670.00   .6298956E-11
 83.0   19680.00   .6251992E-11
 83.0   19690.00   .6205041E-11
 83.0   19700.00   .6158110E-11
 83.0   19710.00   .6111192E-11
 83.0   19720.00   .6064288E-11
 83.0   19730.00   .6017401E-11
 83.0   19740.00   .5970532E-11
 83.0   19750.00   .5923674E-11
 83.0   19760.00   .5876832E-11
 83.0   19770.00   .5830007E-11
 83.0   19780.00   .5783193E-11
 83.0   19790.00   .5736397E-11
 83.0   19800.00   .5689615E-11
 83.0   19810.00   .5642851E-11
 83.0   19820.00   .5596094E-11
 83.0   19830.00   .5549361E-11
 83.0   19840.00   .5502633E-11
 83.0   19850.00   .5455926E-11
 83.0   19860.00   .5409229E-11
 83.0   19870.00   .5362548E-11
 83.0   19880.00   .5315882E-11
 83.0   19890.00   .5269231E-11
 83.0   19900.00   .5222596E-11
 83.0   19910.00   .5175968E-11
 83.0   19920.00   .5129358E-11
 83.0   19930.00   .5082761E-11
 83.0   19940.00   .5036183E-11
 83.0   19950.00   .4989614E-11
 83.0   19960.00   .4943058E-11
 83.0   19970.00   .4896514E-11
 83.0   19980.00   .4849991E-11
 83.0   19990.00   .4803475E-11
 83.0   20000.00   .4756976E-11
 83.0   20010.00   .4710488E-11
 83.0   20020.00   .4664014E-11
 83.0   20030.00   .4617554E-11
 83.0   20040.00   .4571104E-11
 83.0   20050.00   .4524670E-11
 83.0   20060.00   .4478250E-11
 83.0   20070.00   .4431841E-11
 83.0   20080.00   .4385445E-11
 83.0   20090.00   .4339059E-11
 83.0   20100.00   .4292690E-11
 83.0   20110.00   .4292196E-11
 83.0   20120.00   .4291703E-11
 83.0   20130.00   .4291211E-11
 83.0   20140.00   .4290723E-11
 83.0   20150.00   .4290239E-11
 83.0   20160.00   .4289756E-11
 83.0   20170.00   .4289273E-11
 83.0   20180.00   .4288793E-11
 83.0   20190.00   .4288313E-11
 83.0   20200.00   .4287840E-11
 83.0   20210.00   .4287363E-11
 83.0   20220.00   .4286891E-11
 83.0   20230.00   .4286422E-11
 83.0   20240.00   .4285955E-11
 83.0   20250.00   .4285488E-11
 83.0   20260.00   .4285026E-11
 83.0   20270.00   .4284565E-11
 83.0   20280.00   .4284105E-11
 83.0   20290.00   .4283644E-11
 83.0   20300.00   .4283189E-11
 83.0   20310.00   .4282736E-11
 83.0   20320.00   .4282289E-11
 83.0   20330.00   .4281836E-11
 83.0   20340.00   .4281390E-11
 83.0   20350.00   .4280947E-11
 83.0   20360.00   .4280502E-11
 83.0   20370.00   .4280061E-11
 83.0   20380.00   .4279623E-11
 83.0   20390.00   .4279186E-11
 83.0   20400.00   .4278749E-11
 83.0   20410.00   .4278318E-11
 83.0   20420.00   .4277888E-11
 83.0   20430.00   .4277458E-11
 83.0   20440.00   .4277032E-11
 83.0   20450.00   .4276609E-11
 83.0   20460.00   .4276184E-11
 83.0   20470.00   .4275764E-11
 83.0   20480.00   .4275347E-11
 83.0   20490.00   .4274929E-11
 83.0   20500.00   .4274515E-11
 83.0   20510.00   .4274104E-11
 83.0   20520.00   .4273695E-11
 83.0   20530.00   .4273285E-11
 83.0   20540.00   .4272879E-11
 83.0   20550.00   .4272478E-11
 83.0   20560.00   .4272072E-11
 83.0   20570.00   .4271673E-11
 83.0   20580.00   .4271275E-11
 83.0   20590.00   .4270877E-11
 83.0   20600.00   .4270486E-11
 83.0   20610.00   .4270095E-11
 83.0   20620.00   .4269706E-11
 83.0   20630.00   .4269317E-11
 83.0   20640.00   .4268932E-11
 83.0   20650.00   .4268546E-11
 83.0   20660.00   .4268165E-11
 83.0   20670.00   .4267788E-11
 83.0   20680.00   .4267408E-11
 83.0   20690.00   .4267033E-11
 83.0   20700.00   .4266660E-11
 83.0   20710.00   .4266285E-11
 83.0   20720.00   .4265917E-11
 83.0   20730.00   .4265552E-11
 83.0   20740.00   .4265188E-11
 83.0   20750.00   .4264822E-11
 83.0   20760.00   .4264461E-11
 83.0   20770.00   .4264102E-11
 83.0   20780.00   .4263743E-11
 83.0   20790.00   .4263392E-11
 83.0   20800.00   .4263037E-11
 83.0   20810.00   .4262684E-11
 83.0   20820.00   .4262338E-11
 83.0   20830.00   .4261992E-11
 83.0   20840.00   .4261644E-11
 83.0   20850.00   .4261301E-11
 83.0   20860.00   .4260960E-11
 83.0   20870.00   .4260619E-11
 83.0   20880.00   .4260283E-11
 83.0   20890.00   .4259948E-11
 83.0   20900.00   .4259616E-11
 83.0   20910.00   .4259285E-11
 83.0   20920.00   .4258956E-11
 83.0   20930.00   .4258631E-11
 83.0   20940.00   .4258303E-11
 83.0   20950.00   .4257982E-11
 83.0   20960.00   .4257659E-11
 83.0   20970.00   .4257341E-11
 83.0   20980.00   .4257025E-11
 83.0   20990.00   .4256712E-11
 83.0   21000.00   .4256398E-11
 83.0   21010.00   .4256086E-11
 83.0   21020.00   .4255778E-11
 83.0   21030.00   .4255472E-11
 83.0   21040.00   .4255166E-11
 83.0   21050.00   .4254863E-11
 83.0   21060.00   .4254561E-11
 83.0   21070.00   .4254263E-11
 83.0   21080.00   .4253968E-11
 83.0   21090.00   .4253674E-11
 83.0   21100.00   .4253381E-11
 83.0   21110.00   .4253090E-11
 83.0   21120.00   .4252803E-11
 83.0   21130.00   .4252515E-11
 83.0   21140.00   .4252229E-11
 83.0   21150.00   .4251945E-11
 83.0   21160.00   .4251665E-11
 83.0   21170.00   .4251388E-11
 83.0   21180.00   .4251114E-11
 83.0   21190.00   .4250838E-11
 83.0   21200.00   .4250560E-11
 83.0   21210.00   .4250295E-11
 83.0   21220.00   .4250023E-11
 83.0   21230.00   .4249760E-11
 83.0   21240.00   .4249495E-11
 83.0   21250.00   .4249232E-11
 83.0   21260.00   .4248971E-11
 83.0   21270.00   .4248712E-11
 83.0   21280.00   .4248456E-11
 83.0   21290.00   .4248198E-11
 83.0   21300.00   .4247947E-11
 83.0   21310.00   .4247697E-11
 83.0   21320.00   .4247448E-11
 83.0   21330.00   .4247200E-11
 83.0   21340.00   .4246956E-11
 83.0   21350.00   .4246713E-11
 83.0   21360.00   .4246474E-11
 83.0   21370.00   .4246236E-11
 83.0   21380.00   .4245999E-11
 83.0   21390.00   .4245762E-11
 83.0   21400.00   .4245530E-11
 83.0   21410.00   .4245300E-11
 83.0   21420.00   .4245074E-11
 83.0   21430.00   .4244846E-11
 83.0   21440.00   .4244618E-11
 83.0   21450.00   .4244398E-11
 83.0   21460.00   .4244175E-11
 83.0   21470.00   .4243958E-11
 83.0   21480.00   .4243742E-11
 83.0   21490.00   .4243527E-11
 83.0   21500.00   .4243315E-11
 83.0   21510.00   .4243104E-11
 83.0   21520.00   .4242895E-11
 83.0   21530.00   .4242687E-11
 83.0   21540.00   .4242483E-11
 83.0   21550.00   .4242281E-11
 83.0   21560.00   .4242081E-11
 83.0   21570.00   .4241885E-11
 83.0   21580.00   .4241684E-11
 83.0   21590.00   .4241490E-11
 83.0   21600.00   .4241294E-11
 83.0   21610.00   .4241104E-11
 83.0   21620.00   .4240917E-11
 83.0   21630.00   .4240730E-11
 83.0   21640.00   .4240546E-11
 83.0   21650.00   .4240364E-11
 83.0   21660.00   .4240180E-11
 83.0   21670.00   .4240005E-11
 83.0   21680.00   .4239826E-11
 83.0   21690.00   .4239651E-11
 83.0   21700.00   .4239478E-11
 83.0   21710.00   .4239308E-11
 83.0   21720.00   .4239137E-11
 83.0   21730.00   .4238969E-11
 83.0   21740.00   .4238806E-11
 83.0   21750.00   .4238641E-11
 83.0   21760.00   .4238481E-11
 83.0   21770.00   .4238323E-11
 83.0   21780.00   .4238167E-11
 83.0   21790.00   .4238010E-11
 83.0   21800.00   .4237856E-11
 83.0   21810.00   .4237706E-11
 83.0   21820.00   .4237554E-11
 83.0   21830.00   .4237409E-11
 83.0   21840.00   .4237264E-11
 83.0   21850.00   .4237121E-11
 83.0   21860.00   .4236978E-11
 83.0   21870.00   .4236841E-11
 83.0   21880.00   .4236701E-11
 83.0   21890.00   .4236568E-11
 83.0   21900.00   .4236436E-11
 83.0   21910.00   .4236304E-11
 83.0   21920.00   .4236171E-11
 83.0   21930.00   .4236046E-11
 83.0   21940.00   .4235920E-11
 83.0   21950.00   .4235796E-11
 83.0   21960.00   .4235674E-11
 83.0   21970.00   .4235557E-11
 83.0   21980.00   .4235438E-11
 83.0   21990.00   .4235321E-11
 83.0   22000.00   .4235210E-11
 83.0   22010.00   .4235097E-11
 83.0   22020.00   .4234988E-11
 83.0   22030.00   .4234880E-11
 83.0   22040.00   .4234774E-11
 83.0   22050.00   .4234671E-11
 83.0   22060.00   .4234570E-11
 83.0   22070.00   .4234468E-11
 83.0   22080.00   .4234372E-11
 83.0   22090.00   .4234277E-11
 83.0   22100.00   .4234180E-11
 83.0   22110.00   .4234088E-11
 83.0   22120.00   .4233996E-11
 83.0   22130.00   .4233915E-11
 83.0   22140.00   .4233825E-11
 83.0   22150.00   .4233740E-11
 83.0   22160.00   .4233660E-11
 83.0   22170.00   .4233580E-11
 83.0   22180.00   .4233502E-11
 83.0   22190.00   .4233426E-11
 83.0   22200.00   .4233354E-11
 83.0   22210.00   .4233281E-11
 83.0   22220.00   .4233209E-11
 83.0   22230.00   .4233143E-11
 83.0   22240.00   .4233077E-11
 83.0   22250.00   .4233012E-11
 83.0   22260.00   .4232950E-11
 83.0   22270.00   .4232889E-11
 83.0   22280.00   .4232832E-11
 83.0   22290.00   .4232772E-11
 83.0   22300.00   .4232719E-11
 83.0   22310.00   .4232664E-11
 83.0   22320.00   .4232616E-11
 83.0   22330.00   .4232568E-11
 83.0   22340.00   .4232523E-11
 83.0   22350.00   .4232476E-11
 83.0   22360.00   .4232434E-11
 83.0   22370.00   .4232392E-11
 83.0   22380.00   .4232355E-11
 83.0   22390.00   .4232318E-11
 83.0   22400.00   .4232285E-11
 83.0   22410.00   .4232251E-11
 83.0   22420.00   .4232221E-11
 83.0   22430.00   .4232193E-11
 83.0   22440.00   .4232165E-11
 83.0   22450.00   .4232138E-11
 83.0   22460.00   .4232116E-11
 83.0   22470.00   .4232096E-11
 83.0   22480.00   .4232075E-11
 83.0   22490.00   .4232056E-11
 83.0   22500.00   .4232041E-11
 83.0   22510.00   .4232029E-11
 83.0   22520.00   .4232018E-11
 83.0   22530.00   .4232008E-11
 83.0   22540.00   .4231999E-11
 83.0   22550.00   .4231991E-11
 83.0   22560.00   .4231989E-11
 83.0   22570.00   .4231986E-11
 83.0   22580.00   .4231985E-11
 83.0   22590.00   .4231987E-11
 83.0   22600.00   .4231989E-11
 83.0   22610.00   .4231993E-11
 83.0   22620.00   .4231999E-11
 83.0   22630.00   .4232008E-11
 83.0   22640.00   .4232018E-11
 83.0   22650.00   .4232029E-11
 83.0   22660.00   .4232045E-11
 83.0   22670.00   .4232060E-11
 83.0   22680.00   .4232076E-11
 83.0   22690.00   .4232097E-11
 83.0   22700.00   .4232118E-11
 83.0   22710.00   .4232139E-11
 83.0   22720.00   .4232162E-11
 83.0   22730.00   .4232188E-11
 83.0   22740.00   .4232217E-11
 83.0   22750.00   .4232245E-11
 83.0   22760.00   .4232275E-11
 83.0   22770.00   .4232307E-11
 83.0   22780.00   .4232342E-11
 83.0   22790.00   .4232378E-11
 83.0   22800.00   .4232415E-11
 83.0   22810.00   .4232455E-11
 83.0   22820.00   .4232495E-11
 83.0   22830.00   .4232537E-11
 83.0   22840.00   .4232583E-11
 83.0   22850.00   .4232633E-11
 83.0   22860.00   .4232677E-11
 83.0   22870.00   .4232726E-11
 83.0   22880.00   .4232778E-11
 83.0   22890.00   .4232829E-11
 83.0   22900.00   .4232881E-11
 83.0   22910.00   .4232939E-11
 83.0   22920.00   .4232996E-11
 83.0   22930.00   .4233051E-11
 83.0   22940.00   .4233113E-11
 83.0   22950.00   .4233173E-11
 83.0   22960.00   .4233237E-11
 83.0   22970.00   .4233303E-11
 83.0   22980.00   .4233369E-11
 83.0   22990.00   .4233439E-11
 83.0   23000.00   .4233508E-11
 83.0   23010.00   .4233579E-11
 83.0   23020.00   .4233653E-11
 83.0   23030.00   .4233725E-11
 83.0   23040.00   .4233802E-11
 83.0   23050.00   .4233879E-11
 83.0   23060.00   .4233957E-11
 83.0   23070.00   .4234036E-11
 83.0   23080.00   .4234118E-11
 83.0   23090.00   .4234200E-11
 83.0   23100.00   .4234288E-11
 83.0   23110.00   .4234374E-11
 83.0   23120.00   .4234460E-11
 83.0   23130.00   .4234549E-11
 83.0   23140.00   .4234636E-11
 83.0   23150.00   .4234728E-11
 83.0   23160.00   .4234823E-11
 83.0   23170.00   .4234919E-11
 83.0   23180.00   .4235010E-11
 83.0   23190.00   .4235109E-11
 83.0   23200.00   .4235206E-11
 83.0   23210.00   .4235307E-11
 83.0   23220.00   .4235408E-11
 83.0   23230.00   .4235512E-11
 83.0   23240.00   .4235618E-11
 83.0   23250.00   .4235724E-11
 83.0   23260.00   .4235831E-11
 83.0   23270.00   .4235939E-11
 83.0   23280.00   .4236050E-11
 83.0   23290.00   .4236158E-11
 83.0   23300.00   .4236271E-11
 83.0   23310.00   .4236386E-11
 83.0   23320.00   .4236499E-11
 83.0   23330.00   .4236614E-11
 83.0   23340.00   .4236732E-11
 83.0   23350.00   .4236851E-11
 83.0   23360.00   .4236973E-11
 83.0   23370.00   .4237093E-11
 83.0   23380.00   .4237215E-11
 83.0   23390.00   .4237341E-11
 83.0   23400.00   .4237463E-11
 83.0   23410.00   .4237589E-11
 83.0   23420.00   .4237718E-11
 83.0   23430.00   .4237849E-11
 83.0   23440.00   .4237974E-11
 83.0   23450.00   .4238109E-11
 83.0   23460.00   .4238241E-11
 83.0   23470.00   .4238377E-11
 83.0   23480.00   .4238510E-11
 83.0   23490.00   .4238648E-11
 83.0   23500.00   .4238783E-11
 83.0   23510.00   .4238922E-11
 83.0   23520.00   .4239060E-11
 83.0   23530.00   .4239200E-11
 83.0   23540.00   .4239345E-11
 83.0   23550.00   .4239487E-11
 83.0   23560.00   .4239632E-11
 83.0   23570.00   .4239777E-11
 83.0   23580.00   .4239924E-11
 83.0   23590.00   .4240073E-11
 83.0   23600.00   .4240219E-11
 83.0   23610.00   .4240370E-11
 83.0   23620.00   .4240518E-11
 83.0   23630.00   .4240670E-11
 83.0   23640.00   .4240825E-11
 83.0   23650.00   .4240979E-11
 83.0   23660.00   .4241131E-11
 83.0   23670.00   .4241289E-11
 83.0   23680.00   .4241447E-11
 83.0   23690.00   .4241606E-11
 83.0   23700.00   .4241764E-11
 83.0   23710.00   .4241928E-11
 83.0   23720.00   .4242089E-11
 83.0   23730.00   .4242251E-11
 83.0   23740.00   .4242414E-11
 83.0   23750.00   .4242581E-11
 83.0   23760.00   .4242745E-11
 83.0   23770.00   .4242910E-11
 83.0   23780.00   .4243077E-11
 83.0   23790.00   .4243246E-11
 83.0   23800.00   .4243417E-11
 83.0   23810.00   .4243589E-11
 83.0   23820.00   .4243758E-11
 83.0   23830.00   .4243932E-11
 83.0   23840.00   .4244105E-11
 83.0   23850.00   .4244277E-11
 83.0   23860.00   .4244456E-11
 83.0   23870.00   .4244631E-11
 83.0   23880.00   .4244808E-11
 83.0   23890.00   .4244986E-11
 83.0   23900.00   .4245163E-11
 83.0   23910.00   .4245346E-11
 83.0   23920.00   .4245524E-11
 83.0   23930.00   .4245706E-11
 83.0   23940.00   .4245890E-11
 83.0   23950.00   .4246074E-11
 83.0   23960.00   .4246258E-11
 83.0   23970.00   .4246442E-11
 83.0   23980.00   .4246626E-11
 83.0   23990.00   .4246815E-11
 83.0   24000.00   .4247003E-11
 83.0   24010.00   .4247191E-11
 83.0   24020.00   .4247382E-11
 83.0   24030.00   .4247571E-11
 83.0   24040.00   .4247764E-11
 83.0   24050.00   .4247954E-11
 83.0   24060.00   .4248148E-11
 83.0   24070.00   .4248340E-11
 83.0   24080.00   .4248533E-11
 83.0   24090.00   .4248729E-11
 83.0   24100.00   .4248924E-11
 83.0   24110.00   .4249122E-11
 83.0   24120.00   .4249317E-11
 83.0   24130.00   .4249517E-11
 83.0   24140.00   .4249717E-11
 83.0   24150.00   .4249916E-11
 83.0   24160.00   .4250116E-11
 83.0   24170.00   .4250316E-11
 83.0   24180.00   .4250516E-11
 83.0   24190.00   .4250719E-11
 83.0   24200.00   .4250923E-11
 83.0   24210.00   .4251127E-11
 83.0   24220.00   .4251330E-11
 83.0   24230.00   .4251536E-11
 83.0   24240.00   .4251745E-11
 83.0   24250.00   .4251949E-11
 83.0   24260.00   .4252155E-11
 83.0   24270.00   .4252362E-11
 83.0   24280.00   .4252573E-11
 83.0   24290.00   .4252781E-11
 83.0   24300.00   .4252990E-11
 83.0   24310.00   .4253202E-11
 83.0   24320.00   .4253413E-11
 83.0   24330.00   .4253625E-11
 83.0   24340.00   .4253835E-11
 83.0   24350.00   .4254050E-11
 83.0   24360.00   .4254263E-11
 83.0   24370.00   .4254474E-11
 83.0   24380.00   .4254692E-11
 83.0   24390.00   .4254907E-11
 83.0   24400.00   .4255124E-11
 83.0   24410.00   .4255339E-11
 83.0   24420.00   .4255556E-11
 83.0   24430.00   .4255774E-11
 83.0   24440.00   .4255990E-11
 83.0   24450.00   .4256211E-11
 83.0   24460.00   .4256427E-11
 83.0   24470.00   .4256647E-11
 83.0   24480.00   .4256865E-11
 83.0   24490.00   .4257088E-11
 83.0   24500.00   .4257309E-11
 83.0   24510.00   .4257530E-11
 83.0   24520.00   .4257752E-11
 83.0   24530.00   .4257975E-11
 83.0   24540.00   .4258196E-11
 83.0   24550.00   .4258419E-11
 83.0   24560.00   .4258646E-11
 83.0   24570.00   .4258870E-11
 83.0   24580.00   .4259093E-11
 83.0   24590.00   .4259319E-11
 83.0   24600.00   .4259546E-11
 83.0   24610.00   .4259773E-11
 83.0   24620.00   .4259998E-11
 83.0   24630.00   .4260225E-11
 83.0   24640.00   .4260452E-11
 83.0   24650.00   .4260680E-11
 83.0   24660.00   .4260908E-11
 83.0   24670.00   .4261138E-11
 83.0   24680.00   .4261365E-11
 83.0   24690.00   .4261593E-11
 83.0   24700.00   .4261824E-11
 83.0   24710.00   .4262052E-11
 83.0   24720.00   .4262282E-11
 83.0   24730.00   .4262513E-11
 83.0   24740.00   .4262744E-11
 83.0   24750.00   .4262976E-11
 83.0   24760.00   .4263208E-11
 83.0   24770.00   .4263439E-11
 83.0   24780.00   .4263671E-11
 83.0   24790.00   .4263904E-11
 83.0   24800.00   .4264138E-11
 83.0   24810.00   .4264368E-11
 83.0   24820.00   .4264603E-11
 83.0   24830.00   .4264838E-11
 83.0   24840.00   .4265069E-11
 83.0   24850.00   .4265303E-11
 83.0   24860.00   .4265539E-11
 83.0   24870.00   .4265773E-11
 83.0   24880.00   .4266008E-11
 83.0   24890.00   .4266242E-11
 83.0   24900.00   .4266477E-11
 83.0   24910.00   .4266714E-11
 83.0   24920.00   .4266950E-11
 83.0   24930.00   .4267185E-11
 83.0   24940.00   .4267422E-11
 83.0   24950.00   .4267656E-11
 83.0   24960.00   .4267894E-11
 83.0   24970.00   .4268132E-11
 83.0   24980.00   .4268368E-11
 83.0   24990.00   .4268606E-11
 83.0   25000.00   .4268843E-11
