100 .5108374E-14
101 .1946484E-13
102 .5191947E-13
103 .1138474E-12
104 .2198613E-12
105 .3878803E-12
106 .6390460E-12
107 .9974648E-12
108 .1489778E-11
109 .2144553E-11
110 .2991497E-11
111 .4060518E-11
112 .5380625E-11
113 .6978726E-11
114 .8878332E-11
115 .1109820E-10
116 .1365097E-10
117 .1654185E-10
118 .1976739E-10
119 .2331432E-10
120 .2715875E-10
121 .3126545E-10
122 .3558738E-10
123 .4006587E-10
124 .4463088E-10
125 .4920168E-10
126 .5369705E-10
127 .5806788E-10
128 .6228118E-10
129 .6631321E-10
130 .7014962E-10
131 .7378594E-10
132 .7722698E-10
133 .8048674E-10
134 .8358794E-10
135 .8656135E-10
136 .8944542E-10
137 .9228547E-10
138 .9513240E-10
139 .9800942E-10
140 .1009082E-09
141 .1038178E-09
142 .1067270E-09
143 .1096239E-09
144 .1124964E-09
145 .1153323E-09
146 .1181193E-09
147 .1208456E-09
148 .1234996E-09
149 .1260698E-09
150 .1285455E-09
151 .1309184E-09
152 .1331903E-09
153 .1353657E-09
154 .1374493E-09
155 .1394462E-09
156 .1413616E-09
157 .1432010E-09
158 .1449700E-09
159 .1466747E-09
160 .1483210E-09
161 .1499154E-09
162 .1514644E-09
163 .1529747E-09
164 .1544534E-09
165 .1559076E-09
166 .1573449E-09
167 .1587729E-09
168 .1601997E-09
169 .1616338E-09
170 .1630837E-09
171 .1645584E-09
172 .1660675E-09
173 .1676206E-09
174 .1692281E-09
175 .1709007E-09
176 .1726475E-09
177 .1744701E-09
178 .1763677E-09
179 .1783397E-09
180 .1803853E-09
181 .1825037E-09
182 .1846940E-09
183 .1869551E-09
184 .1892859E-09
185 .1916852E-09
186 .1941517E-09
187 .1966839E-09
188 .1992801E-09
189 .2019389E-09
190 .2046581E-09
191 .2074357E-09
192 .2102697E-09
193 .2131576E-09
194 .2160969E-09
195 .2190847E-09
196 .2221183E-09
197 .2251944E-09
198 .2283097E-09
199 .2314605E-09
200 .2346431E-09
201 .2378539E-09
202 .2410914E-09
203 .2443548E-09
204 .2476431E-09
205 .2509549E-09
206 .2542892E-09
207 .2576448E-09
208 .2610201E-09
209 .2644138E-09
210 .2678243E-09
211 .2712501E-09
212 .2746894E-09
213 .2781405E-09
214 .2816015E-09
215 .2850707E-09
216 .2885460E-09
217 .2920254E-09
218 .2955068E-09
219 .2989882E-09
220 .3024672E-09
221 .3059417E-09
222 .3094093E-09
223 .3128677E-09
224 .3163145E-09
225 .3197472E-09
226 .3231641E-09
227 .3265657E-09
228 .3299533E-09
229 .3333282E-09
230 .3366921E-09
231 .3400464E-09
232 .3433929E-09
233 .3467333E-09
234 .3500693E-09
235 .3534031E-09
236 .3567366E-09
237 .3600719E-09
238 .3634112E-09
239 .3667569E-09
240 .3701112E-09
241 .3734768E-09
242 .3768561E-09
243 .3802518E-09
244 .3836666E-09
245 .3871035E-09
246 .3905653E-09
247 .3940551E-09
248 .3975759E-09
249 .4011311E-09
250 .4047238E-09
251 .4668853E-09
252 .5342628E-09
253 .5676400E-09
254 .5507357E-09
255 .5453383E-09
256 .5208231E-09
257 .4645459E-09
258 .4373352E-09
259 .4505045E-09
260 .4736686E-09
261 .4903779E-09
262 .4635272E-09
263 .4459092E-09
264 .4896493E-09
265 .5613641E-09
266 .5761141E-09
267 .6059286E-09
268 .6962465E-09
269 .7781147E-09
270 .8350763E-09
271 .9101561E-09
272 .9842045E-09
273 .1046171E-08
274 .1112983E-08
275 .1113765E-08
276 .1030133E-08
277 .1004442E-08
278 .1042754E-08
279 .1090090E-08
280 .1154659E-08
281 .1329354E-08
282 .1482906E-08
283 .1597432E-08
284 .1719300E-08
285 .1789319E-08
286 .1945448E-08
287 .2155358E-08
288 .2386939E-08
289 .2587162E-08
290 .2818316E-08
291 .3022550E-08
292 .3127809E-08
293 .3232679E-08
294 .3327465E-08
295 .3331994E-08
296 .3306542E-08
297 .3241240E-08
298 .3072898E-08
299 .2871140E-08
300 .2688131E-08
301 .2557644E-08
302 .2480990E-08
303 .2505938E-08
304 .2522124E-08
305 .2356549E-08
306 .2367641E-08
307 .2579459E-08
308 .2704660E-08
309 .2727743E-08
310 .2734368E-08
311 .2945991E-08
312 .3159068E-08
313 .3408115E-08
314 .3599720E-08
315 .3740438E-08
316 .3958017E-08
317 .4091225E-08
318 .3945688E-08
319 .3712126E-08
320 .3467198E-08
321 .3217787E-08
322 .3099688E-08
323 .2948115E-08
324 .2825862E-08
325 .2691074E-08
326 .2668231E-08
327 .2671738E-08
328 .2643955E-08
329 .2701626E-08
330 .2765576E-08
331 .2833248E-08
332 .2956838E-08
333 .3136883E-08
334 .3242769E-08
335 .3355727E-08
336 .3460709E-08
337 .3502225E-08
338 .3511032E-08
339 .3490576E-08
340 .3596523E-08
341 .3673696E-08
342 .3768582E-08
343 .3880251E-08
344 .4057691E-08
345 .4181809E-08
346 .4381206E-08
347 .4573226E-08
348 .4711508E-08
349 .4916708E-08
350 .5187140E-08
351 .5487489E-08
352 .5688314E-08
353 .5872290E-08
354 .6018098E-08
355 .6085975E-08
356 .6143319E-08
357 .6119179E-08
358 .6085540E-08
359 .6014007E-08
360 .5879573E-08
361 .5754854E-08
362 .5624964E-08
363 .5544684E-08
364 .5475615E-08
365 .5335617E-08
366 .5099845E-08
367 .4822925E-08
368 .4421107E-08
369 .3992880E-08
370 .3582254E-08
371 .3278985E-08
372 .3096345E-08
373 .2989700E-08
374 .3024261E-08
375 .3035329E-08
376 .2998941E-08
377 .2996373E-08
378 .2990858E-08
379 .2982000E-08
380 .3053677E-08
381 .3208310E-08
382 .3462755E-08
383 .3828095E-08
384 .4264977E-08
385 .4747694E-08
386 .5207806E-08
387 .5684554E-08
388 .6210209E-08
389 .6515695E-08
390 .6840572E-08
391 .7057492E-08
392 .7327618E-08
393 .7478438E-08
394 .7390798E-08
395 .7257499E-08
396 .6980193E-08
397 .6572228E-08
398 .6249231E-08
399 .6048060E-08
400 .5911651E-08
401 .5903552E-08
402 .6021712E-08
403 .6193045E-08
404 .6420922E-08
405 .6704822E-08
406 .6969310E-08
407 .7256306E-08
408 .7433911E-08
409 .7472554E-08
410 .7530700E-08
411 .7475281E-08
412 .7384325E-08
413 .7259285E-08
414 .7165325E-08
415 .7076782E-08
416 .6983911E-08
417 .6877197E-08
418 .6755792E-08
419 .6618375E-08
420 .6424200E-08
421 .6238215E-08
422 .6036708E-08
423 .5830665E-08
424 .5624428E-08
425 .5453443E-08
426 .5198804E-08
427 .5025064E-08
428 .4781242E-08
429 .4592935E-08
430 .4456956E-08
431 .4426117E-08
432 .4411881E-08
433 .4505031E-08
434 .4640313E-08
435 .4757967E-08
436 .4878854E-08
437 .4977606E-08
438 .5010421E-08
439 .4963702E-08
440 .4907994E-08
441 .4892270E-08
442 .4876935E-08
443 .4931347E-08
444 .5054697E-08
445 .5233884E-08
446 .5423682E-08
447 .5644095E-08
448 .5807145E-08
449 .5939191E-08
450 .6092468E-08
451 .6203017E-08
452 .6238955E-08
453 .6237361E-08
454 .6231327E-08
455 .6210675E-08
456 .6190176E-08
457 .6146300E-08
458 .6132266E-08
459 .6103099E-08
460 .6073538E-08
461 .6012057E-08
462 .5854198E-08
463 .5648862E-08
464 .5426100E-08
465 .5217694E-08
466 .5028776E-08
467 .4854276E-08
468 .4705285E-08
469 .4677377E-08
470 .4663942E-08
471 .4573699E-08
472 .4479208E-08
473 .4365698E-08
474 .4252726E-08
475 .4146248E-08
476 .4099386E-08
477 .4085255E-08
478 .4079104E-08
479 .4046432E-08
480 .3970393E-08
481 .3861908E-08
482 .3726968E-08
483 .3558960E-08
484 .3388679E-08
485 .3239080E-08
486 .3149456E-08
487 .3117660E-08
488 .3132480E-08
489 .3171988E-08
490 .3220686E-08
491 .3292551E-08
492 .3385613E-08
493 .3463753E-08
494 .3486735E-08
495 .3480730E-08
496 .3473357E-08
497 .3470931E-08
498 .3464450E-08
499 .3471958E-08
500 .3492304E-08
501 .3513148E-08
502 .3562873E-08
503 .3631585E-08
504 .3716208E-08
505 .3815407E-08
506 .3923784E-08
507 .4032917E-08
508 .4139986E-08
509 .4242460E-08
510 .4302662E-08
511 .4346372E-08
512 .4346748E-08
513 .4341874E-08
514 .4317489E-08
515 .4292845E-08
516 .4291652E-08
517 .4276666E-08
518 .4268873E-08
519 .4259586E-08
520 .4230017E-08
521 .4150796E-08
522 .4019584E-08
523 .3847352E-08
524 .3650059E-08
525 .3471820E-08
526 .3311788E-08
527 .3165152E-08
528 .3069573E-08
529 .2998584E-08
530 .2971337E-08
531 .2978751E-08
532 .3034208E-08
533 .3105465E-08
534 .3160232E-08
535 .3191782E-08
536 .3225859E-08
537 .3249787E-08
538 .3228147E-08
539 .3184329E-08
540 .3143694E-08
541 .3067989E-08
542 .2965819E-08
543 .2868003E-08
544 .2776479E-08
545 .2721913E-08
546 .2698084E-08
547 .2714872E-08
548 .2773022E-08
549 .2880041E-08
550 .2989433E-08
551 .3125873E-08
552 .3278311E-08
553 .3396324E-08
554 .3482688E-08
555 .3544404E-08
556 .3592932E-08
557 .3615664E-08
558 .3641894E-08
559 .3660849E-08
560 .3655546E-08
561 .3659276E-08
562 .3653602E-08
563 .3642869E-08
564 .3634578E-08
565 .3627664E-08
566 .3615374E-08
567 .3600374E-08
568 .3590126E-08
569 .3556990E-08
570 .3506250E-08
571 .3433892E-08
572 .3338201E-08
573 .3254577E-08
574 .3170339E-08
575 .3109287E-08
576 .3063494E-08
577 .3041254E-08
578 .3040506E-08
579 .3049084E-08
580 .3066912E-08
581 .3113829E-08
582 .3178668E-08
583 .3219085E-08
584 .3257490E-08
585 .3293884E-08
586 .3317460E-08
587 .3374181E-08
588 .3397029E-08
589 .3389720E-08
590 .3365613E-08
591 .3393665E-08
592 .3434157E-08
593 .3448353E-08
594 .3448973E-08
595 .3443191E-08
596 .3436410E-08
597 .3411768E-08
598 .3367464E-08
599 .3327218E-08
600 .3243929E-08
601 .3145774E-08
602 .3018147E-08
603 .2882806E-08
604 .2732045E-08
605 .2526203E-08
606 .2320622E-08
607 .2061332E-08
608 .1833488E-08
609 .1631788E-08
610 .1477029E-08
611 .1367574E-08
612 .1288834E-08
613 .1266061E-08
614 .1273595E-08
615 .1325151E-08
616 .1403175E-08
617 .1511971E-08
618 .1640838E-08
619 .1790278E-08
620 .1949584E-08
621 .2109040E-08
622 .2245306E-08
623 .2386716E-08
624 .2496879E-08
625 .2636627E-08
626 .2738203E-08
627 .2817026E-08
628 .2855875E-08
629 .2944711E-08
630 .2990734E-08
631 .3020882E-08
632 .3040252E-08
633 .3047775E-08
634 .3053210E-08
635 .3057649E-08
636 .3049456E-08
637 .3034844E-08
638 .3005443E-08
639 .2986847E-08
640 .2955779E-08
641 .2932109E-08
642 .2894288E-08
643 .2845294E-08
644 .2811190E-08
645 .2772872E-08
646 .2739121E-08
647 .2700054E-08
648 .2655011E-08
649 .2626603E-08
650 .2590191E-08
651 .2607344E-08
652 .2574324E-08
653 .2551544E-08
654 .2546442E-08
655 .2512877E-08
656 .2482344E-08
657 .2413721E-08
658 .2394391E-08
659 .2336220E-08
660 .2291485E-08
661 .2241580E-08
662 .2201772E-08
663 .2145616E-08
664 .2107560E-08
665 .2077721E-08
666 .2021547E-08
667 .1982947E-08
668 .1951219E-08
669 .1910808E-08
670 .1857191E-08
671 .1819772E-08
672 .1791203E-08
673 .1738313E-08
674 .1680000E-08
675 .1685933E-08
676 .1634069E-08
677 .1621570E-08
678 .1600338E-08
679 .1573284E-08
680 .1567429E-08
681 .1561918E-08
682 .1546223E-08
683 .1533336E-08
684 .1529029E-08
685 .1505116E-08
686 .1491524E-08
687 .1452315E-08
688 .1420767E-08
689 .1389353E-08
690 .1358072E-08
691 .1326927E-08
692 .1320608E-08
693 .1327965E-08
694 .1307542E-08
695 .1311335E-08
696 .1280392E-08
697 .1282046E-08
698 .1256367E-08
699 .1227266E-08
700 .1216016E-08
701 .1213405E-08
702 .1185727E-08
703 .1180927E-08
704 .1178742E-08
705 .1158678E-08
706 .1166204E-08
707 .1150488E-08
708 .1147006E-08
709 .1145768E-08
710 .1135030E-08
711 .1120154E-08
712 .1116353E-08
713 .1115709E-08
714 .1103114E-08
715 .1108887E-08
716 .1099445E-08
717 .1045923E-08
718 .1017055E-08
719 .9860122E-09
720 .9840653E-09
721 .1032580E-08
722 .1042217E-08
723 .1014426E-08
724 .9624464E-09
725 .9752168E-09
726 .9719333E-09
727 .9639400E-09
728 .9493361E-09
729 .9227726E-09
730 .9234298E-09
731 .8960483E-09
732 .8898154E-09
733 .8836864E-09
734 .8702034E-09
735 .8440700E-09
736 .8273613E-09
737 .8011655E-09
738 .8007853E-09
739 .7836834E-09
740 .7661662E-09
741 .7566758E-09
742 .7474783E-09
743 .6972658E-09
744 .6552814E-09
745 .6261095E-09
746 .5980500E-09
747 .5889745E-09
748 .5862134E-09
749 .5952067E-09
750 .6061533E-09
751 .6234952E-09
752 .6308054E-09
753 .6363106E-09
754 .6402440E-09
755 .6461406E-09
756 .6473423E-09
757 .6560700E-09
758 .6599731E-09
759 .6316257E-09
760 .6355051E-09
761 .6393748E-09
762 .6432349E-09
763 .6470855E-09
764 .6509267E-09
765 .6547586E-09
766 .6585815E-09
767 .6623954E-09
768 .6761516E-09
769 .6944627E-09
770 .7210925E-09
771 .7304869E-09
772 .7421931E-09
773 .7464632E-09
774 .7549258E-09
775 .7663193E-09
776 .7736124E-09
777 .7762131E-09
778 .7890120E-09
779 .7978642E-09
780 .8022966E-09
781 .8077302E-09
782 .8141504E-09
783 .8113681E-09
784 .8212208E-09
785 .8282928E-09
786 .8175479E-09
787 .8238120E-09
788 .8177034E-09
789 .8092142E-09
790 .8061909E-09
791 .8038805E-09
792 .7978511E-09
793 .7954367E-09
794 .7961357E-09
795 .7927875E-09
796 .7825555E-09
797 .7914949E-09
798 .7810976E-09
799 .7821101E-09
800 .7729655E-09
801 .7694605E-09
802 .7511583E-09
803 .7396001E-09
804 .7203146E-09
805 .7200417E-09
806 .7085694E-09
807 .7057933E-09
808 .6988537E-09
809 .7242167E-09
810 .7195731E-09
811 .7199469E-09
812 .7135710E-09
813 .7089607E-09
814 .7031634E-09
815 .7042336E-09
816 .6923210E-09
817 .6695552E-09
818 .6437055E-09
819 .6091778E-09
820 .5953429E-09
821 .5516880E-09
822 .5333388E-09
823 .5103666E-09
824 .5007811E-09
825 .4827722E-09
826 .4636799E-09
827 .4628106E-09
828 .4760285E-09
829 .4753362E-09
830 .4873440E-09
831 .4791089E-09
832 .4886901E-09
833 .4915396E-09
834 .4960449E-09
835 .4662459E-09
836 .4808341E-09
837 .4789911E-09
838 .4883695E-09
839 .4939484E-09
840 .5180079E-09
841 .5351453E-09
842 .5582055E-09
843 .5802497E-09
844 .5980370E-09
845 .6186713E-09
846 .6397893E-09
847 .6575080E-09
848 .6756368E-09
849 .6896423E-09
850 .7054059E-09
851 .7069458E-09
852 .7087423E-09
853 .7182724E-09
854 .7180561E-09
855 .7235488E-09
856 .7161256E-09
857 .7239656E-09
858 .7225286E-09
859 .7253765E-09
860 .7187638E-09
861 .7184745E-09
862 .7119133E-09
863 .7076031E-09
864 .7047844E-09
865 .7012785E-09
866 .7028719E-09
867 .6993093E-09
868 .7044701E-09
869 .7060005E-09
870 .7015557E-09
871 .6969887E-09
872 .6901511E-09
873 .6893184E-09
874 .6861601E-09
875 .6912201E-09
876 .6893268E-09
877 .6860958E-09
878 .6738722E-09
879 .6747257E-09
880 .6631039E-09
881 .6673914E-09
882 .6559067E-09
883 .6507594E-09
884 .6390304E-09
885 .6090474E-09
886 .5994932E-09
887 .5672975E-09
888 .5476357E-09
889 .5372099E-09
890 .5183907E-09
891 .5151008E-09
892 .5073423E-09
893 .5067818E-09
894 .5134683E-09
895 .5131615E-09
896 .5078707E-09
897 .5172695E-09
898 .5011119E-09
899 .4906879E-09
900 .4837234E-09
901 .4727278E-09
902 .4667721E-09
903 .4741799E-09
904 .4761681E-09
905 .4689463E-09
906 .4672742E-09
907 .4587057E-09
908 .4509951E-09
909 .4493848E-09
910 .4429136E-09
911 .4423736E-09
912 .4404465E-09
913 .4378388E-09
914 .4375548E-09
915 .4358587E-09
916 .4275381E-09
917 .4363215E-09
918 .4362326E-09
919 .4445276E-09
920 .4401500E-09
921 .4486318E-09
922 .4498263E-09
923 .4489918E-09
924 .4413308E-09
925 .4418311E-09
926 .4433800E-09
927 .4375299E-09
928 .4235572E-09
929 .4152610E-09
930 .3952524E-09
931 .3680388E-09
932 .3346605E-09
933 .3236669E-09
934 .2988035E-09
935 .2968554E-09
936 .2886432E-09
937 .2969217E-09
938 .2949133E-09
939 .3201658E-09
940 .3287807E-09
941 .3230309E-09
942 .3203843E-09
943 .3075128E-09
944 .2977261E-09
945 .2947662E-09
946 .2829926E-09
947 .2828805E-09
948 .2831179E-09
949 .2839795E-09
950 .2644653E-09
951 .2815687E-09
952 .2645937E-09
953 .2666198E-09
954 .2703681E-09
955 .2656850E-09
956 .2619839E-09
957 .2552638E-09
958 .2590923E-09
959 .2461719E-09
960 .2505218E-09
961 .2506007E-09
962 .2497654E-09
963 .2482693E-09
964 .2464844E-09
965 .2426640E-09
966 .2475961E-09
967 .2377654E-09
968 .2411586E-09
969 .2386752E-09
970 .2385612E-09
971 .2422955E-09
972 .2365585E-09
973 .2379413E-09
974 .2306923E-09
975 .2276537E-09
976 .2219725E-09
977 .2242602E-09
978 .2190879E-09
979 .2171409E-09
980 .2184447E-09
981 .2133407E-09
982 .2138967E-09
983 .2146006E-09
984 .2149826E-09
985 .2118530E-09
986 .2092648E-09
987 .2065086E-09
988 .2090114E-09
989 .2024965E-09
990 .2026170E-09
991 .1970368E-09
992 .2015603E-09
993 .1935946E-09
994 .1940540E-09
995 .1992100E-09
996 .1918470E-09
997 .1887930E-09
998 .1857673E-09
999 .1834759E-09
1000 .1819127E-09
1001 .1817085E-09
1002 .1815044E-09
1003 .1813002E-09
1004 .1810962E-09
1005 .1808924E-09
1006 .1806886E-09
1007 .1804847E-09
1008 .1802807E-09
1009 .1800769E-09
1010 .1798732E-09
1011 .1796696E-09
1012 .1794658E-09
1013 .1792620E-09
1014 .1790580E-09
1015 .1788544E-09
1016 .1786506E-09
1017 .1784468E-09
1018 .1782428E-09
1019 .1780390E-09
1020 .1778349E-09
1021 .1776311E-09
1022 .1774270E-09
1023 .1772227E-09
1024 .1770186E-09
1025 .1768143E-09
1026 .1766099E-09
1027 .1764052E-09
1028 .1762007E-09
1029 .1759961E-09
1030 .1757913E-09
1031 .1755862E-09
1032 .1753811E-09
1033 .1751762E-09
1034 .1749707E-09
1035 .1747653E-09
1036 .1745597E-09
1037 .1743538E-09
1038 .1741479E-09
1039 .1739419E-09
1040 .1737356E-09
1041 .1735293E-09
1042 .1733226E-09
1043 .1731158E-09
1044 .1729088E-09
1045 .1727016E-09
1046 .1724944E-09
1047 .1722870E-09
1048 .1720793E-09
1049 .1718713E-09
1050 .1716634E-09
1051 .1714553E-09
1052 .1712471E-09
1053 .1710388E-09
1054 .1708300E-09
1055 .1706215E-09
1056 .1704128E-09
1057 .1702038E-09
1058 .1699949E-09
1059 .1697854E-09
1060 .1695762E-09
1061 .1693671E-09
1062 .1691578E-09
1063 .1689481E-09
1064 .1687388E-09
1065 .1685291E-09
1066 .1683194E-09
1067 .1681095E-09
1068 .1678998E-09
1069 .1676901E-09
1070 .1674799E-09
1071 .1672698E-09
1072 .1670598E-09
1073 .1668499E-09
1074 .1666398E-09
1075 .1664295E-09
1076 .1662195E-09
1077 .1660091E-09
1078 .1657992E-09
1079 .1655889E-09
1080 .1653789E-09
1081 .1651687E-09
1082 .1649586E-09
1083 .1647484E-09
1084 .1645381E-09
1085 .1643280E-09
1086 .1641178E-09
1087 .1639080E-09
1088 .1636978E-09
1089 .1634880E-09
1090 .1632779E-09
1091 .1630681E-09
1092 .1628582E-09
1093 .1626485E-09
1094 .1624389E-09
1095 .1622291E-09
1096 .1620195E-09
1097 .1618102E-09
1098 .1616006E-09
1099 .1613914E-09
1100 .1611821E-09
1101 .1609731E-09
1102 .1607640E-09
1103 .1605551E-09
1104 .1603461E-09
1105 .1601375E-09
1106 .1599288E-09
1107 .1597203E-09
1108 .1595118E-09
1109 .1593038E-09
1110 .1590957E-09
1111 .1588877E-09
1112 .1586800E-09
1113 .1584723E-09
1114 .1582649E-09
1115 .1580576E-09
1116 .1578502E-09
1117 .1576433E-09
1118 .1574365E-09
1119 .1572298E-09
1120 .1570235E-09
1121 .1568169E-09
1122 .1566108E-09
1123 .1564049E-09
1124 .1561991E-09
1125 .1559937E-09
1126 .1557882E-09
1127 .1555831E-09
1128 .1553783E-09
1129 .1551736E-09
1130 .1549690E-09
1131 .1548292E-09
1132 .1546895E-09
1133 .1545499E-09
1134 .1544105E-09
1135 .1542709E-09
1136 .1541316E-09
1137 .1539927E-09
1138 .1538537E-09
1139 .1537149E-09
1140 .1535761E-09
1141 .1534376E-09
1142 .1532994E-09
1143 .1531609E-09
1144 .1530230E-09
1145 .1528851E-09
1146 .1527473E-09
1147 .1526098E-09
1148 .1524724E-09
1149 .1523351E-09
1150 .1521982E-09
1151 .1520612E-09
1152 .1519248E-09
1153 .1517883E-09
1154 .1516521E-09
1155 .1515159E-09
1156 .1513803E-09
1157 .1512445E-09
1158 .1511093E-09
1159 .1509740E-09
1160 .1508391E-09
1161 .1507045E-09
1162 .1505700E-09
1163 .1504357E-09
1164 .1503019E-09
1165 .1501681E-09
1166 .1500343E-09
1167 .1499012E-09
1168 .1497683E-09
1169 .1496357E-09
1170 .1495032E-09
1171 .1493709E-09
1172 .1492392E-09
1173 .1491074E-09
1174 .1489762E-09
1175 .1488450E-09
1176 .1487143E-09
1177 .1485837E-09
1178 .1484536E-09
1179 .1483238E-09
1180 .1481942E-09
1181 .1480649E-09
1182 .1479360E-09
1183 .1478073E-09
1184 .1476790E-09
1185 .1475511E-09
1186 .1474233E-09
1187 .1472960E-09
1188 .1471691E-09
1189 .1470424E-09
1190 .1469162E-09
1191 .1467901E-09
1192 .1466644E-09
1193 .1465391E-09
1194 .1464143E-09
1195 .1462899E-09
1196 .1461656E-09
1197 .1460419E-09
1198 .1459184E-09
1199 .1457955E-09
1200 .1456727E-09
1201 .1455503E-09
1202 .1454284E-09
1203 .1453070E-09
1204 .1451859E-09
1205 .1450652E-09
1206 .1449449E-09
1207 .1448249E-09
1208 .1447056E-09
1209 .1445865E-09
1210 .1444677E-09
1211 .1443496E-09
1212 .1442316E-09
1213 .1441143E-09
1214 .1439974E-09
1215 .1438810E-09
1216 .1437649E-09
1217 .1436492E-09
1218 .1435338E-09
1219 .1434194E-09
1220 .1433049E-09
1221 .1431912E-09
1222 .1430779E-09
1223 .1429649E-09
1224 .1428526E-09
1225 .1427406E-09
1226 .1426292E-09
1227 .1425180E-09
1228 .1424076E-09
1229 .1422976E-09
1230 .1421881E-09
1231 .1420792E-09
1232 .1419706E-09
1233 .1418625E-09
1234 .1417551E-09
1235 .1416479E-09
1236 .1415413E-09
1237 .1414353E-09
1238 .1413299E-09
1239 .1412249E-09
1240 .1411204E-09
1241 .1410166E-09
1242 .1409133E-09
1243 .1408105E-09
1244 .1407082E-09
1245 .1406065E-09
1246 .1405052E-09
1247 .1404045E-09
1248 .1403043E-09
1249 .1402048E-09
1250 .1401060E-09
1251 .1400729E-09
1252 .1400405E-09
1253 .1400084E-09
1254 .1399766E-09
1255 .1399450E-09
1256 .1399140E-09
1257 .1398833E-09
1258 .1398533E-09
1259 .1398234E-09
1260 .1397940E-09
1261 .1397648E-09
1262 .1397362E-09
1263 .1397080E-09
1264 .1396804E-09
1265 .1396531E-09
1266 .1396263E-09
1267 .1395998E-09
1268 .1395738E-09
1269 .1395481E-09
1270 .1395231E-09
1271 .1394986E-09
1272 .1394745E-09
1273 .1394507E-09
1274 .1394275E-09
1275 .1394048E-09
1276 .1393824E-09
1277 .1393606E-09
1278 .1393394E-09
1279 .1393185E-09
1280 .1392983E-09
1281 .1392787E-09
1282 .1392595E-09
1283 .1392406E-09
1284 .1392224E-09
1285 .1392045E-09
1286 .1391874E-09
1287 .1391708E-09
1288 .1391548E-09
1289 .1391390E-09
1290 .1391240E-09
1291 .1391094E-09
1292 .1390955E-09
1293 .1390819E-09
1294 .1390689E-09
1295 .1390564E-09
1296 .1390445E-09
1297 .1390331E-09
1298 .1390222E-09
1299 .1390117E-09
1300 .1390017E-09
1301 .1389923E-09
1302 .1389835E-09
1303 .1389750E-09
1304 .1389672E-09
1305 .1389600E-09
1306 .1389531E-09
1307 .1389467E-09
1308 .1389410E-09
1309 .1389355E-09
1310 .1389307E-09
1311 .1389265E-09
1312 .1389228E-09
1313 .1389192E-09
1314 .1389164E-09
1315 .1389141E-09
1316 .1389122E-09
1317 .1389111E-09
1318 .1389101E-09
1319 .1389097E-09
1320 .1389100E-09
1321 .1389106E-09
1322 .1389116E-09
1323 .1389133E-09
1324 .1389153E-09
1325 .1389178E-09
1326 .1389210E-09
1327 .1389244E-09
1328 .1389286E-09
1329 .1389329E-09
1330 .1389381E-09
1331 .1389436E-09
1332 .1389494E-09
1333 .1389558E-09
1334 .1389628E-09
1335 .1389700E-09
1336 .1389778E-09
1337 .1389863E-09
1338 .1389949E-09
1339 .1390043E-09
1340 .1390140E-09
1341 .1390241E-09
1342 .1390348E-09
1343 .1390460E-09
1344 .1390575E-09
1345 .1390696E-09
1346 .1390820E-09
1347 .1390951E-09
1348 .1391084E-09
1349 .1391221E-09
1350 .1391365E-09
1351 .1391514E-09
1352 .1391666E-09
1353 .1391823E-09
1354 .1391984E-09
1355 .1392149E-09
1356 .1392320E-09
1357 .1392492E-09
1358 .1392672E-09
1359 .1392856E-09
1360 .1393046E-09
1361 .1393236E-09
1362 .1393433E-09
1363 .1393634E-09
1364 .1393839E-09
1365 .1394049E-09
1366 .1394263E-09
1367 .1394482E-09
1368 .1394705E-09
1369 .1394932E-09
1370 .1395161E-09
1371 .1388054E-09
1372 .1380946E-09
1373 .1373842E-09
1374 .1366738E-09
1375 .1359635E-09
1376 .1352534E-09
1377 .1345434E-09
1378 .1338335E-09
1379 .1331237E-09
1380 .1324140E-09
1381 .1317045E-09
1382 .1309950E-09
1383 .1302858E-09
1384 .1295765E-09
1385 .1288673E-09
1386 .1281582E-09
1387 .1274489E-09
1388 .1267399E-09
1389 .1260310E-09
1390 .1253220E-09
1391 .1246130E-09
1392 .1239041E-09
1393 .1231951E-09
1394 .1224860E-09
1395 .1217771E-09
1396 .1210681E-09
1397 .1203592E-09
1398 .1196502E-09
1399 .1189410E-09
1400 .1182321E-09
1401 .1175229E-09
1402 .1168138E-09
1403 .1161045E-09
1404 .1153951E-09
1405 .1146856E-09
1406 .1139760E-09
1407 .1132663E-09
1408 .1125567E-09
1409 .1118468E-09
1410 .1111369E-09
1411 .1104267E-09
1412 .1097167E-09
1413 .1090062E-09
1414 .1082957E-09
1415 .1075852E-09
1416 .1068743E-09
1417 .1061633E-09
1418 .1054522E-09
1419 .1047407E-09
1420 .1040292E-09
1421 .1033175E-09
1422 .1026056E-09
1423 .1018936E-09
1424 .1011814E-09
1425 .1004687E-09
1426 .9975590E-10
1427 .9904296E-10
1428 .9832961E-10
1429 .9761620E-10
1430 .9690247E-10
1431 .9618843E-10
1432 .9547427E-10
1433 .9475973E-10
1434 .9404489E-10
1435 .9332973E-10
1436 .9261441E-10
1437 .9189862E-10
1438 .9118271E-10
1439 .9046631E-10
1440 .8974986E-10
1441 .8903277E-10
1442 .8831552E-10
1443 .8759792E-10
1444 .8688009E-10
1445 .8616171E-10
1446 .8544310E-10
1447 .8472402E-10
1448 .8400484E-10
1449 .8328501E-10
1450 .8256499E-10
1451 .8184448E-10
1452 .8112360E-10
1453 .8040236E-10
1454 .7968068E-10
1455 .7895862E-10
1456 .7823618E-10
1457 .7751335E-10
1458 .7679004E-10
1459 .7606633E-10
1460 .7534221E-10
1461 .7461753E-10
1462 .7389255E-10
1463 .7316711E-10
1464 .7244114E-10
1465 .7171482E-10
1466 .7098799E-10
1467 .7026065E-10
1468 .6953287E-10
1469 .6880460E-10
1470 .6807587E-10
1471 .6734662E-10
1472 .6661695E-10
1473 .6588666E-10
1474 .6515595E-10
1475 .6442476E-10
1476 .6369300E-10
1477 .6296077E-10
1478 .6222801E-10
1479 .6149465E-10
1480 .6076088E-10
1481 .6002654E-10
1482 .5929158E-10
1483 .5855614E-10
1484 .5782014E-10
1485 .5708353E-10
1486 .5634642E-10
1487 .5560878E-10
1488 .5487053E-10
1489 .5413172E-10
1490 .5339235E-10
1491 .5265242E-10
1492 .5191182E-10
1493 .5117069E-10
1494 .5042894E-10
1495 .4968661E-10
1496 .4894368E-10
1497 .4820014E-10
1498 .4745603E-10
1499 .4671123E-10
1500 .4596585E-10
1501 .4598637E-10
1502 .4600697E-10
1503 .4602760E-10
1504 .4604831E-10
1505 .4606906E-10
1506 .4608991E-10
1507 .4611078E-10
1508 .4613171E-10
1509 .4615272E-10
1510 .4617376E-10
1511 .4619486E-10
1512 .4621600E-10
1513 .4623723E-10
1514 .4625848E-10
1515 .4627981E-10
1516 .4630119E-10
1517 .4632261E-10
1518 .4634406E-10
1519 .4636558E-10
1520 .4638716E-10
1521 .4640878E-10
1522 .4643045E-10
1523 .4645217E-10
1524 .4647391E-10
1525 .4649570E-10
1526 .4651756E-10
1527 .4653945E-10
1528 .4656135E-10
1529 .4658334E-10
1530 .4660537E-10
1531 .4662743E-10
1532 .4664951E-10
1533 .4667165E-10
1534 .4669384E-10
1535 .4671603E-10
1536 .4673824E-10
1537 .4676055E-10
1538 .4678288E-10
1539 .4680519E-10
1540 .4682761E-10
1541 .4685004E-10
1542 .4687247E-10
1543 .4689496E-10
1544 .4691746E-10
1545 .4693999E-10
1546 .4696260E-10
1547 .4698518E-10
1548 .4700778E-10
1549 .4703048E-10
1550 .4705316E-10
1551 .4707584E-10
1552 .4709857E-10
1553 .4712132E-10
1554 .4714414E-10
1555 .4716689E-10
1556 .4718973E-10
1557 .4721257E-10
1558 .4723540E-10
1559 .4725832E-10
1560 .4728121E-10
1561 .4730412E-10
1562 .4732707E-10
1563 .4734997E-10
1564 .4737295E-10
1565 .4739594E-10
1566 .4741893E-10
1567 .4744191E-10
1568 .4746495E-10
1569 .4748799E-10
1570 .4751101E-10
1571 .4753404E-10
1572 .4755711E-10
1573 .4758017E-10
1574 .4760324E-10
1575 .4762631E-10
1576 .4764939E-10
1577 .4767250E-10
1578 .4769558E-10
1579 .4771865E-10
1580 .4774175E-10
1581 .4776486E-10
1582 .4778798E-10
1583 .4781106E-10
1584 .4783418E-10
1585 .4785725E-10
1586 .4788034E-10
1587 .4790345E-10
1588 .4792652E-10
1589 .4794961E-10
1590 .4797269E-10
1591 .4799573E-10
1592 .4801881E-10
1593 .4804188E-10
1594 .4806490E-10
1595 .4808798E-10
1596 .4811098E-10
1597 .4813398E-10
1598 .4815694E-10
1599 .4817996E-10
1600 .4820293E-10
1601 .4822590E-10
1602 .4824884E-10
1603 .4827176E-10
1604 .4829469E-10
1605 .4831758E-10
1606 .4834044E-10
1607 .4836327E-10
1608 .4838614E-10
1609 .4840895E-10
1610 .4843172E-10
1611 .4845446E-10
1612 .4847723E-10
1613 .4849994E-10
1614 .4852261E-10
1615 .4854529E-10
1616 .4856793E-10
1617 .4859054E-10
1618 .4861310E-10
1619 .4863564E-10
1620 .4865816E-10
1621 .4868068E-10
1622 .4870316E-10
1623 .4872554E-10
1624 .4874795E-10
1625 .4877032E-10
1626 .4878037E-10
1627 .4879045E-10
1628 .4880047E-10
1629 .4881049E-10
1630 .4882042E-10
1631 .4883036E-10
1632 .4884030E-10
1633 .4885021E-10
1634 .4886006E-10
1635 .4886986E-10
1636 .4887965E-10
1637 .4888938E-10
1638 .4889914E-10
1639 .4890881E-10
1640 .4891846E-10
1641 .4892807E-10
1642 .4893764E-10
1643 .4894718E-10
1644 .4895666E-10
1645 .4896610E-10
1646 .4897555E-10
1647 .4898491E-10
1648 .4899423E-10
1649 .4900353E-10
1650 .4901277E-10
1651 .4902195E-10
1652 .4903109E-10
1653 .4904019E-10
1654 .4904926E-10
1655 .4905825E-10
1656 .4906721E-10
1657 .4907613E-10
1658 .4908497E-10
1659 .4909377E-10
1660 .4910252E-10
1661 .4911126E-10
1662 .4911982E-10
1663 .4912843E-10
1664 .4913696E-10
1665 .4914540E-10
1666 .4915381E-10
1667 .4916217E-10
1668 .4917045E-10
1669 .4917868E-10
1670 .4918687E-10
1671 .4919496E-10
1672 .4920300E-10
1673 .4921096E-10
1674 .4921886E-10
1675 .4922675E-10
1676 .4923450E-10
1677 .4924221E-10
1678 .4924984E-10
1679 .4925743E-10
1680 .4926492E-10
1681 .4927235E-10
1682 .4927971E-10
1683 .4928701E-10
1684 .4929425E-10
1685 .4930137E-10
1686 .4930843E-10
1687 .4931545E-10
1688 .4932237E-10
1689 .4932927E-10
1690 .4933600E-10
1691 .4934277E-10
1692 .4934941E-10
1693 .4935601E-10
1694 .4936253E-10
1695 .4936895E-10
1696 .4937535E-10
1697 .4938166E-10
1698 .4938791E-10
1699 .4939408E-10
1700 .4940017E-10
1701 .4940621E-10
1702 .4941218E-10
1703 .4941811E-10
1704 .4942392E-10
1705 .4942969E-10
1706 .4943540E-10
1707 .4944102E-10
1708 .4944656E-10
1709 .4945209E-10
1710 .4945754E-10
1711 .4946286E-10
1712 .4946816E-10
1713 .4947340E-10
1714 .4947857E-10
1715 .4948367E-10
1716 .4948873E-10
1717 .4949368E-10
1718 .4949861E-10
1719 .4950343E-10
1720 .4950821E-10
1721 .4951291E-10
1722 .4951756E-10
1723 .4952214E-10
1724 .4952664E-10
1725 .4953111E-10
1726 .4953551E-10
1727 .4953981E-10
1728 .4954408E-10
1729 .4954825E-10
1730 .4955241E-10
1731 .4955649E-10
1732 .4956049E-10
1733 .4956442E-10
1734 .4956832E-10
1735 .4957216E-10
1736 .4957586E-10
1737 .4957955E-10
1738 .4958319E-10
1739 .4958678E-10
1740 .4959027E-10
1741 .4959374E-10
1742 .4959707E-10
1743 .4960046E-10
1744 .4960371E-10
1745 .4960695E-10
1746 .4961007E-10
1747 .4961314E-10
1748 .4961614E-10
1749 .4961914E-10
1750 .4962201E-10
1751 .4962486E-10
1752 .4962765E-10
1753 .4963037E-10
1754 .4963301E-10
1755 .4963564E-10
1756 .4963819E-10
1757 .4964062E-10
1758 .4964309E-10
1759 .4964543E-10
1760 .4964776E-10
1761 .4965000E-10
1762 .4965222E-10
1763 .4965431E-10
1764 .4965639E-10
1765 .4965842E-10
1766 .4966038E-10
1767 .4966231E-10
1768 .4966416E-10
1769 .4966591E-10
1770 .4966767E-10
1771 .4966932E-10
1772 .4967098E-10
1773 .4967256E-10
1774 .4967403E-10
1775 .4967550E-10
1776 .4967688E-10
1777 .4967824E-10
1778 .4967950E-10
1779 .4968074E-10
1780 .4968196E-10
1781 .4968301E-10
1782 .4968409E-10
1783 .4968513E-10
1784 .4968608E-10
1785 .4968702E-10
1786 .4968787E-10
1787 .4968863E-10
1788 .4968936E-10
1789 .4969008E-10
1790 .4969067E-10
1791 .4969129E-10
1792 .4969182E-10
1793 .4969224E-10
1794 .4969272E-10
1795 .4969311E-10
1796 .4969340E-10
1797 .4969368E-10
1798 .4969392E-10
1799 .4969405E-10
1800 .4969416E-10
1801 .4955374E-10
1802 .4941329E-10
1803 .4927275E-10
1804 .4913221E-10
1805 .4899157E-10
1806 .4885090E-10
1807 .4871022E-10
1808 .4856947E-10
1809 .4842866E-10
1810 .4828783E-10
1811 .4814688E-10
1812 .4800593E-10
1813 .4786496E-10
1814 .4772394E-10
1815 .4758283E-10
1816 .4744174E-10
1817 .4730059E-10
1818 .4715935E-10
1819 .4701816E-10
1820 .4687682E-10
1821 .4673549E-10
1822 .4659413E-10
1823 .4645273E-10
1824 .4631128E-10
1825 .4616981E-10
1826 .4602827E-10
1827 .4588672E-10
1828 .4574513E-10
1829 .4560351E-10
1830 .4546182E-10
1831 .4532014E-10
1832 .4517843E-10
1833 .4503665E-10
1834 .4489487E-10
1835 .4475300E-10
1836 .4461117E-10
1837 .4446925E-10
1838 .4432733E-10
1839 .4418534E-10
1840 .4404336E-10
1841 .4390140E-10
1842 .4375933E-10
1843 .4361726E-10
1844 .4347517E-10
1845 .4333306E-10
1846 .4319089E-10
1847 .4304872E-10
1848 .4290651E-10
1849 .4276428E-10
1850 .4262202E-10
1851 .4247975E-10
1852 .4233745E-10
1853 .4219512E-10
1854 .4205274E-10
1855 .4191041E-10
1856 .4176800E-10
1857 .4162562E-10
1858 .4148318E-10
1859 .4134073E-10
1860 .4119824E-10
1861 .4105575E-10
1862 .4091324E-10
1863 .4077073E-10
1864 .4062817E-10
1865 .4048563E-10
1866 .4034304E-10
1867 .4020047E-10
1868 .4005785E-10
1869 .3991521E-10
1870 .3977256E-10
1871 .3962993E-10
1872 .3948727E-10
1873 .3934460E-10
1874 .3920189E-10
1875 .3905917E-10
1876 .3891646E-10
1877 .3877371E-10
1878 .3863100E-10
1879 .3848825E-10
1880 .3834551E-10
1881 .3820270E-10
1882 .3805996E-10
1883 .3791715E-10
1884 .3777439E-10
1885 .3763154E-10
1886 .3748876E-10
1887 .3734593E-10
1888 .3720309E-10
1889 .3706027E-10
1890 .3691744E-10
1891 .3677462E-10
1892 .3663177E-10
1893 .3648892E-10
1894 .3634608E-10
1895 .3620320E-10
1896 .3606033E-10
1897 .3591750E-10
1898 .3577463E-10
1899 .3563177E-10
1900 .3548891E-10
1901 .3534605E-10
1902 .3520317E-10
1903 .3506028E-10
1904 .3491746E-10
1905 .3477459E-10
1906 .3463170E-10
1907 .3448887E-10
1908 .3434597E-10
1909 .3420313E-10
1910 .3406028E-10
1911 .3391742E-10
1912 .3377457E-10
1913 .3363171E-10
1914 .3348888E-10
1915 .3334605E-10
1916 .3320322E-10
1917 .3306040E-10
1918 .3291757E-10
1919 .3277477E-10
1920 .3263197E-10
1921 .3248916E-10
1922 .3234637E-10
1923 .3220359E-10
1924 .3206081E-10
1925 .3191802E-10
1926 .3177527E-10
1927 .3163252E-10
1928 .3148979E-10
1929 .3134707E-10
1930 .3120433E-10
1931 .3106165E-10
1932 .3091897E-10
1933 .3077627E-10
1934 .3063358E-10
1935 .3049094E-10
1936 .3034829E-10
1937 .3020563E-10
1938 .3006301E-10
1939 .2992042E-10
1940 .2977782E-10
1941 .2963524E-10
1942 .2949267E-10
1943 .2935010E-10
1944 .2920756E-10
1945 .2906507E-10
1946 .2892255E-10
1947 .2878006E-10
1948 .2863758E-10
1949 .2849514E-10
1950 .2835269E-10
1951 .2821028E-10
1952 .2806786E-10
1953 .2792548E-10
1954 .2778311E-10
1955 .2764076E-10
1956 .2749844E-10
1957 .2735612E-10
1958 .2721385E-10
1959 .2707158E-10
1960 .2692933E-10
1961 .2678707E-10
1962 .2664487E-10
1963 .2650270E-10
1964 .2636051E-10
1965 .2621839E-10
1966 .2607627E-10
1967 .2593418E-10
1968 .2579207E-10
1969 .2565002E-10
1970 .2550802E-10
1971 .2536602E-10
1972 .2522404E-10
1973 .2508209E-10
1974 .2494018E-10
1975 .2479825E-10
1976 .2465637E-10
1977 .2451453E-10
1978 .2437270E-10
1979 .2423091E-10
1980 .2408914E-10
1981 .2394741E-10
1982 .2380570E-10
1983 .2366401E-10
1984 .2352236E-10
1985 .2338073E-10
1986 .2323915E-10
1987 .2309757E-10
1988 .2295605E-10
1989 .2281453E-10
1990 .2267304E-10
1991 .2253160E-10
1992 .2239018E-10
1993 .2224881E-10
1994 .2210745E-10
1995 .2196613E-10
1996 .2182487E-10
1997 .2168360E-10
1998 .2154238E-10
1999 .2140118E-10
2000 .2126003E-10
2001 .2111890E-10
2002 .2097782E-10
2003 .2083675E-10
2004 .2069573E-10
2005 .2055473E-10
2006 .2041379E-10
2007 .2027286E-10
2008 .2013199E-10
2009 .1999114E-10
2010 .1985031E-10
2011 .1984758E-10
2012 .1984488E-10
2013 .1984215E-10
2014 .1983943E-10
2015 .1983669E-10
2016 .1983396E-10
2017 .1983122E-10
2018 .1982851E-10
2019 .1982575E-10
2020 .1982302E-10
2021 .1982030E-10
2022 .1981754E-10
2023 .1981480E-10
2024 .1981207E-10
2025 .1980932E-10
2026 .1980658E-10
2027 .1980385E-10
2028 .1980110E-10
2029 .1979836E-10
2030 .1979562E-10
2031 .1979289E-10
2032 .1979016E-10
2033 .1978741E-10
2034 .1978465E-10
2035 .1978194E-10
2036 .1977919E-10
2037 .1977646E-10
2038 .1977374E-10
2039 .1977101E-10
2040 .1976827E-10
2041 .1976554E-10
2042 .1976281E-10
2043 .1976010E-10
2044 .1975737E-10
2045 .1975466E-10
2046 .1975194E-10
2047 .1974923E-10
2048 .1974652E-10
2049 .1974382E-10
2050 .1974111E-10
2051 .1973839E-10
2052 .1973571E-10
2053 .1973299E-10
2054 .1973032E-10
2055 .1972764E-10
2056 .1972495E-10
2057 .1972225E-10
2058 .1971959E-10
2059 .1971692E-10
2060 .1971426E-10
2061 .1971160E-10
2062 .1970894E-10
2063 .1970628E-10
2064 .1970365E-10
2065 .1970098E-10
2066 .1969836E-10
2067 .1969574E-10
2068 .1969311E-10
2069 .1969048E-10
2070 .1968787E-10
2071 .1968525E-10
2072 .1968265E-10
2073 .1968006E-10
2074 .1967747E-10
2075 .1967489E-10
2076 .1967231E-10
2077 .1966976E-10
2078 .1966717E-10
2079 .1966463E-10
2080 .1966207E-10
2081 .1965955E-10
2082 .1965700E-10
2083 .1965448E-10
2084 .1965197E-10
2085 .1964947E-10
2086 .1964696E-10
2087 .1964447E-10
2088 .1964199E-10
2089 .1963951E-10
2090 .1963703E-10
2091 .1963458E-10
2092 .1963213E-10
2093 .1962971E-10
2094 .1962725E-10
2095 .1962484E-10
2096 .1962244E-10
2097 .1962002E-10
2098 .1961764E-10
2099 .1961526E-10
2100 .1961288E-10
2101 .1961053E-10
2102 .1960818E-10
2103 .1960583E-10
2104 .1960349E-10
2105 .1960119E-10
2106 .1959887E-10
2107 .1959656E-10
2108 .1959428E-10
2109 .1959199E-10
2110 .1958974E-10
2111 .1958750E-10
2112 .1958526E-10
2113 .1958301E-10
2114 .1958081E-10
2115 .1957861E-10
2116 .1957639E-10
2117 .1957423E-10
2118 .1957207E-10
2119 .1956988E-10
2120 .1956777E-10
2121 .1956564E-10
2122 .1956352E-10
2123 .1956142E-10
2124 .1955932E-10
2125 .1955724E-10
2126 .1955518E-10
2127 .1955313E-10
2128 .1955110E-10
2129 .1954907E-10
2130 .1954707E-10
2131 .1954507E-10
2132 .1954310E-10
2133 .1954114E-10
2134 .1953919E-10
2135 .1953726E-10
2136 .1953534E-10
2137 .1953344E-10
2138 .1953153E-10
2139 .1952966E-10
2140 .1952781E-10
2141 .1952598E-10
2142 .1952415E-10
2143 .1952234E-10
2144 .1952054E-10
2145 .1951878E-10
2146 .1951701E-10
2147 .1951526E-10
2148 .1951355E-10
2149 .1951184E-10
2150 .1951013E-10
2151 .1950845E-10
2152 .1950678E-10
2153 .1950514E-10
2154 .1950349E-10
2155 .1950190E-10
2156 .1950032E-10
2157 .1949874E-10
2158 .1949719E-10
2159 .1949565E-10
2160 .1949413E-10
2161 .1949265E-10
2162 .1949115E-10
2163 .1948971E-10
2164 .1948825E-10
2165 .1948684E-10
2166 .1948542E-10
2167 .1948402E-10
2168 .1948265E-10
2169 .1948131E-10
2170 .1948000E-10
2171 .1947870E-10
2172 .1947740E-10
2173 .1947613E-10
2174 .1947488E-10
2175 .1947366E-10
2176 .1947246E-10
2177 .1947126E-10
2178 .1947010E-10
2179 .1946894E-10
2180 .1946785E-10
2181 .1946673E-10
2182 .1946565E-10
2183 .1946459E-10
2184 .1946354E-10
2185 .1946255E-10
2186 .1946154E-10
2187 .1946058E-10
2188 .1945962E-10
2189 .1945870E-10
2190 .1945777E-10
2191 .1945691E-10
2192 .1945604E-10
2193 .1945521E-10
2194 .1945441E-10
2195 .1945361E-10
2196 .1945285E-10
2197 .1945208E-10
2198 .1945136E-10
2199 .1945067E-10
2200 .1944999E-10
2201 .1944936E-10
2202 .1944872E-10
2203 .1944811E-10
2204 .1944753E-10
2205 .1944698E-10
2206 .1944646E-10
2207 .1944595E-10
2208 .1944547E-10
2209 .1944502E-10
2210 .1944460E-10
2211 .1944419E-10
2212 .1944381E-10
2213 .1944346E-10
2214 .1944311E-10
2215 .1944284E-10
2216 .1944255E-10
2217 .1944231E-10
2218 .1944209E-10
2219 .1944187E-10
2220 .1944172E-10
2221 .1944158E-10
2222 .1944146E-10
2223 .1944136E-10
2224 .1944131E-10
2225 .1944128E-10
2226 .1944126E-10
2227 .1944127E-10
2228 .1944133E-10
2229 .1944141E-10
2230 .1944152E-10
2231 .1944165E-10
2232 .1944181E-10
2233 .1944200E-10
2234 .1944221E-10
2235 .1944245E-10
2236 .1944275E-10
2237 .1944304E-10
2238 .1944337E-10
2239 .1944372E-10
2240 .1944412E-10
2241 .1944453E-10
2242 .1944497E-10
2243 .1944546E-10
2244 .1944596E-10
2245 .1944651E-10
2246 .1944706E-10
2247 .1944764E-10
2248 .1944826E-10
2249 .1944891E-10
2250 .1944957E-10
2251 .1945027E-10
2252 .1945099E-10
2253 .1945174E-10
2254 .1945253E-10
2255 .1945334E-10
2256 .1945419E-10
2257 .1945503E-10
2258 .1945591E-10
2259 .1945685E-10
2260 .1945778E-10
2261 .1945875E-10
2262 .1945974E-10
2263 .1946075E-10
2264 .1946181E-10
2265 .1946288E-10
2266 .1946399E-10
2267 .1946510E-10
2268 .1946627E-10
2269 .1946744E-10
2270 .1946862E-10
2271 .1946985E-10
2272 .1947110E-10
2273 .1947238E-10
2274 .1947369E-10
2275 .1947503E-10
2276 .1947638E-10
2277 .1947774E-10
2278 .1947915E-10
2279 .1948058E-10
2280 .1948203E-10
2281 .1948351E-10
2282 .1948500E-10
2283 .1948653E-10
2284 .1948807E-10
2285 .1948965E-10
2286 .1949125E-10
2287 .1949286E-10
2288 .1949452E-10
2289 .1949618E-10
2290 .1949786E-10
2291 .1949958E-10
2292 .1950131E-10
2293 .1950307E-10
2294 .1950483E-10
2295 .1950663E-10
2296 .1950850E-10
2297 .1951034E-10
2298 .1951224E-10
2299 .1951410E-10
2300 .1951602E-10
2301 .1951795E-10
2302 .1951994E-10
2303 .1952191E-10
2304 .1952391E-10
2305 .1952594E-10
2306 .1952800E-10
2307 .1953008E-10
2308 .1953215E-10
2309 .1953428E-10
2310 .1953640E-10
2311 .1953856E-10
2312 .1954073E-10
2313 .1954293E-10
2314 .1954515E-10
2315 .1954740E-10
2316 .1954966E-10
2317 .1955194E-10
2318 .1955424E-10
2319 .1955656E-10
2320 .1955890E-10
2321 .1956127E-10
2322 .1956364E-10
2323 .1956605E-10
2324 .1956848E-10
2325 .1957092E-10
2326 .1957339E-10
2327 .1957586E-10
2328 .1957837E-10
2329 .1958088E-10
2330 .1958341E-10
2331 .1958597E-10
2332 .1958856E-10
2333 .1959115E-10
2334 .1959378E-10
2335 .1959639E-10
2336 .1959906E-10
2337 .1960174E-10
2338 .1960441E-10
2339 .1960712E-10
2340 .1960986E-10
2341 .1961260E-10
2342 .1961536E-10
2343 .1961813E-10
2344 .1962093E-10
2345 .1962375E-10
2346 .1962658E-10
2347 .1962944E-10
2348 .1963228E-10
2349 .1963520E-10
2350 .1963808E-10
2351 .1964101E-10
2352 .1964394E-10
2353 .1964689E-10
2354 .1964987E-10
2355 .1965285E-10
2356 .1965585E-10
2357 .1965887E-10
2358 .1966190E-10
2359 .1966496E-10
2360 .1966801E-10
2361 .1967110E-10
2362 .1967421E-10
2363 .1967731E-10
2364 .1968043E-10
2365 .1968359E-10
2366 .1968675E-10
2367 .1968994E-10
2368 .1969312E-10
2369 .1969632E-10
2370 .1969954E-10
2371 .1970280E-10
2372 .1970604E-10
2373 .1970932E-10
2374 .1971259E-10
2375 .1971587E-10
2376 .1971918E-10
2377 .1972252E-10
2378 .1972585E-10
2379 .1972920E-10
2380 .1973258E-10
2381 .1973595E-10
2382 .1973934E-10
2383 .1974275E-10
2384 .1974617E-10
2385 .1974959E-10
2386 .1975307E-10
2387 .1975651E-10
2388 .1975999E-10
2389 .1976347E-10
2390 .1976696E-10
2391 .1977046E-10
2392 .1977400E-10
2393 .1977756E-10
2394 .1978111E-10
2395 .1978467E-10
2396 .1978825E-10
2397 .1979184E-10
2398 .1979544E-10
2399 .1979904E-10
2400 .1980266E-10
2401 .1980630E-10
2402 .1980994E-10
2403 .1981359E-10
2404 .1981729E-10
2405 .1982095E-10
2406 .1982465E-10
2407 .1982835E-10
2408 .1983206E-10
2409 .1983579E-10
2410 .1983953E-10
2411 .1984327E-10
2412 .1984703E-10
2413 .1985080E-10
2414 .1985457E-10
2415 .1985837E-10
2416 .1986217E-10
2417 .1986599E-10
2418 .1986980E-10
2419 .1987363E-10
2420 .1987746E-10
2421 .1988131E-10
2422 .1988515E-10
2423 .1988902E-10
2424 .1989292E-10
2425 .1989680E-10
2426 .1990068E-10
2427 .1990457E-10
2428 .1990849E-10
2429 .1991243E-10
2430 .1991637E-10
2431 .1992030E-10
2432 .1992425E-10
2433 .1992819E-10
2434 .1993216E-10
2435 .1993613E-10
2436 .1994011E-10
2437 .1994409E-10
2438 .1994806E-10
2439 .1995209E-10
2440 .1995610E-10
2441 .1996012E-10
2442 .1996415E-10
2443 .1996817E-10
2444 .1997221E-10
2445 .1997627E-10
2446 .1998028E-10
2447 .1998438E-10
2448 .1998844E-10
2449 .1999251E-10
2450 .1999660E-10
2451 .2000068E-10
2452 .2000477E-10
2453 .2000887E-10
2454 .2001298E-10
2455 .2001707E-10
2456 .2002119E-10
2457 .2002532E-10
2458 .2002943E-10
2459 .2003358E-10
2460 .2003774E-10
2461 .2004185E-10
2462 .2004602E-10
2463 .2005015E-10
2464 .2005433E-10
2465 .2005850E-10
2466 .2006267E-10
2467 .2006684E-10
2468 .2007100E-10
2469 .2007518E-10
2470 .2007937E-10
2471 .2008357E-10
2472 .2008775E-10
2473 .2009195E-10
2474 .2009616E-10
2475 .2010036E-10
2476 .2010458E-10
2477 .2010879E-10
2478 .2011302E-10
2479 .2011723E-10
2480 .2012146E-10
2481 .2012569E-10
2482 .2012990E-10
2483 .2013415E-10
2484 .2013837E-10
2485 .2014262E-10
2486 .2014685E-10
2487 .2015108E-10
2488 .2015536E-10
2489 .2015959E-10
2490 .2016383E-10
2491 .2016810E-10
2492 .2017235E-10
2493 .2017662E-10
2494 .2018086E-10
2495 .2018512E-10
2496 .2018938E-10
2497 .2019365E-10
2498 .2019790E-10
2499 .2020215E-10
2500 .2020642E-10
