  8.0    1000.00   .2191673E-14
  8.0    1010.00   .8418764E-14
  8.0    1020.00   .2250506E-13
  8.0    1030.00   .4937422E-13
  8.0    1040.00   .9534982E-13
  8.0    1050.00   .1681913E-12
  8.0    1060.00   .2770677E-12
  8.0    1070.00   .4324602E-12
  8.0    1080.00   .6459976E-12
  8.0    1090.00   .9302135E-12
  8.0    1100.00   .1298235E-11
  8.0    1110.00   .1763410E-11
  8.0    1120.00   .2338861E-11
  8.0    1130.00   .3037000E-11
  8.0    1140.00   .3868990E-11
  8.0    1150.00   .4844197E-11
  8.0    1160.00   .5969605E-11
  8.0    1170.00   .7249241E-11
  8.0    1180.00   .8683667E-11
  8.0    1190.00   .1026943E-10
  8.0    1200.00   .1199863E-10
  8.0    1210.00   .1385861E-10
  8.0    1220.00   .1583157E-10
  8.0    1230.00   .1789459E-10
  8.0    1240.00   .2001952E-10
  8.0    1250.00   .2217318E-10
  8.0    1260.00   .2432136E-10
  8.0    1270.00   .2644270E-10
  8.0    1280.00   .2852208E-10
  8.0    1290.00   .3054780E-10
  8.0    1300.00   .3251183E-10
  8.0    1310.00   .3441005E-10
  8.0    1320.00   .3624216E-10
  8.0    1330.00   .3801200E-10
  8.0    1340.00   .3972712E-10
  8.0    1350.00   .4139908E-10
  8.0    1360.00   .4304309E-10
  8.0    1370.00   .4467806E-10
  8.0    1380.00   .4632591E-10
  8.0    1390.00   .4799559E-10
  8.0    1400.00   .4968093E-10
  8.0    1410.00   .5137455E-10
  8.0    1420.00   .5306874E-10
  8.0    1430.00   .5475556E-10
  8.0    1440.00   .5642685E-10
  8.0    1450.00   .5807448E-10
  8.0    1460.00   .5969029E-10
  8.0    1470.00   .6126624E-10
  8.0    1480.00   .6279441E-10
  8.0    1490.00   .6426700E-10
  8.0    1500.00   .6567649E-10
  8.0    1510.00   .6701707E-10
  8.0    1520.00   .6828978E-10
  8.0    1530.00   .6949754E-10
  8.0    1540.00   .7064334E-10
  8.0    1550.00   .7173048E-10
  8.0    1560.00   .7276234E-10
  8.0    1570.00   .7374246E-10
  8.0    1580.00   .7467457E-10
  8.0    1590.00   .7556241E-10
  8.0    1600.00   .7641005E-10
  8.0    1610.00   .7722158E-10
  8.0    1620.00   .7800126E-10
  8.0    1630.00   .7875353E-10
  8.0    1640.00   .7948298E-10
  8.0    1650.00   .8019435E-10
  8.0    1660.00   .8089260E-10
  8.0    1670.00   .8158284E-10
  8.0    1680.00   .8227042E-10
  8.0    1690.00   .8296088E-10
  8.0    1700.00   .8366000E-10
  8.0    1710.00   .8437381E-10
  8.0    1720.00   .8510860E-10
  8.0    1730.00   .8587094E-10
  8.0    1740.00   .8666772E-10
  8.0    1750.00   .8750611E-10
  8.0    1760.00   .8839220E-10
  8.0    1770.00   .8932647E-10
  8.0    1780.00   .9030790E-10
  8.0    1790.00   .9133538E-10
  8.0    1800.00   .9240774E-10
  8.0    1810.00   .9352369E-10
  8.0    1820.00   .9468185E-10
  8.0    1830.00   .9588076E-10
  8.0    1840.00   .9711882E-10
  8.0    1850.00   .9839430E-10
  8.0    1860.00   .9970537E-10
  8.0    1870.00   .1010501E-09
  8.0    1880.00   .1024264E-09
  8.0    1890.00   .1038320E-09
  8.0    1900.00   .1052645E-09
  8.0    1910.00   .1067214E-09
  8.0    1920.00   .1082000E-09
  8.0    1930.00   .1096974E-09
  8.0    1940.00   .1112106E-09
  8.0    1950.00   .1127364E-09
  8.0    1960.00   .1142714E-09
  8.0    1970.00   .1158121E-09
  8.0    1980.00   .1173546E-09
  8.0    1990.00   .1188952E-09
  8.0    2000.00   .1204295E-09
  8.0    2010.00   .1219542E-09
  8.0    2020.00   .1234696E-09
  8.0    2030.00   .1249767E-09
  8.0    2040.00   .1264767E-09
  8.0    2050.00   .1279710E-09
  8.0    2060.00   .1294609E-09
  8.0    2070.00   .1309478E-09
  8.0    2080.00   .1324331E-09
  8.0    2090.00   .1339185E-09
  8.0    2100.00   .1354057E-09
  8.0    2110.00   .1368963E-09
  8.0    2120.00   .1383922E-09
  8.0    2130.00   .1398951E-09
  8.0    2140.00   .1414071E-09
  8.0    2150.00   .1429303E-09
  8.0    2160.00   .1444666E-09
  8.0    2170.00   .1460184E-09
  8.0    2180.00   .1475879E-09
  8.0    2190.00   .1491774E-09
  8.0    2200.00   .1507894E-09
  8.0    2210.00   .1524264E-09
  8.0    2220.00   .1540912E-09
  8.0    2230.00   .1557864E-09
  8.0    2240.00   .1575147E-09
  8.0    2250.00   .1592792E-09
  8.0    2260.00   .1610814E-09
  8.0    2270.00   .1629165E-09
  8.0    2280.00   .1647780E-09
  8.0    2290.00   .1666593E-09
  8.0    2300.00   .1685533E-09
  8.0    2310.00   .1704527E-09
  8.0    2320.00   .1723500E-09
  8.0    2330.00   .1742374E-09
  8.0    2340.00   .1761066E-09
  8.0    2350.00   .1779494E-09
  8.0    2360.00   .1797569E-09
  8.0    2370.00   .1815205E-09
  8.0    2380.00   .1832309E-09
  8.0    2390.00   .1848787E-09
  8.0    2400.00   .1864544E-09
  8.0    2410.00   .1879481E-09
  8.0    2420.00   .1893501E-09
  8.0    2430.00   .1906499E-09
  8.0    2440.00   .1918374E-09
  8.0    2450.00   .1929022E-09
  8.0    2460.00   .1938340E-09
  8.0    2470.00   .1946220E-09
  8.0    2480.00   .1952557E-09
  8.0    2490.00   .1957247E-09
  8.0    2500.00   .1960185E-09
  8.0    2510.00   .1645960E-09
  8.0    2520.00   .2022775E-09
  8.0    2530.00   .1462878E-09
  8.0    2540.00   .1000752E-09
  8.0    2550.00   .1147328E-09
  8.0    2560.00   .1619778E-09
  8.0    2570.00   .1614854E-09
  8.0    2580.00   .1754167E-09
  8.0    2590.00   .1952769E-09
  8.0    2600.00   .2128683E-09
  8.0    2610.00   .2576761E-09
  8.0    2620.00   .2409613E-09
  8.0    2630.00   .2365077E-09
  8.0    2640.00   .2282808E-09
  8.0    2650.00   .3001401E-09
  8.0    2660.00   .3053954E-09
  8.0    2670.00   .3145446E-09
  8.0    2680.00   .3440650E-09
  8.0    2690.00   .3353666E-09
  8.0    2700.00   .3708853E-09
  8.0    2710.00   .3903650E-09
  8.0    2720.00   .3999535E-09
  8.0    2730.00   .4009612E-09
  8.0    2740.00   .4388764E-09
  8.0    2750.00   .4583630E-09
  8.0    2760.00   .4247795E-09
  8.0    2770.00   .4000012E-09
  8.0    2780.00   .4631129E-09
  8.0    2790.00   .5422747E-09
  8.0    2800.00   .6390298E-09
  8.0    2810.00   .7522076E-09
  8.0    2820.00   .8513765E-09
  8.0    2830.00   .9537112E-09
  8.0    2840.00   .1041591E-08
  8.0    2850.00   .1057830E-08
  8.0    2860.00   .1097367E-08
  8.0    2870.00   .1055503E-08
  8.0    2880.00   .1083382E-08
  8.0    2890.00   .9994448E-09
  8.0    2900.00   .1016974E-08
  8.0    2910.00   .1048731E-08
  8.0    2920.00   .1061459E-08
  8.0    2930.00   .1059299E-08
  8.0    2940.00   .1047934E-08
  8.0    2950.00   .1049654E-08
  8.0    2960.00   .1007426E-08
  8.0    2970.00   .1090011E-08
  8.0    2980.00   .1213709E-08
  8.0    2990.00   .1235823E-08
  8.0    3000.00   .1262052E-08
  8.0    3010.00   .1296886E-08
  8.0    3020.00   .1441536E-08
  8.0    3030.00   .1586765E-08
  8.0    3040.00   .1686111E-08
  8.0    3050.00   .1751822E-08
  8.0    3060.00   .1771890E-08
  8.0    3070.00   .1784291E-08
  8.0    3080.00   .1809069E-08
  8.0    3090.00   .1633382E-08
  8.0    3100.00   .1589659E-08
  8.0    3110.00   .1451256E-08
  8.0    3120.00   .1358262E-08
  8.0    3130.00   .1503650E-08
  8.0    3140.00   .1422701E-08
  8.0    3150.00   .1110703E-08
  8.0    3160.00   .1323874E-08
  8.0    3170.00   .1387110E-08
  8.0    3180.00   .1217410E-08
  8.0    3190.00   .1147697E-08
  8.0    3200.00   .1301116E-08
  8.0    3210.00   .1020568E-08
  8.0    3220.00   .1085220E-08
  8.0    3230.00   .8240525E-09
  8.0    3240.00   .8355912E-09
  8.0    3250.00   .8082534E-09
  8.0    3260.00   .7602661E-09
  8.0    3270.00   .7667788E-09
  8.0    3280.00   .8211575E-09
  8.0    3290.00   .8865595E-09
  8.0    3300.00   .9613220E-09
  8.0    3310.00   .1034930E-08
  8.0    3320.00   .1156719E-08
  8.0    3330.00   .1214884E-08
  8.0    3340.00   .1272898E-08
  8.0    3350.00   .1316503E-08
  8.0    3360.00   .1358628E-08
  8.0    3370.00   .1389977E-08
  8.0    3380.00   .1438065E-08
  8.0    3390.00   .1517760E-08
  8.0    3400.00   .1633607E-08
  8.0    3410.00   .1770071E-08
  8.0    3420.00   .2014088E-08
  8.0    3430.00   .2184154E-08
  8.0    3440.00   .2357482E-08
  8.0    3450.00   .2510243E-08
  8.0    3460.00   .2651204E-08
  8.0    3470.00   .2855388E-08
  8.0    3480.00   .2905341E-08
  8.0    3490.00   .2937026E-08
  8.0    3500.00   .2955432E-08
  8.0    3510.00   .2867296E-08
  8.0    3520.00   .2810796E-08
  8.0    3530.00   .2708409E-08
  8.0    3540.00   .2610012E-08
  8.0    3550.00   .2492601E-08
  8.0    3560.00   .2359922E-08
  8.0    3570.00   .2169884E-08
  8.0    3580.00   .2059361E-08
  8.0    3590.00   .1917760E-08
  8.0    3600.00   .1749382E-08
  8.0    3610.00   .1526624E-08
  8.0    3620.00   .1394992E-08
  8.0    3630.00   .1266760E-08
  8.0    3640.00   .1176721E-08
  8.0    3650.00   .1103648E-08
  8.0    3660.00   .1021710E-08
  8.0    3670.00   .1009272E-08
  8.0    3680.00   .1019897E-08
  8.0    3690.00   .1033333E-08
  8.0    3700.00   .1070756E-08
  8.0    3710.00   .1186612E-08
  8.0    3720.00   .1344610E-08
  8.0    3730.00   .1438856E-08
  8.0    3740.00   .1575605E-08
  8.0    3750.00   .1717046E-08
  8.0    3760.00   .1840223E-08
  8.0    3770.00   .1920700E-08
  8.0    3780.00   .2054100E-08
  8.0    3790.00   .2151029E-08
  8.0    3800.00   .2241200E-08
  8.0    3810.00   .2372150E-08
  8.0    3820.00   .2560544E-08
  8.0    3830.00   .2632646E-08
  8.0    3840.00   .2762316E-08
  8.0    3850.00   .2878543E-08
  8.0    3860.00   .2961624E-08
  8.0    3870.00   .3046775E-08
  8.0    3880.00   .3144134E-08
  8.0    3890.00   .3175205E-08
  8.0    3900.00   .3225048E-08
  8.0    3910.00   .3212633E-08
  8.0    3920.00   .3232113E-08
  8.0    3930.00   .3173836E-08
  8.0    3940.00   .3116068E-08
  8.0    3950.00   .3026379E-08
  8.0    3960.00   .2925097E-08
  8.0    3970.00   .2858231E-08
  8.0    3980.00   .2774994E-08
  8.0    3990.00   .2724128E-08
  8.0    4000.00   .2685129E-08
  8.0    4010.00   .2713060E-08
  8.0    4020.00   .2719334E-08
  8.0    4030.00   .2759750E-08
  8.0    4040.00   .2775544E-08
  8.0    4050.00   .2782586E-08
  8.0    4060.00   .2775093E-08
  8.0    4070.00   .2790498E-08
  8.0    4080.00   .2745744E-08
  8.0    4090.00   .2683257E-08
  8.0    4100.00   .2639121E-08
  8.0    4110.00   .2572424E-08
  8.0    4120.00   .2524009E-08
  8.0    4130.00   .2475232E-08
  8.0    4140.00   .2430287E-08
  8.0    4150.00   .2374816E-08
  8.0    4160.00   .2304179E-08
  8.0    4170.00   .2223185E-08
  8.0    4180.00   .2143508E-08
  8.0    4190.00   .2061156E-08
  8.0    4200.00   .1992919E-08
  8.0    4210.00   .1914240E-08
  8.0    4220.00   .1824375E-08
  8.0    4230.00   .1789157E-08
  8.0    4240.00   .1726905E-08
  8.0    4250.00   .1666415E-08
  8.0    4260.00   .1638347E-08
  8.0    4270.00   .1589642E-08
  8.0    4280.00   .1526775E-08
  8.0    4290.00   .1486516E-08
  8.0    4300.00   .1483421E-08
  8.0    4310.00   .1518622E-08
  8.0    4320.00   .1537560E-08
  8.0    4330.00   .1564880E-08
  8.0    4340.00   .1592881E-08
  8.0    4350.00   .1636894E-08
  8.0    4360.00   .1638514E-08
  8.0    4370.00   .1635866E-08
  8.0    4380.00   .1624153E-08
  8.0    4390.00   .1613444E-08
  8.0    4400.00   .1611021E-08
  8.0    4410.00   .1627288E-08
  8.0    4420.00   .1634705E-08
  8.0    4430.00   .1648846E-08
  8.0    4440.00   .1687649E-08
  8.0    4450.00   .1706313E-08
  8.0    4460.00   .1700292E-08
  8.0    4470.00   .1684418E-08
  8.0    4480.00   .1709452E-08
  8.0    4490.00   .1683699E-08
  8.0    4500.00   .1672966E-08
  8.0    4510.00   .1645959E-08
  8.0    4520.00   .1617290E-08
  8.0    4530.00   .1593109E-08
  8.0    4540.00   .1568072E-08
  8.0    4550.00   .1528978E-08
  8.0    4560.00   .1510927E-08
  8.0    4570.00   .1473916E-08
  8.0    4580.00   .1434078E-08
  8.0    4590.00   .1405072E-08
  8.0    4600.00   .1375065E-08
  8.0    4610.00   .1341874E-08
  8.0    4620.00   .1295887E-08
  8.0    4630.00   .1253799E-08
  8.0    4640.00   .1219886E-08
  8.0    4650.00   .1184939E-08
  8.0    4660.00   .1152844E-08
  8.0    4670.00   .1117822E-08
  8.0    4680.00   .1105184E-08
  8.0    4690.00   .1089005E-08
  8.0    4700.00   .1082591E-08
  8.0    4710.00   .1066245E-08
  8.0    4720.00   .1052681E-08
  8.0    4730.00   .1042405E-08
  8.0    4740.00   .1034541E-08
  8.0    4750.00   .1032022E-08
  8.0    4760.00   .1023417E-08
  8.0    4770.00   .1022825E-08
  8.0    4780.00   .1012421E-08
  8.0    4790.00   .9845423E-09
  8.0    4800.00   .9509465E-09
  8.0    4810.00   .9189854E-09
  8.0    4820.00   .8836956E-09
  8.0    4830.00   .8576225E-09
  8.0    4840.00   .8353788E-09
  8.0    4850.00   .8238534E-09
  8.0    4860.00   .8267185E-09
  8.0    4870.00   .8340582E-09
  8.0    4880.00   .8439941E-09
  8.0    4890.00   .8567447E-09
  8.0    4900.00   .8725827E-09
  8.0    4910.00   .8889662E-09
  8.0    4920.00   .9090527E-09
  8.0    4930.00   .9174195E-09
  8.0    4940.00   .9300533E-09
  8.0    4950.00   .9407495E-09
  8.0    4960.00   .9545881E-09
  8.0    4970.00   .9729604E-09
  8.0    4980.00   .9765083E-09
  8.0    4990.00   .9808794E-09
  8.0    5000.00   .9938491E-09
  8.0    5010.00   .1010820E-08
  8.0    5020.00   .1027661E-08
  8.0    5030.00   .1032586E-08
  8.0    5040.00   .1046625E-08
  8.0    5050.00   .1064378E-08
  8.0    5060.00   .1087727E-08
  8.0    5070.00   .1102275E-08
  8.0    5080.00   .1108974E-08
  8.0    5090.00   .1107060E-08
  8.0    5100.00   .1104893E-08
  8.0    5110.00   .1093461E-08
  8.0    5120.00   .1080205E-08
  8.0    5130.00   .1070063E-08
  8.0    5140.00   .1063524E-08
  8.0    5150.00   .1055901E-08
  8.0    5160.00   .1053960E-08
  8.0    5170.00   .1048951E-08
  8.0    5180.00   .1037880E-08
  8.0    5190.00   .1021239E-08
  8.0    5200.00   .9931972E-09
  8.0    5210.00   .9630260E-09
  8.0    5220.00   .9238076E-09
  8.0    5230.00   .8874125E-09
  8.0    5240.00   .8534730E-09
  8.0    5250.00   .8264503E-09
  8.0    5260.00   .8110764E-09
  8.0    5270.00   .7913664E-09
  8.0    5280.00   .7751630E-09
  8.0    5290.00   .7664566E-09
  8.0    5300.00   .7639354E-09
  8.0    5310.00   .7669081E-09
  8.0    5320.00   .7652482E-09
  8.0    5330.00   .7644051E-09
  8.0    5340.00   .7563160E-09
  8.0    5350.00   .7495997E-09
  8.0    5360.00   .7450383E-09
  8.0    5370.00   .7339326E-09
  8.0    5380.00   .7216817E-09
  8.0    5390.00   .7102147E-09
  8.0    5400.00   .6929981E-09
  8.0    5410.00   .6819102E-09
  8.0    5420.00   .6642956E-09
  8.0    5430.00   .6539708E-09
  8.0    5440.00   .6496214E-09
  8.0    5450.00   .6545398E-09
  8.0    5460.00   .6615918E-09
  8.0    5470.00   .6711500E-09
  8.0    5480.00   .6796229E-09
  8.0    5490.00   .6940272E-09
  8.0    5500.00   .7025211E-09
  8.0    5510.00   .7059658E-09
  8.0    5520.00   .7129346E-09
  8.0    5530.00   .7162334E-09
  8.0    5540.00   .7241935E-09
  8.0    5550.00   .7302308E-09
  8.0    5560.00   .7351806E-09
  8.0    5570.00   .7302655E-09
  8.0    5580.00   .7296428E-09
  8.0    5590.00   .7276719E-09
  8.0    5600.00   .7266471E-09
  8.0    5610.00   .7288182E-09
  8.0    5620.00   .7235849E-09
  8.0    5630.00   .7199321E-09
  8.0    5640.00   .7142620E-09
  8.0    5650.00   .7102762E-09
  8.0    5660.00   .7034066E-09
  8.0    5670.00   .6940920E-09
  8.0    5680.00   .6888572E-09
  8.0    5690.00   .6743605E-09
  8.0    5700.00   .6622601E-09
  8.0    5710.00   .6473124E-09
  8.0    5720.00   .6325427E-09
  8.0    5730.00   .6185381E-09
  8.0    5740.00   .6109048E-09
  8.0    5750.00   .6065290E-09
  8.0    5760.00   .6003399E-09
  8.0    5770.00   .6007956E-09
  8.0    5780.00   .5977123E-09
  8.0    5790.00   .5947753E-09
  8.0    5800.00   .6003559E-09
  8.0    5810.00   .6017950E-09
  8.0    5820.00   .6077779E-09
  8.0    5830.00   .6077889E-09
  8.0    5840.00   .6092626E-09
  8.0    5850.00   .6062464E-09
  8.0    5860.00   .6096081E-09
  8.0    5870.00   .6056546E-09
  8.0    5880.00   .5876894E-09
  8.0    5890.00   .5693890E-09
  8.0    5900.00   .5439037E-09
  8.0    5910.00   .5323774E-09
  8.0    5920.00   .5171819E-09
  8.0    5930.00   .5017452E-09
  8.0    5940.00   .4804422E-09
  8.0    5950.00   .4629657E-09
  8.0    5960.00   .4525784E-09
  8.0    5970.00   .4407900E-09
  8.0    5980.00   .4281517E-09
  8.0    5990.00   .4194780E-09
  8.0    6000.00   .4095279E-09
  8.0    6010.00   .4006824E-09
  8.0    6020.00   .3902474E-09
  8.0    6030.00   .3828324E-09
  8.0    6040.00   .3754567E-09
  8.0    6050.00   .3668796E-09
  8.0    6060.00   .3596291E-09
  8.0    6070.00   .3515715E-09
  8.0    6080.00   .3494867E-09
  8.0    6090.00   .3474602E-09
  8.0    6100.00   .3487518E-09
  8.0    6110.00   .3517465E-09
  8.0    6120.00   .3567556E-09
  8.0    6130.00   .3694335E-09
  8.0    6140.00   .3796629E-09
  8.0    6150.00   .3965740E-09
  8.0    6160.00   .4183554E-09
  8.0    6170.00   .4383086E-09
  8.0    6180.00   .4612917E-09
  8.0    6190.00   .4837543E-09
  8.0    6200.00   .5088841E-09
  8.0    6210.00   .5307617E-09
  8.0    6220.00   .5460591E-09
  8.0    6230.00   .5616411E-09
  8.0    6240.00   .5752571E-09
  8.0    6250.00   .5861590E-09
  8.0    6260.00   .5971032E-09
  8.0    6270.00   .6023963E-09
  8.0    6280.00   .5872626E-09
  8.0    6290.00   .5930846E-09
  8.0    6300.00   .5899523E-09
  8.0    6310.00   .5926257E-09
  8.0    6320.00   .5957338E-09
  8.0    6330.00   .6023105E-09
  8.0    6340.00   .6099288E-09
  8.0    6350.00   .6204526E-09
  8.0    6360.00   .6249604E-09
  8.0    6370.00   .6318021E-09
  8.0    6380.00   .6355470E-09
  8.0    6390.00   .6362993E-09
  8.0    6400.00   .6377908E-09
  8.0    6410.00   .6373424E-09
  8.0    6420.00   .6364464E-09
  8.0    6430.00   .6355777E-09
  8.0    6440.00   .6332816E-09
  8.0    6450.00   .6321830E-09
  8.0    6460.00   .6335268E-09
  8.0    6470.00   .6292581E-09
  8.0    6480.00   .6253747E-09
  8.0    6490.00   .6295497E-09
  8.0    6500.00   .6317898E-09
  8.0    6510.00   .6354931E-09
  8.0    6520.00   .6242724E-09
  8.0    6530.00   .6338291E-09
  8.0    6540.00   .6300940E-09
  8.0    6550.00   .6261820E-09
  8.0    6560.00   .6235656E-09
  8.0    6570.00   .6237366E-09
  8.0    6580.00   .6204805E-09
  8.0    6590.00   .6159902E-09
  8.0    6600.00   .6136068E-09
  8.0    6610.00   .6058892E-09
  8.0    6620.00   .5940132E-09
  8.0    6630.00   .5854444E-09
  8.0    6640.00   .5832442E-09
  8.0    6650.00   .5869206E-09
  8.0    6660.00   .5892588E-09
  8.0    6670.00   .5914679E-09
  8.0    6680.00   .5907585E-09
  8.0    6690.00   .5821837E-09
  8.0    6700.00   .5800172E-09
  8.0    6710.00   .5755060E-09
  8.0    6720.00   .5713962E-09
  8.0    6730.00   .5692192E-09
  8.0    6740.00   .5614852E-09
  8.0    6750.00   .5561583E-09
  8.0    6760.00   .5499033E-09
  8.0    6770.00   .5468257E-09
  8.0    6780.00   .5445985E-09
  8.0    6790.00   .5427740E-09
  8.0    6800.00   .5425528E-09
  8.0    6810.00   .5417787E-09
  8.0    6820.00   .5394596E-09
  8.0    6830.00   .5352717E-09
  8.0    6840.00   .5280790E-09
  8.0    6850.00   .5223762E-09
  8.0    6860.00   .5218265E-09
  8.0    6870.00   .4742646E-09
  8.0    6880.00   .4935221E-09
  8.0    6890.00   .5192544E-09
  8.0    6900.00   .5087441E-09
  8.0    6910.00   .5110867E-09
  8.0    6920.00   .5148818E-09
  8.0    6930.00   .5148901E-09
  8.0    6940.00   .5221800E-09
  8.0    6950.00   .5207257E-09
  8.0    6960.00   .5213686E-09
  8.0    6970.00   .5309143E-09
  8.0    6980.00   .5303351E-09
  8.0    6990.00   .5274478E-09
  8.0    7000.00   .5293011E-09
  8.0    7010.00   .5318747E-09
  8.0    7020.00   .5321376E-09
  8.0    7030.00   .5310514E-09
  8.0    7040.00   .5375010E-09
  8.0    7050.00   .5422857E-09
  8.0    7060.00   .5482883E-09
  8.0    7070.00   .5515310E-09
  8.0    7080.00   .5565130E-09
  8.0    7090.00   .5645383E-09
  8.0    7100.00   .5650045E-09
  8.0    7110.00   .5709556E-09
  8.0    7120.00   .5740238E-09
  8.0    7130.00   .5711976E-09
  8.0    7140.00   .5635744E-09
  8.0    7150.00   .5619066E-09
  8.0    7160.00   .5581966E-09
  8.0    7170.00   .5445064E-09
  8.0    7180.00   .5423202E-09
  8.0    7190.00   .5327376E-09
  8.0    7200.00   .5348961E-09
  8.0    7210.00   .5369945E-09
  8.0    7220.00   .5336735E-09
  8.0    7230.00   .5287145E-09
  8.0    7240.00   .5200965E-09
  8.0    7250.00   .5295292E-09
  8.0    7260.00   .5225453E-09
  8.0    7270.00   .5132060E-09
  8.0    7280.00   .4987590E-09
  8.0    7290.00   .5008242E-09
  8.0    7300.00   .4932388E-09
  8.0    7310.00   .4831215E-09
  8.0    7320.00   .4766333E-09
  8.0    7330.00   .4752831E-09
  8.0    7340.00   .4677921E-09
  8.0    7350.00   .4591149E-09
  8.0    7360.00   .4550858E-09
  8.0    7370.00   .4497008E-09
  8.0    7380.00   .4472864E-09
  8.0    7390.00   .4418468E-09
  8.0    7400.00   .4376208E-09
  8.0    7410.00   .4328853E-09
  8.0    7420.00   .4233164E-09
  8.0    7430.00   .4071212E-09
  8.0    7440.00   .3870416E-09
  8.0    7450.00   .3753412E-09
  8.0    7460.00   .3638419E-09
  8.0    7470.00   .3561551E-09
  8.0    7480.00   .3503946E-09
  8.0    7490.00   .3479502E-09
  8.0    7500.00   .3485378E-09
  8.0    7510.00   .3531912E-09
  8.0    7520.00   .3569545E-09
  8.0    7530.00   .3522460E-09
  8.0    7540.00   .3491292E-09
  8.0    7550.00   .3469451E-09
  8.0    7560.00   .3358025E-09
  8.0    7570.00   .3260714E-09
  8.0    7580.00   .3172624E-09
  8.0    7590.00   .3079012E-09
  8.0    7600.00   .2968981E-09
  8.0    7610.00   .2915684E-09
  8.0    7620.00   .2884734E-09
  8.0    7630.00   .2889335E-09
  8.0    7640.00   .2984457E-09
  8.0    7650.00   .3002880E-09
  8.0    7660.00   .3068240E-09
  8.0    7670.00   .3122307E-09
  8.0    7680.00   .3144284E-09
  8.0    7690.00   .3222769E-09
  8.0    7700.00   .3138454E-09
  8.0    7710.00   .3150787E-09
  8.0    7720.00   .3124630E-09
  8.0    7730.00   .3047461E-09
  8.0    7740.00   .3001121E-09
  8.0    7750.00   .2948242E-09
  8.0    7760.00   .2872333E-09
  8.0    7770.00   .2822308E-09
  8.0    7780.00   .2760878E-09
  8.0    7790.00   .2708004E-09
  8.0    7800.00   .2622602E-09
  8.0    7810.00   .2545549E-09
  8.0    7820.00   .2453905E-09
  8.0    7830.00   .2381893E-09
  8.0    7840.00   .2316750E-09
  8.0    7850.00   .2241754E-09
  8.0    7860.00   .2202495E-09
  8.0    7870.00   .2152330E-09
  8.0    7880.00   .2109150E-09
  8.0    7890.00   .2054238E-09
  8.0    7900.00   .2019540E-09
  8.0    7910.00   .1970464E-09
  8.0    7920.00   .1941773E-09
  8.0    7930.00   .1924127E-09
  8.0    7940.00   .1933879E-09
  8.0    7950.00   .1915823E-09
  8.0    7960.00   .1879023E-09
  8.0    7970.00   .1840088E-09
  8.0    7980.00   .1848382E-09
  8.0    7990.00   .1858187E-09
  8.0    8000.00   .1848465E-09
  8.0    8010.00   .1858222E-09
  8.0    8020.00   .1874632E-09
  8.0    8030.00   .1881034E-09
  8.0    8040.00   .1930300E-09
  8.0    8050.00   .1950971E-09
  8.0    8060.00   .1965138E-09
  8.0    8070.00   .1956123E-09
  8.0    8080.00   .1950136E-09
  8.0    8090.00   .1914041E-09
  8.0    8100.00   .1907829E-09
  8.0    8110.00   .1888444E-09
  8.0    8120.00   .1887709E-09
  8.0    8130.00   .1877915E-09
  8.0    8140.00   .1822369E-09
  8.0    8150.00   .1784360E-09
  8.0    8160.00   .1749116E-09
  8.0    8170.00   .1692820E-09
  8.0    8180.00   .1645607E-09
  8.0    8190.00   .1641085E-09
  8.0    8200.00   .1584698E-09
  8.0    8210.00   .1617835E-09
  8.0    8220.00   .1536506E-09
  8.0    8230.00   .1389597E-09
  8.0    8240.00   .1605603E-09
  8.0    8250.00   .1573240E-09
  8.0    8260.00   .1529295E-09
  8.0    8270.00   .1590569E-09
  8.0    8280.00   .1497901E-09
  8.0    8290.00   .1511481E-09
  8.0    8300.00   .1495030E-09
  8.0    8310.00   .1456169E-09
  8.0    8320.00   .1409603E-09
  8.0    8330.00   .1431215E-09
  8.0    8340.00   .1382402E-09
  8.0    8350.00   .1418545E-09
  8.0    8360.00   .1410811E-09
  8.0    8370.00   .1432403E-09
  8.0    8380.00   .1448022E-09
  8.0    8390.00   .1463795E-09
  8.0    8400.00   .1458163E-09
  8.0    8410.00   .1480632E-09
  8.0    8420.00   .1477363E-09
  8.0    8430.00   .1479666E-09
  8.0    8440.00   .1475185E-09
  8.0    8450.00   .1491077E-09
  8.0    8460.00   .1482770E-09
  8.0    8470.00   .1478127E-09
  8.0    8480.00   .1486871E-09
  8.0    8490.00   .1461657E-09
  8.0    8500.00   .1489821E-09
  8.0    8510.00   .1456505E-09
  8.0    8520.00   .1460163E-09
  8.0    8530.00   .1453426E-09
  8.0    8540.00   .1462165E-09
  8.0    8550.00   .1447195E-09
  8.0    8560.00   .1418893E-09
  8.0    8570.00   .1408039E-09
  8.0    8580.00   .1399515E-09
  8.0    8590.00   .1377521E-09
  8.0    8600.00   .1364540E-09
  8.0    8610.00   .1357598E-09
  8.0    8620.00   .1360469E-09
  8.0    8630.00   .1342158E-09
  8.0    8640.00   .1361111E-09
  8.0    8650.00   .1355779E-09
  8.0    8660.00   .1335163E-09
  8.0    8670.00   .1304506E-09
  8.0    8680.00   .1315171E-09
  8.0    8690.00   .1280874E-09
  8.0    8700.00   .1282474E-09
  8.0    8710.00   .1273698E-09
  8.0    8720.00   .1236258E-09
  8.0    8730.00   .1253183E-09
  8.0    8740.00   .1240254E-09
  8.0    8750.00   .1219303E-09
  8.0    8760.00   .1208135E-09
  8.0    8770.00   .1196505E-09
  8.0    8780.00   .1186484E-09
  8.0    8790.00   .1164840E-09
  8.0    8800.00   .1126274E-09
  8.0    8810.00   .1114710E-09
  8.0    8820.00   .1078186E-09
  8.0    8830.00   .1031950E-09
  8.0    8840.00   .1001977E-09
  8.0    8850.00   .9805808E-10
  8.0    8860.00   .9486565E-10
  8.0    8870.00   .9258741E-10
  8.0    8880.00   .8797530E-10
  8.0    8890.00   .8870610E-10
  8.0    8900.00   .8683325E-10
  8.0    8910.00   .8749287E-10
  8.0    8920.00   .8571957E-10
  8.0    8930.00   .8559457E-10
  8.0    8940.00   .8673935E-10
  8.0    8950.00   .8468305E-10
  8.0    8960.00   .8475373E-10
  8.0    8970.00   .8100475E-10
  8.0    8980.00   .8441131E-10
  8.0    8990.00   .7764886E-10
  8.0    9000.00   .7907732E-10
  8.0    9010.00   .7774208E-10
  8.0    9020.00   .7561567E-10
  8.0    9030.00   .7683550E-10
  8.0    9040.00   .7785057E-10
  8.0    9050.00   .7583397E-10
  8.0    9060.00   .7569641E-10
  8.0    9070.00   .7410977E-10
  8.0    9080.00   .7466014E-10
  8.0    9090.00   .7474807E-10
  8.0    9100.00   .7375792E-10
  8.0    9110.00   .7549363E-10
  8.0    9120.00   .7427666E-10
  8.0    9130.00   .7309738E-10
  8.0    9140.00   .7531628E-10
  8.0    9150.00   .7364200E-10
  8.0    9160.00   .7258569E-10
  8.0    9170.00   .7434939E-10
  8.0    9180.00   .7322178E-10
  8.0    9190.00   .7693276E-10
  8.0    9200.00   .7386356E-10
  8.0    9210.00   .7544534E-10
  8.0    9220.00   .7491078E-10
  8.0    9230.00   .7391234E-10
  8.0    9240.00   .7230804E-10
  8.0    9250.00   .7193241E-10
  8.0    9260.00   .7312796E-10
  8.0    9270.00   .7090753E-10
  8.0    9280.00   .6895248E-10
  8.0    9290.00   .6764907E-10
  8.0    9300.00   .6486264E-10
  8.0    9310.00   .5922773E-10
  8.0    9320.00   .5297931E-10
  8.0    9330.00   .5193524E-10
  8.0    9340.00   .4562520E-10
  8.0    9350.00   .4826097E-10
  8.0    9360.00   .4576676E-10
  8.0    9370.00   .4889293E-10
  8.0    9380.00   .4626177E-10
  8.0    9390.00   .5358740E-10
  8.0    9400.00   .5497598E-10
  8.0    9410.00   .5376022E-10
  8.0    9420.00   .5023289E-10
  8.0    9430.00   .4572740E-10
  8.0    9440.00   .4441451E-10
  8.0    9450.00   .4614897E-10
  8.0    9460.00   .4417091E-10
  8.0    9470.00   .4505646E-10
  8.0    9480.00   .4597671E-10
  8.0    9490.00   .4596348E-10
  8.0    9500.00   .4003460E-10
  8.0    9510.00   .4592081E-10
  8.0    9520.00   .4083203E-10
  8.0    9530.00   .4181317E-10
  8.0    9540.00   .4314277E-10
  8.0    9550.00   .4167007E-10
  8.0    9560.00   .4177464E-10
  8.0    9570.00   .3903740E-10
  8.0    9580.00   .4272011E-10
  8.0    9590.00   .3909936E-10
  8.0    9600.00   .4052251E-10
  8.0    9610.00   .3968032E-10
  8.0    9620.00   .4046269E-10
  8.0    9630.00   .3962932E-10
  8.0    9640.00   .3924688E-10
  8.0    9650.00   .3893099E-10
  8.0    9660.00   .4051956E-10
  8.0    9670.00   .3654439E-10
  8.0    9680.00   .3757763E-10
  8.0    9690.00   .3688587E-10
  8.0    9700.00   .3639323E-10
  8.0    9710.00   .3715531E-10
  8.0    9720.00   .3514750E-10
  8.0    9730.00   .3668114E-10
  8.0    9740.00   .3486693E-10
  8.0    9750.00   .3444743E-10
  8.0    9760.00   .3338228E-10
  8.0    9770.00   .3518222E-10
  8.0    9780.00   .3382820E-10
  8.0    9790.00   .3314914E-10
  8.0    9800.00   .3347612E-10
  8.0    9810.00   .3148435E-10
  8.0    9820.00   .3210438E-10
  8.0    9830.00   .3249261E-10
  8.0    9840.00   .3269416E-10
  8.0    9850.00   .3220593E-10
  8.0    9860.00   .3180714E-10
  8.0    9870.00   .3115229E-10
  8.0    9880.00   .3239809E-10
  8.0    9890.00   .3070892E-10
  8.0    9900.00   .3104746E-10
  8.0    9910.00   .2824593E-10
  8.0    9920.00   .3053426E-10
  8.0    9930.00   .2778320E-10
  8.0    9940.00   .2761545E-10
  8.0    9950.00   .3004772E-10
  8.0    9960.00   .2863056E-10
  8.0    9970.00   .2852726E-10
  8.0    9980.00   .2851228E-10
  8.0    9990.00   .2855496E-10
  8.0   10000.00   .2861383E-10
  8.0   10010.00   .2869548E-10
  8.0   10020.00   .2877677E-10
  8.0   10030.00   .2885768E-10
  8.0   10040.00   .2893824E-10
  8.0   10050.00   .2901840E-10
  8.0   10060.00   .2909823E-10
  8.0   10070.00   .2917772E-10
  8.0   10080.00   .2925687E-10
  8.0   10090.00   .2933564E-10
  8.0   10100.00   .2941406E-10
  8.0   10110.00   .2949218E-10
  8.0   10120.00   .2956995E-10
  8.0   10130.00   .2964735E-10
  8.0   10140.00   .2972447E-10
  8.0   10150.00   .2980128E-10
  8.0   10160.00   .2987772E-10
  8.0   10170.00   .2995392E-10
  8.0   10180.00   .3002977E-10
  8.0   10190.00   .3010532E-10
  8.0   10200.00   .3018059E-10
  8.0   10210.00   .3025551E-10
  8.0   10220.00   .3033018E-10
  8.0   10230.00   .3040461E-10
  8.0   10240.00   .3047872E-10
  8.0   10250.00   .3055251E-10
  8.0   10260.00   .3062606E-10
  8.0   10270.00   .3069932E-10
  8.0   10280.00   .3077235E-10
  8.0   10290.00   .3084515E-10
  8.0   10300.00   .3091765E-10
  8.0   10310.00   .3098988E-10
  8.0   10320.00   .3106193E-10
  8.0   10330.00   .3113372E-10
  8.0   10340.00   .3120524E-10
  8.0   10350.00   .3127659E-10
  8.0   10360.00   .3134767E-10
  8.0   10370.00   .3141855E-10
  8.0   10380.00   .3148919E-10
  8.0   10390.00   .3155964E-10
  8.0   10400.00   .3162985E-10
  8.0   10410.00   .3169994E-10
  8.0   10420.00   .3176976E-10
  8.0   10430.00   .3183940E-10
  8.0   10440.00   .3190889E-10
  8.0   10450.00   .3197819E-10
  8.0   10460.00   .3204728E-10
  8.0   10470.00   .3211622E-10
  8.0   10480.00   .3218496E-10
  8.0   10490.00   .3225351E-10
  8.0   10500.00   .3232193E-10
  8.0   10510.00   .3239013E-10
  8.0   10520.00   .3245814E-10
  8.0   10530.00   .3252601E-10
  8.0   10540.00   .3259374E-10
  8.0   10550.00   .3266128E-10
  8.0   10560.00   .3272863E-10
  8.0   10570.00   .3279583E-10
  8.0   10580.00   .3286291E-10
  8.0   10590.00   .3292978E-10
  8.0   10600.00   .3299651E-10
  8.0   10610.00   .3306304E-10
  8.0   10620.00   .3312949E-10
  8.0   10630.00   .3319575E-10
  8.0   10640.00   .3326184E-10
  8.0   10650.00   .3332784E-10
  8.0   10660.00   .3339362E-10
  8.0   10670.00   .3345926E-10
  8.0   10680.00   .3352481E-10
  8.0   10690.00   .3359020E-10
  8.0   10700.00   .3365545E-10
  8.0   10710.00   .3372050E-10
  8.0   10720.00   .3378548E-10
  8.0   10730.00   .3385030E-10
  8.0   10740.00   .3391498E-10
  8.0   10750.00   .3397958E-10
  8.0   10760.00   .3404403E-10
  8.0   10770.00   .3410832E-10
  8.0   10780.00   .3417248E-10
  8.0   10790.00   .3423653E-10
  8.0   10800.00   .3430044E-10
  8.0   10810.00   .3436424E-10
  8.0   10820.00   .3442794E-10
  8.0   10830.00   .3449148E-10
  8.0   10840.00   .3455491E-10
  8.0   10850.00   .3461827E-10
  8.0   10860.00   .3468150E-10
  8.0   10870.00   .3474454E-10
  8.0   10880.00   .3480756E-10
  8.0   10890.00   .3487044E-10
  8.0   10900.00   .3493321E-10
  8.0   10910.00   .3499590E-10
  8.0   10920.00   .3505844E-10
  8.0   10930.00   .3512092E-10
  8.0   10940.00   .3518329E-10
  8.0   10950.00   .3524552E-10
  8.0   10960.00   .3530770E-10
  8.0   10970.00   .3536974E-10
  8.0   10980.00   .3543171E-10
  8.0   10990.00   .3549358E-10
  8.0   11000.00   .3555538E-10
  8.0   11010.00   .3561704E-10
  8.0   11020.00   .3567866E-10
  8.0   11030.00   .3574017E-10
  8.0   11040.00   .3580158E-10
  8.0   11050.00   .3586296E-10
  8.0   11060.00   .3592425E-10
  8.0   11070.00   .3598536E-10
  8.0   11080.00   .3604651E-10
  8.0   11090.00   .3610754E-10
  8.0   11100.00   .3616846E-10
  8.0   11110.00   .3622930E-10
  8.0   11120.00   .3629014E-10
  8.0   11130.00   .3635087E-10
  8.0   11140.00   .3641151E-10
  8.0   11150.00   .3647211E-10
  8.0   11160.00   .3653262E-10
  8.0   11170.00   .3659307E-10
  8.0   11180.00   .3665350E-10
  8.0   11190.00   .3671379E-10
  8.0   11200.00   .3677408E-10
  8.0   11210.00   .3683429E-10
  8.0   11220.00   .3689445E-10
  8.0   11230.00   .3695454E-10
  8.0   11240.00   .3701457E-10
  8.0   11250.00   .3707457E-10
  8.0   11260.00   .3713450E-10
  8.0   11270.00   .3719440E-10
  8.0   11280.00   .3725422E-10
  8.0   11290.00   .3731398E-10
  8.0   11300.00   .3737373E-10
  8.0   11310.00   .3732596E-10
  8.0   11320.00   .3727842E-10
  8.0   11330.00   .3723109E-10
  8.0   11340.00   .3718400E-10
  8.0   11350.00   .3713715E-10
  8.0   11360.00   .3709052E-10
  8.0   11370.00   .3704409E-10
  8.0   11380.00   .3699791E-10
  8.0   11390.00   .3695195E-10
  8.0   11400.00   .3690621E-10
  8.0   11410.00   .3686075E-10
  8.0   11420.00   .3681545E-10
  8.0   11430.00   .3677042E-10
  8.0   11440.00   .3672557E-10
  8.0   11450.00   .3668099E-10
  8.0   11460.00   .3663660E-10
  8.0   11470.00   .3659243E-10
  8.0   11480.00   .3654853E-10
  8.0   11490.00   .3650480E-10
  8.0   11500.00   .3646133E-10
  8.0   11510.00   .3641804E-10
  8.0   11520.00   .3637500E-10
  8.0   11530.00   .3633216E-10
  8.0   11540.00   .3628953E-10
  8.0   11550.00   .3624716E-10
  8.0   11560.00   .3620495E-10
  8.0   11570.00   .3616303E-10
  8.0   11580.00   .3612128E-10
  8.0   11590.00   .3607975E-10
  8.0   11600.00   .3603845E-10
  8.0   11610.00   .3599735E-10
  8.0   11620.00   .3595649E-10
  8.0   11630.00   .3591584E-10
  8.0   11640.00   .3587539E-10
  8.0   11650.00   .3583516E-10
  8.0   11660.00   .3579514E-10
  8.0   11670.00   .3575536E-10
  8.0   11680.00   .3571577E-10
  8.0   11690.00   .3567638E-10
  8.0   11700.00   .3563720E-10
  8.0   11710.00   .3559826E-10
  8.0   11720.00   .3555952E-10
  8.0   11730.00   .3552097E-10
  8.0   11740.00   .3548264E-10
  8.0   11750.00   .3544455E-10
  8.0   11760.00   .3540667E-10
  8.0   11770.00   .3536898E-10
  8.0   11780.00   .3533149E-10
  8.0   11790.00   .3529419E-10
  8.0   11800.00   .3525714E-10
  8.0   11810.00   .3522029E-10
  8.0   11820.00   .3518366E-10
  8.0   11830.00   .3514723E-10
  8.0   11840.00   .3511097E-10
  8.0   11850.00   .3507497E-10
  8.0   11860.00   .3503914E-10
  8.0   11870.00   .3500352E-10
  8.0   11880.00   .3496810E-10
  8.0   11890.00   .3493294E-10
  8.0   11900.00   .3489790E-10
  8.0   11910.00   .3486310E-10
  8.0   11920.00   .3482852E-10
  8.0   11930.00   .3479413E-10
  8.0   11940.00   .3475995E-10
  8.0   11950.00   .3472594E-10
  8.0   11960.00   .3469219E-10
  8.0   11970.00   .3465861E-10
  8.0   11980.00   .3462522E-10
  8.0   11990.00   .3459205E-10
  8.0   12000.00   .3455909E-10
  8.0   12010.00   .3452630E-10
  8.0   12020.00   .3449371E-10
  8.0   12030.00   .3446136E-10
  8.0   12040.00   .3442919E-10
  8.0   12050.00   .3439724E-10
  8.0   12060.00   .3436544E-10
  8.0   12070.00   .3433386E-10
  8.0   12080.00   .3430250E-10
  8.0   12090.00   .3427132E-10
  8.0   12100.00   .3424032E-10
  8.0   12110.00   .3420952E-10
  8.0   12120.00   .3417894E-10
  8.0   12130.00   .3414857E-10
  8.0   12140.00   .3411839E-10
  8.0   12150.00   .3408839E-10
  8.0   12160.00   .3405857E-10
  8.0   12170.00   .3402900E-10
  8.0   12180.00   .3399955E-10
  8.0   12190.00   .3397037E-10
  8.0   12200.00   .3394133E-10
  8.0   12210.00   .3391248E-10
  8.0   12220.00   .3388391E-10
  8.0   12230.00   .3385546E-10
  8.0   12240.00   .3382723E-10
  8.0   12250.00   .3379918E-10
  8.0   12260.00   .3377131E-10
  8.0   12270.00   .3374366E-10
  8.0   12280.00   .3371619E-10
  8.0   12290.00   .3368891E-10
  8.0   12300.00   .3366180E-10
  8.0   12310.00   .3363495E-10
  8.0   12320.00   .3360823E-10
  8.0   12330.00   .3358174E-10
  8.0   12340.00   .3355542E-10
  8.0   12350.00   .3352928E-10
  8.0   12360.00   .3350335E-10
  8.0   12370.00   .3347759E-10
  8.0   12380.00   .3345204E-10
  8.0   12390.00   .3342668E-10
  8.0   12400.00   .3340153E-10
  8.0   12410.00   .3337652E-10
  8.0   12420.00   .3335173E-10
  8.0   12430.00   .3332713E-10
  8.0   12440.00   .3330267E-10
  8.0   12450.00   .3327848E-10
  8.0   12460.00   .3325448E-10
  8.0   12470.00   .3323059E-10
  8.0   12480.00   .3320693E-10
  8.0   12490.00   .3318345E-10
  8.0   12500.00   .3316016E-10
  8.0   12510.00   .3315982E-10
  8.0   12520.00   .3315959E-10
  8.0   12530.00   .3315950E-10
  8.0   12540.00   .3315952E-10
  8.0   12550.00   .3315966E-10
  8.0   12560.00   .3315994E-10
  8.0   12570.00   .3316033E-10
  8.0   12580.00   .3316089E-10
  8.0   12590.00   .3316155E-10
  8.0   12600.00   .3316231E-10
  8.0   12610.00   .3316321E-10
  8.0   12620.00   .3316423E-10
  8.0   12630.00   .3316540E-10
  8.0   12640.00   .3316667E-10
  8.0   12650.00   .3316810E-10
  8.0   12660.00   .3316965E-10
  8.0   12670.00   .3317132E-10
  8.0   12680.00   .3317311E-10
  8.0   12690.00   .3317503E-10
  8.0   12700.00   .3317707E-10
  8.0   12710.00   .3317930E-10
  8.0   12720.00   .3318157E-10
  8.0   12730.00   .3318406E-10
  8.0   12740.00   .3318663E-10
  8.0   12750.00   .3318932E-10
  8.0   12760.00   .3319215E-10
  8.0   12770.00   .3319514E-10
  8.0   12780.00   .3319825E-10
  8.0   12790.00   .3320149E-10
  8.0   12800.00   .3320487E-10
  8.0   12810.00   .3320835E-10
  8.0   12820.00   .3321198E-10
  8.0   12830.00   .3321575E-10
  8.0   12840.00   .3321967E-10
  8.0   12850.00   .3322367E-10
  8.0   12860.00   .3322780E-10
  8.0   12870.00   .3323213E-10
  8.0   12880.00   .3323658E-10
  8.0   12890.00   .3324112E-10
  8.0   12900.00   .3324580E-10
  8.0   12910.00   .3325067E-10
  8.0   12920.00   .3325562E-10
  8.0   12930.00   .3326069E-10
  8.0   12940.00   .3326590E-10
  8.0   12950.00   .3327123E-10
  8.0   12960.00   .3327672E-10
  8.0   12970.00   .3328229E-10
  8.0   12980.00   .3328797E-10
  8.0   12990.00   .3329381E-10
  8.0   13000.00   .3329976E-10
  8.0   13010.00   .3330582E-10
  8.0   13020.00   .3331205E-10
  8.0   13030.00   .3331835E-10
  8.0   13040.00   .3332479E-10
  8.0   13050.00   .3333134E-10
  8.0   13060.00   .3333800E-10
  8.0   13070.00   .3334480E-10
  8.0   13080.00   .3335171E-10
  8.0   13090.00   .3335876E-10
  8.0   13100.00   .3336585E-10
  8.0   13110.00   .3337310E-10
  8.0   13120.00   .3338047E-10
  8.0   13130.00   .3338796E-10
  8.0   13140.00   .3339553E-10
  8.0   13150.00   .3340324E-10
  8.0   13160.00   .3341102E-10
  8.0   13170.00   .3341894E-10
  8.0   13180.00   .3342698E-10
  8.0   13190.00   .3343512E-10
  8.0   13200.00   .3344335E-10
  8.0   13210.00   .3345168E-10
  8.0   13220.00   .3346011E-10
  8.0   13230.00   .3346870E-10
  8.0   13240.00   .3347734E-10
  8.0   13250.00   .3348608E-10
  8.0   13260.00   .3349494E-10
  8.0   13270.00   .3350392E-10
  8.0   13280.00   .3351301E-10
  8.0   13290.00   .3352212E-10
  8.0   13300.00   .3353141E-10
  8.0   13310.00   .3354075E-10
  8.0   13320.00   .3355018E-10
  8.0   13330.00   .3355976E-10
  8.0   13340.00   .3356941E-10
  8.0   13350.00   .3357914E-10
  8.0   13360.00   .3358899E-10
  8.0   13370.00   .3359887E-10
  8.0   13380.00   .3360889E-10
  8.0   13390.00   .3361905E-10
  8.0   13400.00   .3362921E-10
  8.0   13410.00   .3363950E-10
  8.0   13420.00   .3364990E-10
  8.0   13430.00   .3366035E-10
  8.0   13440.00   .3367091E-10
  8.0   13450.00   .3368149E-10
  8.0   13460.00   .3369225E-10
  8.0   13470.00   .3370308E-10
  8.0   13480.00   .3371395E-10
  8.0   13490.00   .3372491E-10
  8.0   13500.00   .3373597E-10
  8.0   13510.00   .3374716E-10
  8.0   13520.00   .3375832E-10
  8.0   13530.00   .3376961E-10
  8.0   13540.00   .3378101E-10
  8.0   13550.00   .3379246E-10
  8.0   13560.00   .3380396E-10
  8.0   13570.00   .3381559E-10
  8.0   13580.00   .3382724E-10
  8.0   13590.00   .3383900E-10
  8.0   13600.00   .3385086E-10
  8.0   13610.00   .3386274E-10
  8.0   13620.00   .3387470E-10
  8.0   13630.00   .3388676E-10
  8.0   13640.00   .3389889E-10
  8.0   13650.00   .3391105E-10
  8.0   13660.00   .3392331E-10
  8.0   13670.00   .3393563E-10
  8.0   13680.00   .3394805E-10
  8.0   13690.00   .3396047E-10
  8.0   13700.00   .3397296E-10
  8.0   13710.00   .3380671E-10
  8.0   13720.00   .3364035E-10
  8.0   13730.00   .3347389E-10
  8.0   13740.00   .3330738E-10
  8.0   13750.00   .3314080E-10
  8.0   13760.00   .3297415E-10
  8.0   13770.00   .3280737E-10
  8.0   13780.00   .3264058E-10
  8.0   13790.00   .3247365E-10
  8.0   13800.00   .3230668E-10
  8.0   13810.00   .3213955E-10
  8.0   13820.00   .3197244E-10
  8.0   13830.00   .3180516E-10
  8.0   13840.00   .3163784E-10
  8.0   13850.00   .3147037E-10
  8.0   13860.00   .3130287E-10
  8.0   13870.00   .3113521E-10
  8.0   13880.00   .3096747E-10
  8.0   13890.00   .3079970E-10
  8.0   13900.00   .3063175E-10
  8.0   13910.00   .3046372E-10
  8.0   13920.00   .3029563E-10
  8.0   13930.00   .3012736E-10
  8.0   13940.00   .2995903E-10
  8.0   13950.00   .2979059E-10
  8.0   13960.00   .2962200E-10
  8.0   13970.00   .2945338E-10
  8.0   13980.00   .2928460E-10
  8.0   13990.00   .2911566E-10
  8.0   14000.00   .2894669E-10
  8.0   14010.00   .2877757E-10
  8.0   14020.00   .2860833E-10
  8.0   14030.00   .2843897E-10
  8.0   14040.00   .2826945E-10
  8.0   14050.00   .2809985E-10
  8.0   14060.00   .2793012E-10
  8.0   14070.00   .2776027E-10
  8.0   14080.00   .2759031E-10
  8.0   14090.00   .2742018E-10
  8.0   14100.00   .2724997E-10
  8.0   14110.00   .2707956E-10
  8.0   14120.00   .2690912E-10
  8.0   14130.00   .2673848E-10
  8.0   14140.00   .2656772E-10
  8.0   14150.00   .2639682E-10
  8.0   14160.00   .2622580E-10
  8.0   14170.00   .2605465E-10
  8.0   14180.00   .2588336E-10
  8.0   14190.00   .2571190E-10
  8.0   14200.00   .2554034E-10
  8.0   14210.00   .2536862E-10
  8.0   14220.00   .2519677E-10
  8.0   14230.00   .2502478E-10
  8.0   14240.00   .2485261E-10
  8.0   14250.00   .2468033E-10
  8.0   14260.00   .2450791E-10
  8.0   14270.00   .2433531E-10
  8.0   14280.00   .2416259E-10
  8.0   14290.00   .2398977E-10
  8.0   14300.00   .2381668E-10
  8.0   14310.00   .2364354E-10
  8.0   14320.00   .2347022E-10
  8.0   14330.00   .2329676E-10
  8.0   14340.00   .2312314E-10
  8.0   14350.00   .2294937E-10
  8.0   14360.00   .2277545E-10
  8.0   14370.00   .2260138E-10
  8.0   14380.00   .2242714E-10
  8.0   14390.00   .2225273E-10
  8.0   14400.00   .2207821E-10
  8.0   14410.00   .2190353E-10
  8.0   14420.00   .2172864E-10
  8.0   14430.00   .2155363E-10
  8.0   14440.00   .2137848E-10
  8.0   14450.00   .2120317E-10
  8.0   14460.00   .2102764E-10
  8.0   14470.00   .2085203E-10
  8.0   14480.00   .2067622E-10
  8.0   14490.00   .2050023E-10
  8.0   14500.00   .2032411E-10
  8.0   14510.00   .2014782E-10
  8.0   14520.00   .1997136E-10
  8.0   14530.00   .1979474E-10
  8.0   14540.00   .1961799E-10
  8.0   14550.00   .1944103E-10
  8.0   14560.00   .1926392E-10
  8.0   14570.00   .1908666E-10
  8.0   14580.00   .1890923E-10
  8.0   14590.00   .1873164E-10
  8.0   14600.00   .1855388E-10
  8.0   14610.00   .1837596E-10
  8.0   14620.00   .1819788E-10
  8.0   14630.00   .1801961E-10
  8.0   14640.00   .1784119E-10
  8.0   14650.00   .1766261E-10
  8.0   14660.00   .1748386E-10
  8.0   14670.00   .1730495E-10
  8.0   14680.00   .1712590E-10
  8.0   14690.00   .1694663E-10
  8.0   14700.00   .1676722E-10
  8.0   14710.00   .1658764E-10
  8.0   14720.00   .1640790E-10
  8.0   14730.00   .1622797E-10
  8.0   14740.00   .1604792E-10
  8.0   14750.00   .1586768E-10
  8.0   14760.00   .1568727E-10
  8.0   14770.00   .1550670E-10
  8.0   14780.00   .1532597E-10
  8.0   14790.00   .1514506E-10
  8.0   14800.00   .1496400E-10
  8.0   14810.00   .1478278E-10
  8.0   14820.00   .1460138E-10
  8.0   14830.00   .1441981E-10
  8.0   14840.00   .1423810E-10
  8.0   14850.00   .1405621E-10
  8.0   14860.00   .1387416E-10
  8.0   14870.00   .1369196E-10
  8.0   14880.00   .1350958E-10
  8.0   14890.00   .1332705E-10
  8.0   14900.00   .1314436E-10
  8.0   14910.00   .1296151E-10
  8.0   14920.00   .1277851E-10
  8.0   14930.00   .1259535E-10
  8.0   14940.00   .1241201E-10
  8.0   14950.00   .1222854E-10
  8.0   14960.00   .1204491E-10
  8.0   14970.00   .1186111E-10
  8.0   14980.00   .1167718E-10
  8.0   14990.00   .1149309E-10
  8.0   15000.00   .1130883E-10
  8.0   15010.00   .1131300E-10
  8.0   15020.00   .1131716E-10
  8.0   15030.00   .1132131E-10
  8.0   15040.00   .1132544E-10
  8.0   15050.00   .1132956E-10
  8.0   15060.00   .1133366E-10
  8.0   15070.00   .1133776E-10
  8.0   15080.00   .1134185E-10
  8.0   15090.00   .1134591E-10
  8.0   15100.00   .1134997E-10
  8.0   15110.00   .1135401E-10
  8.0   15120.00   .1135803E-10
  8.0   15130.00   .1136206E-10
  8.0   15140.00   .1136607E-10
  8.0   15150.00   .1137007E-10
  8.0   15160.00   .1137405E-10
  8.0   15170.00   .1137801E-10
  8.0   15180.00   .1138198E-10
  8.0   15190.00   .1138593E-10
  8.0   15200.00   .1138986E-10
  8.0   15210.00   .1139378E-10
  8.0   15220.00   .1139770E-10
  8.0   15230.00   .1140159E-10
  8.0   15240.00   .1140548E-10
  8.0   15250.00   .1140936E-10
  8.0   15260.00   .1141322E-10
  8.0   15270.00   .1141707E-10
  8.0   15280.00   .1142092E-10
  8.0   15290.00   .1142474E-10
  8.0   15300.00   .1142856E-10
  8.0   15310.00   .1143236E-10
  8.0   15320.00   .1143616E-10
  8.0   15330.00   .1143995E-10
  8.0   15340.00   .1144371E-10
  8.0   15350.00   .1144747E-10
  8.0   15360.00   .1145122E-10
  8.0   15370.00   .1145496E-10
  8.0   15380.00   .1145868E-10
  8.0   15390.00   .1146239E-10
  8.0   15400.00   .1146610E-10
  8.0   15410.00   .1146980E-10
  8.0   15420.00   .1147347E-10
  8.0   15430.00   .1147714E-10
  8.0   15440.00   .1148081E-10
  8.0   15450.00   .1148446E-10
  8.0   15460.00   .1148809E-10
  8.0   15470.00   .1149172E-10
  8.0   15480.00   .1149533E-10
  8.0   15490.00   .1149894E-10
  8.0   15500.00   .1150253E-10
  8.0   15510.00   .1150610E-10
  8.0   15520.00   .1150968E-10
  8.0   15530.00   .1151324E-10
  8.0   15540.00   .1151680E-10
  8.0   15550.00   .1152033E-10
  8.0   15560.00   .1152386E-10
  8.0   15570.00   .1152738E-10
  8.0   15580.00   .1153089E-10
  8.0   15590.00   .1153438E-10
  8.0   15600.00   .1153787E-10
  8.0   15610.00   .1154135E-10
  8.0   15620.00   .1154481E-10
  8.0   15630.00   .1154827E-10
  8.0   15640.00   .1155171E-10
  8.0   15650.00   .1155515E-10
  8.0   15660.00   .1155857E-10
  8.0   15670.00   .1156199E-10
  8.0   15680.00   .1156540E-10
  8.0   15690.00   .1156879E-10
  8.0   15700.00   .1157218E-10
  8.0   15710.00   .1157555E-10
  8.0   15720.00   .1157892E-10
  8.0   15730.00   .1158227E-10
  8.0   15740.00   .1158562E-10
  8.0   15750.00   .1158895E-10
  8.0   15760.00   .1159228E-10
  8.0   15770.00   .1159561E-10
  8.0   15780.00   .1159891E-10
  8.0   15790.00   .1160220E-10
  8.0   15800.00   .1160549E-10
  8.0   15810.00   .1160877E-10
  8.0   15820.00   .1161203E-10
  8.0   15830.00   .1161530E-10
  8.0   15840.00   .1161854E-10
  8.0   15850.00   .1162178E-10
  8.0   15860.00   .1162501E-10
  8.0   15870.00   .1162823E-10
  8.0   15880.00   .1163144E-10
  8.0   15890.00   .1163465E-10
  8.0   15900.00   .1163784E-10
  8.0   15910.00   .1164103E-10
  8.0   15920.00   .1164420E-10
  8.0   15930.00   .1164737E-10
  8.0   15940.00   .1165052E-10
  8.0   15950.00   .1165368E-10
  8.0   15960.00   .1165682E-10
  8.0   15970.00   .1165994E-10
  8.0   15980.00   .1166307E-10
  8.0   15990.00   .1166618E-10
  8.0   16000.00   .1166928E-10
  8.0   16010.00   .1167238E-10
  8.0   16020.00   .1167547E-10
  8.0   16030.00   .1167854E-10
  8.0   16040.00   .1168161E-10
  8.0   16050.00   .1168468E-10
  8.0   16060.00   .1168773E-10
  8.0   16070.00   .1169077E-10
  8.0   16080.00   .1169381E-10
  8.0   16090.00   .1169683E-10
  8.0   16100.00   .1169985E-10
  8.0   16110.00   .1170286E-10
  8.0   16120.00   .1170587E-10
  8.0   16130.00   .1170886E-10
  8.0   16140.00   .1171184E-10
  8.0   16150.00   .1171482E-10
  8.0   16160.00   .1171780E-10
  8.0   16170.00   .1172076E-10
  8.0   16180.00   .1172371E-10
  8.0   16190.00   .1172667E-10
  8.0   16200.00   .1172960E-10
  8.0   16210.00   .1173252E-10
  8.0   16220.00   .1173545E-10
  8.0   16230.00   .1173836E-10
  8.0   16240.00   .1174127E-10
  8.0   16250.00   .1174417E-10
  8.0   16260.00   .1174400E-10
  8.0   16270.00   .1174385E-10
  8.0   16280.00   .1174368E-10
  8.0   16290.00   .1174351E-10
  8.0   16300.00   .1174334E-10
  8.0   16310.00   .1174317E-10
  8.0   16320.00   .1174299E-10
  8.0   16330.00   .1174281E-10
  8.0   16340.00   .1174262E-10
  8.0   16350.00   .1174244E-10
  8.0   16360.00   .1174226E-10
  8.0   16370.00   .1174206E-10
  8.0   16380.00   .1174187E-10
  8.0   16390.00   .1174166E-10
  8.0   16400.00   .1174146E-10
  8.0   16410.00   .1174126E-10
  8.0   16420.00   .1174105E-10
  8.0   16430.00   .1174085E-10
  8.0   16440.00   .1174063E-10
  8.0   16450.00   .1174042E-10
  8.0   16460.00   .1174020E-10
  8.0   16470.00   .1173997E-10
  8.0   16480.00   .1173975E-10
  8.0   16490.00   .1173952E-10
  8.0   16500.00   .1173930E-10
  8.0   16510.00   .1173907E-10
  8.0   16520.00   .1173883E-10
  8.0   16530.00   .1173859E-10
  8.0   16540.00   .1173836E-10
  8.0   16550.00   .1173812E-10
  8.0   16560.00   .1173788E-10
  8.0   16570.00   .1173763E-10
  8.0   16580.00   .1173739E-10
  8.0   16590.00   .1173713E-10
  8.0   16600.00   .1173689E-10
  8.0   16610.00   .1173664E-10
  8.0   16620.00   .1173638E-10
  8.0   16630.00   .1173613E-10
  8.0   16640.00   .1173587E-10
  8.0   16650.00   .1173560E-10
  8.0   16660.00   .1173534E-10
  8.0   16670.00   .1173507E-10
  8.0   16680.00   .1173481E-10
  8.0   16690.00   .1173454E-10
  8.0   16700.00   .1173427E-10
  8.0   16710.00   .1173400E-10
  8.0   16720.00   .1173373E-10
  8.0   16730.00   .1173345E-10
  8.0   16740.00   .1173318E-10
  8.0   16750.00   .1173290E-10
  8.0   16760.00   .1173262E-10
  8.0   16770.00   .1173234E-10
  8.0   16780.00   .1173206E-10
  8.0   16790.00   .1173177E-10
  8.0   16800.00   .1173149E-10
  8.0   16810.00   .1173121E-10
  8.0   16820.00   .1173092E-10
  8.0   16830.00   .1173063E-10
  8.0   16840.00   .1173034E-10
  8.0   16850.00   .1173004E-10
  8.0   16860.00   .1172976E-10
  8.0   16870.00   .1172946E-10
  8.0   16880.00   .1172917E-10
  8.0   16890.00   .1172888E-10
  8.0   16900.00   .1172858E-10
  8.0   16910.00   .1172828E-10
  8.0   16920.00   .1172797E-10
  8.0   16930.00   .1172768E-10
  8.0   16940.00   .1172737E-10
  8.0   16950.00   .1172707E-10
  8.0   16960.00   .1172677E-10
  8.0   16970.00   .1172646E-10
  8.0   16980.00   .1172614E-10
  8.0   16990.00   .1172584E-10
  8.0   17000.00   .1172553E-10
  8.0   17010.00   .1172522E-10
  8.0   17020.00   .1172491E-10
  8.0   17030.00   .1172459E-10
  8.0   17040.00   .1172428E-10
  8.0   17050.00   .1172395E-10
  8.0   17060.00   .1172364E-10
  8.0   17070.00   .1172332E-10
  8.0   17080.00   .1172300E-10
  8.0   17090.00   .1172268E-10
  8.0   17100.00   .1172235E-10
  8.0   17110.00   .1172203E-10
  8.0   17120.00   .1172170E-10
  8.0   17130.00   .1172138E-10
  8.0   17140.00   .1172105E-10
  8.0   17150.00   .1172072E-10
  8.0   17160.00   .1172039E-10
  8.0   17170.00   .1172005E-10
  8.0   17180.00   .1171972E-10
  8.0   17190.00   .1171938E-10
  8.0   17200.00   .1171904E-10
  8.0   17210.00   .1171870E-10
  8.0   17220.00   .1171836E-10
  8.0   17230.00   .1171802E-10
  8.0   17240.00   .1171768E-10
  8.0   17250.00   .1171734E-10
  8.0   17260.00   .1171699E-10
  8.0   17270.00   .1171665E-10
  8.0   17280.00   .1171630E-10
  8.0   17290.00   .1171595E-10
  8.0   17300.00   .1171561E-10
  8.0   17310.00   .1171526E-10
  8.0   17320.00   .1171490E-10
  8.0   17330.00   .1171454E-10
  8.0   17340.00   .1171420E-10
  8.0   17350.00   .1171384E-10
  8.0   17360.00   .1171348E-10
  8.0   17370.00   .1171312E-10
  8.0   17380.00   .1171276E-10
  8.0   17390.00   .1171240E-10
  8.0   17400.00   .1171203E-10
  8.0   17410.00   .1171167E-10
  8.0   17420.00   .1171130E-10
  8.0   17430.00   .1171094E-10
  8.0   17440.00   .1171056E-10
  8.0   17450.00   .1171018E-10
  8.0   17460.00   .1170983E-10
  8.0   17470.00   .1170946E-10
  8.0   17480.00   .1170908E-10
  8.0   17490.00   .1170870E-10
  8.0   17500.00   .1170833E-10
  8.0   17510.00   .1170794E-10
  8.0   17520.00   .1170757E-10
  8.0   17530.00   .1170719E-10
  8.0   17540.00   .1170681E-10
  8.0   17550.00   .1170642E-10
  8.0   17560.00   .1170603E-10
  8.0   17570.00   .1170564E-10
  8.0   17580.00   .1170526E-10
  8.0   17590.00   .1170487E-10
  8.0   17600.00   .1170449E-10
  8.0   17610.00   .1170408E-10
  8.0   17620.00   .1170369E-10
  8.0   17630.00   .1170329E-10
  8.0   17640.00   .1170290E-10
  8.0   17650.00   .1170250E-10
  8.0   17660.00   .1170210E-10
  8.0   17670.00   .1170170E-10
  8.0   17680.00   .1170130E-10
  8.0   17690.00   .1170089E-10
  8.0   17700.00   .1170049E-10
  8.0   17710.00   .1170008E-10
  8.0   17720.00   .1169967E-10
  8.0   17730.00   .1169926E-10
  8.0   17740.00   .1169885E-10
  8.0   17750.00   .1169844E-10
  8.0   17760.00   .1169802E-10
  8.0   17770.00   .1169762E-10
  8.0   17780.00   .1169721E-10
  8.0   17790.00   .1169677E-10
  8.0   17800.00   .1169636E-10
  8.0   17810.00   .1169594E-10
  8.0   17820.00   .1169552E-10
  8.0   17830.00   .1169510E-10
  8.0   17840.00   .1169467E-10
  8.0   17850.00   .1169425E-10
  8.0   17860.00   .1169382E-10
  8.0   17870.00   .1169339E-10
  8.0   17880.00   .1169296E-10
  8.0   17890.00   .1169253E-10
  8.0   17900.00   .1169209E-10
  8.0   17910.00   .1169167E-10
  8.0   17920.00   .1169122E-10
  8.0   17930.00   .1169079E-10
  8.0   17940.00   .1169034E-10
  8.0   17950.00   .1168990E-10
  8.0   17960.00   .1168947E-10
  8.0   17970.00   .1168902E-10
  8.0   17980.00   .1168858E-10
  8.0   17990.00   .1168814E-10
  8.0   18000.00   .1168769E-10
  8.0   18010.00   .1165420E-10
  8.0   18020.00   .1162071E-10
  8.0   18030.00   .1158723E-10
  8.0   18040.00   .1155374E-10
  8.0   18050.00   .1152027E-10
  8.0   18060.00   .1148678E-10
  8.0   18070.00   .1145331E-10
  8.0   18080.00   .1141983E-10
  8.0   18090.00   .1138636E-10
  8.0   18100.00   .1135287E-10
  8.0   18110.00   .1131940E-10
  8.0   18120.00   .1128593E-10
  8.0   18130.00   .1125246E-10
  8.0   18140.00   .1121899E-10
  8.0   18150.00   .1118552E-10
  8.0   18160.00   .1115204E-10
  8.0   18170.00   .1111858E-10
  8.0   18180.00   .1108511E-10
  8.0   18190.00   .1105165E-10
  8.0   18200.00   .1101819E-10
  8.0   18210.00   .1098473E-10
  8.0   18220.00   .1095127E-10
  8.0   18230.00   .1091781E-10
  8.0   18240.00   .1088434E-10
  8.0   18250.00   .1085089E-10
  8.0   18260.00   .1081744E-10
  8.0   18270.00   .1078398E-10
  8.0   18280.00   .1075053E-10
  8.0   18290.00   .1071707E-10
  8.0   18300.00   .1068363E-10
  8.0   18310.00   .1065018E-10
  8.0   18320.00   .1061673E-10
  8.0   18330.00   .1058328E-10
  8.0   18340.00   .1054985E-10
  8.0   18350.00   .1051640E-10
  8.0   18360.00   .1048297E-10
  8.0   18370.00   .1044952E-10
  8.0   18380.00   .1041609E-10
  8.0   18390.00   .1038265E-10
  8.0   18400.00   .1034921E-10
  8.0   18410.00   .1031579E-10
  8.0   18420.00   .1028235E-10
  8.0   18430.00   .1024892E-10
  8.0   18440.00   .1021549E-10
  8.0   18450.00   .1018206E-10
  8.0   18460.00   .1014864E-10
  8.0   18470.00   .1011522E-10
  8.0   18480.00   .1008179E-10
  8.0   18490.00   .1004838E-10
  8.0   18500.00   .1001496E-10
  8.0   18510.00   .9981540E-11
  8.0   18520.00   .9948122E-11
  8.0   18530.00   .9914713E-11
  8.0   18540.00   .9881300E-11
  8.0   18550.00   .9847890E-11
  8.0   18560.00   .9814483E-11
  8.0   18570.00   .9781076E-11
  8.0   18580.00   .9747672E-11
  8.0   18590.00   .9714265E-11
  8.0   18600.00   .9680862E-11
  8.0   18610.00   .9647462E-11
  8.0   18620.00   .9614064E-11
  8.0   18630.00   .9580672E-11
  8.0   18640.00   .9547275E-11
  8.0   18650.00   .9513890E-11
  8.0   18660.00   .9480490E-11
  8.0   18670.00   .9447105E-11
  8.0   18680.00   .9413715E-11
  8.0   18690.00   .9380331E-11
  8.0   18700.00   .9346946E-11
  8.0   18710.00   .9313565E-11
  8.0   18720.00   .9280187E-11
  8.0   18730.00   .9246810E-11
  8.0   18740.00   .9213431E-11
  8.0   18750.00   .9180060E-11
  8.0   18760.00   .9146687E-11
  8.0   18770.00   .9113320E-11
  8.0   18780.00   .9079949E-11
  8.0   18790.00   .9046586E-11
  8.0   18800.00   .9013224E-11
  8.0   18810.00   .8979859E-11
  8.0   18820.00   .8946500E-11
  8.0   18830.00   .8913143E-11
  8.0   18840.00   .8879788E-11
  8.0   18850.00   .8846431E-11
  8.0   18860.00   .8813082E-11
  8.0   18870.00   .8779730E-11
  8.0   18880.00   .8746384E-11
  8.0   18890.00   .8713039E-11
  8.0   18900.00   .8679697E-11
  8.0   18910.00   .8646362E-11
  8.0   18920.00   .8613023E-11
  8.0   18930.00   .8579675E-11
  8.0   18940.00   .8546346E-11
  8.0   18950.00   .8513013E-11
  8.0   18960.00   .8479687E-11
  8.0   18970.00   .8446348E-11
  8.0   18980.00   .8413032E-11
  8.0   18990.00   .8379703E-11
  8.0   19000.00   .8346387E-11
  8.0   19010.00   .8313065E-11
  8.0   19020.00   .8279754E-11
  8.0   19030.00   .8246438E-11
  8.0   19040.00   .8213122E-11
  8.0   19050.00   .8179813E-11
  8.0   19060.00   .8146505E-11
  8.0   19070.00   .8113203E-11
  8.0   19080.00   .8079905E-11
  8.0   19090.00   .8046601E-11
  8.0   19100.00   .8013304E-11
  8.0   19110.00   .7980006E-11
  8.0   19120.00   .7946712E-11
  8.0   19130.00   .7913423E-11
  8.0   19140.00   .7880134E-11
  8.0   19150.00   .7846849E-11
  8.0   19160.00   .7813566E-11
  8.0   19170.00   .7780284E-11
  8.0   19180.00   .7747004E-11
  8.0   19190.00   .7713731E-11
  8.0   19200.00   .7680455E-11
  8.0   19210.00   .7647190E-11
  8.0   19220.00   .7613920E-11
  8.0   19230.00   .7580653E-11
  8.0   19240.00   .7547393E-11
  8.0   19250.00   .7514131E-11
  8.0   19260.00   .7480875E-11
  8.0   19270.00   .7447613E-11
  8.0   19280.00   .7414367E-11
  8.0   19290.00   .7381115E-11
  8.0   19300.00   .7347866E-11
  8.0   19310.00   .7314617E-11
  8.0   19320.00   .7281381E-11
  8.0   19330.00   .7248140E-11
  8.0   19340.00   .7214904E-11
  8.0   19350.00   .7181669E-11
  8.0   19360.00   .7148441E-11
  8.0   19370.00   .7115207E-11
  8.0   19380.00   .7081979E-11
  8.0   19390.00   .7048759E-11
  8.0   19400.00   .7015533E-11
  8.0   19410.00   .6982320E-11
  8.0   19420.00   .6949105E-11
  8.0   19430.00   .6915899E-11
  8.0   19440.00   .6882686E-11
  8.0   19450.00   .6849477E-11
  8.0   19460.00   .6816273E-11
  8.0   19470.00   .6783075E-11
  8.0   19480.00   .6749873E-11
  8.0   19490.00   .6716677E-11
  8.0   19500.00   .6683488E-11
  8.0   19510.00   .6650297E-11
  8.0   19520.00   .6617109E-11
  8.0   19530.00   .6583928E-11
  8.0   19540.00   .6550746E-11
  8.0   19550.00   .6517571E-11
  8.0   19560.00   .6484398E-11
  8.0   19570.00   .6451223E-11
  8.0   19580.00   .6418058E-11
  8.0   19590.00   .6384887E-11
  8.0   19600.00   .6351733E-11
  8.0   19610.00   .6318570E-11
  8.0   19620.00   .6285411E-11
  8.0   19630.00   .6252257E-11
  8.0   19640.00   .6219108E-11
  8.0   19650.00   .6185961E-11
  8.0   19660.00   .6152820E-11
  8.0   19670.00   .6119676E-11
  8.0   19680.00   .6086540E-11
  8.0   19690.00   .6053407E-11
  8.0   19700.00   .6020279E-11
  8.0   19710.00   .5987145E-11
  8.0   19720.00   .5954027E-11
  8.0   19730.00   .5920910E-11
  8.0   19740.00   .5887791E-11
  8.0   19750.00   .5854678E-11
  8.0   19760.00   .5821570E-11
  8.0   19770.00   .5788464E-11
  8.0   19780.00   .5755360E-11
  8.0   19790.00   .5722266E-11
  8.0   19800.00   .5689169E-11
  8.0   19810.00   .5656083E-11
  8.0   19820.00   .5622991E-11
  8.0   19830.00   .5589910E-11
  8.0   19840.00   .5556831E-11
  8.0   19850.00   .5523756E-11
  8.0   19860.00   .5490685E-11
  8.0   19870.00   .5457615E-11
  8.0   19880.00   .5424553E-11
  8.0   19890.00   .5391495E-11
  8.0   19900.00   .5358434E-11
  8.0   19910.00   .5325382E-11
  8.0   19920.00   .5292340E-11
  8.0   19930.00   .5259293E-11
  8.0   19940.00   .5226256E-11
  8.0   19950.00   .5193218E-11
  8.0   19960.00   .5160184E-11
  8.0   19970.00   .5127159E-11
  8.0   19980.00   .5094135E-11
  8.0   19990.00   .5061116E-11
  8.0   20000.00   .5028100E-11
  8.0   20010.00   .4995091E-11
  8.0   20020.00   .4962087E-11
  8.0   20030.00   .4929078E-11
  8.0   20040.00   .4896082E-11
  8.0   20050.00   .4863090E-11
  8.0   20060.00   .4830099E-11
  8.0   20070.00   .4797114E-11
  8.0   20080.00   .4764134E-11
  8.0   20090.00   .4731155E-11
  8.0   20100.00   .4698187E-11
  8.0   20110.00   .4697893E-11
  8.0   20120.00   .4697610E-11
  8.0   20130.00   .4697316E-11
  8.0   20140.00   .4697025E-11
  8.0   20150.00   .4696744E-11
  8.0   20160.00   .4696452E-11
  8.0   20170.00   .4696167E-11
  8.0   20180.00   .4695877E-11
  8.0   20190.00   .4695589E-11
  8.0   20200.00   .4695305E-11
  8.0   20210.00   .4695018E-11
  8.0   20220.00   .4694735E-11
  8.0   20230.00   .4694449E-11
  8.0   20240.00   .4694167E-11
  8.0   20250.00   .4693882E-11
  8.0   20260.00   .4693600E-11
  8.0   20270.00   .4693319E-11
  8.0   20280.00   .4693037E-11
  8.0   20290.00   .4692752E-11
  8.0   20300.00   .4692475E-11
  8.0   20310.00   .4692193E-11
  8.0   20320.00   .4691919E-11
  8.0   20330.00   .4691640E-11
  8.0   20340.00   .4691361E-11
  8.0   20350.00   .4691087E-11
  8.0   20360.00   .4690809E-11
  8.0   20370.00   .4690536E-11
  8.0   20380.00   .4690262E-11
  8.0   20390.00   .4689985E-11
  8.0   20400.00   .4689714E-11
  8.0   20410.00   .4689442E-11
  8.0   20420.00   .4689170E-11
  8.0   20430.00   .4688904E-11
  8.0   20440.00   .4688635E-11
  8.0   20450.00   .4688370E-11
  8.0   20460.00   .4688098E-11
  8.0   20470.00   .4687834E-11
  8.0   20480.00   .4687569E-11
  8.0   20490.00   .4687304E-11
  8.0   20500.00   .4687041E-11
  8.0   20510.00   .4686780E-11
  8.0   20520.00   .4686520E-11
  8.0   20530.00   .4686262E-11
  8.0   20540.00   .4685998E-11
  8.0   20550.00   .4685741E-11
  8.0   20560.00   .4685489E-11
  8.0   20570.00   .4685231E-11
  8.0   20580.00   .4684979E-11
  8.0   20590.00   .4684730E-11
  8.0   20600.00   .4684477E-11
  8.0   20610.00   .4684225E-11
  8.0   20620.00   .4683979E-11
  8.0   20630.00   .4683729E-11
  8.0   20640.00   .4683484E-11
  8.0   20650.00   .4683239E-11
  8.0   20660.00   .4682995E-11
  8.0   20670.00   .4682753E-11
  8.0   20680.00   .4682514E-11
  8.0   20690.00   .4682274E-11
  8.0   20700.00   .4682034E-11
  8.0   20710.00   .4681798E-11
  8.0   20720.00   .4681566E-11
  8.0   20730.00   .4681331E-11
  8.0   20740.00   .4681097E-11
  8.0   20750.00   .4680868E-11
  8.0   20760.00   .4680639E-11
  8.0   20770.00   .4680411E-11
  8.0   20780.00   .4680182E-11
  8.0   20790.00   .4679963E-11
  8.0   20800.00   .4679741E-11
  8.0   20810.00   .4679515E-11
  8.0   20820.00   .4679298E-11
  8.0   20830.00   .4679080E-11
  8.0   20840.00   .4678862E-11
  8.0   20850.00   .4678655E-11
  8.0   20860.00   .4678438E-11
  8.0   20870.00   .4678228E-11
  8.0   20880.00   .4678021E-11
  8.0   20890.00   .4677811E-11
  8.0   20900.00   .4677606E-11
  8.0   20910.00   .4677400E-11
  8.0   20920.00   .4677199E-11
  8.0   20930.00   .4676998E-11
  8.0   20940.00   .4676800E-11
  8.0   20950.00   .4676602E-11
  8.0   20960.00   .4676411E-11
  8.0   20970.00   .4676218E-11
  8.0   20980.00   .4676032E-11
  8.0   20990.00   .4675840E-11
  8.0   21000.00   .4675656E-11
  8.0   21010.00   .4675470E-11
  8.0   21020.00   .4675288E-11
  8.0   21030.00   .4675105E-11
  8.0   21040.00   .4674929E-11
  8.0   21050.00   .4674753E-11
  8.0   21060.00   .4674576E-11
  8.0   21070.00   .4674405E-11
  8.0   21080.00   .4674237E-11
  8.0   21090.00   .4674068E-11
  8.0   21100.00   .4673901E-11
  8.0   21110.00   .4673740E-11
  8.0   21120.00   .4673579E-11
  8.0   21130.00   .4673421E-11
  8.0   21140.00   .4673259E-11
  8.0   21150.00   .4673110E-11
  8.0   21160.00   .4672953E-11
  8.0   21170.00   .4672807E-11
  8.0   21180.00   .4672657E-11
  8.0   21190.00   .4672513E-11
  8.0   21200.00   .4672371E-11
  8.0   21210.00   .4672228E-11
  8.0   21220.00   .4672091E-11
  8.0   21230.00   .4671957E-11
  8.0   21240.00   .4671824E-11
  8.0   21250.00   .4671694E-11
  8.0   21260.00   .4671563E-11
  8.0   21270.00   .4671438E-11
  8.0   21280.00   .4671316E-11
  8.0   21290.00   .4671194E-11
  8.0   21300.00   .4671074E-11
  8.0   21310.00   .4670960E-11
  8.0   21320.00   .4670844E-11
  8.0   21330.00   .4670737E-11
  8.0   21340.00   .4670627E-11
  8.0   21350.00   .4670524E-11
  8.0   21360.00   .4670422E-11
  8.0   21370.00   .4670322E-11
  8.0   21380.00   .4670219E-11
  8.0   21390.00   .4670127E-11
  8.0   21400.00   .4670037E-11
  8.0   21410.00   .4669946E-11
  8.0   21420.00   .4669862E-11
  8.0   21430.00   .4669777E-11
  8.0   21440.00   .4669702E-11
  8.0   21450.00   .4669619E-11
  8.0   21460.00   .4669546E-11
  8.0   21470.00   .4669474E-11
  8.0   21480.00   .4669405E-11
  8.0   21490.00   .4669339E-11
  8.0   21500.00   .4669276E-11
  8.0   21510.00   .4669214E-11
  8.0   21520.00   .4669158E-11
  8.0   21530.00   .4669102E-11
  8.0   21540.00   .4669054E-11
  8.0   21550.00   .4669001E-11
  8.0   21560.00   .4668955E-11
  8.0   21570.00   .4668917E-11
  8.0   21580.00   .4668876E-11
  8.0   21590.00   .4668840E-11
  8.0   21600.00   .4668806E-11
  8.0   21610.00   .4668777E-11
  8.0   21620.00   .4668749E-11
  8.0   21630.00   .4668725E-11
  8.0   21640.00   .4668703E-11
  8.0   21650.00   .4668684E-11
  8.0   21660.00   .4668675E-11
  8.0   21670.00   .4668664E-11
  8.0   21680.00   .4668652E-11
  8.0   21690.00   .4668653E-11
  8.0   21700.00   .4668649E-11
  8.0   21710.00   .4668652E-11
  8.0   21720.00   .4668660E-11
  8.0   21730.00   .4668667E-11
  8.0   21740.00   .4668678E-11
  8.0   21750.00   .4668696E-11
  8.0   21760.00   .4668714E-11
  8.0   21770.00   .4668737E-11
  8.0   21780.00   .4668762E-11
  8.0   21790.00   .4668794E-11
  8.0   21800.00   .4668826E-11
  8.0   21810.00   .4668864E-11
  8.0   21820.00   .4668904E-11
  8.0   21830.00   .4668947E-11
  8.0   21840.00   .4668995E-11
  8.0   21850.00   .4669042E-11
  8.0   21860.00   .4669095E-11
  8.0   21870.00   .4669156E-11
  8.0   21880.00   .4669219E-11
  8.0   21890.00   .4669283E-11
  8.0   21900.00   .4669357E-11
  8.0   21910.00   .4669425E-11
  8.0   21920.00   .4669500E-11
  8.0   21930.00   .4669580E-11
  8.0   21940.00   .4669666E-11
  8.0   21950.00   .4669749E-11
  8.0   21960.00   .4669842E-11
  8.0   21970.00   .4669938E-11
  8.0   21980.00   .4670037E-11
  8.0   21990.00   .4670138E-11
  8.0   22000.00   .4670251E-11
  8.0   22010.00   .4670357E-11
  8.0   22020.00   .4670473E-11
  8.0   22030.00   .4670593E-11
  8.0   22040.00   .4670712E-11
  8.0   22050.00   .4670839E-11
  8.0   22060.00   .4670970E-11
  8.0   22070.00   .4671103E-11
  8.0   22080.00   .4671243E-11
  8.0   22090.00   .4671387E-11
  8.0   22100.00   .4671528E-11
  8.0   22110.00   .4671677E-11
  8.0   22120.00   .4671839E-11
  8.0   22130.00   .4671993E-11
  8.0   22140.00   .4672157E-11
  8.0   22150.00   .4672325E-11
  8.0   22160.00   .4672499E-11
  8.0   22170.00   .4672669E-11
  8.0   22180.00   .4672850E-11
  8.0   22190.00   .4673039E-11
  8.0   22200.00   .4673219E-11
  8.0   22210.00   .4673415E-11
  8.0   22220.00   .4673615E-11
  8.0   22230.00   .4673814E-11
  8.0   22240.00   .4674017E-11
  8.0   22250.00   .4674227E-11
  8.0   22260.00   .4674444E-11
  8.0   22270.00   .4674661E-11
  8.0   22280.00   .4674880E-11
  8.0   22290.00   .4675109E-11
  8.0   22300.00   .4675344E-11
  8.0   22310.00   .4675575E-11
  8.0   22320.00   .4675816E-11
  8.0   22330.00   .4676061E-11
  8.0   22340.00   .4676313E-11
  8.0   22350.00   .4676567E-11
  8.0   22360.00   .4676825E-11
  8.0   22370.00   .4677089E-11
  8.0   22380.00   .4677356E-11
  8.0   22390.00   .4677629E-11
  8.0   22400.00   .4677906E-11
  8.0   22410.00   .4678188E-11
  8.0   22420.00   .4678471E-11
  8.0   22430.00   .4678767E-11
  8.0   22440.00   .4679054E-11
  8.0   22450.00   .4679358E-11
  8.0   22460.00   .4679662E-11
  8.0   22470.00   .4679971E-11
  8.0   22480.00   .4680284E-11
  8.0   22490.00   .4680598E-11
  8.0   22500.00   .4680918E-11
  8.0   22510.00   .4681248E-11
  8.0   22520.00   .4681580E-11
  8.0   22530.00   .4681912E-11
  8.0   22540.00   .4682247E-11
  8.0   22550.00   .4682598E-11
  8.0   22560.00   .4682944E-11
  8.0   22570.00   .4683296E-11
  8.0   22580.00   .4683654E-11
  8.0   22590.00   .4684012E-11
  8.0   22600.00   .4684377E-11
  8.0   22610.00   .4684750E-11
  8.0   22620.00   .4685117E-11
  8.0   22630.00   .4685496E-11
  8.0   22640.00   .4685878E-11
  8.0   22650.00   .4686269E-11
  8.0   22660.00   .4686651E-11
  8.0   22670.00   .4687049E-11
  8.0   22680.00   .4687447E-11
  8.0   22690.00   .4687848E-11
  8.0   22700.00   .4688252E-11
  8.0   22710.00   .4688663E-11
  8.0   22720.00   .4689079E-11
  8.0   22730.00   .4689498E-11
  8.0   22740.00   .4689919E-11
  8.0   22750.00   .4690344E-11
  8.0   22760.00   .4690776E-11
  8.0   22770.00   .4691208E-11
  8.0   22780.00   .4691647E-11
  8.0   22790.00   .4692090E-11
  8.0   22800.00   .4692533E-11
  8.0   22810.00   .4692986E-11
  8.0   22820.00   .4693437E-11
  8.0   22830.00   .4693897E-11
  8.0   22840.00   .4694359E-11
  8.0   22850.00   .4694823E-11
  8.0   22860.00   .4695292E-11
  8.0   22870.00   .4695764E-11
  8.0   22880.00   .4696240E-11
  8.0   22890.00   .4696719E-11
  8.0   22900.00   .4697206E-11
  8.0   22910.00   .4697697E-11
  8.0   22920.00   .4698186E-11
  8.0   22930.00   .4698681E-11
  8.0   22940.00   .4699176E-11
  8.0   22950.00   .4699683E-11
  8.0   22960.00   .4700192E-11
  8.0   22970.00   .4700698E-11
  8.0   22980.00   .4701213E-11
  8.0   22990.00   .4701725E-11
  8.0   23000.00   .4702244E-11
  8.0   23010.00   .4702774E-11
  8.0   23020.00   .4703299E-11
  8.0   23030.00   .4703834E-11
  8.0   23040.00   .4704367E-11
  8.0   23050.00   .4704904E-11
  8.0   23060.00   .4705445E-11
  8.0   23070.00   .4705990E-11
  8.0   23080.00   .4706540E-11
  8.0   23090.00   .4707088E-11
  8.0   23100.00   .4707644E-11
  8.0   23110.00   .4708206E-11
  8.0   23120.00   .4708765E-11
  8.0   23130.00   .4709331E-11
  8.0   23140.00   .4709900E-11
  8.0   23150.00   .4710473E-11
  8.0   23160.00   .4711046E-11
  8.0   23170.00   .4711624E-11
  8.0   23180.00   .4712206E-11
  8.0   23190.00   .4712792E-11
  8.0   23200.00   .4713381E-11
  8.0   23210.00   .4713977E-11
  8.0   23220.00   .4714568E-11
  8.0   23230.00   .4715168E-11
  8.0   23240.00   .4715766E-11
  8.0   23250.00   .4716372E-11
  8.0   23260.00   .4716982E-11
  8.0   23270.00   .4717591E-11
  8.0   23280.00   .4718205E-11
  8.0   23290.00   .4718819E-11
  8.0   23300.00   .4719438E-11
  8.0   23310.00   .4720061E-11
  8.0   23320.00   .4720689E-11
  8.0   23330.00   .4721316E-11
  8.0   23340.00   .4721952E-11
  8.0   23350.00   .4722585E-11
  8.0   23360.00   .4723222E-11
  8.0   23370.00   .4723863E-11
  8.0   23380.00   .4724507E-11
  8.0   23390.00   .4725155E-11
  8.0   23400.00   .4725803E-11
  8.0   23410.00   .4726454E-11
  8.0   23420.00   .4727111E-11
  8.0   23430.00   .4727772E-11
  8.0   23440.00   .4728432E-11
  8.0   23450.00   .4729097E-11
  8.0   23460.00   .4729763E-11
  8.0   23470.00   .4730433E-11
  8.0   23480.00   .4731102E-11
  8.0   23490.00   .4731777E-11
  8.0   23500.00   .4732457E-11
  8.0   23510.00   .4733136E-11
  8.0   23520.00   .4733818E-11
  8.0   23530.00   .4734509E-11
  8.0   23540.00   .4735194E-11
  8.0   23550.00   .4735888E-11
  8.0   23560.00   .4736578E-11
  8.0   23570.00   .4737277E-11
  8.0   23580.00   .4737979E-11
  8.0   23590.00   .4738680E-11
  8.0   23600.00   .4739381E-11
  8.0   23610.00   .4740091E-11
  8.0   23620.00   .4740799E-11
  8.0   23630.00   .4741508E-11
  8.0   23640.00   .4742225E-11
  8.0   23650.00   .4742941E-11
  8.0   23660.00   .4743662E-11
  8.0   23670.00   .4744384E-11
  8.0   23680.00   .4745107E-11
  8.0   23690.00   .4745834E-11
  8.0   23700.00   .4746565E-11
  8.0   23710.00   .4747297E-11
  8.0   23720.00   .4748030E-11
  8.0   23730.00   .4748767E-11
  8.0   23740.00   .4749501E-11
  8.0   23750.00   .4750245E-11
  8.0   23760.00   .4750985E-11
  8.0   23770.00   .4751732E-11
  8.0   23780.00   .4752480E-11
  8.0   23790.00   .4753227E-11
  8.0   23800.00   .4753986E-11
  8.0   23810.00   .4754737E-11
  8.0   23820.00   .4755494E-11
  8.0   23830.00   .4756254E-11
  8.0   23840.00   .4757016E-11
  8.0   23850.00   .4757779E-11
  8.0   23860.00   .4758542E-11
  8.0   23870.00   .4759310E-11
  8.0   23880.00   .4760082E-11
  8.0   23890.00   .4760853E-11
  8.0   23900.00   .4761622E-11
  8.0   23910.00   .4762402E-11
  8.0   23920.00   .4763177E-11
  8.0   23930.00   .4763960E-11
  8.0   23940.00   .4764740E-11
  8.0   23950.00   .4765527E-11
  8.0   23960.00   .4766310E-11
  8.0   23970.00   .4767099E-11
  8.0   23980.00   .4767884E-11
  8.0   23990.00   .4768682E-11
  8.0   24000.00   .4769473E-11
  8.0   24010.00   .4770268E-11
  8.0   24020.00   .4771065E-11
  8.0   24030.00   .4771867E-11
  8.0   24040.00   .4772667E-11
  8.0   24050.00   .4773468E-11
  8.0   24060.00   .4774273E-11
  8.0   24070.00   .4775077E-11
  8.0   24080.00   .4775889E-11
  8.0   24090.00   .4776698E-11
  8.0   24100.00   .4777512E-11
  8.0   24110.00   .4778326E-11
  8.0   24120.00   .4779137E-11
  8.0   24130.00   .4779953E-11
  8.0   24140.00   .4780773E-11
  8.0   24150.00   .4781596E-11
  8.0   24160.00   .4782418E-11
  8.0   24170.00   .4783241E-11
  8.0   24180.00   .4784063E-11
  8.0   24190.00   .4784894E-11
  8.0   24200.00   .4785721E-11
  8.0   24210.00   .4786552E-11
  8.0   24220.00   .4787380E-11
  8.0   24230.00   .4788212E-11
  8.0   24240.00   .4789048E-11
  8.0   24250.00   .4789883E-11
  8.0   24260.00   .4790723E-11
  8.0   24270.00   .4791560E-11
  8.0   24280.00   .4792401E-11
  8.0   24290.00   .4793243E-11
  8.0   24300.00   .4794085E-11
  8.0   24310.00   .4794926E-11
  8.0   24320.00   .4795774E-11
  8.0   24330.00   .4796618E-11
  8.0   24340.00   .4797465E-11
  8.0   24350.00   .4798317E-11
  8.0   24360.00   .4799168E-11
  8.0   24370.00   .4800021E-11
  8.0   24380.00   .4800872E-11
  8.0   24390.00   .4801730E-11
  8.0   24400.00   .4802587E-11
  8.0   24410.00   .4803445E-11
  8.0   24420.00   .4804300E-11
  8.0   24430.00   .4805162E-11
  8.0   24440.00   .4806023E-11
  8.0   24450.00   .4806883E-11
  8.0   24460.00   .4807750E-11
  8.0   24470.00   .4808611E-11
  8.0   24480.00   .4809476E-11
  8.0   24490.00   .4810340E-11
  8.0   24500.00   .4811209E-11
  8.0   24510.00   .4812079E-11
  8.0   24520.00   .4812949E-11
  8.0   24530.00   .4813816E-11
  8.0   24540.00   .4814688E-11
  8.0   24550.00   .4815560E-11
  8.0   24560.00   .4816433E-11
  8.0   24570.00   .4817310E-11
  8.0   24580.00   .4818182E-11
  8.0   24590.00   .4819061E-11
  8.0   24600.00   .4819934E-11
  8.0   24610.00   .4820813E-11
  8.0   24620.00   .4821692E-11
  8.0   24630.00   .4822570E-11
  8.0   24640.00   .4823451E-11
  8.0   24650.00   .4824332E-11
  8.0   24660.00   .4825213E-11
  8.0   24670.00   .4826097E-11
  8.0   24680.00   .4826982E-11
  8.0   24690.00   .4827862E-11
  8.0   24700.00   .4828746E-11
  8.0   24710.00   .4829635E-11
  8.0   24720.00   .4830521E-11
  8.0   24730.00   .4831409E-11
  8.0   24740.00   .4832299E-11
  8.0   24750.00   .4833179E-11
  8.0   24760.00   .4834073E-11
  8.0   24770.00   .4834963E-11
  8.0   24780.00   .4835852E-11
  8.0   24790.00   .4836740E-11
  8.0   24800.00   .4837628E-11
  8.0   24810.00   .4838523E-11
  8.0   24820.00   .4839412E-11
  8.0   24830.00   .4840307E-11
  8.0   24840.00   .4841197E-11
  8.0   24850.00   .4842091E-11
  8.0   24860.00   .4842988E-11
  8.0   24870.00   .4843883E-11
  8.0   24880.00   .4844775E-11
  8.0   24890.00   .4845671E-11
  8.0   24900.00   .4846563E-11
  8.0   24910.00   .4847462E-11
  8.0   24920.00   .4848353E-11
  8.0   24930.00   .4849253E-11
  8.0   24940.00   .4850149E-11
  8.0   24950.00   .4851047E-11
  8.0   24960.00   .4851943E-11
  8.0   24970.00   .4852840E-11
  8.0   24980.00   .4853735E-11
  8.0   24990.00   .4854634E-11
  8.0   25000.00   .4855536E-11
