100 .3515591E-15
101 .1355106E-14
102 .3650732E-14
103 .8068989E-14
104 .1568079E-13
105 .2780101E-13
106 .4597906E-13
107 .7197474E-13
108 .1077189E-12
109 .1552588E-12
110 .2166881E-12
111 .2940630E-12
112 .3893078E-12
113 .5041090E-12
114 .6398054E-12
115 .7972766E-12
116 .9768319E-12
117 .1178111E-11
118 .1399995E-11
119 .1640535E-11
120 .1896913E-11
121 .2165415E-11
122 .2441461E-11
123 .2719651E-11
124 .2993867E-11
125 .3257402E-11
126 .3503816E-11
127 .3729492E-11
128 .3932296E-11
129 .4110997E-11
130 .4265245E-11
131 .4395518E-11
132 .4503047E-11
133 .4589728E-11
134 .4658018E-11
135 .4710843E-11
136 .4751490E-11
137 .4783532E-11
138 .4810688E-11
139 .4835264E-11
140 .4858050E-11
141 .4879769E-11
142 .4901146E-11
143 .4922901E-11
144 .4945767E-11
145 .4970484E-11
146 .4997815E-11
147 .5028539E-11
148 .5063474E-11
149 .5103468E-11
150 .5149412E-11
151 .5202082E-11
152 .5261634E-11
153 .5328065E-11
154 .5401368E-11
155 .5481541E-11
156 .5568581E-11
157 .5662485E-11
158 .5763242E-11
159 .5870843E-11
160 .5985268E-11
161 .6106499E-11
162 .6234502E-11
163 .6369238E-11
164 .6510654E-11
165 .6658684E-11
166 .6813251E-11
167 .6974260E-11
168 .7141591E-11
169 .7315114E-11
170 .7494664E-11
171 .7680065E-11
172 .7871104E-11
173 .8067545E-11
174 .8269112E-11
175 .8475511E-11
176 .8686431E-11
177 .8901664E-11
178 .9120998E-11
179 .9344206E-11
180 .9571022E-11
181 .9801157E-11
182 .1003429E-10
183 .1027006E-10
184 .1050809E-10
185 .1074797E-10
186 .1098924E-10
187 .1123141E-10
188 .1147395E-10
189 .1171635E-10
190 .1195798E-10
191 .1219825E-10
192 .1243649E-10
193 .1267201E-10
194 .1290411E-10
195 .1313205E-10
196 .1335503E-10
197 .1357227E-10
198 .1378294E-10
199 .1398621E-10
200 .1418121E-10
201 .1436717E-10
202 .1454375E-10
203 .1471076E-10
204 .1486799E-10
205 .1501531E-10
206 .1515256E-10
207 .1527964E-10
208 .1539645E-10
209 .1550293E-10
210 .1559903E-10
211 .1568474E-10
212 .1576004E-10
213 .1582497E-10
214 .1587956E-10
215 .1592387E-10
216 .1595797E-10
217 .1598196E-10
218 .1599596E-10
219 .1600009E-10
220 .1599450E-10
221 .1597934E-10
222 .1595477E-10
223 .1592099E-10
224 .1587818E-10
225 .1582654E-10
226 .1576655E-10
227 .1569970E-10
228 .1562774E-10
229 .1555243E-10
230 .1547554E-10
231 .1539880E-10
232 .1532394E-10
233 .1525269E-10
234 .1518676E-10
235 .1512787E-10
236 .1507772E-10
237 .1503802E-10
238 .1501050E-10
239 .1499687E-10
240 .1499890E-10
241 .1501838E-10
242 .1505713E-10
243 .1511703E-10
244 .1520004E-10
245 .1530818E-10
246 .1544359E-10
247 .1560852E-10
248 .1580534E-10
249 .1603660E-10
250 .1630502E-10
251 .1373408E-10
252 .1520191E-10
253 .1684812E-10
254 .2141052E-10
255 .2494755E-10
256 .2615898E-10
257 .3166475E-10
258 .2787520E-10
259 .3310799E-10
260 .3484935E-10
261 .3155612E-10
262 .3280542E-10
263 .2826100E-10
264 .2217550E-10
265 .2128649E-10
266 .1863010E-10
267 .1815769E-10
268 .1958891E-10
269 .3061250E-10
270 .5064150E-10
271 .7687059E-10
272 .9362218E-10
273 .9519297E-10
274 .9488049E-10
275 .9970261E-10
276 .9880921E-10
277 .1004784E-09
278 .9712262E-10
279 .1139277E-09
280 .1135428E-09
281 .1115281E-09
282 .1122037E-09
283 .1056528E-09
284 .9740538E-10
285 .1023394E-09
286 .1006446E-09
287 .1025035E-09
288 .1009898E-09
289 .1067085E-09
290 .1218441E-09
291 .1304420E-09
292 .1446955E-09
293 .1508720E-09
294 .1563267E-09
295 .1626602E-09
296 .1561604E-09
297 .1520603E-09
298 .1504503E-09
299 .1463976E-09
300 .1344072E-09
301 .1293947E-09
302 .1186319E-09
303 .1213437E-09
304 .1261635E-09
305 .1248419E-09
306 .1262202E-09
307 .1206960E-09
308 .1295007E-09
309 .1288004E-09
310 .1115518E-09
311 .1142157E-09
312 .1282801E-09
313 .1252729E-09
314 .1305060E-09
315 .1287464E-09
316 .1341204E-09
317 .1359219E-09
318 .1538159E-09
319 .1586470E-09
320 .1721830E-09
321 .1617482E-09
322 .1585812E-09
323 .1419187E-09
324 .1376068E-09
325 .1315489E-09
326 .1233790E-09
327 .1192136E-09
328 .1131531E-09
329 .1087254E-09
330 .1139400E-09
331 .1116232E-09
332 .1216223E-09
333 .1210727E-09
334 .1231105E-09
335 .1201803E-09
336 .1202474E-09
337 .1245873E-09
338 .1228009E-09
339 .1248824E-09
340 .1304970E-09
341 .1309387E-09
342 .1481230E-09
343 .1576870E-09
344 .1560309E-09
345 .1584821E-09
346 .1477366E-09
347 .1522329E-09
348 .1517920E-09
349 .1509202E-09
350 .1426141E-09
351 .1515914E-09
352 .1591751E-09
353 .1728395E-09
354 .1858580E-09
355 .1985636E-09
356 .1999457E-09
357 .1984304E-09
358 .2060871E-09
359 .2034808E-09
360 .2130922E-09
361 .2123197E-09
362 .2162760E-09
363 .2083709E-09
364 .1941763E-09
365 .1980253E-09
366 .2053994E-09
367 .2279289E-09
368 .2484914E-09
369 .2758960E-09
370 .3126100E-09
371 .3367891E-09
372 .3492069E-09
373 .3576892E-09
374 .3434164E-09
375 .3199732E-09
376 .2976234E-09
377 .2660811E-09
378 .2263997E-09
379 .1835976E-09
380 .1562808E-09
381 .1327008E-09
382 .1202958E-09
383 .1061447E-09
384 .1127220E-09
385 .1196417E-09
386 .1402151E-09
387 .1664235E-09
388 .2073051E-09
389 .2398872E-09
390 .2722792E-09
391 .2950080E-09
392 .3346315E-09
393 .3521431E-09
394 .3889562E-09
395 .4101190E-09
396 .4352142E-09
397 .4572322E-09
398 .4809665E-09
399 .4987530E-09
400 .4837685E-09
401 .4727610E-09
402 .4351752E-09
403 .4233958E-09
404 .3743255E-09
405 .3591915E-09
406 .3302111E-09
407 .3214470E-09
408 .3049735E-09
409 .3012299E-09
410 .2900578E-09
411 .2756154E-09
412 .2600996E-09
413 .2543251E-09
414 .2433888E-09
415 .2448522E-09
416 .2413252E-09
417 .2377806E-09
418 .2414649E-09
419 .2476202E-09
420 .2512180E-09
421 .2539368E-09
422 .2677550E-09
423 .2570711E-09
424 .2621371E-09
425 .2671721E-09
426 .2742436E-09
427 .2607671E-09
428 .2700729E-09
429 .2710668E-09
430 .2695997E-09
431 .2882481E-09
432 .2812743E-09
433 .2975146E-09
434 .2892475E-09
435 .2888420E-09
436 .2951590E-09
437 .2718158E-09
438 .2421302E-09
439 .2221687E-09
440 .2124063E-09
441 .1883777E-09
442 .1754085E-09
443 .1599253E-09
444 .1541488E-09
445 .1512008E-09
446 .1506700E-09
447 .1554350E-09
448 .1589647E-09
449 .1667029E-09
450 .1761839E-09
451 .1882120E-09
452 .1966713E-09
453 .2200267E-09
454 .2358317E-09
455 .2556300E-09
456 .2810525E-09
457 .2939642E-09
458 .3308645E-09
459 .3549108E-09
460 .3986591E-09
461 .4124548E-09
462 .4294951E-09
463 .4338167E-09
464 .4566154E-09
465 .4677225E-09
466 .4642603E-09
467 .4578661E-09
468 .4251818E-09
469 .4012516E-09
470 .3400192E-09
471 .3246626E-09
472 .2797739E-09
473 .2524395E-09
474 .2228395E-09
475 .2090030E-09
476 .1935436E-09
477 .1786995E-09
478 .1716876E-09
479 .1827554E-09
480 .1899038E-09
481 .1971997E-09
482 .2053928E-09
483 .2138216E-09
484 .2233920E-09
485 .2251065E-09
486 .2236949E-09
487 .2217079E-09
488 .2196893E-09
489 .2217159E-09
490 .2283660E-09
491 .2392015E-09
492 .2552166E-09
493 .2748899E-09
494 .3122775E-09
495 .3287425E-09
496 .3399618E-09
497 .3456595E-09
498 .3366982E-09
499 .3228820E-09
500 .3045382E-09
501 .2823382E-09
502 .2613493E-09
503 .2267891E-09
504 .2147268E-09
505 .2063153E-09
506 .2014502E-09
507 .1980141E-09
508 .1960494E-09
509 .1959452E-09
510 .1962450E-09
511 .1975955E-09
512 .1996258E-09
513 .1947707E-09
514 .1925529E-09
515 .1913299E-09
516 .1929853E-09
517 .1985866E-09
518 .2128702E-09
519 .2260196E-09
520 .2383066E-09
521 .2303275E-09
522 .2448157E-09
523 .2846512E-09
524 .2811606E-09
525 .2971117E-09
526 .2890118E-09
527 .3032844E-09
528 .3564873E-09
529 .3625101E-09
530 .3334691E-09
531 .3936024E-09
532 .3924442E-09
533 .3798312E-09
534 .3705519E-09
535 .3694929E-09
536 .3445873E-09
537 .3475906E-09
538 .3415175E-09
539 .3129760E-09
540 .3688659E-09
541 .3598688E-09
542 .3311819E-09
543 .3183129E-09
544 .3751383E-09
545 .4002495E-09
546 .4029111E-09
547 .4740080E-09
548 .4614680E-09
549 .4779201E-09
550 .5191855E-09
551 .5352294E-09
552 .5339337E-09
553 .4679255E-09
554 .4884689E-09
555 .4854905E-09
556 .4691693E-09
557 .4672211E-09
558 .4115051E-09
559 .3946284E-09
560 .3718945E-09
561 .3297108E-09
562 .3022201E-09
563 .2880318E-09
564 .2679368E-09
565 .2345362E-09
566 .2128839E-09
567 .1714716E-09
568 .1618362E-09
569 .1494514E-09
570 .1606335E-09
571 .1530832E-09
572 .1568039E-09
573 .1657818E-09
574 .1618944E-09
575 .1714385E-09
576 .1643499E-09
577 .1934984E-09
578 .2304694E-09
579 .2378931E-09
580 .2742940E-09
581 .2953578E-09
582 .3241195E-09
583 .3291698E-09
584 .3484763E-09
585 .3397296E-09
586 .3761767E-09
587 .3731117E-09
588 .3303445E-09
589 .2161303E-09
590 .3122172E-09
591 .3342015E-09
592 .3469235E-09
593 .2850550E-09
594 .2772255E-09
595 .2670393E-09
596 .2582526E-09
597 .2366375E-09
598 .2408011E-09
599 .2406095E-09
600 .2054212E-09
601 .2198492E-09
602 .2186351E-09
603 .2210486E-09
604 .2184238E-09
605 .2368493E-09
606 .2572885E-09
607 .2467958E-09
608 .2601860E-09
609 .2458938E-09
610 .2488390E-09
611 .2454552E-09
612 .2335460E-09
613 .2269303E-09
614 .2571454E-09
615 .2453998E-09
616 .2321846E-09
617 .2057062E-09
618 .2213415E-09
619 .2385929E-09
620 .2280595E-09
621 .2148582E-09
622 .2394775E-09
623 .2357953E-09
624 .2234662E-09
625 .2461071E-09
626 .2285223E-09
627 .2106323E-09
628 .2059022E-09
629 .1953151E-09
630 .1893670E-09
631 .1847670E-09
632 .1833670E-09
633 .1858640E-09
634 .1921256E-09
635 .1991867E-09
636 .2056492E-09
637 .2145452E-09
638 .2222494E-09
639 .2365737E-09
640 .2538388E-09
641 .2734863E-09
642 .2948196E-09
643 .3115164E-09
644 .3322753E-09
645 .3519057E-09
646 .3701849E-09
647 .3858241E-09
648 .3969888E-09
649 .4123968E-09
650 .4259577E-09
651 .4366153E-09
652 .4438071E-09
653 .4500387E-09
654 .4563212E-09
655 .4615890E-09
656 .4640151E-09
657 .4639586E-09
658 .4644167E-09
659 .4619512E-09
660 .4568605E-09
661 .4480750E-09
662 .4364805E-09
663 .4288072E-09
664 .4147499E-09
665 .3991454E-09
666 .3826662E-09
667 .3652918E-09
668 .3548335E-09
669 .3388156E-09
670 .3227748E-09
671 .3077021E-09
672 .2936059E-09
673 .2843812E-09
674 .2709793E-09
675 .2580299E-09
676 .2492310E-09
677 .2425988E-09
678 .2340357E-09
679 .2271826E-09
680 .2219165E-09
681 .2175380E-09
682 .2150699E-09
683 .2129168E-09
684 .2171849E-09
685 .2118797E-09
686 .1943629E-09
687 .1865416E-09
688 .1834800E-09
689 .1941805E-09
690 .2021724E-09
691 .2090988E-09
692 .2166864E-09
693 .2220476E-09
694 .2244949E-09
695 .2269108E-09
696 .2320009E-09
697 .2351811E-09
698 .2355984E-09
699 .2357284E-09
700 .2463494E-09
701 .2592795E-09
702 .2566586E-09
703 .2583222E-09
704 .2530499E-09
705 .2499498E-09
706 .2550272E-09
707 .2468097E-09
708 .2462203E-09
709 .2541950E-09
710 .2565598E-09
711 .2532674E-09
712 .2599217E-09
713 .2607437E-09
714 .2613215E-09
715 .2685932E-09
716 .2671996E-09
717 .2713337E-09
718 .2909286E-09
719 .3023294E-09
720 .3144859E-09
721 .3101680E-09
722 .3087717E-09
723 .3157294E-09
724 .3325927E-09
725 .3453429E-09
726 .3783568E-09
727 .3721095E-09
728 .3572054E-09
729 .3490227E-09
730 .3535314E-09
731 .3564672E-09
732 .3519786E-09
733 .3415369E-09
734 .3364557E-09
735 .3312837E-09
736 .3264814E-09
737 .3256992E-09
738 .3229141E-09
739 .3216536E-09
740 .3217913E-09
741 .3218920E-09
742 .3282658E-09
743 .3279341E-09
744 .3273087E-09
745 .3267117E-09
746 .3257900E-09
747 .3242816E-09
748 .3169147E-09
749 .3059264E-09
750 .2944338E-09
751 .2828122E-09
752 .2622284E-09
753 .2458914E-09
754 .2311442E-09
755 .2266925E-09
756 .2086782E-09
757 .1792772E-09
758 .1746565E-09
759 .1695613E-09
760 .1641453E-09
761 .1238536E-09
762 .5174323E-10
763 .9308574E-10
764 .1141575E-09
765 .9502077E-10
766 .1174521E-09
767 .1402711E-09
768 .1706751E-09
769 .1809950E-09
770 .1891792E-09
771 .1994616E-09
772 .1997647E-09
773 .1939788E-09
774 .2052720E-09
775 .2005018E-09
776 .1921838E-09
777 .1969720E-09
778 .1948013E-09
779 .1935915E-09
780 .1815293E-09
781 .1798289E-09
782 .1793523E-09
783 .1646356E-09
784 .1630118E-09
785 .1617337E-09
786 .1542853E-09
787 .1424159E-09
788 .1390270E-09
789 .1312929E-09
790 .1221333E-09
791 .1171577E-09
792 .1153482E-09
793 .1061642E-09
794 .9773107E-10
795 .9189682E-10
796 .9077479E-10
797 .8782757E-10
798 .7957286E-10
799 .7558056E-10
800 .7226299E-10
801 .7332265E-10
802 .6750104E-10
803 .6534717E-10
804 .6335185E-10
805 .6334244E-10
806 .6262726E-10
807 .6381414E-10
808 .6150475E-10
809 .5615962E-10
810 .5978655E-10
811 .5730210E-10
812 .5851592E-10
813 .5593626E-10
814 .5952937E-10
815 .5511108E-10
816 .5373296E-10
817 .5745322E-10
818 .5159470E-10
819 .4960623E-10
820 .4749067E-10
821 .4199828E-10
822 .3866423E-10
823 .3369872E-10
824 .2880192E-10
825 .2071955E-10
826 .1990040E-10
827 .1735648E-10
828 .1731609E-10
829 .1776245E-10
830 .1341729E-10
831 .1394620E-10
832 .1663822E-10
833 .1582052E-10
834 .1651798E-10
835 .2021764E-10
836 .1772132E-10
837 .2043993E-10
838 .2421612E-10
839 .2390782E-10
840 .2386181E-10
841 .2526390E-10
842 .2629088E-10
843 .3078371E-10
844 .3426907E-10
845 .3724787E-10
846 .3939761E-10
847 .4297367E-10
848 .5099983E-10
849 .5885644E-10
850 .6634109E-10
851 .7221076E-10
852 .7821855E-10
853 .8587868E-10
854 .9584049E-10
855 .1115819E-09
856 .1220721E-09
857 .1209405E-09
858 .1184836E-09
859 .1174563E-09
860 .1197973E-09
861 .1212133E-09
862 .1314631E-09
863 .1338532E-09
864 .1297612E-09
865 .1252008E-09
866 .1201709E-09
867 .1169294E-09
868 .1288044E-09
869 .1403688E-09
870 .1367750E-09
871 .1302681E-09
872 .1289337E-09
873 .1309495E-09
874 .1373775E-09
875 .1560178E-09
876 .1596629E-09
877 .1466014E-09
878 .1391423E-09
879 .1530200E-09
880 .1662603E-09
881 .1657167E-09
882 .1623685E-09
883 .1539228E-09
884 .1402682E-09
885 .1402437E-09
886 .1457175E-09
887 .1583636E-09
888 .1562989E-09
889 .1410854E-09
890 .1289610E-09
891 .1274809E-09
892 .1326602E-09
893 .1350979E-09
894 .1301969E-09
895 .1310203E-09
896 .1263119E-09
897 .1206146E-09
898 .1158627E-09
899 .1150367E-09
900 .1203563E-09
901 .1097908E-09
902 .1063539E-09
903 .1094104E-09
904 .1061888E-09
905 .1030845E-09
906 .1068569E-09
907 .1070277E-09
908 .1021498E-09
909 .1005092E-09
910 .1005325E-09
911 .1013351E-09
912 .1063541E-09
913 .1086571E-09
914 .1069489E-09
915 .1007228E-09
916 .9836024E-10
917 .9887772E-10
918 .9507302E-10
919 .9665508E-10
920 .9553107E-10
921 .9669346E-10
922 .1004076E-09
923 .1024396E-09
924 .1102935E-09
925 .1129926E-09
926 .9949316E-10
927 .9538327E-10
928 .9143935E-10
929 .8950350E-10
930 .9441143E-10
931 .9752951E-10
932 .9495919E-10
933 .8685915E-10
934 .7315483E-10
935 .7508421E-10
936 .7763607E-10
937 .8116319E-10
938 .7931769E-10
939 .1124461E-09
940 .1009995E-09
941 .6871296E-10
942 .7577891E-10
943 .7365434E-10
944 .7437175E-10
945 .8207989E-10
946 .8562308E-10
947 .9349338E-10
948 .9172212E-10
949 .9186940E-10
950 .9115826E-10
951 .9323344E-10
952 .8365572E-10
953 .9655175E-10
954 .1212946E-09
955 .1106461E-09
956 .1052653E-09
957 .1063851E-09
958 .9517731E-10
959 .9364561E-10
960 .1017824E-09
961 .9980066E-10
962 .9769163E-10
963 .8961342E-10
964 .8170607E-10
965 .8370242E-10
966 .8256017E-10
967 .8274828E-10
968 .7672292E-10
969 .6991541E-10
970 .7624898E-10
971 .7913897E-10
972 .8080002E-10
973 .7556785E-10
974 .7364050E-10
975 .7921381E-10
976 .7249673E-10
977 .7804146E-10
978 .8378590E-10
979 .7831738E-10
980 .8903159E-10
981 .9043330E-10
982 .8144796E-10
983 .8524278E-10
984 .9133246E-10
985 .1011534E-09
986 .1034032E-09
987 .1037812E-09
988 .1231132E-09
989 .1214453E-09
990 .1109611E-09
991 .1097420E-09
992 .1178868E-09
993 .1221374E-09
994 .1220720E-09
995 .1182021E-09
996 .1219148E-09
997 .1398595E-09
998 .1245326E-09
999 .1227440E-09
1000 .1271530E-09
1001 .1263520E-09
1002 .1255495E-09
1003 .1247452E-09
1004 .1239393E-09
1005 .1231317E-09
1006 .1223223E-09
1007 .1215116E-09
1008 .1206990E-09
1009 .1198847E-09
1010 .1190690E-09
1011 .1182515E-09
1012 .1174325E-09
1013 .1166118E-09
1014 .1157895E-09
1015 .1149657E-09
1016 .1141403E-09
1017 .1133132E-09
1018 .1124846E-09
1019 .1116544E-09
1020 .1108226E-09
1021 .1099894E-09
1022 .1091546E-09
1023 .1083182E-09
1024 .1074803E-09
1025 .1066410E-09
1026 .1058000E-09
1027 .1049575E-09
1028 .1041135E-09
1029 .1032682E-09
1030 .1024212E-09
1031 .1015729E-09
1032 .1007228E-09
1033 .9987161E-10
1034 .9901876E-10
1035 .9816455E-10
1036 .9730885E-10
1037 .9645167E-10
1038 .9559304E-10
1039 .9473312E-10
1040 .9387166E-10
1041 .9300883E-10
1042 .9214457E-10
1043 .9127903E-10
1044 .9041204E-10
1045 .8954364E-10
1046 .8867387E-10
1047 .8780284E-10
1048 .8693035E-10
1049 .8605654E-10
1050 .8518150E-10
1051 .8430510E-10
1052 .8342738E-10
1053 .8254837E-10
1054 .8166806E-10
1055 .8078642E-10
1056 .7990359E-10
1057 .7901945E-10
1058 .7813408E-10
1059 .7724741E-10
1060 .7635959E-10
1061 .7547049E-10
1062 .7458017E-10
1063 .7368867E-10
1064 .7279598E-10
1065 .7190204E-10
1066 .7100695E-10
1067 .7011067E-10
1068 .6921321E-10
1069 .6831455E-10
1070 .6741482E-10
1071 .6651391E-10
1072 .6561188E-10
1073 .6470866E-10
1074 .6380438E-10
1075 .6289896E-10
1076 .6199246E-10
1077 .6108482E-10
1078 .6017611E-10
1079 .5926632E-10
1080 .5835546E-10
1081 .5744345E-10
1082 .5653046E-10
1083 .5561636E-10
1084 .5470123E-10
1085 .5378508E-10
1086 .5286784E-10
1087 .5194960E-10
1088 .5103035E-10
1089 .5011007E-10
1090 .4918876E-10
1091 .4826646E-10
1092 .4734317E-10
1093 .4641892E-10
1094 .4549363E-10
1095 .4456738E-10
1096 .4364013E-10
1097 .4271196E-10
1098 .4178282E-10
1099 .4085268E-10
1100 .3992163E-10
1101 .3898960E-10
1102 .3805667E-10
1103 .3712276E-10
1104 .3618797E-10
1105 .3525225E-10
1106 .3431559E-10
1107 .3337801E-10
1108 .3243955E-10
1109 .3150017E-10
1110 .3055990E-10
1111 .2961873E-10
1112 .2867667E-10
1113 .2773374E-10
1114 .2678991E-10
1115 .2584521E-10
1116 .2489966E-10
1117 .2395321E-10
1118 .2300593E-10
1119 .2205777E-10
1120 .2110877E-10
1121 .2015890E-10
1122 .1920819E-10
1123 .1825665E-10
1124 .1730428E-10
1125 .1635106E-10
1126 .1539700E-10
1127 .1444213E-10
1128 .1348643E-10
1129 .1252992E-10
1130 .1157257E-10
1131 .1157734E-10
1132 .1158211E-10
1133 .1158686E-10
1134 .1159158E-10
1135 .1159631E-10
1136 .1160104E-10
1137 .1160576E-10
1138 .1161045E-10
1139 .1161514E-10
1140 .1161982E-10
1141 .1162450E-10
1142 .1162916E-10
1143 .1163381E-10
1144 .1163845E-10
1145 .1164310E-10
1146 .1164772E-10
1147 .1165235E-10
1148 .1165696E-10
1149 .1166158E-10
1150 .1166618E-10
1151 .1167077E-10
1152 .1167536E-10
1153 .1167994E-10
1154 .1168452E-10
1155 .1168910E-10
1156 .1169366E-10
1157 .1169823E-10
1158 .1170278E-10
1159 .1170733E-10
1160 .1171189E-10
1161 .1171644E-10
1162 .1172098E-10
1163 .1172552E-10
1164 .1173005E-10
1165 .1173457E-10
1166 .1173912E-10
1167 .1174364E-10
1168 .1174817E-10
1169 .1175270E-10
1170 .1175722E-10
1171 .1176174E-10
1172 .1176625E-10
1173 .1177078E-10
1174 .1177528E-10
1175 .1177982E-10
1176 .1178433E-10
1177 .1178886E-10
1178 .1179337E-10
1179 .1179790E-10
1180 .1180241E-10
1181 .1180694E-10
1182 .1181146E-10
1183 .1181600E-10
1184 .1182051E-10
1185 .1182504E-10
1186 .1182957E-10
1187 .1183412E-10
1188 .1183866E-10
1189 .1184320E-10
1190 .1184774E-10
1191 .1185230E-10
1192 .1185685E-10
1193 .1186141E-10
1194 .1186598E-10
1195 .1187054E-10
1196 .1187513E-10
1197 .1187970E-10
1198 .1188430E-10
1199 .1188887E-10
1200 .1189349E-10
1201 .1189809E-10
1202 .1190269E-10
1203 .1190731E-10
1204 .1191195E-10
1205 .1191658E-10
1206 .1192122E-10
1207 .1192587E-10
1208 .1193053E-10
1209 .1193521E-10
1210 .1193988E-10
1211 .1194457E-10
1212 .1194926E-10
1213 .1195398E-10
1214 .1195868E-10
1215 .1196342E-10
1216 .1196815E-10
1217 .1197290E-10
1218 .1197766E-10
1219 .1198244E-10
1220 .1198723E-10
1221 .1199201E-10
1222 .1199683E-10
1223 .1200164E-10
1224 .1200648E-10
1225 .1201133E-10
1226 .1201619E-10
1227 .1202106E-10
1228 .1202594E-10
1229 .1203084E-10
1230 .1203577E-10
1231 .1204070E-10
1232 .1204564E-10
1233 .1205061E-10
1234 .1205559E-10
1235 .1206057E-10
1236 .1206559E-10
1237 .1207061E-10
1238 .1207565E-10
1239 .1208071E-10
1240 .1208580E-10
1241 .1209089E-10
1242 .1209601E-10
1243 .1210114E-10
1244 .1210630E-10
1245 .1211146E-10
1246 .1211664E-10
1247 .1212184E-10
1248 .1212708E-10
1249 .1213232E-10
1250 .1213758E-10
1251 .1214375E-10
1252 .1214994E-10
1253 .1215615E-10
1254 .1216237E-10
1255 .1216862E-10
1256 .1217489E-10
1257 .1218119E-10
1258 .1218751E-10
1259 .1219384E-10
1260 .1220018E-10
1261 .1220656E-10
1262 .1221296E-10
1263 .1221938E-10
1264 .1222584E-10
1265 .1223230E-10
1266 .1223880E-10
1267 .1224531E-10
1268 .1225185E-10
1269 .1225843E-10
1270 .1226501E-10
1271 .1227164E-10
1272 .1227828E-10
1273 .1228496E-10
1274 .1229165E-10
1275 .1229836E-10
1276 .1230512E-10
1277 .1231189E-10
1278 .1231869E-10
1279 .1232553E-10
1280 .1233239E-10
1281 .1233928E-10
1282 .1234618E-10
1283 .1235314E-10
1284 .1236011E-10
1285 .1236711E-10
1286 .1237413E-10
1287 .1238121E-10
1288 .1238830E-10
1289 .1239542E-10
1290 .1240256E-10
1291 .1240974E-10
1292 .1241695E-10
1293 .1242419E-10
1294 .1243146E-10
1295 .1243875E-10
1296 .1244607E-10
1297 .1245342E-10
1298 .1246079E-10
1299 .1246820E-10
1300 .1247563E-10
1301 .1248309E-10
1302 .1249058E-10
1303 .1249809E-10
1304 .1250564E-10
1305 .1251321E-10
1306 .1252081E-10
1307 .1252842E-10
1308 .1253608E-10
1309 .1254376E-10
1310 .1255145E-10
1311 .1255918E-10
1312 .1256693E-10
1313 .1257472E-10
1314 .1258252E-10
1315 .1259036E-10
1316 .1259820E-10
1317 .1260608E-10
1318 .1261399E-10
1319 .1262191E-10
1320 .1262988E-10
1321 .1263786E-10
1322 .1264587E-10
1323 .1265390E-10
1324 .1266196E-10
1325 .1267004E-10
1326 .1267814E-10
1327 .1268626E-10
1328 .1269441E-10
1329 .1270259E-10
1330 .1271079E-10
1331 .1271901E-10
1332 .1272725E-10
1333 .1273553E-10
1334 .1274381E-10
1335 .1275211E-10
1336 .1276045E-10
1337 .1276881E-10
1338 .1277718E-10
1339 .1278558E-10
1340 .1279401E-10
1341 .1280246E-10
1342 .1281093E-10
1343 .1281941E-10
1344 .1282792E-10
1345 .1283645E-10
1346 .1284499E-10
1347 .1285357E-10
1348 .1286217E-10
1349 .1287077E-10
1350 .1287941E-10
1351 .1288806E-10
1352 .1289673E-10
1353 .1290542E-10
1354 .1291413E-10
1355 .1292287E-10
1356 .1293162E-10
1357 .1294039E-10
1358 .1294917E-10
1359 .1295798E-10
1360 .1296682E-10
1361 .1297566E-10
1362 .1298452E-10
1363 .1299340E-10
1364 .1300230E-10
1365 .1301122E-10
1366 .1302016E-10
1367 .1302910E-10
1368 .1303806E-10
1369 .1304706E-10
1370 .1305605E-10
1371 .1308044E-10
1372 .1310483E-10
1373 .1312928E-10
1374 .1315377E-10
1375 .1317827E-10
1376 .1320283E-10
1377 .1322739E-10
1378 .1325201E-10
1379 .1327666E-10
1380 .1330135E-10
1381 .1332605E-10
1382 .1335080E-10
1383 .1337558E-10
1384 .1340039E-10
1385 .1342526E-10
1386 .1345013E-10
1387 .1347505E-10
1388 .1349999E-10
1389 .1352498E-10
1390 .1354997E-10
1391 .1357502E-10
1392 .1360010E-10
1393 .1362520E-10
1394 .1365033E-10
1395 .1367549E-10
1396 .1370071E-10
1397 .1372594E-10
1398 .1375120E-10
1399 .1377649E-10
1400 .1380181E-10
1401 .1382716E-10
1402 .1385254E-10
1403 .1387795E-10
1404 .1390340E-10
1405 .1392885E-10
1406 .1395437E-10
1407 .1397990E-10
1408 .1400545E-10
1409 .1403103E-10
1410 .1405666E-10
1411 .1408229E-10
1412 .1410796E-10
1413 .1413366E-10
1414 .1415939E-10
1415 .1418515E-10
1416 .1421093E-10
1417 .1423674E-10
1418 .1426256E-10
1419 .1428844E-10
1420 .1431434E-10
1421 .1434024E-10
1422 .1436618E-10
1423 .1439214E-10
1424 .1441815E-10
1425 .1444416E-10
1426 .1447019E-10
1427 .1449628E-10
1428 .1452237E-10
1429 .1454848E-10
1430 .1457462E-10
1431 .1460080E-10
1432 .1462699E-10
1433 .1465321E-10
1434 .1467945E-10
1435 .1470571E-10
1436 .1473200E-10
1437 .1475830E-10
1438 .1478463E-10
1439 .1481098E-10
1440 .1483735E-10
1441 .1486376E-10
1442 .1489018E-10
1443 .1491661E-10
1444 .1494308E-10
1445 .1496956E-10
1446 .1499606E-10
1447 .1502259E-10
1448 .1504914E-10
1449 .1507571E-10
1450 .1510229E-10
1451 .1512888E-10
1452 .1515552E-10
1453 .1518217E-10
1454 .1520884E-10
1455 .1523551E-10
1456 .1526222E-10
1457 .1528892E-10
1458 .1531566E-10
1459 .1534243E-10
1460 .1536920E-10
1461 .1539600E-10
1462 .1542279E-10
1463 .1544962E-10
1464 .1547647E-10
1465 .1550331E-10
1466 .1553019E-10
1467 .1555707E-10
1468 .1558398E-10
1469 .1561091E-10
1470 .1563784E-10
1471 .1566479E-10
1472 .1569174E-10
1473 .1571872E-10
1474 .1574572E-10
1475 .1577272E-10
1476 .1579974E-10
1477 .1582677E-10
1478 .1585382E-10
1479 .1588089E-10
1480 .1590795E-10
1481 .1593503E-10
1482 .1596213E-10
1483 .1598922E-10
1484 .1601635E-10
1485 .1604348E-10
1486 .1607060E-10
1487 .1609776E-10
1488 .1612492E-10
1489 .1615208E-10
1490 .1617929E-10
1491 .1620646E-10
1492 .1623367E-10
1493 .1626089E-10
1494 .1628811E-10
1495 .1631535E-10
1496 .1634259E-10
1497 .1636984E-10
1498 .1639710E-10
1499 .1642438E-10
1500 .1645166E-10
1501 .1646238E-10
1502 .1647311E-10
1503 .1648381E-10
1504 .1649451E-10
1505 .1650519E-10
1506 .1651590E-10
1507 .1652655E-10
1508 .1653721E-10
1509 .1654788E-10
1510 .1655853E-10
1511 .1656914E-10
1512 .1657977E-10
1513 .1659037E-10
1514 .1660098E-10
1515 .1661157E-10
1516 .1662215E-10
1517 .1663272E-10
1518 .1664327E-10
1519 .1665383E-10
1520 .1666436E-10
1521 .1667489E-10
1522 .1668541E-10
1523 .1669590E-10
1524 .1670639E-10
1525 .1671687E-10
1526 .1672733E-10
1527 .1673779E-10
1528 .1674824E-10
1529 .1675866E-10
1530 .1676907E-10
1531 .1677948E-10
1532 .1678987E-10
1533 .1680025E-10
1534 .1681062E-10
1535 .1682098E-10
1536 .1683131E-10
1537 .1684165E-10
1538 .1685196E-10
1539 .1686225E-10
1540 .1687255E-10
1541 .1688282E-10
1542 .1689307E-10
1543 .1690332E-10
1544 .1691355E-10
1545 .1692377E-10
1546 .1693397E-10
1547 .1694417E-10
1548 .1695434E-10
1549 .1696450E-10
1550 .1697464E-10
1551 .1698476E-10
1552 .1699489E-10
1553 .1700499E-10
1554 .1701508E-10
1555 .1702515E-10
1556 .1703518E-10
1557 .1704523E-10
1558 .1705526E-10
1559 .1706526E-10
1560 .1707525E-10
1561 .1708523E-10
1562 .1709517E-10
1563 .1710512E-10
1564 .1711504E-10
1565 .1712495E-10
1566 .1713484E-10
1567 .1714472E-10
1568 .1715457E-10
1569 .1716442E-10
1570 .1717424E-10
1571 .1718404E-10
1572 .1719382E-10
1573 .1720360E-10
1574 .1721335E-10
1575 .1722308E-10
1576 .1723279E-10
1577 .1724250E-10
1578 .1725218E-10
1579 .1726182E-10
1580 .1727148E-10
1581 .1728110E-10
1582 .1729071E-10
1583 .1730028E-10
1584 .1730986E-10
1585 .1731941E-10
1586 .1732893E-10
1587 .1733842E-10
1588 .1734792E-10
1589 .1735740E-10
1590 .1736684E-10
1591 .1737626E-10
1592 .1738568E-10
1593 .1739506E-10
1594 .1740443E-10
1595 .1741377E-10
1596 .1742310E-10
1597 .1743240E-10
1598 .1744169E-10
1599 .1745094E-10
1600 .1746018E-10
1601 .1746940E-10
1602 .1747861E-10
1603 .1748778E-10
1604 .1749693E-10
1605 .1750606E-10
1606 .1751517E-10
1607 .1752426E-10
1608 .1753334E-10
1609 .1754238E-10
1610 .1755139E-10
1611 .1756038E-10
1612 .1756936E-10
1613 .1757831E-10
1614 .1758725E-10
1615 .1759614E-10
1616 .1760502E-10
1617 .1761389E-10
1618 .1762271E-10
1619 .1763152E-10
1620 .1764032E-10
1621 .1764907E-10
1622 .1765780E-10
1623 .1766652E-10
1624 .1767520E-10
1625 .1768388E-10
1626 .1768543E-10
1627 .1768698E-10
1628 .1768852E-10
1629 .1769003E-10
1630 .1769151E-10
1631 .1769299E-10
1632 .1769444E-10
1633 .1769589E-10
1634 .1769731E-10
1635 .1769868E-10
1636 .1770006E-10
1637 .1770143E-10
1638 .1770278E-10
1639 .1770410E-10
1640 .1770540E-10
1641 .1770669E-10
1642 .1770795E-10
1643 .1770920E-10
1644 .1771042E-10
1645 .1771164E-10
1646 .1771281E-10
1647 .1771397E-10
1648 .1771510E-10
1649 .1771623E-10
1650 .1771734E-10
1651 .1771840E-10
1652 .1771947E-10
1653 .1772051E-10
1654 .1772153E-10
1655 .1772253E-10
1656 .1772350E-10
1657 .1772446E-10
1658 .1772539E-10
1659 .1772630E-10
1660 .1772719E-10
1661 .1772806E-10
1662 .1772889E-10
1663 .1772972E-10
1664 .1773053E-10
1665 .1773130E-10
1666 .1773206E-10
1667 .1773279E-10
1668 .1773349E-10
1669 .1773418E-10
1670 .1773484E-10
1671 .1773547E-10
1672 .1773609E-10
1673 .1773668E-10
1674 .1773724E-10
1675 .1773779E-10
1676 .1773831E-10
1677 .1773881E-10
1678 .1773927E-10
1679 .1773972E-10
1680 .1774013E-10
1681 .1774054E-10
1682 .1774090E-10
1683 .1774127E-10
1684 .1774159E-10
1685 .1774188E-10
1686 .1774216E-10
1687 .1774241E-10
1688 .1774264E-10
1689 .1774284E-10
1690 .1774302E-10
1691 .1774317E-10
1692 .1774332E-10
1693 .1774342E-10
1694 .1774350E-10
1695 .1774356E-10
1696 .1774361E-10
1697 .1774362E-10
1698 .1774362E-10
1699 .1774358E-10
1700 .1774353E-10
1701 .1774347E-10
1702 .1774337E-10
1703 .1774325E-10
1704 .1774311E-10
1705 .1774295E-10
1706 .1774276E-10
1707 .1774256E-10
1708 .1774234E-10
1709 .1774209E-10
1710 .1774180E-10
1711 .1774152E-10
1712 .1774121E-10
1713 .1774087E-10
1714 .1774052E-10
1715 .1774013E-10
1716 .1773974E-10
1717 .1773933E-10
1718 .1773888E-10
1719 .1773843E-10
1720 .1773794E-10
1721 .1773743E-10
1722 .1773693E-10
1723 .1773638E-10
1724 .1773582E-10
1725 .1773524E-10
1726 .1773464E-10
1727 .1773402E-10
1728 .1773338E-10
1729 .1773271E-10
1730 .1773204E-10
1731 .1773135E-10
1732 .1773063E-10
1733 .1772990E-10
1734 .1772915E-10
1735 .1772837E-10
1736 .1772758E-10
1737 .1772678E-10
1738 .1772595E-10
1739 .1772510E-10
1740 .1772424E-10
1741 .1772336E-10
1742 .1772244E-10
1743 .1772153E-10
1744 .1772059E-10
1745 .1771964E-10
1746 .1771867E-10
1747 .1771767E-10
1748 .1771669E-10
1749 .1771566E-10
1750 .1771461E-10
1751 .1771356E-10
1752 .1771247E-10
1753 .1771140E-10
1754 .1771029E-10
1755 .1770917E-10
1756 .1770803E-10
1757 .1770687E-10
1758 .1770570E-10
1759 .1770450E-10
1760 .1770329E-10
1761 .1770209E-10
1762 .1770085E-10
1763 .1769960E-10
1764 .1769833E-10
1765 .1769706E-10
1766 .1769576E-10
1767 .1769445E-10
1768 .1769312E-10
1769 .1769177E-10
1770 .1769043E-10
1771 .1768905E-10
1772 .1768766E-10
1773 .1768627E-10
1774 .1768486E-10
1775 .1768343E-10
1776 .1768199E-10
1777 .1768052E-10
1778 .1767905E-10
1779 .1767756E-10
1780 .1767607E-10
1781 .1767455E-10
1782 .1767303E-10
1783 .1767150E-10
1784 .1766995E-10
1785 .1766837E-10
1786 .1766680E-10
1787 .1766521E-10
1788 .1766361E-10
1789 .1766199E-10
1790 .1766036E-10
1791 .1765872E-10
1792 .1765706E-10
1793 .1765540E-10
1794 .1765374E-10
1795 .1765204E-10
1796 .1765033E-10
1797 .1764863E-10
1798 .1764690E-10
1799 .1764517E-10
1800 .1764342E-10
1801 .1758355E-10
1802 .1752369E-10
1803 .1746382E-10
1804 .1740395E-10
1805 .1734408E-10
1806 .1728422E-10
1807 .1722436E-10
1808 .1716450E-10
1809 .1710464E-10
1810 .1704478E-10
1811 .1698493E-10
1812 .1692507E-10
1813 .1686521E-10
1814 .1680537E-10
1815 .1674554E-10
1816 .1668571E-10
1817 .1662587E-10
1818 .1656603E-10
1819 .1650622E-10
1820 .1644639E-10
1821 .1638656E-10
1822 .1632676E-10
1823 .1626695E-10
1824 .1620715E-10
1825 .1614734E-10
1826 .1608755E-10
1827 .1602776E-10
1828 .1596797E-10
1829 .1590820E-10
1830 .1584844E-10
1831 .1578867E-10
1832 .1572890E-10
1833 .1566917E-10
1834 .1560941E-10
1835 .1554968E-10
1836 .1548996E-10
1837 .1543024E-10
1838 .1537052E-10
1839 .1531081E-10
1840 .1525112E-10
1841 .1519142E-10
1842 .1513173E-10
1843 .1507207E-10
1844 .1501240E-10
1845 .1495275E-10
1846 .1489310E-10
1847 .1483346E-10
1848 .1477383E-10
1849 .1471420E-10
1850 .1465460E-10
1851 .1459500E-10
1852 .1453540E-10
1853 .1447582E-10
1854 .1441625E-10
1855 .1435669E-10
1856 .1429713E-10
1857 .1423760E-10
1858 .1417807E-10
1859 .1411855E-10
1860 .1405903E-10
1861 .1399955E-10
1862 .1394006E-10
1863 .1388058E-10
1864 .1382111E-10
1865 .1376167E-10
1866 .1370222E-10
1867 .1364280E-10
1868 .1358339E-10
1869 .1352398E-10
1870 .1346459E-10
1871 .1340521E-10
1872 .1334585E-10
1873 .1328648E-10
1874 .1322713E-10
1875 .1316781E-10
1876 .1310851E-10
1877 .1304919E-10
1878 .1298990E-10
1879 .1293061E-10
1880 .1287136E-10
1881 .1281210E-10
1882 .1275287E-10
1883 .1269365E-10
1884 .1263443E-10
1885 .1257523E-10
1886 .1251607E-10
1887 .1245690E-10
1888 .1239773E-10
1889 .1233859E-10
1890 .1227947E-10
1891 .1222036E-10
1892 .1216126E-10
1893 .1210218E-10
1894 .1204311E-10
1895 .1198405E-10
1896 .1192502E-10
1897 .1186600E-10
1898 .1180699E-10
1899 .1174799E-10
1900 .1168902E-10
1901 .1163005E-10
1902 .1157111E-10
1903 .1151217E-10
1904 .1145325E-10
1905 .1139435E-10
1906 .1133546E-10
1907 .1127660E-10
1908 .1121775E-10
1909 .1115890E-10
1910 .1110009E-10
1911 .1104127E-10
1912 .1098248E-10
1913 .1092370E-10
1914 .1086494E-10
1915 .1080620E-10
1916 .1074748E-10
1917 .1068875E-10
1918 .1063008E-10
1919 .1057139E-10
1920 .1051273E-10
1921 .1045407E-10
1922 .1039545E-10
1923 .1033683E-10
1924 .1027823E-10
1925 .1021967E-10
1926 .1016111E-10
1927 .1010254E-10
1928 .1004402E-10
1929 .9985505E-11
1930 .9927010E-11
1931 .9868522E-11
1932 .9810069E-11
1933 .9751620E-11
1934 .9693187E-11
1935 .9634783E-11
1936 .9576384E-11
1937 .9518002E-11
1938 .9459640E-11
1939 .9401302E-11
1940 .9342980E-11
1941 .9284654E-11
1942 .9226365E-11
1943 .9168089E-11
1944 .9109830E-11
1945 .9051583E-11
1946 .8993357E-11
1947 .8935153E-11
1948 .8876958E-11
1949 .8818785E-11
1950 .8760627E-11
1951 .8702489E-11
1952 .8644362E-11
1953 .8586257E-11
1954 .8528169E-11
1955 .8470097E-11
1956 .8412048E-11
1957 .8354006E-11
1958 .8295985E-11
1959 .8237979E-11
1960 .8179998E-11
1961 .8122028E-11
1962 .8064068E-11
1963 .8006134E-11
1964 .7948215E-11
1965 .7890312E-11
1966 .7832438E-11
1967 .7774561E-11
1968 .7716708E-11
1969 .7658869E-11
1970 .7601050E-11
1971 .7543249E-11
1972 .7485461E-11
1973 .7427691E-11
1974 .7369938E-11
1975 .7312202E-11
1976 .7254476E-11
1977 .7196773E-11
1978 .7139079E-11
1979 .7081407E-11
1980 .7023750E-11
1981 .6966110E-11
1982 .6908479E-11
1983 .6850872E-11
1984 .6793272E-11
1985 .6735697E-11
1986 .6678129E-11
1987 .6620581E-11
1988 .6563046E-11
1989 .6505531E-11
1990 .6448031E-11
1991 .6390539E-11
1992 .6333068E-11
1993 .6275609E-11
1994 .6218172E-11
1995 .6160745E-11
1996 .6103331E-11
1997 .6045929E-11
1998 .5988551E-11
1999 .5931181E-11
2000 .5873829E-11
2001 .5816490E-11
2002 .5759165E-11
2003 .5701858E-11
2004 .5644559E-11
2005 .5587282E-11
2006 .5530014E-11
2007 .5472761E-11
2008 .5415524E-11
2009 .5358296E-11
2010 .5301089E-11
2011 .5300530E-11
2012 .5299971E-11
2013 .5299416E-11
2014 .5298862E-11
2015 .5298314E-11
2016 .5297765E-11
2017 .5297217E-11
2018 .5296671E-11
2019 .5296127E-11
2020 .5295592E-11
2021 .5295051E-11
2022 .5294513E-11
2023 .5293977E-11
2024 .5293448E-11
2025 .5292915E-11
2026 .5292388E-11
2027 .5291862E-11
2028 .5291335E-11
2029 .5290813E-11
2030 .5290293E-11
2031 .5289773E-11
2032 .5289261E-11
2033 .5288744E-11
2034 .5288234E-11
2035 .5287725E-11
2036 .5287215E-11
2037 .5286709E-11
2038 .5286204E-11
2039 .5285705E-11
2040 .5285201E-11
2041 .5284707E-11
2042 .5284211E-11
2043 .5283716E-11
2044 .5283226E-11
2045 .5282738E-11
2046 .5282250E-11
2047 .5281763E-11
2048 .5281283E-11
2049 .5280801E-11
2050 .5280322E-11
2051 .5279848E-11
2052 .5279372E-11
2053 .5278899E-11
2054 .5278430E-11
2055 .5277964E-11
2056 .5277494E-11
2057 .5277032E-11
2058 .5276568E-11
2059 .5276107E-11
2060 .5275653E-11
2061 .5275196E-11
2062 .5274746E-11
2063 .5274293E-11
2064 .5273844E-11
2065 .5273394E-11
2066 .5272952E-11
2067 .5272511E-11
2068 .5272069E-11
2069 .5271632E-11
2070 .5271194E-11
2071 .5270757E-11
2072 .5270328E-11
2073 .5269899E-11
2074 .5269473E-11
2075 .5269045E-11
2076 .5268625E-11
2077 .5268205E-11
2078 .5267783E-11
2079 .5267368E-11
2080 .5266953E-11
2081 .5266539E-11
2082 .5266132E-11
2083 .5265725E-11
2084 .5265317E-11
2085 .5264914E-11
2086 .5264512E-11
2087 .5264110E-11
2088 .5263714E-11
2089 .5263320E-11
2090 .5262928E-11
2091 .5262539E-11
2092 .5262151E-11
2093 .5261767E-11
2094 .5261380E-11
2095 .5261000E-11
2096 .5260618E-11
2097 .5260240E-11
2098 .5259867E-11
2099 .5259498E-11
2100 .5259126E-11
2101 .5258757E-11
2102 .5258389E-11
2103 .5258028E-11
2104 .5257666E-11
2105 .5257306E-11
2106 .5256948E-11
2107 .5256594E-11
2108 .5256242E-11
2109 .5255894E-11
2110 .5255544E-11
2111 .5255196E-11
2112 .5254856E-11
2113 .5254514E-11
2114 .5254174E-11
2115 .5253837E-11
2116 .5253503E-11
2117 .5253170E-11
2118 .5252846E-11
2119 .5252517E-11
2120 .5252185E-11
2121 .5251868E-11
2122 .5251544E-11
2123 .5251229E-11
2124 .5250911E-11
2125 .5250599E-11
2126 .5250286E-11
2127 .5249977E-11
2128 .5249670E-11
2129 .5249362E-11
2130 .5249061E-11
2131 .5248762E-11
2132 .5248464E-11
2133 .5248166E-11
2134 .5247875E-11
2135 .5247583E-11
2136 .5247295E-11
2137 .5247012E-11
2138 .5246727E-11
2139 .5246445E-11
2140 .5246165E-11
2141 .5245886E-11
2142 .5245616E-11
2143 .5245341E-11
2144 .5245070E-11
2145 .5244805E-11
2146 .5244538E-11
2147 .5244276E-11
2148 .5244016E-11
2149 .5243759E-11
2150 .5243504E-11
2151 .5243250E-11
2152 .5242998E-11
2153 .5242748E-11
2154 .5242502E-11
2155 .5242260E-11
2156 .5242018E-11
2157 .5241781E-11
2158 .5241541E-11
2159 .5241307E-11
2160 .5241073E-11
2161 .5240846E-11
2162 .5240618E-11
2163 .5240391E-11
2164 .5240173E-11
2165 .5239954E-11
2166 .5239734E-11
2167 .5239521E-11
2168 .5239306E-11
2169 .5239096E-11
2170 .5238889E-11
2171 .5238682E-11
2172 .5238478E-11
2173 .5238277E-11
2174 .5238080E-11
2175 .5237881E-11
2176 .5237691E-11
2177 .5237502E-11
2178 .5237313E-11
2179 .5237124E-11
2180 .5236941E-11
2181 .5236759E-11
2182 .5236580E-11
2183 .5236404E-11
2184 .5236231E-11
2185 .5236058E-11
2186 .5235887E-11
2187 .5235725E-11
2188 .5235556E-11
2189 .5235395E-11
2190 .5235238E-11
2191 .5235084E-11
2192 .5234925E-11
2193 .5234775E-11
2194 .5234625E-11
2195 .5234477E-11
2196 .5234332E-11
2197 .5234194E-11
2198 .5234053E-11
2199 .5233915E-11
2200 .5233785E-11
2201 .5233651E-11
2202 .5233522E-11
2203 .5233395E-11
2204 .5233270E-11
2205 .5233150E-11
2206 .5233028E-11
2207 .5232911E-11
2208 .5232799E-11
2209 .5232688E-11
2210 .5232576E-11
2211 .5232471E-11
2212 .5232363E-11
2213 .5232268E-11
2214 .5232164E-11
2215 .5232067E-11
2216 .5231975E-11
2217 .5231884E-11
2218 .5231794E-11
2219 .5231709E-11
2220 .5231628E-11
2221 .5231546E-11
2222 .5231464E-11
2223 .5231389E-11
2224 .5231317E-11
2225 .5231246E-11
2226 .5231177E-11
2227 .5231112E-11
2228 .5231050E-11
2229 .5230983E-11
2230 .5230929E-11
2231 .5230871E-11
2232 .5230823E-11
2233 .5230771E-11
2234 .5230724E-11
2235 .5230678E-11
2236 .5230634E-11
2237 .5230593E-11
2238 .5230559E-11
2239 .5230523E-11
2240 .5230492E-11
2241 .5230462E-11
2242 .5230434E-11
2243 .5230412E-11
2244 .5230389E-11
2245 .5230369E-11
2246 .5230354E-11
2247 .5230339E-11
2248 .5230324E-11
2249 .5230317E-11
2250 .5230311E-11
2251 .5230305E-11
2252 .5230305E-11
2253 .5230306E-11
2254 .5230309E-11
2255 .5230313E-11
2256 .5230323E-11
2257 .5230334E-11
2258 .5230345E-11
2259 .5230361E-11
2260 .5230378E-11
2261 .5230397E-11
2262 .5230418E-11
2263 .5230446E-11
2264 .5230472E-11
2265 .5230500E-11
2266 .5230534E-11
2267 .5230566E-11
2268 .5230604E-11
2269 .5230645E-11
2270 .5230687E-11
2271 .5230728E-11
2272 .5230773E-11
2273 .5230822E-11
2274 .5230873E-11
2275 .5230925E-11
2276 .5230978E-11
2277 .5231036E-11
2278 .5231093E-11
2279 .5231157E-11
2280 .5231221E-11
2281 .5231287E-11
2282 .5231356E-11
2283 .5231425E-11
2284 .5231496E-11
2285 .5231575E-11
2286 .5231647E-11
2287 .5231728E-11
2288 .5231808E-11
2289 .5231892E-11
2290 .5231973E-11
2291 .5232065E-11
2292 .5232154E-11
2293 .5232243E-11
2294 .5232339E-11
2295 .5232432E-11
2296 .5232531E-11
2297 .5232630E-11
2298 .5232731E-11
2299 .5232838E-11
2300 .5232942E-11
2301 .5233051E-11
2302 .5233163E-11
2303 .5233272E-11
2304 .5233387E-11
2305 .5233503E-11
2306 .5233621E-11
2307 .5233738E-11
2308 .5233861E-11
2309 .5233985E-11
2310 .5234113E-11
2311 .5234241E-11
2312 .5234369E-11
2313 .5234501E-11
2314 .5234632E-11
2315 .5234766E-11
2316 .5234905E-11
2317 .5235044E-11
2318 .5235181E-11
2319 .5235324E-11
2320 .5235468E-11
2321 .5235617E-11
2322 .5235765E-11
2323 .5235914E-11
2324 .5236069E-11
2325 .5236222E-11
2326 .5236378E-11
2327 .5236533E-11
2328 .5236694E-11
2329 .5236853E-11
2330 .5237016E-11
2331 .5237182E-11
2332 .5237343E-11
2333 .5237512E-11
2334 .5237681E-11
2335 .5237852E-11
2336 .5238024E-11
2337 .5238200E-11
2338 .5238375E-11
2339 .5238557E-11
2340 .5238730E-11
2341 .5238910E-11
2342 .5239096E-11
2343 .5239282E-11
2344 .5239464E-11
2345 .5239655E-11
2346 .5239843E-11
2347 .5240036E-11
2348 .5240228E-11
2349 .5240422E-11
2350 .5240614E-11
2351 .5240812E-11
2352 .5241008E-11
2353 .5241209E-11
2354 .5241415E-11
2355 .5241616E-11
2356 .5241820E-11
2357 .5242027E-11
2358 .5242232E-11
2359 .5242444E-11
2360 .5242653E-11
2361 .5242867E-11
2362 .5243078E-11
2363 .5243289E-11
2364 .5243509E-11
2365 .5243726E-11
2366 .5243944E-11
2367 .5244164E-11
2368 .5244387E-11
2369 .5244610E-11
2370 .5244835E-11
2371 .5245065E-11
2372 .5245292E-11
2373 .5245518E-11
2374 .5245748E-11
2375 .5245983E-11
2376 .5246212E-11
2377 .5246446E-11
2378 .5246680E-11
2379 .5246919E-11
2380 .5247157E-11
2381 .5247399E-11
2382 .5247636E-11
2383 .5247880E-11
2384 .5248121E-11
2385 .5248363E-11
2386 .5248613E-11
2387 .5248857E-11
2388 .5249105E-11
2389 .5249355E-11
2390 .5249605E-11
2391 .5249858E-11
2392 .5250108E-11
2393 .5250361E-11
2394 .5250620E-11
2395 .5250874E-11
2396 .5251132E-11
2397 .5251390E-11
2398 .5251648E-11
2399 .5251911E-11
2400 .5252173E-11
2401 .5252436E-11
2402 .5252700E-11
2403 .5252964E-11
2404 .5253234E-11
2405 .5253499E-11
2406 .5253767E-11
2407 .5254037E-11
2408 .5254307E-11
2409 .5254577E-11
2410 .5254850E-11
2411 .5255125E-11
2412 .5255397E-11
2413 .5255675E-11
2414 .5255953E-11
2415 .5256228E-11
2416 .5256506E-11
2417 .5256785E-11
2418 .5257064E-11
2419 .5257346E-11
2420 .5257628E-11
2421 .5257911E-11
2422 .5258193E-11
2423 .5258478E-11
2424 .5258768E-11
2425 .5259053E-11
2426 .5259340E-11
2427 .5259626E-11
2428 .5259917E-11
2429 .5260205E-11
2430 .5260496E-11
2431 .5260790E-11
2432 .5261082E-11
2433 .5261376E-11
2434 .5261668E-11
2435 .5261964E-11
2436 .5262260E-11
2437 .5262551E-11
2438 .5262853E-11
2439 .5263151E-11
2440 .5263452E-11
2441 .5263748E-11
2442 .5264051E-11
2443 .5264350E-11
2444 .5264652E-11
2445 .5264954E-11
2446 .5265255E-11
2447 .5265559E-11
2448 .5265861E-11
2449 .5266167E-11
2450 .5266474E-11
2451 .5266778E-11
2452 .5267087E-11
2453 .5267392E-11
2454 .5267700E-11
2455 .5268006E-11
2456 .5268321E-11
2457 .5268630E-11
2458 .5268937E-11
2459 .5269249E-11
2460 .5269563E-11
2461 .5269874E-11
2462 .5270186E-11
2463 .5270500E-11
2464 .5270813E-11
2465 .5271129E-11
2466 .5271442E-11
2467 .5271759E-11
2468 .5272073E-11
2469 .5272387E-11
2470 .5272705E-11
2471 .5273020E-11
2472 .5273336E-11
2473 .5273656E-11
2474 .5273974E-11
2475 .5274294E-11
2476 .5274613E-11
2477 .5274932E-11
2478 .5275251E-11
2479 .5275571E-11
2480 .5275893E-11
2481 .5276212E-11
2482 .5276534E-11
2483 .5276857E-11
2484 .5277177E-11
2485 .5277500E-11
2486 .5277826E-11
2487 .5278145E-11
2488 .5278471E-11
2489 .5278791E-11
2490 .5279116E-11
2491 .5279441E-11
2492 .5279765E-11
2493 .5280091E-11
2494 .5280417E-11
2495 .5280739E-11
2496 .5281066E-11
2497 .5281394E-11
2498 .5281719E-11
2499 .5282045E-11
2500 .5282370E-11
