100 .7912482E-18
101 .3091963E-17
102 .7620802E-17
103 .1523255E-16
104 .2697763E-16
105 .4417762E-16
106 .6852684E-16
107 .1022192E-15
108 .1481017E-15
109 .2098501E-15
110 .2921692E-15
111 .4010153E-15
112 .5438370E-15
113 .7298408E-15
114 .9702697E-15
115 .1278712E-14
116 .1671411E-14
117 .2167596E-14
118 .2789835E-14
119 .3564337E-14
120 .4521280E-14
121 .5695056E-14
122 .7124422E-14
123 .8852574E-14
124 .1092693E-13
125 .1339868E-13
126 .1632080E-13
127 .1974263E-13
128 .2371190E-13
129 .2827500E-13
130 .3347650E-13
131 .3935866E-13
132 .4596131E-13
133 .5332217E-13
134 .6147708E-13
135 .7046127E-13
136 .8031040E-13
137 .9106235E-13
138 .1027578E-12
139 .1154077E-12
140 .1289771E-12
141 .1434069E-12
142 .1586133E-12
143 .1744871E-12
144 .1908916E-12
145 .2076643E-12
146 .2246161E-12
147 .2415335E-12
148 .2581803E-12
149 .2743003E-12
150 .2896223E-12
151 .3038970E-12
152 .3170140E-12
153 .3289164E-12
154 .3395671E-12
155 .3489488E-12
156 .3570618E-12
157 .3639235E-12
158 .3695662E-12
159 .3740353E-12
160 .3773888E-12
161 .3796948E-12
162 .3810294E-12
163 .3814764E-12
164 .3811253E-12
165 .3800695E-12
166 .3784059E-12
167 .3762335E-12
168 .3736519E-12
169 .3707619E-12
170 .3676635E-12
171 .3644565E-12
172 .3612397E-12
173 .3581109E-12
174 .3551673E-12
175 .3525056E-12
176 .3502070E-12
177 .3482907E-12
178 .3467621E-12
179 .3456276E-12
180 .3448946E-12
181 .3445723E-12
182 .3446712E-12
183 .3452030E-12
184 .3461812E-12
185 .3476207E-12
186 .3495379E-12
187 .3519509E-12
188 .3548792E-12
189 .3583441E-12
190 .3623686E-12
191 .3669768E-12
192 .3721949E-12
193 .3780503E-12
194 .3845721E-12
195 .3917905E-12
196 .3997372E-12
197 .4084451E-12
198 .4179479E-12
199 .4282804E-12
200 .4394779E-12
201 .4515692E-12
202 .4645548E-12
203 .4784263E-12
204 .4931747E-12
205 .5087896E-12
206 .5252589E-12
207 .5425696E-12
208 .5607069E-12
209 .5796541E-12
210 .5993937E-12
211 .6199057E-12
212 .6411689E-12
213 .6631595E-12
214 .6858524E-12
215 .7092204E-12
216 .7332336E-12
217 .7578606E-12
218 .7830672E-12
219 .8088170E-12
220 .8350712E-12
221 .8617883E-12
222 .8889245E-12
223 .9164327E-12
224 .9442634E-12
225 .9723644E-12
226 .1000690E-11
227 .1029231E-11
228 .1057986E-11
229 .1086954E-11
230 .1116131E-11
231 .1145512E-11
232 .1175091E-11
233 .1204858E-11
234 .1234806E-11
235 .1264922E-11
236 .1295194E-11
237 .1325607E-11
238 .1356146E-11
239 .1386792E-11
240 .1417523E-11
241 .1448317E-11
242 .1479149E-11
243 .1509990E-11
244 .1540808E-11
245 .1571570E-11
246 .1602236E-11
247 .1632764E-11
248 .1663108E-11
249 .1693216E-11
250 .1723032E-11
251 .1470719E-11
252 .1837913E-11
253 .1351962E-11
254 .9408869E-12
255 .1097467E-11
256 .1576370E-11
257 .1598852E-11
258 .1766693E-11
259 .2000188E-11
260 .2216908E-11
261 .2727650E-11
262 .2591644E-11
263 .2583437E-11
264 .2531246E-11
265 .3376490E-11
266 .3483541E-11
267 .3635593E-11
268 .4026817E-11
269 .3971361E-11
270 .4440198E-11
271 .4720583E-11
272 .4880769E-11
273 .4932881E-11
274 .5438304E-11
275 .5716857E-11
276 .5330209E-11
277 .5048736E-11
278 .5879744E-11
279 .6927115E-11
280 .8217291E-11
281 .9743923E-11
282 .1112040E-10
283 .1257566E-10
284 .1388459E-10
285 .1427806E-10
286 .1502457E-10
287 .1468795E-10
288 .1535506E-10
289 .1445998E-10
290 .1505451E-10
291 .1592212E-10
292 .1656765E-10
293 .1703845E-10
294 .1741035E-10
295 .1805311E-10
296 .1797423E-10
297 .2020915E-10
298 .2341531E-10
299 .2483425E-10
300 .2643545E-10
301 .2832770E-10
302 .3284085E-10
303 .3770234E-10
304 .4177508E-10
305 .4524168E-10
306 .4767494E-10
307 .4998802E-10
308 .5273613E-10
309 .4950764E-10
310 .5005838E-10
311 .4744021E-10
312 .4605187E-10
313 .5283198E-10
314 .5175747E-10
315 .4180126E-10
316 .5149866E-10
317 .5572477E-10
318 .5046599E-10
319 .4905205E-10
320 .5728831E-10
321 .4625650E-10
322 .5059411E-10
323 .3948822E-10
324 .4112695E-10
325 .4083190E-10
326 .3939544E-10
327 .4072841E-10
328 .4468164E-10
329 .4938818E-10
330 .5479529E-10
331 .6032536E-10
332 .6891205E-10
333 .7393541E-10
334 .7909321E-10
335 .8347866E-10
336 .8787081E-10
337 .9164883E-10
338 .9661852E-10
339 .1038573E-09
340 .1137955E-09
341 .1254602E-09
342 .1451869E-09
343 .1600529E-09
344 .1755335E-09
345 .1898280E-09
346 .2035279E-09
347 .2224266E-09
348 .2295439E-09
349 .2352508E-09
350 .2398876E-09
351 .2357397E-09
352 .2339772E-09
353 .2281677E-09
354 .2224284E-09
355 .2147936E-09
356 .2055420E-09
357 .1909356E-09
358 .1829972E-09
359 .1720207E-09
360 .1583286E-09
361 .1393502E-09
362 .1283691E-09
363 .1174649E-09
364 .1099063E-09
365 .1037825E-09
366 .9668831E-10
367 .9607568E-10
368 .9761694E-10
369 .9939731E-10
370 .1034642E-09
371 .1151261E-09
372 .1309292E-09
373 .1405578E-09
374 .1543536E-09
375 .1686276E-09
376 .1811138E-09
377 .1893835E-09
378 .2028542E-09
379 .2127046E-09
380 .2218594E-09
381 .2350256E-09
382 .2538629E-09
383 .2611452E-09
384 .2741094E-09
385 .2857144E-09
386 .2940059E-09
387 .3024831E-09
388 .3121574E-09
389 .3152415E-09
390 .3201872E-09
391 .3189568E-09
392 .3209057E-09
393 .3151534E-09
394 .3094765E-09
395 .3006590E-09
396 .2907202E-09
397 .2842295E-09
398 .2761336E-09
399 .2712778E-09
400 .2676219E-09
401 .2706588E-09
402 .2715586E-09
403 .2758908E-09
404 .2777833E-09
405 .2788156E-09
406 .2784023E-09
407 .2802951E-09
408 .2761473E-09
409 .2702056E-09
410 .2660988E-09
411 .2597014E-09
412 .2551312E-09
413 .2505060E-09
414 .2462492E-09
415 .2409036E-09
416 .2339933E-09
417 .2260010E-09
418 .2181111E-09
419 .2099171E-09
420 .2031297E-09
421 .1952480E-09
422 .1861963E-09
423 .1826977E-09
424 .1764180E-09
425 .1702984E-09
426 .1674750E-09
427 .1625270E-09
428 .1561166E-09
429 .1520050E-09
430 .1516823E-09
431 .1552642E-09
432 .1571714E-09
433 .1599237E-09
434 .1627335E-09
435 .1671658E-09
436 .1672567E-09
437 .1669017E-09
438 .1656129E-09
439 .1644185E-09
440 .1640602E-09
441 .1655954E-09
442 .1662199E-09
443 .1675180E-09
444 .1713091E-09
445 .1730429E-09
446 .1722647E-09
447 .1704832E-09
448 .1728342E-09
449 .1700442E-09
450 .1687689E-09
451 .1658506E-09
452 .1627662E-09
453 .1601350E-09
454 .1574195E-09
455 .1532969E-09
456 .1512878E-09
457 .1473842E-09
458 .1432054E-09
459 .1401151E-09
460 .1369310E-09
461 .1334367E-09
462 .1286796E-09
463 .1243210E-09
464 .1207830E-09
465 .1171517E-09
466 .1138119E-09
467 .1101927E-09
468 .1087871E-09
469 .1070374E-09
470 .1062514E-09
471 .1044949E-09
472 .1030163E-09
473 .1018641E-09
474 .1009518E-09
475 .1005642E-09
476 .9958713E-10
477 .9939302E-10
478 .9824878E-10
479 .9541572E-10
480 .9203837E-10
481 .8882937E-10
482 .8530874E-10
483 .8268708E-10
484 .8044209E-10
485 .7923481E-10
486 .7941410E-10
487 .8002356E-10
488 .8088167E-10
489 .8200853E-10
490 .8342933E-10
491 .8490035E-10
492 .8672274E-10
493 .8742570E-10
494 .8853474E-10
495 .8945860E-10
496 .9068047E-10
497 .9233151E-10
498 .9257531E-10
499 .9289805E-10
500 .9403521E-10
501 .9554989E-10
502 .9705091E-10
503 .9742642E-10
504 .9866189E-10
505 .1002465E-09
506 .1023564E-09
507 .1036368E-09
508 .1041793E-09
509 .1039140E-09
510 .1036269E-09
511 .1024736E-09
512 .1011530E-09
513 .1001271E-09
514 .9944113E-10
515 .9865629E-10
516 .9840467E-10
517 .9786853E-10
518 .9676934E-10
519 .9515398E-10
520 .9248065E-10
521 .8961388E-10
522 .8591065E-10
523 .8247560E-10
524 .7927394E-10
525 .7671924E-10
526 .7524928E-10
527 .7337994E-10
528 .7183863E-10
529 .7099436E-10
530 .7072457E-10
531 .7096439E-10
532 .7077646E-10
533 .7066518E-10
534 .6988540E-10
535 .6923404E-10
536 .6878312E-10
537 .6772957E-10
538 .6657212E-10
539 .6548874E-10
540 .6387707E-10
541 .6283211E-10
542 .6118753E-10
543 .6021608E-10
544 .5979604E-10
545 .6022980E-10
546 .6086030E-10
547 .6172162E-10
548 .6248341E-10
549 .6379066E-10
550 .6455484E-10
551 .6485551E-10
552 .6548040E-10
553 .6576870E-10
554 .6648550E-10
555 .6702619E-10
556 .6746752E-10
557 .6700420E-10
558 .6693544E-10
559 .6674365E-10
560 .6663926E-10
561 .6682851E-10
562 .6633940E-10
563 .6599581E-10
564 .6546790E-10
565 .6509494E-10
566 .6445821E-10
567 .6359795E-10
568 .6311191E-10
569 .6177768E-10
570 .6066331E-10
571 .5928842E-10
572 .5793004E-10
573 .5664187E-10
574 .5593717E-10
575 .5553061E-10
576 .5495782E-10
577 .5499302E-10
578 .5470388E-10
579 .5442768E-10
580 .5493032E-10
581 .5505328E-10
582 .5559111E-10
583 .5558182E-10
584 .5570542E-10
585 .5541761E-10
586 .5571183E-10
587 .5533647E-10
588 .5368033E-10
589 .5199339E-10
590 .4965041E-10
591 .4858162E-10
592 .4717763E-10
593 .4575149E-10
594 .4379054E-10
595 .4217865E-10
596 .4121254E-10
597 .4011859E-10
598 .3894714E-10
599 .3813613E-10
600 .3720879E-10
601 .3638155E-10
602 .3540989E-10
603 .3471214E-10
604 .3401776E-10
605 .3321449E-10
606 .3253136E-10
607 .3177532E-10
608 .3155886E-10
609 .3134698E-10
610 .3143352E-10
611 .3167220E-10
612 .3209059E-10
613 .3319614E-10
614 .3407853E-10
615 .3555698E-10
616 .3746716E-10
617 .3920825E-10
618 .4121471E-10
619 .4316861E-10
620 .4535409E-10
621 .4724318E-10
622 .4854107E-10
623 .4985935E-10
624 .5099836E-10
625 .5189249E-10
626 .5278640E-10
627 .5317742E-10
628 .5176530E-10
629 .5220038E-10
630 .5184582E-10
631 .5200041E-10
632 .5219124E-10
633 .5268353E-10
634 .5326386E-10
635 .5409428E-10
636 .5439700E-10
637 .5490020E-10
638 .5513172E-10
639 .5510200E-10
640 .5513498E-10
641 .5499918E-10
642 .5482406E-10
643 .5465068E-10
644 .5435421E-10
645 .5416022E-10
646 .5417467E-10
647 .5370887E-10
648 .5327654E-10
649 .5352996E-10
650 .5361715E-10
651 .5382687E-10
652 .5277315E-10
653 .5347551E-10
654 .5305492E-10
655 .5262017E-10
656 .5229489E-10
657 .5220330E-10
658 .5182493E-10
659 .5134437E-10
660 .5104019E-10
661 .5029369E-10
662 .4920502E-10
663 .4839354E-10
664 .4811007E-10
665 .4831081E-10
666 .4840012E-10
667 .4847779E-10
668 .4831578E-10
669 .4751195E-10
670 .4723283E-10
671 .4676382E-10
672 .4632884E-10
673 .4605159E-10
674 .4532645E-10
675 .4479789E-10
676 .4419660E-10
677 .4385233E-10
678 .4357721E-10
679 .4333507E-10
680 .4322133E-10
681 .4306380E-10
682 .4278412E-10
683 .4235746E-10
684 .4169515E-10
685 .4115290E-10
686 .4101787E-10
687 .3719609E-10
688 .3862002E-10
689 .4054297E-10
690 .3963368E-10
691 .3972736E-10
692 .3993314E-10
693 .3984481E-10
694 .4031901E-10
695 .4011735E-10
696 .4007773E-10
697 .4072105E-10
698 .4058664E-10
699 .4027654E-10
700 .4032903E-10
701 .4043603E-10
702 .4036731E-10
703 .4019682E-10
704 .4059625E-10
705 .4086852E-10
706 .4123123E-10
707 .4138534E-10
708 .4166909E-10
709 .4217904E-10
710 .4212334E-10
711 .4247601E-10
712 .4261324E-10
713 .4231335E-10
714 .4166022E-10
715 .4144927E-10
716 .4108899E-10
717 .3999726E-10
718 .3975348E-10
719 .3896980E-10
720 .3904659E-10
721 .3911882E-10
722 .3879693E-10
723 .3835767E-10
724 .3765545E-10
725 .3826049E-10
726 .3767948E-10
727 .3693149E-10
728 .3581985E-10
729 .3589634E-10
730 .3528239E-10
731 .3449029E-10
732 .3396008E-10
733 .3379750E-10
734 .3319995E-10
735 .3252088E-10
736 .3217324E-10
737 .3173147E-10
738 .3150079E-10
739 .3105855E-10
740 .3070335E-10
741 .3031402E-10
742 .2958851E-10
743 .2840363E-10
744 .2695283E-10
745 .2609002E-10
746 .2524453E-10
747 .2466635E-10
748 .2422363E-10
749 .2401153E-10
750 .2400926E-10
751 .2428677E-10
752 .2450241E-10
753 .2413701E-10
754 .2388197E-10
755 .2369173E-10
756 .2289164E-10
757 .2219055E-10
758 .2155470E-10
759 .2088372E-10
760 .2010402E-10
761 .1971062E-10
762 .1946954E-10
763 .1946900E-10
764 .2007762E-10
765 .2016936E-10
766 .2057578E-10
767 .2090554E-10
768 .2101997E-10
769 .2151148E-10
770 .2091671E-10
771 .2096715E-10
772 .2076193E-10
773 .2021911E-10
774 .1988239E-10
775 .1950363E-10
776 .1897408E-10
777 .1861702E-10
778 .1818609E-10
779 .1781287E-10
780 .1722726E-10
781 .1669826E-10
782 .1607532E-10
783 .1558270E-10
784 .1513649E-10
785 .1462736E-10
786 .1435265E-10
787 .1400785E-10
788 .1370954E-10
789 .1333599E-10
790 .1309463E-10
791 .1276094E-10
792 .1256010E-10
793 .1243127E-10
794 .1247973E-10
795 .1234904E-10
796 .1209815E-10
797 .1183426E-10
798 .1187456E-10
799 .1192465E-10
800 .1184966E-10
801 .1189974E-10
802 .1199247E-10
803 .1202124E-10
804 .1232381E-10
805 .1244359E-10
806 .1252188E-10
807 .1245264E-10
808 .1240299E-10
809 .1216230E-10
810 .1211196E-10
811 .1197832E-10
812 .1196329E-10
813 .1189111E-10
814 .1152977E-10
815 .1128005E-10
816 .1104838E-10
817 .1068436E-10
818 .1037835E-10
819 .1034201E-10
820 .9979251E-11
821 .1018052E-10
822 .9661860E-11
823 .8731978E-11
824 .1008244E-10
825 .9872618E-11
826 .9590578E-11
827 .9968477E-11
828 .9381842E-11
829 .9461124E-11
830 .9352567E-11
831 .9104162E-11
832 .8808019E-11
833 .8938107E-11
834 .8628605E-11
835 .8849533E-11
836 .8796768E-11
837 .8926934E-11
838 .9019882E-11
839 .9113820E-11
840 .9074578E-11
841 .9210294E-11
842 .9185972E-11
843 .9196413E-11
844 .9164822E-11
845 .9259892E-11
846 .9204775E-11
847 .9172549E-11
848 .9223509E-11
849 .9063961E-11
850 .9235533E-11
851 .9026095E-11
852 .9045967E-11
853 .9001551E-11
854 .9053086E-11
855 .8957940E-11
856 .8780455E-11
857 .8711101E-11
858 .8656290E-11
859 .8518316E-11
860 .8436212E-11
861 .8391569E-11
862 .8407680E-11
863 .8292999E-11
864 .8408650E-11
865 .8374354E-11
866 .8245770E-11
867 .8055304E-11
868 .8120108E-11
869 .7907402E-11
870 .7916416E-11
871 .7861469E-11
872 .7629702E-11
873 .7733553E-11
874 .7653238E-11
875 .7523512E-11
876 .7454236E-11
877 .7382190E-11
878 .7320139E-11
879 .7186458E-11
880 .6948452E-11
881 .6877101E-11
882 .6651816E-11
883 .6366673E-11
884 .6181912E-11
885 .6050116E-11
886 .5853401E-11
887 .5713129E-11
888 .5428870E-11
889 .5474349E-11
890 .5359188E-11
891 .5400366E-11
892 .5291414E-11
893 .5284243E-11
894 .5355513E-11
895 .5229176E-11
896 .5234207E-11
897 .5003354E-11
898 .5214510E-11
899 .4797481E-11
900 .4886511E-11
901 .4804797E-11
902 .4674184E-11
903 .4750445E-11
904 .4814106E-11
905 .4690317E-11
906 .4682754E-11
907 .4585559E-11
908 .4620608E-11
909 .4627079E-11
910 .4566833E-11
911 .4675403E-11
912 .4601149E-11
913 .4529222E-11
914 .4667898E-11
915 .4565323E-11
916 .4501041E-11
917 .4611668E-11
918 .4542993E-11
919 .4774600E-11
920 .4585452E-11
921 .4685038E-11
922 .4653248E-11
923 .4592640E-11
924 .4494362E-11
925 .4472437E-11
926 .4548242E-11
927 .4411590E-11
928 .4291386E-11
929 .4211692E-11
930 .4039601E-11
931 .3689949E-11
932 .3301830E-11
933 .3237918E-11
934 .2845547E-11
935 .3011037E-11
936 .2856481E-11
937 .3052740E-11
938 .2889554E-11
939 .3348402E-11
940 .3436496E-11
941 .3361814E-11
942 .3142477E-11
943 .2861762E-11
944 .2780716E-11
945 .2890478E-11
946 .2767717E-11
947 .2824369E-11
948 .2883252E-11
949 .2883628E-11
950 .2512724E-11
951 .2883389E-11
952 .2564958E-11
953 .2627720E-11
954 .2712451E-11
955 .2621001E-11
956 .2628729E-11
957 .2457565E-11
958 .2690598E-11
959 .2463651E-11
960 .2554464E-11
961 .2502497E-11
962 .2552988E-11
963 .2501539E-11
964 .2478524E-11
965 .2459697E-11
966 .2561235E-11
967 .2311025E-11
968 .2377461E-11
969 .2334772E-11
970 .2304656E-11
971 .2354007E-11
972 .2227836E-11
973 .2326131E-11
974 .2212114E-11
975 .2186522E-11
976 .2119904E-11
977 .2235254E-11
978 .2150237E-11
979 .2108063E-11
980 .2129857E-11
981 .2004075E-11
982 .2044502E-11
983 .2070199E-11
984 .2084019E-11
985 .2053862E-11
986 .2029382E-11
987 .1988533E-11
988 .2069025E-11
989 .1962069E-11
990 .1984626E-11
991 .1806387E-11
992 .1953641E-11
993 .1778449E-11
994 .1768530E-11
995 .1925187E-11
996 .1835234E-11
997 .1829454E-11
998 .1829332E-11
999 .1832908E-11
1000 .1837523E-11
1001 .1843603E-11
1002 .1849661E-11
1003 .1855697E-11
1004 .1861711E-11
1005 .1867700E-11
1006 .1873671E-11
1007 .1879618E-11
1008 .1885545E-11
1009 .1891448E-11
1010 .1897328E-11
1011 .1903187E-11
1012 .1909024E-11
1013 .1914837E-11
1014 .1920630E-11
1015 .1926402E-11
1016 .1932149E-11
1017 .1937878E-11
1018 .1943583E-11
1019 .1949266E-11
1020 .1954929E-11
1021 .1960565E-11
1022 .1966183E-11
1023 .1971781E-11
1024 .1977356E-11
1025 .1982906E-11
1026 .1988436E-11
1027 .1993943E-11
1028 .1999430E-11
1029 .2004897E-11
1030 .2010341E-11
1031 .2015760E-11
1032 .2021163E-11
1033 .2026541E-11
1034 .2031897E-11
1035 .2037235E-11
1036 .2042548E-11
1037 .2047841E-11
1038 .2053111E-11
1039 .2058362E-11
1040 .2063588E-11
1041 .2068798E-11
1042 .2073982E-11
1043 .2079146E-11
1044 .2084290E-11
1045 .2089413E-11
1046 .2094513E-11
1047 .2099595E-11
1048 .2104654E-11
1049 .2109691E-11
1050 .2114711E-11
1051 .2119707E-11
1052 .2124681E-11
1053 .2129636E-11
1054 .2134572E-11
1055 .2139487E-11
1056 .2144380E-11
1057 .2149253E-11
1058 .2154109E-11
1059 .2158941E-11
1060 .2163755E-11
1061 .2168545E-11
1062 .2173320E-11
1063 .2178073E-11
1064 .2182805E-11
1065 .2187521E-11
1066 .2192213E-11
1067 .2196885E-11
1068 .2201542E-11
1069 .2206178E-11
1070 .2210794E-11
1071 .2215388E-11
1072 .2219967E-11
1073 .2224525E-11
1074 .2229063E-11
1075 .2233587E-11
1076 .2238089E-11
1077 .2242572E-11
1078 .2247035E-11
1079 .2251482E-11
1080 .2255909E-11
1081 .2260318E-11
1082 .2264710E-11
1083 .2269081E-11
1084 .2273434E-11
1085 .2277773E-11
1086 .2282093E-11
1087 .2286390E-11
1088 .2290675E-11
1089 .2294940E-11
1090 .2299188E-11
1091 .2303421E-11
1092 .2307633E-11
1093 .2311831E-11
1094 .2316011E-11
1095 .2320171E-11
1096 .2324318E-11
1097 .2328445E-11
1098 .2332557E-11
1099 .2336653E-11
1100 .2340733E-11
1101 .2344793E-11
1102 .2348841E-11
1103 .2352871E-11
1104 .2356884E-11
1105 .2360885E-11
1106 .2364869E-11
1107 .2368832E-11
1108 .2372786E-11
1109 .2376723E-11
1110 .2380643E-11
1111 .2384546E-11
1112 .2388440E-11
1113 .2392316E-11
1114 .2396176E-11
1115 .2400023E-11
1116 .2403854E-11
1117 .2407671E-11
1118 .2411476E-11
1119 .2415263E-11
1120 .2419039E-11
1121 .2422800E-11
1122 .2426549E-11
1123 .2430282E-11
1124 .2434002E-11
1125 .2437710E-11
1126 .2441402E-11
1127 .2445084E-11
1128 .2448751E-11
1129 .2452403E-11
1130 .2456047E-11
1131 .2452614E-11
1132 .2449189E-11
1133 .2445771E-11
1134 .2442360E-11
1135 .2438958E-11
1136 .2435563E-11
1137 .2432174E-11
1138 .2428793E-11
1139 .2425420E-11
1140 .2422056E-11
1141 .2418702E-11
1142 .2415352E-11
1143 .2412012E-11
1144 .2408679E-11
1145 .2405357E-11
1146 .2402041E-11
1147 .2398733E-11
1148 .2395437E-11
1149 .2392145E-11
1150 .2388865E-11
1151 .2385591E-11
1152 .2382328E-11
1153 .2379073E-11
1154 .2375825E-11
1155 .2372590E-11
1156 .2369360E-11
1157 .2366143E-11
1158 .2362932E-11
1159 .2359732E-11
1160 .2356541E-11
1161 .2353359E-11
1162 .2350188E-11
1163 .2347027E-11
1164 .2343873E-11
1165 .2340730E-11
1166 .2337597E-11
1167 .2334475E-11
1168 .2331361E-11
1169 .2328258E-11
1170 .2325164E-11
1171 .2322082E-11
1172 .2319009E-11
1173 .2315945E-11
1174 .2312893E-11
1175 .2309853E-11
1176 .2306823E-11
1177 .2303804E-11
1178 .2300794E-11
1179 .2297794E-11
1180 .2294806E-11
1181 .2291830E-11
1182 .2288866E-11
1183 .2285912E-11
1184 .2282967E-11
1185 .2280037E-11
1186 .2277115E-11
1187 .2274205E-11
1188 .2271307E-11
1189 .2268423E-11
1190 .2265546E-11
1191 .2262683E-11
1192 .2259832E-11
1193 .2256993E-11
1194 .2254166E-11
1195 .2251349E-11
1196 .2248547E-11
1197 .2245755E-11
1198 .2242976E-11
1199 .2240209E-11
1200 .2237455E-11
1201 .2234713E-11
1202 .2231982E-11
1203 .2229266E-11
1204 .2226562E-11
1205 .2223872E-11
1206 .2221191E-11
1207 .2218525E-11
1208 .2215873E-11
1209 .2213233E-11
1210 .2210605E-11
1211 .2207990E-11
1212 .2205391E-11
1213 .2202805E-11
1214 .2200232E-11
1215 .2197671E-11
1216 .2195123E-11
1217 .2192593E-11
1218 .2190071E-11
1219 .2187566E-11
1220 .2185074E-11
1221 .2182594E-11
1222 .2180134E-11
1223 .2177683E-11
1224 .2175247E-11
1225 .2172826E-11
1226 .2170417E-11
1227 .2168025E-11
1228 .2165647E-11
1229 .2163282E-11
1230 .2160931E-11
1231 .2158598E-11
1232 .2156277E-11
1233 .2153973E-11
1234 .2151681E-11
1235 .2149405E-11
1236 .2147145E-11
1237 .2144898E-11
1238 .2142667E-11
1239 .2140453E-11
1240 .2138254E-11
1241 .2136068E-11
1242 .2133898E-11
1243 .2131745E-11
1244 .2129605E-11
1245 .2127484E-11
1246 .2125380E-11
1247 .2123285E-11
1248 .2121211E-11
1249 .2119151E-11
1250 .2117108E-11
1251 .2116533E-11
1252 .2115969E-11
1253 .2115418E-11
1254 .2114877E-11
1255 .2114347E-11
1256 .2113830E-11
1257 .2113324E-11
1258 .2112833E-11
1259 .2112352E-11
1260 .2111882E-11
1261 .2111425E-11
1262 .2110980E-11
1263 .2110549E-11
1264 .2110130E-11
1265 .2109724E-11
1266 .2109333E-11
1267 .2108952E-11
1268 .2108584E-11
1269 .2108231E-11
1270 .2107889E-11
1271 .2107565E-11
1272 .2107248E-11
1273 .2106952E-11
1274 .2106666E-11
1275 .2106393E-11
1276 .2106134E-11
1277 .2105892E-11
1278 .2105663E-11
1279 .2105449E-11
1280 .2105250E-11
1281 .2105063E-11
1282 .2104892E-11
1283 .2104736E-11
1284 .2104596E-11
1285 .2104468E-11
1286 .2104355E-11
1287 .2104261E-11
1288 .2104181E-11
1289 .2104113E-11
1290 .2104061E-11
1291 .2104026E-11
1292 .2104005E-11
1293 .2103996E-11
1294 .2104004E-11
1295 .2104025E-11
1296 .2104062E-11
1297 .2104112E-11
1298 .2104174E-11
1299 .2104252E-11
1300 .2104344E-11
1301 .2104449E-11
1302 .2104571E-11
1303 .2104703E-11
1304 .2104852E-11
1305 .2105012E-11
1306 .2105185E-11
1307 .2105374E-11
1308 .2105575E-11
1309 .2105791E-11
1310 .2106015E-11
1311 .2106257E-11
1312 .2106511E-11
1313 .2106778E-11
1314 .2107057E-11
1315 .2107351E-11
1316 .2107653E-11
1317 .2107972E-11
1318 .2108303E-11
1319 .2108645E-11
1320 .2109000E-11
1321 .2109366E-11
1322 .2109745E-11
1323 .2110138E-11
1324 .2110540E-11
1325 .2110955E-11
1326 .2111382E-11
1327 .2111822E-11
1328 .2112274E-11
1329 .2112733E-11
1330 .2113209E-11
1331 .2113692E-11
1332 .2114187E-11
1333 .2114696E-11
1334 .2115215E-11
1335 .2115744E-11
1336 .2116284E-11
1337 .2116833E-11
1338 .2117395E-11
1339 .2117971E-11
1340 .2118551E-11
1341 .2119146E-11
1342 .2119750E-11
1343 .2120364E-11
1344 .2120988E-11
1345 .2121620E-11
1346 .2122266E-11
1347 .2122922E-11
1348 .2123585E-11
1349 .2124258E-11
1350 .2124942E-11
1351 .2125638E-11
1352 .2126336E-11
1353 .2127048E-11
1354 .2127770E-11
1355 .2128501E-11
1356 .2129238E-11
1357 .2129987E-11
1358 .2130743E-11
1359 .2131509E-11
1360 .2132286E-11
1361 .2133066E-11
1362 .2133858E-11
1363 .2134658E-11
1364 .2135467E-11
1365 .2136283E-11
1366 .2137107E-11
1367 .2137940E-11
1368 .2138782E-11
1369 .2139628E-11
1370 .2140482E-11
1371 .2130078E-11
1372 .2119669E-11
1373 .2109257E-11
1374 .2098843E-11
1375 .2088428E-11
1376 .2078011E-11
1377 .2067589E-11
1378 .2057167E-11
1379 .2046739E-11
1380 .2036310E-11
1381 .2025873E-11
1382 .2015438E-11
1383 .2004996E-11
1384 .1994552E-11
1385 .1984100E-11
1386 .1973648E-11
1387 .1963186E-11
1388 .1952721E-11
1389 .1942255E-11
1390 .1931779E-11
1391 .1921299E-11
1392 .1910817E-11
1393 .1900322E-11
1394 .1889827E-11
1395 .1879323E-11
1396 .1868811E-11
1397 .1858298E-11
1398 .1847776E-11
1399 .1837243E-11
1400 .1826709E-11
1401 .1816165E-11
1402 .1805615E-11
1403 .1795056E-11
1404 .1784488E-11
1405 .1773914E-11
1406 .1763332E-11
1407 .1752742E-11
1408 .1742145E-11
1409 .1731537E-11
1410 .1720923E-11
1411 .1710297E-11
1412 .1699668E-11
1413 .1689025E-11
1414 .1678374E-11
1415 .1667714E-11
1416 .1657045E-11
1417 .1646368E-11
1418 .1635680E-11
1419 .1624981E-11
1420 .1614275E-11
1421 .1603558E-11
1422 .1592831E-11
1423 .1582093E-11
1424 .1571344E-11
1425 .1560586E-11
1426 .1549817E-11
1427 .1539037E-11
1428 .1528247E-11
1429 .1517450E-11
1430 .1506633E-11
1431 .1495813E-11
1432 .1484978E-11
1433 .1474134E-11
1434 .1463278E-11
1435 .1452410E-11
1436 .1441532E-11
1437 .1430641E-11
1438 .1419739E-11
1439 .1408824E-11
1440 .1397900E-11
1441 .1386964E-11
1442 .1376012E-11
1443 .1365051E-11
1444 .1354079E-11
1445 .1343095E-11
1446 .1332095E-11
1447 .1321086E-11
1448 .1310065E-11
1449 .1299028E-11
1450 .1287982E-11
1451 .1276923E-11
1452 .1265851E-11
1453 .1254766E-11
1454 .1243671E-11
1455 .1232560E-11
1456 .1221437E-11
1457 .1210303E-11
1458 .1199155E-11
1459 .1187995E-11
1460 .1176821E-11
1461 .1165635E-11
1462 .1154437E-11
1463 .1143223E-11
1464 .1131998E-11
1465 .1120761E-11
1466 .1109509E-11
1467 .1098247E-11
1468 .1086971E-11
1469 .1075680E-11
1470 .1064377E-11
1471 .1053061E-11
1472 .1041732E-11
1473 .1030389E-11
1474 .1019036E-11
1475 .1007668E-11
1476 .9962869E-12
1477 .9848930E-12
1478 .9734860E-12
1479 .9620661E-12
1480 .9506332E-12
1481 .9391882E-12
1482 .9277295E-12
1483 .9162577E-12
1484 .9047737E-12
1485 .8932764E-12
1486 .8817665E-12
1487 .8702446E-12
1488 .8587094E-12
1489 .8471621E-12
1490 .8356022E-12
1491 .8240305E-12
1492 .8124469E-12
1493 .8008504E-12
1494 .7892412E-12
1495 .7776215E-12
1496 .7659893E-12
1497 .7543447E-12
1498 .7426897E-12
1499 .7310219E-12
1500 .7193427E-12
1501 .7196471E-12
1502 .7199504E-12
1503 .7202528E-12
1504 .7205535E-12
1505 .7208528E-12
1506 .7211505E-12
1507 .7214473E-12
1508 .7217431E-12
1509 .7220367E-12
1510 .7223297E-12
1511 .7226212E-12
1512 .7229106E-12
1513 .7232000E-12
1514 .7234876E-12
1515 .7237739E-12
1516 .7240588E-12
1517 .7243423E-12
1518 .7246251E-12
1519 .7249064E-12
1520 .7251864E-12
1521 .7254651E-12
1522 .7257430E-12
1523 .7260187E-12
1524 .7262941E-12
1525 .7265679E-12
1526 .7268402E-12
1527 .7271119E-12
1528 .7273821E-12
1529 .7276509E-12
1530 .7279187E-12
1531 .7281850E-12
1532 .7284507E-12
1533 .7287153E-12
1534 .7289778E-12
1535 .7292399E-12
1536 .7295004E-12
1537 .7297603E-12
1538 .7300183E-12
1539 .7302755E-12
1540 .7305316E-12
1541 .7307868E-12
1542 .7310406E-12
1543 .7312933E-12
1544 .7315453E-12
1545 .7317959E-12
1546 .7320449E-12
1547 .7322934E-12
1548 .7325404E-12
1549 .7327870E-12
1550 .7330318E-12
1551 .7332754E-12
1552 .7335188E-12
1553 .7337600E-12
1554 .7340013E-12
1555 .7342404E-12
1556 .7344791E-12
1557 .7347169E-12
1558 .7349538E-12
1559 .7351888E-12
1560 .7354236E-12
1561 .7356571E-12
1562 .7358895E-12
1563 .7361209E-12
1564 .7363511E-12
1565 .7365809E-12
1566 .7368092E-12
1567 .7370364E-12
1568 .7372632E-12
1569 .7374886E-12
1570 .7377133E-12
1571 .7379368E-12
1572 .7381593E-12
1573 .7383810E-12
1574 .7386021E-12
1575 .7388215E-12
1576 .7390404E-12
1577 .7392590E-12
1578 .7394757E-12
1579 .7396915E-12
1580 .7399069E-12
1581 .7401208E-12
1582 .7403341E-12
1583 .7405472E-12
1584 .7407583E-12
1585 .7409690E-12
1586 .7411788E-12
1587 .7413880E-12
1588 .7415960E-12
1589 .7418032E-12
1590 .7420094E-12
1591 .7422154E-12
1592 .7424200E-12
1593 .7426238E-12
1594 .7428267E-12
1595 .7430292E-12
1596 .7432309E-12
1597 .7434309E-12
1598 .7436312E-12
1599 .7438302E-12
1600 .7440285E-12
1601 .7442258E-12
1602 .7444226E-12
1603 .7446179E-12
1604 .7448134E-12
1605 .7450082E-12
1606 .7452016E-12
1607 .7453944E-12
1608 .7455865E-12
1609 .7457779E-12
1610 .7459685E-12
1611 .7461583E-12
1612 .7463481E-12
1613 .7465363E-12
1614 .7467240E-12
1615 .7469110E-12
1616 .7470979E-12
1617 .7472835E-12
1618 .7474684E-12
1619 .7476535E-12
1620 .7478368E-12
1621 .7480193E-12
1622 .7482024E-12
1623 .7483835E-12
1624 .7485650E-12
1625 .7487454E-12
1626 .7487305E-12
1627 .7487159E-12
1628 .7487003E-12
1629 .7486849E-12
1630 .7486690E-12
1631 .7486529E-12
1632 .7486362E-12
1633 .7486194E-12
1634 .7486018E-12
1635 .7485849E-12
1636 .7485673E-12
1637 .7485489E-12
1638 .7485310E-12
1639 .7485119E-12
1640 .7484930E-12
1641 .7484742E-12
1642 .7484544E-12
1643 .7484352E-12
1644 .7484147E-12
1645 .7483951E-12
1646 .7483745E-12
1647 .7483539E-12
1648 .7483330E-12
1649 .7483120E-12
1650 .7482907E-12
1651 .7482696E-12
1652 .7482475E-12
1653 .7482253E-12
1654 .7482037E-12
1655 .7481815E-12
1656 .7481594E-12
1657 .7481363E-12
1658 .7481143E-12
1659 .7480909E-12
1660 .7480682E-12
1661 .7480452E-12
1662 .7480219E-12
1663 .7479985E-12
1664 .7479749E-12
1665 .7479511E-12
1666 .7479274E-12
1667 .7479033E-12
1668 .7478800E-12
1669 .7478557E-12
1670 .7478315E-12
1671 .7478073E-12
1672 .7477832E-12
1673 .7477589E-12
1674 .7477346E-12
1675 .7477099E-12
1676 .7476855E-12
1677 .7476611E-12
1678 .7476364E-12
1679 .7476120E-12
1680 .7475872E-12
1681 .7475631E-12
1682 .7475384E-12
1683 .7475135E-12
1684 .7474889E-12
1685 .7474640E-12
1686 .7474399E-12
1687 .7474147E-12
1688 .7473899E-12
1689 .7473656E-12
1690 .7473409E-12
1691 .7473163E-12
1692 .7472911E-12
1693 .7472667E-12
1694 .7472414E-12
1695 .7472168E-12
1696 .7471921E-12
1697 .7471671E-12
1698 .7471419E-12
1699 .7471169E-12
1700 .7470921E-12
1701 .7470673E-12
1702 .7470423E-12
1703 .7470171E-12
1704 .7469925E-12
1705 .7469670E-12
1706 .7469422E-12
1707 .7469172E-12
1708 .7468923E-12
1709 .7468672E-12
1710 .7468418E-12
1711 .7468170E-12
1712 .7467914E-12
1713 .7467667E-12
1714 .7467413E-12
1715 .7467159E-12
1716 .7466908E-12
1717 .7466651E-12
1718 .7466398E-12
1719 .7466143E-12
1720 .7465890E-12
1721 .7465631E-12
1722 .7465379E-12
1723 .7465122E-12
1724 .7464865E-12
1725 .7464617E-12
1726 .7464358E-12
1727 .7464100E-12
1728 .7463846E-12
1729 .7463590E-12
1730 .7463337E-12
1731 .7463081E-12
1732 .7462818E-12
1733 .7462557E-12
1734 .7462306E-12
1735 .7462047E-12
1736 .7461787E-12
1737 .7461529E-12
1738 .7461268E-12
1739 .7461010E-12
1740 .7460749E-12
1741 .7460486E-12
1742 .7460225E-12
1743 .7459966E-12
1744 .7459703E-12
1745 .7459435E-12
1746 .7459181E-12
1747 .7458918E-12
1748 .7458652E-12
1749 .7458392E-12
1750 .7458132E-12
1751 .7457862E-12
1752 .7457598E-12
1753 .7457334E-12
1754 .7457073E-12
1755 .7456799E-12
1756 .7456532E-12
1757 .7456262E-12
1758 .7455999E-12
1759 .7455731E-12
1760 .7455468E-12
1761 .7455191E-12
1762 .7454928E-12
1763 .7454653E-12
1764 .7454388E-12
1765 .7454116E-12
1766 .7453847E-12
1767 .7453570E-12
1768 .7453304E-12
1769 .7453026E-12
1770 .7452756E-12
1771 .7452481E-12
1772 .7452206E-12
1773 .7451936E-12
1774 .7451660E-12
1775 .7451384E-12
1776 .7451105E-12
1777 .7450840E-12
1778 .7450563E-12
1779 .7450276E-12
1780 .7450005E-12
1781 .7449726E-12
1782 .7449446E-12
1783 .7449169E-12
1784 .7448885E-12
1785 .7448611E-12
1786 .7448328E-12
1787 .7448045E-12
1788 .7447763E-12
1789 .7447485E-12
1790 .7447197E-12
1791 .7446917E-12
1792 .7446624E-12
1793 .7446346E-12
1794 .7446057E-12
1795 .7445773E-12
1796 .7445490E-12
1797 .7445197E-12
1798 .7444914E-12
1799 .7444630E-12
1800 .7444338E-12
1801 .7423006E-12
1802 .7401673E-12
1803 .7380345E-12
1804 .7359013E-12
1805 .7337688E-12
1806 .7316360E-12
1807 .7295037E-12
1808 .7273712E-12
1809 .7252391E-12
1810 .7231060E-12
1811 .7209742E-12
1812 .7188424E-12
1813 .7167107E-12
1814 .7145788E-12
1815 .7124470E-12
1816 .7103148E-12
1817 .7081838E-12
1818 .7060520E-12
1819 .7039211E-12
1820 .7017898E-12
1821 .6996586E-12
1822 .6975281E-12
1823 .6953970E-12
1824 .6932657E-12
1825 .6911352E-12
1826 .6890047E-12
1827 .6868744E-12
1828 .6847438E-12
1829 .6826133E-12
1830 .6804833E-12
1831 .6783537E-12
1832 .6762236E-12
1833 .6740935E-12
1834 .6719643E-12
1835 .6698344E-12
1836 .6677054E-12
1837 .6655758E-12
1838 .6634466E-12
1839 .6613172E-12
1840 .6591882E-12
1841 .6570599E-12
1842 .6549306E-12
1843 .6528021E-12
1844 .6506732E-12
1845 .6485445E-12
1846 .6464166E-12
1847 .6442883E-12
1848 .6421602E-12
1849 .6400324E-12
1850 .6379044E-12
1851 .6357766E-12
1852 .6336488E-12
1853 .6315214E-12
1854 .6293939E-12
1855 .6272667E-12
1856 .6251396E-12
1857 .6230124E-12
1858 .6208855E-12
1859 .6187585E-12
1860 .6166316E-12
1861 .6145049E-12
1862 .6123785E-12
1863 .6102523E-12
1864 .6081259E-12
1865 .6060002E-12
1866 .6038736E-12
1867 .6017479E-12
1868 .5996219E-12
1869 .5974964E-12
1870 .5953707E-12
1871 .5932452E-12
1872 .5911201E-12
1873 .5889949E-12
1874 .5868696E-12
1875 .5847448E-12
1876 .5826200E-12
1877 .5804955E-12
1878 .5783707E-12
1879 .5762465E-12
1880 .5741223E-12
1881 .5719979E-12
1882 .5698739E-12
1883 .5677500E-12
1884 .5656262E-12
1885 .5635024E-12
1886 .5613789E-12
1887 .5592553E-12
1888 .5571322E-12
1889 .5550090E-12
1890 .5528861E-12
1891 .5507635E-12
1892 .5486408E-12
1893 .5465174E-12
1894 .5443952E-12
1895 .5422728E-12
1896 .5401509E-12
1897 .5380280E-12
1898 .5359067E-12
1899 .5337845E-12
1900 .5316632E-12
1901 .5295414E-12
1902 .5274204E-12
1903 .5252990E-12
1904 .5231776E-12
1905 .5210567E-12
1906 .5189357E-12
1907 .5168152E-12
1908 .5146949E-12
1909 .5125742E-12
1910 .5104540E-12
1911 .5083337E-12
1912 .5062136E-12
1913 .5040938E-12
1914 .5019741E-12
1915 .4998546E-12
1916 .4977352E-12
1917 .4956158E-12
1918 .4934966E-12
1919 .4913779E-12
1920 .4892589E-12
1921 .4871405E-12
1922 .4850218E-12
1923 .4829034E-12
1924 .4807854E-12
1925 .4786672E-12
1926 .4765494E-12
1927 .4744312E-12
1928 .4723140E-12
1929 .4701965E-12
1930 .4680790E-12
1931 .4659617E-12
1932 .4638451E-12
1933 .4617282E-12
1934 .4596116E-12
1935 .4574950E-12
1936 .4553788E-12
1937 .4532623E-12
1938 .4511461E-12
1939 .4490305E-12
1940 .4469144E-12
1941 .4447992E-12
1942 .4426838E-12
1943 .4405690E-12
1944 .4384537E-12
1945 .4363387E-12
1946 .4342239E-12
1947 .4321096E-12
1948 .4299949E-12
1949 .4278806E-12
1950 .4257669E-12
1951 .4236528E-12
1952 .4215390E-12
1953 .4194257E-12
1954 .4173122E-12
1955 .4151992E-12
1956 .4130863E-12
1957 .4109733E-12
1958 .4088609E-12
1959 .4067480E-12
1960 .4046363E-12
1961 .4025240E-12
1962 .4004119E-12
1963 .3983001E-12
1964 .3961886E-12
1965 .3940771E-12
1966 .3919663E-12
1967 .3898550E-12
1968 .3877443E-12
1969 .3856338E-12
1970 .3835236E-12
1971 .3814130E-12
1972 .3793034E-12
1973 .3771938E-12
1974 .3750841E-12
1975 .3729747E-12
1976 .3708658E-12
1977 .3687569E-12
1978 .3666482E-12
1979 .3645399E-12
1980 .3624316E-12
1981 .3603239E-12
1982 .3582159E-12
1983 .3561086E-12
1984 .3540013E-12
1985 .3518943E-12
1986 .3497876E-12
1987 .3476808E-12
1988 .3455747E-12
1989 .3434687E-12
1990 .3413625E-12
1991 .3392570E-12
1992 .3371520E-12
1993 .3350468E-12
1994 .3329421E-12
1995 .3308374E-12
1996 .3287329E-12
1997 .3266290E-12
1998 .3245252E-12
1999 .3224216E-12
2000 .3203183E-12
2001 .3182153E-12
2002 .3161128E-12
2003 .3140098E-12
2004 .3119077E-12
2005 .3098059E-12
2006 .3077041E-12
2007 .3056027E-12
2008 .3035016E-12
2009 .3014006E-12
2010 .2993002E-12
2011 .2992815E-12
2012 .2992633E-12
2013 .2992444E-12
2014 .2992258E-12
2015 .2992077E-12
2016 .2991890E-12
2017 .2991707E-12
2018 .2991520E-12
2019 .2991336E-12
2020 .2991153E-12
2021 .2990968E-12
2022 .2990787E-12
2023 .2990603E-12
2024 .2990421E-12
2025 .2990239E-12
2026 .2990056E-12
2027 .2989876E-12
2028 .2989694E-12
2029 .2989510E-12
2030 .2989332E-12
2031 .2989150E-12
2032 .2988973E-12
2033 .2988794E-12
2034 .2988613E-12
2035 .2988436E-12
2036 .2988257E-12
2037 .2988081E-12
2038 .2987904E-12
2039 .2987724E-12
2040 .2987550E-12
2041 .2987373E-12
2042 .2987198E-12
2043 .2987025E-12
2044 .2986851E-12
2045 .2986679E-12
2046 .2986503E-12
2047 .2986332E-12
2048 .2986161E-12
2049 .2985989E-12
2050 .2985819E-12
2051 .2985649E-12
2052 .2985481E-12
2053 .2985313E-12
2054 .2985142E-12
2055 .2984975E-12
2056 .2984811E-12
2057 .2984643E-12
2058 .2984480E-12
2059 .2984317E-12
2060 .2984153E-12
2061 .2983989E-12
2062 .2983829E-12
2063 .2983666E-12
2064 .2983507E-12
2065 .2983347E-12
2066 .2983188E-12
2067 .2983030E-12
2068 .2982873E-12
2069 .2982717E-12
2070 .2982560E-12
2071 .2982407E-12
2072 .2982255E-12
2073 .2982101E-12
2074 .2981949E-12
2075 .2981799E-12
2076 .2981648E-12
2077 .2981500E-12
2078 .2981349E-12
2079 .2981206E-12
2080 .2981060E-12
2081 .2980913E-12
2082 .2980770E-12
2083 .2980627E-12
2084 .2980484E-12
2085 .2980348E-12
2086 .2980205E-12
2087 .2980067E-12
2088 .2979931E-12
2089 .2979793E-12
2090 .2979658E-12
2091 .2979523E-12
2092 .2979390E-12
2093 .2979257E-12
2094 .2979127E-12
2095 .2978996E-12
2096 .2978869E-12
2097 .2978743E-12
2098 .2978619E-12
2099 .2978492E-12
2100 .2978371E-12
2101 .2978247E-12
2102 .2978127E-12
2103 .2978005E-12
2104 .2977888E-12
2105 .2977772E-12
2106 .2977654E-12
2107 .2977541E-12
2108 .2977429E-12
2109 .2977316E-12
2110 .2977205E-12
2111 .2977098E-12
2112 .2976990E-12
2113 .2976884E-12
2114 .2976776E-12
2115 .2976676E-12
2116 .2976571E-12
2117 .2976474E-12
2118 .2976374E-12
2119 .2976277E-12
2120 .2976181E-12
2121 .2976085E-12
2122 .2975993E-12
2123 .2975903E-12
2124 .2975813E-12
2125 .2975725E-12
2126 .2975636E-12
2127 .2975551E-12
2128 .2975468E-12
2129 .2975386E-12
2130 .2975303E-12
2131 .2975226E-12
2132 .2975147E-12
2133 .2975074E-12
2134 .2974998E-12
2135 .2974928E-12
2136 .2974858E-12
2137 .2974788E-12
2138 .2974718E-12
2139 .2974654E-12
2140 .2974591E-12
2141 .2974528E-12
2142 .2974469E-12
2143 .2974411E-12
2144 .2974356E-12
2145 .2974299E-12
2146 .2974247E-12
2147 .2974196E-12
2148 .2974146E-12
2149 .2974099E-12
2150 .2974054E-12
2151 .2974009E-12
2152 .2973968E-12
2153 .2973927E-12
2154 .2973891E-12
2155 .2973852E-12
2156 .2973817E-12
2157 .2973788E-12
2158 .2973757E-12
2159 .2973728E-12
2160 .2973701E-12
2161 .2973677E-12
2162 .2973654E-12
2163 .2973634E-12
2164 .2973614E-12
2165 .2973597E-12
2166 .2973586E-12
2167 .2973574E-12
2168 .2973561E-12
2169 .2973556E-12
2170 .2973548E-12
2171 .2973545E-12
2172 .2973544E-12
2173 .2973544E-12
2174 .2973545E-12
2175 .2973551E-12
2176 .2973557E-12
2177 .2973567E-12
2178 .2973577E-12
2179 .2973593E-12
2180 .2973608E-12
2181 .2973627E-12
2182 .2973647E-12
2183 .2973669E-12
2184 .2973695E-12
2185 .2973719E-12
2186 .2973748E-12
2187 .2973782E-12
2188 .2973817E-12
2189 .2973852E-12
2190 .2973894E-12
2191 .2973932E-12
2192 .2973975E-12
2193 .2974021E-12
2194 .2974070E-12
2195 .2974118E-12
2196 .2974172E-12
2197 .2974229E-12
2198 .2974287E-12
2199 .2974346E-12
2200 .2974413E-12
2201 .2974475E-12
2202 .2974544E-12
2203 .2974616E-12
2204 .2974687E-12
2205 .2974762E-12
2206 .2974841E-12
2207 .2974920E-12
2208 .2975005E-12
2209 .2975092E-12
2210 .2975177E-12
2211 .2975267E-12
2212 .2975365E-12
2213 .2975458E-12
2214 .2975558E-12
2215 .2975661E-12
2216 .2975767E-12
2217 .2975871E-12
2218 .2975981E-12
2219 .2976096E-12
2220 .2976207E-12
2221 .2976326E-12
2222 .2976449E-12
2223 .2976572E-12
2224 .2976696E-12
2225 .2976826E-12
2226 .2976959E-12
2227 .2977093E-12
2228 .2977227E-12
2229 .2977370E-12
2230 .2977514E-12
2231 .2977658E-12
2232 .2977806E-12
2233 .2977958E-12
2234 .2978115E-12
2235 .2978272E-12
2236 .2978432E-12
2237 .2978596E-12
2238 .2978761E-12
2239 .2978932E-12
2240 .2979103E-12
2241 .2979279E-12
2242 .2979456E-12
2243 .2979640E-12
2244 .2979818E-12
2245 .2980008E-12
2246 .2980198E-12
2247 .2980391E-12
2248 .2980587E-12
2249 .2980782E-12
2250 .2980982E-12
2251 .2981189E-12
2252 .2981397E-12
2253 .2981605E-12
2254 .2981814E-12
2255 .2982034E-12
2256 .2982250E-12
2257 .2982472E-12
2258 .2982695E-12
2259 .2982920E-12
2260 .2983149E-12
2261 .2983383E-12
2262 .2983614E-12
2263 .2983852E-12
2264 .2984091E-12
2265 .2984336E-12
2266 .2984576E-12
2267 .2984827E-12
2268 .2985077E-12
2269 .2985329E-12
2270 .2985583E-12
2271 .2985841E-12
2272 .2986103E-12
2273 .2986367E-12
2274 .2986633E-12
2275 .2986900E-12
2276 .2987172E-12
2277 .2987443E-12
2278 .2987720E-12
2279 .2987999E-12
2280 .2988279E-12
2281 .2988564E-12
2282 .2988849E-12
2283 .2989138E-12
2284 .2989430E-12
2285 .2989723E-12
2286 .2990018E-12
2287 .2990316E-12
2288 .2990616E-12
2289 .2990918E-12
2290 .2991226E-12
2291 .2991536E-12
2292 .2991844E-12
2293 .2992157E-12
2294 .2992469E-12
2295 .2992790E-12
2296 .2993111E-12
2297 .2993431E-12
2298 .2993757E-12
2299 .2994080E-12
2300 .2994408E-12
2301 .2994742E-12
2302 .2995075E-12
2303 .2995413E-12
2304 .2995750E-12
2305 .2996089E-12
2306 .2996432E-12
2307 .2996776E-12
2308 .2997124E-12
2309 .2997471E-12
2310 .2997823E-12
2311 .2998178E-12
2312 .2998533E-12
2313 .2998890E-12
2314 .2999250E-12
2315 .2999614E-12
2316 .2999976E-12
2317 .3000342E-12
2318 .3000710E-12
2319 .3001082E-12
2320 .3001454E-12
2321 .3001831E-12
2322 .3002206E-12
2323 .3002586E-12
2324 .3002965E-12
2325 .3003350E-12
2326 .3003736E-12
2327 .3004121E-12
2328 .3004511E-12
2329 .3004900E-12
2330 .3005292E-12
2331 .3005688E-12
2332 .3006086E-12
2333 .3006482E-12
2334 .3006886E-12
2335 .3007288E-12
2336 .3007691E-12
2337 .3008097E-12
2338 .3008505E-12
2339 .3008916E-12
2340 .3009329E-12
2341 .3009741E-12
2342 .3010158E-12
2343 .3010577E-12
2344 .3010996E-12
2345 .3011418E-12
2346 .3011840E-12
2347 .3012266E-12
2348 .3012690E-12
2349 .3013118E-12
2350 .3013550E-12
2351 .3013981E-12
2352 .3014413E-12
2353 .3014852E-12
2354 .3015287E-12
2355 .3015727E-12
2356 .3016165E-12
2357 .3016608E-12
2358 .3017054E-12
2359 .3017500E-12
2360 .3017945E-12
2361 .3018395E-12
2362 .3018846E-12
2363 .3019295E-12
2364 .3019750E-12
2365 .3020205E-12
2366 .3020663E-12
2367 .3021121E-12
2368 .3021581E-12
2369 .3022043E-12
2370 .3022507E-12
2371 .3022973E-12
2372 .3023438E-12
2373 .3023906E-12
2374 .3024372E-12
2375 .3024845E-12
2376 .3025315E-12
2377 .3025790E-12
2378 .3026265E-12
2379 .3026740E-12
2380 .3027223E-12
2381 .3027699E-12
2382 .3028181E-12
2383 .3028664E-12
2384 .3029147E-12
2385 .3029632E-12
2386 .3030117E-12
2387 .3030606E-12
2388 .3031097E-12
2389 .3031586E-12
2390 .3032076E-12
2391 .3032571E-12
2392 .3033064E-12
2393 .3033562E-12
2394 .3034057E-12
2395 .3034558E-12
2396 .3035055E-12
2397 .3035557E-12
2398 .3036056E-12
2399 .3036564E-12
2400 .3037067E-12
2401 .3037572E-12
2402 .3038079E-12
2403 .3038589E-12
2404 .3039098E-12
2405 .3039607E-12
2406 .3040119E-12
2407 .3040630E-12
2408 .3041146E-12
2409 .3041661E-12
2410 .3042178E-12
2411 .3042696E-12
2412 .3043212E-12
2413 .3043732E-12
2414 .3044253E-12
2415 .3044776E-12
2416 .3045299E-12
2417 .3045822E-12
2418 .3046345E-12
2419 .3046875E-12
2420 .3047400E-12
2421 .3047929E-12
2422 .3048456E-12
2423 .3048985E-12
2424 .3049517E-12
2425 .3050048E-12
2426 .3050582E-12
2427 .3051114E-12
2428 .3051650E-12
2429 .3052186E-12
2430 .3052722E-12
2431 .3053256E-12
2432 .3053796E-12
2433 .3054334E-12
2434 .3054873E-12
2435 .3055415E-12
2436 .3055956E-12
2437 .3056498E-12
2438 .3057040E-12
2439 .3057586E-12
2440 .3058131E-12
2441 .3058677E-12
2442 .3059221E-12
2443 .3059770E-12
2444 .3060318E-12
2445 .3060865E-12
2446 .3061417E-12
2447 .3061965E-12
2448 .3062515E-12
2449 .3063065E-12
2450 .3063618E-12
2451 .3064172E-12
2452 .3064726E-12
2453 .3065278E-12
2454 .3065832E-12
2455 .3066387E-12
2456 .3066943E-12
2457 .3067501E-12
2458 .3068056E-12
2459 .3068616E-12
2460 .3069172E-12
2461 .3069731E-12
2462 .3070291E-12
2463 .3070850E-12
2464 .3071410E-12
2465 .3071970E-12
2466 .3072532E-12
2467 .3073095E-12
2468 .3073658E-12
2469 .3074218E-12
2470 .3074781E-12
2471 .3075347E-12
2472 .3075911E-12
2473 .3076476E-12
2474 .3077042E-12
2475 .3077603E-12
2476 .3078172E-12
2477 .3078738E-12
2478 .3079304E-12
2479 .3079869E-12
2480 .3080435E-12
2481 .3081004E-12
2482 .3081571E-12
2483 .3082140E-12
2484 .3082706E-12
2485 .3083275E-12
2486 .3083847E-12
2487 .3084417E-12
2488 .3084984E-12
2489 .3085555E-12
2490 .3086122E-12
2491 .3086695E-12
2492 .3087263E-12
2493 .3087835E-12
2494 .3088406E-12
2495 .3088977E-12
2496 .3089548E-12
2497 .3090119E-12
2498 .3090689E-12
2499 .3091261E-12
2500 .3091836E-12
