 23.0    1000.00   .7884951E-14
 23.0    1010.00   .3001598E-13
 23.0    1020.00   .8008266E-13
 23.0    1030.00   .1756861E-12
 23.0    1040.00   .3394467E-12
 23.0    1050.00   .5991074E-12
 23.0    1060.00   .9873966E-12
 23.0    1070.00   .1541618E-11
 23.0    1080.00   .2302968E-11
 23.0    1090.00   .3315572E-11
 23.0    1100.00   .4625243E-11
 23.0    1110.00   .6277991E-11
 23.0    1120.00   .8318297E-11
 23.0    1130.00   .1078722E-10
 23.0    1140.00   .1372035E-10
 23.0    1150.00   .1714568E-10
 23.0    1160.00   .2108149E-10
 23.0    1170.00   .2553430E-10
 23.0    1180.00   .3049695E-10
 23.0    1190.00   .3594690E-10
 23.0    1200.00   .4184492E-10
 23.0    1210.00   .4813413E-10
 23.0    1220.00   .5473939E-10
 23.0    1230.00   .6156760E-10
 23.0    1240.00   .6850832E-10
 23.0    1250.00   .7543496E-10
 23.0    1260.00   .8222089E-10
 23.0    1270.00   .8879023E-10
 23.0    1280.00   .9509271E-10
 23.0    1290.00   .1010930E-09
 23.0    1300.00   .1067706E-09
 23.0    1310.00   .1121207E-09
 23.0    1320.00   .1171529E-09
 23.0    1330.00   .1218911E-09
 23.0    1340.00   .1263724E-09
 23.0    1350.00   .1306463E-09
 23.0    1360.00   .1347735E-09
 23.0    1370.00   .1388250E-09
 23.0    1380.00   .1428798E-09
 23.0    1390.00   .1469746E-09
 23.0    1400.00   .1510983E-09
 23.0    1410.00   .1552362E-09
 23.0    1420.00   .1593725E-09
 23.0    1430.00   .1634913E-09
 23.0    1440.00   .1675753E-09
 23.0    1450.00   .1716079E-09
 23.0    1460.00   .1755723E-09
 23.0    1470.00   .1794516E-09
 23.0    1480.00   .1832302E-09
 23.0    1490.00   .1868921E-09
 23.0    1500.00   .1904226E-09
 23.0    1510.00   .1938104E-09
 23.0    1520.00   .1970583E-09
 23.0    1530.00   .2001726E-09
 23.0    1540.00   .2031604E-09
 23.0    1550.00   .2060287E-09
 23.0    1560.00   .2087853E-09
 23.0    1570.00   .2114379E-09
 23.0    1580.00   .2139949E-09
 23.0    1590.00   .2164649E-09
 23.0    1600.00   .2188566E-09
 23.0    1610.00   .2211792E-09
 23.0    1620.00   .2234421E-09
 23.0    1630.00   .2256551E-09
 23.0    1640.00   .2278284E-09
 23.0    1650.00   .2299721E-09
 23.0    1660.00   .2320972E-09
 23.0    1670.00   .2342149E-09
 23.0    1680.00   .2363365E-09
 23.0    1690.00   .2384741E-09
 23.0    1700.00   .2406401E-09
 23.0    1710.00   .2428474E-09
 23.0    1720.00   .2451095E-09
 23.0    1730.00   .2474404E-09
 23.0    1740.00   .2498546E-09
 23.0    1750.00   .2523676E-09
 23.0    1760.00   .2549920E-09
 23.0    1770.00   .2577295E-09
 23.0    1780.00   .2605782E-09
 23.0    1790.00   .2635363E-09
 23.0    1800.00   .2666016E-09
 23.0    1810.00   .2697719E-09
 23.0    1820.00   .2730449E-09
 23.0    1830.00   .2764180E-09
 23.0    1840.00   .2798883E-09
 23.0    1850.00   .2834529E-09
 23.0    1860.00   .2871084E-09
 23.0    1870.00   .2908516E-09
 23.0    1880.00   .2946785E-09
 23.0    1890.00   .2985852E-09
 23.0    1900.00   .3025674E-09
 23.0    1910.00   .3066205E-09
 23.0    1920.00   .3107396E-09
 23.0    1930.00   .3149195E-09
 23.0    1940.00   .3191548E-09
 23.0    1950.00   .3234392E-09
 23.0    1960.00   .3277671E-09
 23.0    1970.00   .3321314E-09
 23.0    1980.00   .3365254E-09
 23.0    1990.00   .3409416E-09
 23.0    2000.00   .3453725E-09
 23.0    2010.00   .3498109E-09
 23.0    2020.00   .3542552E-09
 23.0    2030.00   .3587042E-09
 23.0    2040.00   .3631574E-09
 23.0    2050.00   .3676136E-09
 23.0    2060.00   .3720722E-09
 23.0    2070.00   .3765320E-09
 23.0    2080.00   .3809920E-09
 23.0    2090.00   .3854512E-09
 23.0    2100.00   .3899086E-09
 23.0    2110.00   .3943629E-09
 23.0    2120.00   .3988131E-09
 23.0    2130.00   .4032580E-09
 23.0    2140.00   .4076962E-09
 23.0    2150.00   .4121267E-09
 23.0    2160.00   .4165482E-09
 23.0    2170.00   .4209594E-09
 23.0    2180.00   .4253589E-09
 23.0    2190.00   .4297455E-09
 23.0    2200.00   .4341177E-09
 23.0    2210.00   .4384743E-09
 23.0    2220.00   .4428139E-09
 23.0    2230.00   .4471351E-09
 23.0    2240.00   .4514363E-09
 23.0    2250.00   .4557164E-09
 23.0    2260.00   .4599743E-09
 23.0    2270.00   .4642108E-09
 23.0    2280.00   .4684273E-09
 23.0    2290.00   .4726250E-09
 23.0    2300.00   .4768056E-09
 23.0    2310.00   .4809705E-09
 23.0    2320.00   .4851216E-09
 23.0    2330.00   .4892603E-09
 23.0    2340.00   .4933887E-09
 23.0    2350.00   .4975086E-09
 23.0    2360.00   .5016220E-09
 23.0    2370.00   .5057310E-09
 23.0    2380.00   .5098377E-09
 23.0    2390.00   .5139444E-09
 23.0    2400.00   .5180534E-09
 23.0    2410.00   .5221672E-09
 23.0    2420.00   .5262882E-09
 23.0    2430.00   .5304190E-09
 23.0    2440.00   .5345620E-09
 23.0    2450.00   .5387204E-09
 23.0    2460.00   .5428968E-09
 23.0    2470.00   .5470941E-09
 23.0    2480.00   .5513152E-09
 23.0    2490.00   .5555633E-09
 23.0    2500.00   .5598415E-09
 23.0    2510.00   .6450104E-09
 23.0    2520.00   .7371453E-09
 23.0    2530.00   .7821770E-09
 23.0    2540.00   .7578831E-09
 23.0    2550.00   .7494547E-09
 23.0    2560.00   .7147997E-09
 23.0    2570.00   .6366965E-09
 23.0    2580.00   .5985819E-09
 23.0    2590.00   .6157578E-09
 23.0    2600.00   .6465230E-09
 23.0    2610.00   .6684002E-09
 23.0    2620.00   .6309219E-09
 23.0    2630.00   .6060947E-09
 23.0    2640.00   .6646189E-09
 23.0    2650.00   .7608972E-09
 23.0    2660.00   .7798027E-09
 23.0    2670.00   .8190200E-09
 23.0    2680.00   .9397993E-09
 23.0    2690.00   .1048861E-08
 23.0    2700.00   .1124104E-08
 23.0    2710.00   .1223509E-08
 23.0    2720.00   .1321272E-08
 23.0    2730.00   .1402592E-08
 23.0    2740.00   .1490200E-08
 23.0    2750.00   .1489300E-08
 23.0    2760.00   .1375684E-08
 23.0    2770.00   .1339650E-08
 23.0    2780.00   .1388967E-08
 23.0    2790.00   .1450169E-08
 23.0    2800.00   .1534114E-08
 23.0    2810.00   .1763976E-08
 23.0    2820.00   .1965236E-08
 23.0    2830.00   .2114325E-08
 23.0    2840.00   .2272732E-08
 23.0    2850.00   .2362272E-08
 23.0    2860.00   .2565102E-08
 23.0    2870.00   .2838207E-08
 23.0    2880.00   .3139077E-08
 23.0    2890.00   .3397940E-08
 23.0    2900.00   .3696648E-08
 23.0    2910.00   .3959244E-08
 23.0    2920.00   .4091598E-08
 23.0    2930.00   .4223011E-08
 23.0    2940.00   .4340825E-08
 23.0    2950.00   .4340640E-08
 23.0    2960.00   .4301357E-08
 23.0    2970.00   .4210328E-08
 23.0    2980.00   .3985822E-08
 23.0    2990.00   .3718614E-08
 23.0    3000.00   .3476377E-08
 23.0    3010.00   .3302622E-08
 23.0    3020.00   .3198743E-08
 23.0    3030.00   .3225922E-08
 23.0    3040.00   .3241703E-08
 23.0    3050.00   .3024130E-08
 23.0    3060.00   .3033556E-08
 23.0    3070.00   .3299680E-08
 23.0    3080.00   .3454283E-08
 23.0    3090.00   .3478138E-08
 23.0    3100.00   .3480921E-08
 23.0    3110.00   .3744198E-08
 23.0    3120.00   .4008420E-08
 23.0    3130.00   .4317301E-08
 23.0    3140.00   .4552479E-08
 23.0    3150.00   .4722591E-08
 23.0    3160.00   .4988984E-08
 23.0    3170.00   .5148285E-08
 23.0    3180.00   .4956844E-08
 23.0    3190.00   .4655617E-08
 23.0    3200.00   .4341147E-08
 23.0    3210.00   .4022108E-08
 23.0    3220.00   .3867984E-08
 23.0    3230.00   .3672665E-08
 23.0    3240.00   .3514457E-08
 23.0    3250.00   .3341211E-08
 23.0    3260.00   .3307299E-08
 23.0    3270.00   .3306106E-08
 23.0    3280.00   .3266265E-08
 23.0    3290.00   .3331949E-08
 23.0    3300.00   .3405152E-08
 23.0    3310.00   .3482693E-08
 23.0    3320.00   .3628612E-08
 23.0    3330.00   .3843228E-08
 23.0    3340.00   .3966446E-08
 23.0    3350.00   .4097913E-08
 23.0    3360.00   .4219242E-08
 23.0    3370.00   .4262941E-08
 23.0    3380.00   .4266766E-08
 23.0    3390.00   .4235092E-08
 23.0    3400.00   .4356652E-08
 23.0    3410.00   .4443043E-08
 23.0    3420.00   .4550566E-08
 23.0    3430.00   .4678000E-08
 23.0    3440.00   .4884221E-08
 23.0    3450.00   .5025733E-08
 23.0    3460.00   .5257156E-08
 23.0    3470.00   .5479045E-08
 23.0    3480.00   .5635992E-08
 23.0    3490.00   .5872410E-08
 23.0    3500.00   .6185924E-08
 23.0    3510.00   .6534140E-08
 23.0    3520.00   .6763008E-08
 23.0    3530.00   .6971223E-08
 23.0    3540.00   .7133612E-08
 23.0    3550.00   .7203324E-08
 23.0    3560.00   .7260428E-08
 23.0    3570.00   .7221254E-08
 23.0    3580.00   .7171054E-08
 23.0    3590.00   .7076467E-08
 23.0    3600.00   .6908303E-08
 23.0    3610.00   .6752077E-08
 23.0    3620.00   .6590296E-08
 23.0    3630.00   .6487076E-08
 23.0    3640.00   .6397305E-08
 23.0    3650.00   .6225094E-08
 23.0    3660.00   .5941835E-08
 23.0    3670.00   .5611540E-08
 23.0    3680.00   .5137079E-08
 23.0    3690.00   .4633307E-08
 23.0    3700.00   .4151328E-08
 23.0    3710.00   .3794916E-08
 23.0    3720.00   .3578907E-08
 23.0    3730.00   .3451223E-08
 23.0    3740.00   .3486703E-08
 23.0    3750.00   .3495083E-08
 23.0    3760.00   .3448904E-08
 23.0    3770.00   .3441722E-08
 23.0    3780.00   .3431214E-08
 23.0    3790.00   .3416933E-08
 23.0    3800.00   .3494889E-08
 23.0    3810.00   .3667521E-08
 23.0    3820.00   .3953741E-08
 23.0    3830.00   .4365793E-08
 23.0    3840.00   .4858419E-08
 23.0    3850.00   .5402095E-08
 23.0    3860.00   .5918869E-08
 23.0    3870.00   .6453385E-08
 23.0    3880.00   .7042182E-08
 23.0    3890.00   .7380298E-08
 23.0    3900.00   .7739619E-08
 23.0    3910.00   .7976149E-08
 23.0    3920.00   .8272230E-08
 23.0    3930.00   .8433125E-08
 23.0    3940.00   .8325062E-08
 23.0    3950.00   .8165857E-08
 23.0    3960.00   .7845143E-08
 23.0    3970.00   .7378446E-08
 23.0    3980.00   .7008071E-08
 23.0    3990.00   .6774990E-08
 23.0    4000.00   .6614903E-08
 23.0    4010.00   .6598605E-08
 23.0    4020.00   .6723337E-08
 23.0    4030.00   .6907134E-08
 23.0    4040.00   .7153568E-08
 23.0    4050.00   .7461866E-08
 23.0    4060.00   .7747978E-08
 23.0    4070.00   .8058543E-08
 23.0    4080.00   .8247166E-08
 23.0    4090.00   .8281469E-08
 23.0    4100.00   .8337373E-08
 23.0    4110.00   .8267649E-08
 23.0    4120.00   .8158891E-08
 23.0    4130.00   .8012823E-08
 23.0    4140.00   .7901412E-08
 23.0    4150.00   .7796287E-08
 23.0    4160.00   .7686701E-08
 23.0    4170.00   .7562209E-08
 23.0    4180.00   .7421916E-08
 23.0    4190.00   .7264414E-08
 23.0    4200.00   .7045063E-08
 23.0    4210.00   .6835182E-08
 23.0    4220.00   .6608773E-08
 23.0    4230.00   .6377881E-08
 23.0    4240.00   .6147247E-08
 23.0    4250.00   .5955567E-08
 23.0    4260.00   .5672984E-08
 23.0    4270.00   .5479124E-08
 23.0    4280.00   .5209268E-08
 23.0    4290.00   .5000320E-08
 23.0    4300.00   .4848662E-08
 23.0    4310.00   .4811572E-08
 23.0    4320.00   .4792614E-08
 23.0    4330.00   .4890295E-08
 23.0    4340.00   .5033577E-08
 23.0    4350.00   .5157586E-08
 23.0    4360.00   .5284960E-08
 23.0    4370.00   .5388231E-08
 23.0    4380.00   .5420064E-08
 23.0    4390.00   .5365904E-08
 23.0    4400.00   .5302132E-08
 23.0    4410.00   .5281635E-08
 23.0    4420.00   .5261605E-08
 23.0    4430.00   .5316819E-08
 23.0    4440.00   .5446253E-08
 23.0    4450.00   .5635658E-08
 23.0    4460.00   .5836247E-08
 23.0    4470.00   .6069508E-08
 23.0    4480.00   .6240829E-08
 23.0    4490.00   .6378637E-08
 23.0    4500.00   .6539058E-08
 23.0    4510.00   .6653443E-08
 23.0    4520.00   .6687699E-08
 23.0    4530.00   .6681700E-08
 23.0    4540.00   .6670946E-08
 23.0    4550.00   .6644556E-08
 23.0    4560.00   .6618349E-08
 23.0    4570.00   .6567181E-08
 23.0    4580.00   .6547924E-08
 23.0    4590.00   .6512523E-08
 23.0    4600.00   .6476724E-08
 23.0    4610.00   .6406928E-08
 23.0    4620.00   .6234557E-08
 23.0    4630.00   .6011855E-08
 23.0    4640.00   .5770888E-08
 23.0    4650.00   .5545471E-08
 23.0    4660.00   .5341027E-08
 23.0    4670.00   .5152130E-08
 23.0    4680.00   .4990517E-08
 23.0    4690.00   .4957426E-08
 23.0    4700.00   .4939671E-08
 23.0    4710.00   .4840613E-08
 23.0    4720.00   .4737165E-08
 23.0    4730.00   .4613728E-08
 23.0    4740.00   .4490998E-08
 23.0    4750.00   .4375262E-08
 23.0    4760.00   .4322520E-08
 23.0    4770.00   .4304305E-08
 23.0    4780.00   .4294483E-08
 23.0    4790.00   .4256744E-08
 23.0    4800.00   .4173450E-08
 23.0    4810.00   .4056182E-08
 23.0    4820.00   .3911314E-08
 23.0    4830.00   .3731985E-08
 23.0    4840.00   .3550546E-08
 23.0    4850.00   .3391042E-08
 23.0    4860.00   .3294524E-08
 23.0    4870.00   .3258598E-08
 23.0    4880.00   .3271409E-08
 23.0    4890.00   .3309958E-08
 23.0    4900.00   .3358024E-08
 23.0    4910.00   .3430148E-08
 23.0    4920.00   .3524223E-08
 23.0    4930.00   .3602630E-08
 23.0    4940.00   .3623595E-08
 23.0    4950.00   .3614437E-08
 23.0    4960.00   .3603888E-08
 23.0    4970.00   .3598501E-08
 23.0    4980.00   .3588940E-08
 23.0    4990.00   .3593893E-08
 23.0    5000.00   .3612142E-08
 23.0    5010.00   .3630903E-08
 23.0    5020.00   .3679489E-08
 23.0    5030.00   .3747627E-08
 23.0    5040.00   .3832103E-08
 23.0    5050.00   .3931512E-08
 23.0    5060.00   .4040267E-08
 23.0    5070.00   .4149690E-08
 23.0    5080.00   .4256885E-08
 23.0    5090.00   .4359263E-08
 23.0    5100.00   .4418152E-08
 23.0    5110.00   .4460100E-08
 23.0    5120.00   .4457618E-08
 23.0    5130.00   .4449827E-08
 23.0    5140.00   .4422129E-08
 23.0    5150.00   .4394274E-08
 23.0    5160.00   .4390515E-08
 23.0    5170.00   .4372736E-08
 23.0    5180.00   .4362407E-08
 23.0    5190.00   .4350646E-08
 23.0    5200.00   .4318276E-08
 23.0    5210.00   .4235361E-08
 23.0    5220.00   .4099587E-08
 23.0    5230.00   .3922206E-08
 23.0    5240.00   .3719523E-08
 23.0    5250.00   .3536500E-08
 23.0    5260.00   .3372237E-08
 23.0    5270.00   .3221809E-08
 23.0    5280.00   .3123515E-08
 23.0    5290.00   .3050375E-08
 23.0    5300.00   .3021841E-08
 23.0    5310.00   .3028641E-08
 23.0    5320.00   .3084354E-08
 23.0    5330.00   .3156175E-08
 23.0    5340.00   .3211290E-08
 23.0    5350.00   .3242869E-08
 23.0    5360.00   .3277077E-08
 23.0    5370.00   .3301035E-08
 23.0    5380.00   .3278769E-08
 23.0    5390.00   .3234044E-08
 23.0    5400.00   .3192613E-08
 23.0    5410.00   .3115622E-08
 23.0    5420.00   .3011810E-08
 23.0    5430.00   .2912464E-08
 23.0    5440.00   .2819547E-08
 23.0    5450.00   .2764194E-08
 23.0    5460.00   .2740085E-08
 23.0    5470.00   .2757254E-08
 23.0    5480.00   .2816462E-08
 23.0    5490.00   .2925337E-08
 23.0    5500.00   .3036658E-08
 23.0    5510.00   .3175494E-08
 23.0    5520.00   .3330622E-08
 23.0    5530.00   .3450813E-08
 23.0    5540.00   .3538879E-08
 23.0    5550.00   .3601921E-08
 23.0    5560.00   .3651578E-08
 23.0    5570.00   .3675026E-08
 23.0    5580.00   .3702033E-08
 23.0    5590.00   .3721644E-08
 23.0    5600.00   .3716588E-08
 23.0    5610.00   .3720703E-08
 23.0    5620.00   .3715240E-08
 23.0    5630.00   .3704613E-08
 23.0    5640.00   .3696445E-08
 23.0    5650.00   .3689648E-08
 23.0    5660.00   .3677356E-08
 23.0    5670.00   .3662275E-08
 23.0    5680.00   .3652002E-08
 23.0    5690.00   .3618419E-08
 23.0    5700.00   .3566904E-08
 23.0    5710.00   .3493373E-08
 23.0    5720.00   .3396083E-08
 23.0    5730.00   .3311049E-08
 23.0    5740.00   .3225375E-08
 23.0    5750.00   .3163275E-08
 23.0    5760.00   .3116687E-08
 23.0    5770.00   .3094052E-08
 23.0    5780.00   .3093274E-08
 23.0    5790.00   .3101976E-08
 23.0    5800.00   .3120084E-08
 23.0    5810.00   .3167779E-08
 23.0    5820.00   .3233703E-08
 23.0    5830.00   .3274779E-08
 23.0    5840.00   .3313807E-08
 23.0    5850.00   .3350790E-08
 23.0    5860.00   .3374734E-08
 23.0    5870.00   .3432400E-08
 23.0    5880.00   .3455613E-08
 23.0    5890.00   .3448156E-08
 23.0    5900.00   .3423620E-08
 23.0    5910.00   .3452153E-08
 23.0    5920.00   .3493351E-08
 23.0    5930.00   .3507812E-08
 23.0    5940.00   .3508479E-08
 23.0    5950.00   .3502650E-08
 23.0    5960.00   .3495821E-08
 23.0    5970.00   .3470841E-08
 23.0    5980.00   .3425877E-08
 23.0    5990.00   .3385058E-08
 23.0    6000.00   .3300467E-08
 23.0    6010.00   .3200765E-08
 23.0    6020.00   .3071085E-08
 23.0    6030.00   .2933561E-08
 23.0    6040.00   .2780346E-08
 23.0    6050.00   .2571066E-08
 23.0    6060.00   .2362036E-08
 23.0    6070.00   .2098312E-08
 23.0    6080.00   .1866563E-08
 23.0    6090.00   .1661399E-08
 23.0    6100.00   .1503999E-08
 23.0    6110.00   .1392708E-08
 23.0    6120.00   .1312683E-08
 23.0    6130.00   .1289656E-08
 23.0    6140.00   .1297506E-08
 23.0    6150.00   .1350220E-08
 23.0    6160.00   .1429931E-08
 23.0    6170.00   .1541037E-08
 23.0    6180.00   .1672647E-08
 23.0    6190.00   .1825284E-08
 23.0    6200.00   .1988043E-08
 23.0    6210.00   .2151022E-08
 23.0    6220.00   .2290414E-08
 23.0    6230.00   .2435119E-08
 23.0    6240.00   .2548005E-08
 23.0    6250.00   .2691143E-08
 23.0    6260.00   .2795383E-08
 23.0    6270.00   .2876447E-08
 23.0    6280.00   .2916735E-08
 23.0    6290.00   .3008116E-08
 23.0    6300.00   .3055808E-08
 23.0    6310.00   .3087312E-08
 23.0    6320.00   .3107827E-08
 23.0    6330.00   .3116254E-08
 23.0    6340.00   .3122563E-08
 23.0    6350.00   .3127870E-08
 23.0    6360.00   .3120268E-08
 23.0    6370.00   .3106107E-08
 23.0    6380.00   .3076811E-08
 23.0    6390.00   .3058578E-08
 23.0    6400.00   .3027573E-08
 23.0    6410.00   .3004144E-08
 23.0    6420.00   .2966211E-08
 23.0    6430.00   .2916815E-08
 23.0    6440.00   .2882671E-08
 23.0    6450.00   .2844197E-08
 23.0    6460.00   .2810397E-08
 23.0    6470.00   .2771132E-08
 23.0    6480.00   .2725718E-08
 23.0    6490.00   .2697371E-08
 23.0    6500.00   .2660792E-08
 23.0    6510.00   .2679243E-08
 23.0    6520.00   .2646142E-08
 23.0    6530.00   .2623557E-08
 23.0    6540.00   .2619150E-08
 23.0    6550.00   .2585463E-08
 23.0    6560.00   .2554882E-08
 23.0    6570.00   .2485073E-08
 23.0    6580.00   .2465993E-08
 23.0    6590.00   .2406892E-08
 23.0    6600.00   .2361603E-08
 23.0    6610.00   .2310960E-08
 23.0    6620.00   .2270703E-08
 23.0    6630.00   .2213558E-08
 23.0    6640.00   .2175059E-08
 23.0    6650.00   .2145019E-08
 23.0    6660.00   .2087767E-08
 23.0    6670.00   .2048635E-08
 23.0    6680.00   .2016582E-08
 23.0    6690.00   .1975533E-08
 23.0    6700.00   .1920799E-08
 23.0    6710.00   .1882789E-08
 23.0    6720.00   .1853914E-08
 23.0    6730.00   .1799839E-08
 23.0    6740.00   .1740111E-08
 23.0    6750.00   .1746910E-08
 23.0    6760.00   .1693808E-08
 23.0    6770.00   .1681486E-08
 23.0    6780.00   .1660100E-08
 23.0    6790.00   .1632657E-08
 23.0    6800.00   .1627203E-08
 23.0    6810.00   .1622105E-08
 23.0    6820.00   .1606422E-08
 23.0    6830.00   .1593649E-08
 23.0    6840.00   .1589787E-08
 23.0    6850.00   .1565531E-08
 23.0    6860.00   .1551998E-08
 23.0    6870.00   .1511788E-08
 23.0    6880.00   .1479526E-08
 23.0    6890.00   .1447378E-08
 23.0    6900.00   .1415345E-08
 23.0    6910.00   .1383428E-08
 23.0    6920.00   .1377381E-08
 23.0    6930.00   .1385598E-08
 23.0    6940.00   .1364825E-08
 23.0    6950.00   .1369322E-08
 23.0    6960.00   .1337535E-08
 23.0    6970.00   .1339789E-08
 23.0    6980.00   .1313468E-08
 23.0    6990.00   .1283548E-08
 23.0    7000.00   .1272279E-08
 23.0    7010.00   .1270044E-08
 23.0    7020.00   .1241558E-08
 23.0    7030.00   .1237014E-08
 23.0    7040.00   .1235205E-08
 23.0    7050.00   .1214651E-08
 23.0    7060.00   .1223014E-08
 23.0    7070.00   .1206999E-08
 23.0    7080.00   .1203810E-08
 23.0    7090.00   .1202974E-08
 23.0    7100.00   .1192157E-08
 23.0    7110.00   .1176983E-08
 23.0    7120.00   .1173437E-08
 23.0    7130.00   .1173208E-08
 23.0    7140.00   .1160405E-08
 23.0    7150.00   .1166920E-08
 23.0    7160.00   .1157421E-08
 23.0    7170.00   .1101492E-08
 23.0    7180.00   .1071493E-08
 23.0    7190.00   .1039177E-08
 23.0    7200.00   .1037513E-08
 23.0    7210.00   .1089069E-08
 23.0    7220.00   .1099640E-08
 23.0    7230.00   .1070714E-08
 23.0    7240.00   .1016224E-08
 23.0    7250.00   .1030086E-08
 23.0    7260.00   .1026994E-08
 23.0    7270.00   .1018919E-08
 23.0    7280.00   .1003846E-08
 23.0    7290.00   .9761097E-09
 23.0    7300.00   .9771564E-09
 23.0    7310.00   .9485216E-09
 23.0    7320.00   .9422598E-09
 23.0    7330.00   .9361020E-09
 23.0    7340.00   .9221451E-09
 23.0    7350.00   .8947667E-09
 23.0    7360.00   .8773616E-09
 23.0    7370.00   .8498788E-09
 23.0    7380.00   .8497701E-09
 23.0    7390.00   .8319088E-09
 23.0    7400.00   .8135928E-09
 23.0    7410.00   .8037892E-09
 23.0    7420.00   .7942886E-09
 23.0    7430.00   .7411817E-09
 23.0    7440.00   .6967867E-09
 23.0    7450.00   .6659894E-09
 23.0    7460.00   .6363536E-09
 23.0    7470.00   .6269035E-09
 23.0    7480.00   .6241689E-09
 23.0    7490.00   .6339508E-09
 23.0    7500.00   .6458188E-09
 23.0    7510.00   .6645089E-09
 23.0    7520.00   .6725145E-09
 23.0    7530.00   .6785986E-09
 23.0    7540.00   .6830084E-09
 23.0    7550.00   .6895141E-09
 23.0    7560.00   .6910108E-09
 23.0    7570.00   .7005428E-09
 23.0    7580.00   .7049256E-09
 23.0    7590.00   .6748519E-09
 23.0    7600.00   .6792010E-09
 23.0    7610.00   .6835405E-09
 23.0    7620.00   .6878706E-09
 23.0    7630.00   .6921913E-09
 23.0    7640.00   .6965027E-09
 23.0    7650.00   .7008048E-09
 23.0    7660.00   .7050978E-09
 23.0    7670.00   .7093818E-09
 23.0    7680.00   .7243169E-09
 23.0    7690.00   .7441388E-09
 23.0    7700.00   .7728860E-09
 23.0    7710.00   .7831682E-09
 23.0    7720.00   .7959331E-09
 23.0    7730.00   .8007258E-09
 23.0    7740.00   .8100173E-09
 23.0    7750.00   .8224569E-09
 23.0    7760.00   .8304985E-09
 23.0    7770.00   .8335032E-09
 23.0    7780.00   .8474604E-09
 23.0    7790.00   .8571821E-09
 23.0    7800.00   .8621564E-09
 23.0    7810.00   .8682066E-09
 23.0    7820.00   .8753178E-09
 23.0    7830.00   .8725334E-09
 23.0    7840.00   .8833356E-09
 23.0    7850.00   .8911483E-09
 23.0    7860.00   .8797885E-09
 23.0    7870.00   .8867287E-09
 23.0    7880.00   .8803484E-09
 23.0    7890.00   .8713990E-09
 23.0    7900.00   .8683300E-09
 23.0    7910.00   .8660247E-09
 23.0    7920.00   .8597084E-09
 23.0    7930.00   .8572825E-09
 23.0    7940.00   .8582088E-09
 23.0    7950.00   .8547691E-09
 23.0    7960.00   .8439014E-09
 23.0    7970.00   .8537049E-09
 23.0    7980.00   .8426488E-09
 23.0    7990.00   .8438966E-09
 23.0    8000.00   .8341804E-09
 23.0    8010.00   .8305451E-09
 23.0    8020.00   .8109307E-09
 23.0    8030.00   .7985887E-09
 23.0    8040.00   .7778947E-09
 23.0    8050.00   .7777269E-09
 23.0    8060.00   .7654577E-09
 23.0    8070.00   .7625778E-09
 23.0    8080.00   .7551951E-09
 23.0    8090.00   .7827197E-09
 23.0    8100.00   .7778145E-09
 23.0    8110.00   .7783294E-09
 23.0    8120.00   .7715437E-09
 23.0    8130.00   .7666628E-09
 23.0    8140.00   .7604941E-09
 23.0    8150.00   .7617498E-09
 23.0    8160.00   .7489583E-09
 23.0    8170.00   .7244185E-09
 23.0    8180.00   .6965336E-09
 23.0    8190.00   .6592483E-09
 23.0    8200.00   .6443486E-09
 23.0    8210.00   .5971653E-09
 23.0    8220.00   .5773646E-09
 23.0    8230.00   .5525528E-09
 23.0    8240.00   .5422288E-09
 23.0    8250.00   .5227795E-09
 23.0    8260.00   .5021518E-09
 23.0    8270.00   .5012552E-09
 23.0    8280.00   .5156157E-09
 23.0    8290.00   .5149087E-09
 23.0    8300.00   .5279587E-09
 23.0    8310.00   .5190772E-09
 23.0    8320.00   .5294969E-09
 23.0    8330.00   .5326221E-09
 23.0    8340.00   .5375404E-09
 23.0    8350.00   .5052814E-09
 23.0    8360.00   .5211231E-09
 23.0    8370.00   .5191562E-09
 23.0    8380.00   .5293507E-09
 23.0    8390.00   .5354260E-09
 23.0    8400.00   .5615338E-09
 23.0    8410.00   .5801383E-09
 23.0    8420.00   .6051639E-09
 23.0    8430.00   .6290883E-09
 23.0    8440.00   .6483975E-09
 23.0    8450.00   .6707930E-09
 23.0    8460.00   .6937126E-09
 23.0    8470.00   .7129458E-09
 23.0    8480.00   .7326228E-09
 23.0    8490.00   .7478274E-09
 23.0    8500.00   .7649371E-09
 23.0    8510.00   .7666211E-09
 23.0    8520.00   .7685811E-09
 23.0    8530.00   .7789258E-09
 23.0    8540.00   .7786992E-09
 23.0    8550.00   .7846616E-09
 23.0    8560.00   .7766151E-09
 23.0    8570.00   .7851189E-09
 23.0    8580.00   .7835600E-09
 23.0    8590.00   .7866459E-09
 23.0    8600.00   .7794702E-09
 23.0    8610.00   .7791499E-09
 23.0    8620.00   .7720261E-09
 23.0    8630.00   .7673416E-09
 23.0    8640.00   .7642725E-09
 23.0    8650.00   .7604565E-09
 23.0    8660.00   .7621683E-09
 23.0    8670.00   .7582873E-09
 23.0    8680.00   .7638634E-09
 23.0    8690.00   .7655009E-09
 23.0    8700.00   .7606580E-09
 23.0    8710.00   .7556810E-09
 23.0    8720.00   .7482409E-09
 23.0    8730.00   .7473096E-09
 23.0    8740.00   .7438556E-09
 23.0    8750.00   .7493088E-09
 23.0    8760.00   .7472228E-09
 23.0    8770.00   .7436851E-09
 23.0    8780.00   .7303992E-09
 23.0    8790.00   .7312863E-09
 23.0    8800.00   .7186512E-09
 23.0    8810.00   .7232572E-09
 23.0    8820.00   .7107694E-09
 23.0    8830.00   .7051487E-09
 23.0    8840.00   .6923958E-09
 23.0    8850.00   .6598659E-09
 23.0    8860.00   .6494709E-09
 23.0    8870.00   .6145485E-09
 23.0    8880.00   .5932066E-09
 23.0    8890.00   .5818705E-09
 23.0    8900.00   .5614444E-09
 23.0    8910.00   .5578380E-09
 23.0    8920.00   .5493921E-09
 23.0    8930.00   .5487403E-09
 23.0    8940.00   .5559340E-09
 23.0    8950.00   .5555543E-09
 23.0    8960.00   .5497783E-09
 23.0    8970.00   .5599026E-09
 23.0    8980.00   .5423638E-09
 23.0    8990.00   .5310323E-09
 23.0    9000.00   .5234455E-09
 23.0    9010.00   .5114974E-09
 23.0    9020.00   .5050035E-09
 23.0    9030.00   .5129665E-09
 23.0    9040.00   .5150647E-09
 23.0    9050.00   .5072003E-09
 23.0    9060.00   .5053383E-09
 23.0    9070.00   .4960185E-09
 23.0    9080.00   .4876276E-09
 23.0    9090.00   .4858326E-09
 23.0    9100.00   .4787828E-09
 23.0    9110.00   .4781445E-09
 23.0    9120.00   .4760065E-09
 23.0    9130.00   .4731328E-09
 23.0    9140.00   .4727697E-09
 23.0    9150.00   .4708804E-09
 23.0    9160.00   .4618349E-09
 23.0    9170.00   .4712646E-09
 23.0    9180.00   .4711097E-09
 23.0    9190.00   .4800073E-09
 23.0    9200.00   .4752194E-09
 23.0    9210.00   .4843144E-09
 23.0    9220.00   .4855404E-09
 23.0    9230.00   .4845755E-09
 23.0    9240.00   .4762438E-09
 23.0    9250.00   .4767193E-09
 23.0    9260.00   .4783253E-09
 23.0    9270.00   .4719491E-09
 23.0    9280.00   .4568138E-09
 23.0    9290.00   .4478034E-09
 23.0    9300.00   .4261665E-09
 23.0    9310.00   .3967678E-09
 23.0    9320.00   .3607320E-09
 23.0    9330.00   .3488314E-09
 23.0    9340.00   .3219878E-09
 23.0    9350.00   .3198412E-09
 23.0    9360.00   .3109470E-09
 23.0    9370.00   .3198173E-09
 23.0    9380.00   .3176060E-09
 23.0    9390.00   .3447493E-09
 23.0    9400.00   .3539715E-09
 23.0    9410.00   .3477276E-09
 23.0    9420.00   .3448251E-09
 23.0    9430.00   .3309200E-09
 23.0    9440.00   .3203380E-09
 23.0    9450.00   .3171032E-09
 23.0    9460.00   .3043890E-09
 23.0    9470.00   .3042198E-09
 23.0    9480.00   .3044260E-09
 23.0    9490.00   .3053031E-09
 23.0    9500.00   .2842773E-09
 23.0    9510.00   .3026125E-09
 23.0    9520.00   .2843221E-09
 23.0    9530.00   .2864519E-09
 23.0    9540.00   .2904308E-09
 23.0    9550.00   .2853525E-09
 23.0    9560.00   .2813303E-09
 23.0    9570.00   .2740678E-09
 23.0    9580.00   .2781314E-09
 23.0    9590.00   .2642167E-09
 23.0    9600.00   .2688396E-09
 23.0    9610.00   .2688782E-09
 23.0    9620.00   .2679359E-09
 23.0    9630.00   .2662851E-09
 23.0    9640.00   .2643251E-09
 23.0    9650.00   .2601829E-09
 23.0    9660.00   .2654249E-09
 23.0    9670.00   .2548417E-09
 23.0    9680.00   .2584335E-09
 23.0    9690.00   .2557271E-09
 23.0    9700.00   .2555600E-09
 23.0    9710.00   .2595145E-09
 23.0    9720.00   .2533249E-09
 23.0    9730.00   .2547604E-09
 23.0    9740.00   .2469551E-09
 23.0    9750.00   .2436588E-09
 23.0    9760.00   .2375357E-09
 23.0    9770.00   .2399408E-09
 23.0    9780.00   .2343648E-09
 23.0    9790.00   .2322403E-09
 23.0    9800.00   .2335927E-09
 23.0    9810.00   .2280936E-09
 23.0    9820.00   .2286467E-09
 23.0    9830.00   .2293576E-09
 23.0    9840.00   .2297243E-09
 23.0    9850.00   .2263390E-09
 23.0    9860.00   .2235332E-09
 23.0    9870.00   .2205490E-09
 23.0    9880.00   .2231814E-09
 23.0    9890.00   .2161855E-09
 23.0    9900.00   .2162747E-09
 23.0    9910.00   .2102800E-09
 23.0    9920.00   .2150683E-09
 23.0    9930.00   .2065311E-09
 23.0    9940.00   .2069834E-09
 23.0    9950.00   .2124442E-09
 23.0    9960.00   .2045548E-09
 23.0    9970.00   .2012617E-09
 23.0    9980.00   .1980000E-09
 23.0    9990.00   .1955221E-09
 23.0   10000.00   .1938209E-09
 23.0   10010.00   .1935681E-09
 23.0   10020.00   .1933154E-09
 23.0   10030.00   .1930628E-09
 23.0   10040.00   .1928105E-09
 23.0   10050.00   .1925584E-09
 23.0   10060.00   .1923066E-09
 23.0   10070.00   .1920547E-09
 23.0   10080.00   .1918029E-09
 23.0   10090.00   .1915514E-09
 23.0   10100.00   .1913002E-09
 23.0   10110.00   .1910491E-09
 23.0   10120.00   .1907980E-09
 23.0   10130.00   .1905470E-09
 23.0   10140.00   .1902961E-09
 23.0   10150.00   .1900456E-09
 23.0   10160.00   .1897950E-09
 23.0   10170.00   .1895447E-09
 23.0   10180.00   .1892943E-09
 23.0   10190.00   .1890443E-09
 23.0   10200.00   .1887941E-09
 23.0   10210.00   .1885444E-09
 23.0   10220.00   .1882945E-09
 23.0   10230.00   .1880446E-09
 23.0   10240.00   .1877951E-09
 23.0   10250.00   .1875456E-09
 23.0   10260.00   .1872961E-09
 23.0   10270.00   .1870466E-09
 23.0   10280.00   .1867973E-09
 23.0   10290.00   .1865482E-09
 23.0   10300.00   .1862991E-09
 23.0   10310.00   .1860498E-09
 23.0   10320.00   .1858007E-09
 23.0   10330.00   .1855521E-09
 23.0   10340.00   .1853030E-09
 23.0   10350.00   .1850542E-09
 23.0   10360.00   .1848055E-09
 23.0   10370.00   .1845566E-09
 23.0   10380.00   .1843079E-09
 23.0   10390.00   .1840594E-09
 23.0   10400.00   .1838107E-09
 23.0   10410.00   .1835622E-09
 23.0   10420.00   .1833137E-09
 23.0   10430.00   .1830651E-09
 23.0   10440.00   .1828167E-09
 23.0   10450.00   .1825682E-09
 23.0   10460.00   .1823200E-09
 23.0   10470.00   .1820716E-09
 23.0   10480.00   .1818234E-09
 23.0   10490.00   .1815750E-09
 23.0   10500.00   .1813269E-09
 23.0   10510.00   .1810788E-09
 23.0   10520.00   .1808307E-09
 23.0   10530.00   .1805830E-09
 23.0   10540.00   .1803348E-09
 23.0   10550.00   .1800871E-09
 23.0   10560.00   .1798395E-09
 23.0   10570.00   .1795917E-09
 23.0   10580.00   .1793443E-09
 23.0   10590.00   .1790965E-09
 23.0   10600.00   .1788493E-09
 23.0   10610.00   .1786022E-09
 23.0   10620.00   .1783553E-09
 23.0   10630.00   .1781081E-09
 23.0   10640.00   .1778615E-09
 23.0   10650.00   .1776147E-09
 23.0   10660.00   .1773681E-09
 23.0   10670.00   .1771216E-09
 23.0   10680.00   .1768753E-09
 23.0   10690.00   .1766293E-09
 23.0   10700.00   .1763832E-09
 23.0   10710.00   .1761371E-09
 23.0   10720.00   .1758915E-09
 23.0   10730.00   .1756461E-09
 23.0   10740.00   .1754007E-09
 23.0   10750.00   .1751552E-09
 23.0   10760.00   .1749103E-09
 23.0   10770.00   .1746653E-09
 23.0   10780.00   .1744209E-09
 23.0   10790.00   .1741762E-09
 23.0   10800.00   .1739321E-09
 23.0   10810.00   .1736879E-09
 23.0   10820.00   .1734441E-09
 23.0   10830.00   .1732004E-09
 23.0   10840.00   .1729568E-09
 23.0   10850.00   .1727135E-09
 23.0   10860.00   .1724702E-09
 23.0   10870.00   .1722276E-09
 23.0   10880.00   .1719849E-09
 23.0   10890.00   .1717427E-09
 23.0   10900.00   .1715003E-09
 23.0   10910.00   .1712584E-09
 23.0   10920.00   .1710167E-09
 23.0   10930.00   .1707753E-09
 23.0   10940.00   .1705342E-09
 23.0   10950.00   .1702931E-09
 23.0   10960.00   .1700524E-09
 23.0   10970.00   .1698120E-09
 23.0   10980.00   .1695717E-09
 23.0   10990.00   .1693319E-09
 23.0   11000.00   .1690922E-09
 23.0   11010.00   .1688530E-09
 23.0   11020.00   .1686137E-09
 23.0   11030.00   .1683750E-09
 23.0   11040.00   .1681362E-09
 23.0   11050.00   .1678981E-09
 23.0   11060.00   .1676601E-09
 23.0   11070.00   .1674225E-09
 23.0   11080.00   .1671849E-09
 23.0   11090.00   .1669481E-09
 23.0   11100.00   .1667113E-09
 23.0   11110.00   .1664748E-09
 23.0   11120.00   .1662388E-09
 23.0   11130.00   .1660030E-09
 23.0   11140.00   .1657676E-09
 23.0   11150.00   .1655325E-09
 23.0   11160.00   .1652974E-09
 23.0   11170.00   .1650630E-09
 23.0   11180.00   .1648289E-09
 23.0   11190.00   .1645950E-09
 23.0   11200.00   .1643617E-09
 23.0   11210.00   .1641283E-09
 23.0   11220.00   .1638956E-09
 23.0   11230.00   .1636632E-09
 23.0   11240.00   .1634311E-09
 23.0   11250.00   .1631996E-09
 23.0   11260.00   .1629681E-09
 23.0   11270.00   .1627371E-09
 23.0   11280.00   .1625066E-09
 23.0   11290.00   .1622764E-09
 23.0   11300.00   .1620465E-09
 23.0   11310.00   .1618844E-09
 23.0   11320.00   .1617226E-09
 23.0   11330.00   .1615610E-09
 23.0   11340.00   .1613997E-09
 23.0   11350.00   .1612385E-09
 23.0   11360.00   .1610775E-09
 23.0   11370.00   .1609172E-09
 23.0   11380.00   .1607568E-09
 23.0   11390.00   .1605969E-09
 23.0   11400.00   .1604371E-09
 23.0   11410.00   .1602777E-09
 23.0   11420.00   .1601188E-09
 23.0   11430.00   .1599597E-09
 23.0   11440.00   .1598013E-09
 23.0   11450.00   .1596430E-09
 23.0   11460.00   .1594850E-09
 23.0   11470.00   .1593273E-09
 23.0   11480.00   .1591700E-09
 23.0   11490.00   .1590129E-09
 23.0   11500.00   .1588563E-09
 23.0   11510.00   .1586997E-09
 23.0   11520.00   .1585439E-09
 23.0   11530.00   .1583881E-09
 23.0   11540.00   .1582327E-09
 23.0   11550.00   .1580775E-09
 23.0   11560.00   .1579229E-09
 23.0   11570.00   .1577683E-09
 23.0   11580.00   .1576145E-09
 23.0   11590.00   .1574606E-09
 23.0   11600.00   .1573073E-09
 23.0   11610.00   .1571545E-09
 23.0   11620.00   .1570018E-09
 23.0   11630.00   .1568495E-09
 23.0   11640.00   .1566977E-09
 23.0   11650.00   .1565461E-09
 23.0   11660.00   .1563947E-09
 23.0   11670.00   .1562441E-09
 23.0   11680.00   .1560937E-09
 23.0   11690.00   .1559439E-09
 23.0   11700.00   .1557942E-09
 23.0   11710.00   .1556449E-09
 23.0   11720.00   .1554962E-09
 23.0   11730.00   .1553476E-09
 23.0   11740.00   .1551998E-09
 23.0   11750.00   .1550521E-09
 23.0   11760.00   .1549049E-09
 23.0   11770.00   .1547580E-09
 23.0   11780.00   .1546116E-09
 23.0   11790.00   .1544657E-09
 23.0   11800.00   .1543202E-09
 23.0   11810.00   .1541750E-09
 23.0   11820.00   .1540304E-09
 23.0   11830.00   .1538861E-09
 23.0   11840.00   .1537422E-09
 23.0   11850.00   .1535990E-09
 23.0   11860.00   .1534559E-09
 23.0   11870.00   .1533135E-09
 23.0   11880.00   .1531715E-09
 23.0   11890.00   .1530299E-09
 23.0   11900.00   .1528889E-09
 23.0   11910.00   .1527481E-09
 23.0   11920.00   .1526078E-09
 23.0   11930.00   .1524680E-09
 23.0   11940.00   .1523290E-09
 23.0   11950.00   .1521902E-09
 23.0   11960.00   .1520518E-09
 23.0   11970.00   .1519140E-09
 23.0   11980.00   .1517767E-09
 23.0   11990.00   .1516400E-09
 23.0   12000.00   .1515035E-09
 23.0   12010.00   .1513675E-09
 23.0   12020.00   .1512321E-09
 23.0   12030.00   .1510973E-09
 23.0   12040.00   .1509630E-09
 23.0   12050.00   .1508291E-09
 23.0   12060.00   .1506959E-09
 23.0   12070.00   .1505629E-09
 23.0   12080.00   .1504308E-09
 23.0   12090.00   .1502989E-09
 23.0   12100.00   .1501675E-09
 23.0   12110.00   .1500369E-09
 23.0   12120.00   .1499065E-09
 23.0   12130.00   .1497769E-09
 23.0   12140.00   .1496478E-09
 23.0   12150.00   .1495193E-09
 23.0   12160.00   .1493912E-09
 23.0   12170.00   .1492636E-09
 23.0   12180.00   .1491365E-09
 23.0   12190.00   .1490103E-09
 23.0   12200.00   .1488843E-09
 23.0   12210.00   .1487591E-09
 23.0   12220.00   .1486345E-09
 23.0   12230.00   .1485102E-09
 23.0   12240.00   .1483867E-09
 23.0   12250.00   .1482637E-09
 23.0   12260.00   .1481413E-09
 23.0   12270.00   .1480192E-09
 23.0   12280.00   .1478980E-09
 23.0   12290.00   .1477773E-09
 23.0   12300.00   .1476573E-09
 23.0   12310.00   .1475379E-09
 23.0   12320.00   .1474189E-09
 23.0   12330.00   .1473006E-09
 23.0   12340.00   .1471829E-09
 23.0   12350.00   .1470656E-09
 23.0   12360.00   .1469491E-09
 23.0   12370.00   .1468332E-09
 23.0   12380.00   .1467180E-09
 23.0   12390.00   .1466033E-09
 23.0   12400.00   .1464892E-09
 23.0   12410.00   .1463759E-09
 23.0   12420.00   .1462631E-09
 23.0   12430.00   .1461510E-09
 23.0   12440.00   .1460395E-09
 23.0   12450.00   .1459286E-09
 23.0   12460.00   .1458182E-09
 23.0   12470.00   .1457086E-09
 23.0   12480.00   .1455996E-09
 23.0   12490.00   .1454913E-09
 23.0   12500.00   .1453838E-09
 23.0   12510.00   .1453447E-09
 23.0   12520.00   .1453062E-09
 23.0   12530.00   .1452681E-09
 23.0   12540.00   .1452304E-09
 23.0   12550.00   .1451931E-09
 23.0   12560.00   .1451563E-09
 23.0   12570.00   .1451200E-09
 23.0   12580.00   .1450845E-09
 23.0   12590.00   .1450490E-09
 23.0   12600.00   .1450142E-09
 23.0   12610.00   .1449797E-09
 23.0   12620.00   .1449458E-09
 23.0   12630.00   .1449125E-09
 23.0   12640.00   .1448797E-09
 23.0   12650.00   .1448474E-09
 23.0   12660.00   .1448157E-09
 23.0   12670.00   .1447843E-09
 23.0   12680.00   .1447535E-09
 23.0   12690.00   .1447232E-09
 23.0   12700.00   .1446934E-09
 23.0   12710.00   .1446645E-09
 23.0   12720.00   .1446359E-09
 23.0   12730.00   .1446077E-09
 23.0   12740.00   .1445802E-09
 23.0   12750.00   .1445531E-09
 23.0   12760.00   .1445266E-09
 23.0   12770.00   .1445007E-09
 23.0   12780.00   .1444754E-09
 23.0   12790.00   .1444506E-09
 23.0   12800.00   .1444266E-09
 23.0   12810.00   .1444031E-09
 23.0   12820.00   .1443802E-09
 23.0   12830.00   .1443576E-09
 23.0   12840.00   .1443359E-09
 23.0   12850.00   .1443145E-09
 23.0   12860.00   .1442940E-09
 23.0   12870.00   .1442741E-09
 23.0   12880.00   .1442547E-09
 23.0   12890.00   .1442358E-09
 23.0   12900.00   .1442176E-09
 23.0   12910.00   .1442000E-09
 23.0   12920.00   .1441831E-09
 23.0   12930.00   .1441665E-09
 23.0   12940.00   .1441507E-09
 23.0   12950.00   .1441355E-09
 23.0   12960.00   .1441208E-09
 23.0   12970.00   .1441068E-09
 23.0   12980.00   .1440933E-09
 23.0   12990.00   .1440803E-09
 23.0   13000.00   .1440679E-09
 23.0   13010.00   .1440561E-09
 23.0   13020.00   .1440450E-09
 23.0   13030.00   .1440344E-09
 23.0   13040.00   .1440244E-09
 23.0   13050.00   .1440151E-09
 23.0   13060.00   .1440061E-09
 23.0   13070.00   .1439978E-09
 23.0   13080.00   .1439901E-09
 23.0   13090.00   .1439829E-09
 23.0   13100.00   .1439763E-09
 23.0   13110.00   .1439704E-09
 23.0   13120.00   .1439650E-09
 23.0   13130.00   .1439598E-09
 23.0   13140.00   .1439555E-09
 23.0   13150.00   .1439518E-09
 23.0   13160.00   .1439484E-09
 23.0   13170.00   .1439461E-09
 23.0   13180.00   .1439438E-09
 23.0   13190.00   .1439422E-09
 23.0   13200.00   .1439412E-09
 23.0   13210.00   .1439408E-09
 23.0   13220.00   .1439408E-09
 23.0   13230.00   .1439415E-09
 23.0   13240.00   .1439426E-09
 23.0   13250.00   .1439443E-09
 23.0   13260.00   .1439466E-09
 23.0   13270.00   .1439493E-09
 23.0   13280.00   .1439528E-09
 23.0   13290.00   .1439565E-09
 23.0   13300.00   .1439612E-09
 23.0   13310.00   .1439661E-09
 23.0   13320.00   .1439715E-09
 23.0   13330.00   .1439775E-09
 23.0   13340.00   .1439841E-09
 23.0   13350.00   .1439911E-09
 23.0   13360.00   .1439986E-09
 23.0   13370.00   .1440069E-09
 23.0   13380.00   .1440154E-09
 23.0   13390.00   .1440247E-09
 23.0   13400.00   .1440344E-09
 23.0   13410.00   .1440445E-09
 23.0   13420.00   .1440553E-09
 23.0   13430.00   .1440666E-09
 23.0   13440.00   .1440783E-09
 23.0   13450.00   .1440906E-09
 23.0   13460.00   .1441034E-09
 23.0   13470.00   .1441167E-09
 23.0   13480.00   .1441304E-09
 23.0   13490.00   .1441446E-09
 23.0   13500.00   .1441594E-09
 23.0   13510.00   .1441748E-09
 23.0   13520.00   .1441906E-09
 23.0   13530.00   .1442069E-09
 23.0   13540.00   .1442237E-09
 23.0   13550.00   .1442409E-09
 23.0   13560.00   .1442588E-09
 23.0   13570.00   .1442768E-09
 23.0   13580.00   .1442956E-09
 23.0   13590.00   .1443149E-09
 23.0   13600.00   .1443348E-09
 23.0   13610.00   .1443548E-09
 23.0   13620.00   .1443755E-09
 23.0   13630.00   .1443967E-09
 23.0   13640.00   .1444184E-09
 23.0   13650.00   .1444406E-09
 23.0   13660.00   .1444631E-09
 23.0   13670.00   .1444863E-09
 23.0   13680.00   .1445098E-09
 23.0   13690.00   .1445338E-09
 23.0   13700.00   .1445581E-09
 23.0   13710.00   .1438222E-09
 23.0   13720.00   .1430864E-09
 23.0   13730.00   .1423508E-09
 23.0   13740.00   .1416154E-09
 23.0   13750.00   .1408800E-09
 23.0   13760.00   .1401449E-09
 23.0   13770.00   .1394099E-09
 23.0   13780.00   .1386750E-09
 23.0   13790.00   .1379402E-09
 23.0   13800.00   .1372056E-09
 23.0   13810.00   .1364712E-09
 23.0   13820.00   .1357368E-09
 23.0   13830.00   .1350026E-09
 23.0   13840.00   .1342684E-09
 23.0   13850.00   .1335344E-09
 23.0   13860.00   .1328004E-09
 23.0   13870.00   .1320662E-09
 23.0   13880.00   .1313324E-09
 23.0   13890.00   .1305986E-09
 23.0   13900.00   .1298648E-09
 23.0   13910.00   .1291310E-09
 23.0   13920.00   .1283973E-09
 23.0   13930.00   .1276635E-09
 23.0   13940.00   .1269296E-09
 23.0   13950.00   .1261958E-09
 23.0   13960.00   .1254621E-09
 23.0   13970.00   .1247284E-09
 23.0   13980.00   .1239946E-09
 23.0   13990.00   .1232606E-09
 23.0   14000.00   .1225268E-09
 23.0   14010.00   .1217928E-09
 23.0   14020.00   .1210590E-09
 23.0   14030.00   .1203248E-09
 23.0   14040.00   .1195906E-09
 23.0   14050.00   .1188563E-09
 23.0   14060.00   .1181219E-09
 23.0   14070.00   .1173874E-09
 23.0   14080.00   .1166529E-09
 23.0   14090.00   .1159182E-09
 23.0   14100.00   .1151835E-09
 23.0   14110.00   .1144485E-09
 23.0   14120.00   .1137135E-09
 23.0   14130.00   .1129781E-09
 23.0   14140.00   .1122428E-09
 23.0   14150.00   .1115073E-09
 23.0   14160.00   .1107715E-09
 23.0   14170.00   .1100358E-09
 23.0   14180.00   .1092996E-09
 23.0   14190.00   .1085633E-09
 23.0   14200.00   .1078268E-09
 23.0   14210.00   .1070901E-09
 23.0   14220.00   .1063532E-09
 23.0   14230.00   .1056162E-09
 23.0   14240.00   .1048789E-09
 23.0   14250.00   .1041412E-09
 23.0   14260.00   .1034034E-09
 23.0   14270.00   .1026653E-09
 23.0   14280.00   .1019269E-09
 23.0   14290.00   .1011884E-09
 23.0   14300.00   .1004495E-09
 23.0   14310.00   .9971031E-10
 23.0   14320.00   .9897098E-10
 23.0   14330.00   .9823123E-10
 23.0   14340.00   .9749115E-10
 23.0   14350.00   .9675073E-10
 23.0   14360.00   .9601015E-10
 23.0   14370.00   .9526906E-10
 23.0   14380.00   .9452783E-10
 23.0   14390.00   .9378608E-10
 23.0   14400.00   .9304427E-10
 23.0   14410.00   .9230177E-10
 23.0   14420.00   .9155910E-10
 23.0   14430.00   .9081604E-10
 23.0   14440.00   .9007273E-10
 23.0   14450.00   .8932885E-10
 23.0   14460.00   .8858471E-10
 23.0   14470.00   .8784006E-10
 23.0   14480.00   .8709528E-10
 23.0   14490.00   .8634983E-10
 23.0   14500.00   .8560416E-10
 23.0   14510.00   .8485796E-10
 23.0   14520.00   .8411138E-10
 23.0   14530.00   .8336439E-10
 23.0   14540.00   .8261693E-10
 23.0   14550.00   .8186906E-10
 23.0   14560.00   .8112077E-10
 23.0   14570.00   .8037207E-10
 23.0   14580.00   .7962286E-10
 23.0   14590.00   .7887321E-10
 23.0   14600.00   .7812312E-10
 23.0   14610.00   .7737242E-10
 23.0   14620.00   .7662141E-10
 23.0   14630.00   .7586989E-10
 23.0   14640.00   .7511781E-10
 23.0   14650.00   .7436534E-10
 23.0   14660.00   .7361234E-10
 23.0   14670.00   .7285877E-10
 23.0   14680.00   .7210474E-10
 23.0   14690.00   .7135019E-10
 23.0   14700.00   .7059513E-10
 23.0   14710.00   .6983952E-10
 23.0   14720.00   .6908346E-10
 23.0   14730.00   .6832674E-10
 23.0   14740.00   .6756956E-10
 23.0   14750.00   .6681186E-10
 23.0   14760.00   .6605355E-10
 23.0   14770.00   .6529474E-10
 23.0   14780.00   .6453536E-10
 23.0   14790.00   .6377535E-10
 23.0   14800.00   .6301488E-10
 23.0   14810.00   .6225380E-10
 23.0   14820.00   .6149207E-10
 23.0   14830.00   .6072982E-10
 23.0   14840.00   .5996698E-10
 23.0   14850.00   .5920348E-10
 23.0   14860.00   .5843944E-10
 23.0   14870.00   .5767484E-10
 23.0   14880.00   .5690959E-10
 23.0   14890.00   .5614373E-10
 23.0   14900.00   .5537729E-10
 23.0   14910.00   .5461025E-10
 23.0   14920.00   .5384249E-10
 23.0   14930.00   .5307417E-10
 23.0   14940.00   .5230519E-10
 23.0   14950.00   .5153560E-10
 23.0   14960.00   .5076536E-10
 23.0   14970.00   .4999449E-10
 23.0   14980.00   .4922299E-10
 23.0   14990.00   .4845078E-10
 23.0   15000.00   .4767795E-10
 23.0   15010.00   .4769953E-10
 23.0   15020.00   .4772120E-10
 23.0   15030.00   .4774289E-10
 23.0   15040.00   .4776467E-10
 23.0   15050.00   .4778647E-10
 23.0   15060.00   .4780839E-10
 23.0   15070.00   .4783031E-10
 23.0   15080.00   .4785230E-10
 23.0   15090.00   .4787435E-10
 23.0   15100.00   .4789645E-10
 23.0   15110.00   .4791860E-10
 23.0   15120.00   .4794079E-10
 23.0   15130.00   .4796307E-10
 23.0   15140.00   .4798535E-10
 23.0   15150.00   .4800773E-10
 23.0   15160.00   .4803015E-10
 23.0   15170.00   .4805261E-10
 23.0   15180.00   .4807510E-10
 23.0   15190.00   .4809766E-10
 23.0   15200.00   .4812028E-10
 23.0   15210.00   .4814294E-10
 23.0   15220.00   .4816564E-10
 23.0   15230.00   .4818838E-10
 23.0   15240.00   .4821115E-10
 23.0   15250.00   .4823397E-10
 23.0   15260.00   .4825686E-10
 23.0   15270.00   .4827977E-10
 23.0   15280.00   .4830269E-10
 23.0   15290.00   .4832571E-10
 23.0   15300.00   .4834875E-10
 23.0   15310.00   .4837183E-10
 23.0   15320.00   .4839492E-10
 23.0   15330.00   .4841807E-10
 23.0   15340.00   .4844128E-10
 23.0   15350.00   .4846448E-10
 23.0   15360.00   .4848770E-10
 23.0   15370.00   .4851100E-10
 23.0   15380.00   .4853434E-10
 23.0   15390.00   .4855765E-10
 23.0   15400.00   .4858107E-10
 23.0   15410.00   .4860450E-10
 23.0   15420.00   .4862793E-10
 23.0   15430.00   .4865142E-10
 23.0   15440.00   .4867491E-10
 23.0   15450.00   .4869843E-10
 23.0   15460.00   .4872203E-10
 23.0   15470.00   .4874559E-10
 23.0   15480.00   .4876919E-10
 23.0   15490.00   .4879286E-10
 23.0   15500.00   .4881653E-10
 23.0   15510.00   .4884019E-10
 23.0   15520.00   .4886389E-10
 23.0   15530.00   .4888763E-10
 23.0   15540.00   .4891142E-10
 23.0   15550.00   .4893514E-10
 23.0   15560.00   .4895895E-10
 23.0   15570.00   .4898276E-10
 23.0   15580.00   .4900656E-10
 23.0   15590.00   .4903044E-10
 23.0   15600.00   .4905430E-10
 23.0   15610.00   .4907817E-10
 23.0   15620.00   .4910208E-10
 23.0   15630.00   .4912594E-10
 23.0   15640.00   .4914988E-10
 23.0   15650.00   .4917382E-10
 23.0   15660.00   .4919776E-10
 23.0   15670.00   .4922169E-10
 23.0   15680.00   .4924568E-10
 23.0   15690.00   .4926965E-10
 23.0   15700.00   .4929362E-10
 23.0   15710.00   .4931759E-10
 23.0   15720.00   .4934160E-10
 23.0   15730.00   .4936560E-10
 23.0   15740.00   .4938960E-10
 23.0   15750.00   .4941360E-10
 23.0   15760.00   .4943762E-10
 23.0   15770.00   .4946166E-10
 23.0   15780.00   .4948566E-10
 23.0   15790.00   .4950966E-10
 23.0   15800.00   .4953368E-10
 23.0   15810.00   .4955771E-10
 23.0   15820.00   .4958175E-10
 23.0   15830.00   .4960574E-10
 23.0   15840.00   .4962978E-10
 23.0   15850.00   .4965376E-10
 23.0   15860.00   .4967776E-10
 23.0   15870.00   .4970178E-10
 23.0   15880.00   .4972576E-10
 23.0   15890.00   .4974975E-10
 23.0   15900.00   .4977373E-10
 23.0   15910.00   .4979767E-10
 23.0   15920.00   .4982165E-10
 23.0   15930.00   .4984561E-10
 23.0   15940.00   .4986953E-10
 23.0   15950.00   .4989350E-10
 23.0   15960.00   .4991738E-10
 23.0   15970.00   .4994127E-10
 23.0   15980.00   .4996511E-10
 23.0   15990.00   .4998901E-10
 23.0   16000.00   .5001287E-10
 23.0   16010.00   .5003672E-10
 23.0   16020.00   .5006053E-10
 23.0   16030.00   .5008432E-10
 23.0   16040.00   .5010812E-10
 23.0   16050.00   .5013188E-10
 23.0   16060.00   .5015561E-10
 23.0   16070.00   .5017930E-10
 23.0   16080.00   .5020303E-10
 23.0   16090.00   .5022670E-10
 23.0   16100.00   .5025033E-10
 23.0   16110.00   .5027392E-10
 23.0   16120.00   .5029754E-10
 23.0   16130.00   .5032110E-10
 23.0   16140.00   .5034462E-10
 23.0   16150.00   .5036814E-10
 23.0   16160.00   .5039163E-10
 23.0   16170.00   .5041508E-10
 23.0   16180.00   .5043848E-10
 23.0   16190.00   .5046185E-10
 23.0   16200.00   .5048521E-10
 23.0   16210.00   .5050856E-10
 23.0   16220.00   .5053187E-10
 23.0   16230.00   .5055507E-10
 23.0   16240.00   .5057831E-10
 23.0   16250.00   .5060149E-10
 23.0   16260.00   .5061191E-10
 23.0   16270.00   .5062235E-10
 23.0   16280.00   .5063273E-10
 23.0   16290.00   .5064310E-10
 23.0   16300.00   .5065337E-10
 23.0   16310.00   .5066367E-10
 23.0   16320.00   .5067396E-10
 23.0   16330.00   .5068422E-10
 23.0   16340.00   .5069440E-10
 23.0   16350.00   .5070455E-10
 23.0   16360.00   .5071468E-10
 23.0   16370.00   .5072475E-10
 23.0   16380.00   .5073485E-10
 23.0   16390.00   .5074485E-10
 23.0   16400.00   .5075483E-10
 23.0   16410.00   .5076477E-10
 23.0   16420.00   .5077467E-10
 23.0   16430.00   .5078453E-10
 23.0   16440.00   .5079433E-10
 23.0   16450.00   .5080410E-10
 23.0   16460.00   .5081386E-10
 23.0   16470.00   .5082354E-10
 23.0   16480.00   .5083318E-10
 23.0   16490.00   .5084280E-10
 23.0   16500.00   .5085235E-10
 23.0   16510.00   .5086183E-10
 23.0   16520.00   .5087128E-10
 23.0   16530.00   .5088069E-10
 23.0   16540.00   .5089006E-10
 23.0   16550.00   .5089935E-10
 23.0   16560.00   .5090861E-10
 23.0   16570.00   .5091783E-10
 23.0   16580.00   .5092696E-10
 23.0   16590.00   .5093605E-10
 23.0   16600.00   .5094509E-10
 23.0   16610.00   .5095411E-10
 23.0   16620.00   .5096296E-10
 23.0   16630.00   .5097186E-10
 23.0   16640.00   .5098067E-10
 23.0   16650.00   .5098939E-10
 23.0   16660.00   .5099807E-10
 23.0   16670.00   .5100670E-10
 23.0   16680.00   .5101527E-10
 23.0   16690.00   .5102376E-10
 23.0   16700.00   .5103222E-10
 23.0   16710.00   .5104057E-10
 23.0   16720.00   .5104888E-10
 23.0   16730.00   .5105711E-10
 23.0   16740.00   .5106526E-10
 23.0   16750.00   .5107341E-10
 23.0   16760.00   .5108141E-10
 23.0   16770.00   .5108937E-10
 23.0   16780.00   .5109726E-10
 23.0   16790.00   .5110509E-10
 23.0   16800.00   .5111283E-10
 23.0   16810.00   .5112051E-10
 23.0   16820.00   .5112811E-10
 23.0   16830.00   .5113565E-10
 23.0   16840.00   .5114312E-10
 23.0   16850.00   .5115048E-10
 23.0   16860.00   .5115778E-10
 23.0   16870.00   .5116503E-10
 23.0   16880.00   .5117217E-10
 23.0   16890.00   .5117930E-10
 23.0   16900.00   .5118626E-10
 23.0   16910.00   .5119325E-10
 23.0   16920.00   .5120010E-10
 23.0   16930.00   .5120693E-10
 23.0   16940.00   .5121366E-10
 23.0   16950.00   .5122030E-10
 23.0   16960.00   .5122690E-10
 23.0   16970.00   .5123343E-10
 23.0   16980.00   .5123988E-10
 23.0   16990.00   .5124626E-10
 23.0   17000.00   .5125255E-10
 23.0   17010.00   .5125879E-10
 23.0   17020.00   .5126496E-10
 23.0   17030.00   .5127108E-10
 23.0   17040.00   .5127709E-10
 23.0   17050.00   .5128305E-10
 23.0   17060.00   .5128894E-10
 23.0   17070.00   .5129475E-10
 23.0   17080.00   .5130048E-10
 23.0   17090.00   .5130619E-10
 23.0   17100.00   .5131182E-10
 23.0   17110.00   .5131732E-10
 23.0   17120.00   .5132280E-10
 23.0   17130.00   .5132821E-10
 23.0   17140.00   .5133356E-10
 23.0   17150.00   .5133883E-10
 23.0   17160.00   .5134405E-10
 23.0   17170.00   .5134917E-10
 23.0   17180.00   .5135427E-10
 23.0   17190.00   .5135925E-10
 23.0   17200.00   .5136419E-10
 23.0   17210.00   .5136905E-10
 23.0   17220.00   .5137385E-10
 23.0   17230.00   .5137858E-10
 23.0   17240.00   .5138324E-10
 23.0   17250.00   .5138786E-10
 23.0   17260.00   .5139241E-10
 23.0   17270.00   .5139685E-10
 23.0   17280.00   .5140126E-10
 23.0   17290.00   .5140558E-10
 23.0   17300.00   .5140987E-10
 23.0   17310.00   .5141409E-10
 23.0   17320.00   .5141823E-10
 23.0   17330.00   .5142230E-10
 23.0   17340.00   .5142633E-10
 23.0   17350.00   .5143030E-10
 23.0   17360.00   .5143413E-10
 23.0   17370.00   .5143794E-10
 23.0   17380.00   .5144170E-10
 23.0   17390.00   .5144542E-10
 23.0   17400.00   .5144902E-10
 23.0   17410.00   .5145262E-10
 23.0   17420.00   .5145606E-10
 23.0   17430.00   .5145956E-10
 23.0   17440.00   .5146293E-10
 23.0   17450.00   .5146628E-10
 23.0   17460.00   .5146950E-10
 23.0   17470.00   .5147268E-10
 23.0   17480.00   .5147578E-10
 23.0   17490.00   .5147888E-10
 23.0   17500.00   .5148186E-10
 23.0   17510.00   .5148480E-10
 23.0   17520.00   .5148768E-10
 23.0   17530.00   .5149050E-10
 23.0   17540.00   .5149323E-10
 23.0   17550.00   .5149595E-10
 23.0   17560.00   .5149859E-10
 23.0   17570.00   .5150111E-10
 23.0   17580.00   .5150366E-10
 23.0   17590.00   .5150609E-10
 23.0   17600.00   .5150849E-10
 23.0   17610.00   .5151081E-10
 23.0   17620.00   .5151311E-10
 23.0   17630.00   .5151528E-10
 23.0   17640.00   .5151743E-10
 23.0   17650.00   .5151953E-10
 23.0   17660.00   .5152156E-10
 23.0   17670.00   .5152355E-10
 23.0   17680.00   .5152547E-10
 23.0   17690.00   .5152729E-10
 23.0   17700.00   .5152911E-10
 23.0   17710.00   .5153081E-10
 23.0   17720.00   .5153254E-10
 23.0   17730.00   .5153417E-10
 23.0   17740.00   .5153569E-10
 23.0   17750.00   .5153722E-10
 23.0   17760.00   .5153865E-10
 23.0   17770.00   .5154006E-10
 23.0   17780.00   .5154136E-10
 23.0   17790.00   .5154265E-10
 23.0   17800.00   .5154391E-10
 23.0   17810.00   .5154501E-10
 23.0   17820.00   .5154612E-10
 23.0   17830.00   .5154720E-10
 23.0   17840.00   .5154819E-10
 23.0   17850.00   .5154917E-10
 23.0   17860.00   .5155005E-10
 23.0   17870.00   .5155083E-10
 23.0   17880.00   .5155159E-10
 23.0   17890.00   .5155235E-10
 23.0   17900.00   .5155296E-10
 23.0   17910.00   .5155361E-10
 23.0   17920.00   .5155415E-10
 23.0   17930.00   .5155459E-10
 23.0   17940.00   .5155509E-10
 23.0   17950.00   .5155550E-10
 23.0   17960.00   .5155581E-10
 23.0   17970.00   .5155609E-10
 23.0   17980.00   .5155635E-10
 23.0   17990.00   .5155649E-10
 23.0   18000.00   .5155660E-10
 23.0   18010.00   .5141092E-10
 23.0   18020.00   .5126522E-10
 23.0   18030.00   .5111941E-10
 23.0   18040.00   .5097360E-10
 23.0   18050.00   .5082770E-10
 23.0   18060.00   .5068176E-10
 23.0   18070.00   .5053581E-10
 23.0   18080.00   .5038980E-10
 23.0   18090.00   .5024371E-10
 23.0   18100.00   .5009761E-10
 23.0   18110.00   .4995139E-10
 23.0   18120.00   .4980515E-10
 23.0   18130.00   .4965891E-10
 23.0   18140.00   .4951261E-10
 23.0   18150.00   .4936622E-10
 23.0   18160.00   .4921985E-10
 23.0   18170.00   .4907340E-10
 23.0   18180.00   .4892688E-10
 23.0   18190.00   .4878041E-10
 23.0   18200.00   .4863377E-10
 23.0   18210.00   .4848715E-10
 23.0   18220.00   .4834051E-10
 23.0   18230.00   .4819381E-10
 23.0   18240.00   .4804707E-10
 23.0   18250.00   .4790030E-10
 23.0   18260.00   .4775346E-10
 23.0   18270.00   .4760662E-10
 23.0   18280.00   .4745972E-10
 23.0   18290.00   .4731281E-10
 23.0   18300.00   .4716582E-10
 23.0   18310.00   .4701883E-10
 23.0   18320.00   .4687181E-10
 23.0   18330.00   .4672473E-10
 23.0   18340.00   .4657764E-10
 23.0   18350.00   .4643046E-10
 23.0   18360.00   .4628332E-10
 23.0   18370.00   .4613609E-10
 23.0   18380.00   .4598886E-10
 23.0   18390.00   .4584156E-10
 23.0   18400.00   .4569427E-10
 23.0   18410.00   .4554699E-10
 23.0   18420.00   .4539960E-10
 23.0   18430.00   .4525221E-10
 23.0   18440.00   .4510481E-10
 23.0   18450.00   .4495738E-10
 23.0   18460.00   .4480989E-10
 23.0   18470.00   .4466240E-10
 23.0   18480.00   .4451486E-10
 23.0   18490.00   .4436732E-10
 23.0   18500.00   .4421974E-10
 23.0   18510.00   .4407214E-10
 23.0   18520.00   .4392451E-10
 23.0   18530.00   .4377685E-10
 23.0   18540.00   .4362915E-10
 23.0   18550.00   .4348149E-10
 23.0   18560.00   .4333375E-10
 23.0   18570.00   .4318604E-10
 23.0   18580.00   .4303827E-10
 23.0   18590.00   .4289048E-10
 23.0   18600.00   .4274266E-10
 23.0   18610.00   .4259484E-10
 23.0   18620.00   .4244700E-10
 23.0   18630.00   .4229916E-10
 23.0   18640.00   .4215126E-10
 23.0   18650.00   .4200339E-10
 23.0   18660.00   .4185546E-10
 23.0   18670.00   .4170755E-10
 23.0   18680.00   .4155961E-10
 23.0   18690.00   .4141163E-10
 23.0   18700.00   .4126363E-10
 23.0   18710.00   .4111566E-10
 23.0   18720.00   .4096766E-10
 23.0   18730.00   .4081966E-10
 23.0   18740.00   .4067160E-10
 23.0   18750.00   .4052354E-10
 23.0   18760.00   .4037549E-10
 23.0   18770.00   .4022740E-10
 23.0   18780.00   .4007935E-10
 23.0   18790.00   .3993125E-10
 23.0   18800.00   .3978317E-10
 23.0   18810.00   .3963502E-10
 23.0   18820.00   .3948694E-10
 23.0   18830.00   .3933878E-10
 23.0   18840.00   .3919068E-10
 23.0   18850.00   .3904248E-10
 23.0   18860.00   .3889436E-10
 23.0   18870.00   .3874617E-10
 23.0   18880.00   .3859800E-10
 23.0   18890.00   .3844982E-10
 23.0   18900.00   .3830165E-10
 23.0   18910.00   .3815349E-10
 23.0   18920.00   .3800529E-10
 23.0   18930.00   .3785709E-10
 23.0   18940.00   .3770890E-10
 23.0   18950.00   .3756068E-10
 23.0   18960.00   .3741245E-10
 23.0   18970.00   .3726428E-10
 23.0   18980.00   .3711605E-10
 23.0   18990.00   .3696785E-10
 23.0   19000.00   .3681964E-10
 23.0   19010.00   .3667143E-10
 23.0   19020.00   .3652320E-10
 23.0   19030.00   .3637496E-10
 23.0   19040.00   .3622679E-10
 23.0   19050.00   .3607858E-10
 23.0   19060.00   .3593033E-10
 23.0   19070.00   .3578215E-10
 23.0   19080.00   .3563390E-10
 23.0   19090.00   .3548572E-10
 23.0   19100.00   .3533752E-10
 23.0   19110.00   .3518931E-10
 23.0   19120.00   .3504111E-10
 23.0   19130.00   .3489290E-10
 23.0   19140.00   .3474472E-10
 23.0   19150.00   .3459655E-10
 23.0   19160.00   .3444837E-10
 23.0   19170.00   .3430019E-10
 23.0   19180.00   .3415202E-10
 23.0   19190.00   .3400387E-10
 23.0   19200.00   .3385572E-10
 23.0   19210.00   .3370756E-10
 23.0   19220.00   .3355942E-10
 23.0   19230.00   .3341130E-10
 23.0   19240.00   .3326317E-10
 23.0   19250.00   .3311503E-10
 23.0   19260.00   .3296692E-10
 23.0   19270.00   .3281883E-10
 23.0   19280.00   .3267076E-10
 23.0   19290.00   .3252269E-10
 23.0   19300.00   .3237461E-10
 23.0   19310.00   .3222657E-10
 23.0   19320.00   .3207855E-10
 23.0   19330.00   .3193051E-10
 23.0   19340.00   .3178248E-10
 23.0   19350.00   .3163449E-10
 23.0   19360.00   .3148649E-10
 23.0   19370.00   .3133849E-10
 23.0   19380.00   .3119052E-10
 23.0   19390.00   .3104259E-10
 23.0   19400.00   .3089465E-10
 23.0   19410.00   .3074673E-10
 23.0   19420.00   .3059881E-10
 23.0   19430.00   .3045090E-10
 23.0   19440.00   .3030302E-10
 23.0   19450.00   .3015519E-10
 23.0   19460.00   .3000733E-10
 23.0   19470.00   .2985950E-10
 23.0   19480.00   .2971168E-10
 23.0   19490.00   .2956390E-10
 23.0   19500.00   .2941611E-10
 23.0   19510.00   .2926837E-10
 23.0   19520.00   .2912061E-10
 23.0   19530.00   .2897289E-10
 23.0   19540.00   .2882519E-10
 23.0   19550.00   .2867750E-10
 23.0   19560.00   .2852984E-10
 23.0   19570.00   .2838219E-10
 23.0   19580.00   .2823459E-10
 23.0   19590.00   .2808698E-10
 23.0   19600.00   .2793940E-10
 23.0   19610.00   .2779181E-10
 23.0   19620.00   .2764428E-10
 23.0   19630.00   .2749678E-10
 23.0   19640.00   .2734925E-10
 23.0   19650.00   .2720181E-10
 23.0   19660.00   .2705436E-10
 23.0   19670.00   .2690694E-10
 23.0   19680.00   .2675951E-10
 23.0   19690.00   .2661213E-10
 23.0   19700.00   .2646481E-10
 23.0   19710.00   .2631748E-10
 23.0   19720.00   .2617018E-10
 23.0   19730.00   .2602290E-10
 23.0   19740.00   .2587568E-10
 23.0   19750.00   .2572842E-10
 23.0   19760.00   .2558123E-10
 23.0   19770.00   .2543407E-10
 23.0   19780.00   .2528691E-10
 23.0   19790.00   .2513981E-10
 23.0   19800.00   .2499272E-10
 23.0   19810.00   .2484568E-10
 23.0   19820.00   .2469866E-10
 23.0   19830.00   .2455165E-10
 23.0   19840.00   .2440469E-10
 23.0   19850.00   .2425775E-10
 23.0   19860.00   .2411085E-10
 23.0   19870.00   .2396397E-10
 23.0   19880.00   .2381714E-10
 23.0   19890.00   .2367031E-10
 23.0   19900.00   .2352351E-10
 23.0   19910.00   .2337678E-10
 23.0   19920.00   .2323004E-10
 23.0   19930.00   .2308338E-10
 23.0   19940.00   .2293671E-10
 23.0   19950.00   .2279009E-10
 23.0   19960.00   .2264353E-10
 23.0   19970.00   .2249696E-10
 23.0   19980.00   .2235045E-10
 23.0   19990.00   .2220395E-10
 23.0   20000.00   .2205751E-10
 23.0   20010.00   .2191109E-10
 23.0   20020.00   .2176472E-10
 23.0   20030.00   .2161835E-10
 23.0   20040.00   .2147205E-10
 23.0   20050.00   .2132575E-10
 23.0   20060.00   .2117953E-10
 23.0   20070.00   .2103332E-10
 23.0   20080.00   .2088715E-10
 23.0   20090.00   .2074102E-10
 23.0   20100.00   .2059491E-10
 23.0   20110.00   .2059208E-10
 23.0   20120.00   .2058927E-10
 23.0   20130.00   .2058644E-10
 23.0   20140.00   .2058362E-10
 23.0   20150.00   .2058078E-10
 23.0   20160.00   .2057794E-10
 23.0   20170.00   .2057510E-10
 23.0   20180.00   .2057229E-10
 23.0   20190.00   .2056942E-10
 23.0   20200.00   .2056660E-10
 23.0   20210.00   .2056377E-10
 23.0   20220.00   .2056091E-10
 23.0   20230.00   .2055806E-10
 23.0   20240.00   .2055522E-10
 23.0   20250.00   .2055237E-10
 23.0   20260.00   .2054952E-10
 23.0   20270.00   .2054670E-10
 23.0   20280.00   .2054384E-10
 23.0   20290.00   .2054101E-10
 23.0   20300.00   .2053816E-10
 23.0   20310.00   .2053532E-10
 23.0   20320.00   .2053248E-10
 23.0   20330.00   .2052963E-10
 23.0   20340.00   .2052677E-10
 23.0   20350.00   .2052395E-10
 23.0   20360.00   .2052111E-10
 23.0   20370.00   .2051827E-10
 23.0   20380.00   .2051545E-10
 23.0   20390.00   .2051261E-10
 23.0   20400.00   .2050977E-10
 23.0   20410.00   .2050693E-10
 23.0   20420.00   .2050410E-10
 23.0   20430.00   .2050129E-10
 23.0   20440.00   .2049846E-10
 23.0   20450.00   .2049564E-10
 23.0   20460.00   .2049282E-10
 23.0   20470.00   .2049001E-10
 23.0   20480.00   .2048719E-10
 23.0   20490.00   .2048439E-10
 23.0   20500.00   .2048157E-10
 23.0   20510.00   .2047875E-10
 23.0   20520.00   .2047597E-10
 23.0   20530.00   .2047315E-10
 23.0   20540.00   .2047037E-10
 23.0   20550.00   .2046760E-10
 23.0   20560.00   .2046480E-10
 23.0   20570.00   .2046200E-10
 23.0   20580.00   .2045924E-10
 23.0   20590.00   .2045647E-10
 23.0   20600.00   .2045370E-10
 23.0   20610.00   .2045095E-10
 23.0   20620.00   .2044819E-10
 23.0   20630.00   .2044542E-10
 23.0   20640.00   .2044269E-10
 23.0   20650.00   .2043992E-10
 23.0   20660.00   .2043720E-10
 23.0   20670.00   .2043448E-10
 23.0   20680.00   .2043175E-10
 23.0   20690.00   .2042901E-10
 23.0   20700.00   .2042630E-10
 23.0   20710.00   .2042360E-10
 23.0   20720.00   .2042089E-10
 23.0   20730.00   .2041820E-10
 23.0   20740.00   .2041551E-10
 23.0   20750.00   .2041283E-10
 23.0   20760.00   .2041016E-10
 23.0   20770.00   .2040751E-10
 23.0   20780.00   .2040482E-10
 23.0   20790.00   .2040218E-10
 23.0   20800.00   .2039952E-10
 23.0   20810.00   .2039691E-10
 23.0   20820.00   .2039427E-10
 23.0   20830.00   .2039165E-10
 23.0   20840.00   .2038904E-10
 23.0   20850.00   .2038645E-10
 23.0   20860.00   .2038384E-10
 23.0   20870.00   .2038125E-10
 23.0   20880.00   .2037867E-10
 23.0   20890.00   .2037610E-10
 23.0   20900.00   .2037353E-10
 23.0   20910.00   .2037099E-10
 23.0   20920.00   .2036845E-10
 23.0   20930.00   .2036593E-10
 23.0   20940.00   .2036338E-10
 23.0   20950.00   .2036087E-10
 23.0   20960.00   .2035838E-10
 23.0   20970.00   .2035587E-10
 23.0   20980.00   .2035340E-10
 23.0   20990.00   .2035092E-10
 23.0   21000.00   .2034846E-10
 23.0   21010.00   .2034601E-10
 23.0   21020.00   .2034358E-10
 23.0   21030.00   .2034113E-10
 23.0   21040.00   .2033871E-10
 23.0   21050.00   .2033632E-10
 23.0   21060.00   .2033391E-10
 23.0   21070.00   .2033152E-10
 23.0   21080.00   .2032914E-10
 23.0   21090.00   .2032676E-10
 23.0   21100.00   .2032443E-10
 23.0   21110.00   .2032211E-10
 23.0   21120.00   .2031978E-10
 23.0   21130.00   .2031744E-10
 23.0   21140.00   .2031516E-10
 23.0   21150.00   .2031288E-10
 23.0   21160.00   .2031057E-10
 23.0   21170.00   .2030834E-10
 23.0   21180.00   .2030609E-10
 23.0   21190.00   .2030382E-10
 23.0   21200.00   .2030163E-10
 23.0   21210.00   .2029941E-10
 23.0   21220.00   .2029721E-10
 23.0   21230.00   .2029503E-10
 23.0   21240.00   .2029285E-10
 23.0   21250.00   .2029069E-10
 23.0   21260.00   .2028855E-10
 23.0   21270.00   .2028643E-10
 23.0   21280.00   .2028432E-10
 23.0   21290.00   .2028221E-10
 23.0   21300.00   .2028013E-10
 23.0   21310.00   .2027806E-10
 23.0   21320.00   .2027601E-10
 23.0   21330.00   .2027397E-10
 23.0   21340.00   .2027195E-10
 23.0   21350.00   .2026995E-10
 23.0   21360.00   .2026796E-10
 23.0   21370.00   .2026598E-10
 23.0   21380.00   .2026401E-10
 23.0   21390.00   .2026207E-10
 23.0   21400.00   .2026014E-10
 23.0   21410.00   .2025824E-10
 23.0   21420.00   .2025634E-10
 23.0   21430.00   .2025446E-10
 23.0   21440.00   .2025259E-10
 23.0   21450.00   .2025076E-10
 23.0   21460.00   .2024893E-10
 23.0   21470.00   .2024711E-10
 23.0   21480.00   .2024533E-10
 23.0   21490.00   .2024356E-10
 23.0   21500.00   .2024179E-10
 23.0   21510.00   .2024005E-10
 23.0   21520.00   .2023831E-10
 23.0   21530.00   .2023661E-10
 23.0   21540.00   .2023490E-10
 23.0   21550.00   .2023325E-10
 23.0   21560.00   .2023160E-10
 23.0   21570.00   .2022997E-10
 23.0   21580.00   .2022836E-10
 23.0   21590.00   .2022675E-10
 23.0   21600.00   .2022519E-10
 23.0   21610.00   .2022364E-10
 23.0   21620.00   .2022209E-10
 23.0   21630.00   .2022059E-10
 23.0   21640.00   .2021907E-10
 23.0   21650.00   .2021761E-10
 23.0   21660.00   .2021614E-10
 23.0   21670.00   .2021470E-10
 23.0   21680.00   .2021327E-10
 23.0   21690.00   .2021188E-10
 23.0   21700.00   .2021052E-10
 23.0   21710.00   .2020917E-10
 23.0   21720.00   .2020783E-10
 23.0   21730.00   .2020650E-10
 23.0   21740.00   .2020520E-10
 23.0   21750.00   .2020394E-10
 23.0   21760.00   .2020269E-10
 23.0   21770.00   .2020145E-10
 23.0   21780.00   .2020025E-10
 23.0   21790.00   .2019904E-10
 23.0   21800.00   .2019791E-10
 23.0   21810.00   .2019675E-10
 23.0   21820.00   .2019563E-10
 23.0   21830.00   .2019454E-10
 23.0   21840.00   .2019345E-10
 23.0   21850.00   .2019242E-10
 23.0   21860.00   .2019137E-10
 23.0   21870.00   .2019038E-10
 23.0   21880.00   .2018938E-10
 23.0   21890.00   .2018842E-10
 23.0   21900.00   .2018746E-10
 23.0   21910.00   .2018657E-10
 23.0   21920.00   .2018567E-10
 23.0   21930.00   .2018481E-10
 23.0   21940.00   .2018397E-10
 23.0   21950.00   .2018315E-10
 23.0   21960.00   .2018236E-10
 23.0   21970.00   .2018157E-10
 23.0   21980.00   .2018082E-10
 23.0   21990.00   .2018010E-10
 23.0   22000.00   .2017940E-10
 23.0   22010.00   .2017875E-10
 23.0   22020.00   .2017809E-10
 23.0   22030.00   .2017745E-10
 23.0   22040.00   .2017686E-10
 23.0   22050.00   .2017628E-10
 23.0   22060.00   .2017575E-10
 23.0   22070.00   .2017523E-10
 23.0   22080.00   .2017472E-10
 23.0   22090.00   .2017426E-10
 23.0   22100.00   .2017382E-10
 23.0   22110.00   .2017340E-10
 23.0   22120.00   .2017301E-10
 23.0   22130.00   .2017265E-10
 23.0   22140.00   .2017229E-10
 23.0   22150.00   .2017201E-10
 23.0   22160.00   .2017171E-10
 23.0   22170.00   .2017147E-10
 23.0   22180.00   .2017124E-10
 23.0   22190.00   .2017102E-10
 23.0   22200.00   .2017086E-10
 23.0   22210.00   .2017072E-10
 23.0   22220.00   .2017060E-10
 23.0   22230.00   .2017050E-10
 23.0   22240.00   .2017044E-10
 23.0   22250.00   .2017041E-10
 23.0   22260.00   .2017040E-10
 23.0   22270.00   .2017042E-10
 23.0   22280.00   .2017047E-10
 23.0   22290.00   .2017057E-10
 23.0   22300.00   .2017068E-10
 23.0   22310.00   .2017082E-10
 23.0   22320.00   .2017099E-10
 23.0   22330.00   .2017119E-10
 23.0   22340.00   .2017142E-10
 23.0   22350.00   .2017167E-10
 23.0   22360.00   .2017198E-10
 23.0   22370.00   .2017229E-10
 23.0   22380.00   .2017263E-10
 23.0   22390.00   .2017300E-10
 23.0   22400.00   .2017341E-10
 23.0   22410.00   .2017385E-10
 23.0   22420.00   .2017431E-10
 23.0   22430.00   .2017482E-10
 23.0   22440.00   .2017534E-10
 23.0   22450.00   .2017591E-10
 23.0   22460.00   .2017649E-10
 23.0   22470.00   .2017709E-10
 23.0   22480.00   .2017774E-10
 23.0   22490.00   .2017842E-10
 23.0   22500.00   .2017911E-10
 23.0   22510.00   .2017984E-10
 23.0   22520.00   .2018060E-10
 23.0   22530.00   .2018137E-10
 23.0   22540.00   .2018220E-10
 23.0   22550.00   .2018304E-10
 23.0   22560.00   .2018393E-10
 23.0   22570.00   .2018481E-10
 23.0   22580.00   .2018573E-10
 23.0   22590.00   .2018670E-10
 23.0   22600.00   .2018767E-10
 23.0   22610.00   .2018870E-10
 23.0   22620.00   .2018973E-10
 23.0   22630.00   .2019078E-10
 23.0   22640.00   .2019188E-10
 23.0   22650.00   .2019299E-10
 23.0   22660.00   .2019415E-10
 23.0   22670.00   .2019531E-10
 23.0   22680.00   .2019653E-10
 23.0   22690.00   .2019775E-10
 23.0   22700.00   .2019898E-10
 23.0   22710.00   .2020026E-10
 23.0   22720.00   .2020157E-10
 23.0   22730.00   .2020290E-10
 23.0   22740.00   .2020427E-10
 23.0   22750.00   .2020566E-10
 23.0   22760.00   .2020707E-10
 23.0   22770.00   .2020849E-10
 23.0   22780.00   .2020996E-10
 23.0   22790.00   .2021145E-10
 23.0   22800.00   .2021296E-10
 23.0   22810.00   .2021450E-10
 23.0   22820.00   .2021606E-10
 23.0   22830.00   .2021765E-10
 23.0   22840.00   .2021925E-10
 23.0   22850.00   .2022090E-10
 23.0   22860.00   .2022256E-10
 23.0   22870.00   .2022425E-10
 23.0   22880.00   .2022597E-10
 23.0   22890.00   .2022770E-10
 23.0   22900.00   .2022945E-10
 23.0   22910.00   .2023124E-10
 23.0   22920.00   .2023304E-10
 23.0   22930.00   .2023487E-10
 23.0   22940.00   .2023671E-10
 23.0   22950.00   .2023859E-10
 23.0   22960.00   .2024053E-10
 23.0   22970.00   .2024245E-10
 23.0   22980.00   .2024443E-10
 23.0   22990.00   .2024636E-10
 23.0   23000.00   .2024837E-10
 23.0   23010.00   .2025038E-10
 23.0   23020.00   .2025244E-10
 23.0   23030.00   .2025450E-10
 23.0   23040.00   .2025658E-10
 23.0   23050.00   .2025869E-10
 23.0   23060.00   .2026084E-10
 23.0   23070.00   .2026301E-10
 23.0   23080.00   .2026516E-10
 23.0   23090.00   .2026738E-10
 23.0   23100.00   .2026959E-10
 23.0   23110.00   .2027184E-10
 23.0   23120.00   .2027410E-10
 23.0   23130.00   .2027639E-10
 23.0   23140.00   .2027871E-10
 23.0   23150.00   .2028105E-10
 23.0   23160.00   .2028340E-10
 23.0   23170.00   .2028578E-10
 23.0   23180.00   .2028818E-10
 23.0   23190.00   .2029059E-10
 23.0   23200.00   .2029302E-10
 23.0   23210.00   .2029549E-10
 23.0   23220.00   .2029796E-10
 23.0   23230.00   .2030047E-10
 23.0   23240.00   .2030300E-10
 23.0   23250.00   .2030554E-10
 23.0   23260.00   .2030810E-10
 23.0   23270.00   .2031068E-10
 23.0   23280.00   .2031329E-10
 23.0   23290.00   .2031591E-10
 23.0   23300.00   .2031855E-10
 23.0   23310.00   .2032121E-10
 23.0   23320.00   .2032391E-10
 23.0   23330.00   .2032660E-10
 23.0   23340.00   .2032934E-10
 23.0   23350.00   .2033206E-10
 23.0   23360.00   .2033483E-10
 23.0   23370.00   .2033763E-10
 23.0   23380.00   .2034041E-10
 23.0   23390.00   .2034323E-10
 23.0   23400.00   .2034608E-10
 23.0   23410.00   .2034894E-10
 23.0   23420.00   .2035181E-10
 23.0   23430.00   .2035469E-10
 23.0   23440.00   .2035761E-10
 23.0   23450.00   .2036054E-10
 23.0   23460.00   .2036349E-10
 23.0   23470.00   .2036646E-10
 23.0   23480.00   .2036943E-10
 23.0   23490.00   .2037246E-10
 23.0   23500.00   .2037546E-10
 23.0   23510.00   .2037851E-10
 23.0   23520.00   .2038155E-10
 23.0   23530.00   .2038463E-10
 23.0   23540.00   .2038773E-10
 23.0   23550.00   .2039084E-10
 23.0   23560.00   .2039396E-10
 23.0   23570.00   .2039710E-10
 23.0   23580.00   .2040026E-10
 23.0   23590.00   .2040344E-10
 23.0   23600.00   .2040662E-10
 23.0   23610.00   .2040984E-10
 23.0   23620.00   .2041308E-10
 23.0   23630.00   .2041630E-10
 23.0   23640.00   .2041955E-10
 23.0   23650.00   .2042283E-10
 23.0   23660.00   .2042613E-10
 23.0   23670.00   .2042945E-10
 23.0   23680.00   .2043276E-10
 23.0   23690.00   .2043609E-10
 23.0   23700.00   .2043944E-10
 23.0   23710.00   .2044283E-10
 23.0   23720.00   .2044621E-10
 23.0   23730.00   .2044962E-10
 23.0   23740.00   .2045303E-10
 23.0   23750.00   .2045645E-10
 23.0   23760.00   .2045989E-10
 23.0   23770.00   .2046336E-10
 23.0   23780.00   .2046683E-10
 23.0   23790.00   .2047032E-10
 23.0   23800.00   .2047383E-10
 23.0   23810.00   .2047734E-10
 23.0   23820.00   .2048087E-10
 23.0   23830.00   .2048442E-10
 23.0   23840.00   .2048799E-10
 23.0   23850.00   .2049155E-10
 23.0   23860.00   .2049516E-10
 23.0   23870.00   .2049874E-10
 23.0   23880.00   .2050237E-10
 23.0   23890.00   .2050599E-10
 23.0   23900.00   .2050962E-10
 23.0   23910.00   .2051326E-10
 23.0   23920.00   .2051695E-10
 23.0   23930.00   .2052065E-10
 23.0   23940.00   .2052435E-10
 23.0   23950.00   .2052805E-10
 23.0   23960.00   .2053178E-10
 23.0   23970.00   .2053551E-10
 23.0   23980.00   .2053926E-10
 23.0   23990.00   .2054301E-10
 23.0   24000.00   .2054678E-10
 23.0   24010.00   .2055057E-10
 23.0   24020.00   .2055436E-10
 23.0   24030.00   .2055816E-10
 23.0   24040.00   .2056200E-10
 23.0   24050.00   .2056581E-10
 23.0   24060.00   .2056966E-10
 23.0   24070.00   .2057352E-10
 23.0   24080.00   .2057738E-10
 23.0   24090.00   .2058126E-10
 23.0   24100.00   .2058515E-10
 23.0   24110.00   .2058905E-10
 23.0   24120.00   .2059296E-10
 23.0   24130.00   .2059688E-10
 23.0   24140.00   .2060081E-10
 23.0   24150.00   .2060476E-10
 23.0   24160.00   .2060872E-10
 23.0   24170.00   .2061269E-10
 23.0   24180.00   .2061667E-10
 23.0   24190.00   .2062065E-10
 23.0   24200.00   .2062463E-10
 23.0   24210.00   .2062865E-10
 23.0   24220.00   .2063264E-10
 23.0   24230.00   .2063667E-10
 23.0   24240.00   .2064072E-10
 23.0   24250.00   .2064476E-10
 23.0   24260.00   .2064880E-10
 23.0   24270.00   .2065285E-10
 23.0   24280.00   .2065694E-10
 23.0   24290.00   .2066103E-10
 23.0   24300.00   .2066513E-10
 23.0   24310.00   .2066922E-10
 23.0   24320.00   .2067333E-10
 23.0   24330.00   .2067744E-10
 23.0   24340.00   .2068156E-10
 23.0   24350.00   .2068570E-10
 23.0   24360.00   .2068985E-10
 23.0   24370.00   .2069398E-10
 23.0   24380.00   .2069812E-10
 23.0   24390.00   .2070232E-10
 23.0   24400.00   .2070649E-10
 23.0   24410.00   .2071067E-10
 23.0   24420.00   .2071487E-10
 23.0   24430.00   .2071904E-10
 23.0   24440.00   .2072325E-10
 23.0   24450.00   .2072748E-10
 23.0   24460.00   .2073165E-10
 23.0   24470.00   .2073592E-10
 23.0   24480.00   .2074015E-10
 23.0   24490.00   .2074438E-10
 23.0   24500.00   .2074864E-10
 23.0   24510.00   .2075289E-10
 23.0   24520.00   .2075714E-10
 23.0   24530.00   .2076141E-10
 23.0   24540.00   .2076569E-10
 23.0   24550.00   .2076994E-10
 23.0   24560.00   .2077423E-10
 23.0   24570.00   .2077853E-10
 23.0   24580.00   .2078281E-10
 23.0   24590.00   .2078712E-10
 23.0   24600.00   .2079146E-10
 23.0   24610.00   .2079573E-10
 23.0   24620.00   .2080007E-10
 23.0   24630.00   .2080438E-10
 23.0   24640.00   .2080873E-10
 23.0   24650.00   .2081306E-10
 23.0   24660.00   .2081740E-10
 23.0   24670.00   .2082174E-10
 23.0   24680.00   .2082608E-10
 23.0   24690.00   .2083042E-10
 23.0   24700.00   .2083478E-10
 23.0   24710.00   .2083915E-10
 23.0   24720.00   .2084350E-10
 23.0   24730.00   .2084788E-10
 23.0   24740.00   .2085227E-10
 23.0   24750.00   .2085663E-10
 23.0   24760.00   .2086102E-10
 23.0   24770.00   .2086540E-10
 23.0   24780.00   .2086980E-10
 23.0   24790.00   .2087419E-10
 23.0   24800.00   .2087860E-10
 23.0   24810.00   .2088299E-10
 23.0   24820.00   .2088738E-10
 23.0   24830.00   .2089179E-10
 23.0   24840.00   .2089619E-10
 23.0   24850.00   .2090061E-10
 23.0   24860.00   .2090501E-10
 23.0   24870.00   .2090942E-10
 23.0   24880.00   .2091387E-10
 23.0   24890.00   .2091828E-10
 23.0   24900.00   .2092269E-10
 23.0   24910.00   .2092714E-10
 23.0   24920.00   .2093156E-10
 23.0   24930.00   .2093600E-10
 23.0   24940.00   .2094042E-10
 23.0   24950.00   .2094484E-10
 23.0   24960.00   .2094928E-10
 23.0   24970.00   .2095372E-10
 23.0   24980.00   .2095815E-10
 23.0   24990.00   .2096257E-10
 23.0   25000.00   .2096702E-10
