100 .3867722E-14
101 .1492205E-13
102 .4005371E-13
103 .8816455E-13
104 .1707030E-12
105 .3017264E-12
106 .4978474E-12
107 .7780465E-12
108 .1163361E-11
109 .1676426E-11
110 .2340891E-11
111 .3180715E-11
112 .4219337E-11
113 .5478774E-11
114 .6978611E-11
115 .8734997E-11
116 .1075956E-10
117 .1305838E-10
118 .1563103E-10
119 .1846964E-10
120 .2155815E-10
121 .2487172E-10
122 .2837622E-10
123 .3202831E-10
124 .3577530E-10
125 .3955571E-10
126 .4330678E-10
127 .4698985E-10
128 .5057822E-10
129 .5405172E-10
130 .5739732E-10
131 .6060925E-10
132 .6368888E-10
133 .6664504E-10
134 .6949327E-10
135 .7225607E-10
136 .7496228E-10
137 .7764697E-10
138 .8035008E-10
139 .8308859E-10
140 .8585286E-10
141 .8863110E-10
142 .9141093E-10
143 .9417951E-10
144 .9692359E-10
145 .9962998E-10
146 .1022854E-09
147 .1048766E-09
148 .1073907E-09
149 .1098150E-09
150 .1121373E-09
151 .1143479E-09
152 .1164487E-09
153 .1184441E-09
154 .1203393E-09
155 .1221395E-09
156 .1238502E-09
157 .1254773E-09
158 .1270269E-09
159 .1285052E-09
160 .1299189E-09
161 .1312747E-09
162 .1325798E-09
163 .1338415E-09
164 .1350672E-09
165 .1362651E-09
166 .1374432E-09
167 .1386100E-09
168 .1397743E-09
169 .1409454E-09
170 .1421327E-09
171 .1433462E-09
172 .1445964E-09
173 .1458940E-09
174 .1472505E-09
175 .1486776E-09
176 .1501853E-09
177 .1517743E-09
178 .1534423E-09
179 .1551873E-09
180 .1570069E-09
181 .1588986E-09
182 .1608596E-09
183 .1628871E-09
184 .1649781E-09
185 .1671292E-09
186 .1693367E-09
187 .1715971E-09
188 .1739061E-09
189 .1762596E-09
190 .1786529E-09
191 .1810812E-09
192 .1835393E-09
193 .1860218E-09
194 .1885229E-09
195 .1910366E-09
196 .1935564E-09
197 .1960756E-09
198 .1985873E-09
199 .2010838E-09
200 .2035575E-09
201 .2060019E-09
202 .2084174E-09
203 .2108059E-09
204 .2131694E-09
205 .2155102E-09
206 .2178308E-09
207 .2201337E-09
208 .2224216E-09
209 .2246971E-09
210 .2269635E-09
211 .2292238E-09
212 .2314813E-09
213 .2337393E-09
214 .2360014E-09
215 .2382715E-09
216 .2405532E-09
217 .2428508E-09
218 .2451682E-09
219 .2475099E-09
220 .2498805E-09
221 .2522845E-09
222 .2547270E-09
223 .2572129E-09
224 .2597473E-09
225 .2623358E-09
226 .2649814E-09
227 .2676765E-09
228 .2704108E-09
229 .2731735E-09
230 .2759534E-09
231 .2787387E-09
232 .2815174E-09
233 .2842770E-09
234 .2870044E-09
235 .2896863E-09
236 .2923089E-09
237 .2948581E-09
238 .2973192E-09
239 .2996775E-09
240 .3019176E-09
241 .3040239E-09
242 .3059808E-09
243 .3077721E-09
244 .3093816E-09
245 .3107929E-09
246 .3119894E-09
247 .3129547E-09
248 .3136719E-09
249 .3141248E-09
250 .3142967E-09
251 .2636631E-09
252 .3237174E-09
253 .2338918E-09
254 .1598533E-09
255 .1830922E-09
256 .2582403E-09
257 .2572092E-09
258 .2791302E-09
259 .3104323E-09
260 .3380683E-09
261 .4088293E-09
262 .3819321E-09
263 .3744993E-09
264 .3611088E-09
265 .4742977E-09
266 .4821062E-09
267 .4960327E-09
268 .5420140E-09
269 .5277468E-09
270 .5830080E-09
271 .6129535E-09
272 .6273074E-09
273 .6281729E-09
274 .6867773E-09
275 .7164227E-09
276 .6631278E-09
277 .6236706E-09
278 .7211505E-09
279 .8433095E-09
280 .9924296E-09
281 .1166563E-08
282 .1318450E-08
283 .1474720E-08
284 .1608121E-08
285 .1630584E-08
286 .1688737E-08
287 .1621547E-08
288 .1661452E-08
289 .1529954E-08
290 .1553891E-08
291 .1599353E-08
292 .1615598E-08
293 .1609088E-08
294 .1588584E-08
295 .1587901E-08
296 .1520831E-08
297 .1642028E-08
298 .1824487E-08
299 .1853776E-08
300 .1889093E-08
301 .1937118E-08
302 .2148638E-08
303 .2360160E-08
304 .2502740E-08
305 .2594966E-08
306 .2619406E-08
307 .2632512E-08
308 .2663869E-08
309 .2400571E-08
310 .2331932E-08
311 .2124993E-08
312 .1985250E-08
313 .2193882E-08
314 .2072200E-08
315 .1615041E-08
316 .1921831E-08
317 .2010379E-08
318 .1761638E-08
319 .1658188E-08
320 .1876992E-08
321 .1470079E-08
322 .1560919E-08
323 .1183563E-08
324 .1198435E-08
325 .1157606E-08
326 .1087376E-08
327 .1095195E-08
328 .1171282E-08
329 .1262878E-08
330 .1367556E-08
331 .1470324E-08
332 .1641187E-08
333 .1721449E-08
334 .1801289E-08
335 .1860560E-08
336 .1917591E-08
337 .1959288E-08
338 .2024450E-08
339 .2133889E-08
340 .2293818E-08
341 .2482264E-08
342 .2820882E-08
343 .3055219E-08
344 .3293547E-08
345 .3502609E-08
346 .3694739E-08
347 .3974430E-08
348 .4039062E-08
349 .4078214E-08
350 .4098898E-08
351 .3971988E-08
352 .3889193E-08
353 .3743217E-08
354 .3603128E-08
355 .3437184E-08
356 .3250624E-08
357 .2985598E-08
358 .2830478E-08
359 .2633061E-08
360 .2399374E-08
361 .2091699E-08
362 .1909414E-08
363 .1732176E-08
364 .1607489E-08
365 .1506225E-08
366 .1393093E-08
367 .1374872E-08
368 .1388099E-08
369 .1405151E-08
370 .1454791E-08
371 .1610849E-08
372 .1823840E-08
373 .1950110E-08
374 .2133769E-08
375 .2323517E-08
376 .2488304E-08
377 .2595169E-08
378 .2773349E-08
379 .2902078E-08
380 .3021520E-08
381 .3195735E-08
382 .3447033E-08
383 .3541527E-08
384 .3713266E-08
385 .3866688E-08
386 .3975379E-08
387 .4086668E-08
388 .4214128E-08
389 .4252585E-08
390 .4316071E-08
391 .4296162E-08
392 .4318856E-08
393 .4237644E-08
394 .4157184E-08
395 .4034248E-08
396 .3896013E-08
397 .3803762E-08
398 .3689855E-08
399 .3619114E-08
400 .3564219E-08
401 .3598166E-08
402 .3603342E-08
403 .3653703E-08
404 .3671406E-08
405 .3677517E-08
406 .3664436E-08
407 .3681606E-08
408 .3619470E-08
409 .3534116E-08
410 .3473090E-08
411 .3382543E-08
412 .3316211E-08
413 .3249561E-08
414 .3188100E-08
415 .3112996E-08
416 .3018204E-08
417 .2910060E-08
418 .2803861E-08
419 .2694381E-08
420 .2603556E-08
421 .2499285E-08
422 .2380611E-08
423 .2333403E-08
424 .2251068E-08
425 .2171168E-08
426 .2133618E-08
427 .2069287E-08
428 .1986629E-08
429 .1933482E-08
430 .1928735E-08
431 .1973802E-08
432 .1997739E-08
433 .2032578E-08
434 .2068309E-08
435 .2124830E-08
436 .2126331E-08
437 .2122315E-08
438 .2106563E-08
439 .2092138E-08
440 .2088476E-08
441 .2109051E-08
442 .2118157E-08
443 .2135974E-08
444 .2185727E-08
445 .2209381E-08
446 .2201068E-08
447 .2180000E-08
448 .2211864E-08
449 .2178007E-08
450 .2163575E-08
451 .2128095E-08
452 .2090467E-08
453 .2058637E-08
454 .2025695E-08
455 .1974595E-08
456 .1950664E-08
457 .1902250E-08
458 .1850189E-08
459 .1812103E-08
460 .1772719E-08
461 .1729227E-08
462 .1669251E-08
463 .1614308E-08
464 .1569898E-08
465 .1524158E-08
466 .1482092E-08
467 .1436269E-08
468 .1419198E-08
469 .1397559E-08
470 .1388424E-08
471 .1366526E-08
472 .1348174E-08
473 .1334005E-08
474 .1322893E-08
475 .1318575E-08
476 .1306441E-08
477 .1304500E-08
478 .1290013E-08
479 .1253268E-08
480 .1209289E-08
481 .1167443E-08
482 .1121433E-08
483 .1087181E-08
484 .1057832E-08
485 .1042091E-08
486 .1044554E-08
487 .1052649E-08
488 .1063994E-08
489 .1078856E-08
490 .1097568E-08
491 .1116927E-08
492 .1140899E-08
493 .1150136E-08
494 .1164711E-08
495 .1176850E-08
496 .1192912E-08
497 .1214629E-08
498 .1217844E-08
499 .1222113E-08
500 .1237116E-08
501 .1257111E-08
502 .1276958E-08
503 .1282030E-08
504 .1298458E-08
505 .1319528E-08
506 .1347570E-08
507 .1364751E-08
508 .1372279E-08
509 .1369228E-08
510 .1365956E-08
511 .1351329E-08
512 .1334553E-08
513 .1321730E-08
514 .1313464E-08
515 .1303965E-08
516 .1301593E-08
517 .1295544E-08
518 .1282120E-08
519 .1261925E-08
520 .1227746E-08
521 .1191024E-08
522 .1143188E-08
523 .1098907E-08
524 .1057722E-08
525 .1025163E-08
526 .1007122E-08
527 .9837688E-09
528 .9648408E-09
529 .9553243E-09
530 .9536199E-09
531 .9588989E-09
532 .9585104E-09
533 .9592578E-09
534 .9510048E-09
535 .9445502E-09
536 .9408862E-09
537 .9290144E-09
538 .9157198E-09
539 .9034380E-09
540 .8838361E-09
541 .8720376E-09
542 .8518699E-09
543 .8410227E-09
544 .8378747E-09
545 .8467479E-09
546 .8584908E-09
547 .8736127E-09
548 .8874537E-09
549 .9091911E-09
550 .9233365E-09
551 .9309479E-09
552 .9432998E-09
553 .9508862E-09
554 .9647534E-09
555 .9761614E-09
556 .9862013E-09
557 .9830393E-09
558 .9856570E-09
559 .9864650E-09
560 .9885611E-09
561 .9950269E-09
562 .9913814E-09
563 .9898669E-09
564 .9855382E-09
565 .9834876E-09
566 .9773883E-09
567 .9678087E-09
568 .9638404E-09
569 .9468092E-09
570 .9330039E-09
571 .9150456E-09
572 .8971831E-09
573 .8802539E-09
574 .8722727E-09
575 .8688677E-09
576 .8627959E-09
577 .8662254E-09
578 .8645170E-09
579 .8629675E-09
580 .8737609E-09
581 .8785289E-09
582 .8899320E-09
583 .8925833E-09
584 .8973538E-09
585 .8954674E-09
586 .9029634E-09
587 .8995804E-09
588 .8752541E-09
589 .8502407E-09
590 .8142832E-09
591 .7990378E-09
592 .7781403E-09
593 .7567224E-09
594 .7262806E-09
595 .7014429E-09
596 .6872062E-09
597 .6707235E-09
598 .6528236E-09
599 .6408567E-09
600 .6268380E-09
601 .6144092E-09
602 .5994450E-09
603 .5890284E-09
604 .5785923E-09
605 .5662250E-09
606 .5558284E-09
607 .5441121E-09
608 .5415806E-09
609 .5390938E-09
610 .5417167E-09
611 .5469557E-09
612 .5553034E-09
613 .5755778E-09
614 .5920326E-09
615 .6189041E-09
616 .6533840E-09
617 .6850145E-09
618 .7213823E-09
619 .7569344E-09
620 .7966547E-09
621 .8312721E-09
622 .8555603E-09
623 .8802632E-09
624 .9018501E-09
625 .9191421E-09
626 .9364580E-09
627 .9448655E-09
628 .9211842E-09
629 .9303262E-09
630 .9253763E-09
631 .9294879E-09
632 .9342361E-09
633 .9443776E-09
634 .9561046E-09
635 .9723364E-09
636 .9790911E-09
637 .9894544E-09
638 .9949206E-09
639 .9956588E-09
640 .9975126E-09
641 .9962932E-09
642 .9943379E-09
643 .9923907E-09
644 .9881824E-09
645 .9858122E-09
646 .9872173E-09
647 .9798479E-09
648 .9730571E-09
649 .9787748E-09
650 .9814477E-09
651 .9863577E-09
652 .9680877E-09
653 .9820144E-09
654 .9753148E-09
655 .9683289E-09
656 .9633339E-09
657 .9626274E-09
658 .9566162E-09
659 .9486953E-09
660 .9440121E-09
661 .9311224E-09
662 .9118590E-09
663 .8976929E-09
664 .8932971E-09
665 .8978866E-09
666 .9004063E-09
667 .9027095E-09
668 .9005458E-09
669 .8863998E-09
670 .8820226E-09
671 .8740850E-09
672 .8667668E-09
673 .8623870E-09
674 .8496024E-09
675 .8404813E-09
676 .8299768E-09
677 .8242840E-09
678 .8198821E-09
679 .8160939E-09
680 .8147205E-09
681 .8125201E-09
682 .8080106E-09
683 .8007170E-09
684 .7889537E-09
685 .7794448E-09
686 .7776417E-09
687 .7058753E-09
688 .7336190E-09
689 .7709107E-09
690 .7543744E-09
691 .7569198E-09
692 .7616142E-09
693 .7607099E-09
694 .7705614E-09
695 .7675104E-09
696 .7675637E-09
697 .7807193E-09
698 .7789845E-09
699 .7738790E-09
700 .7757460E-09
701 .7786769E-09
702 .7782359E-09
703 .7758385E-09
704 .7844575E-09
705 .7906451E-09
706 .7986076E-09
707 .8025520E-09
708 .8090307E-09
709 .8199304E-09
710 .8198547E-09
711 .8277442E-09
712 .8314570E-09
713 .8266459E-09
714 .8149198E-09
715 .8118302E-09
716 .8058100E-09
717 .7854161E-09
718 .7816470E-09
719 .7672431E-09
720 .7697691E-09
721 .7722161E-09
722 .7668830E-09
723 .7592161E-09
724 .7463201E-09
725 .7593368E-09
726 .7488209E-09
727 .7349557E-09
728 .7138082E-09
729 .7163140E-09
730 .7050315E-09
731 .6901547E-09
732 .6804856E-09
733 .6781674E-09
734 .6671031E-09
735 .6543684E-09
736 .6482768E-09
737 .6402686E-09
738 .6365035E-09
739 .6284467E-09
740 .6221302E-09
741 .6151028E-09
742 .6012240E-09
743 .5779577E-09
744 .5492066E-09
745 .5323714E-09
746 .5158412E-09
747 .5047331E-09
748 .4963679E-09
749 .4927099E-09
750 .4933512E-09
751 .4997495E-09
752 .5048887E-09
753 .4980501E-09
754 .4934705E-09
755 .4902162E-09
756 .4743145E-09
757 .4604202E-09
758 .4478402E-09
759 .4344922E-09
760 .4188397E-09
761 .4112007E-09
762 .4067199E-09
763 .4072556E-09
764 .4205493E-09
765 .4230338E-09
766 .4321306E-09
767 .4396353E-09
768 .4426219E-09
769 .4535625E-09
770 .4415941E-09
771 .4432295E-09
772 .4394532E-09
773 .4285082E-09
774 .4219041E-09
775 .4143859E-09
776 .4036364E-09
777 .3965297E-09
778 .3878255E-09
779 .3803279E-09
780 .3682672E-09
781 .3573844E-09
782 .3444586E-09
783 .3342939E-09
784 .3250976E-09
785 .3145229E-09
786 .3089660E-09
787 .3018820E-09
788 .2957807E-09
789 .2880370E-09
790 .2831302E-09
791 .2762101E-09
792 .2721497E-09
793 .2696386E-09
794 .2709678E-09
795 .2684013E-09
796 .2632103E-09
797 .2577218E-09
798 .2588492E-09
799 .2601882E-09
800 .2587932E-09
801 .2601254E-09
802 .2623887E-09
803 .2632510E-09
804 .2701113E-09
805 .2729692E-09
806 .2749165E-09
807 .2736210E-09
808 .2727495E-09
809 .2676680E-09
810 .2667663E-09
811 .2640233E-09
812 .2638882E-09
813 .2624872E-09
814 .2546925E-09
815 .2493504E-09
816 .2443960E-09
817 .2365020E-09
818 .2298787E-09
819 .2292202E-09
820 .2213184E-09
821 .2259200E-09
822 .2145382E-09
823 .1940035E-09
824 .2241348E-09
825 .2195921E-09
826 .2134342E-09
827 .2219610E-09
828 .2090060E-09
829 .2108776E-09
830 .2085593E-09
831 .2031158E-09
832 .1965991E-09
833 .1995917E-09
834 .1927638E-09
835 .1977824E-09
836 .1966831E-09
837 .1996721E-09
838 .2018281E-09
839 .2040052E-09
840 .2031991E-09
841 .2063090E-09
842 .2058323E-09
843 .2061319E-09
844 .2054868E-09
845 .2076796E-09
846 .2065017E-09
847 .2058344E-09
848 .2070315E-09
849 .2035005E-09
850 .2074013E-09
851 .2027433E-09
852 .2032328E-09
853 .2022755E-09
854 .2034721E-09
855 .2013694E-09
856 .1974126E-09
857 .1958839E-09
858 .1946795E-09
859 .1916021E-09
860 .1897787E-09
861 .1887957E-09
862 .1891774E-09
863 .1866139E-09
864 .1892317E-09
865 .1884731E-09
866 .1855903E-09
867 .1813125E-09
868 .1827783E-09
869 .1779957E-09
870 .1782021E-09
871 .1769670E-09
872 .1717497E-09
873 .1740857E-09
874 .1722745E-09
875 .1693494E-09
876 .1677836E-09
877 .1661540E-09
878 .1647480E-09
879 .1617286E-09
880 .1563605E-09
881 .1547418E-09
882 .1496587E-09
883 .1432286E-09
884 .1390567E-09
885 .1360757E-09
886 .1316344E-09
887 .1284622E-09
888 .1220527E-09
889 .1230563E-09
890 .1204481E-09
891 .1213528E-09
892 .1188833E-09
893 .1187000E-09
894 .1202775E-09
895 .1174163E-09
896 .1175046E-09
897 .1122976E-09
898 .1170104E-09
899 .1076274E-09
900 .1095983E-09
901 .1077388E-09
902 .1047833E-09
903 .1064648E-09
904 .1078625E-09
905 .1050597E-09
906 .1048605E-09
907 .1026541E-09
908 .1034080E-09
909 .1035212E-09
910 .1021415E-09
911 .1045366E-09
912 .1028429E-09
913 .1012017E-09
914 .1042652E-09
915 .1019390E-09
916 .1004685E-09
917 .1029011E-09
918 .1013321E-09
919 .1064589E-09
920 .1022033E-09
921 .1043833E-09
922 .1036351E-09
923 .1022453E-09
924 .1000176E-09
925 .9948972E-10
926 .1011348E-09
927 .9805576E-10
928 .9534416E-10
929 .9353396E-10
930 .8967376E-10
931 .8187646E-10
932 .7323242E-10
933 .7178309E-10
934 .6305618E-10
935 .6669322E-10
936 .6324097E-10
937 .6755491E-10
938 .6391394E-10
939 .7402839E-10
940 .7594003E-10
941 .7425418E-10
942 .6937610E-10
943 .6314806E-10
944 .6132959E-10
945 .6371895E-10
946 .6098237E-10
947 .6219941E-10
948 .6346409E-10
949 .6344012E-10
950 .5525190E-10
951 .6336973E-10
952 .5634217E-10
953 .5769071E-10
954 .5951972E-10
955 .5748265E-10
956 .5762156E-10
957 .5384093E-10
958 .5891465E-10
959 .5391625E-10
960 .5587342E-10
961 .5470698E-10
962 .5578028E-10
963 .5462617E-10
964 .5409378E-10
965 .5365319E-10
966 .5583703E-10
967 .5035419E-10
968 .5177278E-10
969 .5081466E-10
970 .5013098E-10
971 .5117560E-10
972 .4840528E-10
973 .5051229E-10
974 .4800910E-10
975 .4742663E-10
976 .4595541E-10
977 .4842825E-10
978 .4655959E-10
979 .4562018E-10
980 .4606532E-10
981 .4331991E-10
982 .4416831E-10
983 .4469764E-10
984 .4497004E-10
985 .4429367E-10
986 .4374043E-10
987 .4283519E-10
988 .4454328E-10
989 .4221620E-10
990 .4267682E-10
991 .3882156E-10
992 .4196193E-10
993 .3817692E-10
994 .3794207E-10
995 .4127911E-10
996 .3932769E-10
997 .3918122E-10
998 .3915606E-10
999 .3921006E-10
1000 .3928623E-10
1001 .3939364E-10
1002 .3950049E-10
1003 .3960678E-10
1004 .3971252E-10
1005 .3981766E-10
1006 .3992230E-10
1007 .4002640E-10
1008 .4012999E-10
1009 .4023301E-10
1010 .4033549E-10
1011 .4043749E-10
1012 .4053897E-10
1013 .4063989E-10
1014 .4074035E-10
1015 .4084035E-10
1016 .4093977E-10
1017 .4103881E-10
1018 .4113731E-10
1019 .4123534E-10
1020 .4133294E-10
1021 .4143001E-10
1022 .4152666E-10
1023 .4162293E-10
1024 .4171870E-10
1025 .4181399E-10
1026 .4190888E-10
1027 .4200332E-10
1028 .4209738E-10
1029 .4219106E-10
1030 .4228429E-10
1031 .4237709E-10
1032 .4246957E-10
1033 .4256164E-10
1034 .4265330E-10
1035 .4274464E-10
1036 .4283557E-10
1037 .4292616E-10
1038 .4301637E-10
1039 .4310627E-10
1040 .4319577E-10
1041 .4328505E-10
1042 .4337389E-10
1043 .4346245E-10
1044 .4355073E-10
1045 .4363868E-10
1046 .4372630E-10
1047 .4381366E-10
1048 .4390069E-10
1049 .4398739E-10
1050 .4407387E-10
1051 .4415998E-10
1052 .4424579E-10
1053 .4433134E-10
1054 .4441664E-10
1055 .4450163E-10
1056 .4458630E-10
1057 .4467072E-10
1058 .4475491E-10
1059 .4483877E-10
1060 .4492238E-10
1061 .4500566E-10
1062 .4508878E-10
1063 .4517159E-10
1064 .4525411E-10
1065 .4533645E-10
1066 .4541845E-10
1067 .4550019E-10
1068 .4558177E-10
1069 .4566307E-10
1070 .4574413E-10
1071 .4582488E-10
1072 .4590547E-10
1073 .4598579E-10
1074 .4606588E-10
1075 .4614581E-10
1076 .4622546E-10
1077 .4630487E-10
1078 .4638405E-10
1079 .4646303E-10
1080 .4654178E-10
1081 .4662033E-10
1082 .4669868E-10
1083 .4677678E-10
1084 .4685467E-10
1085 .4693244E-10
1086 .4700997E-10
1087 .4708720E-10
1088 .4716436E-10
1089 .4724129E-10
1090 .4731802E-10
1091 .4739460E-10
1092 .4747094E-10
1093 .4754714E-10
1094 .4762315E-10
1095 .4769893E-10
1096 .4777460E-10
1097 .4785004E-10
1098 .4792534E-10
1099 .4800047E-10
1100 .4807546E-10
1101 .4815021E-10
1102 .4822489E-10
1103 .4829937E-10
1104 .4837367E-10
1105 .4844790E-10
1106 .4852196E-10
1107 .4859574E-10
1108 .4866954E-10
1109 .4874315E-10
1110 .4881656E-10
1111 .4888982E-10
1112 .4896307E-10
1113 .4903611E-10
1114 .4910901E-10
1115 .4918182E-10
1116 .4925447E-10
1117 .4932701E-10
1118 .4939948E-10
1119 .4947174E-10
1120 .4954396E-10
1121 .4961604E-10
1122 .4968804E-10
1123 .4975988E-10
1124 .4983164E-10
1125 .4990332E-10
1126 .4997487E-10
1127 .5004635E-10
1128 .5011769E-10
1129 .5018894E-10
1130 .5026014E-10
1131 .5018675E-10
1132 .5011367E-10
1133 .5004093E-10
1134 .4996853E-10
1135 .4989648E-10
1136 .4982475E-10
1137 .4975331E-10
1138 .4968224E-10
1139 .4961149E-10
1140 .4954108E-10
1141 .4947106E-10
1142 .4940129E-10
1143 .4933190E-10
1144 .4926280E-10
1145 .4919408E-10
1146 .4912565E-10
1147 .4905754E-10
1148 .4898983E-10
1149 .4892237E-10
1150 .4885530E-10
1151 .4878850E-10
1152 .4872206E-10
1153 .4865594E-10
1154 .4859011E-10
1155 .4852467E-10
1156 .4845948E-10
1157 .4839471E-10
1158 .4833020E-10
1159 .4826602E-10
1160 .4820219E-10
1161 .4813865E-10
1162 .4807548E-10
1163 .4801261E-10
1164 .4795005E-10
1165 .4788782E-10
1166 .4782590E-10
1167 .4776435E-10
1168 .4770308E-10
1169 .4764212E-10
1170 .4758149E-10
1171 .4752120E-10
1172 .4746122E-10
1173 .4740152E-10
1174 .4734217E-10
1175 .4728317E-10
1176 .4722449E-10
1177 .4716611E-10
1178 .4710803E-10
1179 .4705024E-10
1180 .4699282E-10
1181 .4693570E-10
1182 .4687894E-10
1183 .4682247E-10
1184 .4676626E-10
1185 .4671046E-10
1186 .4665491E-10
1187 .4659967E-10
1188 .4654476E-10
1189 .4649024E-10
1190 .4643591E-10
1191 .4638194E-10
1192 .4632831E-10
1193 .4627499E-10
1194 .4622198E-10
1195 .4616924E-10
1196 .4611687E-10
1197 .4606480E-10
1198 .4601301E-10
1199 .4596156E-10
1200 .4591044E-10
1201 .4585959E-10
1202 .4580904E-10
1203 .4575886E-10
1204 .4570896E-10
1205 .4565941E-10
1206 .4561009E-10
1207 .4556112E-10
1208 .4551248E-10
1209 .4546414E-10
1210 .4541608E-10
1211 .4536831E-10
1212 .4532091E-10
1213 .4527382E-10
1214 .4522704E-10
1215 .4518053E-10
1216 .4513432E-10
1217 .4508849E-10
1218 .4504286E-10
1219 .4499763E-10
1220 .4495265E-10
1221 .4490796E-10
1222 .4486370E-10
1223 .4481964E-10
1224 .4477593E-10
1225 .4473250E-10
1226 .4468936E-10
1227 .4464657E-10
1228 .4460406E-10
1229 .4456186E-10
1230 .4451993E-10
1231 .4447839E-10
1232 .4443708E-10
1233 .4439613E-10
1234 .4435544E-10
1235 .4431506E-10
1236 .4427501E-10
1237 .4423522E-10
1238 .4419576E-10
1239 .4415663E-10
1240 .4411781E-10
1241 .4407923E-10
1242 .4404100E-10
1243 .4400307E-10
1244 .4396538E-10
1245 .4392810E-10
1246 .4389112E-10
1247 .4385434E-10
1248 .4381793E-10
1249 .4378180E-10
1250 .4374598E-10
1251 .4374049E-10
1252 .4373520E-10
1253 .4373013E-10
1254 .4372527E-10
1255 .4372060E-10
1256 .4371618E-10
1257 .4371194E-10
1258 .4370799E-10
1259 .4370421E-10
1260 .4370062E-10
1261 .4369726E-10
1262 .4369412E-10
1263 .4369123E-10
1264 .4368851E-10
1265 .4368606E-10
1266 .4368383E-10
1267 .4368180E-10
1268 .4367998E-10
1269 .4367840E-10
1270 .4367701E-10
1271 .4367594E-10
1272 .4367497E-10
1273 .4367436E-10
1274 .4367390E-10
1275 .4367365E-10
1276 .4367364E-10
1277 .4367391E-10
1278 .4367438E-10
1279 .4367508E-10
1280 .4367602E-10
1281 .4367716E-10
1282 .4367856E-10
1283 .4368019E-10
1284 .4368207E-10
1285 .4368413E-10
1286 .4368642E-10
1287 .4368901E-10
1288 .4369184E-10
1289 .4369483E-10
1290 .4369807E-10
1291 .4370160E-10
1292 .4370531E-10
1293 .4370923E-10
1294 .4371339E-10
1295 .4371776E-10
1296 .4372241E-10
1297 .4372720E-10
1298 .4373221E-10
1299 .4373746E-10
1300 .4374293E-10
1301 .4374860E-10
1302 .4375453E-10
1303 .4376062E-10
1304 .4376694E-10
1305 .4377346E-10
1306 .4378016E-10
1307 .4378711E-10
1308 .4379426E-10
1309 .4380164E-10
1310 .4380911E-10
1311 .4381687E-10
1312 .4382482E-10
1313 .4383298E-10
1314 .4384130E-10
1315 .4384985E-10
1316 .4385853E-10
1317 .4386746E-10
1318 .4387659E-10
1319 .4388589E-10
1320 .4389536E-10
1321 .4390501E-10
1322 .4391484E-10
1323 .4392493E-10
1324 .4393512E-10
1325 .4394550E-10
1326 .4395608E-10
1327 .4396685E-10
1328 .4397782E-10
1329 .4398886E-10
1330 .4400018E-10
1331 .4401161E-10
1332 .4402320E-10
1333 .4403504E-10
1334 .4404700E-10
1335 .4405911E-10
1336 .4407141E-10
1337 .4408381E-10
1338 .4409642E-10
1339 .4410927E-10
1340 .4412215E-10
1341 .4413525E-10
1342 .4414852E-10
1343 .4416191E-10
1344 .4417547E-10
1345 .4418912E-10
1346 .4420301E-10
1347 .4421705E-10
1348 .4423118E-10
1349 .4424546E-10
1350 .4425991E-10
1351 .4427456E-10
1352 .4428921E-10
1353 .4430408E-10
1354 .4431912E-10
1355 .4433426E-10
1356 .4434950E-10
1357 .4436495E-10
1358 .4438046E-10
1359 .4439615E-10
1360 .4441199E-10
1361 .4442790E-10
1362 .4444395E-10
1363 .4446016E-10
1364 .4447650E-10
1365 .4449291E-10
1366 .4450946E-10
1367 .4452614E-10
1368 .4454298E-10
1369 .4455985E-10
1370 .4457684E-10
1371 .4435934E-10
1372 .4414169E-10
1373 .4392395E-10
1374 .4370616E-10
1375 .4348829E-10
1376 .4327037E-10
1377 .4305228E-10
1378 .4283418E-10
1379 .4261594E-10
1380 .4239764E-10
1381 .4217917E-10
1382 .4196072E-10
1383 .4174207E-10
1384 .4152339E-10
1385 .4130451E-10
1386 .4108559E-10
1387 .4086649E-10
1388 .4064729E-10
1389 .4042806E-10
1390 .4020860E-10
1391 .3998905E-10
1392 .3976942E-10
1393 .3954956E-10
1394 .3932963E-10
1395 .3910955E-10
1396 .3888930E-10
1397 .3866899E-10
1398 .3844850E-10
1399 .3822779E-10
1400 .3800703E-10
1401 .3778609E-10
1402 .3756499E-10
1403 .3734373E-10
1404 .3712226E-10
1405 .3690068E-10
1406 .3667892E-10
1407 .3645702E-10
1408 .3623496E-10
1409 .3601268E-10
1410 .3579028E-10
1411 .3556763E-10
1412 .3534492E-10
1413 .3512195E-10
1414 .3489882E-10
1415 .3467549E-10
1416 .3445200E-10
1417 .3422833E-10
1418 .3400448E-10
1419 .3378038E-10
1420 .3355615E-10
1421 .3333171E-10
1422 .3310707E-10
1423 .3288224E-10
1424 .3265718E-10
1425 .3243195E-10
1426 .3220652E-10
1427 .3198085E-10
1428 .3175501E-10
1429 .3152902E-10
1430 .3130267E-10
1431 .3107624E-10
1432 .3084955E-10
1433 .3062267E-10
1434 .3039557E-10
1435 .3016826E-10
1436 .2994072E-10
1437 .2971297E-10
1438 .2948500E-10
1439 .2925678E-10
1440 .2902840E-10
1441 .2879979E-10
1442 .2857089E-10
1443 .2834181E-10
1444 .2811253E-10
1445 .2788303E-10
1446 .2765322E-10
1447 .2742327E-10
1448 .2719307E-10
1449 .2696258E-10
1450 .2673192E-10
1451 .2650102E-10
1452 .2626987E-10
1453 .2603850E-10
1454 .2580692E-10
1455 .2557506E-10
1456 .2534298E-10
1457 .2511069E-10
1458 .2487815E-10
1459 .2464537E-10
1460 .2441236E-10
1461 .2417911E-10
1462 .2394562E-10
1463 .2371187E-10
1464 .2347791E-10
1465 .2324371E-10
1466 .2300926E-10
1467 .2277459E-10
1468 .2253970E-10
1469 .2230451E-10
1470 .2206911E-10
1471 .2183346E-10
1472 .2159759E-10
1473 .2136145E-10
1474 .2112512E-10
1475 .2088853E-10
1476 .2065169E-10
1477 .2041461E-10
1478 .2017730E-10
1479 .1993974E-10
1480 .1970195E-10
1481 .1946394E-10
1482 .1922567E-10
1483 .1898716E-10
1484 .1874843E-10
1485 .1850945E-10
1486 .1827024E-10
1487 .1803082E-10
1488 .1779113E-10
1489 .1755123E-10
1490 .1731110E-10
1491 .1707074E-10
1492 .1683016E-10
1493 .1658935E-10
1494 .1634829E-10
1495 .1610704E-10
1496 .1586557E-10
1497 .1562385E-10
1498 .1538195E-10
1499 .1513980E-10
1500 .1489744E-10
1501 .1490327E-10
1502 .1490909E-10
1503 .1491489E-10
1504 .1492067E-10
1505 .1492642E-10
1506 .1493215E-10
1507 .1493786E-10
1508 .1494356E-10
1509 .1494922E-10
1510 .1495488E-10
1511 .1496051E-10
1512 .1496610E-10
1513 .1497170E-10
1514 .1497727E-10
1515 .1498282E-10
1516 .1498834E-10
1517 .1499384E-10
1518 .1499934E-10
1519 .1500480E-10
1520 .1501025E-10
1521 .1501568E-10
1522 .1502109E-10
1523 .1502647E-10
1524 .1503185E-10
1525 .1503719E-10
1526 .1504252E-10
1527 .1504784E-10
1528 .1505313E-10
1529 .1505840E-10
1530 .1506365E-10
1531 .1506888E-10
1532 .1507410E-10
1533 .1507930E-10
1534 .1508447E-10
1535 .1508963E-10
1536 .1509476E-10
1537 .1509989E-10
1538 .1510498E-10
1539 .1511006E-10
1540 .1511513E-10
1541 .1512018E-10
1542 .1512521E-10
1543 .1513022E-10
1544 .1513522E-10
1545 .1514020E-10
1546 .1514514E-10
1547 .1515009E-10
1548 .1515500E-10
1549 .1515992E-10
1550 .1516480E-10
1551 .1516966E-10
1552 .1517452E-10
1553 .1517935E-10
1554 .1518417E-10
1555 .1518896E-10
1556 .1519374E-10
1557 .1519851E-10
1558 .1520327E-10
1559 .1520799E-10
1560 .1521270E-10
1561 .1521741E-10
1562 .1522208E-10
1563 .1522675E-10
1564 .1523139E-10
1565 .1523603E-10
1566 .1524064E-10
1567 .1524524E-10
1568 .1524983E-10
1569 .1525439E-10
1570 .1525894E-10
1571 .1526348E-10
1572 .1526799E-10
1573 .1527250E-10
1574 .1527699E-10
1575 .1528145E-10
1576 .1528591E-10
1577 .1529037E-10
1578 .1529479E-10
1579 .1529919E-10
1580 .1530359E-10
1581 .1530797E-10
1582 .1531233E-10
1583 .1531669E-10
1584 .1532102E-10
1585 .1532534E-10
1586 .1532964E-10
1587 .1533394E-10
1588 .1533821E-10
1589 .1534248E-10
1590 .1534672E-10
1591 .1535097E-10
1592 .1535518E-10
1593 .1535939E-10
1594 .1536358E-10
1595 .1536776E-10
1596 .1537193E-10
1597 .1537607E-10
1598 .1538021E-10
1599 .1538433E-10
1600 .1538845E-10
1601 .1539254E-10
1602 .1539663E-10
1603 .1540068E-10
1604 .1540475E-10
1605 .1540880E-10
1606 .1541282E-10
1607 .1541684E-10
1608 .1542084E-10
1609 .1542484E-10
1610 .1542882E-10
1611 .1543278E-10
1612 .1543674E-10
1613 .1544068E-10
1614 .1544461E-10
1615 .1544852E-10
1616 .1545244E-10
1617 .1545633E-10
1618 .1546021E-10
1619 .1546409E-10
1620 .1546794E-10
1621 .1547177E-10
1622 .1547562E-10
1623 .1547943E-10
1624 .1548325E-10
1625 .1548705E-10
1626 .1548681E-10
1627 .1548658E-10
1628 .1548632E-10
1629 .1548608E-10
1630 .1548582E-10
1631 .1548557E-10
1632 .1548530E-10
1633 .1548503E-10
1634 .1548475E-10
1635 .1548448E-10
1636 .1548420E-10
1637 .1548390E-10
1638 .1548361E-10
1639 .1548331E-10
1640 .1548300E-10
1641 .1548270E-10
1642 .1548238E-10
1643 .1548207E-10
1644 .1548174E-10
1645 .1548142E-10
1646 .1548109E-10
1647 .1548076E-10
1648 .1548042E-10
1649 .1548007E-10
1650 .1547973E-10
1651 .1547939E-10
1652 .1547903E-10
1653 .1547867E-10
1654 .1547832E-10
1655 .1547795E-10
1656 .1547759E-10
1657 .1547721E-10
1658 .1547685E-10
1659 .1547647E-10
1660 .1547609E-10
1661 .1547572E-10
1662 .1547533E-10
1663 .1547494E-10
1664 .1547456E-10
1665 .1547416E-10
1666 .1547377E-10
1667 .1547337E-10
1668 .1547298E-10
1669 .1547258E-10
1670 .1547217E-10
1671 .1547176E-10
1672 .1547136E-10
1673 .1547095E-10
1674 .1547055E-10
1675 .1547012E-10
1676 .1546971E-10
1677 .1546930E-10
1678 .1546888E-10
1679 .1546847E-10
1680 .1546804E-10
1681 .1546763E-10
1682 .1546721E-10
1683 .1546678E-10
1684 .1546636E-10
1685 .1546593E-10
1686 .1546551E-10
1687 .1546507E-10
1688 .1546464E-10
1689 .1546423E-10
1690 .1546379E-10
1691 .1546336E-10
1692 .1546292E-10
1693 .1546249E-10
1694 .1546204E-10
1695 .1546161E-10
1696 .1546118E-10
1697 .1546073E-10
1698 .1546028E-10
1699 .1545984E-10
1700 .1545940E-10
1701 .1545896E-10
1702 .1545851E-10
1703 .1545806E-10
1704 .1545761E-10
1705 .1545715E-10
1706 .1545671E-10
1707 .1545626E-10
1708 .1545580E-10
1709 .1545535E-10
1710 .1545488E-10
1711 .1545443E-10
1712 .1545397E-10
1713 .1545352E-10
1714 .1545305E-10
1715 .1545258E-10
1716 .1545212E-10
1717 .1545165E-10
1718 .1545118E-10
1719 .1545071E-10
1720 .1545024E-10
1721 .1544976E-10
1722 .1544929E-10
1723 .1544881E-10
1724 .1544833E-10
1725 .1544787E-10
1726 .1544738E-10
1727 .1544690E-10
1728 .1544642E-10
1729 .1544594E-10
1730 .1544546E-10
1731 .1544499E-10
1732 .1544449E-10
1733 .1544399E-10
1734 .1544351E-10
1735 .1544302E-10
1736 .1544252E-10
1737 .1544203E-10
1738 .1544153E-10
1739 .1544104E-10
1740 .1544054E-10
1741 .1544004E-10
1742 .1543953E-10
1743 .1543904E-10
1744 .1543853E-10
1745 .1543801E-10
1746 .1543752E-10
1747 .1543701E-10
1748 .1543649E-10
1749 .1543599E-10
1750 .1543548E-10
1751 .1543496E-10
1752 .1543444E-10
1753 .1543393E-10
1754 .1543342E-10
1755 .1543288E-10
1756 .1543236E-10
1757 .1543182E-10
1758 .1543131E-10
1759 .1543079E-10
1760 .1543027E-10
1761 .1542972E-10
1762 .1542920E-10
1763 .1542865E-10
1764 .1542813E-10
1765 .1542759E-10
1766 .1542705E-10
1767 .1542651E-10
1768 .1542598E-10
1769 .1542542E-10
1770 .1542488E-10
1771 .1542433E-10
1772 .1542378E-10
1773 .1542324E-10
1774 .1542269E-10
1775 .1542213E-10
1776 .1542158E-10
1777 .1542104E-10
1778 .1542049E-10
1779 .1541991E-10
1780 .1541936E-10
1781 .1541880E-10
1782 .1541823E-10
1783 .1541767E-10
1784 .1541710E-10
1785 .1541655E-10
1786 .1541597E-10
1787 .1541539E-10
1788 .1541482E-10
1789 .1541425E-10
1790 .1541367E-10
1791 .1541310E-10
1792 .1541250E-10
1793 .1541193E-10
1794 .1541134E-10
1795 .1541076E-10
1796 .1541018E-10
1797 .1540958E-10
1798 .1540900E-10
1799 .1540842E-10
1800 .1540782E-10
1801 .1536367E-10
1802 .1531952E-10
1803 .1527538E-10
1804 .1523123E-10
1805 .1518710E-10
1806 .1514296E-10
1807 .1509883E-10
1808 .1505469E-10
1809 .1501056E-10
1810 .1496641E-10
1811 .1492229E-10
1812 .1487817E-10
1813 .1483405E-10
1814 .1478992E-10
1815 .1474579E-10
1816 .1470166E-10
1817 .1465755E-10
1818 .1461343E-10
1819 .1456932E-10
1820 .1452521E-10
1821 .1448110E-10
1822 .1443700E-10
1823 .1439288E-10
1824 .1434877E-10
1825 .1430466E-10
1826 .1426056E-10
1827 .1421646E-10
1828 .1417236E-10
1829 .1412826E-10
1830 .1408417E-10
1831 .1404009E-10
1832 .1399599E-10
1833 .1395190E-10
1834 .1390782E-10
1835 .1386373E-10
1836 .1381966E-10
1837 .1377557E-10
1838 .1373150E-10
1839 .1368741E-10
1840 .1364334E-10
1841 .1359928E-10
1842 .1355520E-10
1843 .1351114E-10
1844 .1346707E-10
1845 .1342301E-10
1846 .1337895E-10
1847 .1333489E-10
1848 .1329083E-10
1849 .1324678E-10
1850 .1320273E-10
1851 .1315868E-10
1852 .1311463E-10
1853 .1307059E-10
1854 .1302655E-10
1855 .1298250E-10
1856 .1293847E-10
1857 .1289444E-10
1858 .1285040E-10
1859 .1280637E-10
1860 .1276233E-10
1861 .1271831E-10
1862 .1267428E-10
1863 .1263027E-10
1864 .1258624E-10
1865 .1254224E-10
1866 .1249821E-10
1867 .1245421E-10
1868 .1241019E-10
1869 .1236618E-10
1870 .1232218E-10
1871 .1227818E-10
1872 .1223418E-10
1873 .1219018E-10
1874 .1214619E-10
1875 .1210219E-10
1876 .1205821E-10
1877 .1201422E-10
1878 .1197023E-10
1879 .1192626E-10
1880 .1188228E-10
1881 .1183830E-10
1882 .1179433E-10
1883 .1175035E-10
1884 .1170639E-10
1885 .1166242E-10
1886 .1161846E-10
1887 .1157449E-10
1888 .1153054E-10
1889 .1148658E-10
1890 .1144263E-10
1891 .1139869E-10
1892 .1135475E-10
1893 .1131079E-10
1894 .1126685E-10
1895 .1122291E-10
1896 .1117898E-10
1897 .1113504E-10
1898 .1109112E-10
1899 .1104719E-10
1900 .1100327E-10
1901 .1095935E-10
1902 .1091544E-10
1903 .1087152E-10
1904 .1082760E-10
1905 .1078370E-10
1906 .1073979E-10
1907 .1069589E-10
1908 .1065200E-10
1909 .1060810E-10
1910 .1056420E-10
1911 .1052031E-10
1912 .1047642E-10
1913 .1043254E-10
1914 .1038866E-10
1915 .1034478E-10
1916 .1030091E-10
1917 .1025704E-10
1918 .1021316E-10
1919 .1016930E-10
1920 .1012544E-10
1921 .1008159E-10
1922 .1003773E-10
1923 .9993875E-11
1924 .9950031E-11
1925 .9906184E-11
1926 .9862344E-11
1927 .9818498E-11
1928 .9774671E-11
1929 .9730837E-11
1930 .9687006E-11
1931 .9643177E-11
1932 .9599364E-11
1933 .9555542E-11
1934 .9511729E-11
1935 .9467916E-11
1936 .9424114E-11
1937 .9380303E-11
1938 .9336499E-11
1939 .9292706E-11
1940 .9248905E-11
1941 .9205122E-11
1942 .9161335E-11
1943 .9117560E-11
1944 .9073776E-11
1945 .9029997E-11
1946 .8986223E-11
1947 .8942460E-11
1948 .8898689E-11
1949 .8854928E-11
1950 .8811175E-11
1951 .8767418E-11
1952 .8723667E-11
1953 .8679924E-11
1954 .8636180E-11
1955 .8592445E-11
1956 .8548713E-11
1957 .8504978E-11
1958 .8461255E-11
1959 .8417525E-11
1960 .8373817E-11
1961 .8330098E-11
1962 .8286383E-11
1963 .8242675E-11
1964 .8198973E-11
1965 .8155273E-11
1966 .8111583E-11
1967 .8067888E-11
1968 .8024204E-11
1969 .7980522E-11
1970 .7936848E-11
1971 .7893166E-11
1972 .7849504E-11
1973 .7805844E-11
1974 .7762182E-11
1975 .7718526E-11
1976 .7674878E-11
1977 .7631232E-11
1978 .7587589E-11
1979 .7543958E-11
1980 .7500325E-11
1981 .7456705E-11
1982 .7413077E-11
1983 .7369465E-11
1984 .7325853E-11
1985 .7282248E-11
1986 .7238648E-11
1987 .7195049E-11
1988 .7151461E-11
1989 .7107878E-11
1990 .7064291E-11
1991 .7020716E-11
1992 .6977153E-11
1993 .6933585E-11
1994 .6890028E-11
1995 .6846472E-11
1996 .6802920E-11
1997 .6759380E-11
1998 .6715841E-11
1999 .6672309E-11
2000 .6628781E-11
2001 .6585262E-11
2002 .6541749E-11
2003 .6498231E-11
2004 .6454729E-11
2005 .6411233E-11
2006 .6367736E-11
2007 .6324250E-11
2008 .6280768E-11
2009 .6237289E-11
2010 .6193823E-11
2011 .6193435E-11
2012 .6193059E-11
2013 .6192669E-11
2014 .6192285E-11
2015 .6191910E-11
2016 .6191524E-11
2017 .6191147E-11
2018 .6190761E-11
2019 .6190380E-11
2020 .6190003E-11
2021 .6189622E-11
2022 .6189248E-11
2023 .6188868E-11
2024 .6188492E-11
2025 .6188116E-11
2026 .6187740E-11
2027 .6187368E-11
2028 .6186993E-11
2029 .6186616E-11
2030 .6186248E-11
2031 .6185873E-11
2032 .6185509E-11
2033 .6185139E-11
2034 .6184767E-11
2035 .6184403E-11
2036 .6184035E-11
2037 .6183672E-11
2038 .6183307E-11
2039 .6182939E-11
2040 .6182579E-11
2041 .6182218E-11
2042 .6181856E-11
2043 .6181502E-11
2044 .6181144E-11
2045 .6180792E-11
2046 .6180430E-11
2047 .6180080E-11
2048 .6179726E-11
2049 .6179375E-11
2050 .6179024E-11
2051 .6178677E-11
2052 .6178331E-11
2053 .6177988E-11
2054 .6177637E-11
2055 .6177294E-11
2056 .6176958E-11
2057 .6176614E-11
2058 .6176280E-11
2059 .6175948E-11
2060 .6175611E-11
2061 .6175275E-11
2062 .6174948E-11
2063 .6174614E-11
2064 .6174288E-11
2065 .6173962E-11
2066 .6173636E-11
2067 .6173313E-11
2068 .6172994E-11
2069 .6172676E-11
2070 .6172354E-11
2071 .6172040E-11
2072 .6171731E-11
2073 .6171417E-11
2074 .6171105E-11
2075 .6170800E-11
2076 .6170494E-11
2077 .6170189E-11
2078 .6169885E-11
2079 .6169591E-11
2080 .6169295E-11
2081 .6168994E-11
2082 .6168703E-11
2083 .6168412E-11
2084 .6168121E-11
2085 .6167845E-11
2086 .6167554E-11
2087 .6167274E-11
2088 .6166997E-11
2089 .6166717E-11
2090 .6166444E-11
2091 .6166168E-11
2092 .6165898E-11
2093 .6165629E-11
2094 .6165364E-11
2095 .6165100E-11
2096 .6164844E-11
2097 .6164586E-11
2098 .6164336E-11
2099 .6164080E-11
2100 .6163833E-11
2101 .6163584E-11
2102 .6163340E-11
2103 .6163095E-11
2104 .6162859E-11
2105 .6162623E-11
2106 .6162386E-11
2107 .6162157E-11
2108 .6161931E-11
2109 .6161705E-11
2110 .6161480E-11
2111 .6161264E-11
2112 .6161047E-11
2113 .6160835E-11
2114 .6160618E-11
2115 .6160418E-11
2116 .6160207E-11
2117 .6160011E-11
2118 .6159809E-11
2119 .6159615E-11
2120 .6159425E-11
2121 .6159232E-11
2122 .6159048E-11
2123 .6158867E-11
2124 .6158688E-11
2125 .6158513E-11
2126 .6158335E-11
2127 .6158167E-11
2128 .6158002E-11
2129 .6157838E-11
2130 .6157675E-11
2131 .6157522E-11
2132 .6157365E-11
2133 .6157220E-11
2134 .6157071E-11
2135 .6156932E-11
2136 .6156794E-11
2137 .6156658E-11
2138 .6156518E-11
2139 .6156393E-11
2140 .6156270E-11
2141 .6156146E-11
2142 .6156032E-11
2143 .6155918E-11
2144 .6155814E-11
2145 .6155701E-11
2146 .6155601E-11
2147 .6155503E-11
2148 .6155409E-11
2149 .6155318E-11
2150 .6155231E-11
2151 .6155145E-11
2152 .6155068E-11
2153 .6154990E-11
2154 .6154924E-11
2155 .6154850E-11
2156 .6154786E-11
2157 .6154734E-11
2158 .6154676E-11
2159 .6154625E-11
2160 .6154577E-11
2161 .6154534E-11
2162 .6154494E-11
2163 .6154460E-11
2164 .6154428E-11
2165 .6154398E-11
2166 .6154384E-11
2167 .6154366E-11
2168 .6154347E-11
2169 .6154345E-11
2170 .6154336E-11
2171 .6154337E-11
2172 .6154344E-11
2173 .6154350E-11
2174 .6154362E-11
2175 .6154383E-11
2176 .6154404E-11
2177 .6154431E-11
2178 .6154461E-11
2179 .6154500E-11
2180 .6154539E-11
2181 .6154586E-11
2182 .6154636E-11
2183 .6154690E-11
2184 .6154750E-11
2185 .6154809E-11
2186 .6154877E-11
2187 .6154955E-11
2188 .6155035E-11
2189 .6155117E-11
2190 .6155211E-11
2191 .6155298E-11
2192 .6155395E-11
2193 .6155498E-11
2194 .6155608E-11
2195 .6155716E-11
2196 .6155835E-11
2197 .6155960E-11
2198 .6156088E-11
2199 .6156219E-11
2200 .6156366E-11
2201 .6156503E-11
2202 .6156654E-11
2203 .6156810E-11
2204 .6156964E-11
2205 .6157129E-11
2206 .6157300E-11
2207 .6157474E-11
2208 .6157656E-11
2209 .6157845E-11
2210 .6158028E-11
2211 .6158223E-11
2212 .6158434E-11
2213 .6158636E-11
2214 .6158851E-11
2215 .6159070E-11
2216 .6159298E-11
2217 .6159520E-11
2218 .6159757E-11
2219 .6160005E-11
2220 .6160240E-11
2221 .6160497E-11
2222 .6160759E-11
2223 .6161021E-11
2224 .6161288E-11
2225 .6161563E-11
2226 .6161847E-11
2227 .6162132E-11
2228 .6162419E-11
2229 .6162721E-11
2230 .6163029E-11
2231 .6163333E-11
2232 .6163649E-11
2233 .6163972E-11
2234 .6164304E-11
2235 .6164637E-11
2236 .6164976E-11
2237 .6165323E-11
2238 .6165674E-11
2239 .6166035E-11
2240 .6166398E-11
2241 .6166770E-11
2242 .6167143E-11
2243 .6167533E-11
2244 .6167910E-11
2245 .6168311E-11
2246 .6168711E-11
2247 .6169119E-11
2248 .6169531E-11
2249 .6169945E-11
2250 .6170367E-11
2251 .6170801E-11
2252 .6171240E-11
2253 .6171678E-11
2254 .6172120E-11
2255 .6172583E-11
2256 .6173038E-11
2257 .6173503E-11
2258 .6173975E-11
2259 .6174448E-11
2260 .6174929E-11
2261 .6175422E-11
2262 .6175906E-11
2263 .6176407E-11
2264 .6176910E-11
2265 .6177426E-11
2266 .6177931E-11
2267 .6178456E-11
2268 .6178981E-11
2269 .6179511E-11
2270 .6180045E-11
2271 .6180588E-11
2272 .6181137E-11
2273 .6181690E-11
2274 .6182247E-11
2275 .6182808E-11
2276 .6183379E-11
2277 .6183949E-11
2278 .6184529E-11
2279 .6185114E-11
2280 .6185700E-11
2281 .6186298E-11
2282 .6186895E-11
2283 .6187503E-11
2284 .6188112E-11
2285 .6188727E-11
2286 .6189346E-11
2287 .6189970E-11
2288 .6190599E-11
2289 .6191233E-11
2290 .6191876E-11
2291 .6192525E-11
2292 .6193172E-11
2293 .6193827E-11
2294 .6194481E-11
2295 .6195151E-11
2296 .6195824E-11
2297 .6196493E-11
2298 .6197175E-11
2299 .6197852E-11
2300 .6198538E-11
2301 .6199238E-11
2302 .6199933E-11
2303 .6200641E-11
2304 .6201346E-11
2305 .6202056E-11
2306 .6202772E-11
2307 .6203492E-11
2308 .6204220E-11
2309 .6204945E-11
2310 .6205681E-11
2311 .6206424E-11
2312 .6207164E-11
2313 .6207912E-11
2314 .6208665E-11
2315 .6209424E-11
2316 .6210181E-11
2317 .6210947E-11
2318 .6211717E-11
2319 .6212492E-11
2320 .6213271E-11
2321 .6214060E-11
2322 .6214842E-11
2323 .6215636E-11
2324 .6216427E-11
2325 .6217230E-11
2326 .6218038E-11
2327 .6218842E-11
2328 .6219655E-11
2329 .6220469E-11
2330 .6221288E-11
2331 .6222112E-11
2332 .6222943E-11
2333 .6223773E-11
2334 .6224615E-11
2335 .6225453E-11
2336 .6226297E-11
2337 .6227144E-11
2338 .6227997E-11
2339 .6228855E-11
2340 .6229714E-11
2341 .6230576E-11
2342 .6231445E-11
2343 .6232320E-11
2344 .6233194E-11
2345 .6234074E-11
2346 .6234956E-11
2347 .6235844E-11
2348 .6236728E-11
2349 .6237623E-11
2350 .6238523E-11
2351 .6239423E-11
2352 .6240325E-11
2353 .6241240E-11
2354 .6242148E-11
2355 .6243066E-11
2356 .6243980E-11
2357 .6244905E-11
2358 .6245835E-11
2359 .6246763E-11
2360 .6247692E-11
2361 .6248632E-11
2362 .6249570E-11
2363 .6250509E-11
2364 .6251458E-11
2365 .6252406E-11
2366 .6253361E-11
2367 .6254318E-11
2368 .6255276E-11
2369 .6256238E-11
2370 .6257207E-11
2371 .6258176E-11
2372 .6259147E-11
2373 .6260123E-11
2374 .6261095E-11
2375 .6262081E-11
2376 .6263061E-11
2377 .6264051E-11
2378 .6265042E-11
2379 .6266030E-11
2380 .6267036E-11
2381 .6268031E-11
2382 .6269034E-11
2383 .6270040E-11
2384 .6271050E-11
2385 .6272060E-11
2386 .6273071E-11
2387 .6274089E-11
2388 .6275111E-11
2389 .6276133E-11
2390 .6277152E-11
2391 .6278185E-11
2392 .6279212E-11
2393 .6280250E-11
2394 .6281282E-11
2395 .6282324E-11
2396 .6283362E-11
2397 .6284407E-11
2398 .6285448E-11
2399 .6286505E-11
2400 .6287552E-11
2401 .6288606E-11
2402 .6289662E-11
2403 .6290724E-11
2404 .6291785E-11
2405 .6292846E-11
2406 .6293913E-11
2407 .6294977E-11
2408 .6296053E-11
2409 .6297125E-11
2410 .6298204E-11
2411 .6299282E-11
2412 .6300357E-11
2413 .6301438E-11
2414 .6302525E-11
2415 .6303616E-11
2416 .6304703E-11
2417 .6305795E-11
2418 .6306884E-11
2419 .6307985E-11
2420 .6309081E-11
2421 .6310182E-11
2422 .6311279E-11
2423 .6312382E-11
2424 .6313489E-11
2425 .6314597E-11
2426 .6315709E-11
2427 .6316818E-11
2428 .6317932E-11
2429 .6319049E-11
2430 .6320165E-11
2431 .6321279E-11
2432 .6322402E-11
2433 .6323521E-11
2434 .6324644E-11
2435 .6325772E-11
2436 .6326901E-11
2437 .6328030E-11
2438 .6329158E-11
2439 .6330295E-11
2440 .6331431E-11
2441 .6332568E-11
2442 .6333701E-11
2443 .6334844E-11
2444 .6335984E-11
2445 .6337124E-11
2446 .6338273E-11
2447 .6339414E-11
2448 .6340560E-11
2449 .6341705E-11
2450 .6342856E-11
2451 .6344010E-11
2452 .6345164E-11
2453 .6346312E-11
2454 .6347467E-11
2455 .6348623E-11
2456 .6349780E-11
2457 .6350942E-11
2458 .6352098E-11
2459 .6353264E-11
2460 .6354421E-11
2461 .6355586E-11
2462 .6356750E-11
2463 .6357915E-11
2464 .6359081E-11
2465 .6360249E-11
2466 .6361417E-11
2467 .6362589E-11
2468 .6363761E-11
2469 .6364927E-11
2470 .6366099E-11
2471 .6367278E-11
2472 .6368451E-11
2473 .6369629E-11
2474 .6370808E-11
2475 .6371974E-11
2476 .6373159E-11
2477 .6374338E-11
2478 .6375517E-11
2479 .6376694E-11
2480 .6377872E-11
2481 .6379057E-11
2482 .6380236E-11
2483 .6381421E-11
2484 .6382601E-11
2485 .6383786E-11
2486 .6384974E-11
2487 .6386162E-11
2488 .6387343E-11
2489 .6388531E-11
2490 .6389712E-11
2491 .6390905E-11
2492 .6392086E-11
2493 .6393278E-11
2494 .6394466E-11
2495 .6395656E-11
2496 .6396844E-11
2497 .6398033E-11
2498 .6399219E-11
2499 .6400411E-11
2500 .6401606E-11
