 67.0    1000.00   .4755533E-15
 67.0    1010.00   .1832959E-14
 67.0    1020.00   .4938801E-14
 67.0    1030.00   .1091766E-13
 67.0    1040.00   .2121970E-13
 67.0    1050.00   .3762555E-13
 67.0    1060.00   .6223338E-13
 67.0    1070.00   .9742598E-13
 67.0    1080.00   .1458173E-12
 67.0    1090.00   .2101776E-12
 67.0    1100.00   .2933393E-12
 67.0    1110.00   .3980821E-12
 67.0    1120.00   .5270037E-12
 67.0    1130.00   .6823781E-12
 67.0    1140.00   .8660042E-12
 67.0    1150.00   .1079055E-11
 67.0    1160.00   .1321928E-11
 67.0    1170.00   .1594108E-11
 67.0    1180.00   .1894048E-11
 67.0    1190.00   .2219076E-11
 67.0    1200.00   .2565337E-11
 67.0    1210.00   .2927768E-11
 67.0    1220.00   .3300123E-11
 67.0    1230.00   .3675059E-11
 67.0    1240.00   .4044253E-11
 67.0    1250.00   .4398603E-11
 67.0    1260.00   .4729375E-11
 67.0    1270.00   .5031682E-11
 67.0    1280.00   .5302659E-11
 67.0    1290.00   .5540666E-11
 67.0    1300.00   .5745268E-11
 67.0    1310.00   .5917154E-11
 67.0    1320.00   .6058035E-11
 67.0    1330.00   .6170521E-11
 67.0    1340.00   .6257981E-11
 67.0    1350.00   .6324408E-11
 67.0    1360.00   .6374282E-11
 67.0    1370.00   .6412470E-11
 67.0    1380.00   .6444005E-11
 67.0    1390.00   .6472014E-11
 67.0    1400.00   .6497597E-11
 67.0    1410.00   .6521736E-11
 67.0    1420.00   .6545417E-11
 67.0    1430.00   .6569628E-11
 67.0    1440.00   .6595359E-11
 67.0    1450.00   .6623632E-11
 67.0    1460.00   .6655474E-11
 67.0    1470.00   .6691949E-11
 67.0    1480.00   .6734157E-11
 67.0    1490.00   .6783246E-11
 67.0    1500.00   .6840418E-11
 67.0    1510.00   .6906719E-11
 67.0    1520.00   .6982370E-11
 67.0    1530.00   .7067368E-11
 67.0    1540.00   .7161717E-11
 67.0    1550.00   .7265414E-11
 67.0    1560.00   .7378476E-11
 67.0    1570.00   .7500901E-11
 67.0    1580.00   .7632690E-11
 67.0    1590.00   .7773840E-11
 67.0    1600.00   .7924340E-11
 67.0    1610.00   .8084182E-11
 67.0    1620.00   .8253336E-11
 67.0    1630.00   .8431767E-11
 67.0    1640.00   .8619423E-11
 67.0    1650.00   .8816239E-11
 67.0    1660.00   .9022125E-11
 67.0    1670.00   .9236985E-11
 67.0    1680.00   .9460685E-11
 67.0    1690.00   .9693070E-11
 67.0    1700.00   .9933957E-11
 67.0    1710.00   .1018312E-10
 67.0    1720.00   .1044033E-10
 67.0    1730.00   .1070529E-10
 67.0    1740.00   .1097768E-10
 67.0    1750.00   .1125711E-10
 67.0    1760.00   .1154322E-10
 67.0    1770.00   .1183563E-10
 67.0    1780.00   .1213402E-10
 67.0    1790.00   .1243796E-10
 67.0    1800.00   .1274700E-10
 67.0    1810.00   .1306065E-10
 67.0    1820.00   .1337836E-10
 67.0    1830.00   .1369953E-10
 67.0    1840.00   .1402349E-10
 67.0    1850.00   .1434957E-10
 67.0    1860.00   .1467697E-10
 67.0    1870.00   .1500490E-10
 67.0    1880.00   .1533248E-10
 67.0    1890.00   .1565879E-10
 67.0    1900.00   .1598286E-10
 67.0    1910.00   .1630363E-10
 67.0    1920.00   .1662003E-10
 67.0    1930.00   .1693092E-10
 67.0    1940.00   .1723513E-10
 67.0    1950.00   .1753142E-10
 67.0    1960.00   .1781853E-10
 67.0    1970.00   .1809516E-10
 67.0    1980.00   .1835996E-10
 67.0    1990.00   .1861158E-10
 67.0    2000.00   .1884863E-10
 67.0    2010.00   .1906993E-10
 67.0    2020.00   .1927513E-10
 67.0    2030.00   .1946415E-10
 67.0    2040.00   .1963697E-10
 67.0    2050.00   .1979359E-10
 67.0    2060.00   .1993407E-10
 67.0    2070.00   .2005851E-10
 67.0    2080.00   .2016707E-10
 67.0    2090.00   .2025992E-10
 67.0    2100.00   .2033730E-10
 67.0    2110.00   .2039947E-10
 67.0    2120.00   .2044672E-10
 67.0    2130.00   .2047938E-10
 67.0    2140.00   .2049780E-10
 67.0    2150.00   .2050238E-10
 67.0    2160.00   .2049352E-10
 67.0    2170.00   .2047167E-10
 67.0    2180.00   .2043726E-10
 67.0    2190.00   .2039077E-10
 67.0    2200.00   .2033270E-10
 67.0    2210.00   .2026355E-10
 67.0    2220.00   .2018383E-10
 67.0    2230.00   .2009406E-10
 67.0    2240.00   .1999479E-10
 67.0    2250.00   .1988655E-10
 67.0    2260.00   .1977011E-10
 67.0    2270.00   .1964713E-10
 67.0    2280.00   .1951954E-10
 67.0    2290.00   .1938920E-10
 67.0    2300.00   .1925800E-10
 67.0    2310.00   .1912780E-10
 67.0    2320.00   .1900045E-10
 67.0    2330.00   .1887777E-10
 67.0    2340.00   .1876159E-10
 67.0    2350.00   .1865372E-10
 67.0    2360.00   .1855594E-10
 67.0    2370.00   .1847007E-10
 67.0    2380.00   .1839790E-10
 67.0    2390.00   .1834124E-10
 67.0    2400.00   .1830192E-10
 67.0    2410.00   .1828179E-10
 67.0    2420.00   .1828276E-10
 67.0    2430.00   .1830675E-10
 67.0    2440.00   .1835577E-10
 67.0    2450.00   .1843189E-10
 67.0    2460.00   .1853730E-10
 67.0    2470.00   .1867428E-10
 67.0    2480.00   .1884523E-10
 67.0    2490.00   .1905273E-10
 67.0    2500.00   .1929950E-10
 67.0    2510.00   .1979752E-10
 67.0    2520.00   .2193205E-10
 67.0    2530.00   .2622045E-10
 67.0    2540.00   .2818712E-10
 67.0    2550.00   .2983305E-10
 67.0    2560.00   .3025227E-10
 67.0    2570.00   .3052402E-10
 67.0    2580.00   .2909860E-10
 67.0    2590.00   .2815785E-10
 67.0    2600.00   .2958446E-10
 67.0    2610.00   .2708348E-10
 67.0    2620.00   .2804518E-10
 67.0    2630.00   .3119951E-10
 67.0    2640.00   .3544766E-10
 67.0    2650.00   .4130285E-10
 67.0    2660.00   .4399414E-10
 67.0    2670.00   .5033124E-10
 67.0    2680.00   .6207236E-10
 67.0    2690.00   .7604843E-10
 67.0    2700.00   .8765585E-10
 67.0    2710.00   .9565893E-10
 67.0    2720.00   .1069870E-09
 67.0    2730.00   .1127152E-09
 67.0    2740.00   .1066815E-09
 67.0    2750.00   .1099226E-09
 67.0    2760.00   .1079446E-09
 67.0    2770.00   .1134201E-09
 67.0    2780.00   .1147229E-09
 67.0    2790.00   .1184025E-09
 67.0    2800.00   .1177540E-09
 67.0    2810.00   .1163853E-09
 67.0    2820.00   .1192993E-09
 67.0    2830.00   .1220444E-09
 67.0    2840.00   .1268847E-09
 67.0    2850.00   .1325372E-09
 67.0    2860.00   .1350892E-09
 67.0    2870.00   .1415185E-09
 67.0    2880.00   .1510355E-09
 67.0    2890.00   .1533964E-09
 67.0    2900.00   .1635143E-09
 67.0    2910.00   .1688830E-09
 67.0    2920.00   .1734243E-09
 67.0    2930.00   .1720721E-09
 67.0    2940.00   .1689932E-09
 67.0    2950.00   .1664166E-09
 67.0    2960.00   .1630138E-09
 67.0    2970.00   .1635221E-09
 67.0    2980.00   .1601271E-09
 67.0    2990.00   .1503439E-09
 67.0    3000.00   .1515003E-09
 67.0    3010.00   .1516391E-09
 67.0    3020.00   .1426800E-09
 67.0    3030.00   .1435039E-09
 67.0    3040.00   .1526134E-09
 67.0    3050.00   .1515249E-09
 67.0    3060.00   .1540320E-09
 67.0    3070.00   .1538006E-09
 67.0    3080.00   .1543160E-09
 67.0    3090.00   .1588340E-09
 67.0    3100.00   .1616575E-09
 67.0    3110.00   .1722975E-09
 67.0    3120.00   .1782138E-09
 67.0    3130.00   .1749913E-09
 67.0    3140.00   .1807940E-09
 67.0    3150.00   .1806975E-09
 67.0    3160.00   .1804880E-09
 67.0    3170.00   .1776727E-09
 67.0    3180.00   .1813983E-09
 67.0    3190.00   .1763743E-09
 67.0    3200.00   .1751345E-09
 67.0    3210.00   .1646080E-09
 67.0    3220.00   .1585176E-09
 67.0    3230.00   .1541822E-09
 67.0    3240.00   .1536764E-09
 67.0    3250.00   .1503881E-09
 67.0    3260.00   .1507104E-09
 67.0    3270.00   .1443675E-09
 67.0    3280.00   .1475356E-09
 67.0    3290.00   .1442549E-09
 67.0    3300.00   .1449143E-09
 67.0    3310.00   .1521598E-09
 67.0    3320.00   .1586490E-09
 67.0    3330.00   .1608918E-09
 67.0    3340.00   .1732609E-09
 67.0    3350.00   .1695296E-09
 67.0    3360.00   .1743819E-09
 67.0    3370.00   .1749083E-09
 67.0    3380.00   .1737954E-09
 67.0    3390.00   .1791841E-09
 67.0    3400.00   .1873025E-09
 67.0    3410.00   .1872424E-09
 67.0    3420.00   .1839789E-09
 67.0    3430.00   .1887676E-09
 67.0    3440.00   .1982075E-09
 67.0    3450.00   .2059004E-09
 67.0    3460.00   .2082178E-09
 67.0    3470.00   .2219987E-09
 67.0    3480.00   .2234962E-09
 67.0    3490.00   .2294525E-09
 67.0    3500.00   .2348892E-09
 67.0    3510.00   .2323919E-09
 67.0    3520.00   .2411140E-09
 67.0    3530.00   .2543517E-09
 67.0    3540.00   .2644416E-09
 67.0    3550.00   .2630914E-09
 67.0    3560.00   .2484940E-09
 67.0    3570.00   .2551254E-09
 67.0    3580.00   .2730164E-09
 67.0    3590.00   .2951964E-09
 67.0    3600.00   .2876142E-09
 67.0    3610.00   .2838240E-09
 67.0    3620.00   .2835009E-09
 67.0    3630.00   .2829173E-09
 67.0    3640.00   .2873845E-09
 67.0    3650.00   .2995115E-09
 67.0    3660.00   .3133244E-09
 67.0    3670.00   .3146999E-09
 67.0    3680.00   .3135925E-09
 67.0    3690.00   .3197443E-09
 67.0    3700.00   .3054088E-09
 67.0    3710.00   .2953625E-09
 67.0    3720.00   .2883230E-09
 67.0    3730.00   .2743777E-09
 67.0    3740.00   .2576252E-09
 67.0    3750.00   .2253921E-09
 67.0    3760.00   .2080259E-09
 67.0    3770.00   .1853386E-09
 67.0    3780.00   .1767751E-09
 67.0    3790.00   .1645661E-09
 67.0    3800.00   .1672543E-09
 67.0    3810.00   .1655966E-09
 67.0    3820.00   .1737000E-09
 67.0    3830.00   .1863834E-09
 67.0    3840.00   .2034123E-09
 67.0    3850.00   .2322538E-09
 67.0    3860.00   .2487701E-09
 67.0    3870.00   .2651271E-09
 67.0    3880.00   .2870600E-09
 67.0    3890.00   .3237357E-09
 67.0    3900.00   .3561661E-09
 67.0    3910.00   .3733962E-09
 67.0    3920.00   .3909913E-09
 67.0    3930.00   .4178288E-09
 67.0    3940.00   .4320232E-09
 67.0    3950.00   .4323353E-09
 67.0    3960.00   .4372474E-09
 67.0    3970.00   .4298871E-09
 67.0    3980.00   .4291598E-09
 67.0    3990.00   .4145063E-09
 67.0    4000.00   .4045211E-09
 67.0    4010.00   .3912864E-09
 67.0    4020.00   .3754633E-09
 67.0    4030.00   .3478187E-09
 67.0    4040.00   .3467038E-09
 67.0    4050.00   .3164143E-09
 67.0    4060.00   .2899396E-09
 67.0    4070.00   .3043376E-09
 67.0    4080.00   .2894464E-09
 67.0    4090.00   .2797589E-09
 67.0    4100.00   .2821736E-09
 67.0    4110.00   .2687213E-09
 67.0    4120.00   .2599400E-09
 67.0    4130.00   .2613824E-09
 67.0    4140.00   .2748672E-09
 67.0    4150.00   .2727289E-09
 67.0    4160.00   .2801050E-09
 67.0    4170.00   .2688316E-09
 67.0    4180.00   .2669192E-09
 67.0    4190.00   .2747248E-09
 67.0    4200.00   .2814582E-09
 67.0    4210.00   .2868420E-09
 67.0    4220.00   .3044335E-09
 67.0    4230.00   .3030459E-09
 67.0    4240.00   .2947837E-09
 67.0    4250.00   .3025752E-09
 67.0    4260.00   .3294613E-09
 67.0    4270.00   .3278987E-09
 67.0    4280.00   .3298423E-09
 67.0    4290.00   .3305924E-09
 67.0    4300.00   .3254063E-09
 67.0    4310.00   .3215195E-09
 67.0    4320.00   .3069643E-09
 67.0    4330.00   .3036401E-09
 67.0    4340.00   .2906909E-09
 67.0    4350.00   .2842150E-09
 67.0    4360.00   .2687979E-09
 67.0    4370.00   .2532006E-09
 67.0    4380.00   .2282078E-09
 67.0    4390.00   .2230648E-09
 67.0    4400.00   .2141602E-09
 67.0    4410.00   .2026499E-09
 67.0    4420.00   .2040851E-09
 67.0    4430.00   .2022209E-09
 67.0    4440.00   .2103646E-09
 67.0    4450.00   .2164908E-09
 67.0    4460.00   .2242039E-09
 67.0    4470.00   .2312680E-09
 67.0    4480.00   .2511271E-09
 67.0    4490.00   .2729219E-09
 67.0    4500.00   .3025008E-09
 67.0    4510.00   .3310630E-09
 67.0    4520.00   .3709886E-09
 67.0    4530.00   .4064711E-09
 67.0    4540.00   .4303034E-09
 67.0    4550.00   .4564763E-09
 67.0    4560.00   .4815184E-09
 67.0    4570.00   .5113547E-09
 67.0    4580.00   .5336145E-09
 67.0    4590.00   .5405942E-09
 67.0    4600.00   .5541686E-09
 67.0    4610.00   .5560929E-09
 67.0    4620.00   .5342566E-09
 67.0    4630.00   .5066858E-09
 67.0    4640.00   .4831044E-09
 67.0    4650.00   .4522776E-09
 67.0    4660.00   .4288405E-09
 67.0    4670.00   .4009608E-09
 67.0    4680.00   .3734596E-09
 67.0    4690.00   .3452339E-09
 67.0    4700.00   .3092116E-09
 67.0    4710.00   .2821211E-09
 67.0    4720.00   .2624537E-09
 67.0    4730.00   .2461004E-09
 67.0    4740.00   .2551777E-09
 67.0    4750.00   .2593650E-09
 67.0    4760.00   .2644509E-09
 67.0    4770.00   .2698216E-09
 67.0    4780.00   .2713376E-09
 67.0    4790.00   .2774756E-09
 67.0    4800.00   .2783373E-09
 67.0    4810.00   .2745038E-09
 67.0    4820.00   .2803586E-09
 67.0    4830.00   .2911951E-09
 67.0    4840.00   .3051603E-09
 67.0    4850.00   .3246551E-09
 67.0    4860.00   .3271313E-09
 67.0    4870.00   .3428201E-09
 67.0    4880.00   .3595383E-09
 67.0    4890.00   .3731959E-09
 67.0    4900.00   .3867112E-09
 67.0    4910.00   .3959948E-09
 67.0    4920.00   .4048776E-09
 67.0    4930.00   .3983780E-09
 67.0    4940.00   .3989707E-09
 67.0    4950.00   .3851629E-09
 67.0    4960.00   .3706015E-09
 67.0    4970.00   .3649357E-09
 67.0    4980.00   .3467930E-09
 67.0    4990.00   .3227546E-09
 67.0    5000.00   .3064717E-09
 67.0    5010.00   .2779420E-09
 67.0    5020.00   .2627123E-09
 67.0    5030.00   .2458570E-09
 67.0    5040.00   .2394905E-09
 67.0    5050.00   .2350768E-09
 67.0    5060.00   .2355781E-09
 67.0    5070.00   .2287731E-09
 67.0    5080.00   .2254702E-09
 67.0    5090.00   .2211342E-09
 67.0    5100.00   .2202243E-09
 67.0    5110.00   .2313628E-09
 67.0    5120.00   .2307686E-09
 67.0    5130.00   .2316188E-09
 67.0    5140.00   .2354272E-09
 67.0    5150.00   .2371375E-09
 67.0    5160.00   .2471837E-09
 67.0    5170.00   .2572601E-09
 67.0    5180.00   .2748926E-09
 67.0    5190.00   .2838837E-09
 67.0    5200.00   .2962940E-09
 67.0    5210.00   .3050221E-09
 67.0    5220.00   .3221453E-09
 67.0    5230.00   .3413373E-09
 67.0    5240.00   .3560181E-09
 67.0    5250.00   .3744988E-09
 67.0    5260.00   .3716185E-09
 67.0    5270.00   .3793966E-09
 67.0    5280.00   .3965565E-09
 67.0    5290.00   .3983510E-09
 67.0    5300.00   .3955415E-09
 67.0    5310.00   .4153557E-09
 67.0    5320.00   .4167422E-09
 67.0    5330.00   .4207755E-09
 67.0    5340.00   .4266480E-09
 67.0    5350.00   .4262988E-09
 67.0    5360.00   .4245525E-09
 67.0    5370.00   .4244814E-09
 67.0    5380.00   .4340655E-09
 67.0    5390.00   .4403586E-09
 67.0    5400.00   .4643610E-09
 67.0    5410.00   .4754735E-09
 67.0    5420.00   .4876484E-09
 67.0    5430.00   .5090262E-09
 67.0    5440.00   .5348090E-09
 67.0    5450.00   .5542941E-09
 67.0    5460.00   .5658987E-09
 67.0    5470.00   .5923782E-09
 67.0    5480.00   .5948653E-09
 67.0    5490.00   .6109126E-09
 67.0    5500.00   .6117426E-09
 67.0    5510.00   .6091846E-09
 67.0    5520.00   .6066021E-09
 67.0    5530.00   .5891071E-09
 67.0    5540.00   .5747615E-09
 67.0    5550.00   .5564919E-09
 67.0    5560.00   .5468410E-09
 67.0    5570.00   .5346754E-09
 67.0    5580.00   .4951215E-09
 67.0    5590.00   .4750341E-09
 67.0    5600.00   .4451771E-09
 67.0    5610.00   .4173956E-09
 67.0    5620.00   .3951251E-09
 67.0    5630.00   .3753532E-09
 67.0    5640.00   .3450797E-09
 67.0    5650.00   .3274644E-09
 67.0    5660.00   .3134713E-09
 67.0    5670.00   .2993662E-09
 67.0    5680.00   .2975142E-09
 67.0    5690.00   .2977061E-09
 67.0    5700.00   .3094195E-09
 67.0    5710.00   .3170170E-09
 67.0    5720.00   .3267093E-09
 67.0    5730.00   .3483135E-09
 67.0    5740.00   .3535848E-09
 67.0    5750.00   .3630176E-09
 67.0    5760.00   .3716831E-09
 67.0    5770.00   .3898587E-09
 67.0    5780.00   .4031768E-09
 67.0    5790.00   .4114187E-09
 67.0    5800.00   .4202442E-09
 67.0    5810.00   .4259229E-09
 67.0    5820.00   .4367600E-09
 67.0    5830.00   .4278100E-09
 67.0    5840.00   .4286200E-09
 67.0    5850.00   .4336905E-09
 67.0    5860.00   .4424330E-09
 67.0    5870.00   .4304899E-09
 67.0    5880.00   .4084975E-09
 67.0    5890.00   .3504468E-09
 67.0    5900.00   .3827862E-09
 67.0    5910.00   .3811673E-09
 67.0    5920.00   .3674267E-09
 67.0    5930.00   .3465363E-09
 67.0    5940.00   .3349184E-09
 67.0    5950.00   .3226463E-09
 67.0    5960.00   .3179466E-09
 67.0    5970.00   .3107356E-09
 67.0    5980.00   .3027035E-09
 67.0    5990.00   .2984157E-09
 67.0    6000.00   .2896529E-09
 67.0    6010.00   .2909151E-09
 67.0    6020.00   .2882887E-09
 67.0    6030.00   .2880379E-09
 67.0    6040.00   .2903499E-09
 67.0    6050.00   .2978356E-09
 67.0    6060.00   .3024300E-09
 67.0    6070.00   .3059111E-09
 67.0    6080.00   .3099027E-09
 67.0    6090.00   .3035867E-09
 67.0    6100.00   .3087558E-09
 67.0    6110.00   .3115107E-09
 67.0    6120.00   .3063925E-09
 67.0    6130.00   .3176502E-09
 67.0    6140.00   .3319622E-09
 67.0    6150.00   .3325485E-09
 67.0    6160.00   .3329823E-09
 67.0    6170.00   .3256534E-09
 67.0    6180.00   .3219523E-09
 67.0    6190.00   .3167128E-09
 67.0    6200.00   .3131376E-09
 67.0    6210.00   .3087393E-09
 67.0    6220.00   .3155612E-09
 67.0    6230.00   .3156693E-09
 67.0    6240.00   .3128542E-09
 67.0    6250.00   .3244054E-09
 67.0    6260.00   .3237869E-09
 67.0    6270.00   .3181822E-09
 67.0    6280.00   .3152819E-09
 67.0    6290.00   .3284419E-09
 67.0    6300.00   .3297823E-09
 67.0    6310.00   .3353044E-09
 67.0    6320.00   .3481188E-09
 67.0    6330.00   .3625615E-09
 67.0    6340.00   .3831644E-09
 67.0    6350.00   .4022953E-09
 67.0    6360.00   .4174228E-09
 67.0    6370.00   .4471792E-09
 67.0    6380.00   .4569787E-09
 67.0    6390.00   .4863792E-09
 67.0    6400.00   .5075505E-09
 67.0    6410.00   .5164826E-09
 67.0    6420.00   .5328226E-09
 67.0    6430.00   .5595992E-09
 67.0    6440.00   .5704116E-09
 67.0    6450.00   .5737644E-09
 67.0    6460.00   .5929767E-09
 67.0    6470.00   .6010596E-09
 67.0    6480.00   .5996991E-09
 67.0    6490.00   .6101916E-09
 67.0    6500.00   .6237773E-09
 67.0    6510.00   .6120873E-09
 67.0    6520.00   .6037251E-09
 67.0    6530.00   .6011701E-09
 67.0    6540.00   .5966599E-09
 67.0    6550.00   .5805601E-09
 67.0    6560.00   .5617561E-09
 67.0    6570.00   .5443542E-09
 67.0    6580.00   .5337945E-09
 67.0    6590.00   .5217832E-09
 67.0    6600.00   .4939063E-09
 67.0    6610.00   .4719002E-09
 67.0    6620.00   .4486037E-09
 67.0    6630.00   .4378373E-09
 67.0    6640.00   .4159708E-09
 67.0    6650.00   .3941044E-09
 67.0    6660.00   .3814093E-09
 67.0    6670.00   .3702103E-09
 67.0    6680.00   .3619783E-09
 67.0    6690.00   .3417730E-09
 67.0    6700.00   .3323697E-09
 67.0    6710.00   .3292661E-09
 67.0    6720.00   .3272014E-09
 67.0    6730.00   .3270252E-09
 67.0    6740.00   .3229563E-09
 67.0    6750.00   .3169215E-09
 67.0    6760.00   .3072889E-09
 67.0    6770.00   .2742254E-09
 67.0    6780.00   .2954373E-09
 67.0    6790.00   .2793166E-09
 67.0    6800.00   .2672533E-09
 67.0    6810.00   .2854371E-09
 67.0    6820.00   .2782236E-09
 67.0    6830.00   .2718321E-09
 67.0    6840.00   .2793609E-09
 67.0    6850.00   .2920677E-09
 67.0    6860.00   .2777129E-09
 67.0    6870.00   .2799352E-09
 67.0    6880.00   .2796633E-09
 67.0    6890.00   .2812185E-09
 67.0    6900.00   .2800028E-09
 67.0    6910.00   .2855826E-09
 67.0    6920.00   .2897350E-09
 67.0    6930.00   .2985348E-09
 67.0    6940.00   .2967695E-09
 67.0    6950.00   .2974739E-09
 67.0    6960.00   .2964547E-09
 67.0    6970.00   .2974800E-09
 67.0    6980.00   .3014181E-09
 67.0    6990.00   .2981997E-09
 67.0    7000.00   .2959125E-09
 67.0    7010.00   .2869614E-09
 67.0    7020.00   .2869636E-09
 67.0    7030.00   .2932568E-09
 67.0    7040.00   .2898942E-09
 67.0    7050.00   .2907602E-09
 67.0    7060.00   .3036887E-09
 67.0    7070.00   .3056848E-09
 67.0    7080.00   .3128538E-09
 67.0    7090.00   .3134745E-09
 67.0    7100.00   .3166161E-09
 67.0    7110.00   .3226822E-09
 67.0    7120.00   .3365427E-09
 67.0    7130.00   .3517930E-09
 67.0    7140.00   .3686757E-09
 67.0    7150.00   .3696298E-09
 67.0    7160.00   .3691698E-09
 67.0    7170.00   .3717702E-09
 67.0    7180.00   .3850176E-09
 67.0    7190.00   .4021333E-09
 67.0    7200.00   .4075947E-09
 67.0    7210.00   .4077976E-09
 67.0    7220.00   .4072734E-09
 67.0    7230.00   .4117828E-09
 67.0    7240.00   .4218065E-09
 67.0    7250.00   .4310474E-09
 67.0    7260.00   .4364006E-09
 67.0    7270.00   .4398114E-09
 67.0    7280.00   .4385851E-09
 67.0    7290.00   .4381847E-09
 67.0    7300.00   .4405869E-09
 67.0    7310.00   .4441833E-09
 67.0    7320.00   .4501588E-09
 67.0    7330.00   .4504313E-09
 67.0    7340.00   .4509671E-09
 67.0    7350.00   .4483389E-09
 67.0    7360.00   .4416866E-09
 67.0    7370.00   .4354235E-09
 67.0    7380.00   .4250147E-09
 67.0    7390.00   .4144296E-09
 67.0    7400.00   .4024536E-09
 67.0    7410.00   .3796440E-09
 67.0    7420.00   .3749874E-09
 67.0    7430.00   .3602438E-09
 67.0    7440.00   .3286625E-09
 67.0    7450.00   .3201698E-09
 67.0    7460.00   .3107160E-09
 67.0    7470.00   .3005994E-09
 67.0    7480.00   .2883710E-09
 67.0    7490.00   .2021743E-09
 67.0    7500.00   .1964302E-09
 67.0    7510.00   .2462808E-09
 67.0    7520.00   .2150665E-09
 67.0    7530.00   .2283833E-09
 67.0    7540.00   .2440164E-09
 67.0    7550.00   .2429272E-09
 67.0    7560.00   .2546523E-09
 67.0    7570.00   .2698871E-09
 67.0    7580.00   .2720415E-09
 67.0    7590.00   .2758328E-09
 67.0    7600.00   .2766674E-09
 67.0    7610.00   .2866716E-09
 67.0    7620.00   .2662492E-09
 67.0    7630.00   .2729236E-09
 67.0    7640.00   .2852146E-09
 67.0    7650.00   .2795651E-09
 67.0    7660.00   .2832648E-09
 67.0    7670.00   .2841644E-09
 67.0    7680.00   .2905340E-09
 67.0    7690.00   .2883526E-09
 67.0    7700.00   .2792906E-09
 67.0    7710.00   .2808011E-09
 67.0    7720.00   .2773492E-09
 67.0    7730.00   .2643274E-09
 67.0    7740.00   .2591805E-09
 67.0    7750.00   .2546659E-09
 67.0    7760.00   .2409947E-09
 67.0    7770.00   .2326694E-09
 67.0    7780.00   .2293376E-09
 67.0    7790.00   .2229419E-09
 67.0    7800.00   .2070446E-09
 67.0    7810.00   .1961731E-09
 67.0    7820.00   .1946348E-09
 67.0    7830.00   .1838878E-09
 67.0    7840.00   .1771449E-09
 67.0    7850.00   .1710632E-09
 67.0    7860.00   .1614852E-09
 67.0    7870.00   .1544975E-09
 67.0    7880.00   .1505026E-09
 67.0    7890.00   .1413985E-09
 67.0    7900.00   .1384160E-09
 67.0    7910.00   .1341230E-09
 67.0    7920.00   .1293693E-09
 67.0    7930.00   .1262984E-09
 67.0    7940.00   .1252536E-09
 67.0    7950.00   .1172756E-09
 67.0    7960.00   .1173819E-09
 67.0    7970.00   .1157162E-09
 67.0    7980.00   .1104093E-09
 67.0    7990.00   .1051213E-09
 67.0    8000.00   .1095240E-09
 67.0    8010.00   .1048949E-09
 67.0    8020.00   .9788436E-10
 67.0    8030.00   .9966526E-10
 67.0    8040.00   .9348458E-10
 67.0    8050.00   .8970451E-10
 67.0    8060.00   .9248479E-10
 67.0    8070.00   .7972557E-10
 67.0    8080.00   .7069077E-10
 67.0    8090.00   .6697042E-10
 67.0    8100.00   .6284237E-10
 67.0    8110.00   .5483649E-10
 67.0    8120.00   .5353448E-10
 67.0    8130.00   .4913582E-10
 67.0    8140.00   .4653174E-10
 67.0    8150.00   .4486201E-10
 67.0    8160.00   .3891761E-10
 67.0    8170.00   .3963100E-10
 67.0    8180.00   .3821188E-10
 67.0    8190.00   .3599103E-10
 67.0    8200.00   .3540442E-10
 67.0    8210.00   .3691195E-10
 67.0    8220.00   .3355211E-10
 67.0    8230.00   .3361408E-10
 67.0    8240.00   .3428522E-10
 67.0    8250.00   .3173793E-10
 67.0    8260.00   .3127880E-10
 67.0    8270.00   .3262877E-10
 67.0    8280.00   .3642417E-10
 67.0    8290.00   .3931060E-10
 67.0    8300.00   .4096032E-10
 67.0    8310.00   .4269855E-10
 67.0    8320.00   .4673517E-10
 67.0    8330.00   .4985261E-10
 67.0    8340.00   .5931642E-10
 67.0    8350.00   .6872536E-10
 67.0    8360.00   .7560191E-10
 67.0    8370.00   .8311638E-10
 67.0    8380.00   .9199268E-10
 67.0    8390.00   .1001624E-09
 67.0    8400.00   .1138512E-09
 67.0    8410.00   .1313838E-09
 67.0    8420.00   .1395071E-09
 67.0    8430.00   .1409569E-09
 67.0    8440.00   .1416092E-09
 67.0    8450.00   .1452118E-09
 67.0    8460.00   .1489349E-09
 67.0    8470.00   .1603897E-09
 67.0    8480.00   .1760747E-09
 67.0    8490.00   .1762209E-09
 67.0    8500.00   .1730108E-09
 67.0    8510.00   .1699664E-09
 67.0    8520.00   .1681060E-09
 67.0    8530.00   .1740729E-09
 67.0    8540.00   .1957068E-09
 67.0    8550.00   .2053750E-09
 67.0    8560.00   .2010763E-09
 67.0    8570.00   .1943870E-09
 67.0    8580.00   .1938232E-09
 67.0    8590.00   .1948301E-09
 67.0    8600.00   .2181118E-09
 67.0    8610.00   .2318103E-09
 67.0    8620.00   .2235625E-09
 67.0    8630.00   .2118089E-09
 67.0    8640.00   .2200821E-09
 67.0    8650.00   .2341789E-09
 67.0    8660.00   .2360429E-09
 67.0    8670.00   .2376614E-09
 67.0    8680.00   .2381888E-09
 67.0    8690.00   .2232844E-09
 67.0    8700.00   .2175296E-09
 67.0    8710.00   .2227300E-09
 67.0    8720.00   .2387224E-09
 67.0    8730.00   .2406053E-09
 67.0    8740.00   .2270250E-09
 67.0    8750.00   .2195383E-09
 67.0    8760.00   .2148929E-09
 67.0    8770.00   .2152670E-09
 67.0    8780.00   .2170310E-09
 67.0    8790.00   .2203219E-09
 67.0    8800.00   .2261923E-09
 67.0    8810.00   .2166343E-09
 67.0    8820.00   .2064534E-09
 67.0    8830.00   .1983436E-09
 67.0    8840.00   .1945429E-09
 67.0    8850.00   .2011647E-09
 67.0    8860.00   .1909856E-09
 67.0    8870.00   .1931039E-09
 67.0    8880.00   .1930511E-09
 67.0    8890.00   .1818203E-09
 67.0    8900.00   .1748184E-09
 67.0    8910.00   .1785381E-09
 67.0    8920.00   .1808589E-09
 67.0    8930.00   .1733299E-09
 67.0    8940.00   .1703437E-09
 67.0    8950.00   .1708249E-09
 67.0    8960.00   .1718157E-09
 67.0    8970.00   .1737919E-09
 67.0    8980.00   .1733305E-09
 67.0    8990.00   .1697273E-09
 67.0    9000.00   .1635398E-09
 67.0    9010.00   .1601605E-09
 67.0    9020.00   .1563362E-09
 67.0    9030.00   .1581834E-09
 67.0    9040.00   .1585090E-09
 67.0    9050.00   .1577662E-09
 67.0    9060.00   .1614419E-09
 67.0    9070.00   .1619977E-09
 67.0    9080.00   .1641258E-09
 67.0    9090.00   .1729864E-09
 67.0    9100.00   .1638735E-09
 67.0    9110.00   .1547688E-09
 67.0    9120.00   .1536149E-09
 67.0    9130.00   .1503033E-09
 67.0    9140.00   .1551355E-09
 67.0    9150.00   .1562217E-09
 67.0    9160.00   .1575201E-09
 67.0    9170.00   .1507230E-09
 67.0    9180.00   .1313794E-09
 67.0    9190.00   .1295124E-09
 67.0    9200.00   .1315297E-09
 67.0    9210.00   .1357277E-09
 67.0    9220.00   .1353024E-09
 67.0    9230.00   .1633977E-09
 67.0    9240.00   .1694306E-09
 67.0    9250.00   .1273957E-09
 67.0    9260.00   .1247330E-09
 67.0    9270.00   .1235644E-09
 67.0    9280.00   .1235349E-09
 67.0    9290.00   .1301544E-09
 67.0    9300.00   .1374921E-09
 67.0    9310.00   .1556840E-09
 67.0    9320.00   .1433306E-09
 67.0    9330.00   .1376132E-09
 67.0    9340.00   .1338442E-09
 67.0    9350.00   .1360511E-09
 67.0    9360.00   .1277443E-09
 67.0    9370.00   .1438341E-09
 67.0    9380.00   .1709843E-09
 67.0    9390.00   .1728160E-09
 67.0    9400.00   .1637187E-09
 67.0    9410.00   .1521474E-09
 67.0    9420.00   .1419981E-09
 67.0    9430.00   .1417271E-09
 67.0    9440.00   .1497509E-09
 67.0    9450.00   .1579355E-09
 67.0    9460.00   .1556755E-09
 67.0    9470.00   .1454133E-09
 67.0    9480.00   .1393479E-09
 67.0    9490.00   .1407309E-09
 67.0    9500.00   .1355752E-09
 67.0    9510.00   .1393083E-09
 67.0    9520.00   .1274475E-09
 67.0    9530.00   .1272257E-09
 67.0    9540.00   .1412891E-09
 67.0    9550.00   .1367732E-09
 67.0    9560.00   .1336804E-09
 67.0    9570.00   .1289573E-09
 67.0    9580.00   .1270954E-09
 67.0    9590.00   .1279293E-09
 67.0    9600.00   .1208102E-09
 67.0    9610.00   .1320847E-09
 67.0    9620.00   .1310088E-09
 67.0    9630.00   .1271097E-09
 67.0    9640.00   .1368392E-09
 67.0    9650.00   .1300356E-09
 67.0    9660.00   .1266337E-09
 67.0    9670.00   .1312541E-09
 67.0    9680.00   .1380265E-09
 67.0    9690.00   .1467010E-09
 67.0    9700.00   .1439150E-09
 67.0    9710.00   .1613026E-09
 67.0    9720.00   .1729159E-09
 67.0    9730.00   .1583694E-09
 67.0    9740.00   .1521056E-09
 67.0    9750.00   .1610482E-09
 67.0    9760.00   .1679504E-09
 67.0    9770.00   .1740974E-09
 67.0    9780.00   .1725473E-09
 67.0    9790.00   .1705814E-09
 67.0    9800.00   .1952249E-09
 67.0    9810.00   .1879378E-09
 67.0    9820.00   .1741487E-09
 67.0    9830.00   .1843437E-09
 67.0    9840.00   .1950850E-09
 67.0    9850.00   .2043092E-09
 67.0    9860.00   .1897888E-09
 67.0    9870.00   .1837751E-09
 67.0    9880.00   .2076235E-09
 67.0    9890.00   .1987848E-09
 67.0    9900.00   .1871609E-09
 67.0    9910.00   .1877402E-09
 67.0    9920.00   .1864006E-09
 67.0    9930.00   .1904702E-09
 67.0    9940.00   .1979155E-09
 67.0    9950.00   .2025080E-09
 67.0    9960.00   .1895463E-09
 67.0    9970.00   .1780125E-09
 67.0    9980.00   .1696585E-09
 67.0    9990.00   .1831776E-09
 67.0   10000.00   .1802351E-09
 67.0   10010.00   .1790547E-09
 67.0   10020.00   .1778728E-09
 67.0   10030.00   .1766902E-09
 67.0   10040.00   .1755065E-09
 67.0   10050.00   .1743216E-09
 67.0   10060.00   .1731358E-09
 67.0   10070.00   .1719490E-09
 67.0   10080.00   .1707610E-09
 67.0   10090.00   .1695723E-09
 67.0   10100.00   .1683826E-09
 67.0   10110.00   .1671918E-09
 67.0   10120.00   .1660003E-09
 67.0   10130.00   .1648079E-09
 67.0   10140.00   .1636143E-09
 67.0   10150.00   .1624201E-09
 67.0   10160.00   .1612249E-09
 67.0   10170.00   .1600291E-09
 67.0   10180.00   .1588323E-09
 67.0   10190.00   .1576348E-09
 67.0   10200.00   .1564364E-09
 67.0   10210.00   .1552375E-09
 67.0   10220.00   .1540377E-09
 67.0   10230.00   .1528372E-09
 67.0   10240.00   .1516358E-09
 67.0   10250.00   .1504340E-09
 67.0   10260.00   .1492314E-09
 67.0   10270.00   .1480281E-09
 67.0   10280.00   .1468243E-09
 67.0   10290.00   .1456199E-09
 67.0   10300.00   .1444149E-09
 67.0   10310.00   .1432093E-09
 67.0   10320.00   .1420030E-09
 67.0   10330.00   .1407964E-09
 67.0   10340.00   .1395889E-09
 67.0   10350.00   .1383811E-09
 67.0   10360.00   .1371728E-09
 67.0   10370.00   .1359643E-09
 67.0   10380.00   .1347550E-09
 67.0   10390.00   .1335452E-09
 67.0   10400.00   .1323352E-09
 67.0   10410.00   .1311247E-09
 67.0   10420.00   .1299139E-09
 67.0   10430.00   .1287025E-09
 67.0   10440.00   .1274908E-09
 67.0   10450.00   .1262788E-09
 67.0   10460.00   .1250667E-09
 67.0   10470.00   .1238540E-09
 67.0   10480.00   .1226412E-09
 67.0   10490.00   .1214280E-09
 67.0   10500.00   .1202147E-09
 67.0   10510.00   .1190012E-09
 67.0   10520.00   .1177873E-09
 67.0   10530.00   .1165735E-09
 67.0   10540.00   .1153592E-09
 67.0   10550.00   .1141450E-09
 67.0   10560.00   .1129307E-09
 67.0   10570.00   .1117162E-09
 67.0   10580.00   .1105017E-09
 67.0   10590.00   .1092870E-09
 67.0   10600.00   .1080725E-09
 67.0   10610.00   .1068578E-09
 67.0   10620.00   .1056430E-09
 67.0   10630.00   .1044284E-09
 67.0   10640.00   .1032137E-09
 67.0   10650.00   .1019991E-09
 67.0   10660.00   .1007845E-09
 67.0   10670.00   .9956999E-10
 67.0   10680.00   .9835559E-10
 67.0   10690.00   .9714126E-10
 67.0   10700.00   .9592708E-10
 67.0   10710.00   .9471298E-10
 67.0   10720.00   .9349900E-10
 67.0   10730.00   .9228524E-10
 67.0   10740.00   .9107165E-10
 67.0   10750.00   .8985827E-10
 67.0   10760.00   .8864504E-10
 67.0   10770.00   .8743209E-10
 67.0   10780.00   .8621935E-10
 67.0   10790.00   .8500678E-10
 67.0   10800.00   .8379446E-10
 67.0   10810.00   .8258250E-10
 67.0   10820.00   .8137081E-10
 67.0   10830.00   .8015937E-10
 67.0   10840.00   .7894821E-10
 67.0   10850.00   .7773745E-10
 67.0   10860.00   .7652698E-10
 67.0   10870.00   .7531679E-10
 67.0   10880.00   .7410691E-10
 67.0   10890.00   .7289751E-10
 67.0   10900.00   .7168848E-10
 67.0   10910.00   .7047972E-10
 67.0   10920.00   .6927145E-10
 67.0   10930.00   .6806351E-10
 67.0   10940.00   .6685602E-10
 67.0   10950.00   .6564894E-10
 67.0   10960.00   .6444219E-10
 67.0   10970.00   .6323603E-10
 67.0   10980.00   .6203017E-10
 67.0   10990.00   .6082490E-10
 67.0   11000.00   .5961997E-10
 67.0   11010.00   .5841556E-10
 67.0   11020.00   .5721163E-10
 67.0   11030.00   .5600816E-10
 67.0   11040.00   .5480512E-10
 67.0   11050.00   .5360265E-10
 67.0   11060.00   .5240069E-10
 67.0   11070.00   .5119925E-10
 67.0   11080.00   .4999826E-10
 67.0   11090.00   .4879779E-10
 67.0   11100.00   .4759792E-10
 67.0   11110.00   .4639848E-10
 67.0   11120.00   .4519963E-10
 67.0   11130.00   .4400135E-10
 67.0   11140.00   .4280354E-10
 67.0   11150.00   .4160632E-10
 67.0   11160.00   .4040962E-10
 67.0   11170.00   .3921351E-10
 67.0   11180.00   .3801791E-10
 67.0   11190.00   .3682293E-10
 67.0   11200.00   .3562847E-10
 67.0   11210.00   .3443456E-10
 67.0   11220.00   .3324127E-10
 67.0   11230.00   .3204854E-10
 67.0   11240.00   .3085636E-10
 67.0   11250.00   .2966480E-10
 67.0   11260.00   .2847378E-10
 67.0   11270.00   .2728335E-10
 67.0   11280.00   .2609346E-10
 67.0   11290.00   .2490419E-10
 67.0   11300.00   .2371550E-10
 67.0   11310.00   .2370976E-10
 67.0   11320.00   .2370403E-10
 67.0   11330.00   .2369832E-10
 67.0   11340.00   .2369260E-10
 67.0   11350.00   .2368689E-10
 67.0   11360.00   .2368123E-10
 67.0   11370.00   .2367555E-10
 67.0   11380.00   .2366990E-10
 67.0   11390.00   .2366426E-10
 67.0   11400.00   .2365863E-10
 67.0   11410.00   .2365304E-10
 67.0   11420.00   .2364746E-10
 67.0   11430.00   .2364192E-10
 67.0   11440.00   .2363638E-10
 67.0   11450.00   .2363087E-10
 67.0   11460.00   .2362538E-10
 67.0   11470.00   .2361992E-10
 67.0   11480.00   .2361451E-10
 67.0   11490.00   .2360909E-10
 67.0   11500.00   .2360373E-10
 67.0   11510.00   .2359840E-10
 67.0   11520.00   .2359311E-10
 67.0   11530.00   .2358783E-10
 67.0   11540.00   .2358259E-10
 67.0   11550.00   .2357738E-10
 67.0   11560.00   .2357224E-10
 67.0   11570.00   .2356713E-10
 67.0   11580.00   .2356203E-10
 67.0   11590.00   .2355700E-10
 67.0   11600.00   .2355202E-10
 67.0   11610.00   .2354705E-10
 67.0   11620.00   .2354216E-10
 67.0   11630.00   .2353729E-10
 67.0   11640.00   .2353249E-10
 67.0   11650.00   .2352772E-10
 67.0   11660.00   .2352299E-10
 67.0   11670.00   .2351836E-10
 67.0   11680.00   .2351373E-10
 67.0   11690.00   .2350918E-10
 67.0   11700.00   .2350470E-10
 67.0   11710.00   .2350024E-10
 67.0   11720.00   .2349587E-10
 67.0   11730.00   .2349153E-10
 67.0   11740.00   .2348726E-10
 67.0   11750.00   .2348306E-10
 67.0   11760.00   .2347891E-10
 67.0   11770.00   .2347486E-10
 67.0   11780.00   .2347083E-10
 67.0   11790.00   .2346687E-10
 67.0   11800.00   .2346302E-10
 67.0   11810.00   .2345919E-10
 67.0   11820.00   .2345545E-10
 67.0   11830.00   .2345178E-10
 67.0   11840.00   .2344818E-10
 67.0   11850.00   .2344465E-10
 67.0   11860.00   .2344119E-10
 67.0   11870.00   .2343782E-10
 67.0   11880.00   .2343452E-10
 67.0   11890.00   .2343132E-10
 67.0   11900.00   .2342818E-10
 67.0   11910.00   .2342510E-10
 67.0   11920.00   .2342212E-10
 67.0   11930.00   .2341922E-10
 67.0   11940.00   .2341642E-10
 67.0   11950.00   .2341369E-10
 67.0   11960.00   .2341105E-10
 67.0   11970.00   .2340850E-10
 67.0   11980.00   .2340603E-10
 67.0   11990.00   .2340366E-10
 67.0   12000.00   .2340138E-10
 67.0   12010.00   .2339919E-10
 67.0   12020.00   .2339712E-10
 67.0   12030.00   .2339512E-10
 67.0   12040.00   .2339321E-10
 67.0   12050.00   .2339141E-10
 67.0   12060.00   .2338972E-10
 67.0   12070.00   .2338810E-10
 67.0   12080.00   .2338662E-10
 67.0   12090.00   .2338522E-10
 67.0   12100.00   .2338391E-10
 67.0   12110.00   .2338274E-10
 67.0   12120.00   .2338165E-10
 67.0   12130.00   .2338067E-10
 67.0   12140.00   .2337982E-10
 67.0   12150.00   .2337904E-10
 67.0   12160.00   .2337841E-10
 67.0   12170.00   .2337788E-10
 67.0   12180.00   .2337747E-10
 67.0   12190.00   .2337716E-10
 67.0   12200.00   .2337698E-10
 67.0   12210.00   .2337693E-10
 67.0   12220.00   .2337697E-10
 67.0   12230.00   .2337715E-10
 67.0   12240.00   .2337744E-10
 67.0   12250.00   .2337787E-10
 67.0   12260.00   .2337839E-10
 67.0   12270.00   .2337906E-10
 67.0   12280.00   .2337986E-10
 67.0   12290.00   .2338077E-10
 67.0   12300.00   .2338181E-10
 67.0   12310.00   .2338300E-10
 67.0   12320.00   .2338431E-10
 67.0   12330.00   .2338576E-10
 67.0   12340.00   .2338733E-10
 67.0   12350.00   .2338902E-10
 67.0   12360.00   .2339090E-10
 67.0   12370.00   .2339288E-10
 67.0   12380.00   .2339500E-10
 67.0   12390.00   .2339727E-10
 67.0   12400.00   .2339968E-10
 67.0   12410.00   .2340224E-10
 67.0   12420.00   .2340494E-10
 67.0   12430.00   .2340776E-10
 67.0   12440.00   .2341074E-10
 67.0   12450.00   .2341388E-10
 67.0   12460.00   .2341717E-10
 67.0   12470.00   .2342061E-10
 67.0   12480.00   .2342418E-10
 67.0   12490.00   .2342795E-10
 67.0   12500.00   .2343182E-10
 67.0   12510.00   .2343752E-10
 67.0   12520.00   .2344334E-10
 67.0   12530.00   .2344934E-10
 67.0   12540.00   .2345549E-10
 67.0   12550.00   .2346179E-10
 67.0   12560.00   .2346826E-10
 67.0   12570.00   .2347490E-10
 67.0   12580.00   .2348167E-10
 67.0   12590.00   .2348863E-10
 67.0   12600.00   .2349575E-10
 67.0   12610.00   .2350302E-10
 67.0   12620.00   .2351047E-10
 67.0   12630.00   .2351811E-10
 67.0   12640.00   .2352590E-10
 67.0   12650.00   .2353386E-10
 67.0   12660.00   .2354200E-10
 67.0   12670.00   .2355032E-10
 67.0   12680.00   .2355881E-10
 67.0   12690.00   .2356747E-10
 67.0   12700.00   .2357631E-10
 67.0   12710.00   .2358535E-10
 67.0   12720.00   .2359454E-10
 67.0   12730.00   .2360393E-10
 67.0   12740.00   .2361353E-10
 67.0   12750.00   .2362327E-10
 67.0   12760.00   .2363324E-10
 67.0   12770.00   .2364338E-10
 67.0   12780.00   .2365371E-10
 67.0   12790.00   .2366423E-10
 67.0   12800.00   .2367495E-10
 67.0   12810.00   .2368585E-10
 67.0   12820.00   .2369695E-10
 67.0   12830.00   .2370827E-10
 67.0   12840.00   .2371977E-10
 67.0   12850.00   .2373146E-10
 67.0   12860.00   .2374338E-10
 67.0   12870.00   .2375546E-10
 67.0   12880.00   .2376779E-10
 67.0   12890.00   .2378028E-10
 67.0   12900.00   .2379298E-10
 67.0   12910.00   .2380588E-10
 67.0   12920.00   .2381895E-10
 67.0   12930.00   .2383226E-10
 67.0   12940.00   .2384573E-10
 67.0   12950.00   .2385941E-10
 67.0   12960.00   .2387326E-10
 67.0   12970.00   .2388732E-10
 67.0   12980.00   .2390158E-10
 67.0   12990.00   .2391600E-10
 67.0   13000.00   .2393060E-10
 67.0   13010.00   .2394541E-10
 67.0   13020.00   .2396042E-10
 67.0   13030.00   .2397561E-10
 67.0   13040.00   .2399096E-10
 67.0   13050.00   .2400652E-10
 67.0   13060.00   .2402224E-10
 67.0   13070.00   .2403815E-10
 67.0   13080.00   .2405425E-10
 67.0   13090.00   .2407054E-10
 67.0   13100.00   .2408698E-10
 67.0   13110.00   .2410363E-10
 67.0   13120.00   .2412041E-10
 67.0   13130.00   .2413743E-10
 67.0   13140.00   .2415459E-10
 67.0   13150.00   .2417193E-10
 67.0   13160.00   .2418945E-10
 67.0   13170.00   .2420713E-10
 67.0   13180.00   .2422500E-10
 67.0   13190.00   .2424303E-10
 67.0   13200.00   .2426123E-10
 67.0   13210.00   .2427960E-10
 67.0   13220.00   .2429814E-10
 67.0   13230.00   .2431685E-10
 67.0   13240.00   .2433576E-10
 67.0   13250.00   .2435477E-10
 67.0   13260.00   .2437401E-10
 67.0   13270.00   .2439336E-10
 67.0   13280.00   .2441292E-10
 67.0   13290.00   .2443261E-10
 67.0   13300.00   .2445246E-10
 67.0   13310.00   .2447247E-10
 67.0   13320.00   .2449267E-10
 67.0   13330.00   .2451300E-10
 67.0   13340.00   .2453353E-10
 67.0   13350.00   .2455416E-10
 67.0   13360.00   .2457499E-10
 67.0   13370.00   .2459596E-10
 67.0   13380.00   .2461708E-10
 67.0   13390.00   .2463835E-10
 67.0   13400.00   .2465977E-10
 67.0   13410.00   .2468136E-10
 67.0   13420.00   .2470309E-10
 67.0   13430.00   .2472498E-10
 67.0   13440.00   .2474702E-10
 67.0   13450.00   .2476916E-10
 67.0   13460.00   .2479151E-10
 67.0   13470.00   .2481397E-10
 67.0   13480.00   .2483659E-10
 67.0   13490.00   .2485936E-10
 67.0   13500.00   .2488227E-10
 67.0   13510.00   .2490531E-10
 67.0   13520.00   .2492851E-10
 67.0   13530.00   .2495180E-10
 67.0   13540.00   .2497530E-10
 67.0   13550.00   .2499889E-10
 67.0   13560.00   .2502263E-10
 67.0   13570.00   .2504652E-10
 67.0   13580.00   .2507054E-10
 67.0   13590.00   .2509468E-10
 67.0   13600.00   .2511898E-10
 67.0   13610.00   .2514340E-10
 67.0   13620.00   .2516792E-10
 67.0   13630.00   .2519261E-10
 67.0   13640.00   .2521742E-10
 67.0   13650.00   .2524237E-10
 67.0   13660.00   .2526741E-10
 67.0   13670.00   .2529263E-10
 67.0   13680.00   .2531793E-10
 67.0   13690.00   .2534337E-10
 67.0   13700.00   .2536894E-10
 67.0   13710.00   .2535711E-10
 67.0   13720.00   .2534531E-10
 67.0   13730.00   .2533357E-10
 67.0   13740.00   .2532188E-10
 67.0   13750.00   .2531022E-10
 67.0   13760.00   .2529860E-10
 67.0   13770.00   .2528701E-10
 67.0   13780.00   .2527546E-10
 67.0   13790.00   .2526396E-10
 67.0   13800.00   .2525247E-10
 67.0   13810.00   .2524102E-10
 67.0   13820.00   .2522962E-10
 67.0   13830.00   .2521825E-10
 67.0   13840.00   .2520686E-10
 67.0   13850.00   .2519553E-10
 67.0   13860.00   .2518422E-10
 67.0   13870.00   .2517295E-10
 67.0   13880.00   .2516169E-10
 67.0   13890.00   .2515042E-10
 67.0   13900.00   .2513922E-10
 67.0   13910.00   .2512800E-10
 67.0   13920.00   .2511681E-10
 67.0   13930.00   .2510561E-10
 67.0   13940.00   .2509445E-10
 67.0   13950.00   .2508330E-10
 67.0   13960.00   .2507214E-10
 67.0   13970.00   .2506101E-10
 67.0   13980.00   .2504987E-10
 67.0   13990.00   .2503874E-10
 67.0   14000.00   .2502762E-10
 67.0   14010.00   .2501649E-10
 67.0   14020.00   .2500537E-10
 67.0   14030.00   .2499426E-10
 67.0   14040.00   .2498310E-10
 67.0   14050.00   .2497200E-10
 67.0   14060.00   .2496085E-10
 67.0   14070.00   .2494972E-10
 67.0   14080.00   .2493856E-10
 67.0   14090.00   .2492740E-10
 67.0   14100.00   .2491624E-10
 67.0   14110.00   .2490506E-10
 67.0   14120.00   .2489385E-10
 67.0   14130.00   .2488265E-10
 67.0   14140.00   .2487143E-10
 67.0   14150.00   .2486017E-10
 67.0   14160.00   .2484893E-10
 67.0   14170.00   .2483762E-10
 67.0   14180.00   .2482633E-10
 67.0   14190.00   .2481500E-10
 67.0   14200.00   .2480364E-10
 67.0   14210.00   .2479226E-10
 67.0   14220.00   .2478084E-10
 67.0   14230.00   .2476941E-10
 67.0   14240.00   .2475795E-10
 67.0   14250.00   .2474644E-10
 67.0   14260.00   .2473490E-10
 67.0   14270.00   .2472335E-10
 67.0   14280.00   .2471173E-10
 67.0   14290.00   .2470008E-10
 67.0   14300.00   .2468840E-10
 67.0   14310.00   .2467669E-10
 67.0   14320.00   .2466493E-10
 67.0   14330.00   .2465311E-10
 67.0   14340.00   .2464128E-10
 67.0   14350.00   .2462938E-10
 67.0   14360.00   .2461744E-10
 67.0   14370.00   .2460545E-10
 67.0   14380.00   .2459340E-10
 67.0   14390.00   .2458131E-10
 67.0   14400.00   .2456918E-10
 67.0   14410.00   .2455699E-10
 67.0   14420.00   .2454473E-10
 67.0   14430.00   .2453243E-10
 67.0   14440.00   .2452006E-10
 67.0   14450.00   .2450764E-10
 67.0   14460.00   .2449515E-10
 67.0   14470.00   .2448260E-10
 67.0   14480.00   .2447001E-10
 67.0   14490.00   .2445733E-10
 67.0   14500.00   .2444458E-10
 67.0   14510.00   .2443180E-10
 67.0   14520.00   .2441893E-10
 67.0   14530.00   .2440597E-10
 67.0   14540.00   .2439297E-10
 67.0   14550.00   .2437990E-10
 67.0   14560.00   .2436674E-10
 67.0   14570.00   .2435350E-10
 67.0   14580.00   .2434020E-10
 67.0   14590.00   .2432683E-10
 67.0   14600.00   .2431337E-10
 67.0   14610.00   .2429982E-10
 67.0   14620.00   .2428619E-10
 67.0   14630.00   .2427251E-10
 67.0   14640.00   .2425874E-10
 67.0   14650.00   .2424486E-10
 67.0   14660.00   .2423090E-10
 67.0   14670.00   .2421687E-10
 67.0   14680.00   .2420275E-10
 67.0   14690.00   .2418852E-10
 67.0   14700.00   .2417423E-10
 67.0   14710.00   .2415982E-10
 67.0   14720.00   .2414533E-10
 67.0   14730.00   .2413073E-10
 67.0   14740.00   .2411607E-10
 67.0   14750.00   .2410132E-10
 67.0   14760.00   .2408643E-10
 67.0   14770.00   .2407145E-10
 67.0   14780.00   .2405638E-10
 67.0   14790.00   .2404121E-10
 67.0   14800.00   .2402593E-10
 67.0   14810.00   .2401059E-10
 67.0   14820.00   .2399508E-10
 67.0   14830.00   .2397949E-10
 67.0   14840.00   .2396379E-10
 67.0   14850.00   .2394799E-10
 67.0   14860.00   .2393209E-10
 67.0   14870.00   .2391608E-10
 67.0   14880.00   .2389996E-10
 67.0   14890.00   .2388373E-10
 67.0   14900.00   .2386741E-10
 67.0   14910.00   .2385095E-10
 67.0   14920.00   .2383438E-10
 67.0   14930.00   .2381772E-10
 67.0   14940.00   .2380095E-10
 67.0   14950.00   .2378405E-10
 67.0   14960.00   .2376708E-10
 67.0   14970.00   .2374998E-10
 67.0   14980.00   .2373276E-10
 67.0   14990.00   .2371544E-10
 67.0   15000.00   .2369800E-10
 67.0   15010.00   .2372385E-10
 67.0   15020.00   .2374966E-10
 67.0   15030.00   .2377547E-10
 67.0   15040.00   .2380125E-10
 67.0   15050.00   .2382702E-10
 67.0   15060.00   .2385276E-10
 67.0   15070.00   .2387848E-10
 67.0   15080.00   .2390420E-10
 67.0   15090.00   .2392987E-10
 67.0   15100.00   .2395554E-10
 67.0   15110.00   .2398118E-10
 67.0   15120.00   .2400679E-10
 67.0   15130.00   .2403240E-10
 67.0   15140.00   .2405798E-10
 67.0   15150.00   .2408353E-10
 67.0   15160.00   .2410904E-10
 67.0   15170.00   .2413457E-10
 67.0   15180.00   .2416006E-10
 67.0   15190.00   .2418552E-10
 67.0   15200.00   .2421093E-10
 67.0   15210.00   .2423633E-10
 67.0   15220.00   .2426170E-10
 67.0   15230.00   .2428707E-10
 67.0   15240.00   .2431239E-10
 67.0   15250.00   .2433769E-10
 67.0   15260.00   .2436296E-10
 67.0   15270.00   .2438820E-10
 67.0   15280.00   .2441342E-10
 67.0   15290.00   .2443859E-10
 67.0   15300.00   .2446373E-10
 67.0   15310.00   .2448885E-10
 67.0   15320.00   .2451395E-10
 67.0   15330.00   .2453900E-10
 67.0   15340.00   .2456404E-10
 67.0   15350.00   .2458902E-10
 67.0   15360.00   .2461400E-10
 67.0   15370.00   .2463890E-10
 67.0   15380.00   .2466381E-10
 67.0   15390.00   .2468869E-10
 67.0   15400.00   .2471352E-10
 67.0   15410.00   .2473831E-10
 67.0   15420.00   .2476306E-10
 67.0   15430.00   .2478777E-10
 67.0   15440.00   .2481247E-10
 67.0   15450.00   .2483710E-10
 67.0   15460.00   .2486172E-10
 67.0   15470.00   .2488629E-10
 67.0   15480.00   .2491082E-10
 67.0   15490.00   .2493532E-10
 67.0   15500.00   .2495980E-10
 67.0   15510.00   .2498421E-10
 67.0   15520.00   .2500858E-10
 67.0   15530.00   .2503292E-10
 67.0   15540.00   .2505721E-10
 67.0   15550.00   .2508147E-10
 67.0   15560.00   .2510568E-10
 67.0   15570.00   .2512983E-10
 67.0   15580.00   .2515399E-10
 67.0   15590.00   .2517806E-10
 67.0   15600.00   .2520211E-10
 67.0   15610.00   .2522611E-10
 67.0   15620.00   .2525005E-10
 67.0   15630.00   .2527395E-10
 67.0   15640.00   .2529782E-10
 67.0   15650.00   .2532161E-10
 67.0   15660.00   .2534540E-10
 67.0   15670.00   .2536909E-10
 67.0   15680.00   .2539279E-10
 67.0   15690.00   .2541641E-10
 67.0   15700.00   .2543998E-10
 67.0   15710.00   .2546349E-10
 67.0   15720.00   .2548697E-10
 67.0   15730.00   .2551039E-10
 67.0   15740.00   .2553377E-10
 67.0   15750.00   .2555710E-10
 67.0   15760.00   .2558037E-10
 67.0   15770.00   .2560358E-10
 67.0   15780.00   .2562675E-10
 67.0   15790.00   .2564985E-10
 67.0   15800.00   .2567292E-10
 67.0   15810.00   .2569592E-10
 67.0   15820.00   .2571886E-10
 67.0   15830.00   .2574177E-10
 67.0   15840.00   .2576464E-10
 67.0   15850.00   .2578740E-10
 67.0   15860.00   .2581012E-10
 67.0   15870.00   .2583280E-10
 67.0   15880.00   .2585539E-10
 67.0   15890.00   .2587794E-10
 67.0   15900.00   .2590043E-10
 67.0   15910.00   .2592289E-10
 67.0   15920.00   .2594526E-10
 67.0   15930.00   .2596757E-10
 67.0   15940.00   .2598981E-10
 67.0   15950.00   .2601203E-10
 67.0   15960.00   .2603414E-10
 67.0   15970.00   .2605621E-10
 67.0   15980.00   .2607819E-10
 67.0   15990.00   .2610014E-10
 67.0   16000.00   .2612202E-10
 67.0   16010.00   .2614383E-10
 67.0   16020.00   .2616559E-10
 67.0   16030.00   .2618725E-10
 67.0   16040.00   .2620888E-10
 67.0   16050.00   .2623043E-10
 67.0   16060.00   .2625193E-10
 67.0   16070.00   .2627333E-10
 67.0   16080.00   .2629467E-10
 67.0   16090.00   .2631595E-10
 67.0   16100.00   .2633716E-10
 67.0   16110.00   .2635829E-10
 67.0   16120.00   .2637937E-10
 67.0   16130.00   .2640036E-10
 67.0   16140.00   .2642130E-10
 67.0   16150.00   .2644214E-10
 67.0   16160.00   .2646291E-10
 67.0   16170.00   .2648363E-10
 67.0   16180.00   .2650428E-10
 67.0   16190.00   .2652484E-10
 67.0   16200.00   .2654531E-10
 67.0   16210.00   .2656573E-10
 67.0   16220.00   .2658607E-10
 67.0   16230.00   .2660633E-10
 67.0   16240.00   .2662651E-10
 67.0   16250.00   .2664662E-10
 67.0   16260.00   .2665709E-10
 67.0   16270.00   .2666747E-10
 67.0   16280.00   .2667775E-10
 67.0   16290.00   .2668802E-10
 67.0   16300.00   .2669816E-10
 67.0   16310.00   .2670824E-10
 67.0   16320.00   .2671825E-10
 67.0   16330.00   .2672818E-10
 67.0   16340.00   .2673801E-10
 67.0   16350.00   .2674780E-10
 67.0   16360.00   .2675749E-10
 67.0   16370.00   .2676710E-10
 67.0   16380.00   .2677666E-10
 67.0   16390.00   .2678611E-10
 67.0   16400.00   .2679547E-10
 67.0   16410.00   .2680479E-10
 67.0   16420.00   .2681401E-10
 67.0   16430.00   .2682316E-10
 67.0   16440.00   .2683222E-10
 67.0   16450.00   .2684116E-10
 67.0   16460.00   .2685005E-10
 67.0   16470.00   .2685888E-10
 67.0   16480.00   .2686761E-10
 67.0   16490.00   .2687626E-10
 67.0   16500.00   .2688480E-10
 67.0   16510.00   .2689328E-10
 67.0   16520.00   .2690167E-10
 67.0   16530.00   .2690996E-10
 67.0   16540.00   .2691818E-10
 67.0   16550.00   .2692631E-10
 67.0   16560.00   .2693435E-10
 67.0   16570.00   .2694230E-10
 67.0   16580.00   .2695017E-10
 67.0   16590.00   .2695797E-10
 67.0   16600.00   .2696567E-10
 67.0   16610.00   .2697326E-10
 67.0   16620.00   .2698075E-10
 67.0   16630.00   .2698817E-10
 67.0   16640.00   .2699550E-10
 67.0   16650.00   .2700275E-10
 67.0   16660.00   .2700989E-10
 67.0   16670.00   .2701694E-10
 67.0   16680.00   .2702391E-10
 67.0   16690.00   .2703079E-10
 67.0   16700.00   .2703754E-10
 67.0   16710.00   .2704424E-10
 67.0   16720.00   .2705083E-10
 67.0   16730.00   .2705731E-10
 67.0   16740.00   .2706371E-10
 67.0   16750.00   .2707003E-10
 67.0   16760.00   .2707622E-10
 67.0   16770.00   .2708234E-10
 67.0   16780.00   .2708836E-10
 67.0   16790.00   .2709427E-10
 67.0   16800.00   .2710008E-10
 67.0   16810.00   .2710581E-10
 67.0   16820.00   .2711143E-10
 67.0   16830.00   .2711694E-10
 67.0   16840.00   .2712236E-10
 67.0   16850.00   .2712770E-10
 67.0   16860.00   .2713293E-10
 67.0   16870.00   .2713807E-10
 67.0   16880.00   .2714312E-10
 67.0   16890.00   .2714807E-10
 67.0   16900.00   .2715292E-10
 67.0   16910.00   .2715767E-10
 67.0   16920.00   .2716232E-10
 67.0   16930.00   .2716689E-10
 67.0   16940.00   .2717138E-10
 67.0   16950.00   .2717573E-10
 67.0   16960.00   .2718003E-10
 67.0   16970.00   .2718426E-10
 67.0   16980.00   .2718836E-10
 67.0   16990.00   .2719237E-10
 67.0   17000.00   .2719632E-10
 67.0   17010.00   .2720014E-10
 67.0   17020.00   .2720389E-10
 67.0   17030.00   .2720754E-10
 67.0   17040.00   .2721112E-10
 67.0   17050.00   .2721461E-10
 67.0   17060.00   .2721799E-10
 67.0   17070.00   .2722128E-10
 67.0   17080.00   .2722452E-10
 67.0   17090.00   .2722765E-10
 67.0   17100.00   .2723068E-10
 67.0   17110.00   .2723365E-10
 67.0   17120.00   .2723652E-10
 67.0   17130.00   .2723931E-10
 67.0   17140.00   .2724200E-10
 67.0   17150.00   .2724461E-10
 67.0   17160.00   .2724716E-10
 67.0   17170.00   .2724961E-10
 67.0   17180.00   .2725199E-10
 67.0   17190.00   .2725427E-10
 67.0   17200.00   .2725648E-10
 67.0   17210.00   .2725860E-10
 67.0   17220.00   .2726064E-10
 67.0   17230.00   .2726259E-10
 67.0   17240.00   .2726449E-10
 67.0   17250.00   .2726628E-10
 67.0   17260.00   .2726800E-10
 67.0   17270.00   .2726965E-10
 67.0   17280.00   .2727119E-10
 67.0   17290.00   .2727268E-10
 67.0   17300.00   .2727411E-10
 67.0   17310.00   .2727542E-10
 67.0   17320.00   .2727667E-10
 67.0   17330.00   .2727786E-10
 67.0   17340.00   .2727895E-10
 67.0   17350.00   .2727999E-10
 67.0   17360.00   .2728093E-10
 67.0   17370.00   .2728181E-10
 67.0   17380.00   .2728262E-10
 67.0   17390.00   .2728334E-10
 67.0   17400.00   .2728401E-10
 67.0   17410.00   .2728458E-10
 67.0   17420.00   .2728509E-10
 67.0   17430.00   .2728556E-10
 67.0   17440.00   .2728589E-10
 67.0   17450.00   .2728619E-10
 67.0   17460.00   .2728641E-10
 67.0   17470.00   .2728658E-10
 67.0   17480.00   .2728666E-10
 67.0   17490.00   .2728667E-10
 67.0   17500.00   .2728661E-10
 67.0   17510.00   .2728650E-10
 67.0   17520.00   .2728631E-10
 67.0   17530.00   .2728602E-10
 67.0   17540.00   .2728571E-10
 67.0   17550.00   .2728531E-10
 67.0   17560.00   .2728488E-10
 67.0   17570.00   .2728435E-10
 67.0   17580.00   .2728377E-10
 67.0   17590.00   .2728310E-10
 67.0   17600.00   .2728240E-10
 67.0   17610.00   .2728162E-10
 67.0   17620.00   .2728076E-10
 67.0   17630.00   .2727985E-10
 67.0   17640.00   .2727889E-10
 67.0   17650.00   .2727784E-10
 67.0   17660.00   .2727676E-10
 67.0   17670.00   .2727560E-10
 67.0   17680.00   .2727436E-10
 67.0   17690.00   .2727310E-10
 67.0   17700.00   .2727176E-10
 67.0   17710.00   .2727035E-10
 67.0   17720.00   .2726890E-10
 67.0   17730.00   .2726740E-10
 67.0   17740.00   .2726582E-10
 67.0   17750.00   .2726417E-10
 67.0   17760.00   .2726251E-10
 67.0   17770.00   .2726079E-10
 67.0   17780.00   .2725896E-10
 67.0   17790.00   .2725710E-10
 67.0   17800.00   .2725520E-10
 67.0   17810.00   .2725321E-10
 67.0   17820.00   .2725119E-10
 67.0   17830.00   .2724910E-10
 67.0   17840.00   .2724700E-10
 67.0   17850.00   .2724482E-10
 67.0   17860.00   .2724257E-10
 67.0   17870.00   .2724029E-10
 67.0   17880.00   .2723794E-10
 67.0   17890.00   .2723556E-10
 67.0   17900.00   .2723314E-10
 67.0   17910.00   .2723063E-10
 67.0   17920.00   .2722806E-10
 67.0   17930.00   .2722551E-10
 67.0   17940.00   .2722286E-10
 67.0   17950.00   .2722019E-10
 67.0   17960.00   .2721743E-10
 67.0   17970.00   .2721464E-10
 67.0   17980.00   .2721181E-10
 67.0   17990.00   .2720893E-10
 67.0   18000.00   .2720601E-10
 67.0   18010.00   .2711272E-10
 67.0   18020.00   .2701935E-10
 67.0   18030.00   .2692602E-10
 67.0   18040.00   .2683263E-10
 67.0   18050.00   .2673923E-10
 67.0   18060.00   .2664578E-10
 67.0   18070.00   .2655234E-10
 67.0   18080.00   .2645889E-10
 67.0   18090.00   .2636540E-10
 67.0   18100.00   .2627189E-10
 67.0   18110.00   .2617840E-10
 67.0   18120.00   .2608483E-10
 67.0   18130.00   .2599129E-10
 67.0   18140.00   .2589772E-10
 67.0   18150.00   .2580414E-10
 67.0   18160.00   .2571055E-10
 67.0   18170.00   .2561694E-10
 67.0   18180.00   .2552332E-10
 67.0   18190.00   .2542966E-10
 67.0   18200.00   .2533602E-10
 67.0   18210.00   .2524239E-10
 67.0   18220.00   .2514872E-10
 67.0   18230.00   .2505503E-10
 67.0   18240.00   .2496137E-10
 67.0   18250.00   .2486769E-10
 67.0   18260.00   .2477402E-10
 67.0   18270.00   .2468032E-10
 67.0   18280.00   .2458661E-10
 67.0   18290.00   .2449292E-10
 67.0   18300.00   .2439923E-10
 67.0   18310.00   .2430551E-10
 67.0   18320.00   .2421181E-10
 67.0   18330.00   .2411811E-10
 67.0   18340.00   .2402440E-10
 67.0   18350.00   .2393068E-10
 67.0   18360.00   .2383699E-10
 67.0   18370.00   .2374330E-10
 67.0   18380.00   .2364960E-10
 67.0   18390.00   .2355589E-10
 67.0   18400.00   .2346221E-10
 67.0   18410.00   .2336853E-10
 67.0   18420.00   .2327485E-10
 67.0   18430.00   .2318118E-10
 67.0   18440.00   .2308752E-10
 67.0   18450.00   .2299386E-10
 67.0   18460.00   .2290022E-10
 67.0   18470.00   .2280657E-10
 67.0   18480.00   .2271295E-10
 67.0   18490.00   .2261932E-10
 67.0   18500.00   .2252571E-10
 67.0   18510.00   .2243212E-10
 67.0   18520.00   .2233853E-10
 67.0   18530.00   .2224496E-10
 67.0   18540.00   .2215140E-10
 67.0   18550.00   .2205786E-10
 67.0   18560.00   .2196435E-10
 67.0   18570.00   .2187081E-10
 67.0   18580.00   .2177733E-10
 67.0   18590.00   .2168384E-10
 67.0   18600.00   .2159036E-10
 67.0   18610.00   .2149691E-10
 67.0   18620.00   .2140348E-10
 67.0   18630.00   .2131009E-10
 67.0   18640.00   .2121668E-10
 67.0   18650.00   .2112331E-10
 67.0   18660.00   .2102994E-10
 67.0   18670.00   .2093660E-10
 67.0   18680.00   .2084330E-10
 67.0   18690.00   .2075000E-10
 67.0   18700.00   .2065673E-10
 67.0   18710.00   .2056347E-10
 67.0   18720.00   .2047025E-10
 67.0   18730.00   .2037705E-10
 67.0   18740.00   .2028388E-10
 67.0   18750.00   .2019071E-10
 67.0   18760.00   .2009760E-10
 67.0   18770.00   .2000447E-10
 67.0   18780.00   .1991142E-10
 67.0   18790.00   .1981835E-10
 67.0   18800.00   .1972532E-10
 67.0   18810.00   .1963232E-10
 67.0   18820.00   .1953936E-10
 67.0   18830.00   .1944639E-10
 67.0   18840.00   .1935349E-10
 67.0   18850.00   .1926059E-10
 67.0   18860.00   .1916774E-10
 67.0   18870.00   .1907493E-10
 67.0   18880.00   .1898211E-10
 67.0   18890.00   .1888936E-10
 67.0   18900.00   .1879661E-10
 67.0   18910.00   .1870391E-10
 67.0   18920.00   .1861122E-10
 67.0   18930.00   .1851857E-10
 67.0   18940.00   .1842595E-10
 67.0   18950.00   .1833339E-10
 67.0   18960.00   .1824084E-10
 67.0   18970.00   .1814834E-10
 67.0   18980.00   .1805584E-10
 67.0   18990.00   .1796338E-10
 67.0   19000.00   .1787097E-10
 67.0   19010.00   .1777859E-10
 67.0   19020.00   .1768625E-10
 67.0   19030.00   .1759393E-10
 67.0   19040.00   .1750165E-10
 67.0   19050.00   .1740942E-10
 67.0   19060.00   .1731720E-10
 67.0   19070.00   .1722503E-10
 67.0   19080.00   .1713289E-10
 67.0   19090.00   .1704081E-10
 67.0   19100.00   .1694875E-10
 67.0   19110.00   .1685673E-10
 67.0   19120.00   .1676475E-10
 67.0   19130.00   .1667280E-10
 67.0   19140.00   .1658086E-10
 67.0   19150.00   .1648899E-10
 67.0   19160.00   .1639717E-10
 67.0   19170.00   .1630539E-10
 67.0   19180.00   .1621362E-10
 67.0   19190.00   .1612189E-10
 67.0   19200.00   .1603022E-10
 67.0   19210.00   .1593859E-10
 67.0   19220.00   .1584697E-10
 67.0   19230.00   .1575540E-10
 67.0   19240.00   .1566389E-10
 67.0   19250.00   .1557241E-10
 67.0   19260.00   .1548095E-10
 67.0   19270.00   .1538956E-10
 67.0   19280.00   .1529821E-10
 67.0   19290.00   .1520688E-10
 67.0   19300.00   .1511560E-10
 67.0   19310.00   .1502435E-10
 67.0   19320.00   .1493316E-10
 67.0   19330.00   .1484199E-10
 67.0   19340.00   .1475088E-10
 67.0   19350.00   .1465980E-10
 67.0   19360.00   .1456876E-10
 67.0   19370.00   .1447777E-10
 67.0   19380.00   .1438682E-10
 67.0   19390.00   .1429589E-10
 67.0   19400.00   .1420504E-10
 67.0   19410.00   .1411420E-10
 67.0   19420.00   .1402342E-10
 67.0   19430.00   .1393268E-10
 67.0   19440.00   .1384198E-10
 67.0   19450.00   .1375132E-10
 67.0   19460.00   .1366069E-10
 67.0   19470.00   .1357014E-10
 67.0   19480.00   .1347957E-10
 67.0   19490.00   .1338909E-10
 67.0   19500.00   .1329865E-10
 67.0   19510.00   .1320823E-10
 67.0   19520.00   .1311786E-10
 67.0   19530.00   .1302754E-10
 67.0   19540.00   .1293726E-10
 67.0   19550.00   .1284701E-10
 67.0   19560.00   .1275682E-10
 67.0   19570.00   .1266667E-10
 67.0   19580.00   .1257654E-10
 67.0   19590.00   .1248649E-10
 67.0   19600.00   .1239646E-10
 67.0   19610.00   .1230647E-10
 67.0   19620.00   .1221651E-10
 67.0   19630.00   .1212662E-10
 67.0   19640.00   .1203675E-10
 67.0   19650.00   .1194694E-10
 67.0   19660.00   .1185716E-10
 67.0   19670.00   .1176741E-10
 67.0   19680.00   .1167771E-10
 67.0   19690.00   .1158803E-10
 67.0   19700.00   .1149843E-10
 67.0   19710.00   .1140883E-10
 67.0   19720.00   .1131929E-10
 67.0   19730.00   .1122977E-10
 67.0   19740.00   .1114032E-10
 67.0   19750.00   .1105088E-10
 67.0   19760.00   .1096150E-10
 67.0   19770.00   .1087214E-10
 67.0   19780.00   .1078283E-10
 67.0   19790.00   .1069355E-10
 67.0   19800.00   .1060431E-10
 67.0   19810.00   .1051511E-10
 67.0   19820.00   .1042593E-10
 67.0   19830.00   .1033680E-10
 67.0   19840.00   .1024771E-10
 67.0   19850.00   .1015865E-10
 67.0   19860.00   .1006962E-10
 67.0   19870.00   .9980628E-11
 67.0   19880.00   .9891666E-11
 67.0   19890.00   .9802766E-11
 67.0   19900.00   .9713868E-11
 67.0   19910.00   .9625040E-11
 67.0   19920.00   .9536212E-11
 67.0   19930.00   .9447444E-11
 67.0   19940.00   .9358671E-11
 67.0   19950.00   .9269966E-11
 67.0   19960.00   .9181275E-11
 67.0   19970.00   .9092652E-11
 67.0   19980.00   .9004023E-11
 67.0   19990.00   .8915424E-11
 67.0   20000.00   .8826883E-11
 67.0   20010.00   .8738378E-11
 67.0   20020.00   .8649881E-11
 67.0   20030.00   .8561434E-11
 67.0   20040.00   .8473010E-11
 67.0   20050.00   .8384614E-11
 67.0   20060.00   .8296247E-11
 67.0   20070.00   .8207922E-11
 67.0   20080.00   .8119624E-11
 67.0   20090.00   .8031355E-11
 67.0   20100.00   .7943107E-11
 67.0   20110.00   .7942045E-11
 67.0   20120.00   .7940989E-11
 67.0   20130.00   .7939939E-11
 67.0   20140.00   .7938881E-11
 67.0   20150.00   .7937843E-11
 67.0   20160.00   .7936803E-11
 67.0   20170.00   .7935776E-11
 67.0   20180.00   .7934761E-11
 67.0   20190.00   .7933739E-11
 67.0   20200.00   .7932729E-11
 67.0   20210.00   .7931719E-11
 67.0   20220.00   .7930741E-11
 67.0   20230.00   .7929735E-11
 67.0   20240.00   .7928762E-11
 67.0   20250.00   .7927774E-11
 67.0   20260.00   .7926798E-11
 67.0   20270.00   .7925842E-11
 67.0   20280.00   .7924878E-11
 67.0   20290.00   .7923933E-11
 67.0   20300.00   .7922974E-11
 67.0   20310.00   .7922047E-11
 67.0   20320.00   .7921099E-11
 67.0   20330.00   .7920169E-11
 67.0   20340.00   .7919246E-11
 67.0   20350.00   .7918322E-11
 67.0   20360.00   .7917429E-11
 67.0   20370.00   .7916522E-11
 67.0   20380.00   .7915607E-11
 67.0   20390.00   .7914725E-11
 67.0   20400.00   .7913828E-11
 67.0   20410.00   .7912957E-11
 67.0   20420.00   .7912078E-11
 67.0   20430.00   .7911204E-11
 67.0   20440.00   .7910343E-11
 67.0   20450.00   .7909493E-11
 67.0   20460.00   .7908623E-11
 67.0   20470.00   .7907791E-11
 67.0   20480.00   .7906958E-11
 67.0   20490.00   .7906131E-11
 67.0   20500.00   .7905288E-11
 67.0   20510.00   .7904472E-11
 67.0   20520.00   .7903660E-11
 67.0   20530.00   .7902848E-11
 67.0   20540.00   .7902047E-11
 67.0   20550.00   .7901252E-11
 67.0   20560.00   .7900456E-11
 67.0   20570.00   .7899664E-11
 67.0   20580.00   .7898892E-11
 67.0   20590.00   .7898105E-11
 67.0   20600.00   .7897343E-11
 67.0   20610.00   .7896580E-11
 67.0   20620.00   .7895829E-11
 67.0   20630.00   .7895070E-11
 67.0   20640.00   .7894329E-11
 67.0   20650.00   .7893587E-11
 67.0   20660.00   .7892843E-11
 67.0   20670.00   .7892132E-11
 67.0   20680.00   .7891406E-11
 67.0   20690.00   .7890678E-11
 67.0   20700.00   .7889968E-11
 67.0   20710.00   .7889251E-11
 67.0   20720.00   .7888565E-11
 67.0   20730.00   .7887872E-11
 67.0   20740.00   .7887176E-11
 67.0   20750.00   .7886500E-11
 67.0   20760.00   .7885815E-11
 67.0   20770.00   .7885142E-11
 67.0   20780.00   .7884481E-11
 67.0   20790.00   .7883811E-11
 67.0   20800.00   .7883166E-11
 67.0   20810.00   .7882514E-11
 67.0   20820.00   .7881879E-11
 67.0   20830.00   .7881223E-11
 67.0   20840.00   .7880600E-11
 67.0   20850.00   .7879974E-11
 67.0   20860.00   .7879340E-11
 67.0   20870.00   .7878730E-11
 67.0   20880.00   .7878120E-11
 67.0   20890.00   .7877514E-11
 67.0   20900.00   .7876913E-11
 67.0   20910.00   .7876324E-11
 67.0   20920.00   .7875727E-11
 67.0   20930.00   .7875141E-11
 67.0   20940.00   .7874566E-11
 67.0   20950.00   .7873998E-11
 67.0   20960.00   .7873420E-11
 67.0   20970.00   .7872861E-11
 67.0   20980.00   .7872306E-11
 67.0   20990.00   .7871757E-11
 67.0   21000.00   .7871205E-11
 67.0   21010.00   .7870659E-11
 67.0   21020.00   .7870117E-11
 67.0   21030.00   .7869607E-11
 67.0   21040.00   .7869068E-11
 67.0   21050.00   .7868541E-11
 67.0   21060.00   .7868026E-11
 67.0   21070.00   .7867522E-11
 67.0   21080.00   .7867022E-11
 67.0   21090.00   .7866521E-11
 67.0   21100.00   .7866038E-11
 67.0   21110.00   .7865539E-11
 67.0   21120.00   .7865046E-11
 67.0   21130.00   .7864571E-11
 67.0   21140.00   .7864100E-11
 67.0   21150.00   .7863634E-11
 67.0   21160.00   .7863167E-11
 67.0   21170.00   .7862723E-11
 67.0   21180.00   .7862258E-11
 67.0   21190.00   .7861804E-11
 67.0   21200.00   .7861369E-11
 67.0   21210.00   .7860938E-11
 67.0   21220.00   .7860498E-11
 67.0   21230.00   .7860069E-11
 67.0   21240.00   .7859652E-11
 67.0   21250.00   .7859233E-11
 67.0   21260.00   .7858825E-11
 67.0   21270.00   .7858409E-11
 67.0   21280.00   .7858010E-11
 67.0   21290.00   .7857616E-11
 67.0   21300.00   .7857227E-11
 67.0   21310.00   .7856835E-11
 67.0   21320.00   .7856448E-11
 67.0   21330.00   .7856066E-11
 67.0   21340.00   .7855715E-11
 67.0   21350.00   .7855341E-11
 67.0   21360.00   .7854973E-11
 67.0   21370.00   .7854622E-11
 67.0   21380.00   .7854262E-11
 67.0   21390.00   .7853927E-11
 67.0   21400.00   .7853583E-11
 67.0   21410.00   .7853230E-11
 67.0   21420.00   .7852901E-11
 67.0   21430.00   .7852577E-11
 67.0   21440.00   .7852251E-11
 67.0   21450.00   .7851929E-11
 67.0   21460.00   .7851624E-11
 67.0   21470.00   .7851325E-11
 67.0   21480.00   .7851003E-11
 67.0   21490.00   .7850719E-11
 67.0   21500.00   .7850412E-11
 67.0   21510.00   .7850131E-11
 67.0   21520.00   .7849832E-11
 67.0   21530.00   .7849553E-11
 67.0   21540.00   .7849290E-11
 67.0   21550.00   .7849019E-11
 67.0   21560.00   .7848758E-11
 67.0   21570.00   .7848496E-11
 67.0   21580.00   .7848237E-11
 67.0   21590.00   .7847984E-11
 67.0   21600.00   .7847740E-11
 67.0   21610.00   .7847495E-11
 67.0   21620.00   .7847260E-11
 67.0   21630.00   .7847030E-11
 67.0   21640.00   .7846804E-11
 67.0   21650.00   .7846575E-11
 67.0   21660.00   .7846351E-11
 67.0   21670.00   .7846131E-11
 67.0   21680.00   .7845929E-11
 67.0   21690.00   .7845724E-11
 67.0   21700.00   .7845530E-11
 67.0   21710.00   .7845326E-11
 67.0   21720.00   .7845140E-11
 67.0   21730.00   .7844965E-11
 67.0   21740.00   .7844762E-11
 67.0   21750.00   .7844595E-11
 67.0   21760.00   .7844419E-11
 67.0   21770.00   .7844241E-11
 67.0   21780.00   .7844080E-11
 67.0   21790.00   .7843923E-11
 67.0   21800.00   .7843771E-11
 67.0   21810.00   .7843616E-11
 67.0   21820.00   .7843471E-11
 67.0   21830.00   .7843324E-11
 67.0   21840.00   .7843188E-11
 67.0   21850.00   .7843062E-11
 67.0   21860.00   .7842927E-11
 67.0   21870.00   .7842803E-11
 67.0   21880.00   .7842689E-11
 67.0   21890.00   .7842567E-11
 67.0   21900.00   .7842468E-11
 67.0   21910.00   .7842346E-11
 67.0   21920.00   .7842243E-11
 67.0   21930.00   .7842156E-11
 67.0   21940.00   .7842059E-11
 67.0   21950.00   .7841980E-11
 67.0   21960.00   .7841886E-11
 67.0   21970.00   .7841808E-11
 67.0   21980.00   .7841727E-11
 67.0   21990.00   .7841658E-11
 67.0   22000.00   .7841585E-11
 67.0   22010.00   .7841529E-11
 67.0   22020.00   .7841458E-11
 67.0   22030.00   .7841418E-11
 67.0   22040.00   .7841367E-11
 67.0   22050.00   .7841314E-11
 67.0   22060.00   .7841278E-11
 67.0   22070.00   .7841226E-11
 67.0   22080.00   .7841197E-11
 67.0   22090.00   .7841166E-11
 67.0   22100.00   .7841146E-11
 67.0   22110.00   .7841122E-11
 67.0   22120.00   .7841110E-11
 67.0   22130.00   .7841094E-11
 67.0   22140.00   .7841088E-11
 67.0   22150.00   .7841080E-11
 67.0   22160.00   .7841082E-11
 67.0   22170.00   .7841088E-11
 67.0   22180.00   .7841084E-11
 67.0   22190.00   .7841098E-11
 67.0   22200.00   .7841115E-11
 67.0   22210.00   .7841136E-11
 67.0   22220.00   .7841174E-11
 67.0   22230.00   .7841189E-11
 67.0   22240.00   .7841227E-11
 67.0   22250.00   .7841263E-11
 67.0   22260.00   .7841309E-11
 67.0   22270.00   .7841339E-11
 67.0   22280.00   .7841392E-11
 67.0   22290.00   .7841449E-11
 67.0   22300.00   .7841503E-11
 67.0   22310.00   .7841561E-11
 67.0   22320.00   .7841622E-11
 67.0   22330.00   .7841693E-11
 67.0   22340.00   .7841768E-11
 67.0   22350.00   .7841853E-11
 67.0   22360.00   .7841929E-11
 67.0   22370.00   .7842008E-11
 67.0   22380.00   .7842098E-11
 67.0   22390.00   .7842191E-11
 67.0   22400.00   .7842294E-11
 67.0   22410.00   .7842394E-11
 67.0   22420.00   .7842484E-11
 67.0   22430.00   .7842584E-11
 67.0   22440.00   .7842695E-11
 67.0   22450.00   .7842821E-11
 67.0   22460.00   .7842939E-11
 67.0   22470.00   .7843060E-11
 67.0   22480.00   .7843191E-11
 67.0   22490.00   .7843312E-11
 67.0   22500.00   .7843456E-11
 67.0   22510.00   .7843590E-11
 67.0   22520.00   .7843741E-11
 67.0   22530.00   .7843869E-11
 67.0   22540.00   .7844027E-11
 67.0   22550.00   .7844168E-11
 67.0   22560.00   .7844332E-11
 67.0   22570.00   .7844493E-11
 67.0   22580.00   .7844650E-11
 67.0   22590.00   .7844824E-11
 67.0   22600.00   .7844982E-11
 67.0   22610.00   .7845156E-11
 67.0   22620.00   .7845346E-11
 67.0   22630.00   .7845520E-11
 67.0   22640.00   .7845704E-11
 67.0   22650.00   .7845891E-11
 67.0   22660.00   .7846074E-11
 67.0   22670.00   .7846280E-11
 67.0   22680.00   .7846476E-11
 67.0   22690.00   .7846676E-11
 67.0   22700.00   .7846878E-11
 67.0   22710.00   .7847091E-11
 67.0   22720.00   .7847306E-11
 67.0   22730.00   .7847518E-11
 67.0   22740.00   .7847740E-11
 67.0   22750.00   .7847971E-11
 67.0   22760.00   .7848185E-11
 67.0   22770.00   .7848416E-11
 67.0   22780.00   .7848650E-11
 67.0   22790.00   .7848886E-11
 67.0   22800.00   .7849119E-11
 67.0   22810.00   .7849369E-11
 67.0   22820.00   .7849607E-11
 67.0   22830.00   .7849863E-11
 67.0   22840.00   .7850114E-11
 67.0   22850.00   .7850368E-11
 67.0   22860.00   .7850632E-11
 67.0   22870.00   .7850886E-11
 67.0   22880.00   .7851156E-11
 67.0   22890.00   .7851415E-11
 67.0   22900.00   .7851684E-11
 67.0   22910.00   .7851962E-11
 67.0   22920.00   .7852243E-11
 67.0   22930.00   .7852520E-11
 67.0   22940.00   .7852801E-11
 67.0   22950.00   .7853097E-11
 67.0   22960.00   .7853383E-11
 67.0   22970.00   .7853684E-11
 67.0   22980.00   .7853962E-11
 67.0   22990.00   .7854276E-11
 67.0   23000.00   .7854579E-11
 67.0   23010.00   .7854885E-11
 67.0   23020.00   .7855187E-11
 67.0   23030.00   .7855505E-11
 67.0   23040.00   .7855819E-11
 67.0   23050.00   .7856129E-11
 67.0   23060.00   .7856449E-11
 67.0   23070.00   .7856777E-11
 67.0   23080.00   .7857102E-11
 67.0   23090.00   .7857435E-11
 67.0   23100.00   .7857752E-11
 67.0   23110.00   .7858104E-11
 67.0   23120.00   .7858433E-11
 67.0   23130.00   .7858770E-11
 67.0   23140.00   .7859117E-11
 67.0   23150.00   .7859466E-11
 67.0   23160.00   .7859817E-11
 67.0   23170.00   .7860171E-11
 67.0   23180.00   .7860501E-11
 67.0   23190.00   .7860880E-11
 67.0   23200.00   .7861242E-11
 67.0   23210.00   .7861606E-11
 67.0   23220.00   .7861966E-11
 67.0   23230.00   .7862335E-11
 67.0   23240.00   .7862712E-11
 67.0   23250.00   .7863073E-11
 67.0   23260.00   .7863449E-11
 67.0   23270.00   .7863821E-11
 67.0   23280.00   .7864215E-11
 67.0   23290.00   .7864604E-11
 67.0   23300.00   .7864983E-11
 67.0   23310.00   .7865364E-11
 67.0   23320.00   .7865767E-11
 67.0   23330.00   .7866159E-11
 67.0   23340.00   .7866561E-11
 67.0   23350.00   .7866957E-11
 67.0   23360.00   .7867363E-11
 67.0   23370.00   .7867764E-11
 67.0   23380.00   .7868174E-11
 67.0   23390.00   .7868573E-11
 67.0   23400.00   .7868981E-11
 67.0   23410.00   .7869411E-11
 67.0   23420.00   .7869823E-11
 67.0   23430.00   .7870244E-11
 67.0   23440.00   .7870668E-11
 67.0   23450.00   .7871093E-11
 67.0   23460.00   .7871514E-11
 67.0   23470.00   .7871950E-11
 67.0   23480.00   .7872388E-11
 67.0   23490.00   .7872815E-11
 67.0   23500.00   .7873244E-11
 67.0   23510.00   .7873688E-11
 67.0   23520.00   .7874128E-11
 67.0   23530.00   .7874570E-11
 67.0   23540.00   .7875013E-11
 67.0   23550.00   .7875480E-11
 67.0   23560.00   .7875907E-11
 67.0   23570.00   .7876363E-11
 67.0   23580.00   .7876822E-11
 67.0   23590.00   .7877268E-11
 67.0   23600.00   .7877737E-11
 67.0   23610.00   .7878202E-11
 67.0   23620.00   .7878661E-11
 67.0   23630.00   .7879122E-11
 67.0   23640.00   .7879598E-11
 67.0   23650.00   .7880056E-11
 67.0   23660.00   .7880537E-11
 67.0   23670.00   .7881019E-11
 67.0   23680.00   .7881482E-11
 67.0   23690.00   .7881954E-11
 67.0   23700.00   .7882455E-11
 67.0   23710.00   .7882917E-11
 67.0   23720.00   .7883415E-11
 67.0   23730.00   .7883901E-11
 67.0   23740.00   .7884389E-11
 67.0   23750.00   .7884878E-11
 67.0   23760.00   .7885369E-11
 67.0   23770.00   .7885855E-11
 67.0   23780.00   .7886357E-11
 67.0   23790.00   .7886859E-11
 67.0   23800.00   .7887357E-11
 67.0   23810.00   .7887863E-11
 67.0   23820.00   .7888371E-11
 67.0   23830.00   .7888867E-11
 67.0   23840.00   .7889385E-11
 67.0   23850.00   .7889897E-11
 67.0   23860.00   .7890405E-11
 67.0   23870.00   .7890914E-11
 67.0   23880.00   .7891438E-11
 67.0   23890.00   .7891950E-11
 67.0   23900.00   .7892470E-11
 67.0   23910.00   .7892992E-11
 67.0   23920.00   .7893508E-11
 67.0   23930.00   .7894033E-11
 67.0   23940.00   .7894559E-11
 67.0   23950.00   .7895080E-11
 67.0   23960.00   .7895610E-11
 67.0   23970.00   .7896154E-11
 67.0   23980.00   .7896685E-11
 67.0   23990.00   .7897212E-11
 67.0   24000.00   .7897761E-11
 67.0   24010.00   .7898297E-11
 67.0   24020.00   .7898814E-11
 67.0   24030.00   .7899373E-11
 67.0   24040.00   .7899913E-11
 67.0   24050.00   .7900455E-11
 67.0   24060.00   .7900998E-11
 67.0   24070.00   .7901548E-11
 67.0   24080.00   .7902101E-11
 67.0   24090.00   .7902647E-11
 67.0   24100.00   .7903202E-11
 67.0   24110.00   .7903751E-11
 67.0   24120.00   .7904301E-11
 67.0   24130.00   .7904873E-11
 67.0   24140.00   .7905412E-11
 67.0   24150.00   .7905973E-11
 67.0   24160.00   .7906542E-11
 67.0   24170.00   .7907098E-11
 67.0   24180.00   .7907669E-11
 67.0   24190.00   .7908228E-11
 67.0   24200.00   .7908794E-11
 67.0   24210.00   .7909375E-11
 67.0   24220.00   .7909937E-11
 67.0   24230.00   .7910513E-11
 67.0   24240.00   .7911071E-11
 67.0   24250.00   .7911642E-11
 67.0   24260.00   .7912215E-11
 67.0   24270.00   .7912796E-11
 67.0   24280.00   .7913384E-11
 67.0   24290.00   .7913960E-11
 67.0   24300.00   .7914530E-11
 67.0   24310.00   .7915115E-11
 67.0   24320.00   .7915693E-11
 67.0   24330.00   .7916273E-11
 67.0   24340.00   .7916861E-11
 67.0   24350.00   .7917449E-11
 67.0   24360.00   .7918038E-11
 67.0   24370.00   .7918629E-11
 67.0   24380.00   .7919206E-11
 67.0   24390.00   .7919818E-11
 67.0   24400.00   .7920390E-11
 67.0   24410.00   .7920991E-11
 67.0   24420.00   .7921572E-11
 67.0   24430.00   .7922180E-11
 67.0   24440.00   .7922770E-11
 67.0   24450.00   .7923367E-11
 67.0   24460.00   .7923957E-11
 67.0   24470.00   .7924569E-11
 67.0   24480.00   .7925162E-11
 67.0   24490.00   .7925754E-11
 67.0   24500.00   .7926368E-11
 67.0   24510.00   .7926956E-11
 67.0   24520.00   .7927564E-11
 67.0   24530.00   .7928160E-11
 67.0   24540.00   .7928777E-11
 67.0   24550.00   .7929374E-11
 67.0   24560.00   .7929978E-11
 67.0   24570.00   .7930597E-11
 67.0   24580.00   .7931209E-11
 67.0   24590.00   .7931809E-11
 67.0   24600.00   .7932429E-11
 67.0   24610.00   .7933023E-11
 67.0   24620.00   .7933644E-11
 67.0   24630.00   .7934260E-11
 67.0   24640.00   .7934869E-11
 67.0   24650.00   .7935472E-11
 67.0   24660.00   .7936095E-11
 67.0   24670.00   .7936706E-11
 67.0   24680.00   .7937337E-11
 67.0   24690.00   .7937942E-11
 67.0   24700.00   .7938567E-11
 67.0   24710.00   .7939180E-11
 67.0   24720.00   .7939799E-11
 67.0   24730.00   .7940419E-11
 67.0   24740.00   .7941039E-11
 67.0   24750.00   .7941667E-11
 67.0   24760.00   .7942295E-11
 67.0   24770.00   .7942902E-11
 67.0   24780.00   .7943524E-11
 67.0   24790.00   .7944146E-11
 67.0   24800.00   .7944789E-11
 67.0   24810.00   .7945398E-11
 67.0   24820.00   .7946027E-11
 67.0   24830.00   .7946650E-11
 67.0   24840.00   .7947281E-11
 67.0   24850.00   .7947898E-11
 67.0   24860.00   .7948528E-11
 67.0   24870.00   .7949159E-11
 67.0   24880.00   .7949784E-11
 67.0   24890.00   .7950408E-11
 67.0   24900.00   .7951033E-11
 67.0   24910.00   .7951664E-11
 67.0   24920.00   .7952289E-11
 67.0   24930.00   .7952928E-11
 67.0   24940.00   .7953553E-11
 67.0   24950.00   .7954192E-11
 67.0   24960.00   .7954810E-11
 67.0   24970.00   .7955450E-11
 67.0   24980.00   .7956075E-11
 67.0   24990.00   .7956700E-11
 67.0   25000.00   .7957347E-11
