100 .4402899E-17
101 .1287306E-15
102 .1000658E-14
103 .4619722E-14
104 .1583498E-13
105 .4456323E-13
106 .1087912E-12
107 .2382930E-12
108 .4788546E-12
109 .8966493E-12
110 .1582250E-11
111 .2653655E-11
112 .4257605E-11
113 .6568464E-11
114 .9784021E-11
115 .1411763E-10
116 .1978656E-10
117 .2699642E-10
118 .3592239E-10
119 .4668795E-10
120 .5934270E-10
121 .7384064E-10
122 .9002178E-10
123 .1075983E-09
124 .1261487E-09
125 .1451208E-09
126 .1638970E-09
127 .1820153E-09
128 .1991128E-09
129 .2149028E-09
130 .2291850E-09
131 .2418489E-09
132 .2528729E-09
133 .2623180E-09
134 .2703182E-09
135 .2770706E-09
136 .2828226E-09
137 .2878617E-09
138 .2924986E-09
139 .2968981E-09
140 .3010631E-09
141 .3049889E-09
142 .3086725E-09
143 .3121123E-09
144 .3153095E-09
145 .3182695E-09
146 .3210012E-09
147 .3235185E-09
148 .3258403E-09
149 .3279894E-09
150 .3299941E-09
151 .3318841E-09
152 .3336840E-09
153 .3354158E-09
154 .3371005E-09
155 .3387579E-09
156 .3404071E-09
157 .3420666E-09
158 .3437538E-09
159 .3454854E-09
160 .3472778E-09
161 .3491466E-09
162 .3511074E-09
163 .3531754E-09
164 .3553653E-09
165 .3576925E-09
166 .3601717E-09
167 .3628184E-09
168 .3656478E-09
169 .3686761E-09
170 .3719198E-09
171 .3753960E-09
172 .3791225E-09
173 .3831186E-09
174 .3874041E-09
175 .3920001E-09
176 .3969245E-09
177 .4021767E-09
178 .4077511E-09
179 .4136421E-09
180 .4198439E-09
181 .4263501E-09
182 .4331537E-09
183 .4402475E-09
184 .4476235E-09
185 .4552731E-09
186 .4631868E-09
187 .4713545E-09
188 .4797649E-09
189 .4884059E-09
190 .4972644E-09
191 .5063258E-09
192 .5155749E-09
193 .5249946E-09
194 .5345668E-09
195 .5442722E-09
196 .5540897E-09
197 .5639969E-09
198 .5739698E-09
199 .5839828E-09
200 .5940090E-09
201 .6040237E-09
202 .6140191E-09
203 .6239916E-09
204 .6339371E-09
205 .6438520E-09
206 .6537321E-09
207 .6635736E-09
208 .6733723E-09
209 .6831241E-09
210 .6928252E-09
211 .7024712E-09
212 .7120581E-09
213 .7215817E-09
214 .7310380E-09
215 .7404228E-09
216 .7497318E-09
217 .7589612E-09
218 .7681069E-09
219 .7771649E-09
220 .7861311E-09
221 .7950018E-09
222 .8037731E-09
223 .8124411E-09
224 .8210023E-09
225 .8294527E-09
226 .8377913E-09
227 .8460255E-09
228 .8541656E-09
229 .8622224E-09
230 .8702072E-09
231 .8781318E-09
232 .8860088E-09
233 .8938514E-09
234 .9016726E-09
235 .9094867E-09
236 .9173080E-09
237 .9251517E-09
238 .9330333E-09
239 .9409687E-09
240 .9489748E-09
241 .9570686E-09
242 .9652678E-09
243 .9735905E-09
244 .9820559E-09
245 .9906831E-09
246 .9994922E-09
247 .1008503E-08
248 .1017739E-08
249 .1027220E-08
250 .1036970E-08
251 .9757117E-09
252 .9713223E-09
253 .8359576E-09
254 .6823687E-09
255 .7785536E-09
256 .9602881E-09
257 .8857609E-09
258 .8237789E-09
259 .8426019E-09
260 .8500218E-09
261 .9779508E-09
262 .9033794E-09
263 .8401056E-09
264 .9236477E-09
265 .1222712E-08
266 .1188322E-08
267 .1183986E-08
268 .1367574E-08
269 .1386974E-08
270 .1481296E-08
271 .1615800E-08
272 .1701759E-08
273 .1793030E-08
274 .1801493E-08
275 .1943298E-08
276 .2056971E-08
277 .2142288E-08
278 .1992196E-08
279 .2040909E-08
280 .2260279E-08
281 .2374975E-08
282 .2509572E-08
283 .2587149E-08
284 .2770614E-08
285 .3376774E-08
286 .4157482E-08
287 .4770086E-08
288 .5230368E-08
289 .5346968E-08
290 .5481047E-08
291 .5528506E-08
292 .5506110E-08
293 .5448251E-08
294 .5407119E-08
295 .5347791E-08
296 .5235078E-08
297 .5068726E-08
298 .4901328E-08
299 .4715313E-08
300 .4475338E-08
301 .4358085E-08
302 .4169330E-08
303 .4086166E-08
304 .4091290E-08
305 .4238380E-08
306 .4154200E-08
307 .4479371E-08
308 .4912000E-08
309 .5309556E-08
310 .6172220E-08
311 .6374483E-08
312 .6505264E-08
313 .6653961E-08
314 .6784773E-08
315 .6825898E-08
316 .6920802E-08
317 .6997748E-08
318 .6984788E-08
319 .6899750E-08
320 .6796534E-08
321 .6494924E-08
322 .6265026E-08
323 .6034829E-08
324 .5822411E-08
325 .5700111E-08
326 .5595805E-08
327 .5545743E-08
328 .5550068E-08
329 .5554547E-08
330 .5631771E-08
331 .5691162E-08
332 .6114368E-08
333 .6247547E-08
334 .6526929E-08
335 .6825360E-08
336 .7015169E-08
337 .6840238E-08
338 .6738265E-08
339 .6526359E-08
340 .6717405E-08
341 .7055861E-08
342 .7266598E-08
343 .7698720E-08
344 .7892475E-08
345 .7957624E-08
346 .8318424E-08
347 .8254801E-08
348 .8190963E-08
349 .8404931E-08
350 .8786340E-08
351 .8871214E-08
352 .8825883E-08
353 .8822198E-08
354 .8472868E-08
355 .8097452E-08
356 .7812952E-08
357 .7430626E-08
358 .7168071E-08
359 .6776984E-08
360 .6687628E-08
361 .6975131E-08
362 .6104974E-08
363 .5676798E-08
364 .5698257E-08
365 .4933160E-08
366 .3853115E-08
367 .3798953E-08
368 .3644955E-08
369 .3302742E-08
370 .3131949E-08
371 .3502658E-08
372 .3335294E-08
373 .3605223E-08
374 .3705738E-08
375 .3898328E-08
376 .4152660E-08
377 .4628900E-08
378 .4832256E-08
379 .4923797E-08
380 .5889831E-08
381 .6577295E-08
382 .5879742E-08
383 .6497149E-08
384 .7292820E-08
385 .7986565E-08
386 .8744291E-08
387 .9246670E-08
388 .9475460E-08
389 .9433134E-08
390 .9312809E-08
391 .8886043E-08
392 .8756032E-08
393 .8591651E-08
394 .8234071E-08
395 .8421009E-08
396 .8105170E-08
397 .7964567E-08
398 .7795218E-08
399 .7817237E-08
400 .8083135E-08
401 .8181365E-08
402 .8563611E-08
403 .8919444E-08
404 .9233858E-08
405 .9561338E-08
406 .9999712E-08
407 .1019079E-07
408 .1020180E-07
409 .1009437E-07
410 .9978023E-08
411 .9684858E-08
412 .9385044E-08
413 .9296960E-08
414 .9037368E-08
415 .8871579E-08
416 .8677078E-08
417 .8514220E-08
418 .8298345E-08
419 .8017784E-08
420 .7670013E-08
421 .7163595E-08
422 .6680166E-08
423 .6179298E-08
424 .5702902E-08
425 .5276403E-08
426 .4812894E-08
427 .4521321E-08
428 .4269858E-08
429 .4327998E-08
430 .4226375E-08
431 .4386593E-08
432 .4717808E-08
433 .4905728E-08
434 .5117241E-08
435 .5447481E-08
436 .5669661E-08
437 .5996909E-08
438 .6190487E-08
439 .6188520E-08
440 .6212273E-08
441 .6048713E-08
442 .6063761E-08
443 .6117848E-08
444 .6352351E-08
445 .6665519E-08
446 .7018757E-08
447 .7454144E-08
448 .7583990E-08
449 .7812333E-08
450 .7839675E-08
451 .7809633E-08
452 .7719530E-08
453 .7580208E-08
454 .7424750E-08
455 .7292662E-08
456 .7238277E-08
457 .7079085E-08
458 .6992060E-08
459 .6862697E-08
460 .6504877E-08
461 .6100887E-08
462 .5561003E-08
463 .5149931E-08
464 .4820622E-08
465 .4630495E-08
466 .4583759E-08
467 .4550482E-08
468 .4534585E-08
469 .4353077E-08
470 .4152419E-08
471 .3885393E-08
472 .3702472E-08
473 .3570098E-08
474 .3460420E-08
475 .3458784E-08
476 .3491060E-08
477 .3502623E-08
478 .3524364E-08
479 .3535566E-08
480 .3489691E-08
481 .3420069E-08
482 .3291121E-08
483 .3172855E-08
484 .3006936E-08
485 .2866363E-08
486 .2760083E-08
487 .2704901E-08
488 .2759744E-08
489 .2793195E-08
490 .2916304E-08
491 .2944880E-08
492 .2969412E-08
493 .2977569E-08
494 .2995756E-08
495 .3049880E-08
496 .3064000E-08
497 .3124897E-08
498 .3139656E-08
499 .3169600E-08
500 .3326455E-08
501 .3449940E-08
502 .3591745E-08
503 .3778453E-08
504 .3938928E-08
505 .4125077E-08
506 .4249928E-08
507 .4398225E-08
508 .4522127E-08
509 .4589363E-08
510 .4680468E-08
511 .4671239E-08
512 .4659748E-08
513 .4642992E-08
514 .4616587E-08
515 .4579856E-08
516 .4629878E-08
517 .4554817E-08
518 .4421544E-08
519 .4265855E-08
520 .4032494E-08
521 .3803600E-08
522 .3596969E-08
523 .3369915E-08
524 .3209195E-08
525 .3067262E-08
526 .3006156E-08
527 .2987572E-08
528 .2994681E-08
529 .3027685E-08
530 .3086097E-08
531 .3125511E-08
532 .3216363E-08
533 .3254256E-08
534 .3276693E-08
535 .3293157E-08
536 .3251111E-08
537 .3196346E-08
538 .3112491E-08
539 .3028186E-08
540 .2934183E-08
541 .2830830E-08
542 .2765592E-08
543 .2724617E-08
544 .2725105E-08
545 .2764045E-08
546 .2864449E-08
547 .2997674E-08
548 .3161727E-08
549 .3311297E-08
550 .3499470E-08
551 .3617013E-08
552 .3739910E-08
553 .3832879E-08
554 .3883210E-08
555 .3879414E-08
556 .3839150E-08
557 .3857275E-08
558 .3849362E-08
559 .3920003E-08
560 .3880706E-08
561 .3875628E-08
562 .3862117E-08
563 .3848254E-08
564 .3817955E-08
565 .3739906E-08
566 .3714631E-08
567 .3663496E-08
568 .3616451E-08
569 .3591572E-08
570 .3530589E-08
571 .3459416E-08
572 .3391439E-08
573 .3308959E-08
574 .3305835E-08
575 .3266017E-08
576 .3285404E-08
577 .3323283E-08
578 .3331685E-08
579 .3360012E-08
580 .3420624E-08
581 .3439193E-08
582 .3462102E-08
583 .3481913E-08
584 .3488728E-08
585 .3496241E-08
586 .3439936E-08
587 .3433000E-08
588 .3321639E-08
589 .3177858E-08
590 .3293358E-08
591 .3444520E-08
592 .3366019E-08
593 .3177498E-08
594 .2931156E-08
595 .2677804E-08
596 .2421845E-08
597 .2215638E-08
598 .2014620E-08
599 .1868341E-08
600 .1726643E-08
601 .1621714E-08
602 .1487153E-08
603 .1398882E-08
604 .1280995E-08
605 .1178611E-08
606 .1102036E-08
607 .1080710E-08
608 .1078879E-08
609 .1122262E-08
610 .1173124E-08
611 .1257857E-08
612 .1319588E-08
613 .1417680E-08
614 .1538858E-08
615 .1661464E-08
616 .1827981E-08
617 .1996181E-08
618 .2124292E-08
619 .2274010E-08
620 .2432546E-08
621 .2573339E-08
622 .2690173E-08
623 .2775977E-08
624 .2848869E-08
625 .2897039E-08
626 .2947204E-08
627 .3036099E-08
628 .3058899E-08
629 .3116722E-08
630 .3156559E-08
631 .3177101E-08
632 .3147031E-08
633 .3152343E-08
634 .3151055E-08
635 .3148094E-08
636 .3123846E-08
637 .3084903E-08
638 .3041909E-08
639 .2990485E-08
640 .2949991E-08
641 .2858393E-08
642 .2808499E-08
643 .2755113E-08
644 .2706672E-08
645 .2622975E-08
646 .2591087E-08
647 .2560104E-08
648 .2536085E-08
649 .2459523E-08
650 .2426551E-08
651 .2395799E-08
652 .2360388E-08
653 .2298181E-08
654 .2293901E-08
655 .2261618E-08
656 .2219976E-08
657 .2186681E-08
658 .2141467E-08
659 .2088572E-08
660 .2074841E-08
661 .2057440E-08
662 .2033487E-08
663 .2004470E-08
664 .1948131E-08
665 .1933107E-08
666 .1922151E-08
667 .1877745E-08
668 .1846449E-08
669 .1824491E-08
670 .1777222E-08
671 .1756505E-08
672 .1733871E-08
673 .1709138E-08
674 .1668782E-08
675 .1672727E-08
676 .1632789E-08
677 .1643992E-08
678 .1612536E-08
679 .1597849E-08
680 .1571676E-08
681 .1578777E-08
682 .1538555E-08
683 .1492524E-08
684 .1470281E-08
685 .1438879E-08
686 .1483965E-08
687 .1436442E-08
688 .1441152E-08
689 .1395026E-08
690 .1422249E-08
691 .1387695E-08
692 .1371405E-08
693 .1381763E-08
694 .1363804E-08
695 .1377391E-08
696 .1351323E-08
697 .1331828E-08
698 .1332961E-08
699 .1323123E-08
700 .1305229E-08
701 .1314967E-08
702 .1321923E-08
703 .1301017E-08
704 .1312754E-08
705 .1296225E-08
706 .1282440E-08
707 .1284380E-08
708 .1276763E-08
709 .1267254E-08
710 .1271145E-08
711 .1251983E-08
712 .1238270E-08
713 .1219233E-08
714 .1179938E-08
715 .1171245E-08
716 .1163256E-08
717 .1156850E-08
718 .1199374E-08
719 .1189875E-08
720 .1154941E-08
721 .1158289E-08
722 .1143932E-08
723 .1132532E-08
724 .1143948E-08
725 .1095937E-08
726 .1086741E-08
727 .1091151E-08
728 .1077355E-08
729 .1070167E-08
730 .1075185E-08
731 .1064388E-08
732 .1026483E-08
733 .1027416E-08
734 .1002817E-08
735 .9871627E-09
736 .9826097E-09
737 .9732980E-09
738 .9461475E-09
739 .9200977E-09
740 .9006047E-09
741 .8885815E-09
742 .8620333E-09
743 .8804930E-09
744 .8687200E-09
745 .8624174E-09
746 .8828195E-09
747 .8672241E-09
748 .8694347E-09
749 .9025626E-09
750 .9129324E-09
751 .9149715E-09
752 .9279243E-09
753 .9294631E-09
754 .9247569E-09
755 .9012928E-09
756 .8907284E-09
757 .8105897E-09
758 .7864210E-09
759 .8386478E-09
760 .8434545E-09
761 .8978065E-09
762 .9458711E-09
763 .9187215E-09
764 .9568262E-09
765 .9811915E-09
766 .9403246E-09
767 .9502175E-09
768 .9368960E-09
769 .9600223E-09
770 .9655626E-09
771 .9624379E-09
772 .9733703E-09
773 .9795962E-09
774 .9846580E-09
775 .9793651E-09
776 .9855586E-09
777 .1009196E-08
778 .1027820E-08
779 .1004342E-08
780 .1002332E-08
781 .1033383E-08
782 .1023321E-08
783 .9809451E-09
784 .1005945E-08
785 .1016236E-08
786 .9791893E-09
787 .9311786E-09
788 .9756408E-09
789 .9628575E-09
790 .9003940E-09
791 .8965559E-09
792 .9246621E-09
793 .8720796E-09
794 .8090762E-09
795 .8051952E-09
796 .7800913E-09
797 .7194726E-09
798 .6701124E-09
799 .6846001E-09
800 .6728639E-09
801 .6219633E-09
802 .5922630E-09
803 .6126141E-09
804 .5905227E-09
805 .5650360E-09
806 .5292932E-09
807 .5303063E-09
808 .5330666E-09
809 .4947943E-09
810 .4583467E-09
811 .4690005E-09
812 .4602321E-09
813 .4154116E-09
814 .4087136E-09
815 .4150561E-09
816 .4203148E-09
817 .4129043E-09
818 .3912627E-09
819 .4096918E-09
820 .4259437E-09
821 .4248401E-09
822 .4094894E-09
823 .4227773E-09
824 .4463799E-09
825 .4186290E-09
826 .4516807E-09
827 .4735810E-09
828 .4996217E-09
829 .4846095E-09
830 .5164676E-09
831 .5733211E-09
832 .5797460E-09
833 .5527425E-09
834 .5804411E-09
835 .6482757E-09
836 .6580869E-09
837 .6480070E-09
838 .6794475E-09
839 .7293575E-09
840 .7391647E-09
841 .7147601E-09
842 .7327156E-09
843 .7845969E-09
844 .7905167E-09
845 .7573260E-09
846 .7768432E-09
847 .8250766E-09
848 .8306401E-09
849 .7888725E-09
850 .7925949E-09
851 .8392279E-09
852 .8438729E-09
853 .7933220E-09
854 .8010350E-09
855 .8283816E-09
856 .8010089E-09
857 .7865873E-09
858 .8015710E-09
859 .8342635E-09
860 .8024745E-09
861 .7664704E-09
862 .7770773E-09
863 .8059545E-09
864 .7810123E-09
865 .7396435E-09
866 .7774412E-09
867 .8084024E-09
868 .7626579E-09
869 .7279429E-09
870 .7482844E-09
871 .7763543E-09
872 .7435497E-09
873 .6786687E-09
874 .6751453E-09
875 .7299030E-09
876 .6923209E-09
877 .6513702E-09
878 .6505353E-09
879 .6888070E-09
880 .6557877E-09
881 .6084620E-09
882 .6015641E-09
883 .6340889E-09
884 .6538718E-09
885 .6089092E-09
886 .5893288E-09
887 .6119862E-09
888 .6336552E-09
889 .6033650E-09
890 .5721402E-09
891 .5795977E-09
892 .5972503E-09
893 .6165315E-09
894 .5944116E-09
895 .5777059E-09
896 .5561642E-09
897 .5513474E-09
898 .5615980E-09
899 .5945630E-09
900 .6095019E-09
901 .5622166E-09
902 .5496712E-09
903 .5639948E-09
904 .5773838E-09
905 .5647987E-09
906 .5667291E-09
907 .5543655E-09
908 .5599194E-09
909 .5629243E-09
910 .5591510E-09
911 .5776270E-09
912 .5712300E-09
913 .5641538E-09
914 .5840969E-09
915 .5753975E-09
916 .5671741E-09
917 .5879738E-09
918 .5808904E-09
919 .6167288E-09
920 .5946069E-09
921 .6128339E-09
922 .6105577E-09
923 .6060282E-09
924 .5937767E-09
925 .5935037E-09
926 .6093551E-09
927 .5971187E-09
928 .5809009E-09
929 .5774878E-09
930 .5510856E-09
931 .5025166E-09
932 .4474887E-09
933 .4437041E-09
934 .3882179E-09
935 .4168457E-09
936 .3966614E-09
937 .4269938E-09
938 .4044596E-09
939 .4800134E-09
940 .5000122E-09
941 .4876538E-09
942 .4558054E-09
943 .4108946E-09
944 .4023560E-09
945 .4218586E-09
946 .4054824E-09
947 .4187880E-09
948 .4315650E-09
949 .4341361E-09
950 .3710682E-09
951 .4362126E-09
952 .3854591E-09
953 .3966503E-09
954 .4161638E-09
955 .4023045E-09
956 .4047811E-09
957 .3769682E-09
958 .4190391E-09
959 .3795772E-09
960 .3986486E-09
961 .3931670E-09
962 .4035638E-09
963 .3962900E-09
964 .3939090E-09
965 .3917482E-09
966 .4129926E-09
967 .3698637E-09
968 .3854790E-09
969 .3800711E-09
970 .3769264E-09
971 .3885683E-09
972 .3682696E-09
973 .3882967E-09
974 .3687976E-09
975 .3661182E-09
976 .3549761E-09
977 .3790421E-09
978 .3649282E-09
979 .3598114E-09
980 .3663977E-09
981 .3450283E-09
982 .3549339E-09
983 .3617036E-09
984 .3660107E-09
985 .3610231E-09
986 .3569924E-09
987 .3503181E-09
988 .3681775E-09
989 .3484396E-09
990 .3544334E-09
991 .3242327E-09
992 .3552482E-09
993 .3221089E-09
994 .3222150E-09
995 .3554703E-09
996 .3363045E-09
997 .3372608E-09
998 .3377501E-09
999 .3395677E-09
1000 .3410228E-09
1001 .3395470E-09
1002 .3380716E-09
1003 .3365966E-09
1004 .3351214E-09
1005 .3336465E-09
1006 .3321716E-09
1007 .3306970E-09
1008 .3292218E-09
1009 .3277471E-09
1010 .3262725E-09
1011 .3247976E-09
1012 .3233228E-09
1013 .3218480E-09
1014 .3203727E-09
1015 .3188979E-09
1016 .3174227E-09
1017 .3159474E-09
1018 .3144720E-09
1019 .3129964E-09
1020 .3115207E-09
1021 .3100449E-09
1022 .3085687E-09
1023 .3070920E-09
1024 .3056155E-09
1025 .3041384E-09
1026 .3026613E-09
1027 .3011841E-09
1028 .2997061E-09
1029 .2982280E-09
1030 .2967493E-09
1031 .2952702E-09
1032 .2937913E-09
1033 .2923116E-09
1034 .2908315E-09
1035 .2893512E-09
1036 .2878705E-09
1037 .2863888E-09
1038 .2849071E-09
1039 .2834248E-09
1040 .2819420E-09
1041 .2804587E-09
1042 .2789748E-09
1043 .2774910E-09
1044 .2760059E-09
1045 .2745205E-09
1046 .2730345E-09
1047 .2715483E-09
1048 .2700612E-09
1049 .2685735E-09
1050 .2670854E-09
1051 .2655970E-09
1052 .2641080E-09
1053 .2626182E-09
1054 .2611280E-09
1055 .2596375E-09
1056 .2581462E-09
1057 .2566542E-09
1058 .2551619E-09
1059 .2536689E-09
1060 .2521757E-09
1061 .2506816E-09
1062 .2491868E-09
1063 .2476917E-09
1064 .2461961E-09
1065 .2446996E-09
1066 .2432029E-09
1067 .2417055E-09
1068 .2402076E-09
1069 .2387092E-09
1070 .2372100E-09
1071 .2357105E-09
1072 .2342102E-09
1073 .2327096E-09
1074 .2312084E-09
1075 .2297061E-09
1076 .2282040E-09
1077 .2267008E-09
1078 .2251972E-09
1079 .2236932E-09
1080 .2221882E-09
1081 .2206831E-09
1082 .2191770E-09
1083 .2176706E-09
1084 .2161634E-09
1085 .2146556E-09
1086 .2131475E-09
1087 .2116386E-09
1088 .2101294E-09
1089 .2086193E-09
1090 .2071084E-09
1091 .2055972E-09
1092 .2040859E-09
1093 .2025734E-09
1094 .2010603E-09
1095 .1995464E-09
1096 .1980325E-09
1097 .1965176E-09
1098 .1950024E-09
1099 .1934863E-09
1100 .1919698E-09
1101 .1904525E-09
1102 .1889346E-09
1103 .1874163E-09
1104 .1858972E-09
1105 .1843777E-09
1106 .1828574E-09
1107 .1813365E-09
1108 .1798151E-09
1109 .1782930E-09
1110 .1767703E-09
1111 .1752471E-09
1112 .1737232E-09
1113 .1721986E-09
1114 .1706735E-09
1115 .1691477E-09
1116 .1676213E-09
1117 .1660944E-09
1118 .1645667E-09
1119 .1630383E-09
1120 .1615095E-09
1121 .1599798E-09
1122 .1584500E-09
1123 .1569190E-09
1124 .1553877E-09
1125 .1538556E-09
1126 .1523230E-09
1127 .1507897E-09
1128 .1492557E-09
1129 .1477213E-09
1130 .1461862E-09
1131 .1462159E-09
1132 .1462456E-09
1133 .1462757E-09
1134 .1463054E-09
1135 .1463351E-09
1136 .1463652E-09
1137 .1463949E-09
1138 .1464248E-09
1139 .1464545E-09
1140 .1464845E-09
1141 .1465143E-09
1142 .1465440E-09
1143 .1465741E-09
1144 .1466038E-09
1145 .1466338E-09
1146 .1466634E-09
1147 .1466932E-09
1148 .1467232E-09
1149 .1467528E-09
1150 .1467827E-09
1151 .1468125E-09
1152 .1468423E-09
1153 .1468721E-09
1154 .1469018E-09
1155 .1469316E-09
1156 .1469614E-09
1157 .1469911E-09
1158 .1470208E-09
1159 .1470507E-09
1160 .1470801E-09
1161 .1471101E-09
1162 .1471396E-09
1163 .1471694E-09
1164 .1471990E-09
1165 .1472284E-09
1166 .1472581E-09
1167 .1472876E-09
1168 .1473172E-09
1169 .1473470E-09
1170 .1473764E-09
1171 .1474059E-09
1172 .1474353E-09
1173 .1474651E-09
1174 .1474943E-09
1175 .1475238E-09
1176 .1475531E-09
1177 .1475824E-09
1178 .1476118E-09
1179 .1476412E-09
1180 .1476706E-09
1181 .1476998E-09
1182 .1477291E-09
1183 .1477583E-09
1184 .1477876E-09
1185 .1478165E-09
1186 .1478456E-09
1187 .1478748E-09
1188 .1479038E-09
1189 .1479330E-09
1190 .1479618E-09
1191 .1479909E-09
1192 .1480198E-09
1193 .1480486E-09
1194 .1480775E-09
1195 .1481060E-09
1196 .1481350E-09
1197 .1481637E-09
1198 .1481925E-09
1199 .1482210E-09
1200 .1482498E-09
1201 .1482782E-09
1202 .1483069E-09
1203 .1483353E-09
1204 .1483636E-09
1205 .1483924E-09
1206 .1484204E-09
1207 .1484487E-09
1208 .1484770E-09
1209 .1485052E-09
1210 .1485333E-09
1211 .1485615E-09
1212 .1485895E-09
1213 .1486173E-09
1214 .1486454E-09
1215 .1486736E-09
1216 .1487011E-09
1217 .1487292E-09
1218 .1487566E-09
1219 .1487844E-09
1220 .1488121E-09
1221 .1488395E-09
1222 .1488670E-09
1223 .1488946E-09
1224 .1489219E-09
1225 .1489493E-09
1226 .1489766E-09
1227 .1490037E-09
1228 .1490311E-09
1229 .1490582E-09
1230 .1490849E-09
1231 .1491120E-09
1232 .1491389E-09
1233 .1491657E-09
1234 .1491924E-09
1235 .1492192E-09
1236 .1492455E-09
1237 .1492722E-09
1238 .1492987E-09
1239 .1493251E-09
1240 .1493516E-09
1241 .1493777E-09
1242 .1494040E-09
1243 .1494300E-09
1244 .1494561E-09
1245 .1494819E-09
1246 .1495078E-09
1247 .1495338E-09
1248 .1495595E-09
1249 .1495851E-09
1250 .1496105E-09
1251 .1496705E-09
1252 .1497307E-09
1253 .1497903E-09
1254 .1498501E-09
1255 .1499094E-09
1256 .1499689E-09
1257 .1500280E-09
1258 .1500869E-09
1259 .1501461E-09
1260 .1502051E-09
1261 .1502636E-09
1262 .1503223E-09
1263 .1503804E-09
1264 .1504386E-09
1265 .1504967E-09
1266 .1505547E-09
1267 .1506128E-09
1268 .1506703E-09
1269 .1507277E-09
1270 .1507853E-09
1271 .1508424E-09
1272 .1508991E-09
1273 .1509562E-09
1274 .1510133E-09
1275 .1510699E-09
1276 .1511261E-09
1277 .1511825E-09
1278 .1512386E-09
1279 .1512947E-09
1280 .1513505E-09
1281 .1514064E-09
1282 .1514616E-09
1283 .1515172E-09
1284 .1515725E-09
1285 .1516275E-09
1286 .1516823E-09
1287 .1517372E-09
1288 .1517916E-09
1289 .1518460E-09
1290 .1519004E-09
1291 .1519544E-09
1292 .1520086E-09
1293 .1520621E-09
1294 .1521161E-09
1295 .1521695E-09
1296 .1522228E-09
1297 .1522761E-09
1298 .1523291E-09
1299 .1523822E-09
1300 .1524349E-09
1301 .1524878E-09
1302 .1525401E-09
1303 .1525923E-09
1304 .1526446E-09
1305 .1526966E-09
1306 .1527486E-09
1307 .1528005E-09
1308 .1528521E-09
1309 .1529036E-09
1310 .1529550E-09
1311 .1530062E-09
1312 .1530574E-09
1313 .1531085E-09
1314 .1531594E-09
1315 .1532100E-09
1316 .1532605E-09
1317 .1533111E-09
1318 .1533616E-09
1319 .1534115E-09
1320 .1534618E-09
1321 .1535117E-09
1322 .1535616E-09
1323 .1536114E-09
1324 .1536609E-09
1325 .1537103E-09
1326 .1537599E-09
1327 .1538090E-09
1328 .1538580E-09
1329 .1539073E-09
1330 .1539562E-09
1331 .1540047E-09
1332 .1540536E-09
1333 .1541021E-09
1334 .1541505E-09
1335 .1541989E-09
1336 .1542472E-09
1337 .1542954E-09
1338 .1543432E-09
1339 .1543912E-09
1340 .1544390E-09
1341 .1544866E-09
1342 .1545344E-09
1343 .1545816E-09
1344 .1546292E-09
1345 .1546764E-09
1346 .1547235E-09
1347 .1547707E-09
1348 .1548175E-09
1349 .1548645E-09
1350 .1549114E-09
1351 .1549581E-09
1352 .1550046E-09
1353 .1550514E-09
1354 .1550975E-09
1355 .1551437E-09
1356 .1551899E-09
1357 .1552364E-09
1358 .1552822E-09
1359 .1553283E-09
1360 .1553740E-09
1361 .1554199E-09
1362 .1554660E-09
1363 .1555112E-09
1364 .1555568E-09
1365 .1556023E-09
1366 .1556477E-09
1367 .1556932E-09
1368 .1557384E-09
1369 .1557832E-09
1370 .1558283E-09
1371 .1550528E-09
1372 .1542769E-09
1373 .1535007E-09
1374 .1527237E-09
1375 .1519458E-09
1376 .1511678E-09
1377 .1503891E-09
1378 .1496097E-09
1379 .1488304E-09
1380 .1480499E-09
1381 .1472691E-09
1382 .1464877E-09
1383 .1457059E-09
1384 .1449234E-09
1385 .1441406E-09
1386 .1433571E-09
1387 .1425732E-09
1388 .1417887E-09
1389 .1410037E-09
1390 .1402182E-09
1391 .1394323E-09
1392 .1386457E-09
1393 .1378588E-09
1394 .1370712E-09
1395 .1362833E-09
1396 .1354947E-09
1397 .1347057E-09
1398 .1339161E-09
1399 .1331260E-09
1400 .1323357E-09
1401 .1315445E-09
1402 .1307530E-09
1403 .1299610E-09
1404 .1291686E-09
1405 .1283757E-09
1406 .1275820E-09
1407 .1267880E-09
1408 .1259936E-09
1409 .1251987E-09
1410 .1244033E-09
1411 .1236074E-09
1412 .1228111E-09
1413 .1220142E-09
1414 .1212169E-09
1415 .1204191E-09
1416 .1196209E-09
1417 .1188221E-09
1418 .1180228E-09
1419 .1172232E-09
1420 .1164231E-09
1421 .1156225E-09
1422 .1148214E-09
1423 .1140198E-09
1424 .1132178E-09
1425 .1124154E-09
1426 .1116124E-09
1427 .1108090E-09
1428 .1100051E-09
1429 .1092008E-09
1430 .1083960E-09
1431 .1075908E-09
1432 .1067851E-09
1433 .1059789E-09
1434 .1051723E-09
1435 .1043653E-09
1436 .1035578E-09
1437 .1027498E-09
1438 .1019414E-09
1439 .1011325E-09
1440 .1003232E-09
1441 .9951352E-10
1442 .9870327E-10
1443 .9789260E-10
1444 .9708147E-10
1445 .9626996E-10
1446 .9545803E-10
1447 .9464548E-10
1448 .9383262E-10
1449 .9301936E-10
1450 .9220554E-10
1451 .9139133E-10
1452 .9057672E-10
1453 .8976166E-10
1454 .8894607E-10
1455 .8813012E-10
1456 .8731368E-10
1457 .8649688E-10
1458 .8567958E-10
1459 .8486186E-10
1460 .8404366E-10
1461 .8322505E-10
1462 .8240605E-10
1463 .8158652E-10
1464 .8076666E-10
1465 .7994630E-10
1466 .7912555E-10
1467 .7830431E-10
1468 .7748258E-10
1469 .7666061E-10
1470 .7583803E-10
1471 .7501510E-10
1472 .7419166E-10
1473 .7336788E-10
1474 .7254357E-10
1475 .7171889E-10
1476 .7089375E-10
1477 .7006823E-10
1478 .6924221E-10
1479 .6841578E-10
1480 .6758889E-10
1481 .6676162E-10
1482 .6593386E-10
1483 .6510570E-10
1484 .6427708E-10
1485 .6344800E-10
1486 .6261856E-10
1487 .6178865E-10
1488 .6095829E-10
1489 .6012750E-10
1490 .5929629E-10
1491 .5846463E-10
1492 .5763251E-10
1493 .5679998E-10
1494 .5596692E-10
1495 .5513350E-10
1496 .5429964E-10
1497 .5346533E-10
1498 .5263052E-10
1499 .5179534E-10
1500 .5095967E-10
1501 .5097322E-10
1502 .5098676E-10
1503 .5100035E-10
1504 .5101389E-10
1505 .5102745E-10
1506 .5104100E-10
1507 .5105456E-10
1508 .5106816E-10
1509 .5108179E-10
1510 .5109535E-10
1511 .5110890E-10
1512 .5112248E-10
1513 .5113613E-10
1514 .5114969E-10
1515 .5116331E-10
1516 .5117692E-10
1517 .5119054E-10
1518 .5120413E-10
1519 .5121776E-10
1520 .5123136E-10
1521 .5124501E-10
1522 .5125859E-10
1523 .5127225E-10
1524 .5128583E-10
1525 .5129947E-10
1526 .5131310E-10
1527 .5132673E-10
1528 .5134034E-10
1529 .5135396E-10
1530 .5136762E-10
1531 .5138118E-10
1532 .5139484E-10
1533 .5140843E-10
1534 .5142207E-10
1535 .5143567E-10
1536 .5144931E-10
1537 .5146293E-10
1538 .5147653E-10
1539 .5149015E-10
1540 .5150375E-10
1541 .5151740E-10
1542 .5153094E-10
1543 .5154461E-10
1544 .5155819E-10
1545 .5157176E-10
1546 .5158537E-10
1547 .5159899E-10
1548 .5161254E-10
1549 .5162615E-10
1550 .5163968E-10
1551 .5165327E-10
1552 .5166684E-10
1553 .5168038E-10
1554 .5169394E-10
1555 .5170753E-10
1556 .5172105E-10
1557 .5173458E-10
1558 .5174814E-10
1559 .5176163E-10
1560 .5177516E-10
1561 .5178866E-10
1562 .5180216E-10
1563 .5181565E-10
1564 .5182914E-10
1565 .5184262E-10
1566 .5185611E-10
1567 .5186962E-10
1568 .5188307E-10
1569 .5189648E-10
1570 .5190989E-10
1571 .5192333E-10
1572 .5193677E-10
1573 .5195020E-10
1574 .5196361E-10
1575 .5197696E-10
1576 .5199034E-10
1577 .5200374E-10
1578 .5201708E-10
1579 .5203040E-10
1580 .5204378E-10
1581 .5205707E-10
1582 .5207040E-10
1583 .5208368E-10
1584 .5209700E-10
1585 .5211028E-10
1586 .5212353E-10
1587 .5213676E-10
1588 .5215001E-10
1589 .5216325E-10
1590 .5217648E-10
1591 .5218964E-10
1592 .5220285E-10
1593 .5221601E-10
1594 .5222917E-10
1595 .5224230E-10
1596 .5225538E-10
1597 .5226852E-10
1598 .5228163E-10
1599 .5229470E-10
1600 .5230775E-10
1601 .5232081E-10
1602 .5233380E-10
1603 .5234684E-10
1604 .5235983E-10
1605 .5237283E-10
1606 .5238578E-10
1607 .5239875E-10
1608 .5241167E-10
1609 .5242453E-10
1610 .5243742E-10
1611 .5245032E-10
1612 .5246314E-10
1613 .5247599E-10
1614 .5248883E-10
1615 .5250159E-10
1616 .5251435E-10
1617 .5252711E-10
1618 .5253985E-10
1619 .5255256E-10
1620 .5256530E-10
1621 .5257792E-10
1622 .5259059E-10
1623 .5260320E-10
1624 .5261585E-10
1625 .5262839E-10
1626 .5262831E-10
1627 .5262813E-10
1628 .5262802E-10
1629 .5262792E-10
1630 .5262778E-10
1631 .5262761E-10
1632 .5262748E-10
1633 .5262730E-10
1634 .5262718E-10
1635 .5262701E-10
1636 .5262681E-10
1637 .5262665E-10
1638 .5262645E-10
1639 .5262624E-10
1640 .5262602E-10
1641 .5262579E-10
1642 .5262554E-10
1643 .5262536E-10
1644 .5262509E-10
1645 .5262485E-10
1646 .5262458E-10
1647 .5262430E-10
1648 .5262399E-10
1649 .5262371E-10
1650 .5262342E-10
1651 .5262310E-10
1652 .5262273E-10
1653 .5262239E-10
1654 .5262203E-10
1655 .5262168E-10
1656 .5262128E-10
1657 .5262090E-10
1658 .5262051E-10
1659 .5262004E-10
1660 .5261964E-10
1661 .5261914E-10
1662 .5261870E-10
1663 .5261822E-10
1664 .5261770E-10
1665 .5261722E-10
1666 .5261670E-10
1667 .5261612E-10
1668 .5261556E-10
1669 .5261503E-10
1670 .5261439E-10
1671 .5261380E-10
1672 .5261312E-10
1673 .5261251E-10
1674 .5261184E-10
1675 .5261118E-10
1676 .5261044E-10
1677 .5260974E-10
1678 .5260900E-10
1679 .5260824E-10
1680 .5260751E-10
1681 .5260668E-10
1682 .5260589E-10
1683 .5260504E-10
1684 .5260418E-10
1685 .5260334E-10
1686 .5260240E-10
1687 .5260153E-10
1688 .5260057E-10
1689 .5259963E-10
1690 .5259865E-10
1691 .5259763E-10
1692 .5259665E-10
1693 .5259563E-10
1694 .5259459E-10
1695 .5259349E-10
1696 .5259239E-10
1697 .5259128E-10
1698 .5259015E-10
1699 .5258901E-10
1700 .5258782E-10
1701 .5258667E-10
1702 .5258543E-10
1703 .5258418E-10
1704 .5258296E-10
1705 .5258169E-10
1706 .5258040E-10
1707 .5257908E-10
1708 .5257778E-10
1709 .5257639E-10
1710 .5257501E-10
1711 .5257365E-10
1712 .5257223E-10
1713 .5257080E-10
1714 .5256939E-10
1715 .5256789E-10
1716 .5256639E-10
1717 .5256488E-10
1718 .5256337E-10
1719 .5256181E-10
1720 .5256027E-10
1721 .5255866E-10
1722 .5255707E-10
1723 .5255542E-10
1724 .5255375E-10
1725 .5255208E-10
1726 .5255039E-10
1727 .5254864E-10
1728 .5254694E-10
1729 .5254521E-10
1730 .5254344E-10
1731 .5254162E-10
1732 .5253984E-10
1733 .5253798E-10
1734 .5253613E-10
1735 .5253426E-10
1736 .5253235E-10
1737 .5253043E-10
1738 .5252854E-10
1739 .5252659E-10
1740 .5252458E-10
1741 .5252262E-10
1742 .5252062E-10
1743 .5251853E-10
1744 .5251649E-10
1745 .5251438E-10
1746 .5251234E-10
1747 .5251019E-10
1748 .5250806E-10
1749 .5250592E-10
1750 .5250372E-10
1751 .5250153E-10
1752 .5249933E-10
1753 .5249708E-10
1754 .5249483E-10
1755 .5249252E-10
1756 .5249020E-10
1757 .5248788E-10
1758 .5248557E-10
1759 .5248318E-10
1760 .5248082E-10
1761 .5247841E-10
1762 .5247597E-10
1763 .5247354E-10
1764 .5247109E-10
1765 .5246860E-10
1766 .5246606E-10
1767 .5246354E-10
1768 .5246101E-10
1769 .5245842E-10
1770 .5245583E-10
1771 .5245324E-10
1772 .5245058E-10
1773 .5244791E-10
1774 .5244527E-10
1775 .5244258E-10
1776 .5243986E-10
1777 .5243714E-10
1778 .5243438E-10
1779 .5243162E-10
1780 .5242876E-10
1781 .5242595E-10
1782 .5242313E-10
1783 .5242030E-10
1784 .5241739E-10
1785 .5241449E-10
1786 .5241159E-10
1787 .5240862E-10
1788 .5240565E-10
1789 .5240269E-10
1790 .5239969E-10
1791 .5239664E-10
1792 .5239362E-10
1793 .5239054E-10
1794 .5238744E-10
1795 .5238430E-10
1796 .5238119E-10
1797 .5237801E-10
1798 .5237490E-10
1799 .5237169E-10
1800 .5236844E-10
1801 .5221720E-10
1802 .5206591E-10
1803 .5191468E-10
1804 .5176341E-10
1805 .5161216E-10
1806 .5146083E-10
1807 .5130960E-10
1808 .5115830E-10
1809 .5100707E-10
1810 .5085578E-10
1811 .5070451E-10
1812 .5055321E-10
1813 .5040195E-10
1814 .5025064E-10
1815 .5009939E-10
1816 .4994808E-10
1817 .4979681E-10
1818 .4964551E-10
1819 .4949424E-10
1820 .4934295E-10
1821 .4919170E-10
1822 .4904038E-10
1823 .4888910E-10
1824 .4873785E-10
1825 .4858654E-10
1826 .4843529E-10
1827 .4828400E-10
1828 .4813275E-10
1829 .4798147E-10
1830 .4783022E-10
1831 .4767899E-10
1832 .4752772E-10
1833 .4737644E-10
1834 .4722519E-10
1835 .4707390E-10
1836 .4692265E-10
1837 .4677144E-10
1838 .4662017E-10
1839 .4646893E-10
1840 .4631770E-10
1841 .4616649E-10
1842 .4601526E-10
1843 .4586404E-10
1844 .4571282E-10
1845 .4556161E-10
1846 .4541039E-10
1847 .4525919E-10
1848 .4510801E-10
1849 .4495676E-10
1850 .4480566E-10
1851 .4465445E-10
1852 .4450324E-10
1853 .4435209E-10
1854 .4420089E-10
1855 .4404978E-10
1856 .4389864E-10
1857 .4374750E-10
1858 .4359635E-10
1859 .4344521E-10
1860 .4329411E-10
1861 .4314299E-10
1862 .4299190E-10
1863 .4284076E-10
1864 .4268971E-10
1865 .4253861E-10
1866 .4238755E-10
1867 .4223646E-10
1868 .4208543E-10
1869 .4193439E-10
1870 .4178334E-10
1871 .4163232E-10
1872 .4148130E-10
1873 .4133031E-10
1874 .4117928E-10
1875 .4102832E-10
1876 .4087736E-10
1877 .4072637E-10
1878 .4057536E-10
1879 .4042444E-10
1880 .4027352E-10
1881 .4012262E-10
1882 .3997167E-10
1883 .3982079E-10
1884 .3966988E-10
1885 .3951900E-10
1886 .3936818E-10
1887 .3921727E-10
1888 .3906645E-10
1889 .3891560E-10
1890 .3876481E-10
1891 .3861400E-10
1892 .3846322E-10
1893 .3831244E-10
1894 .3816165E-10
1895 .3801092E-10
1896 .3786018E-10
1897 .3770944E-10
1898 .3755875E-10
1899 .3740808E-10
1900 .3725741E-10
1901 .3710671E-10
1902 .3695608E-10
1903 .3680544E-10
1904 .3665481E-10
1905 .3650420E-10
1906 .3635362E-10
1907 .3620310E-10
1908 .3605250E-10
1909 .3590195E-10
1910 .3575144E-10
1911 .3560092E-10
1912 .3545041E-10
1913 .3529998E-10
1914 .3514950E-10
1915 .3499907E-10
1916 .3484863E-10
1917 .3469823E-10
1918 .3454787E-10
1919 .3439748E-10
1920 .3424713E-10
1921 .3409677E-10
1922 .3394649E-10
1923 .3379620E-10
1924 .3364590E-10
1925 .3349565E-10
1926 .3334545E-10
1927 .3319519E-10
1928 .3304502E-10
1929 .3289484E-10
1930 .3274464E-10
1931 .3259452E-10
1932 .3244440E-10
1933 .3229428E-10
1934 .3214421E-10
1935 .3199417E-10
1936 .3184413E-10
1937 .3169409E-10
1938 .3154415E-10
1939 .3139416E-10
1940 .3124419E-10
1941 .3109427E-10
1942 .3094437E-10
1943 .3079447E-10
1944 .3064461E-10
1945 .3049479E-10
1946 .3034496E-10
1947 .3019520E-10
1948 .3004540E-10
1949 .2989567E-10
1950 .2974591E-10
1951 .2959623E-10
1952 .2944655E-10
1953 .2929693E-10
1954 .2914730E-10
1955 .2899769E-10
1956 .2884811E-10
1957 .2869857E-10
1958 .2854903E-10
1959 .2839953E-10
1960 .2825007E-10
1961 .2810061E-10
1962 .2795120E-10
1963 .2780181E-10
1964 .2765241E-10
1965 .2750311E-10
1966 .2735379E-10
1967 .2720449E-10
1968 .2705526E-10
1969 .2690603E-10
1970 .2675686E-10
1971 .2660769E-10
1972 .2645855E-10
1973 .2630944E-10
1974 .2616038E-10
1975 .2601137E-10
1976 .2586235E-10
1977 .2571340E-10
1978 .2556446E-10
1979 .2541555E-10
1980 .2526669E-10
1981 .2511788E-10
1982 .2496906E-10
1983 .2482032E-10
1984 .2467160E-10
1985 .2452293E-10
1986 .2437427E-10
1987 .2422567E-10
1988 .2407711E-10
1989 .2392857E-10
1990 .2378007E-10
1991 .2363161E-10
1992 .2348323E-10
1993 .2333484E-10
1994 .2318649E-10
1995 .2303819E-10
1996 .2288995E-10
1997 .2274174E-10
1998 .2259356E-10
1999 .2244542E-10
2000 .2229734E-10
2001 .2214929E-10
2002 .2200128E-10
2003 .2185332E-10
2004 .2170538E-10
2005 .2155750E-10
2006 .2140964E-10
2007 .2126185E-10
2008 .2111411E-10
2009 .2096640E-10
2010 .2081873E-10
2011 .2081588E-10
2012 .2081307E-10
2013 .2081023E-10
2014 .2080743E-10
2015 .2080462E-10
2016 .2080180E-10
2017 .2079900E-10
2018 .2079621E-10
2019 .2079344E-10
2020 .2079065E-10
2021 .2078788E-10
2022 .2078510E-10
2023 .2078233E-10
2024 .2077959E-10
2025 .2077685E-10
2026 .2077410E-10
2027 .2077134E-10
2028 .2076862E-10
2029 .2076593E-10
2030 .2076322E-10
2031 .2076054E-10
2032 .2075787E-10
2033 .2075516E-10
2034 .2075248E-10
2035 .2074984E-10
2036 .2074720E-10
2037 .2074458E-10
2038 .2074194E-10
2039 .2073931E-10
2040 .2073675E-10
2041 .2073412E-10
2042 .2073155E-10
2043 .2072899E-10
2044 .2072642E-10
2045 .2072390E-10
2046 .2072135E-10
2047 .2071883E-10
2048 .2071633E-10
2049 .2071385E-10
2050 .2071137E-10
2051 .2070892E-10
2052 .2070647E-10
2053 .2070405E-10
2054 .2070164E-10
2055 .2069923E-10
2056 .2069684E-10
2057 .2069450E-10
2058 .2069214E-10
2059 .2068979E-10
2060 .2068746E-10
2061 .2068516E-10
2062 .2068288E-10
2063 .2068062E-10
2064 .2067835E-10
2065 .2067611E-10
2066 .2067390E-10
2067 .2067168E-10
2068 .2066952E-10
2069 .2066736E-10
2070 .2066519E-10
2071 .2066311E-10
2072 .2066098E-10
2073 .2065890E-10
2074 .2065685E-10
2075 .2065481E-10
2076 .2065277E-10
2077 .2065077E-10
2078 .2064879E-10
2079 .2064682E-10
2080 .2064491E-10
2081 .2064297E-10
2082 .2064108E-10
2083 .2063921E-10
2084 .2063733E-10
2085 .2063552E-10
2086 .2063371E-10
2087 .2063191E-10
2088 .2063019E-10
2089 .2062843E-10
2090 .2062672E-10
2091 .2062504E-10
2092 .2062337E-10
2093 .2062172E-10
2094 .2062011E-10
2095 .2061852E-10
2096 .2061694E-10
2097 .2061542E-10
2098 .2061392E-10
2099 .2061242E-10
2100 .2061096E-10
2101 .2060951E-10
2102 .2060813E-10
2103 .2060674E-10
2104 .2060539E-10
2105 .2060409E-10
2106 .2060279E-10
2107 .2060149E-10
2108 .2060026E-10
2109 .2059906E-10
2110 .2059785E-10
2111 .2059673E-10
2112 .2059558E-10
2113 .2059450E-10
2114 .2059344E-10
2115 .2059239E-10
2116 .2059137E-10
2117 .2059040E-10
2118 .2058948E-10
2119 .2058858E-10
2120 .2058768E-10
2121 .2058685E-10
2122 .2058603E-10
2123 .2058523E-10
2124 .2058450E-10
2125 .2058374E-10
2126 .2058311E-10
2127 .2058244E-10
2128 .2058180E-10
2129 .2058124E-10
2130 .2058067E-10
2131 .2058014E-10
2132 .2057968E-10
2133 .2057920E-10
2134 .2057878E-10
2135 .2057844E-10
2136 .2057808E-10
2137 .2057776E-10
2138 .2057749E-10
2139 .2057726E-10
2140 .2057705E-10
2141 .2057690E-10
2142 .2057674E-10
2143 .2057668E-10
2144 .2057662E-10
2145 .2057660E-10
2146 .2057664E-10
2147 .2057668E-10
2148 .2057677E-10
2149 .2057692E-10
2150 .2057710E-10
2151 .2057733E-10
2152 .2057757E-10
2153 .2057786E-10
2154 .2057819E-10
2155 .2057858E-10
2156 .2057898E-10
2157 .2057945E-10
2158 .2057994E-10
2159 .2058049E-10
2160 .2058107E-10
2161 .2058168E-10
2162 .2058234E-10
2163 .2058305E-10
2164 .2058379E-10
2165 .2058458E-10
2166 .2058541E-10
2167 .2058631E-10
2168 .2058722E-10
2169 .2058818E-10
2170 .2058918E-10
2171 .2059023E-10
2172 .2059136E-10
2173 .2059249E-10
2174 .2059366E-10
2175 .2059488E-10
2176 .2059617E-10
2177 .2059750E-10
2178 .2059886E-10
2179 .2060029E-10
2180 .2060175E-10
2181 .2060326E-10
2182 .2060482E-10
2183 .2060641E-10
2184 .2060805E-10
2185 .2060977E-10
2186 .2061150E-10
2187 .2061329E-10
2188 .2061514E-10
2189 .2061703E-10
2190 .2061897E-10
2191 .2062095E-10
2192 .2062301E-10
2193 .2062513E-10
2194 .2062723E-10
2195 .2062944E-10
2196 .2063167E-10
2197 .2063396E-10
2198 .2063629E-10
2199 .2063869E-10
2200 .2064117E-10
2201 .2064367E-10
2202 .2064622E-10
2203 .2064880E-10
2204 .2065147E-10
2205 .2065417E-10
2206 .2065695E-10
2207 .2065979E-10
2208 .2066266E-10
2209 .2066557E-10
2210 .2066856E-10
2211 .2067158E-10
2212 .2067467E-10
2213 .2067783E-10
2214 .2068103E-10
2215 .2068428E-10
2216 .2068761E-10
2217 .2069096E-10
2218 .2069438E-10
2219 .2069789E-10
2220 .2070144E-10
2221 .2070503E-10
2222 .2070869E-10
2223 .2071239E-10
2224 .2071617E-10
2225 .2072000E-10
2226 .2072388E-10
2227 .2072787E-10
2228 .2073188E-10
2229 .2073595E-10
2230 .2074009E-10
2231 .2074424E-10
2232 .2074851E-10
2233 .2075281E-10
2234 .2075720E-10
2235 .2076162E-10
2236 .2076613E-10
2237 .2077066E-10
2238 .2077530E-10
2239 .2077996E-10
2240 .2078472E-10
2241 .2078952E-10
2242 .2079441E-10
2243 .2079935E-10
2244 .2080433E-10
2245 .2080940E-10
2246 .2081449E-10
2247 .2081966E-10
2248 .2082487E-10
2249 .2083019E-10
2250 .2083554E-10
2251 .2084099E-10
2252 .2084646E-10
2253 .2085197E-10
2254 .2085758E-10
2255 .2086325E-10
2256 .2086891E-10
2257 .2087472E-10
2258 .2088052E-10
2259 .2088645E-10
2260 .2089240E-10
2261 .2089839E-10
2262 .2090445E-10
2263 .2091056E-10
2264 .2091676E-10
2265 .2092298E-10
2266 .2092926E-10
2267 .2093559E-10
2268 .2094202E-10
2269 .2094848E-10
2270 .2095500E-10
2271 .2096157E-10
2272 .2096819E-10
2273 .2097489E-10
2274 .2098160E-10
2275 .2098840E-10
2276 .2099528E-10
2277 .2100214E-10
2278 .2100915E-10
2279 .2101613E-10
2280 .2102323E-10
2281 .2103033E-10
2282 .2103752E-10
2283 .2104472E-10
2284 .2105203E-10
2285 .2105936E-10
2286 .2106674E-10
2287 .2107419E-10
2288 .2108167E-10
2289 .2108924E-10
2290 .2109684E-10
2291 .2110450E-10
2292 .2111220E-10
2293 .2111994E-10
2294 .2112772E-10
2295 .2113561E-10
2296 .2114352E-10
2297 .2115148E-10
2298 .2115950E-10
2299 .2116754E-10
2300 .2117565E-10
2301 .2118384E-10
2302 .2119205E-10
2303 .2120031E-10
2304 .2120862E-10
2305 .2121698E-10
2306 .2122537E-10
2307 .2123384E-10
2308 .2124236E-10
2309 .2125091E-10
2310 .2125950E-10
2311 .2126817E-10
2312 .2127686E-10
2313 .2128560E-10
2314 .2129437E-10
2315 .2130324E-10
2316 .2131213E-10
2317 .2132106E-10
2318 .2133003E-10
2319 .2133907E-10
2320 .2134815E-10
2321 .2135728E-10
2322 .2136645E-10
2323 .2137566E-10
2324 .2138493E-10
2325 .2139423E-10
2326 .2140357E-10
2327 .2141297E-10
2328 .2142241E-10
2329 .2143192E-10
2330 .2144142E-10
2331 .2145100E-10
2332 .2146062E-10
2333 .2147028E-10
2334 .2148001E-10
2335 .2148978E-10
2336 .2149955E-10
2337 .2150939E-10
2338 .2151926E-10
2339 .2152918E-10
2340 .2153915E-10
2341 .2154917E-10
2342 .2155920E-10
2343 .2156928E-10
2344 .2157941E-10
2345 .2158959E-10
2346 .2159979E-10
2347 .2161004E-10
2348 .2162036E-10
2349 .2163070E-10
2350 .2164107E-10
2351 .2165148E-10
2352 .2166195E-10
2353 .2167245E-10
2354 .2168298E-10
2355 .2169356E-10
2356 .2170419E-10
2357 .2171484E-10
2358 .2172554E-10
2359 .2173626E-10
2360 .2174704E-10
2361 .2175784E-10
2362 .2176867E-10
2363 .2177958E-10
2364 .2179049E-10
2365 .2180145E-10
2366 .2181244E-10
2367 .2182348E-10
2368 .2183460E-10
2369 .2184568E-10
2370 .2185681E-10
2371 .2186800E-10
2372 .2187922E-10
2373 .2189048E-10
2374 .2190176E-10
2375 .2191308E-10
2376 .2192445E-10
2377 .2193585E-10
2378 .2194727E-10
2379 .2195873E-10
2380 .2197023E-10
2381 .2198176E-10
2382 .2199333E-10
2383 .2200493E-10
2384 .2201656E-10
2385 .2202824E-10
2386 .2203993E-10
2387 .2205165E-10
2388 .2206341E-10
2389 .2207522E-10
2390 .2208704E-10
2391 .2209890E-10
2392 .2211084E-10
2393 .2212273E-10
2394 .2213470E-10
2395 .2214670E-10
2396 .2215871E-10
2397 .2217076E-10
2398 .2218285E-10
2399 .2219493E-10
2400 .2220708E-10
2401 .2221925E-10
2402 .2223146E-10
2403 .2224371E-10
2404 .2225596E-10
2405 .2226826E-10
2406 .2228057E-10
2407 .2229290E-10
2408 .2230531E-10
2409 .2231769E-10
2410 .2233012E-10
2411 .2234257E-10
2412 .2235507E-10
2413 .2236759E-10
2414 .2238015E-10
2415 .2239269E-10
2416 .2240529E-10
2417 .2241793E-10
2418 .2243057E-10
2419 .2244323E-10
2420 .2245596E-10
2421 .2246866E-10
2422 .2248144E-10
2423 .2249420E-10
2424 .2250700E-10
2425 .2251981E-10
2426 .2253269E-10
2427 .2254554E-10
2428 .2255845E-10
2429 .2257137E-10
2430 .2258429E-10
2431 .2259729E-10
2432 .2261029E-10
2433 .2262331E-10
2434 .2263633E-10
2435 .2264940E-10
2436 .2266249E-10
2437 .2267559E-10
2438 .2268872E-10
2439 .2270185E-10
2440 .2271503E-10
2441 .2272822E-10
2442 .2274145E-10
2443 .2275468E-10
2444 .2276792E-10
2445 .2278119E-10
2446 .2279447E-10
2447 .2280779E-10
2448 .2282115E-10
2449 .2283448E-10
2450 .2284787E-10
2451 .2286124E-10
2452 .2287467E-10
2453 .2288807E-10
2454 .2290155E-10
2455 .2291499E-10
2456 .2292849E-10
2457 .2294198E-10
2458 .2295549E-10
2459 .2296903E-10
2460 .2298260E-10
2461 .2299614E-10
2462 .2300973E-10
2463 .2302332E-10
2464 .2303695E-10
2465 .2305057E-10
2466 .2306420E-10
2467 .2307787E-10
2468 .2309155E-10
2469 .2310522E-10
2470 .2311893E-10
2471 .2313267E-10
2472 .2314640E-10
2473 .2316016E-10
2474 .2317390E-10
2475 .2318765E-10
2476 .2320146E-10
2477 .2321527E-10
2478 .2322907E-10
2479 .2324288E-10
2480 .2325673E-10
2481 .2327055E-10
2482 .2328441E-10
2483 .2329831E-10
2484 .2331220E-10
2485 .2332607E-10
2486 .2333994E-10
2487 .2335388E-10
2488 .2336780E-10
2489 .2338171E-10
2490 .2339566E-10
2491 .2340962E-10
2492 .2342357E-10
2493 .2343754E-10
2494 .2345151E-10
2495 .2346548E-10
2496 .2347945E-10
2497 .2349347E-10
2498 .2350750E-10
2499 .2352150E-10
2500 .2353555E-10
