100 .1105746E-14
101 .4272803E-14
102 .1151786E-13
103 .2545826E-13
104 .4946709E-13
105 .8768496E-13
106 .1449898E-12
107 .2269225E-12
108 .3395635E-12
109 .4893633E-12
110 .6829231E-12
111 .9267383E-12
112 .1226895E-11
113 .1588751E-11
114 .2016587E-11
115 .2513259E-11
116 .3079853E-11
117 .3715374E-11
118 .4416460E-11
119 .5177162E-11
120 .5988806E-11
121 .6839927E-11
122 .7716319E-11
123 .8601182E-11
124 .9475442E-11
125 .1031811E-10
126 .1110899E-10
127 .1183671E-10
128 .1249454E-10
129 .1307849E-10
130 .1358738E-10
131 .1402261E-10
132 .1438792E-10
133 .1468918E-10
134 .1493401E-10
135 .1513158E-10
136 .1529224E-10
137 .1542727E-10
138 .1554848E-10
139 .1566294E-10
140 .1577261E-10
141 .1587918E-10
142 .1598432E-10
143 .1608973E-10
144 .1619707E-10
145 .1630804E-10
146 .1642443E-10
147 .1654805E-10
148 .1668080E-10
149 .1682467E-10
150 .1698180E-10
151 .1715401E-10
152 .1734172E-10
153 .1754492E-10
154 .1776363E-10
155 .1799785E-10
156 .1824755E-10
157 .1851272E-10
158 .1879330E-10
159 .1908925E-10
160 .1940048E-10
161 .1972686E-10
162 .2006828E-10
163 .2042457E-10
164 .2079551E-10
165 .2118087E-10
166 .2158036E-10
167 .2199364E-10
168 .2242033E-10
169 .2285998E-10
170 .2331210E-10
171 .2377613E-10
172 .2425140E-10
173 .2473724E-10
174 .2523287E-10
175 .2573740E-10
176 .2625004E-10
177 .2677050E-10
178 .2729859E-10
179 .2783410E-10
180 .2837679E-10
181 .2892641E-10
182 .2948265E-10
183 .3004522E-10
184 .3061374E-10
185 .3118787E-10
186 .3176718E-10
187 .3235126E-10
188 .3293963E-10
189 .3353181E-10
190 .3412729E-10
191 .3472550E-10
192 .3532586E-10
193 .3592778E-10
194 .3653060E-10
195 .3713365E-10
196 .3773624E-10
197 .3833762E-10
198 .3893703E-10
199 .3953369E-10
200 .4012674E-10
201 .4071547E-10
202 .4129967E-10
203 .4187926E-10
204 .4245417E-10
205 .4302437E-10
206 .4358983E-10
207 .4415050E-10
208 .4470644E-10
209 .4525755E-10
210 .4580398E-10
211 .4634572E-10
212 .4688284E-10
213 .4741540E-10
214 .4794351E-10
215 .4846725E-10
216 .4898676E-10
217 .4950218E-10
218 .5001365E-10
219 .5052134E-10
220 .5102545E-10
221 .5152612E-10
222 .5202367E-10
223 .5251827E-10
224 .5301019E-10
225 .5349969E-10
226 .5398704E-10
227 .5447253E-10
228 .5495646E-10
229 .5543914E-10
230 .5592089E-10
231 .5640204E-10
232 .5688294E-10
233 .5736391E-10
234 .5784541E-10
235 .5832777E-10
236 .5881140E-10
237 .5929670E-10
238 .5978409E-10
239 .6027402E-10
240 .6076694E-10
241 .6126330E-10
242 .6176357E-10
243 .6226825E-10
244 .6277784E-10
245 .6329282E-10
246 .6381380E-10
247 .6434128E-10
248 .6487584E-10
249 .6541804E-10
250 .6596847E-10
251 .6432122E-10
252 .6257047E-10
253 .6743982E-10
254 .6753859E-10
255 .6731733E-10
256 .6711692E-10
257 .6757664E-10
258 .6768554E-10
259 .6744727E-10
260 .6830138E-10
261 .6808277E-10
262 .6597998E-10
263 .6174332E-10
264 .6485129E-10
265 .7447969E-10
266 .8345431E-10
267 .9185596E-10
268 .1064901E-09
269 .1266514E-09
270 .1496625E-09
271 .1721664E-09
272 .1812476E-09
273 .1894058E-09
274 .1989536E-09
275 .2094980E-09
276 .2214749E-09
277 .2363192E-09
278 .2404659E-09
279 .2348110E-09
280 .2240660E-09
281 .2290930E-09
282 .2396777E-09
283 .2489910E-09
284 .2541985E-09
285 .2649017E-09
286 .2929506E-09
287 .3385567E-09
288 .3805754E-09
289 .4259332E-09
290 .4712593E-09
291 .5057456E-09
292 .5202877E-09
293 .5271479E-09
294 .5304175E-09
295 .5255139E-09
296 .5123517E-09
297 .4872955E-09
298 .4614139E-09
299 .4396841E-09
300 .4274775E-09
301 .4292961E-09
302 .4453978E-09
303 .4343614E-09
304 .4074063E-09
305 .3614318E-09
306 .3417378E-09
307 .4127217E-09
308 .4594320E-09
309 .4606547E-09
310 .4491619E-09
311 .4459180E-09
312 .4628218E-09
313 .5108082E-09
314 .5647772E-09
315 .6220713E-09
316 .6549479E-09
317 .6862928E-09
318 .6852758E-09
319 .6791155E-09
320 .6956340E-09
321 .6714109E-09
322 .6749948E-09
323 .6158656E-09
324 .5450340E-09
325 .4710813E-09
326 .3959104E-09
327 .4150335E-09
328 .4537249E-09
329 .4209789E-09
330 .4145152E-09
331 .4890297E-09
332 .5057394E-09
333 .5282749E-09
334 .5465078E-09
335 .5463659E-09
336 .5400556E-09
337 .5049385E-09
338 .5358722E-09
339 .5262124E-09
340 .5496307E-09
341 .5796408E-09
342 .5731379E-09
343 .5821268E-09
344 .6230857E-09
345 .6394344E-09
346 .6055690E-09
347 .6563134E-09
348 .6681615E-09
349 .6603738E-09
350 .7430597E-09
351 .8086526E-09
352 .8261769E-09
353 .9006336E-09
354 .9455575E-09
355 .9637330E-09
356 .1019075E-08
357 .1036378E-08
358 .1019066E-08
359 .1004651E-08
360 .9830664E-09
361 .1011400E-08
362 .9949881E-09
363 .9892962E-09
364 .1058381E-08
365 .1141861E-08
366 .1214472E-08
367 .1285351E-08
368 .1326876E-08
369 .1345889E-08
370 .1274441E-08
371 .1196541E-08
372 .1091541E-08
373 .1031393E-08
374 .1044822E-08
375 .1028101E-08
376 .9739877E-09
377 .9739138E-09
378 .9962802E-09
379 .9883104E-09
380 .9317403E-09
381 .9730319E-09
382 .1057856E-08
383 .1123561E-08
384 .1203241E-08
385 .1344509E-08
386 .1508631E-08
387 .1667595E-08
388 .1779975E-08
389 .1937357E-08
390 .2074844E-08
391 .2206241E-08
392 .2288756E-08
393 .2310152E-08
394 .2314355E-08
395 .2325471E-08
396 .2288216E-08
397 .2171416E-08
398 .2070477E-08
399 .1956570E-08
400 .1819783E-08
401 .1757069E-08
402 .1720663E-08
403 .1691512E-08
404 .1705769E-08
405 .1718697E-08
406 .1729600E-08
407 .1751754E-08
408 .1761204E-08
409 .1710796E-08
410 .1687853E-08
411 .1678209E-08
412 .1690282E-08
413 .1718396E-08
414 .1775645E-08
415 .1830533E-08
416 .1861249E-08
417 .1872035E-08
418 .1912254E-08
419 .1952942E-08
420 .1960892E-08
421 .1958204E-08
422 .1943936E-08
423 .1890900E-08
424 .1857211E-08
425 .1867003E-08
426 .1874459E-08
427 .1883182E-08
428 .1868006E-08
429 .1858356E-08
430 .1824077E-08
431 .1784280E-08
432 .1730267E-08
433 .1663196E-08
434 .1615860E-08
435 .1542191E-08
436 .1451810E-08
437 .1368061E-08
438 .1303719E-08
439 .1258564E-08
440 .1234181E-08
441 .1248670E-08
442 .1265406E-08
443 .1276975E-08
444 .1326291E-08
445 .1391066E-08
446 .1449170E-08
447 .1503324E-08
448 .1585607E-08
449 .1702018E-08
450 .1857293E-08
451 .2010987E-08
452 .2169134E-08
453 .2328472E-08
454 .2474076E-08
455 .2642459E-08
456 .2819402E-08
457 .2978225E-08
458 .3078449E-08
459 .3165118E-08
460 .3219770E-08
461 .3223628E-08
462 .3197959E-08
463 .3148272E-08
464 .3054229E-08
465 .2888161E-08
466 .2687632E-08
467 .2476355E-08
468 .2294344E-08
469 .2153254E-08
470 .2022120E-08
471 .1909916E-08
472 .1787977E-08
473 .1721146E-08
474 .1681057E-08
475 .1626254E-08
476 .1578912E-08
477 .1597059E-08
478 .1641899E-08
479 .1701051E-08
480 .1714577E-08
481 .1755279E-08
482 .1807341E-08
483 .1820589E-08
484 .1780233E-08
485 .1731977E-08
486 .1721891E-08
487 .1760719E-08
488 .1788300E-08
489 .1817272E-08
490 .1920197E-08
491 .2015183E-08
492 .2091647E-08
493 .2172914E-08
494 .2196369E-08
495 .2173499E-08
496 .2127768E-08
497 .2060996E-08
498 .1957014E-08
499 .1845740E-08
500 .1744004E-08
501 .1677766E-08
502 .1615173E-08
503 .1587781E-08
504 .1589075E-08
505 .1578455E-08
506 .1569291E-08
507 .1598083E-08
508 .1616705E-08
509 .1622603E-08
510 .1629865E-08
511 .1668117E-08
512 .1710922E-08
513 .1759341E-08
514 .1808426E-08
515 .1882082E-08
516 .1980319E-08
517 .2074641E-08
518 .2154720E-08
519 .2245801E-08
520 .2335420E-08
521 .2434330E-08
522 .2548244E-08
523 .2613527E-08
524 .2642099E-08
525 .2659351E-08
526 .2664395E-08
527 .2667521E-08
528 .2661580E-08
529 .2651784E-08
530 .2621228E-08
531 .2582122E-08
532 .2558917E-08
533 .2526044E-08
534 .2501185E-08
535 .2469615E-08
536 .2446079E-08
537 .2434088E-08
538 .2424435E-08
539 .2426510E-08
540 .2445018E-08
541 .2462653E-08
542 .2461144E-08
543 .2437827E-08
544 .2421693E-08
545 .2398631E-08
546 .2391909E-08
547 .2353528E-08
548 .2320445E-08
549 .2290354E-08
550 .2254773E-08
551 .2214318E-08
552 .2182298E-08
553 .2171530E-08
554 .2157763E-08
555 .2131916E-08
556 .2088985E-08
557 .2075899E-08
558 .2046681E-08
559 .1968411E-08
560 .1905834E-08
561 .1859107E-08
562 .1809938E-08
563 .1752115E-08
564 .1698461E-08
565 .1651605E-08
566 .1608635E-08
567 .1574607E-08
568 .1537637E-08
569 .1499213E-08
570 .1471359E-08
571 .1444967E-08
572 .1430007E-08
573 .1430606E-08
574 .1428427E-08
575 .1445381E-08
576 .1494772E-08
577 .1540602E-08
578 .1609947E-08
579 .1679971E-08
580 .1743108E-08
581 .1830810E-08
582 .1916462E-08
583 .2004012E-08
584 .2096131E-08
585 .2164912E-08
586 .2233067E-08
587 .2280254E-08
588 .2293883E-08
589 .2244968E-08
590 .2180298E-08
591 .2173322E-08
592 .2167464E-08
593 .2137976E-08
594 .2059181E-08
595 .1977756E-08
596 .1908751E-08
597 .1825934E-08
598 .1765879E-08
599 .1726287E-08
600 .1695868E-08
601 .1665362E-08
602 .1635219E-08
603 .1578488E-08
604 .1521927E-08
605 .1468421E-08
606 .1377810E-08
607 .1276766E-08
608 .1205348E-08
609 .1126405E-08
610 .1059969E-08
611 .9765245E-09
612 .9147127E-09
613 .8746317E-09
614 .8414642E-09
615 .8227907E-09
616 .8345134E-09
617 .8720145E-09
618 .9078642E-09
619 .9580868E-09
620 .1030114E-08
621 .1111372E-08
622 .1169611E-08
623 .1225462E-08
624 .1267329E-08
625 .1306684E-08
626 .1366849E-08
627 .1414980E-08
628 .1428575E-08
629 .1476307E-08
630 .1541149E-08
631 .1581676E-08
632 .1585974E-08
633 .1613228E-08
634 .1638685E-08
635 .1671141E-08
636 .1686651E-08
637 .1700717E-08
638 .1716801E-08
639 .1730445E-08
640 .1739922E-08
641 .1734821E-08
642 .1733583E-08
643 .1740718E-08
644 .1757477E-08
645 .1741713E-08
646 .1729082E-08
647 .1742642E-08
648 .1740729E-08
649 .1716754E-08
650 .1725116E-08
651 .1701922E-08
652 .1695975E-08
653 .1662353E-08
654 .1617435E-08
655 .1599155E-08
656 .1529754E-08
657 .1495480E-08
658 .1446258E-08
659 .1427185E-08
660 .1368193E-08
661 .1313059E-08
662 .1284110E-08
663 .1234976E-08
664 .1167238E-08
665 .1118014E-08
666 .1100780E-08
667 .1064832E-08
668 .1020680E-08
669 .9708589E-09
670 .9273109E-09
671 .8909097E-09
672 .8763287E-09
673 .8384725E-09
674 .7986235E-09
675 .7803132E-09
676 .7482884E-09
677 .7593767E-09
678 .7308632E-09
679 .7146125E-09
680 .7128125E-09
681 .6953007E-09
682 .6898100E-09
683 .7097427E-09
684 .7010568E-09
685 .6999373E-09
686 .6915978E-09
687 .5896471E-09
688 .6827903E-09
689 .6613782E-09
690 .6659632E-09
691 .6807989E-09
692 .6742803E-09
693 .6973187E-09
694 .6867058E-09
695 .6986038E-09
696 .6617189E-09
697 .6601120E-09
698 .6454255E-09
699 .6488410E-09
700 .6480174E-09
701 .6309214E-09
702 .6418823E-09
703 .6419645E-09
704 .6272943E-09
705 .6253415E-09
706 .6308540E-09
707 .6212508E-09
708 .6219708E-09
709 .6400910E-09
710 .6413607E-09
711 .6355104E-09
712 .6525062E-09
713 .6493530E-09
714 .6492967E-09
715 .6374593E-09
716 .6453765E-09
717 .6115800E-09
718 .6147412E-09
719 .6020018E-09
720 .5954102E-09
721 .6113075E-09
722 .6184795E-09
723 .6211365E-09
724 .6041392E-09
725 .6195098E-09
726 .6215075E-09
727 .6203251E-09
728 .6145595E-09
729 .6047767E-09
730 .6100149E-09
731 .5894574E-09
732 .5934504E-09
733 .5914741E-09
734 .5937768E-09
735 .5765069E-09
736 .5435155E-09
737 .5452392E-09
738 .5200281E-09
739 .5158011E-09
740 .5159140E-09
741 .5073308E-09
742 .4967685E-09
743 .4825236E-09
744 .4645591E-09
745 .4330550E-09
746 .4235727E-09
747 .4166714E-09
748 .4209250E-09
749 .4179825E-09
750 .4376183E-09
751 .4371176E-09
752 .4467721E-09
753 .4403738E-09
754 .4365879E-09
755 .4287361E-09
756 .4326207E-09
757 .4294828E-09
758 .4381192E-09
759 .4224840E-09
760 .4243683E-09
761 .4262488E-09
762 .4281256E-09
763 .4299984E-09
764 .4318675E-09
765 .4337329E-09
766 .4355946E-09
767 .4363892E-09
768 .4553787E-09
769 .4422750E-09
770 .4705905E-09
771 .4705465E-09
772 .4708534E-09
773 .4750162E-09
774 .4687911E-09
775 .4758900E-09
776 .4813691E-09
777 .4787199E-09
778 .4848913E-09
779 .4895296E-09
780 .5050471E-09
781 .5112830E-09
782 .5190564E-09
783 .5216921E-09
784 .5363056E-09
785 .5373301E-09
786 .5496476E-09
787 .5499159E-09
788 .5317551E-09
789 .5382717E-09
790 .5266028E-09
791 .5145661E-09
792 .5071643E-09
793 .5043961E-09
794 .4819492E-09
795 .4753559E-09
796 .4681708E-09
797 .4702942E-09
798 .4681246E-09
799 .4456501E-09
800 .4527940E-09
801 .4483759E-09
802 .4420420E-09
803 .4460059E-09
804 .4415856E-09
805 .4500667E-09
806 .4368545E-09
807 .4455527E-09
808 .4443522E-09
809 .4459795E-09
810 .4418551E-09
811 .4370844E-09
812 .4253263E-09
813 .4138841E-09
814 .3918288E-09
815 .3670392E-09
816 .3298525E-09
817 .3130846E-09
818 .2841955E-09
819 .2764452E-09
820 .2459517E-09
821 .2479659E-09
822 .2426486E-09
823 .2343641E-09
824 .2455950E-09
825 .2550129E-09
826 .2615179E-09
827 .2698344E-09
828 .2813429E-09
829 .2768018E-09
830 .2909364E-09
831 .2672156E-09
832 .2663106E-09
833 .2727094E-09
834 .2690717E-09
835 .2836810E-09
836 .2760229E-09
837 .2993627E-09
838 .2913511E-09
839 .2956585E-09
840 .3165148E-09
841 .3316115E-09
842 .3476944E-09
843 .3754430E-09
844 .3950200E-09
845 .4363860E-09
846 .4783046E-09
847 .5067525E-09
848 .5220056E-09
849 .5432909E-09
850 .5661443E-09
851 .5757817E-09
852 .5979000E-09
853 .6045599E-09
854 .6279080E-09
855 .6220128E-09
856 .6449152E-09
857 .6553338E-09
858 .6639191E-09
859 .6853521E-09
860 .6826045E-09
861 .7185669E-09
862 .7033774E-09
863 .7046400E-09
864 .7098359E-09
865 .7244017E-09
866 .7132839E-09
867 .7205215E-09
868 .7172721E-09
869 .7242818E-09
870 .7119716E-09
871 .6932937E-09
872 .6928031E-09
873 .6997232E-09
874 .7043827E-09
875 .7046219E-09
876 .6770696E-09
877 .6876982E-09
878 .6723785E-09
879 .6780554E-09
880 .6658108E-09
881 .6628894E-09
882 .6585956E-09
883 .6549272E-09
884 .6471413E-09
885 .6442157E-09
886 .6329573E-09
887 .6183676E-09
888 .6028742E-09
889 .6002270E-09
890 .5930427E-09
891 .5908226E-09
892 .5572875E-09
893 .5779739E-09
894 .5752038E-09
895 .5505307E-09
896 .5335191E-09
897 .5413014E-09
898 .5227795E-09
899 .4980951E-09
900 .5087009E-09
901 .5134494E-09
902 .5056201E-09
903 .5032492E-09
904 .4998677E-09
905 .4930539E-09
906 .4641844E-09
907 .4465748E-09
908 .4477943E-09
909 .4354882E-09
910 .4294254E-09
911 .4278382E-09
912 .4125007E-09
913 .4030058E-09
914 .4024499E-09
915 .4019875E-09
916 .4012285E-09
917 .4105626E-09
918 .3895191E-09
919 .4030552E-09
920 .3008532E-09
921 .2998731E-09
922 .3033297E-09
923 .2956182E-09
924 .2924030E-09
925 .2987167E-09
926 .2929917E-09
927 .2888589E-09
928 .2753368E-09
929 .2649427E-09
930 .2618863E-09
931 .2458182E-09
932 .2202470E-09
933 .2274582E-09
934 .2452726E-09
935 .2340164E-09
936 .2170505E-09
937 .2069648E-09
938 .2230571E-09
939 .2446520E-09
940 .2389540E-09
941 .2658187E-09
942 .1889933E-09
943 .2011771E-09
944 .2162034E-09
945 .1771289E-09
946 .2123025E-09
947 .2353568E-09
948 .1992960E-09
949 .1981285E-09
950 .2277190E-09
951 .1802053E-09
952 .1711507E-09
953 .1903979E-09
954 .2050125E-09
955 .1906981E-09
956 .2186226E-09
957 .2171004E-09
958 .1776709E-09
959 .2114411E-09
960 .2407844E-09
961 .1911361E-09
962 .2236785E-09
963 .2006328E-09
964 .1861646E-09
965 .2370974E-09
966 .2233264E-09
967 .2278720E-09
968 .2299023E-09
969 .2225417E-09
970 .2088387E-09
971 .2479170E-09
972 .2003502E-09
973 .1988679E-09
974 .1692202E-09
975 .1916345E-09
976 .1910238E-09
977 .1921571E-09
978 .1842656E-09
979 .1796181E-09
980 .1744954E-09
981 .1762593E-09
982 .1729415E-09
983 .1697262E-09
984 .1701952E-09
985 .1687731E-09
986 .1679797E-09
987 .1620923E-09
988 .1632736E-09
989 .1638026E-09
990 .1589973E-09
991 .1589799E-09
992 .1576414E-09
993 .1493853E-09
994 .1509905E-09
995 .1500091E-09
996 .1455646E-09
997 .1424804E-09
998 .1422662E-09
999 .1429830E-09
1000 .1425313E-09
1001 .1417089E-09
1002 .1408872E-09
1003 .1400658E-09
1004 .1392446E-09
1005 .1384239E-09
1006 .1376035E-09
1007 .1367835E-09
1008 .1359638E-09
1009 .1351444E-09
1010 .1343254E-09
1011 .1335068E-09
1012 .1326885E-09
1013 .1318703E-09
1014 .1310526E-09
1015 .1302351E-09
1016 .1294180E-09
1017 .1286011E-09
1018 .1277845E-09
1019 .1269683E-09
1020 .1261521E-09
1021 .1253365E-09
1022 .1245210E-09
1023 .1237058E-09
1024 .1228908E-09
1025 .1220760E-09
1026 .1212618E-09
1027 .1204474E-09
1028 .1196334E-09
1029 .1188197E-09
1030 .1180062E-09
1031 .1171928E-09
1032 .1163798E-09
1033 .1155669E-09
1034 .1147543E-09
1035 .1139417E-09
1036 .1131296E-09
1037 .1123173E-09
1038 .1115056E-09
1039 .1106938E-09
1040 .1098824E-09
1041 .1090709E-09
1042 .1082597E-09
1043 .1074489E-09
1044 .1066379E-09
1045 .1058275E-09
1046 .1050168E-09
1047 .1042065E-09
1048 .1033964E-09
1049 .1025864E-09
1050 .1017765E-09
1051 .1009668E-09
1052 .1001573E-09
1053 .9934792E-10
1054 .9853867E-10
1055 .9772961E-10
1056 .9692073E-10
1057 .9611188E-10
1058 .9530316E-10
1059 .9449477E-10
1060 .9368636E-10
1061 .9287819E-10
1062 .9207000E-10
1063 .9126208E-10
1064 .9045414E-10
1065 .8964647E-10
1066 .8883905E-10
1067 .8803144E-10
1068 .8722413E-10
1069 .8641696E-10
1070 .8560987E-10
1071 .8480279E-10
1072 .8399607E-10
1073 .8318930E-10
1074 .8238265E-10
1075 .8157617E-10
1076 .8076969E-10
1077 .7996326E-10
1078 .7915711E-10
1079 .7835100E-10
1080 .7754494E-10
1081 .7673908E-10
1082 .7593309E-10
1083 .7512730E-10
1084 .7432170E-10
1085 .7351613E-10
1086 .7271064E-10
1087 .7190515E-10
1088 .7109980E-10
1089 .7029451E-10
1090 .6948922E-10
1091 .6868417E-10
1092 .6787910E-10
1093 .6707392E-10
1094 .6626895E-10
1095 .6546413E-10
1096 .6465930E-10
1097 .6385432E-10
1098 .6304960E-10
1099 .6224485E-10
1100 .6144011E-10
1101 .6063545E-10
1102 .5983085E-10
1103 .5902620E-10
1104 .5822172E-10
1105 .5741713E-10
1106 .5661252E-10
1107 .5580797E-10
1108 .5500348E-10
1109 .5419897E-10
1110 .5339439E-10
1111 .5258985E-10
1112 .5178535E-10
1113 .5098078E-10
1114 .5017622E-10
1115 .4937163E-10
1116 .4856704E-10
1117 .4776238E-10
1118 .4695773E-10
1119 .4615297E-10
1120 .4534821E-10
1121 .4454344E-10
1122 .4373856E-10
1123 .4293362E-10
1124 .4212861E-10
1125 .4132360E-10
1126 .4051844E-10
1127 .3971328E-10
1128 .3890796E-10
1129 .3810258E-10
1130 .3729712E-10
1131 .3730205E-10
1132 .3730709E-10
1133 .3731221E-10
1134 .3731746E-10
1135 .3732284E-10
1136 .3732830E-10
1137 .3733395E-10
1138 .3733966E-10
1139 .3734549E-10
1140 .3735146E-10
1141 .3735753E-10
1142 .3736375E-10
1143 .3737008E-10
1144 .3737651E-10
1145 .3738313E-10
1146 .3738980E-10
1147 .3739668E-10
1148 .3740364E-10
1149 .3741076E-10
1150 .3741799E-10
1151 .3742536E-10
1152 .3743287E-10
1153 .3744058E-10
1154 .3744835E-10
1155 .3745631E-10
1156 .3746442E-10
1157 .3747261E-10
1158 .3748101E-10
1159 .3748953E-10
1160 .3749818E-10
1161 .3750701E-10
1162 .3751601E-10
1163 .3752512E-10
1164 .3753443E-10
1165 .3754386E-10
1166 .3755348E-10
1167 .3756326E-10
1168 .3757317E-10
1169 .3758327E-10
1170 .3759354E-10
1171 .3760400E-10
1172 .3761456E-10
1173 .3762537E-10
1174 .3763628E-10
1175 .3764740E-10
1176 .3765870E-10
1177 .3767019E-10
1178 .3768182E-10
1179 .3769365E-10
1180 .3770565E-10
1181 .3771788E-10
1182 .3773025E-10
1183 .3774284E-10
1184 .3775563E-10
1185 .3776858E-10
1186 .3778175E-10
1187 .3779507E-10
1188 .3780864E-10
1189 .3782237E-10
1190 .3783632E-10
1191 .3785050E-10
1192 .3786484E-10
1193 .3787943E-10
1194 .3789420E-10
1195 .3790920E-10
1196 .3792439E-10
1197 .3793979E-10
1198 .3795541E-10
1199 .3797126E-10
1200 .3798734E-10
1201 .3800364E-10
1202 .3802014E-10
1203 .3803690E-10
1204 .3805386E-10
1205 .3807106E-10
1206 .3808851E-10
1207 .3810617E-10
1208 .3812406E-10
1209 .3814223E-10
1210 .3816062E-10
1211 .3817924E-10
1212 .3819811E-10
1213 .3821723E-10
1214 .3823659E-10
1215 .3825619E-10
1216 .3827610E-10
1217 .3829620E-10
1218 .3831663E-10
1219 .3833724E-10
1220 .3835816E-10
1221 .3837933E-10
1222 .3840079E-10
1223 .3842249E-10
1224 .3844442E-10
1225 .3846671E-10
1226 .3848924E-10
1227 .3851200E-10
1228 .3853511E-10
1229 .3855844E-10
1230 .3858208E-10
1231 .3860602E-10
1232 .3863025E-10
1233 .3865476E-10
1234 .3867951E-10
1235 .3870461E-10
1236 .3873002E-10
1237 .3875567E-10
1238 .3878168E-10
1239 .3880796E-10
1240 .3883457E-10
1241 .3886146E-10
1242 .3888866E-10
1243 .3891621E-10
1244 .3894403E-10
1245 .3897219E-10
1246 .3900066E-10
1247 .3902945E-10
1248 .3905859E-10
1249 .3908804E-10
1250 .3911780E-10
1251 .3916329E-10
1252 .3920917E-10
1253 .3925533E-10
1254 .3930186E-10
1255 .3934869E-10
1256 .3939589E-10
1257 .3944346E-10
1258 .3949131E-10
1259 .3953955E-10
1260 .3958815E-10
1261 .3963709E-10
1262 .3968637E-10
1263 .3973605E-10
1264 .3978607E-10
1265 .3983646E-10
1266 .3988725E-10
1267 .3993840E-10
1268 .3998991E-10
1269 .4004184E-10
1270 .4009410E-10
1271 .4014676E-10
1272 .4019980E-10
1273 .4025327E-10
1274 .4030711E-10
1275 .4036135E-10
1276 .4041597E-10
1277 .4047100E-10
1278 .4052647E-10
1279 .4058231E-10
1280 .4063858E-10
1281 .4069524E-10
1282 .4075234E-10
1283 .4080986E-10
1284 .4086777E-10
1285 .4092615E-10
1286 .4098494E-10
1287 .4104415E-10
1288 .4110374E-10
1289 .4116384E-10
1290 .4122436E-10
1291 .4128527E-10
1292 .4134655E-10
1293 .4140831E-10
1294 .4147050E-10
1295 .4153307E-10
1296 .4159604E-10
1297 .4165950E-10
1298 .4172325E-10
1299 .4178751E-10
1300 .4185217E-10
1301 .4191720E-10
1302 .4198266E-10
1303 .4204856E-10
1304 .4211482E-10
1305 .4218148E-10
1306 .4224859E-10
1307 .4231605E-10
1308 .4238394E-10
1309 .4245222E-10
1310 .4252089E-10
1311 .4258995E-10
1312 .4265948E-10
1313 .4272931E-10
1314 .4279955E-10
1315 .4287018E-10
1316 .4294125E-10
1317 .4301263E-10
1318 .4308443E-10
1319 .4315663E-10
1320 .4322920E-10
1321 .4330215E-10
1322 .4337545E-10
1323 .4344914E-10
1324 .4352323E-10
1325 .4359769E-10
1326 .4367253E-10
1327 .4374771E-10
1328 .4382327E-10
1329 .4389920E-10
1330 .4397553E-10
1331 .4405213E-10
1332 .4412918E-10
1333 .4420651E-10
1334 .4428425E-10
1335 .4436237E-10
1336 .4444077E-10
1337 .4451961E-10
1338 .4459875E-10
1339 .4467823E-10
1340 .4475807E-10
1341 .4483824E-10
1342 .4491873E-10
1343 .4499963E-10
1344 .4508081E-10
1345 .4516237E-10
1346 .4524420E-10
1347 .4532646E-10
1348 .4540897E-10
1349 .4549179E-10
1350 .4557500E-10
1351 .4565849E-10
1352 .4574234E-10
1353 .4582646E-10
1354 .4591096E-10
1355 .4599574E-10
1356 .4608079E-10
1357 .4616619E-10
1358 .4625191E-10
1359 .4633789E-10
1360 .4642422E-10
1361 .4651083E-10
1362 .4659774E-10
1363 .4668495E-10
1364 .4677244E-10
1365 .4686026E-10
1366 .4694832E-10
1367 .4703668E-10
1368 .4712530E-10
1369 .4721420E-10
1370 .4730345E-10
1371 .4725386E-10
1372 .4720403E-10
1373 .4715392E-10
1374 .4710356E-10
1375 .4705293E-10
1376 .4700201E-10
1377 .4695085E-10
1378 .4689935E-10
1379 .4684762E-10
1380 .4679555E-10
1381 .4674321E-10
1382 .4669057E-10
1383 .4663758E-10
1384 .4658432E-10
1385 .4653075E-10
1386 .4647687E-10
1387 .4642263E-10
1388 .4636802E-10
1389 .4631315E-10
1390 .4625789E-10
1391 .4620228E-10
1392 .4614634E-10
1393 .4609006E-10
1394 .4603339E-10
1395 .4597637E-10
1396 .4591901E-10
1397 .4586124E-10
1398 .4580312E-10
1399 .4574458E-10
1400 .4568566E-10
1401 .4562637E-10
1402 .4556668E-10
1403 .4550655E-10
1404 .4544607E-10
1405 .4538517E-10
1406 .4532384E-10
1407 .4526208E-10
1408 .4519988E-10
1409 .4513728E-10
1410 .4507428E-10
1411 .4501082E-10
1412 .4494691E-10
1413 .4488255E-10
1414 .4481778E-10
1415 .4475250E-10
1416 .4468678E-10
1417 .4462066E-10
1418 .4455396E-10
1419 .4448689E-10
1420 .4441932E-10
1421 .4435127E-10
1422 .4428272E-10
1423 .4421370E-10
1424 .4414418E-10
1425 .4407419E-10
1426 .4400369E-10
1427 .4393268E-10
1428 .4386115E-10
1429 .4378918E-10
1430 .4371660E-10
1431 .4364357E-10
1432 .4356997E-10
1433 .4349590E-10
1434 .4342127E-10
1435 .4334616E-10
1436 .4327046E-10
1437 .4319421E-10
1438 .4311745E-10
1439 .4304016E-10
1440 .4296226E-10
1441 .4288384E-10
1442 .4280486E-10
1443 .4272535E-10
1444 .4264522E-10
1445 .4256456E-10
1446 .4248333E-10
1447 .4240151E-10
1448 .4231914E-10
1449 .4223616E-10
1450 .4215262E-10
1451 .4206846E-10
1452 .4198373E-10
1453 .4189844E-10
1454 .4181254E-10
1455 .4172601E-10
1456 .4163891E-10
1457 .4155119E-10
1458 .4146287E-10
1459 .4137392E-10
1460 .4128436E-10
1461 .4119420E-10
1462 .4110346E-10
1463 .4101202E-10
1464 .4092001E-10
1465 .4082735E-10
1466 .4073405E-10
1467 .4064016E-10
1468 .4054560E-10
1469 .4045041E-10
1470 .4035459E-10
1471 .4025813E-10
1472 .4016104E-10
1473 .4006325E-10
1474 .3996483E-10
1475 .3986579E-10
1476 .3976606E-10
1477 .3966569E-10
1478 .3956469E-10
1479 .3946298E-10
1480 .3936063E-10
1481 .3925762E-10
1482 .3915400E-10
1483 .3904963E-10
1484 .3894462E-10
1485 .3883894E-10
1486 .3873257E-10
1487 .3862557E-10
1488 .3851791E-10
1489 .3840953E-10
1490 .3830052E-10
1491 .3819083E-10
1492 .3808045E-10
1493 .3796942E-10
1494 .3785774E-10
1495 .3774537E-10
1496 .3763233E-10
1497 .3751864E-10
1498 .3740425E-10
1499 .3728921E-10
1500 .3717347E-10
1501 .3723375E-10
1502 .3729392E-10
1503 .3735400E-10
1504 .3741399E-10
1505 .3747381E-10
1506 .3753358E-10
1507 .3759324E-10
1508 .3765281E-10
1509 .3771225E-10
1510 .3777159E-10
1511 .3783082E-10
1512 .3788994E-10
1513 .3794897E-10
1514 .3800786E-10
1515 .3806666E-10
1516 .3812537E-10
1517 .3818393E-10
1518 .3824234E-10
1519 .3830070E-10
1520 .3835890E-10
1521 .3841701E-10
1522 .3847497E-10
1523 .3853284E-10
1524 .3859058E-10
1525 .3864818E-10
1526 .3870566E-10
1527 .3876301E-10
1528 .3882026E-10
1529 .3887735E-10
1530 .3893432E-10
1531 .3899117E-10
1532 .3904784E-10
1533 .3910444E-10
1534 .3916086E-10
1535 .3921717E-10
1536 .3927335E-10
1537 .3932937E-10
1538 .3938525E-10
1539 .3944099E-10
1540 .3949661E-10
1541 .3955209E-10
1542 .3960738E-10
1543 .3966257E-10
1544 .3971763E-10
1545 .3977246E-10
1546 .3982723E-10
1547 .3988182E-10
1548 .3993625E-10
1549 .3999054E-10
1550 .4004465E-10
1551 .4009863E-10
1552 .4015244E-10
1553 .4020611E-10
1554 .4025961E-10
1555 .4031294E-10
1556 .4036612E-10
1557 .4041915E-10
1558 .4047204E-10
1559 .4052471E-10
1560 .4057728E-10
1561 .4062963E-10
1562 .4068180E-10
1563 .4073382E-10
1564 .4078572E-10
1565 .4083741E-10
1566 .4088892E-10
1567 .4094028E-10
1568 .4099149E-10
1569 .4104247E-10
1570 .4109329E-10
1571 .4114393E-10
1572 .4119443E-10
1573 .4124468E-10
1574 .4129481E-10
1575 .4134475E-10
1576 .4139447E-10
1577 .4144407E-10
1578 .4149343E-10
1579 .4154263E-10
1580 .4159161E-10
1581 .4164043E-10
1582 .4168908E-10
1583 .4173752E-10
1584 .4178577E-10
1585 .4183381E-10
1586 .4188166E-10
1587 .4192935E-10
1588 .4197682E-10
1589 .4202411E-10
1590 .4207114E-10
1591 .4211805E-10
1592 .4216471E-10
1593 .4221116E-10
1594 .4225747E-10
1595 .4230352E-10
1596 .4234940E-10
1597 .4239506E-10
1598 .4244049E-10
1599 .4248574E-10
1600 .4253079E-10
1601 .4257559E-10
1602 .4262019E-10
1603 .4266461E-10
1604 .4270881E-10
1605 .4275279E-10
1606 .4279657E-10
1607 .4284009E-10
1608 .4288341E-10
1609 .4292652E-10
1610 .4296942E-10
1611 .4301209E-10
1612 .4305452E-10
1613 .4309675E-10
1614 .4313875E-10
1615 .4318055E-10
1616 .4322209E-10
1617 .4326344E-10
1618 .4330452E-10
1619 .4334537E-10
1620 .4338601E-10
1621 .4342646E-10
1622 .4346664E-10
1623 .4350655E-10
1624 .4354628E-10
1625 .4358577E-10
1626 .4361026E-10
1627 .4363451E-10
1628 .4365853E-10
1629 .4368230E-10
1630 .4370587E-10
1631 .4372918E-10
1632 .4375225E-10
1633 .4377511E-10
1634 .4379769E-10
1635 .4382001E-10
1636 .4384216E-10
1637 .4386403E-10
1638 .4388567E-10
1639 .4390706E-10
1640 .4392820E-10
1641 .4394906E-10
1642 .4396976E-10
1643 .4399015E-10
1644 .4401030E-10
1645 .4403024E-10
1646 .4404990E-10
1647 .4406934E-10
1648 .4408851E-10
1649 .4410741E-10
1650 .4412607E-10
1651 .4414450E-10
1652 .4416267E-10
1653 .4418061E-10
1654 .4419824E-10
1655 .4421566E-10
1656 .4423281E-10
1657 .4424968E-10
1658 .4426630E-10
1659 .4428273E-10
1660 .4429886E-10
1661 .4431469E-10
1662 .4433032E-10
1663 .4434569E-10
1664 .4436075E-10
1665 .4437558E-10
1666 .4439017E-10
1667 .4440446E-10
1668 .4441852E-10
1669 .4443229E-10
1670 .4444581E-10
1671 .4445905E-10
1672 .4447205E-10
1673 .4448480E-10
1674 .4449725E-10
1675 .4450943E-10
1676 .4452136E-10
1677 .4453299E-10
1678 .4454441E-10
1679 .4455551E-10
1680 .4456635E-10
1681 .4457692E-10
1682 .4458727E-10
1683 .4459730E-10
1684 .4460707E-10
1685 .4461658E-10
1686 .4462588E-10
1687 .4463483E-10
1688 .4464356E-10
1689 .4465203E-10
1690 .4466023E-10
1691 .4466818E-10
1692 .4467588E-10
1693 .4468334E-10
1694 .4469049E-10
1695 .4469744E-10
1696 .4470414E-10
1697 .4471060E-10
1698 .4471679E-10
1699 .4472274E-10
1700 .4472842E-10
1701 .4473390E-10
1702 .4473910E-10
1703 .4474411E-10
1704 .4474883E-10
1705 .4475337E-10
1706 .4475765E-10
1707 .4476167E-10
1708 .4476548E-10
1709 .4476904E-10
1710 .4477237E-10
1711 .4477549E-10
1712 .4477838E-10
1713 .4478103E-10
1714 .4478348E-10
1715 .4478568E-10
1716 .4478767E-10
1717 .4478943E-10
1718 .4479103E-10
1719 .4479235E-10
1720 .4479346E-10
1721 .4479436E-10
1722 .4479506E-10
1723 .4479553E-10
1724 .4479580E-10
1725 .4479584E-10
1726 .4479572E-10
1727 .4479536E-10
1728 .4479479E-10
1729 .4479406E-10
1730 .4479311E-10
1731 .4479195E-10
1732 .4479057E-10
1733 .4478901E-10
1734 .4478726E-10
1735 .4478529E-10
1736 .4478315E-10
1737 .4478085E-10
1738 .4477832E-10
1739 .4477556E-10
1740 .4477270E-10
1741 .4476959E-10
1742 .4476633E-10
1743 .4476290E-10
1744 .4475925E-10
1745 .4475543E-10
1746 .4475143E-10
1747 .4474726E-10
1748 .4474288E-10
1749 .4473838E-10
1750 .4473366E-10
1751 .4472884E-10
1752 .4472376E-10
1753 .4471859E-10
1754 .4471319E-10
1755 .4470765E-10
1756 .4470197E-10
1757 .4469607E-10
1758 .4469006E-10
1759 .4468385E-10
1760 .4467750E-10
1761 .4467098E-10
1762 .4466436E-10
1763 .4465749E-10
1764 .4465051E-10
1765 .4464342E-10
1766 .4463612E-10
1767 .4462871E-10
1768 .4462114E-10
1769 .4461342E-10
1770 .4460552E-10
1771 .4459752E-10
1772 .4458938E-10
1773 .4458110E-10
1774 .4457265E-10
1775 .4456411E-10
1776 .4455536E-10
1777 .4454656E-10
1778 .4453759E-10
1779 .4452847E-10
1780 .4451922E-10
1781 .4450984E-10
1782 .4450036E-10
1783 .4449076E-10
1784 .4448098E-10
1785 .4447113E-10
1786 .4446115E-10
1787 .4445101E-10
1788 .4444078E-10
1789 .4443043E-10
1790 .4441997E-10
1791 .4440942E-10
1792 .4439870E-10
1793 .4438786E-10
1794 .4437696E-10
1795 .4436592E-10
1796 .4435479E-10
1797 .4434352E-10
1798 .4433218E-10
1799 .4432070E-10
1800 .4430918E-10
1801 .4416123E-10
1802 .4401323E-10
1803 .4386526E-10
1804 .4371724E-10
1805 .4356922E-10
1806 .4342113E-10
1807 .4327307E-10
1808 .4312497E-10
1809 .4297688E-10
1810 .4282879E-10
1811 .4268063E-10
1812 .4253255E-10
1813 .4238439E-10
1814 .4223627E-10
1815 .4208814E-10
1816 .4194001E-10
1817 .4179188E-10
1818 .4164378E-10
1819 .4149564E-10
1820 .4134755E-10
1821 .4119949E-10
1822 .4105144E-10
1823 .4090334E-10
1824 .4075531E-10
1825 .4060730E-10
1826 .4045932E-10
1827 .4031136E-10
1828 .4016340E-10
1829 .4001551E-10
1830 .3986762E-10
1831 .3971976E-10
1832 .3957197E-10
1833 .3942416E-10
1834 .3927643E-10
1835 .3912871E-10
1836 .3898104E-10
1837 .3883340E-10
1838 .3868580E-10
1839 .3853827E-10
1840 .3839078E-10
1841 .3824333E-10
1842 .3809593E-10
1843 .3794863E-10
1844 .3780133E-10
1845 .3765407E-10
1846 .3750691E-10
1847 .3735976E-10
1848 .3721271E-10
1849 .3706573E-10
1850 .3691880E-10
1851 .3677190E-10
1852 .3662511E-10
1853 .3647835E-10
1854 .3633167E-10
1855 .3618508E-10
1856 .3603855E-10
1857 .3589206E-10
1858 .3574567E-10
1859 .3559936E-10
1860 .3545311E-10
1861 .3530694E-10
1862 .3516084E-10
1863 .3501486E-10
1864 .3486894E-10
1865 .3472310E-10
1866 .3457731E-10
1867 .3443165E-10
1868 .3428604E-10
1869 .3414050E-10
1870 .3399509E-10
1871 .3384977E-10
1872 .3370452E-10
1873 .3355936E-10
1874 .3341431E-10
1875 .3326933E-10
1876 .3312445E-10
1877 .3297967E-10
1878 .3283501E-10
1879 .3269036E-10
1880 .3254593E-10
1881 .3240153E-10
1882 .3225728E-10
1883 .3211306E-10
1884 .3196897E-10
1885 .3182499E-10
1886 .3168108E-10
1887 .3153732E-10
1888 .3139364E-10
1889 .3125008E-10
1890 .3110658E-10
1891 .3096323E-10
1892 .3081999E-10
1893 .3067684E-10
1894 .3053384E-10
1895 .3039090E-10
1896 .3024809E-10
1897 .3010540E-10
1898 .2996280E-10
1899 .2982032E-10
1900 .2967796E-10
1901 .2953573E-10
1902 .2939356E-10
1903 .2925156E-10
1904 .2910961E-10
1905 .2896785E-10
1906 .2882618E-10
1907 .2868459E-10
1908 .2854317E-10
1909 .2840184E-10
1910 .2826063E-10
1911 .2811958E-10
1912 .2797861E-10
1913 .2783776E-10
1914 .2769701E-10
1915 .2755641E-10
1916 .2741593E-10
1917 .2727557E-10
1918 .2713533E-10
1919 .2699519E-10
1920 .2685521E-10
1921 .2671531E-10
1922 .2657558E-10
1923 .2643592E-10
1924 .2629641E-10
1925 .2615704E-10
1926 .2601774E-10
1927 .2587864E-10
1928 .2573960E-10
1929 .2560073E-10
1930 .2546196E-10
1931 .2532332E-10
1932 .2518478E-10
1933 .2504638E-10
1934 .2490810E-10
1935 .2476996E-10
1936 .2463194E-10
1937 .2449404E-10
1938 .2435626E-10
1939 .2421861E-10
1940 .2408109E-10
1941 .2394369E-10
1942 .2380638E-10
1943 .2366925E-10
1944 .2353225E-10
1945 .2339532E-10
1946 .2325853E-10
1947 .2312188E-10
1948 .2298534E-10
1949 .2284891E-10
1950 .2271264E-10
1951 .2257648E-10
1952 .2244044E-10
1953 .2230452E-10
1954 .2216871E-10
1955 .2203306E-10
1956 .2189751E-10
1957 .2176210E-10
1958 .2162678E-10
1959 .2149157E-10
1960 .2135651E-10
1961 .2122157E-10
1962 .2108673E-10
1963 .2095202E-10
1964 .2081743E-10
1965 .2068297E-10
1966 .2054860E-10
1967 .2041434E-10
1968 .2028019E-10
1969 .2014616E-10
1970 .2001223E-10
1971 .1987844E-10
1972 .1974472E-10
1973 .1961114E-10
1974 .1947762E-10
1975 .1934425E-10
1976 .1921093E-10
1977 .1907775E-10
1978 .1894467E-10
1979 .1881169E-10
1980 .1867882E-10
1981 .1854600E-10
1982 .1841332E-10
1983 .1828074E-10
1984 .1814824E-10
1985 .1801583E-10
1986 .1788350E-10
1987 .1775127E-10
1988 .1761914E-10
1989 .1748712E-10
1990 .1735512E-10
1991 .1722328E-10
1992 .1709148E-10
1993 .1695979E-10
1994 .1682818E-10
1995 .1669664E-10
1996 .1656521E-10
1997 .1643384E-10
1998 .1630257E-10
1999 .1617135E-10
2000 .1604022E-10
2001 .1590916E-10
2002 .1577819E-10
2003 .1564731E-10
2004 .1551648E-10
2005 .1538574E-10
2006 .1525506E-10
2007 .1512449E-10
2008 .1499394E-10
2009 .1486346E-10
2010 .1473309E-10
2011 .1473081E-10
2012 .1472855E-10
2013 .1472632E-10
2014 .1472414E-10
2015 .1472196E-10
2016 .1471982E-10
2017 .1471771E-10
2018 .1471563E-10
2019 .1471357E-10
2020 .1471156E-10
2021 .1470956E-10
2022 .1470757E-10
2023 .1470562E-10
2024 .1470370E-10
2025 .1470181E-10
2026 .1469995E-10
2027 .1469810E-10
2028 .1469630E-10
2029 .1469451E-10
2030 .1469275E-10
2031 .1469102E-10
2032 .1468930E-10
2033 .1468764E-10
2034 .1468597E-10
2035 .1468436E-10
2036 .1468275E-10
2037 .1468117E-10
2038 .1467960E-10
2039 .1467807E-10
2040 .1467659E-10
2041 .1467511E-10
2042 .1467365E-10
2043 .1467221E-10
2044 .1467081E-10
2045 .1466943E-10
2046 .1466808E-10
2047 .1466674E-10
2048 .1466544E-10
2049 .1466416E-10
2050 .1466288E-10
2051 .1466164E-10
2052 .1466043E-10
2053 .1465922E-10
2054 .1465806E-10
2055 .1465691E-10
2056 .1465581E-10
2057 .1465470E-10
2058 .1465362E-10
2059 .1465259E-10
2060 .1465153E-10
2061 .1465052E-10
2062 .1464954E-10
2063 .1464857E-10
2064 .1464761E-10
2065 .1464672E-10
2066 .1464580E-10
2067 .1464491E-10
2068 .1464406E-10
2069 .1464324E-10
2070 .1464240E-10
2071 .1464162E-10
2072 .1464085E-10
2073 .1464010E-10
2074 .1463937E-10
2075 .1463865E-10
2076 .1463794E-10
2077 .1463728E-10
2078 .1463664E-10
2079 .1463599E-10
2080 .1463538E-10
2081 .1463479E-10
2082 .1463423E-10
2083 .1463367E-10
2084 .1463313E-10
2085 .1463262E-10
2086 .1463211E-10
2087 .1463165E-10
2088 .1463118E-10
2089 .1463074E-10
2090 .1463031E-10
2091 .1462990E-10
2092 .1462953E-10
2093 .1462917E-10
2094 .1462882E-10
2095 .1462851E-10
2096 .1462818E-10
2097 .1462788E-10
2098 .1462762E-10
2099 .1462735E-10
2100 .1462711E-10
2101 .1462687E-10
2102 .1462664E-10
2103 .1462647E-10
2104 .1462630E-10
2105 .1462614E-10
2106 .1462602E-10
2107 .1462587E-10
2108 .1462579E-10
2109 .1462567E-10
2110 .1462561E-10
2111 .1462553E-10
2112 .1462548E-10
2113 .1462547E-10
2114 .1462545E-10
2115 .1462546E-10
2116 .1462545E-10
2117 .1462550E-10
2118 .1462555E-10
2119 .1462560E-10
2120 .1462568E-10
2121 .1462578E-10
2122 .1462589E-10
2123 .1462601E-10
2124 .1462615E-10
2125 .1462630E-10
2126 .1462644E-10
2127 .1462663E-10
2128 .1462683E-10
2129 .1462703E-10
2130 .1462725E-10
2131 .1462747E-10
2132 .1462771E-10
2133 .1462798E-10
2134 .1462825E-10
2135 .1462853E-10
2136 .1462883E-10
2137 .1462915E-10
2138 .1462946E-10
2139 .1462979E-10
2140 .1463015E-10
2141 .1463050E-10
2142 .1463088E-10
2143 .1463125E-10
2144 .1463167E-10
2145 .1463205E-10
2146 .1463247E-10
2147 .1463291E-10
2148 .1463334E-10
2149 .1463380E-10
2150 .1463427E-10
2151 .1463473E-10
2152 .1463522E-10
2153 .1463572E-10
2154 .1463623E-10
2155 .1463675E-10
2156 .1463728E-10
2157 .1463782E-10
2158 .1463837E-10
2159 .1463892E-10
2160 .1463948E-10
2161 .1464007E-10
2162 .1464064E-10
2163 .1464125E-10
2164 .1464187E-10
2165 .1464249E-10
2166 .1464310E-10
2167 .1464374E-10
2168 .1464437E-10
2169 .1464503E-10
2170 .1464567E-10
2171 .1464635E-10
2172 .1464705E-10
2173 .1464772E-10
2174 .1464843E-10
2175 .1464910E-10
2176 .1464982E-10
2177 .1465054E-10
2178 .1465126E-10
2179 .1465200E-10
2180 .1465274E-10
2181 .1465349E-10
2182 .1465424E-10
2183 .1465499E-10
2184 .1465576E-10
2185 .1465654E-10
2186 .1465733E-10
2187 .1465813E-10
2188 .1465891E-10
2189 .1465970E-10
2190 .1466051E-10
2191 .1466132E-10
2192 .1466216E-10
2193 .1466297E-10
2194 .1466379E-10
2195 .1466463E-10
2196 .1466549E-10
2197 .1466634E-10
2198 .1466719E-10
2199 .1466806E-10
2200 .1466891E-10
2201 .1466979E-10
2202 .1467065E-10
2203 .1467154E-10
2204 .1467242E-10
2205 .1467329E-10
2206 .1467419E-10
2207 .1467509E-10
2208 .1467598E-10
2209 .1467690E-10
2210 .1467780E-10
2211 .1467868E-10
2212 .1467962E-10
2213 .1468051E-10
2214 .1468144E-10
2215 .1468239E-10
2216 .1468329E-10
2217 .1468423E-10
2218 .1468516E-10
2219 .1468609E-10
2220 .1468702E-10
2221 .1468800E-10
2222 .1468892E-10
2223 .1468986E-10
2224 .1469079E-10
2225 .1469177E-10
2226 .1469270E-10
2227 .1469365E-10
2228 .1469461E-10
2229 .1469555E-10
2230 .1469652E-10
2231 .1469748E-10
2232 .1469841E-10
2233 .1469939E-10
2234 .1470034E-10
2235 .1470131E-10
2236 .1470228E-10
2237 .1470323E-10
2238 .1470418E-10
2239 .1470517E-10
2240 .1470611E-10
2241 .1470707E-10
2242 .1470803E-10
2243 .1470901E-10
2244 .1470996E-10
2245 .1471093E-10
2246 .1471189E-10
2247 .1471285E-10
2248 .1471382E-10
2249 .1471479E-10
2250 .1471577E-10
2251 .1471672E-10
2252 .1471769E-10
2253 .1471868E-10
2254 .1471964E-10
2255 .1472060E-10
2256 .1472158E-10
2257 .1472255E-10
2258 .1472350E-10
2259 .1472447E-10
2260 .1472545E-10
2261 .1472641E-10
2262 .1472739E-10
2263 .1472838E-10
2264 .1472933E-10
2265 .1473031E-10
2266 .1473128E-10
2267 .1473225E-10
2268 .1473322E-10
2269 .1473419E-10
2270 .1473518E-10
2271 .1473613E-10
2272 .1473712E-10
2273 .1473810E-10
2274 .1473907E-10
2275 .1474005E-10
2276 .1474104E-10
2277 .1474200E-10
2278 .1474297E-10
2279 .1474397E-10
2280 .1474496E-10
2281 .1474591E-10
2282 .1474689E-10
2283 .1474788E-10
2284 .1474885E-10
2285 .1474984E-10
2286 .1475082E-10
2287 .1475181E-10
2288 .1475278E-10
2289 .1475375E-10
2290 .1475475E-10
2291 .1475574E-10
2292 .1475672E-10
2293 .1475770E-10
2294 .1475869E-10
2295 .1475968E-10
2296 .1476064E-10
2297 .1476164E-10
2298 .1476263E-10
2299 .1476361E-10
2300 .1476460E-10
2301 .1476560E-10
2302 .1476660E-10
2303 .1476756E-10
2304 .1476856E-10
2305 .1476954E-10
2306 .1477053E-10
2307 .1477152E-10
2308 .1477251E-10
2309 .1477351E-10
2310 .1477449E-10
2311 .1477549E-10
2312 .1477647E-10
2313 .1477746E-10
2314 .1477847E-10
2315 .1477945E-10
2316 .1478046E-10
2317 .1478145E-10
2318 .1478245E-10
2319 .1478343E-10
2320 .1478445E-10
2321 .1478542E-10
2322 .1478643E-10
2323 .1478743E-10
2324 .1478840E-10
2325 .1478941E-10
2326 .1479042E-10
2327 .1479140E-10
2328 .1479242E-10
2329 .1479341E-10
2330 .1479442E-10
2331 .1479542E-10
2332 .1479641E-10
2333 .1479740E-10
2334 .1479841E-10
2335 .1479941E-10
2336 .1480044E-10
2337 .1480141E-10
2338 .1480243E-10
2339 .1480342E-10
2340 .1480440E-10
2341 .1480542E-10
2342 .1480644E-10
2343 .1480746E-10
2344 .1480845E-10
2345 .1480946E-10
2346 .1481047E-10
2347 .1481146E-10
2348 .1481248E-10
2349 .1481349E-10
2350 .1481449E-10
2351 .1481551E-10
2352 .1481651E-10
2353 .1481753E-10
2354 .1481854E-10
2355 .1481955E-10
2356 .1482055E-10
2357 .1482155E-10
2358 .1482258E-10
2359 .1482358E-10
2360 .1482460E-10
2361 .1482562E-10
2362 .1482662E-10
2363 .1482764E-10
2364 .1482864E-10
2365 .1482967E-10
2366 .1483068E-10
2367 .1483170E-10
2368 .1483270E-10
2369 .1483373E-10
2370 .1483475E-10
2371 .1483576E-10
2372 .1483677E-10
2373 .1483779E-10
2374 .1483882E-10
2375 .1483982E-10
2376 .1484085E-10
2377 .1484187E-10
2378 .1484288E-10
2379 .1484391E-10
2380 .1484493E-10
2381 .1484596E-10
2382 .1484697E-10
2383 .1484798E-10
2384 .1484901E-10
2385 .1485005E-10
2386 .1485108E-10
2387 .1485206E-10
2388 .1485310E-10
2389 .1485413E-10
2390 .1485517E-10
2391 .1485619E-10
2392 .1485721E-10
2393 .1485822E-10
2394 .1485926E-10
2395 .1486029E-10
2396 .1486133E-10
2397 .1486234E-10
2398 .1486337E-10
2399 .1486441E-10
2400 .1486543E-10
2401 .1486646E-10
2402 .1486747E-10
2403 .1486852E-10
2404 .1486955E-10
2405 .1487058E-10
2406 .1487162E-10
2407 .1487265E-10
2408 .1487368E-10
2409 .1487472E-10
2410 .1487574E-10
2411 .1487678E-10
2412 .1487781E-10
2413 .1487885E-10
2414 .1487988E-10
2415 .1488092E-10
2416 .1488196E-10
2417 .1488299E-10
2418 .1488403E-10
2419 .1488507E-10
2420 .1488610E-10
2421 .1488713E-10
2422 .1488817E-10
2423 .1488920E-10
2424 .1489025E-10
2425 .1489128E-10
2426 .1489233E-10
2427 .1489337E-10
2428 .1489442E-10
2429 .1489546E-10
2430 .1489649E-10
2431 .1489754E-10
2432 .1489859E-10
2433 .1489961E-10
2434 .1490065E-10
2435 .1490170E-10
2436 .1490274E-10
2437 .1490380E-10
2438 .1490483E-10
2439 .1490588E-10
2440 .1490693E-10
2441 .1490797E-10
2442 .1490903E-10
2443 .1491007E-10
2444 .1491111E-10
2445 .1491217E-10
2446 .1491322E-10
2447 .1491426E-10
2448 .1491529E-10
2449 .1491638E-10
2450 .1491740E-10
2451 .1491846E-10
2452 .1491951E-10
2453 .1492055E-10
2454 .1492161E-10
2455 .1492267E-10
2456 .1492370E-10
2457 .1492477E-10
2458 .1492582E-10
2459 .1492687E-10
2460 .1492795E-10
2461 .1492897E-10
2462 .1493004E-10
2463 .1493108E-10
2464 .1493213E-10
2465 .1493321E-10
2466 .1493426E-10
2467 .1493530E-10
2468 .1493638E-10
2469 .1493743E-10
2470 .1493846E-10
2471 .1493954E-10
2472 .1494060E-10
2473 .1494166E-10
2474 .1494272E-10
2475 .1494378E-10
2476 .1494484E-10
2477 .1494590E-10
2478 .1494697E-10
2479 .1494804E-10
2480 .1494908E-10
2481 .1495014E-10
2482 .1495120E-10
2483 .1495226E-10
2484 .1495333E-10
2485 .1495440E-10
2486 .1495543E-10
2487 .1495654E-10
2488 .1495759E-10
2489 .1495866E-10
2490 .1495972E-10
2491 .1496078E-10
2492 .1496186E-10
2493 .1496292E-10
2494 .1496400E-10
2495 .1496506E-10
2496 .1496613E-10
2497 .1496720E-10
2498 .1496828E-10
2499 .1496933E-10
2500 .1497041E-10
