 76.0    1000.00   .3626218E-15
 76.0    1010.00   .1397878E-14
 76.0    1020.00   .3766185E-14
 76.0    1030.00   .8324507E-14
 76.0    1040.00   .1617781E-13
 76.0    1050.00   .2868283E-13
 76.0    1060.00   .4743824E-13
 76.0    1070.00   .7425973E-13
 76.0    1080.00   .1111395E-12
 76.0    1090.00   .1601897E-12
 76.0    1100.00   .2235699E-12
 76.0    1110.00   .3034016E-12
 76.0    1120.00   .4016688E-12
 76.0    1130.00   .5201105E-12
 76.0    1140.00   .6601066E-12
 76.0    1150.00   .8225623E-12
 76.0    1160.00   .1007794E-11
 76.0    1170.00   .1215427E-11
 76.0    1180.00   .1444302E-11
 76.0    1190.00   .1692407E-11
 76.0    1200.00   .1956826E-11
 76.0    1210.00   .2233726E-11
 76.0    1220.00   .2518375E-11
 76.0    1230.00   .2805199E-11
 76.0    1240.00   .3087881E-11
 76.0    1250.00   .3359496E-11
 76.0    1260.00   .3613401E-11
 76.0    1270.00   .3845865E-11
 76.0    1280.00   .4054689E-11
 76.0    1290.00   .4238605E-11
 76.0    1300.00   .4397258E-11
 76.0    1310.00   .4531145E-11
 76.0    1320.00   .4641542E-11
 76.0    1330.00   .4730412E-11
 76.0    1340.00   .4800292E-11
 76.0    1350.00   .4854207E-11
 76.0    1360.00   .4895550E-11
 76.0    1370.00   .4928015E-11
 76.0    1380.00   .4955432E-11
 76.0    1390.00   .4980189E-11
 76.0    1400.00   .5003099E-11
 76.0    1410.00   .5024917E-11
 76.0    1420.00   .5046382E-11
 76.0    1430.00   .5068247E-11
 76.0    1440.00   .5091266E-11
 76.0    1450.00   .5116204E-11
 76.0    1460.00   .5143849E-11
 76.0    1470.00   .5175007E-11
 76.0    1480.00   .5210516E-11
 76.0    1490.00   .5251257E-11
 76.0    1500.00   .5298143E-11
 76.0    1510.00   .5351980E-11
 76.0    1520.00   .5412924E-11
 76.0    1530.00   .5480973E-11
 76.0    1540.00   .5556119E-11
 76.0    1550.00   .5638361E-11
 76.0    1560.00   .5727694E-11
 76.0    1570.00   .5824117E-11
 76.0    1580.00   .5927617E-11
 76.0    1590.00   .6038187E-11
 76.0    1600.00   .6155806E-11
 76.0    1610.00   .6280458E-11
 76.0    1620.00   .6412104E-11
 76.0    1630.00   .6550711E-11
 76.0    1640.00   .6696220E-11
 76.0    1650.00   .6848568E-11
 76.0    1660.00   .7007673E-11
 76.0    1670.00   .7173439E-11
 76.0    1680.00   .7345745E-11
 76.0    1690.00   .7524456E-11
 76.0    1700.00   .7709404E-11
 76.0    1710.00   .7900409E-11
 76.0    1720.00   .8097248E-11
 76.0    1730.00   .8299683E-11
 76.0    1740.00   .8507428E-11
 76.0    1750.00   .8720182E-11
 76.0    1760.00   .8937620E-11
 76.0    1770.00   .9159528E-11
 76.0    1780.00   .9385682E-11
 76.0    1790.00   .9615845E-11
 76.0    1800.00   .9849729E-11
 76.0    1810.00   .1008704E-10
 76.0    1820.00   .1032744E-10
 76.0    1830.00   .1057055E-10
 76.0    1840.00   .1081597E-10
 76.0    1850.00   .1106327E-10
 76.0    1860.00   .1131196E-10
 76.0    1870.00   .1156155E-10
 76.0    1880.00   .1181148E-10
 76.0    1890.00   .1206118E-10
 76.0    1900.00   .1231003E-10
 76.0    1910.00   .1255739E-10
 76.0    1920.00   .1280256E-10
 76.0    1930.00   .1304484E-10
 76.0    1940.00   .1328347E-10
 76.0    1950.00   .1351768E-10
 76.0    1960.00   .1374665E-10
 76.0    1970.00   .1396955E-10
 76.0    1980.00   .1418551E-10
 76.0    1990.00   .1439368E-10
 76.0    2000.00   .1459312E-10
 76.0    2010.00   .1478306E-10
 76.0    2020.00   .1496314E-10
 76.0    2030.00   .1513318E-10
 76.0    2040.00   .1529297E-10
 76.0    2050.00   .1544237E-10
 76.0    2060.00   .1558125E-10
 76.0    2070.00   .1570951E-10
 76.0    2080.00   .1582706E-10
 76.0    2090.00   .1593385E-10
 76.0    2100.00   .1602984E-10
 76.0    2110.00   .1611503E-10
 76.0    2120.00   .1618943E-10
 76.0    2130.00   .1625309E-10
 76.0    2140.00   .1630603E-10
 76.0    2150.00   .1634837E-10
 76.0    2160.00   .1638017E-10
 76.0    2170.00   .1640156E-10
 76.0    2180.00   .1641266E-10
 76.0    2190.00   .1641363E-10
 76.0    2200.00   .1640463E-10
 76.0    2210.00   .1638583E-10
 76.0    2220.00   .1635742E-10
 76.0    2230.00   .1631960E-10
 76.0    2240.00   .1627259E-10
 76.0    2250.00   .1621660E-10
 76.0    2260.00   .1615213E-10
 76.0    2270.00   .1608071E-10
 76.0    2280.00   .1600413E-10
 76.0    2290.00   .1592420E-10
 76.0    2300.00   .1584270E-10
 76.0    2310.00   .1576141E-10
 76.0    2320.00   .1568210E-10
 76.0    2330.00   .1560651E-10
 76.0    2340.00   .1553641E-10
 76.0    2350.00   .1547353E-10
 76.0    2360.00   .1541962E-10
 76.0    2370.00   .1537641E-10
 76.0    2380.00   .1534565E-10
 76.0    2390.00   .1532910E-10
 76.0    2400.00   .1532856E-10
 76.0    2410.00   .1534583E-10
 76.0    2420.00   .1538277E-10
 76.0    2430.00   .1544130E-10
 76.0    2440.00   .1552341E-10
 76.0    2450.00   .1563114E-10
 76.0    2460.00   .1576669E-10
 76.0    2470.00   .1593233E-10
 76.0    2480.00   .1613048E-10
 76.0    2490.00   .1636373E-10
 76.0    2500.00   .1663486E-10
 76.0    2510.00   .1414648E-10
 76.0    2520.00   .1566930E-10
 76.0    2530.00   .1762719E-10
 76.0    2540.00   .2215783E-10
 76.0    2550.00   .2565590E-10
 76.0    2560.00   .2688035E-10
 76.0    2570.00   .3219839E-10
 76.0    2580.00   .2862543E-10
 76.0    2590.00   .3355446E-10
 76.0    2600.00   .3531717E-10
 76.0    2610.00   .3197735E-10
 76.0    2620.00   .3298373E-10
 76.0    2630.00   .2856417E-10
 76.0    2640.00   .2253587E-10
 76.0    2650.00   .2186448E-10
 76.0    2660.00   .1937255E-10
 76.0    2670.00   .1938136E-10
 76.0    2680.00   .2173593E-10
 76.0    2690.00   .3355710E-10
 76.0    2700.00   .5368133E-10
 76.0    2710.00   .7922970E-10
 76.0    2720.00   .9557472E-10
 76.0    2730.00   .9742379E-10
 76.0    2740.00   .9690264E-10
 76.0    2750.00   .1017025E-09
 76.0    2760.00   .1006202E-09
 76.0    2770.00   .1030703E-09
 76.0    2780.00   .9980849E-10
 76.0    2790.00   .1160932E-09
 76.0    2800.00   .1156889E-09
 76.0    2810.00   .1134499E-09
 76.0    2820.00   .1138478E-09
 76.0    2830.00   .1077888E-09
 76.0    2840.00   .9991587E-10
 76.0    2850.00   .1048202E-09
 76.0    2860.00   .1031538E-09
 76.0    2870.00   .1052461E-09
 76.0    2880.00   .1046355E-09
 76.0    2890.00   .1105159E-09
 76.0    2900.00   .1258544E-09
 76.0    2910.00   .1345014E-09
 76.0    2920.00   .1484962E-09
 76.0    2930.00   .1547835E-09
 76.0    2940.00   .1596534E-09
 76.0    2950.00   .1656020E-09
 76.0    2960.00   .1591605E-09
 76.0    2970.00   .1548619E-09
 76.0    2980.00   .1530507E-09
 76.0    2990.00   .1485961E-09
 76.0    3000.00   .1367694E-09
 76.0    3010.00   .1319749E-09
 76.0    3020.00   .1216935E-09
 76.0    3030.00   .1240536E-09
 76.0    3040.00   .1289015E-09
 76.0    3050.00   .1278196E-09
 76.0    3060.00   .1291367E-09
 76.0    3070.00   .1239705E-09
 76.0    3080.00   .1318103E-09
 76.0    3090.00   .1312660E-09
 76.0    3100.00   .1148135E-09
 76.0    3110.00   .1177263E-09
 76.0    3120.00   .1313022E-09
 76.0    3130.00   .1286351E-09
 76.0    3140.00   .1339597E-09
 76.0    3150.00   .1327902E-09
 76.0    3160.00   .1380241E-09
 76.0    3170.00   .1405129E-09
 76.0    3180.00   .1575551E-09
 76.0    3190.00   .1615503E-09
 76.0    3200.00   .1743292E-09
 76.0    3210.00   .1636075E-09
 76.0    3220.00   .1601193E-09
 76.0    3230.00   .1435035E-09
 76.0    3240.00   .1394838E-09
 76.0    3250.00   .1334428E-09
 76.0    3260.00   .1252824E-09
 76.0    3270.00   .1209958E-09
 76.0    3280.00   .1153135E-09
 76.0    3290.00   .1111734E-09
 76.0    3300.00   .1161646E-09
 76.0    3310.00   .1142815E-09
 76.0    3320.00   .1240522E-09
 76.0    3330.00   .1231836E-09
 76.0    3340.00   .1256003E-09
 76.0    3350.00   .1230076E-09
 76.0    3360.00   .1227982E-09
 76.0    3370.00   .1269393E-09
 76.0    3380.00   .1255761E-09
 76.0    3390.00   .1275748E-09
 76.0    3400.00   .1334908E-09
 76.0    3410.00   .1338227E-09
 76.0    3420.00   .1499374E-09
 76.0    3430.00   .1594903E-09
 76.0    3440.00   .1584599E-09
 76.0    3450.00   .1607563E-09
 76.0    3460.00   .1506454E-09
 76.0    3470.00   .1552897E-09
 76.0    3480.00   .1549751E-09
 76.0    3490.00   .1540609E-09
 76.0    3500.00   .1464125E-09
 76.0    3510.00   .1551242E-09
 76.0    3520.00   .1626712E-09
 76.0    3530.00   .1762472E-09
 76.0    3540.00   .1895710E-09
 76.0    3550.00   .2015039E-09
 76.0    3560.00   .2030360E-09
 76.0    3570.00   .2017552E-09
 76.0    3580.00   .2092792E-09
 76.0    3590.00   .2078077E-09
 76.0    3600.00   .2169638E-09
 76.0    3610.00   .2161870E-09
 76.0    3620.00   .2194926E-09
 76.0    3630.00   .2112719E-09
 76.0    3640.00   .1982528E-09
 76.0    3650.00   .2023347E-09
 76.0    3660.00   .2102018E-09
 76.0    3670.00   .2313687E-09
 76.0    3680.00   .2513492E-09
 76.0    3690.00   .2780862E-09
 76.0    3700.00   .3124321E-09
 76.0    3710.00   .3354010E-09
 76.0    3720.00   .3472353E-09
 76.0    3730.00   .3546413E-09
 76.0    3740.00   .3409546E-09
 76.0    3750.00   .3176933E-09
 76.0    3760.00   .2970762E-09
 76.0    3770.00   .2652465E-09
 76.0    3780.00   .2268449E-09
 76.0    3790.00   .1854303E-09
 76.0    3800.00   .1586166E-09
 76.0    3810.00   .1353988E-09
 76.0    3820.00   .1227165E-09
 76.0    3830.00   .1091969E-09
 76.0    3840.00   .1158686E-09
 76.0    3850.00   .1230492E-09
 76.0    3860.00   .1430578E-09
 76.0    3870.00   .1689153E-09
 76.0    3880.00   .2089348E-09
 76.0    3890.00   .2420403E-09
 76.0    3900.00   .2743086E-09
 76.0    3910.00   .2974296E-09
 76.0    3920.00   .3360110E-09
 76.0    3930.00   .3538634E-09
 76.0    3940.00   .3893515E-09
 76.0    3950.00   .4104058E-09
 76.0    3960.00   .4346870E-09
 76.0    3970.00   .4554211E-09
 76.0    3980.00   .4787934E-09
 76.0    3990.00   .4955988E-09
 76.0    4000.00   .4815212E-09
 76.0    4010.00   .4699731E-09
 76.0    4020.00   .4342727E-09
 76.0    4030.00   .4205559E-09
 76.0    4040.00   .3738079E-09
 76.0    4050.00   .3574497E-09
 76.0    4060.00   .3282136E-09
 76.0    4070.00   .3217388E-09
 76.0    4080.00   .3055254E-09
 76.0    4090.00   .3006729E-09
 76.0    4100.00   .2907496E-09
 76.0    4110.00   .2764294E-09
 76.0    4120.00   .2608002E-09
 76.0    4130.00   .2551733E-09
 76.0    4140.00   .2458661E-09
 76.0    4150.00   .2466560E-09
 76.0    4160.00   .2437786E-09
 76.0    4170.00   .2395427E-09
 76.0    4180.00   .2423435E-09
 76.0    4190.00   .2488819E-09
 76.0    4200.00   .2531562E-09
 76.0    4210.00   .2563246E-09
 76.0    4220.00   .2709578E-09
 76.0    4230.00   .2610162E-09
 76.0    4240.00   .2645789E-09
 76.0    4250.00   .2694955E-09
 76.0    4260.00   .2781999E-09
 76.0    4270.00   .2652179E-09
 76.0    4280.00   .2736614E-09
 76.0    4290.00   .2742942E-09
 76.0    4300.00   .2730510E-09
 76.0    4310.00   .2905793E-09
 76.0    4320.00   .2836860E-09
 76.0    4330.00   .2998926E-09
 76.0    4340.00   .2915619E-09
 76.0    4350.00   .2911086E-09
 76.0    4360.00   .2962578E-09
 76.0    4370.00   .2731361E-09
 76.0    4380.00   .2426214E-09
 76.0    4390.00   .2239095E-09
 76.0    4400.00   .2137463E-09
 76.0    4410.00   .1899200E-09
 76.0    4420.00   .1774757E-09
 76.0    4430.00   .1620967E-09
 76.0    4440.00   .1568851E-09
 76.0    4450.00   .1543764E-09
 76.0    4460.00   .1539237E-09
 76.0    4470.00   .1585412E-09
 76.0    4480.00   .1625177E-09
 76.0    4490.00   .1705547E-09
 76.0    4500.00   .1809237E-09
 76.0    4510.00   .1934608E-09
 76.0    4520.00   .2035558E-09
 76.0    4530.00   .2269489E-09
 76.0    4540.00   .2426761E-09
 76.0    4550.00   .2627277E-09
 76.0    4560.00   .2881912E-09
 76.0    4570.00   .3029678E-09
 76.0    4580.00   .3396616E-09
 76.0    4590.00   .3627989E-09
 76.0    4600.00   .4048518E-09
 76.0    4610.00   .4188847E-09
 76.0    4620.00   .4339913E-09
 76.0    4630.00   .4373528E-09
 76.0    4640.00   .4577504E-09
 76.0    4650.00   .4672234E-09
 76.0    4660.00   .4635840E-09
 76.0    4670.00   .4564698E-09
 76.0    4680.00   .4242526E-09
 76.0    4690.00   .3999020E-09
 76.0    4700.00   .3395114E-09
 76.0    4710.00   .3225787E-09
 76.0    4720.00   .2788689E-09
 76.0    4730.00   .2515550E-09
 76.0    4740.00   .2243075E-09
 76.0    4750.00   .2111730E-09
 76.0    4760.00   .1968027E-09
 76.0    4770.00   .1827862E-09
 76.0    4780.00   .1761450E-09
 76.0    4790.00   .1867354E-09
 76.0    4800.00   .1939005E-09
 76.0    4810.00   .2008790E-09
 76.0    4820.00   .2093256E-09
 76.0    4830.00   .2183082E-09
 76.0    4840.00   .2283979E-09
 76.0    4850.00   .2312868E-09
 76.0    4860.00   .2290086E-09
 76.0    4870.00   .2272211E-09
 76.0    4880.00   .2255278E-09
 76.0    4890.00   .2273819E-09
 76.0    4900.00   .2341425E-09
 76.0    4910.00   .2448370E-09
 76.0    4920.00   .2611261E-09
 76.0    4930.00   .2810665E-09
 76.0    4940.00   .3173464E-09
 76.0    4950.00   .3331370E-09
 76.0    4960.00   .3436743E-09
 76.0    4970.00   .3496172E-09
 76.0    4980.00   .3406005E-09
 76.0    4990.00   .3256431E-09
 76.0    5000.00   .3068703E-09
 76.0    5010.00   .2833986E-09
 76.0    5020.00   .2621102E-09
 76.0    5030.00   .2280760E-09
 76.0    5040.00   .2162307E-09
 76.0    5050.00   .2079118E-09
 76.0    5060.00   .2035418E-09
 76.0    5070.00   .1996678E-09
 76.0    5080.00   .1974229E-09
 76.0    5090.00   .1968831E-09
 76.0    5100.00   .1972120E-09
 76.0    5110.00   .1993356E-09
 76.0    5120.00   .2010062E-09
 76.0    5130.00   .1962499E-09
 76.0    5140.00   .1945026E-09
 76.0    5150.00   .1928955E-09
 76.0    5160.00   .1950384E-09
 76.0    5170.00   .2005682E-09
 76.0    5180.00   .2146391E-09
 76.0    5190.00   .2274582E-09
 76.0    5200.00   .2395898E-09
 76.0    5210.00   .2327791E-09
 76.0    5220.00   .2475200E-09
 76.0    5230.00   .2859648E-09
 76.0    5240.00   .2837509E-09
 76.0    5250.00   .2999627E-09
 76.0    5260.00   .2923196E-09
 76.0    5270.00   .3062230E-09
 76.0    5280.00   .3574517E-09
 76.0    5290.00   .3636255E-09
 76.0    5300.00   .3368143E-09
 76.0    5310.00   .3945566E-09
 76.0    5320.00   .3935338E-09
 76.0    5330.00   .3823553E-09
 76.0    5340.00   .3739239E-09
 76.0    5350.00   .3728780E-09
 76.0    5360.00   .3493296E-09
 76.0    5370.00   .3517990E-09
 76.0    5380.00   .3462909E-09
 76.0    5390.00   .3196158E-09
 76.0    5400.00   .3729182E-09
 76.0    5410.00   .3644735E-09
 76.0    5420.00   .3382137E-09
 76.0    5430.00   .3272578E-09
 76.0    5440.00   .3822255E-09
 76.0    5450.00   .4071940E-09
 76.0    5460.00   .4112314E-09
 76.0    5470.00   .4803737E-09
 76.0    5480.00   .4692604E-09
 76.0    5490.00   .4864361E-09
 76.0    5500.00   .5255559E-09
 76.0    5510.00   .5409391E-09
 76.0    5520.00   .5399189E-09
 76.0    5530.00   .4775569E-09
 76.0    5540.00   .4962310E-09
 76.0    5550.00   .4924897E-09
 76.0    5560.00   .4776797E-09
 76.0    5570.00   .4753192E-09
 76.0    5580.00   .4202379E-09
 76.0    5590.00   .4032419E-09
 76.0    5600.00   .3799256E-09
 76.0    5610.00   .3385564E-09
 76.0    5620.00   .3115886E-09
 76.0    5630.00   .2967077E-09
 76.0    5640.00   .2758716E-09
 76.0    5650.00   .2432027E-09
 76.0    5660.00   .2211355E-09
 76.0    5670.00   .1805191E-09
 76.0    5680.00   .1707689E-09
 76.0    5690.00   .1582761E-09
 76.0    5700.00   .1688218E-09
 76.0    5710.00   .1613873E-09
 76.0    5720.00   .1652946E-09
 76.0    5730.00   .1745254E-09
 76.0    5740.00   .1708668E-09
 76.0    5750.00   .1803605E-09
 76.0    5760.00   .1742297E-09
 76.0    5770.00   .2033535E-09
 76.0    5780.00   .2396054E-09
 76.0    5790.00   .2476360E-09
 76.0    5800.00   .2833382E-09
 76.0    5810.00   .3046026E-09
 76.0    5820.00   .3333316E-09
 76.0    5830.00   .3379218E-09
 76.0    5840.00   .3567394E-09
 76.0    5850.00   .3488608E-09
 76.0    5860.00   .3839070E-09
 76.0    5870.00   .3800310E-09
 76.0    5880.00   .3381924E-09
 76.0    5890.00   .2254842E-09
 76.0    5900.00   .3198090E-09
 76.0    5910.00   .3409009E-09
 76.0    5920.00   .3520499E-09
 76.0    5930.00   .2920482E-09
 76.0    5940.00   .2842660E-09
 76.0    5950.00   .2741815E-09
 76.0    5960.00   .2652234E-09
 76.0    5970.00   .2438197E-09
 76.0    5980.00   .2472566E-09
 76.0    5990.00   .2464263E-09
 76.0    6000.00   .2122622E-09
 76.0    6010.00   .2257767E-09
 76.0    6020.00   .2240823E-09
 76.0    6030.00   .2265840E-09
 76.0    6040.00   .2242627E-09
 76.0    6050.00   .2422509E-09
 76.0    6060.00   .2620325E-09
 76.0    6070.00   .2523042E-09
 76.0    6080.00   .2652359E-09
 76.0    6090.00   .2510261E-09
 76.0    6100.00   .2541062E-09
 76.0    6110.00   .2510542E-09
 76.0    6120.00   .2392994E-09
 76.0    6130.00   .2339419E-09
 76.0    6140.00   .2636388E-09
 76.0    6150.00   .2522314E-09
 76.0    6160.00   .2393456E-09
 76.0    6170.00   .2138581E-09
 76.0    6180.00   .2287974E-09
 76.0    6190.00   .2453152E-09
 76.0    6200.00   .2353266E-09
 76.0    6210.00   .2232729E-09
 76.0    6220.00   .2472751E-09
 76.0    6230.00   .2438291E-09
 76.0    6240.00   .2322009E-09
 76.0    6250.00   .2544361E-09
 76.0    6260.00   .2368203E-09
 76.0    6270.00   .2190019E-09
 76.0    6280.00   .2139827E-09
 76.0    6290.00   .2039708E-09
 76.0    6300.00   .1978734E-09
 76.0    6310.00   .1937554E-09
 76.0    6320.00   .1923169E-09
 76.0    6330.00   .1951907E-09
 76.0    6340.00   .2022628E-09
 76.0    6350.00   .2100036E-09
 76.0    6360.00   .2165511E-09
 76.0    6370.00   .2266245E-09
 76.0    6380.00   .2344889E-09
 76.0    6390.00   .2497616E-09
 76.0    6400.00   .2674997E-09
 76.0    6410.00   .2866932E-09
 76.0    6420.00   .3080219E-09
 76.0    6430.00   .3259674E-09
 76.0    6440.00   .3468247E-09
 76.0    6450.00   .3664183E-09
 76.0    6460.00   .3849447E-09
 76.0    6470.00   .4009074E-09
 76.0    6480.00   .4119710E-09
 76.0    6490.00   .4279641E-09
 76.0    6500.00   .4410474E-09
 76.0    6510.00   .4511688E-09
 76.0    6520.00   .4580259E-09
 76.0    6530.00   .4636956E-09
 76.0    6540.00   .4695469E-09
 76.0    6550.00   .4744051E-09
 76.0    6560.00   .4761425E-09
 76.0    6570.00   .4750273E-09
 76.0    6580.00   .4747151E-09
 76.0    6590.00   .4718631E-09
 76.0    6600.00   .4658096E-09
 76.0    6610.00   .4565595E-09
 76.0    6620.00   .4440623E-09
 76.0    6630.00   .4357293E-09
 76.0    6640.00   .4211331E-09
 76.0    6650.00   .4050188E-09
 76.0    6660.00   .3883428E-09
 76.0    6670.00   .3707697E-09
 76.0    6680.00   .3598721E-09
 76.0    6690.00   .3436907E-09
 76.0    6700.00   .3276017E-09
 76.0    6710.00   .3126189E-09
 76.0    6720.00   .2991681E-09
 76.0    6730.00   .2891674E-09
 76.0    6740.00   .2761725E-09
 76.0    6750.00   .2631294E-09
 76.0    6760.00   .2547169E-09
 76.0    6770.00   .2471360E-09
 76.0    6780.00   .2392127E-09
 76.0    6790.00   .2324215E-09
 76.0    6800.00   .2271590E-09
 76.0    6810.00   .2230744E-09
 76.0    6820.00   .2196301E-09
 76.0    6830.00   .2175547E-09
 76.0    6840.00   .2221761E-09
 76.0    6850.00   .2168811E-09
 76.0    6860.00   .1998258E-09
 76.0    6870.00   .1928106E-09
 76.0    6880.00   .1897080E-09
 76.0    6890.00   .2003876E-09
 76.0    6900.00   .2081909E-09
 76.0    6910.00   .2149801E-09
 76.0    6920.00   .2227808E-09
 76.0    6930.00   .2281088E-09
 76.0    6940.00   .2304668E-09
 76.0    6950.00   .2326451E-09
 76.0    6960.00   .2375911E-09
 76.0    6970.00   .2407302E-09
 76.0    6980.00   .2410246E-09
 76.0    6990.00   .2410022E-09
 76.0    7000.00   .2515208E-09
 76.0    7010.00   .2638975E-09
 76.0    7020.00   .2612471E-09
 76.0    7030.00   .2632611E-09
 76.0    7040.00   .2578558E-09
 76.0    7050.00   .2547888E-09
 76.0    7060.00   .2603196E-09
 76.0    7070.00   .2521483E-09
 76.0    7080.00   .2518484E-09
 76.0    7090.00   .2595665E-09
 76.0    7100.00   .2618555E-09
 76.0    7110.00   .2588890E-09
 76.0    7120.00   .2659618E-09
 76.0    7130.00   .2673512E-09
 76.0    7140.00   .2684619E-09
 76.0    7150.00   .2752302E-09
 76.0    7160.00   .2739828E-09
 76.0    7170.00   .2782410E-09
 76.0    7180.00   .2977411E-09
 76.0    7190.00   .3101606E-09
 76.0    7200.00   .3224039E-09
 76.0    7210.00   .3181620E-09
 76.0    7220.00   .3166670E-09
 76.0    7230.00   .3237284E-09
 76.0    7240.00   .3406600E-09
 76.0    7250.00   .3534849E-09
 76.0    7260.00   .3854963E-09
 76.0    7270.00   .3794135E-09
 76.0    7280.00   .3648341E-09
 76.0    7290.00   .3568104E-09
 76.0    7300.00   .3612344E-09
 76.0    7310.00   .3641344E-09
 76.0    7320.00   .3600298E-09
 76.0    7330.00   .3499153E-09
 76.0    7340.00   .3450309E-09
 76.0    7350.00   .3400026E-09
 76.0    7360.00   .3352194E-09
 76.0    7370.00   .3345481E-09
 76.0    7380.00   .3316798E-09
 76.0    7390.00   .3302898E-09
 76.0    7400.00   .3302471E-09
 76.0    7410.00   .3298310E-09
 76.0    7420.00   .3358276E-09
 76.0    7430.00   .3350259E-09
 76.0    7440.00   .3334517E-09
 76.0    7450.00   .3324647E-09
 76.0    7460.00   .3311445E-09
 76.0    7470.00   .3288638E-09
 76.0    7480.00   .3212622E-09
 76.0    7490.00   .3082757E-09
 76.0    7500.00   .2962914E-09
 76.0    7510.00   .2858406E-09
 76.0    7520.00   .2648801E-09
 76.0    7530.00   .2490997E-09
 76.0    7540.00   .2345214E-09
 76.0    7550.00   .2277898E-09
 76.0    7560.00   .2108154E-09
 76.0    7570.00   .1837822E-09
 76.0    7580.00   .1786227E-09
 76.0    7590.00   .1742910E-09
 76.0    7600.00   .1696301E-09
 76.0    7610.00   .1311709E-09
 76.0    7620.00   .6032886E-10
 76.0    7630.00   .1012903E-09
 76.0    7640.00   .1225525E-09
 76.0    7650.00   .1037450E-09
 76.0    7660.00   .1256788E-09
 76.0    7670.00   .1484592E-09
 76.0    7680.00   .1784340E-09
 76.0    7690.00   .1883517E-09
 76.0    7700.00   .1963293E-09
 76.0    7710.00   .2065256E-09
 76.0    7720.00   .2067777E-09
 76.0    7730.00   .2005651E-09
 76.0    7740.00   .2115854E-09
 76.0    7750.00   .2068592E-09
 76.0    7760.00   .1980490E-09
 76.0    7770.00   .2025894E-09
 76.0    7780.00   .2004029E-09
 76.0    7790.00   .1988981E-09
 76.0    7800.00   .1864881E-09
 76.0    7810.00   .1845491E-09
 76.0    7820.00   .1838773E-09
 76.0    7830.00   .1689140E-09
 76.0    7840.00   .1670952E-09
 76.0    7850.00   .1657207E-09
 76.0    7860.00   .1579651E-09
 76.0    7870.00   .1459088E-09
 76.0    7880.00   .1423923E-09
 76.0    7890.00   .1345606E-09
 76.0    7900.00   .1254218E-09
 76.0    7910.00   .1202398E-09
 76.0    7920.00   .1182628E-09
 76.0    7930.00   .1090929E-09
 76.0    7940.00   .1008009E-09
 76.0    7950.00   .9468610E-10
 76.0    7960.00   .9358608E-10
 76.0    7970.00   .9063961E-10
 76.0    7980.00   .8233516E-10
 76.0    7990.00   .7831839E-10
 76.0    8000.00   .7520723E-10
 76.0    8010.00   .7607646E-10
 76.0    8020.00   .7006390E-10
 76.0    8030.00   .6807434E-10
 76.0    8040.00   .6596220E-10
 76.0    8050.00   .6582436E-10
 76.0    8060.00   .6507467E-10
 76.0    8070.00   .6612383E-10
 76.0    8080.00   .6356697E-10
 76.0    8090.00   .5821363E-10
 76.0    8100.00   .6176101E-10
 76.0    8110.00   .5898787E-10
 76.0    8120.00   .6020435E-10
 76.0    8130.00   .5752293E-10
 76.0    8140.00   .6081306E-10
 76.0    8150.00   .5644512E-10
 76.0    8160.00   .5480062E-10
 76.0    8170.00   .5838202E-10
 76.0    8180.00   .5239790E-10
 76.0    8190.00   .5036292E-10
 76.0    8200.00   .4824843E-10
 76.0    8210.00   .4283240E-10
 76.0    8220.00   .3939201E-10
 76.0    8230.00   .3445761E-10
 76.0    8240.00   .2962004E-10
 76.0    8250.00   .2150812E-10
 76.0    8260.00   .2076638E-10
 76.0    8270.00   .1824406E-10
 76.0    8280.00   .1838717E-10
 76.0    8290.00   .1881625E-10
 76.0    8300.00   .1459205E-10
 76.0    8310.00   .1519946E-10
 76.0    8320.00   .1802689E-10
 76.0    8330.00   .1715369E-10
 76.0    8340.00   .1810120E-10
 76.0    8350.00   .2203164E-10
 76.0    8360.00   .1972042E-10
 76.0    8370.00   .2272823E-10
 76.0    8380.00   .2669066E-10
 76.0    8390.00   .2660787E-10
 76.0    8400.00   .2694823E-10
 76.0    8410.00   .2889467E-10
 76.0    8420.00   .3028174E-10
 76.0    8430.00   .3499923E-10
 76.0    8440.00   .3864614E-10
 76.0    8450.00   .4191422E-10
 76.0    8460.00   .4436197E-10
 76.0    8470.00   .4853684E-10
 76.0    8480.00   .5724726E-10
 76.0    8490.00   .6521660E-10
 76.0    8500.00   .7261639E-10
 76.0    8510.00   .7841502E-10
 76.0    8520.00   .8446482E-10
 76.0    8530.00   .9227513E-10
 76.0    8540.00   .1029081E-09
 76.0    8550.00   .1190589E-09
 76.0    8560.00   .1294258E-09
 76.0    8570.00   .1280604E-09
 76.0    8580.00   .1254821E-09
 76.0    8590.00   .1243810E-09
 76.0    8600.00   .1273884E-09
 76.0    8610.00   .1294947E-09
 76.0    8620.00   .1396589E-09
 76.0    8630.00   .1416870E-09
 76.0    8640.00   .1376569E-09
 76.0    8650.00   .1334145E-09
 76.0    8660.00   .1285458E-09
 76.0    8670.00   .1258754E-09
 76.0    8680.00   .1381102E-09
 76.0    8690.00   .1491708E-09
 76.0    8700.00   .1451843E-09
 76.0    8710.00   .1390712E-09
 76.0    8720.00   .1384781E-09
 76.0    8730.00   .1406374E-09
 76.0    8740.00   .1468194E-09
 76.0    8750.00   .1653017E-09
 76.0    8760.00   .1684747E-09
 76.0    8770.00   .1553222E-09
 76.0    8780.00   .1480008E-09
 76.0    8790.00   .1624169E-09
 76.0    8800.00   .1759561E-09
 76.0    8810.00   .1747853E-09
 76.0    8820.00   .1709146E-09
 76.0    8830.00   .1622481E-09
 76.0    8840.00   .1485990E-09
 76.0    8850.00   .1488091E-09
 76.0    8860.00   .1540325E-09
 76.0    8870.00   .1668727E-09
 76.0    8880.00   .1646833E-09
 76.0    8890.00   .1489999E-09
 76.0    8900.00   .1365265E-09
 76.0    8910.00   .1351031E-09
 76.0    8920.00   .1405633E-09
 76.0    8930.00   .1425978E-09
 76.0    8940.00   .1375214E-09
 76.0    8950.00   .1384748E-09
 76.0    8960.00   .1336619E-09
 76.0    8970.00   .1278742E-09
 76.0    8980.00   .1232042E-09
 76.0    8990.00   .1223363E-09
 76.0    9000.00   .1274687E-09
 76.0    9010.00   .1167063E-09
 76.0    9020.00   .1131721E-09
 76.0    9030.00   .1163758E-09
 76.0    9040.00   .1132941E-09
 76.0    9050.00   .1101957E-09
 76.0    9060.00   .1140173E-09
 76.0    9070.00   .1140211E-09
 76.0    9080.00   .1091000E-09
 76.0    9090.00   .1076154E-09
 76.0    9100.00   .1074401E-09
 76.0    9110.00   .1081251E-09
 76.0    9120.00   .1131825E-09
 76.0    9130.00   .1155401E-09
 76.0    9140.00   .1140052E-09
 76.0    9150.00   .1078232E-09
 76.0    9160.00   .1057795E-09
 76.0    9170.00   .1060533E-09
 76.0    9180.00   .1014968E-09
 76.0    9190.00   .1030051E-09
 76.0    9200.00   .1017693E-09
 76.0    9210.00   .1030969E-09
 76.0    9220.00   .1069716E-09
 76.0    9230.00   .1095824E-09
 76.0    9240.00   .1175795E-09
 76.0    9250.00   .1191720E-09
 76.0    9260.00   .1051785E-09
 76.0    9270.00   .1011637E-09
 76.0    9280.00   .9725409E-10
 76.0    9290.00   .9547166E-10
 76.0    9300.00   .1008108E-09
 76.0    9310.00   .1052441E-09
 76.0    9320.00   .1013583E-09
 76.0    9330.00   .9268311E-10
 76.0    9340.00   .7885756E-10
 76.0    9350.00   .8083372E-10
 76.0    9360.00   .8335182E-10
 76.0    9370.00   .8739472E-10
 76.0    9380.00   .8626934E-10
 76.0    9390.00   .1200806E-09
 76.0    9400.00   .1081711E-09
 76.0    9410.00   .7529079E-10
 76.0    9420.00   .8233375E-10
 76.0    9430.00   .7996131E-10
 76.0    9440.00   .8082989E-10
 76.0    9450.00   .8980414E-10
 76.0    9460.00   .9336457E-10
 76.0    9470.00   .1007558E-09
 76.0    9480.00   .9898841E-10
 76.0    9490.00   .9897223E-10
 76.0    9500.00   .9785694E-10
 76.0    9510.00   .1002880E-09
 76.0    9520.00   .9043293E-10
 76.0    9530.00   .1034581E-09
 76.0    9540.00   .1286581E-09
 76.0    9550.00   .1174780E-09
 76.0    9560.00   .1119218E-09
 76.0    9570.00   .1130257E-09
 76.0    9580.00   .1015575E-09
 76.0    9590.00   .1000101E-09
 76.0    9600.00   .1077844E-09
 76.0    9610.00   .1060989E-09
 76.0    9620.00   .1040947E-09
 76.0    9630.00   .9587904E-10
 76.0    9640.00   .8796653E-10
 76.0    9650.00   .8972101E-10
 76.0    9660.00   .8864090E-10
 76.0    9670.00   .8887203E-10
 76.0    9680.00   .8278749E-10
 76.0    9690.00   .7640510E-10
 76.0    9700.00   .8259699E-10
 76.0    9710.00   .8609302E-10
 76.0    9720.00   .8821915E-10
 76.0    9730.00   .8233455E-10
 76.0    9740.00   .8032052E-10
 76.0    9750.00   .8631370E-10
 76.0    9760.00   .7994065E-10
 76.0    9770.00   .8588279E-10
 76.0    9780.00   .9163203E-10
 76.0    9790.00   .8661194E-10
 76.0    9800.00   .9811012E-10
 76.0    9810.00   .9906253E-10
 76.0    9820.00   .8954654E-10
 76.0    9830.00   .9384746E-10
 76.0    9840.00   .1004195E-09
 76.0    9850.00   .1106569E-09
 76.0    9860.00   .1125663E-09
 76.0    9870.00   .1127948E-09
 76.0    9880.00   .1336042E-09
 76.0    9890.00   .1314853E-09
 76.0    9900.00   .1202954E-09
 76.0    9910.00   .1193003E-09
 76.0    9920.00   .1278067E-09
 76.0    9930.00   .1323974E-09
 76.0    9940.00   .1320286E-09
 76.0    9950.00   .1280097E-09
 76.0    9960.00   .1319259E-09
 76.0    9970.00   .1497749E-09
 76.0    9980.00   .1338193E-09
 76.0    9990.00   .1322665E-09
 76.0   10000.00   .1365151E-09
 76.0   10010.00   .1356402E-09
 76.0   10020.00   .1347639E-09
 76.0   10030.00   .1338857E-09
 76.0   10040.00   .1330060E-09
 76.0   10050.00   .1321248E-09
 76.0   10060.00   .1312416E-09
 76.0   10070.00   .1303573E-09
 76.0   10080.00   .1294711E-09
 76.0   10090.00   .1285833E-09
 76.0   10100.00   .1276941E-09
 76.0   10110.00   .1268031E-09
 76.0   10120.00   .1259107E-09
 76.0   10130.00   .1250168E-09
 76.0   10140.00   .1241212E-09
 76.0   10150.00   .1232242E-09
 76.0   10160.00   .1223257E-09
 76.0   10170.00   .1214256E-09
 76.0   10180.00   .1205240E-09
 76.0   10190.00   .1196209E-09
 76.0   10200.00   .1187163E-09
 76.0   10210.00   .1178103E-09
 76.0   10220.00   .1169028E-09
 76.0   10230.00   .1159939E-09
 76.0   10240.00   .1150835E-09
 76.0   10250.00   .1141718E-09
 76.0   10260.00   .1132584E-09
 76.0   10270.00   .1123437E-09
 76.0   10280.00   .1114276E-09
 76.0   10290.00   .1105102E-09
 76.0   10300.00   .1095913E-09
 76.0   10310.00   .1086711E-09
 76.0   10320.00   .1077493E-09
 76.0   10330.00   .1068264E-09
 76.0   10340.00   .1059020E-09
 76.0   10350.00   .1049763E-09
 76.0   10360.00   .1040493E-09
 76.0   10370.00   .1031209E-09
 76.0   10380.00   .1021912E-09
 76.0   10390.00   .1012603E-09
 76.0   10400.00   .1003279E-09
 76.0   10410.00   .9939436E-10
 76.0   10420.00   .9845947E-10
 76.0   10430.00   .9752343E-10
 76.0   10440.00   .9658603E-10
 76.0   10450.00   .9564739E-10
 76.0   10460.00   .9470750E-10
 76.0   10470.00   .9376645E-10
 76.0   10480.00   .9282412E-10
 76.0   10490.00   .9188060E-10
 76.0   10500.00   .9093597E-10
 76.0   10510.00   .8999015E-10
 76.0   10520.00   .8904309E-10
 76.0   10530.00   .8809497E-10
 76.0   10540.00   .8714566E-10
 76.0   10550.00   .8619514E-10
 76.0   10560.00   .8524362E-10
 76.0   10570.00   .8429095E-10
 76.0   10580.00   .8333719E-10
 76.0   10590.00   .8238227E-10
 76.0   10600.00   .8142638E-10
 76.0   10610.00   .8046934E-10
 76.0   10620.00   .7951127E-10
 76.0   10630.00   .7855226E-10
 76.0   10640.00   .7759213E-10
 76.0   10650.00   .7663096E-10
 76.0   10660.00   .7566879E-10
 76.0   10670.00   .7470563E-10
 76.0   10680.00   .7374149E-10
 76.0   10690.00   .7277629E-10
 76.0   10700.00   .7181018E-10
 76.0   10710.00   .7084309E-10
 76.0   10720.00   .6987506E-10
 76.0   10730.00   .6890610E-10
 76.0   10740.00   .6793614E-10
 76.0   10750.00   .6696530E-10
 76.0   10760.00   .6599356E-10
 76.0   10770.00   .6502084E-10
 76.0   10780.00   .6404727E-10
 76.0   10790.00   .6307280E-10
 76.0   10800.00   .6209748E-10
 76.0   10810.00   .6112119E-10
 76.0   10820.00   .6014410E-10
 76.0   10830.00   .5916614E-10
 76.0   10840.00   .5818730E-10
 76.0   10850.00   .5720766E-10
 76.0   10860.00   .5622714E-10
 76.0   10870.00   .5524583E-10
 76.0   10880.00   .5426371E-10
 76.0   10890.00   .5328075E-10
 76.0   10900.00   .5229697E-10
 76.0   10910.00   .5131241E-10
 76.0   10920.00   .5032709E-10
 76.0   10930.00   .4934097E-10
 76.0   10940.00   .4835403E-10
 76.0   10950.00   .4736638E-10
 76.0   10960.00   .4637793E-10
 76.0   10970.00   .4538875E-10
 76.0   10980.00   .4439881E-10
 76.0   10990.00   .4340810E-10
 76.0   11000.00   .4241670E-10
 76.0   11010.00   .4142451E-10
 76.0   11020.00   .4043166E-10
 76.0   11030.00   .3943804E-10
 76.0   11040.00   .3844376E-10
 76.0   11050.00   .3744876E-10
 76.0   11060.00   .3645304E-10
 76.0   11070.00   .3545660E-10
 76.0   11080.00   .3445951E-10
 76.0   11090.00   .3346173E-10
 76.0   11100.00   .3246325E-10
 76.0   11110.00   .3146412E-10
 76.0   11120.00   .3046432E-10
 76.0   11130.00   .2946386E-10
 76.0   11140.00   .2846272E-10
 76.0   11150.00   .2746094E-10
 76.0   11160.00   .2645851E-10
 76.0   11170.00   .2545542E-10
 76.0   11180.00   .2445169E-10
 76.0   11190.00   .2344733E-10
 76.0   11200.00   .2244234E-10
 76.0   11210.00   .2143672E-10
 76.0   11220.00   .2043045E-10
 76.0   11230.00   .1942359E-10
 76.0   11240.00   .1841611E-10
 76.0   11250.00   .1740799E-10
 76.0   11260.00   .1639927E-10
 76.0   11270.00   .1538995E-10
 76.0   11280.00   .1438003E-10
 76.0   11290.00   .1336949E-10
 76.0   11300.00   .1235836E-10
 76.0   11310.00   .1236188E-10
 76.0   11320.00   .1236539E-10
 76.0   11330.00   .1236890E-10
 76.0   11340.00   .1237238E-10
 76.0   11350.00   .1237587E-10
 76.0   11360.00   .1237936E-10
 76.0   11370.00   .1238284E-10
 76.0   11380.00   .1238630E-10
 76.0   11390.00   .1238977E-10
 76.0   11400.00   .1239322E-10
 76.0   11410.00   .1239668E-10
 76.0   11420.00   .1240011E-10
 76.0   11430.00   .1240355E-10
 76.0   11440.00   .1240697E-10
 76.0   11450.00   .1241041E-10
 76.0   11460.00   .1241383E-10
 76.0   11470.00   .1241725E-10
 76.0   11480.00   .1242067E-10
 76.0   11490.00   .1242409E-10
 76.0   11500.00   .1242751E-10
 76.0   11510.00   .1243091E-10
 76.0   11520.00   .1243432E-10
 76.0   11530.00   .1243773E-10
 76.0   11540.00   .1244113E-10
 76.0   11550.00   .1244454E-10
 76.0   11560.00   .1244795E-10
 76.0   11570.00   .1245136E-10
 76.0   11580.00   .1245476E-10
 76.0   11590.00   .1245817E-10
 76.0   11600.00   .1246158E-10
 76.0   11610.00   .1246498E-10
 76.0   11620.00   .1246839E-10
 76.0   11630.00   .1247181E-10
 76.0   11640.00   .1247523E-10
 76.0   11650.00   .1247864E-10
 76.0   11660.00   .1248207E-10
 76.0   11670.00   .1248550E-10
 76.0   11680.00   .1248893E-10
 76.0   11690.00   .1249237E-10
 76.0   11700.00   .1249582E-10
 76.0   11710.00   .1249926E-10
 76.0   11720.00   .1250271E-10
 76.0   11730.00   .1250617E-10
 76.0   11740.00   .1250962E-10
 76.0   11750.00   .1251311E-10
 76.0   11760.00   .1251657E-10
 76.0   11770.00   .1252007E-10
 76.0   11780.00   .1252356E-10
 76.0   11790.00   .1252707E-10
 76.0   11800.00   .1253057E-10
 76.0   11810.00   .1253409E-10
 76.0   11820.00   .1253762E-10
 76.0   11830.00   .1254117E-10
 76.0   11840.00   .1254471E-10
 76.0   11850.00   .1254827E-10
 76.0   11860.00   .1255183E-10
 76.0   11870.00   .1255543E-10
 76.0   11880.00   .1255902E-10
 76.0   11890.00   .1256264E-10
 76.0   11900.00   .1256624E-10
 76.0   11910.00   .1256989E-10
 76.0   11920.00   .1257352E-10
 76.0   11930.00   .1257719E-10
 76.0   11940.00   .1258087E-10
 76.0   11950.00   .1258455E-10
 76.0   11960.00   .1258826E-10
 76.0   11970.00   .1259197E-10
 76.0   11980.00   .1259572E-10
 76.0   11990.00   .1259944E-10
 76.0   12000.00   .1260322E-10
 76.0   12010.00   .1260700E-10
 76.0   12020.00   .1261079E-10
 76.0   12030.00   .1261462E-10
 76.0   12040.00   .1261846E-10
 76.0   12050.00   .1262231E-10
 76.0   12060.00   .1262618E-10
 76.0   12070.00   .1263007E-10
 76.0   12080.00   .1263398E-10
 76.0   12090.00   .1263792E-10
 76.0   12100.00   .1264186E-10
 76.0   12110.00   .1264584E-10
 76.0   12120.00   .1264983E-10
 76.0   12130.00   .1265384E-10
 76.0   12140.00   .1265788E-10
 76.0   12150.00   .1266194E-10
 76.0   12160.00   .1266602E-10
 76.0   12170.00   .1267012E-10
 76.0   12180.00   .1267425E-10
 76.0   12190.00   .1267840E-10
 76.0   12200.00   .1268257E-10
 76.0   12210.00   .1268677E-10
 76.0   12220.00   .1269100E-10
 76.0   12230.00   .1269524E-10
 76.0   12240.00   .1269953E-10
 76.0   12250.00   .1270383E-10
 76.0   12260.00   .1270816E-10
 76.0   12270.00   .1271251E-10
 76.0   12280.00   .1271689E-10
 76.0   12290.00   .1272130E-10
 76.0   12300.00   .1272574E-10
 76.0   12310.00   .1273021E-10
 76.0   12320.00   .1273470E-10
 76.0   12330.00   .1273923E-10
 76.0   12340.00   .1274378E-10
 76.0   12350.00   .1274836E-10
 76.0   12360.00   .1275298E-10
 76.0   12370.00   .1275763E-10
 76.0   12380.00   .1276230E-10
 76.0   12390.00   .1276701E-10
 76.0   12400.00   .1277175E-10
 76.0   12410.00   .1277653E-10
 76.0   12420.00   .1278134E-10
 76.0   12430.00   .1278618E-10
 76.0   12440.00   .1279107E-10
 76.0   12450.00   .1279597E-10
 76.0   12460.00   .1280090E-10
 76.0   12470.00   .1280588E-10
 76.0   12480.00   .1281090E-10
 76.0   12490.00   .1281595E-10
 76.0   12500.00   .1282102E-10
 76.0   12510.00   .1282693E-10
 76.0   12520.00   .1283287E-10
 76.0   12530.00   .1283886E-10
 76.0   12540.00   .1284488E-10
 76.0   12550.00   .1285093E-10
 76.0   12560.00   .1285703E-10
 76.0   12570.00   .1286316E-10
 76.0   12580.00   .1286935E-10
 76.0   12590.00   .1287556E-10
 76.0   12600.00   .1288180E-10
 76.0   12610.00   .1288809E-10
 76.0   12620.00   .1289442E-10
 76.0   12630.00   .1290078E-10
 76.0   12640.00   .1290720E-10
 76.0   12650.00   .1291364E-10
 76.0   12660.00   .1292015E-10
 76.0   12670.00   .1292668E-10
 76.0   12680.00   .1293326E-10
 76.0   12690.00   .1293989E-10
 76.0   12700.00   .1294654E-10
 76.0   12710.00   .1295327E-10
 76.0   12720.00   .1296002E-10
 76.0   12730.00   .1296682E-10
 76.0   12740.00   .1297367E-10
 76.0   12750.00   .1298055E-10
 76.0   12760.00   .1298750E-10
 76.0   12770.00   .1299448E-10
 76.0   12780.00   .1300151E-10
 76.0   12790.00   .1300859E-10
 76.0   12800.00   .1301572E-10
 76.0   12810.00   .1302290E-10
 76.0   12820.00   .1303011E-10
 76.0   12830.00   .1303739E-10
 76.0   12840.00   .1304473E-10
 76.0   12850.00   .1305209E-10
 76.0   12860.00   .1305951E-10
 76.0   12870.00   .1306699E-10
 76.0   12880.00   .1307451E-10
 76.0   12890.00   .1308208E-10
 76.0   12900.00   .1308971E-10
 76.0   12910.00   .1309738E-10
 76.0   12920.00   .1310510E-10
 76.0   12930.00   .1311287E-10
 76.0   12940.00   .1312069E-10
 76.0   12950.00   .1312855E-10
 76.0   12960.00   .1313647E-10
 76.0   12970.00   .1314443E-10
 76.0   12980.00   .1315244E-10
 76.0   12990.00   .1316050E-10
 76.0   13000.00   .1316860E-10
 76.0   13010.00   .1317675E-10
 76.0   13020.00   .1318495E-10
 76.0   13030.00   .1319319E-10
 76.0   13040.00   .1320149E-10
 76.0   13050.00   .1320982E-10
 76.0   13060.00   .1321821E-10
 76.0   13070.00   .1322663E-10
 76.0   13080.00   .1323511E-10
 76.0   13090.00   .1324363E-10
 76.0   13100.00   .1325219E-10
 76.0   13110.00   .1326080E-10
 76.0   13120.00   .1326945E-10
 76.0   13130.00   .1327814E-10
 76.0   13140.00   .1328689E-10
 76.0   13150.00   .1329568E-10
 76.0   13160.00   .1330450E-10
 76.0   13170.00   .1331337E-10
 76.0   13180.00   .1332229E-10
 76.0   13190.00   .1333124E-10
 76.0   13200.00   .1334024E-10
 76.0   13210.00   .1334928E-10
 76.0   13220.00   .1335837E-10
 76.0   13230.00   .1336749E-10
 76.0   13240.00   .1337666E-10
 76.0   13250.00   .1338587E-10
 76.0   13260.00   .1339512E-10
 76.0   13270.00   .1340441E-10
 76.0   13280.00   .1341375E-10
 76.0   13290.00   .1342311E-10
 76.0   13300.00   .1343253E-10
 76.0   13310.00   .1344198E-10
 76.0   13320.00   .1345149E-10
 76.0   13330.00   .1346101E-10
 76.0   13340.00   .1347059E-10
 76.0   13350.00   .1348019E-10
 76.0   13360.00   .1348984E-10
 76.0   13370.00   .1349952E-10
 76.0   13380.00   .1350925E-10
 76.0   13390.00   .1351901E-10
 76.0   13400.00   .1352882E-10
 76.0   13410.00   .1353866E-10
 76.0   13420.00   .1354854E-10
 76.0   13430.00   .1355845E-10
 76.0   13440.00   .1356840E-10
 76.0   13450.00   .1357838E-10
 76.0   13460.00   .1358840E-10
 76.0   13470.00   .1359846E-10
 76.0   13480.00   .1360857E-10
 76.0   13490.00   .1361869E-10
 76.0   13500.00   .1362886E-10
 76.0   13510.00   .1363906E-10
 76.0   13520.00   .1364928E-10
 76.0   13530.00   .1365955E-10
 76.0   13540.00   .1366986E-10
 76.0   13550.00   .1368021E-10
 76.0   13560.00   .1369058E-10
 76.0   13570.00   .1370097E-10
 76.0   13580.00   .1371141E-10
 76.0   13590.00   .1372189E-10
 76.0   13600.00   .1373239E-10
 76.0   13610.00   .1374292E-10
 76.0   13620.00   .1375349E-10
 76.0   13630.00   .1376409E-10
 76.0   13640.00   .1377473E-10
 76.0   13650.00   .1378539E-10
 76.0   13660.00   .1379608E-10
 76.0   13670.00   .1380680E-10
 76.0   13680.00   .1381755E-10
 76.0   13690.00   .1382833E-10
 76.0   13700.00   .1383915E-10
 76.0   13710.00   .1386039E-10
 76.0   13720.00   .1388165E-10
 76.0   13730.00   .1390298E-10
 76.0   13740.00   .1392434E-10
 76.0   13750.00   .1394574E-10
 76.0   13760.00   .1396720E-10
 76.0   13770.00   .1398867E-10
 76.0   13780.00   .1401020E-10
 76.0   13790.00   .1403176E-10
 76.0   13800.00   .1405338E-10
 76.0   13810.00   .1407502E-10
 76.0   13820.00   .1409672E-10
 76.0   13830.00   .1411844E-10
 76.0   13840.00   .1414021E-10
 76.0   13850.00   .1416202E-10
 76.0   13860.00   .1418388E-10
 76.0   13870.00   .1420576E-10
 76.0   13880.00   .1422768E-10
 76.0   13890.00   .1424965E-10
 76.0   13900.00   .1427165E-10
 76.0   13910.00   .1429369E-10
 76.0   13920.00   .1431577E-10
 76.0   13930.00   .1433789E-10
 76.0   13940.00   .1436003E-10
 76.0   13950.00   .1438223E-10
 76.0   13960.00   .1440447E-10
 76.0   13970.00   .1442672E-10
 76.0   13980.00   .1444903E-10
 76.0   13990.00   .1447136E-10
 76.0   14000.00   .1449374E-10
 76.0   14010.00   .1451614E-10
 76.0   14020.00   .1453858E-10
 76.0   14030.00   .1456105E-10
 76.0   14040.00   .1458357E-10
 76.0   14050.00   .1460609E-10
 76.0   14060.00   .1462868E-10
 76.0   14070.00   .1465130E-10
 76.0   14080.00   .1467394E-10
 76.0   14090.00   .1469661E-10
 76.0   14100.00   .1471933E-10
 76.0   14110.00   .1474207E-10
 76.0   14120.00   .1476485E-10
 76.0   14130.00   .1478765E-10
 76.0   14140.00   .1481049E-10
 76.0   14150.00   .1483336E-10
 76.0   14160.00   .1485625E-10
 76.0   14170.00   .1487919E-10
 76.0   14180.00   .1490214E-10
 76.0   14190.00   .1492514E-10
 76.0   14200.00   .1494816E-10
 76.0   14210.00   .1497120E-10
 76.0   14220.00   .1499427E-10
 76.0   14230.00   .1501738E-10
 76.0   14240.00   .1504052E-10
 76.0   14250.00   .1506367E-10
 76.0   14260.00   .1508686E-10
 76.0   14270.00   .1511009E-10
 76.0   14280.00   .1513333E-10
 76.0   14290.00   .1515660E-10
 76.0   14300.00   .1517989E-10
 76.0   14310.00   .1520322E-10
 76.0   14320.00   .1522657E-10
 76.0   14330.00   .1524994E-10
 76.0   14340.00   .1527334E-10
 76.0   14350.00   .1529677E-10
 76.0   14360.00   .1532022E-10
 76.0   14370.00   .1534369E-10
 76.0   14380.00   .1536718E-10
 76.0   14390.00   .1539070E-10
 76.0   14400.00   .1541423E-10
 76.0   14410.00   .1543781E-10
 76.0   14420.00   .1546139E-10
 76.0   14430.00   .1548500E-10
 76.0   14440.00   .1550863E-10
 76.0   14450.00   .1553229E-10
 76.0   14460.00   .1555595E-10
 76.0   14470.00   .1557965E-10
 76.0   14480.00   .1560336E-10
 76.0   14490.00   .1562711E-10
 76.0   14500.00   .1565085E-10
 76.0   14510.00   .1567462E-10
 76.0   14520.00   .1569841E-10
 76.0   14530.00   .1572222E-10
 76.0   14540.00   .1574606E-10
 76.0   14550.00   .1576989E-10
 76.0   14560.00   .1579377E-10
 76.0   14570.00   .1581763E-10
 76.0   14580.00   .1584153E-10
 76.0   14590.00   .1586545E-10
 76.0   14600.00   .1588938E-10
 76.0   14610.00   .1591333E-10
 76.0   14620.00   .1593728E-10
 76.0   14630.00   .1596126E-10
 76.0   14640.00   .1598525E-10
 76.0   14650.00   .1600924E-10
 76.0   14660.00   .1603326E-10
 76.0   14670.00   .1605729E-10
 76.0   14680.00   .1608133E-10
 76.0   14690.00   .1610539E-10
 76.0   14700.00   .1612946E-10
 76.0   14710.00   .1615355E-10
 76.0   14720.00   .1617762E-10
 76.0   14730.00   .1620172E-10
 76.0   14740.00   .1622584E-10
 76.0   14750.00   .1624996E-10
 76.0   14760.00   .1627409E-10
 76.0   14770.00   .1629823E-10
 76.0   14780.00   .1632238E-10
 76.0   14790.00   .1634654E-10
 76.0   14800.00   .1637071E-10
 76.0   14810.00   .1639488E-10
 76.0   14820.00   .1641906E-10
 76.0   14830.00   .1644324E-10
 76.0   14840.00   .1646745E-10
 76.0   14850.00   .1649165E-10
 76.0   14860.00   .1651584E-10
 76.0   14870.00   .1654007E-10
 76.0   14880.00   .1656428E-10
 76.0   14890.00   .1658850E-10
 76.0   14900.00   .1661275E-10
 76.0   14910.00   .1663697E-10
 76.0   14920.00   .1666122E-10
 76.0   14930.00   .1668547E-10
 76.0   14940.00   .1670972E-10
 76.0   14950.00   .1673398E-10
 76.0   14960.00   .1675824E-10
 76.0   14970.00   .1678250E-10
 76.0   14980.00   .1680677E-10
 76.0   14990.00   .1683104E-10
 76.0   15000.00   .1685532E-10
 76.0   15010.00   .1686830E-10
 76.0   15020.00   .1688128E-10
 76.0   15030.00   .1689423E-10
 76.0   15040.00   .1690718E-10
 76.0   15050.00   .1692012E-10
 76.0   15060.00   .1693305E-10
 76.0   15070.00   .1694595E-10
 76.0   15080.00   .1695886E-10
 76.0   15090.00   .1697177E-10
 76.0   15100.00   .1698465E-10
 76.0   15110.00   .1699750E-10
 76.0   15120.00   .1701036E-10
 76.0   15130.00   .1702320E-10
 76.0   15140.00   .1703603E-10
 76.0   15150.00   .1704885E-10
 76.0   15160.00   .1706166E-10
 76.0   15170.00   .1707446E-10
 76.0   15180.00   .1708722E-10
 76.0   15190.00   .1710001E-10
 76.0   15200.00   .1711276E-10
 76.0   15210.00   .1712551E-10
 76.0   15220.00   .1713823E-10
 76.0   15230.00   .1715094E-10
 76.0   15240.00   .1716364E-10
 76.0   15250.00   .1717632E-10
 76.0   15260.00   .1718898E-10
 76.0   15270.00   .1720165E-10
 76.0   15280.00   .1721429E-10
 76.0   15290.00   .1722691E-10
 76.0   15300.00   .1723951E-10
 76.0   15310.00   .1725211E-10
 76.0   15320.00   .1726469E-10
 76.0   15330.00   .1727725E-10
 76.0   15340.00   .1728980E-10
 76.0   15350.00   .1730233E-10
 76.0   15360.00   .1731485E-10
 76.0   15370.00   .1732736E-10
 76.0   15380.00   .1733983E-10
 76.0   15390.00   .1735228E-10
 76.0   15400.00   .1736474E-10
 76.0   15410.00   .1737718E-10
 76.0   15420.00   .1738958E-10
 76.0   15430.00   .1740198E-10
 76.0   15440.00   .1741436E-10
 76.0   15450.00   .1742672E-10
 76.0   15460.00   .1743906E-10
 76.0   15470.00   .1745139E-10
 76.0   15480.00   .1746369E-10
 76.0   15490.00   .1747598E-10
 76.0   15500.00   .1748825E-10
 76.0   15510.00   .1750049E-10
 76.0   15520.00   .1751273E-10
 76.0   15530.00   .1752494E-10
 76.0   15540.00   .1753714E-10
 76.0   15550.00   .1754930E-10
 76.0   15560.00   .1756145E-10
 76.0   15570.00   .1757358E-10
 76.0   15580.00   .1758570E-10
 76.0   15590.00   .1759779E-10
 76.0   15600.00   .1760987E-10
 76.0   15610.00   .1762190E-10
 76.0   15620.00   .1763393E-10
 76.0   15630.00   .1764594E-10
 76.0   15640.00   .1765792E-10
 76.0   15650.00   .1766990E-10
 76.0   15660.00   .1768183E-10
 76.0   15670.00   .1769375E-10
 76.0   15680.00   .1770565E-10
 76.0   15690.00   .1771753E-10
 76.0   15700.00   .1772939E-10
 76.0   15710.00   .1774121E-10
 76.0   15720.00   .1775302E-10
 76.0   15730.00   .1776480E-10
 76.0   15740.00   .1777656E-10
 76.0   15750.00   .1778830E-10
 76.0   15760.00   .1780001E-10
 76.0   15770.00   .1781171E-10
 76.0   15780.00   .1782337E-10
 76.0   15790.00   .1783500E-10
 76.0   15800.00   .1784663E-10
 76.0   15810.00   .1785822E-10
 76.0   15820.00   .1786980E-10
 76.0   15830.00   .1788132E-10
 76.0   15840.00   .1789284E-10
 76.0   15850.00   .1790434E-10
 76.0   15860.00   .1791580E-10
 76.0   15870.00   .1792724E-10
 76.0   15880.00   .1793866E-10
 76.0   15890.00   .1795006E-10
 76.0   15900.00   .1796141E-10
 76.0   15910.00   .1797274E-10
 76.0   15920.00   .1798405E-10
 76.0   15930.00   .1799533E-10
 76.0   15940.00   .1800659E-10
 76.0   15950.00   .1801781E-10
 76.0   15960.00   .1802901E-10
 76.0   15970.00   .1804018E-10
 76.0   15980.00   .1805132E-10
 76.0   15990.00   .1806244E-10
 76.0   16000.00   .1807352E-10
 76.0   16010.00   .1808457E-10
 76.0   16020.00   .1809561E-10
 76.0   16030.00   .1810661E-10
 76.0   16040.00   .1811757E-10
 76.0   16050.00   .1812851E-10
 76.0   16060.00   .1813942E-10
 76.0   16070.00   .1815031E-10
 76.0   16080.00   .1816117E-10
 76.0   16090.00   .1817198E-10
 76.0   16100.00   .1818277E-10
 76.0   16110.00   .1819353E-10
 76.0   16120.00   .1820426E-10
 76.0   16130.00   .1821495E-10
 76.0   16140.00   .1822563E-10
 76.0   16150.00   .1823626E-10
 76.0   16160.00   .1824686E-10
 76.0   16170.00   .1825743E-10
 76.0   16180.00   .1826797E-10
 76.0   16190.00   .1827848E-10
 76.0   16200.00   .1828896E-10
 76.0   16210.00   .1829940E-10
 76.0   16220.00   .1830980E-10
 76.0   16230.00   .1832018E-10
 76.0   16240.00   .1833053E-10
 76.0   16250.00   .1834084E-10
 76.0   16260.00   .1834388E-10
 76.0   16270.00   .1834691E-10
 76.0   16280.00   .1834991E-10
 76.0   16290.00   .1835288E-10
 76.0   16300.00   .1835581E-10
 76.0   16310.00   .1835872E-10
 76.0   16320.00   .1836160E-10
 76.0   16330.00   .1836445E-10
 76.0   16340.00   .1836728E-10
 76.0   16350.00   .1837006E-10
 76.0   16360.00   .1837283E-10
 76.0   16370.00   .1837556E-10
 76.0   16380.00   .1837828E-10
 76.0   16390.00   .1838096E-10
 76.0   16400.00   .1838360E-10
 76.0   16410.00   .1838622E-10
 76.0   16420.00   .1838881E-10
 76.0   16430.00   .1839138E-10
 76.0   16440.00   .1839389E-10
 76.0   16450.00   .1839640E-10
 76.0   16460.00   .1839885E-10
 76.0   16470.00   .1840128E-10
 76.0   16480.00   .1840367E-10
 76.0   16490.00   .1840606E-10
 76.0   16500.00   .1840838E-10
 76.0   16510.00   .1841069E-10
 76.0   16520.00   .1841296E-10
 76.0   16530.00   .1841521E-10
 76.0   16540.00   .1841742E-10
 76.0   16550.00   .1841960E-10
 76.0   16560.00   .1842174E-10
 76.0   16570.00   .1842385E-10
 76.0   16580.00   .1842593E-10
 76.0   16590.00   .1842798E-10
 76.0   16600.00   .1842999E-10
 76.0   16610.00   .1843197E-10
 76.0   16620.00   .1843391E-10
 76.0   16630.00   .1843582E-10
 76.0   16640.00   .1843771E-10
 76.0   16650.00   .1843954E-10
 76.0   16660.00   .1844134E-10
 76.0   16670.00   .1844312E-10
 76.0   16680.00   .1844485E-10
 76.0   16690.00   .1844655E-10
 76.0   16700.00   .1844821E-10
 76.0   16710.00   .1844984E-10
 76.0   16720.00   .1845144E-10
 76.0   16730.00   .1845300E-10
 76.0   16740.00   .1845451E-10
 76.0   16750.00   .1845601E-10
 76.0   16760.00   .1845746E-10
 76.0   16770.00   .1845888E-10
 76.0   16780.00   .1846024E-10
 76.0   16790.00   .1846159E-10
 76.0   16800.00   .1846288E-10
 76.0   16810.00   .1846415E-10
 76.0   16820.00   .1846538E-10
 76.0   16830.00   .1846658E-10
 76.0   16840.00   .1846773E-10
 76.0   16850.00   .1846884E-10
 76.0   16860.00   .1846992E-10
 76.0   16870.00   .1847098E-10
 76.0   16880.00   .1847198E-10
 76.0   16890.00   .1847296E-10
 76.0   16900.00   .1847389E-10
 76.0   16910.00   .1847479E-10
 76.0   16920.00   .1847566E-10
 76.0   16930.00   .1847648E-10
 76.0   16940.00   .1847728E-10
 76.0   16950.00   .1847803E-10
 76.0   16960.00   .1847876E-10
 76.0   16970.00   .1847945E-10
 76.0   16980.00   .1848011E-10
 76.0   16990.00   .1848074E-10
 76.0   17000.00   .1848130E-10
 76.0   17010.00   .1848187E-10
 76.0   17020.00   .1848238E-10
 76.0   17030.00   .1848286E-10
 76.0   17040.00   .1848332E-10
 76.0   17050.00   .1848374E-10
 76.0   17060.00   .1848412E-10
 76.0   17070.00   .1848447E-10
 76.0   17080.00   .1848480E-10
 76.0   17090.00   .1848509E-10
 76.0   17100.00   .1848533E-10
 76.0   17110.00   .1848555E-10
 76.0   17120.00   .1848574E-10
 76.0   17130.00   .1848591E-10
 76.0   17140.00   .1848602E-10
 76.0   17150.00   .1848612E-10
 76.0   17160.00   .1848618E-10
 76.0   17170.00   .1848622E-10
 76.0   17180.00   .1848621E-10
 76.0   17190.00   .1848618E-10
 76.0   17200.00   .1848611E-10
 76.0   17210.00   .1848601E-10
 76.0   17220.00   .1848589E-10
 76.0   17230.00   .1848576E-10
 76.0   17240.00   .1848556E-10
 76.0   17250.00   .1848535E-10
 76.0   17260.00   .1848510E-10
 76.0   17270.00   .1848481E-10
 76.0   17280.00   .1848451E-10
 76.0   17290.00   .1848417E-10
 76.0   17300.00   .1848381E-10
 76.0   17310.00   .1848343E-10
 76.0   17320.00   .1848300E-10
 76.0   17330.00   .1848257E-10
 76.0   17340.00   .1848209E-10
 76.0   17350.00   .1848158E-10
 76.0   17360.00   .1848104E-10
 76.0   17370.00   .1848048E-10
 76.0   17380.00   .1847989E-10
 76.0   17390.00   .1847927E-10
 76.0   17400.00   .1847863E-10
 76.0   17410.00   .1847796E-10
 76.0   17420.00   .1847724E-10
 76.0   17430.00   .1847653E-10
 76.0   17440.00   .1847577E-10
 76.0   17450.00   .1847499E-10
 76.0   17460.00   .1847419E-10
 76.0   17470.00   .1847334E-10
 76.0   17480.00   .1847249E-10
 76.0   17490.00   .1847161E-10
 76.0   17500.00   .1847068E-10
 76.0   17510.00   .1846977E-10
 76.0   17520.00   .1846879E-10
 76.0   17530.00   .1846782E-10
 76.0   17540.00   .1846680E-10
 76.0   17550.00   .1846575E-10
 76.0   17560.00   .1846470E-10
 76.0   17570.00   .1846361E-10
 76.0   17580.00   .1846249E-10
 76.0   17590.00   .1846135E-10
 76.0   17600.00   .1846018E-10
 76.0   17610.00   .1845901E-10
 76.0   17620.00   .1845780E-10
 76.0   17630.00   .1845657E-10
 76.0   17640.00   .1845532E-10
 76.0   17650.00   .1845404E-10
 76.0   17660.00   .1845274E-10
 76.0   17670.00   .1845141E-10
 76.0   17680.00   .1845007E-10
 76.0   17690.00   .1844869E-10
 76.0   17700.00   .1844732E-10
 76.0   17710.00   .1844589E-10
 76.0   17720.00   .1844445E-10
 76.0   17730.00   .1844301E-10
 76.0   17740.00   .1844152E-10
 76.0   17750.00   .1844003E-10
 76.0   17760.00   .1843850E-10
 76.0   17770.00   .1843695E-10
 76.0   17780.00   .1843539E-10
 76.0   17790.00   .1843380E-10
 76.0   17800.00   .1843219E-10
 76.0   17810.00   .1843057E-10
 76.0   17820.00   .1842892E-10
 76.0   17830.00   .1842726E-10
 76.0   17840.00   .1842557E-10
 76.0   17850.00   .1842385E-10
 76.0   17860.00   .1842212E-10
 76.0   17870.00   .1842039E-10
 76.0   17880.00   .1841862E-10
 76.0   17890.00   .1841683E-10
 76.0   17900.00   .1841502E-10
 76.0   17910.00   .1841320E-10
 76.0   17920.00   .1841135E-10
 76.0   17930.00   .1840950E-10
 76.0   17940.00   .1840764E-10
 76.0   17950.00   .1840573E-10
 76.0   17960.00   .1840381E-10
 76.0   17970.00   .1840188E-10
 76.0   17980.00   .1839993E-10
 76.0   17990.00   .1839797E-10
 76.0   18000.00   .1839599E-10
 76.0   18010.00   .1833339E-10
 76.0   18020.00   .1827080E-10
 76.0   18030.00   .1820821E-10
 76.0   18040.00   .1814561E-10
 76.0   18050.00   .1808299E-10
 76.0   18060.00   .1802039E-10
 76.0   18070.00   .1795778E-10
 76.0   18080.00   .1789517E-10
 76.0   18090.00   .1783257E-10
 76.0   18100.00   .1776995E-10
 76.0   18110.00   .1770735E-10
 76.0   18120.00   .1764473E-10
 76.0   18130.00   .1758210E-10
 76.0   18140.00   .1751949E-10
 76.0   18150.00   .1745689E-10
 76.0   18160.00   .1739430E-10
 76.0   18170.00   .1733167E-10
 76.0   18180.00   .1726906E-10
 76.0   18190.00   .1720646E-10
 76.0   18200.00   .1714385E-10
 76.0   18210.00   .1708126E-10
 76.0   18220.00   .1701866E-10
 76.0   18230.00   .1695607E-10
 76.0   18240.00   .1689347E-10
 76.0   18250.00   .1683087E-10
 76.0   18260.00   .1676829E-10
 76.0   18270.00   .1670571E-10
 76.0   18280.00   .1664313E-10
 76.0   18290.00   .1658056E-10
 76.0   18300.00   .1651800E-10
 76.0   18310.00   .1645542E-10
 76.0   18320.00   .1639287E-10
 76.0   18330.00   .1633032E-10
 76.0   18340.00   .1626777E-10
 76.0   18350.00   .1620524E-10
 76.0   18360.00   .1614271E-10
 76.0   18370.00   .1608018E-10
 76.0   18380.00   .1601766E-10
 76.0   18390.00   .1595514E-10
 76.0   18400.00   .1589265E-10
 76.0   18410.00   .1583014E-10
 76.0   18420.00   .1576765E-10
 76.0   18430.00   .1570517E-10
 76.0   18440.00   .1564271E-10
 76.0   18450.00   .1558025E-10
 76.0   18460.00   .1551779E-10
 76.0   18470.00   .1545534E-10
 76.0   18480.00   .1539291E-10
 76.0   18490.00   .1533049E-10
 76.0   18500.00   .1526807E-10
 76.0   18510.00   .1520567E-10
 76.0   18520.00   .1514326E-10
 76.0   18530.00   .1508089E-10
 76.0   18540.00   .1501852E-10
 76.0   18550.00   .1495615E-10
 76.0   18560.00   .1489379E-10
 76.0   18570.00   .1483146E-10
 76.0   18580.00   .1476914E-10
 76.0   18590.00   .1470682E-10
 76.0   18600.00   .1464450E-10
 76.0   18610.00   .1458223E-10
 76.0   18620.00   .1451994E-10
 76.0   18630.00   .1445768E-10
 76.0   18640.00   .1439542E-10
 76.0   18650.00   .1433318E-10
 76.0   18660.00   .1427095E-10
 76.0   18670.00   .1420875E-10
 76.0   18680.00   .1414654E-10
 76.0   18690.00   .1408435E-10
 76.0   18700.00   .1402219E-10
 76.0   18710.00   .1396003E-10
 76.0   18720.00   .1389789E-10
 76.0   18730.00   .1383575E-10
 76.0   18740.00   .1377364E-10
 76.0   18750.00   .1371154E-10
 76.0   18760.00   .1364947E-10
 76.0   18770.00   .1358739E-10
 76.0   18780.00   .1352534E-10
 76.0   18790.00   .1346329E-10
 76.0   18800.00   .1340128E-10
 76.0   18810.00   .1333926E-10
 76.0   18820.00   .1327728E-10
 76.0   18830.00   .1321530E-10
 76.0   18840.00   .1315334E-10
 76.0   18850.00   .1309140E-10
 76.0   18860.00   .1302949E-10
 76.0   18870.00   .1296757E-10
 76.0   18880.00   .1290568E-10
 76.0   18890.00   .1284381E-10
 76.0   18900.00   .1278196E-10
 76.0   18910.00   .1272012E-10
 76.0   18920.00   .1265829E-10
 76.0   18930.00   .1259650E-10
 76.0   18940.00   .1253471E-10
 76.0   18950.00   .1247292E-10
 76.0   18960.00   .1241119E-10
 76.0   18970.00   .1234946E-10
 76.0   18980.00   .1228775E-10
 76.0   18990.00   .1222604E-10
 76.0   19000.00   .1216437E-10
 76.0   19010.00   .1210272E-10
 76.0   19020.00   .1204107E-10
 76.0   19030.00   .1197945E-10
 76.0   19040.00   .1191784E-10
 76.0   19050.00   .1185626E-10
 76.0   19060.00   .1179470E-10
 76.0   19070.00   .1173316E-10
 76.0   19080.00   .1167163E-10
 76.0   19090.00   .1161013E-10
 76.0   19100.00   .1154864E-10
 76.0   19110.00   .1148717E-10
 76.0   19120.00   .1142573E-10
 76.0   19130.00   .1136430E-10
 76.0   19140.00   .1130290E-10
 76.0   19150.00   .1124151E-10
 76.0   19160.00   .1118015E-10
 76.0   19170.00   .1111879E-10
 76.0   19180.00   .1105748E-10
 76.0   19190.00   .1099616E-10
 76.0   19200.00   .1093488E-10
 76.0   19210.00   .1087360E-10
 76.0   19220.00   .1081237E-10
 76.0   19230.00   .1075114E-10
 76.0   19240.00   .1068994E-10
 76.0   19250.00   .1062876E-10
 76.0   19260.00   .1056761E-10
 76.0   19270.00   .1050645E-10
 76.0   19280.00   .1044533E-10
 76.0   19290.00   .1038423E-10
 76.0   19300.00   .1032315E-10
 76.0   19310.00   .1026210E-10
 76.0   19320.00   .1020106E-10
 76.0   19330.00   .1014005E-10
 76.0   19340.00   .1007905E-10
 76.0   19350.00   .1001808E-10
 76.0   19360.00   .9957127E-11
 76.0   19370.00   .9896201E-11
 76.0   19380.00   .9835288E-11
 76.0   19390.00   .9774407E-11
 76.0   19400.00   .9713544E-11
 76.0   19410.00   .9652688E-11
 76.0   19420.00   .9591867E-11
 76.0   19430.00   .9531068E-11
 76.0   19440.00   .9470283E-11
 76.0   19450.00   .9409521E-11
 76.0   19460.00   .9348784E-11
 76.0   19470.00   .9288075E-11
 76.0   19480.00   .9227371E-11
 76.0   19490.00   .9166700E-11
 76.0   19500.00   .9106052E-11
 76.0   19510.00   .9045423E-11
 76.0   19520.00   .8984812E-11
 76.0   19530.00   .8924221E-11
 76.0   19540.00   .8863661E-11
 76.0   19550.00   .8803119E-11
 76.0   19560.00   .8742604E-11
 76.0   19570.00   .8682094E-11
 76.0   19580.00   .8621614E-11
 76.0   19590.00   .8561151E-11
 76.0   19600.00   .8500723E-11
 76.0   19610.00   .8440306E-11
 76.0   19620.00   .8379903E-11
 76.0   19630.00   .8319538E-11
 76.0   19640.00   .8259184E-11
 76.0   19650.00   .8198853E-11
 76.0   19660.00   .8138555E-11
 76.0   19670.00   .8078258E-11
 76.0   19680.00   .8017988E-11
 76.0   19690.00   .7957737E-11
 76.0   19700.00   .7897508E-11
 76.0   19710.00   .7837307E-11
 76.0   19720.00   .7777120E-11
 76.0   19730.00   .7716958E-11
 76.0   19740.00   .7656809E-11
 76.0   19750.00   .7596690E-11
 76.0   19760.00   .7536578E-11
 76.0   19770.00   .7476496E-11
 76.0   19780.00   .7416422E-11
 76.0   19790.00   .7356382E-11
 76.0   19800.00   .7296356E-11
 76.0   19810.00   .7236348E-11
 76.0   19820.00   .7176358E-11
 76.0   19830.00   .7116391E-11
 76.0   19840.00   .7056440E-11
 76.0   19850.00   .6996515E-11
 76.0   19860.00   .6936601E-11
 76.0   19870.00   .6876712E-11
 76.0   19880.00   .6816837E-11
 76.0   19890.00   .6756986E-11
 76.0   19900.00   .6697153E-11
 76.0   19910.00   .6637332E-11
 76.0   19920.00   .6577535E-11
 76.0   19930.00   .6517755E-11
 76.0   19940.00   .6457996E-11
 76.0   19950.00   .6398256E-11
 76.0   19960.00   .6338529E-11
 76.0   19970.00   .6278821E-11
 76.0   19980.00   .6219132E-11
 76.0   19990.00   .6159462E-11
 76.0   20000.00   .6099807E-11
 76.0   20010.00   .6040174E-11
 76.0   20020.00   .5980557E-11
 76.0   20030.00   .5920960E-11
 76.0   20040.00   .5861373E-11
 76.0   20050.00   .5801812E-11
 76.0   20060.00   .5742262E-11
 76.0   20070.00   .5682732E-11
 76.0   20080.00   .5623219E-11
 76.0   20090.00   .5563721E-11
 76.0   20100.00   .5504245E-11
 76.0   20110.00   .5503587E-11
 76.0   20120.00   .5502932E-11
 76.0   20130.00   .5502281E-11
 76.0   20140.00   .5501632E-11
 76.0   20150.00   .5500991E-11
 76.0   20160.00   .5500348E-11
 76.0   20170.00   .5499708E-11
 76.0   20180.00   .5499070E-11
 76.0   20190.00   .5498437E-11
 76.0   20200.00   .5497810E-11
 76.0   20210.00   .5497179E-11
 76.0   20220.00   .5496554E-11
 76.0   20230.00   .5495928E-11
 76.0   20240.00   .5495316E-11
 76.0   20250.00   .5494694E-11
 76.0   20260.00   .5494082E-11
 76.0   20270.00   .5493469E-11
 76.0   20280.00   .5492857E-11
 76.0   20290.00   .5492257E-11
 76.0   20300.00   .5491652E-11
 76.0   20310.00   .5491051E-11
 76.0   20320.00   .5490454E-11
 76.0   20330.00   .5489860E-11
 76.0   20340.00   .5489268E-11
 76.0   20350.00   .5488679E-11
 76.0   20360.00   .5488092E-11
 76.0   20370.00   .5487507E-11
 76.0   20380.00   .5486925E-11
 76.0   20390.00   .5486348E-11
 76.0   20400.00   .5485769E-11
 76.0   20410.00   .5485200E-11
 76.0   20420.00   .5484629E-11
 76.0   20430.00   .5484062E-11
 76.0   20440.00   .5483497E-11
 76.0   20450.00   .5482938E-11
 76.0   20460.00   .5482378E-11
 76.0   20470.00   .5481819E-11
 76.0   20480.00   .5481270E-11
 76.0   20490.00   .5480718E-11
 76.0   20500.00   .5480170E-11
 76.0   20510.00   .5479629E-11
 76.0   20520.00   .5479083E-11
 76.0   20530.00   .5478543E-11
 76.0   20540.00   .5478006E-11
 76.0   20550.00   .5477475E-11
 76.0   20560.00   .5476942E-11
 76.0   20570.00   .5476415E-11
 76.0   20580.00   .5475884E-11
 76.0   20590.00   .5475363E-11
 76.0   20600.00   .5474845E-11
 76.0   20610.00   .5474324E-11
 76.0   20620.00   .5473814E-11
 76.0   20630.00   .5473300E-11
 76.0   20640.00   .5472790E-11
 76.0   20650.00   .5472281E-11
 76.0   20660.00   .5471778E-11
 76.0   20670.00   .5471279E-11
 76.0   20680.00   .5470780E-11
 76.0   20690.00   .5470287E-11
 76.0   20700.00   .5469792E-11
 76.0   20710.00   .5469299E-11
 76.0   20720.00   .5468815E-11
 76.0   20730.00   .5468329E-11
 76.0   20740.00   .5467850E-11
 76.0   20750.00   .5467369E-11
 76.0   20760.00   .5466898E-11
 76.0   20770.00   .5466424E-11
 76.0   20780.00   .5465948E-11
 76.0   20790.00   .5465482E-11
 76.0   20800.00   .5465017E-11
 76.0   20810.00   .5464554E-11
 76.0   20820.00   .5464095E-11
 76.0   20830.00   .5463638E-11
 76.0   20840.00   .5463184E-11
 76.0   20850.00   .5462733E-11
 76.0   20860.00   .5462282E-11
 76.0   20870.00   .5461835E-11
 76.0   20880.00   .5461392E-11
 76.0   20890.00   .5460953E-11
 76.0   20900.00   .5460515E-11
 76.0   20910.00   .5460081E-11
 76.0   20920.00   .5459649E-11
 76.0   20930.00   .5459221E-11
 76.0   20940.00   .5458793E-11
 76.0   20950.00   .5458368E-11
 76.0   20960.00   .5457944E-11
 76.0   20970.00   .5457525E-11
 76.0   20980.00   .5457112E-11
 76.0   20990.00   .5456701E-11
 76.0   21000.00   .5456290E-11
 76.0   21010.00   .5455883E-11
 76.0   21020.00   .5455474E-11
 76.0   21030.00   .5455074E-11
 76.0   21040.00   .5454675E-11
 76.0   21050.00   .5454276E-11
 76.0   21060.00   .5453884E-11
 76.0   21070.00   .5453492E-11
 76.0   21080.00   .5453104E-11
 76.0   21090.00   .5452721E-11
 76.0   21100.00   .5452335E-11
 76.0   21110.00   .5451953E-11
 76.0   21120.00   .5451579E-11
 76.0   21130.00   .5451204E-11
 76.0   21140.00   .5450832E-11
 76.0   21150.00   .5450463E-11
 76.0   21160.00   .5450096E-11
 76.0   21170.00   .5449731E-11
 76.0   21180.00   .5449375E-11
 76.0   21190.00   .5449016E-11
 76.0   21200.00   .5448655E-11
 76.0   21210.00   .5448306E-11
 76.0   21220.00   .5447954E-11
 76.0   21230.00   .5447608E-11
 76.0   21240.00   .5447263E-11
 76.0   21250.00   .5446922E-11
 76.0   21260.00   .5446582E-11
 76.0   21270.00   .5446248E-11
 76.0   21280.00   .5445912E-11
 76.0   21290.00   .5445581E-11
 76.0   21300.00   .5445252E-11
 76.0   21310.00   .5444929E-11
 76.0   21320.00   .5444605E-11
 76.0   21330.00   .5444284E-11
 76.0   21340.00   .5443967E-11
 76.0   21350.00   .5443652E-11
 76.0   21360.00   .5443340E-11
 76.0   21370.00   .5443034E-11
 76.0   21380.00   .5442725E-11
 76.0   21390.00   .5442425E-11
 76.0   21400.00   .5442123E-11
 76.0   21410.00   .5441823E-11
 76.0   21420.00   .5441530E-11
 76.0   21430.00   .5441236E-11
 76.0   21440.00   .5440945E-11
 76.0   21450.00   .5440658E-11
 76.0   21460.00   .5440376E-11
 76.0   21470.00   .5440094E-11
 76.0   21480.00   .5439813E-11
 76.0   21490.00   .5439540E-11
 76.0   21500.00   .5439266E-11
 76.0   21510.00   .5438996E-11
 76.0   21520.00   .5438725E-11
 76.0   21530.00   .5438460E-11
 76.0   21540.00   .5438198E-11
 76.0   21550.00   .5437939E-11
 76.0   21560.00   .5437682E-11
 76.0   21570.00   .5437429E-11
 76.0   21580.00   .5437176E-11
 76.0   21590.00   .5436928E-11
 76.0   21600.00   .5436680E-11
 76.0   21610.00   .5436441E-11
 76.0   21620.00   .5436196E-11
 76.0   21630.00   .5435956E-11
 76.0   21640.00   .5435725E-11
 76.0   21650.00   .5435494E-11
 76.0   21660.00   .5435264E-11
 76.0   21670.00   .5435037E-11
 76.0   21680.00   .5434811E-11
 76.0   21690.00   .5434592E-11
 76.0   21700.00   .5434374E-11
 76.0   21710.00   .5434156E-11
 76.0   21720.00   .5433943E-11
 76.0   21730.00   .5433731E-11
 76.0   21740.00   .5433524E-11
 76.0   21750.00   .5433317E-11
 76.0   21760.00   .5433118E-11
 76.0   21770.00   .5432922E-11
 76.0   21780.00   .5432723E-11
 76.0   21790.00   .5432527E-11
 76.0   21800.00   .5432335E-11
 76.0   21810.00   .5432147E-11
 76.0   21820.00   .5431963E-11
 76.0   21830.00   .5431777E-11
 76.0   21840.00   .5431599E-11
 76.0   21850.00   .5431420E-11
 76.0   21860.00   .5431244E-11
 76.0   21870.00   .5431074E-11
 76.0   21880.00   .5430903E-11
 76.0   21890.00   .5430736E-11
 76.0   21900.00   .5430572E-11
 76.0   21910.00   .5430415E-11
 76.0   21920.00   .5430253E-11
 76.0   21930.00   .5430098E-11
 76.0   21940.00   .5429944E-11
 76.0   21950.00   .5429793E-11
 76.0   21960.00   .5429645E-11
 76.0   21970.00   .5429504E-11
 76.0   21980.00   .5429360E-11
 76.0   21990.00   .5429219E-11
 76.0   22000.00   .5429089E-11
 76.0   22010.00   .5428952E-11
 76.0   22020.00   .5428821E-11
 76.0   22030.00   .5428692E-11
 76.0   22040.00   .5428568E-11
 76.0   22050.00   .5428446E-11
 76.0   22060.00   .5428322E-11
 76.0   22070.00   .5428207E-11
 76.0   22080.00   .5428093E-11
 76.0   22090.00   .5427982E-11
 76.0   22100.00   .5427871E-11
 76.0   22110.00   .5427768E-11
 76.0   22120.00   .5427659E-11
 76.0   22130.00   .5427563E-11
 76.0   22140.00   .5427462E-11
 76.0   22150.00   .5427366E-11
 76.0   22160.00   .5427277E-11
 76.0   22170.00   .5427186E-11
 76.0   22180.00   .5427097E-11
 76.0   22190.00   .5427016E-11
 76.0   22200.00   .5426934E-11
 76.0   22210.00   .5426856E-11
 76.0   22220.00   .5426778E-11
 76.0   22230.00   .5426705E-11
 76.0   22240.00   .5426635E-11
 76.0   22250.00   .5426570E-11
 76.0   22260.00   .5426503E-11
 76.0   22270.00   .5426441E-11
 76.0   22280.00   .5426382E-11
 76.0   22290.00   .5426319E-11
 76.0   22300.00   .5426270E-11
 76.0   22310.00   .5426217E-11
 76.0   22320.00   .5426174E-11
 76.0   22330.00   .5426125E-11
 76.0   22340.00   .5426083E-11
 76.0   22350.00   .5426044E-11
 76.0   22360.00   .5426004E-11
 76.0   22370.00   .5425969E-11
 76.0   22380.00   .5425939E-11
 76.0   22390.00   .5425909E-11
 76.0   22400.00   .5425881E-11
 76.0   22410.00   .5425860E-11
 76.0   22420.00   .5425837E-11
 76.0   22430.00   .5425821E-11
 76.0   22440.00   .5425803E-11
 76.0   22450.00   .5425791E-11
 76.0   22460.00   .5425781E-11
 76.0   22470.00   .5425772E-11
 76.0   22480.00   .5425764E-11
 76.0   22490.00   .5425766E-11
 76.0   22500.00   .5425767E-11
 76.0   22510.00   .5425767E-11
 76.0   22520.00   .5425773E-11
 76.0   22530.00   .5425781E-11
 76.0   22540.00   .5425792E-11
 76.0   22550.00   .5425805E-11
 76.0   22560.00   .5425822E-11
 76.0   22570.00   .5425841E-11
 76.0   22580.00   .5425862E-11
 76.0   22590.00   .5425883E-11
 76.0   22600.00   .5425909E-11
 76.0   22610.00   .5425937E-11
 76.0   22620.00   .5425967E-11
 76.0   22630.00   .5426004E-11
 76.0   22640.00   .5426038E-11
 76.0   22650.00   .5426077E-11
 76.0   22660.00   .5426118E-11
 76.0   22670.00   .5426160E-11
 76.0   22680.00   .5426208E-11
 76.0   22690.00   .5426256E-11
 76.0   22700.00   .5426309E-11
 76.0   22710.00   .5426359E-11
 76.0   22720.00   .5426413E-11
 76.0   22730.00   .5426475E-11
 76.0   22740.00   .5426536E-11
 76.0   22750.00   .5426599E-11
 76.0   22760.00   .5426661E-11
 76.0   22770.00   .5426732E-11
 76.0   22780.00   .5426796E-11
 76.0   22790.00   .5426873E-11
 76.0   22800.00   .5426949E-11
 76.0   22810.00   .5427025E-11
 76.0   22820.00   .5427105E-11
 76.0   22830.00   .5427185E-11
 76.0   22840.00   .5427267E-11
 76.0   22850.00   .5427355E-11
 76.0   22860.00   .5427441E-11
 76.0   22870.00   .5427534E-11
 76.0   22880.00   .5427625E-11
 76.0   22890.00   .5427722E-11
 76.0   22900.00   .5427816E-11
 76.0   22910.00   .5427918E-11
 76.0   22920.00   .5428020E-11
 76.0   22930.00   .5428125E-11
 76.0   22940.00   .5428231E-11
 76.0   22950.00   .5428338E-11
 76.0   22960.00   .5428450E-11
 76.0   22970.00   .5428560E-11
 76.0   22980.00   .5428675E-11
 76.0   22990.00   .5428794E-11
 76.0   23000.00   .5428912E-11
 76.0   23010.00   .5429034E-11
 76.0   23020.00   .5429160E-11
 76.0   23030.00   .5429282E-11
 76.0   23040.00   .5429410E-11
 76.0   23050.00   .5429540E-11
 76.0   23060.00   .5429672E-11
 76.0   23070.00   .5429805E-11
 76.0   23080.00   .5429941E-11
 76.0   23090.00   .5430080E-11
 76.0   23100.00   .5430221E-11
 76.0   23110.00   .5430363E-11
 76.0   23120.00   .5430507E-11
 76.0   23130.00   .5430652E-11
 76.0   23140.00   .5430800E-11
 76.0   23150.00   .5430949E-11
 76.0   23160.00   .5431102E-11
 76.0   23170.00   .5431255E-11
 76.0   23180.00   .5431411E-11
 76.0   23190.00   .5431569E-11
 76.0   23200.00   .5431727E-11
 76.0   23210.00   .5431892E-11
 76.0   23220.00   .5432056E-11
 76.0   23230.00   .5432219E-11
 76.0   23240.00   .5432391E-11
 76.0   23250.00   .5432558E-11
 76.0   23260.00   .5432732E-11
 76.0   23270.00   .5432902E-11
 76.0   23280.00   .5433078E-11
 76.0   23290.00   .5433254E-11
 76.0   23300.00   .5433434E-11
 76.0   23310.00   .5433617E-11
 76.0   23320.00   .5433792E-11
 76.0   23330.00   .5433980E-11
 76.0   23340.00   .5434165E-11
 76.0   23350.00   .5434354E-11
 76.0   23360.00   .5434542E-11
 76.0   23370.00   .5434734E-11
 76.0   23380.00   .5434928E-11
 76.0   23390.00   .5435127E-11
 76.0   23400.00   .5435317E-11
 76.0   23410.00   .5435515E-11
 76.0   23420.00   .5435719E-11
 76.0   23430.00   .5435921E-11
 76.0   23440.00   .5436123E-11
 76.0   23450.00   .5436331E-11
 76.0   23460.00   .5436536E-11
 76.0   23470.00   .5436748E-11
 76.0   23480.00   .5436958E-11
 76.0   23490.00   .5437167E-11
 76.0   23500.00   .5437380E-11
 76.0   23510.00   .5437595E-11
 76.0   23520.00   .5437811E-11
 76.0   23530.00   .5438029E-11
 76.0   23540.00   .5438254E-11
 76.0   23550.00   .5438476E-11
 76.0   23560.00   .5438696E-11
 76.0   23570.00   .5438923E-11
 76.0   23580.00   .5439145E-11
 76.0   23590.00   .5439375E-11
 76.0   23600.00   .5439606E-11
 76.0   23610.00   .5439838E-11
 76.0   23620.00   .5440071E-11
 76.0   23630.00   .5440298E-11
 76.0   23640.00   .5440537E-11
 76.0   23650.00   .5440776E-11
 76.0   23660.00   .5441014E-11
 76.0   23670.00   .5441253E-11
 76.0   23680.00   .5441496E-11
 76.0   23690.00   .5441738E-11
 76.0   23700.00   .5441984E-11
 76.0   23710.00   .5442233E-11
 76.0   23720.00   .5442478E-11
 76.0   23730.00   .5442726E-11
 76.0   23740.00   .5442976E-11
 76.0   23750.00   .5443230E-11
 76.0   23760.00   .5443479E-11
 76.0   23770.00   .5443736E-11
 76.0   23780.00   .5443989E-11
 76.0   23790.00   .5444250E-11
 76.0   23800.00   .5444506E-11
 76.0   23810.00   .5444769E-11
 76.0   23820.00   .5445028E-11
 76.0   23830.00   .5445292E-11
 76.0   23840.00   .5445554E-11
 76.0   23850.00   .5445818E-11
 76.0   23860.00   .5446087E-11
 76.0   23870.00   .5446353E-11
 76.0   23880.00   .5446621E-11
 76.0   23890.00   .5446894E-11
 76.0   23900.00   .5447167E-11
 76.0   23910.00   .5447438E-11
 76.0   23920.00   .5447710E-11
 76.0   23930.00   .5447985E-11
 76.0   23940.00   .5448265E-11
 76.0   23950.00   .5448541E-11
 76.0   23960.00   .5448821E-11
 76.0   23970.00   .5449101E-11
 76.0   23980.00   .5449381E-11
 76.0   23990.00   .5449665E-11
 76.0   24000.00   .5449950E-11
 76.0   24010.00   .5450235E-11
 76.0   24020.00   .5450518E-11
 76.0   24030.00   .5450807E-11
 76.0   24040.00   .5451097E-11
 76.0   24050.00   .5451386E-11
 76.0   24060.00   .5451674E-11
 76.0   24070.00   .5451967E-11
 76.0   24080.00   .5452262E-11
 76.0   24090.00   .5452553E-11
 76.0   24100.00   .5452849E-11
 76.0   24110.00   .5453144E-11
 76.0   24120.00   .5453441E-11
 76.0   24130.00   .5453742E-11
 76.0   24140.00   .5454040E-11
 76.0   24150.00   .5454338E-11
 76.0   24160.00   .5454640E-11
 76.0   24170.00   .5454942E-11
 76.0   24180.00   .5455242E-11
 76.0   24190.00   .5455548E-11
 76.0   24200.00   .5455852E-11
 76.0   24210.00   .5456159E-11
 76.0   24220.00   .5456465E-11
 76.0   24230.00   .5456773E-11
 76.0   24240.00   .5457085E-11
 76.0   24250.00   .5457395E-11
 76.0   24260.00   .5457705E-11
 76.0   24270.00   .5458015E-11
 76.0   24280.00   .5458326E-11
 76.0   24290.00   .5458640E-11
 76.0   24300.00   .5458955E-11
 76.0   24310.00   .5459272E-11
 76.0   24320.00   .5459586E-11
 76.0   24330.00   .5459905E-11
 76.0   24340.00   .5460220E-11
 76.0   24350.00   .5460540E-11
 76.0   24360.00   .5460858E-11
 76.0   24370.00   .5461175E-11
 76.0   24380.00   .5461500E-11
 76.0   24390.00   .5461821E-11
 76.0   24400.00   .5462144E-11
 76.0   24410.00   .5462465E-11
 76.0   24420.00   .5462794E-11
 76.0   24430.00   .5463116E-11
 76.0   24440.00   .5463443E-11
 76.0   24450.00   .5463768E-11
 76.0   24460.00   .5464094E-11
 76.0   24470.00   .5464421E-11
 76.0   24480.00   .5464749E-11
 76.0   24490.00   .5465077E-11
 76.0   24500.00   .5465409E-11
 76.0   24510.00   .5465738E-11
 76.0   24520.00   .5466071E-11
 76.0   24530.00   .5466399E-11
 76.0   24540.00   .5466733E-11
 76.0   24550.00   .5467062E-11
 76.0   24560.00   .5467401E-11
 76.0   24570.00   .5467736E-11
 76.0   24580.00   .5468067E-11
 76.0   24590.00   .5468404E-11
 76.0   24600.00   .5468741E-11
 76.0   24610.00   .5469074E-11
 76.0   24620.00   .5469413E-11
 76.0   24630.00   .5469752E-11
 76.0   24640.00   .5470090E-11
 76.0   24650.00   .5470430E-11
 76.0   24660.00   .5470770E-11
 76.0   24670.00   .5471110E-11
 76.0   24680.00   .5471449E-11
 76.0   24690.00   .5471787E-11
 76.0   24700.00   .5472129E-11
 76.0   24710.00   .5472470E-11
 76.0   24720.00   .5472810E-11
 76.0   24730.00   .5473158E-11
 76.0   24740.00   .5473499E-11
 76.0   24750.00   .5473843E-11
 76.0   24760.00   .5474187E-11
 76.0   24770.00   .5474530E-11
 76.0   24780.00   .5474875E-11
 76.0   24790.00   .5475219E-11
 76.0   24800.00   .5475564E-11
 76.0   24810.00   .5475912E-11
 76.0   24820.00   .5476258E-11
 76.0   24830.00   .5476604E-11
 76.0   24840.00   .5476950E-11
 76.0   24850.00   .5477300E-11
 76.0   24860.00   .5477649E-11
 76.0   24870.00   .5477995E-11
 76.0   24880.00   .5478346E-11
 76.0   24890.00   .5478690E-11
 76.0   24900.00   .5479042E-11
 76.0   24910.00   .5479391E-11
 76.0   24920.00   .5479740E-11
 76.0   24930.00   .5480092E-11
 76.0   24940.00   .5480442E-11
 76.0   24950.00   .5480789E-11
 76.0   24960.00   .5481141E-11
 76.0   24970.00   .5481493E-11
 76.0   24980.00   .5481844E-11
 76.0   24990.00   .5482195E-11
 76.0   25000.00   .5482546E-11
