 58.0    1000.00   .6245470E-15
 58.0    1010.00   .2411072E-14
 58.0    1020.00   .6503855E-14
 58.0    1030.00   .1438932E-13
 58.0    1040.00   .2798477E-13
 58.0    1050.00   .4964472E-13
 58.0    1060.00   .8214284E-13
 58.0    1070.00   .1286280E-12
 58.0    1080.00   .1925518E-12
 58.0    1090.00   .2775686E-12
 58.0    1100.00   .3874074E-12
 58.0    1110.00   .5257199E-12
 58.0    1120.00   .6959055E-12
 58.0    1130.00   .9009207E-12
 58.0    1140.00   .1143079E-11
 58.0    1150.00   .1423848E-11
 58.0    1160.00   .1743649E-11
 58.0    1170.00   .2101680E-11
 58.0    1180.00   .2495753E-11
 58.0    1190.00   .2922181E-11
 58.0    1200.00   .3375696E-11
 58.0    1210.00   .3849428E-11
 58.0    1220.00   .4334952E-11
 58.0    1230.00   .4822395E-11
 58.0    1240.00   .5300625E-11
 58.0    1250.00   .5757509E-11
 58.0    1260.00   .6181464E-11
 58.0    1270.00   .6566079E-11
 58.0    1280.00   .6907665E-11
 58.0    1290.00   .7204199E-11
 58.0    1300.00   .7455282E-11
 58.0    1310.00   .7662013E-11
 58.0    1320.00   .7826855E-11
 58.0    1330.00   .7953448E-11
 58.0    1340.00   .8046423E-11
 58.0    1350.00   .8111211E-11
 58.0    1360.00   .8153856E-11
 58.0    1370.00   .8180855E-11
 58.0    1380.00   .8198904E-11
 58.0    1390.00   .8212209E-11
 58.0    1400.00   .8222328E-11
 58.0    1410.00   .8230685E-11
 58.0    1420.00   .8238686E-11
 58.0    1430.00   .8247731E-11
 58.0    1440.00   .8259222E-11
 58.0    1450.00   .8274567E-11
 58.0    1460.00   .8295192E-11
 58.0    1470.00   .8322552E-11
 58.0    1480.00   .8358144E-11
 58.0    1490.00   .8403517E-11
 58.0    1500.00   .8460299E-11
 58.0    1510.00   .8529869E-11
 58.0    1520.00   .8612467E-11
 58.0    1530.00   .8708038E-11
 58.0    1540.00   .8816533E-11
 58.0    1550.00   .8937912E-11
 58.0    1560.00   .9072139E-11
 58.0    1570.00   .9219179E-11
 58.0    1580.00   .9379000E-11
 58.0    1590.00   .9551564E-11
 58.0    1600.00   .9736829E-11
 58.0    1610.00   .9934746E-11
 58.0    1620.00   .1014525E-10
 58.0    1630.00   .1036826E-10
 58.0    1640.00   .1060369E-10
 58.0    1650.00   .1085140E-10
 58.0    1660.00   .1111125E-10
 58.0    1670.00   .1138308E-10
 58.0    1680.00   .1166665E-10
 58.0    1690.00   .1196173E-10
 58.0    1700.00   .1226801E-10
 58.0    1710.00   .1258516E-10
 58.0    1720.00   .1291278E-10
 58.0    1730.00   .1325042E-10
 58.0    1740.00   .1359758E-10
 58.0    1750.00   .1395367E-10
 58.0    1760.00   .1431810E-10
 58.0    1770.00   .1469039E-10
 58.0    1780.00   .1507002E-10
 58.0    1790.00   .1545645E-10
 58.0    1800.00   .1584904E-10
 58.0    1810.00   .1624711E-10
 58.0    1820.00   .1664993E-10
 58.0    1830.00   .1705665E-10
 58.0    1840.00   .1746639E-10
 58.0    1850.00   .1787820E-10
 58.0    1860.00   .1829103E-10
 58.0    1870.00   .1870379E-10
 58.0    1880.00   .1911529E-10
 58.0    1890.00   .1952429E-10
 58.0    1900.00   .1992946E-10
 58.0    1910.00   .2032942E-10
 58.0    1920.00   .2072271E-10
 58.0    1930.00   .2110781E-10
 58.0    1940.00   .2148314E-10
 58.0    1950.00   .2184706E-10
 58.0    1960.00   .2219789E-10
 58.0    1970.00   .2253392E-10
 58.0    1980.00   .2285335E-10
 58.0    1990.00   .2315441E-10
 58.0    2000.00   .2343527E-10
 58.0    2010.00   .2369440E-10
 58.0    2020.00   .2393146E-10
 58.0    2030.00   .2414649E-10
 58.0    2040.00   .2433955E-10
 58.0    2050.00   .2451083E-10
 58.0    2060.00   .2466055E-10
 58.0    2070.00   .2478901E-10
 58.0    2080.00   .2489654E-10
 58.0    2090.00   .2498357E-10
 58.0    2100.00   .2505054E-10
 58.0    2110.00   .2509799E-10
 58.0    2120.00   .2512644E-10
 58.0    2130.00   .2513651E-10
 58.0    2140.00   .2512883E-10
 58.0    2150.00   .2510406E-10
 58.0    2160.00   .2506291E-10
 58.0    2170.00   .2500611E-10
 58.0    2180.00   .2493441E-10
 58.0    2190.00   .2484858E-10
 58.0    2200.00   .2474941E-10
 58.0    2210.00   .2463771E-10
 58.0    2220.00   .2451430E-10
 58.0    2230.00   .2437998E-10
 58.0    2240.00   .2423561E-10
 58.0    2250.00   .2408201E-10
 58.0    2260.00   .2392022E-10
 58.0    2270.00   .2375205E-10
 58.0    2280.00   .2357955E-10
 58.0    2290.00   .2340472E-10
 58.0    2300.00   .2322954E-10
 58.0    2310.00   .2305601E-10
 58.0    2320.00   .2288606E-10
 58.0    2330.00   .2272165E-10
 58.0    2340.00   .2256470E-10
 58.0    2350.00   .2241713E-10
 58.0    2360.00   .2228083E-10
 58.0    2370.00   .2215771E-10
 58.0    2380.00   .2204965E-10
 58.0    2390.00   .2195858E-10
 58.0    2400.00   .2188638E-10
 58.0    2410.00   .2183503E-10
 58.0    2420.00   .2180649E-10
 58.0    2430.00   .2180278E-10
 58.0    2440.00   .2182599E-10
 58.0    2450.00   .2187826E-10
 58.0    2460.00   .2196184E-10
 58.0    2470.00   .2207906E-10
 58.0    2480.00   .2223240E-10
 58.0    2490.00   .2242446E-10
 58.0    2500.00   .2265802E-10
 58.0    2510.00   .2557697E-10
 58.0    2520.00   .3182386E-10
 58.0    2530.00   .3561182E-10
 58.0    2540.00   .3506009E-10
 58.0    2550.00   .3691933E-10
 58.0    2560.00   .3669887E-10
 58.0    2570.00   .3770346E-10
 58.0    2580.00   .3503406E-10
 58.0    2590.00   .3312424E-10
 58.0    2600.00   .2983977E-10
 58.0    2610.00   .2600996E-10
 58.0    2620.00   .2783328E-10
 58.0    2630.00   .2700889E-10
 58.0    2640.00   .3407151E-10
 58.0    2650.00   .4150489E-10
 58.0    2660.00   .5441936E-10
 58.0    2670.00   .7345852E-10
 58.0    2680.00   .9648993E-10
 58.0    2690.00   .1099587E-09
 58.0    2700.00   .1158919E-09
 58.0    2710.00   .1171183E-09
 58.0    2720.00   .1226480E-09
 58.0    2730.00   .1260526E-09
 58.0    2740.00   .1261196E-09
 58.0    2750.00   .1289498E-09
 58.0    2760.00   .1387750E-09
 58.0    2770.00   .1395924E-09
 58.0    2780.00   .1362576E-09
 58.0    2790.00   .1352616E-09
 58.0    2800.00   .1315288E-09
 58.0    2810.00   .1279829E-09
 58.0    2820.00   .1358117E-09
 58.0    2830.00   .1394159E-09
 58.0    2840.00   .1389393E-09
 58.0    2850.00   .1512092E-09
 58.0    2860.00   .1565147E-09
 58.0    2870.00   .1765399E-09
 58.0    2880.00   .1911145E-09
 58.0    2890.00   .2008407E-09
 58.0    2900.00   .2062692E-09
 58.0    2910.00   .2124810E-09
 58.0    2920.00   .2141856E-09
 58.0    2930.00   .2072162E-09
 58.0    2940.00   .2088040E-09
 58.0    2950.00   .1994623E-09
 58.0    2960.00   .1859270E-09
 58.0    2970.00   .1865008E-09
 58.0    2980.00   .1787772E-09
 58.0    2990.00   .1704116E-09
 58.0    3000.00   .1780389E-09
 58.0    3010.00   .1807112E-09
 58.0    3020.00   .1697690E-09
 58.0    3030.00   .1777345E-09
 58.0    3040.00   .1839342E-09
 58.0    3050.00   .1674924E-09
 58.0    3060.00   .1701791E-09
 58.0    3070.00   .1839938E-09
 58.0    3080.00   .1868816E-09
 58.0    3090.00   .1864889E-09
 58.0    3100.00   .1917769E-09
 58.0    3110.00   .1938028E-09
 58.0    3120.00   .2056278E-09
 58.0    3130.00   .2077389E-09
 58.0    3140.00   .2275571E-09
 58.0    3150.00   .2347986E-09
 58.0    3160.00   .2386559E-09
 58.0    3170.00   .2264197E-09
 58.0    3180.00   .2176031E-09
 58.0    3190.00   .2192339E-09
 58.0    3200.00   .2152162E-09
 58.0    3210.00   .2021759E-09
 58.0    3220.00   .1870747E-09
 58.0    3230.00   .1810660E-09
 58.0    3240.00   .1679847E-09
 58.0    3250.00   .1761097E-09
 58.0    3260.00   .1791879E-09
 58.0    3270.00   .1750898E-09
 58.0    3280.00   .1871405E-09
 58.0    3290.00   .1793568E-09
 58.0    3300.00   .1716427E-09
 58.0    3310.00   .1874347E-09
 58.0    3320.00   .1866935E-09
 58.0    3330.00   .1920150E-09
 58.0    3340.00   .1958399E-09
 58.0    3350.00   .1918288E-09
 58.0    3360.00   .2044421E-09
 58.0    3370.00   .2102637E-09
 58.0    3380.00   .2145823E-09
 58.0    3390.00   .2273932E-09
 58.0    3400.00   .2256646E-09
 58.0    3410.00   .2322146E-09
 58.0    3420.00   .2251599E-09
 58.0    3430.00   .2238332E-09
 58.0    3440.00   .2274181E-09
 58.0    3450.00   .2334782E-09
 58.0    3460.00   .2331902E-09
 58.0    3470.00   .2364499E-09
 58.0    3480.00   .2423013E-09
 58.0    3490.00   .2533496E-09
 58.0    3500.00   .2726470E-09
 58.0    3510.00   .2778301E-09
 58.0    3520.00   .2931713E-09
 58.0    3530.00   .3065687E-09
 58.0    3540.00   .3079015E-09
 58.0    3550.00   .3087017E-09
 58.0    3560.00   .2938281E-09
 58.0    3570.00   .2978083E-09
 58.0    3580.00   .3128043E-09
 58.0    3590.00   .3185761E-09
 58.0    3600.00   .3072082E-09
 58.0    3610.00   .3007090E-09
 58.0    3620.00   .2959326E-09
 58.0    3630.00   .3305865E-09
 58.0    3640.00   .3594687E-09
 58.0    3650.00   .3950565E-09
 58.0    3660.00   .4275304E-09
 58.0    3670.00   .4366491E-09
 58.0    3680.00   .4374298E-09
 58.0    3690.00   .4322666E-09
 58.0    3700.00   .4077215E-09
 58.0    3710.00   .3802823E-09
 58.0    3720.00   .3519856E-09
 58.0    3730.00   .3175785E-09
 58.0    3740.00   .2789705E-09
 58.0    3750.00   .2073107E-09
 58.0    3760.00   .1410246E-09
 58.0    3770.00   .1231471E-09
 58.0    3780.00   .1259625E-09
 58.0    3790.00   .1495311E-09
 58.0    3800.00   .1757651E-09
 58.0    3810.00   .1807784E-09
 58.0    3820.00   .2067766E-09
 58.0    3830.00   .2311773E-09
 58.0    3840.00   .2608082E-09
 58.0    3850.00   .3046453E-09
 58.0    3860.00   .3481810E-09
 58.0    3870.00   .3816531E-09
 58.0    3880.00   .3791349E-09
 58.0    3890.00   .4393235E-09
 58.0    3900.00   .5002560E-09
 58.0    3910.00   .5046510E-09
 58.0    3920.00   .5209363E-09
 58.0    3930.00   .5689460E-09
 58.0    3940.00   .5736452E-09
 58.0    3950.00   .5641696E-09
 58.0    3960.00   .5574575E-09
 58.0    3970.00   .5672846E-09
 58.0    3980.00   .5450637E-09
 58.0    3990.00   .5091833E-09
 58.0    4000.00   .4960768E-09
 58.0    4010.00   .4686448E-09
 58.0    4020.00   .4522302E-09
 58.0    4030.00   .4171044E-09
 58.0    4040.00   .4214709E-09
 58.0    4050.00   .3992948E-09
 58.0    4060.00   .3828538E-09
 58.0    4070.00   .3720713E-09
 58.0    4080.00   .3515617E-09
 58.0    4090.00   .3563802E-09
 58.0    4100.00   .3493664E-09
 58.0    4110.00   .3395304E-09
 58.0    4120.00   .3262289E-09
 58.0    4130.00   .3337796E-09
 58.0    4140.00   .3387716E-09
 58.0    4150.00   .3465253E-09
 58.0    4160.00   .3541306E-09
 58.0    4170.00   .3538354E-09
 58.0    4180.00   .3593835E-09
 58.0    4190.00   .3650562E-09
 58.0    4200.00   .3686340E-09
 58.0    4210.00   .3784888E-09
 58.0    4220.00   .3714005E-09
 58.0    4230.00   .3798406E-09
 58.0    4240.00   .3836641E-09
 58.0    4250.00   .3925764E-09
 58.0    4260.00   .3994145E-09
 58.0    4270.00   .4169839E-09
 58.0    4280.00   .4226337E-09
 58.0    4290.00   .4291038E-09
 58.0    4300.00   .4177973E-09
 58.0    4310.00   .4216111E-09
 58.0    4320.00   .4047724E-09
 58.0    4330.00   .3786296E-09
 58.0    4340.00   .3664731E-09
 58.0    4350.00   .3521596E-09
 58.0    4360.00   .3270584E-09
 58.0    4370.00   .3040814E-09
 58.0    4380.00   .2906693E-09
 58.0    4390.00   .2741603E-09
 58.0    4400.00   .2582234E-09
 58.0    4410.00   .2564576E-09
 58.0    4420.00   .2553302E-09
 58.0    4430.00   .2641033E-09
 58.0    4440.00   .2767479E-09
 58.0    4450.00   .2836172E-09
 58.0    4460.00   .2928089E-09
 58.0    4470.00   .3018025E-09
 58.0    4480.00   .3372316E-09
 58.0    4490.00   .3658973E-09
 58.0    4500.00   .3999743E-09
 58.0    4510.00   .4364500E-09
 58.0    4520.00   .4894528E-09
 58.0    4530.00   .5355872E-09
 58.0    4540.00   .5744619E-09
 58.0    4550.00   .6141079E-09
 58.0    4560.00   .6536970E-09
 58.0    4570.00   .6839909E-09
 58.0    4580.00   .7104215E-09
 58.0    4590.00   .7233585E-09
 58.0    4600.00   .7275562E-09
 58.0    4610.00   .7235443E-09
 58.0    4620.00   .7056479E-09
 58.0    4630.00   .6721507E-09
 58.0    4640.00   .6339090E-09
 58.0    4650.00   .5856690E-09
 58.0    4660.00   .5394131E-09
 58.0    4670.00   .4881172E-09
 58.0    4680.00   .4484752E-09
 58.0    4690.00   .4114457E-09
 58.0    4700.00   .3838651E-09
 58.0    4710.00   .3553074E-09
 58.0    4720.00   .3407528E-09
 58.0    4730.00   .3283059E-09
 58.0    4740.00   .3302844E-09
 58.0    4750.00   .3366077E-09
 58.0    4760.00   .3449595E-09
 58.0    4770.00   .3650247E-09
 58.0    4780.00   .3775752E-09
 58.0    4790.00   .3896518E-09
 58.0    4800.00   .3963015E-09
 58.0    4810.00   .3953615E-09
 58.0    4820.00   .3970449E-09
 58.0    4830.00   .3978828E-09
 58.0    4840.00   .4077841E-09
 58.0    4850.00   .4260103E-09
 58.0    4860.00   .4410133E-09
 58.0    4870.00   .4744364E-09
 58.0    4880.00   .5129752E-09
 58.0    4890.00   .5440807E-09
 58.0    4900.00   .5700617E-09
 58.0    4910.00   .5985401E-09
 58.0    4920.00   .6091999E-09
 58.0    4930.00   .5980931E-09
 58.0    4940.00   .5868222E-09
 58.0    4950.00   .5530816E-09
 58.0    4960.00   .5235516E-09
 58.0    4970.00   .4890365E-09
 58.0    4980.00   .4514511E-09
 58.0    4990.00   .4149583E-09
 58.0    5000.00   .3904914E-09
 58.0    5010.00   .3606312E-09
 58.0    5020.00   .3478961E-09
 58.0    5030.00   .3407687E-09
 58.0    5040.00   .3322586E-09
 58.0    5050.00   .3229848E-09
 58.0    5060.00   .3221301E-09
 58.0    5070.00   .3163184E-09
 58.0    5080.00   .3184129E-09
 58.0    5090.00   .3121099E-09
 58.0    5100.00   .3101935E-09
 58.0    5110.00   .3133146E-09
 58.0    5120.00   .3175389E-09
 58.0    5130.00   .3250875E-09
 58.0    5140.00   .3227856E-09
 58.0    5150.00   .3313525E-09
 58.0    5160.00   .3437801E-09
 58.0    5170.00   .3616970E-09
 58.0    5180.00   .3853121E-09
 58.0    5190.00   .3996975E-09
 58.0    5200.00   .4196694E-09
 58.0    5210.00   .4364240E-09
 58.0    5220.00   .4525048E-09
 58.0    5230.00   .4719888E-09
 58.0    5240.00   .5009109E-09
 58.0    5250.00   .5195675E-09
 58.0    5260.00   .5262141E-09
 58.0    5270.00   .5382558E-09
 58.0    5280.00   .5455829E-09
 58.0    5290.00   .5537862E-09
 58.0    5300.00   .5477039E-09
 58.0    5310.00   .5583178E-09
 58.0    5320.00   .5598434E-09
 58.0    5330.00   .5668354E-09
 58.0    5340.00   .5740961E-09
 58.0    5350.00   .5838810E-09
 58.0    5360.00   .5950188E-09
 58.0    5370.00   .6125141E-09
 58.0    5380.00   .6292848E-09
 58.0    5390.00   .6396760E-09
 58.0    5400.00   .6750674E-09
 58.0    5410.00   .7012164E-09
 58.0    5420.00   .7276829E-09
 58.0    5430.00   .7707696E-09
 58.0    5440.00   .7986515E-09
 58.0    5450.00   .8250220E-09
 58.0    5460.00   .8409320E-09
 58.0    5470.00   .8573814E-09
 58.0    5480.00   .8643988E-09
 58.0    5490.00   .8754310E-09
 58.0    5500.00   .8768280E-09
 58.0    5510.00   .8733713E-09
 58.0    5520.00   .8683446E-09
 58.0    5530.00   .8507583E-09
 58.0    5540.00   .8269765E-09
 58.0    5550.00   .8121417E-09
 58.0    5560.00   .7828787E-09
 58.0    5570.00   .7614754E-09
 58.0    5580.00   .7354461E-09
 58.0    5590.00   .7052837E-09
 58.0    5600.00   .6762193E-09
 58.0    5610.00   .6402302E-09
 58.0    5620.00   .6102722E-09
 58.0    5630.00   .5846014E-09
 58.0    5640.00   .5487861E-09
 58.0    5650.00   .5198109E-09
 58.0    5660.00   .5039998E-09
 58.0    5670.00   .4949912E-09
 58.0    5680.00   .4877438E-09
 58.0    5690.00   .4969411E-09
 58.0    5700.00   .5030643E-09
 58.0    5710.00   .5097194E-09
 58.0    5720.00   .5157295E-09
 58.0    5730.00   .5384881E-09
 58.0    5740.00   .5557568E-09
 58.0    5750.00   .5681372E-09
 58.0    5760.00   .5969310E-09
 58.0    5770.00   .6094804E-09
 58.0    5780.00   .6270346E-09
 58.0    5790.00   .6411857E-09
 58.0    5800.00   .6444419E-09
 58.0    5810.00   .6317430E-09
 58.0    5820.00   .6410048E-09
 58.0    5830.00   .6379003E-09
 58.0    5840.00   .6223306E-09
 58.0    5850.00   .6329298E-09
 58.0    5860.00   .6382319E-09
 58.0    5870.00   .6178375E-09
 58.0    5880.00   .6048193E-09
 58.0    5890.00   .5709079E-09
 58.0    5900.00   .5626990E-09
 58.0    5910.00   .5449143E-09
 58.0    5920.00   .5283711E-09
 58.0    5930.00   .5169116E-09
 58.0    5940.00   .4848791E-09
 58.0    5950.00   .4623990E-09
 58.0    5960.00   .4501607E-09
 58.0    5970.00   .4475922E-09
 58.0    5980.00   .4338905E-09
 58.0    5990.00   .4259056E-09
 58.0    6000.00   .4199416E-09
 58.0    6010.00   .4197298E-09
 58.0    6020.00   .4177041E-09
 58.0    6030.00   .4132479E-09
 58.0    6040.00   .4105330E-09
 58.0    6050.00   .4139216E-09
 58.0    6060.00   .4116982E-09
 58.0    6070.00   .4173741E-09
 58.0    6080.00   .4132437E-09
 58.0    6090.00   .4153331E-09
 58.0    6100.00   .4169810E-09
 58.0    6110.00   .4120252E-09
 58.0    6120.00   .4097683E-09
 58.0    6130.00   .4090668E-09
 58.0    6140.00   .4114178E-09
 58.0    6150.00   .4200009E-09
 58.0    6160.00   .4365733E-09
 58.0    6170.00   .4404410E-09
 58.0    6180.00   .4339537E-09
 58.0    6190.00   .4321890E-09
 58.0    6200.00   .4397248E-09
 58.0    6210.00   .4359703E-09
 58.0    6220.00   .4379136E-09
 58.0    6230.00   .4364431E-09
 58.0    6240.00   .4326561E-09
 58.0    6250.00   .4308079E-09
 58.0    6260.00   .4483751E-09
 58.0    6270.00   .4488421E-09
 58.0    6280.00   .4415048E-09
 58.0    6290.00   .4683592E-09
 58.0    6300.00   .4829084E-09
 58.0    6310.00   .4835772E-09
 58.0    6320.00   .5252198E-09
 58.0    6330.00   .5423398E-09
 58.0    6340.00   .5675108E-09
 58.0    6350.00   .5959010E-09
 58.0    6360.00   .6281208E-09
 58.0    6370.00   .6643007E-09
 58.0    6380.00   .6742246E-09
 58.0    6390.00   .7151053E-09
 58.0    6400.00   .7399553E-09
 58.0    6410.00   .7541989E-09
 58.0    6420.00   .7692332E-09
 58.0    6430.00   .8029002E-09
 58.0    6440.00   .8073241E-09
 58.0    6450.00   .8027881E-09
 58.0    6460.00   .8290013E-09
 58.0    6470.00   .8322788E-09
 58.0    6480.00   .8308397E-09
 58.0    6490.00   .8306723E-09
 58.0    6500.00   .8658178E-09
 58.0    6510.00   .8523722E-09
 58.0    6520.00   .8235512E-09
 58.0    6530.00   .8234488E-09
 58.0    6540.00   .8221138E-09
 58.0    6550.00   .7973211E-09
 58.0    6560.00   .7666740E-09
 58.0    6570.00   .7593179E-09
 58.0    6580.00   .7395021E-09
 58.0    6590.00   .7186575E-09
 58.0    6600.00   .6797792E-09
 58.0    6610.00   .6424595E-09
 58.0    6620.00   .6162573E-09
 58.0    6630.00   .6055684E-09
 58.0    6640.00   .5708959E-09
 58.0    6650.00   .5414122E-09
 58.0    6660.00   .5231840E-09
 58.0    6670.00   .5147464E-09
 58.0    6680.00   .5104491E-09
 58.0    6690.00   .4690434E-09
 58.0    6700.00   .4582437E-09
 58.0    6710.00   .4578197E-09
 58.0    6720.00   .4530130E-09
 58.0    6730.00   .4774497E-09
 58.0    6740.00   .4578775E-09
 58.0    6750.00   .4609466E-09
 58.0    6760.00   .4408892E-09
 58.0    6770.00   .4073235E-09
 58.0    6780.00   .4321571E-09
 58.0    6790.00   .4051094E-09
 58.0    6800.00   .3943938E-09
 58.0    6810.00   .4151720E-09
 58.0    6820.00   .4132177E-09
 58.0    6830.00   .3941790E-09
 58.0    6840.00   .3813185E-09
 58.0    6850.00   .4162948E-09
 58.0    6860.00   .3971744E-09
 58.0    6870.00   .3787912E-09
 58.0    6880.00   .3894183E-09
 58.0    6890.00   .3753067E-09
 58.0    6900.00   .3786024E-09
 58.0    6910.00   .3832947E-09
 58.0    6920.00   .3876076E-09
 58.0    6930.00   .3952576E-09
 58.0    6940.00   .3933631E-09
 58.0    6950.00   .3980581E-09
 58.0    6960.00   .3861937E-09
 58.0    6970.00   .3715212E-09
 58.0    6980.00   .3828207E-09
 58.0    6990.00   .3812105E-09
 58.0    7000.00   .3593270E-09
 58.0    7010.00   .3331911E-09
 58.0    7020.00   .3369134E-09
 58.0    7030.00   .3405771E-09
 58.0    7040.00   .3443386E-09
 58.0    7050.00   .3467017E-09
 58.0    7060.00   .3552662E-09
 58.0    7070.00   .3667580E-09
 58.0    7080.00   .3740053E-09
 58.0    7090.00   .3834578E-09
 58.0    7100.00   .3953664E-09
 58.0    7110.00   .4122205E-09
 58.0    7120.00   .4358791E-09
 58.0    7130.00   .4471918E-09
 58.0    7140.00   .4568808E-09
 58.0    7150.00   .4671735E-09
 58.0    7160.00   .4795897E-09
 58.0    7170.00   .4701613E-09
 58.0    7180.00   .4737996E-09
 58.0    7190.00   .4738986E-09
 58.0    7200.00   .4728079E-09
 58.0    7210.00   .4757577E-09
 58.0    7220.00   .4717041E-09
 58.0    7230.00   .4646056E-09
 58.0    7240.00   .4677997E-09
 58.0    7250.00   .4750055E-09
 58.0    7260.00   .4814384E-09
 58.0    7270.00   .4917366E-09
 58.0    7280.00   .5023450E-09
 58.0    7290.00   .5086282E-09
 58.0    7300.00   .5136559E-09
 58.0    7310.00   .5303627E-09
 58.0    7320.00   .5376531E-09
 58.0    7330.00   .5505702E-09
 58.0    7340.00   .5635931E-09
 58.0    7350.00   .5671970E-09
 58.0    7360.00   .5708224E-09
 58.0    7370.00   .5630415E-09
 58.0    7380.00   .5490100E-09
 58.0    7390.00   .5338111E-09
 58.0    7400.00   .5016004E-09
 58.0    7410.00   .4668427E-09
 58.0    7420.00   .4447454E-09
 58.0    7430.00   .4159830E-09
 58.0    7440.00   .3898062E-09
 58.0    7450.00   .3716268E-09
 58.0    7460.00   .3589290E-09
 58.0    7470.00   .3538995E-09
 58.0    7480.00   .3874923E-09
 58.0    7490.00   .3111861E-09
 58.0    7500.00   .2658134E-09
 58.0    7510.00   .3576240E-09
 58.0    7520.00   .3309944E-09
 58.0    7530.00   .3558443E-09
 58.0    7540.00   .3882645E-09
 58.0    7550.00   .4075839E-09
 58.0    7560.00   .4199686E-09
 58.0    7570.00   .4402013E-09
 58.0    7580.00   .4478350E-09
 58.0    7590.00   .4376628E-09
 58.0    7600.00   .4337830E-09
 58.0    7610.00   .4478204E-09
 58.0    7620.00   .4470392E-09
 58.0    7630.00   .4353463E-09
 58.0    7640.00   .4272676E-09
 58.0    7650.00   .4245086E-09
 58.0    7660.00   .4312791E-09
 58.0    7670.00   .4214483E-09
 58.0    7680.00   .4092783E-09
 58.0    7690.00   .3938524E-09
 58.0    7700.00   .3742359E-09
 58.0    7710.00   .3680588E-09
 58.0    7720.00   .3614168E-09
 58.0    7730.00   .3455837E-09
 58.0    7740.00   .3302476E-09
 58.0    7750.00   .3177412E-09
 58.0    7760.00   .3078940E-09
 58.0    7770.00   .2978323E-09
 58.0    7780.00   .2912398E-09
 58.0    7790.00   .2795446E-09
 58.0    7800.00   .2606483E-09
 58.0    7810.00   .2482284E-09
 58.0    7820.00   .2466003E-09
 58.0    7830.00   .2424319E-09
 58.0    7840.00   .2379745E-09
 58.0    7850.00   .2252498E-09
 58.0    7860.00   .2145499E-09
 58.0    7870.00   .2106019E-09
 58.0    7880.00   .2095430E-09
 58.0    7890.00   .1981129E-09
 58.0    7900.00   .1916889E-09
 58.0    7910.00   .1841513E-09
 58.0    7920.00   .1876364E-09
 58.0    7930.00   .1834379E-09
 58.0    7940.00   .1761842E-09
 58.0    7950.00   .1725016E-09
 58.0    7960.00   .1741855E-09
 58.0    7970.00   .1752019E-09
 58.0    7980.00   .1624393E-09
 58.0    7990.00   .1544501E-09
 58.0    8000.00   .1600700E-09
 58.0    8010.00   .1597076E-09
 58.0    8020.00   .1584119E-09
 58.0    8030.00   .1526399E-09
 58.0    8040.00   .1360320E-09
 58.0    8050.00   .1379713E-09
 58.0    8060.00   .1759544E-09
 58.0    8070.00   .1041756E-09
 58.0    8080.00   .8590962E-10
 58.0    8090.00   .8551192E-10
 58.0    8100.00   .7586330E-10
 58.0    8110.00   .7256231E-10
 58.0    8120.00   .6750811E-10
 58.0    8130.00   .6100516E-10
 58.0    8140.00   .5273990E-10
 58.0    8150.00   .4557679E-10
 58.0    8160.00   .4194699E-10
 58.0    8170.00   .4701172E-10
 58.0    8180.00   .4959139E-10
 58.0    8190.00   .4414781E-10
 58.0    8200.00   .4349815E-10
 58.0    8210.00   .4826490E-10
 58.0    8220.00   .5195508E-10
 58.0    8230.00   .5315499E-10
 58.0    8240.00   .5246172E-10
 58.0    8250.00   .5277684E-10
 58.0    8260.00   .5711125E-10
 58.0    8270.00   .6334305E-10
 58.0    8280.00   .7591773E-10
 58.0    8290.00   .8496087E-10
 58.0    8300.00   .8009348E-10
 58.0    8310.00   .8170560E-10
 58.0    8320.00   .8783223E-10
 58.0    8330.00   .9920284E-10
 58.0    8340.00   .1197369E-09
 58.0    8350.00   .1383991E-09
 58.0    8360.00   .1562472E-09
 58.0    8370.00   .1693688E-09
 58.0    8380.00   .1877929E-09
 58.0    8390.00   .2067176E-09
 58.0    8400.00   .2375478E-09
 58.0    8410.00   .2748951E-09
 58.0    8420.00   .2895967E-09
 58.0    8430.00   .2854932E-09
 58.0    8440.00   .2817755E-09
 58.0    8450.00   .2842394E-09
 58.0    8460.00   .2875504E-09
 58.0    8470.00   .3054898E-09
 58.0    8480.00   .3296355E-09
 58.0    8490.00   .3224140E-09
 58.0    8500.00   .3112674E-09
 58.0    8510.00   .3008297E-09
 58.0    8520.00   .2908696E-09
 58.0    8530.00   .3003652E-09
 58.0    8540.00   .3413284E-09
 58.0    8550.00   .3491800E-09
 58.0    8560.00   .3330175E-09
 58.0    8570.00   .3213641E-09
 58.0    8580.00   .3258760E-09
 58.0    8590.00   .3328582E-09
 58.0    8600.00   .3856424E-09
 58.0    8610.00   .4099870E-09
 58.0    8620.00   .3811976E-09
 58.0    8630.00   .3545679E-09
 58.0    8640.00   .3823092E-09
 58.0    8650.00   .4221129E-09
 58.0    8660.00   .4293891E-09
 58.0    8670.00   .4243484E-09
 58.0    8680.00   .4100441E-09
 58.0    8690.00   .3706231E-09
 58.0    8700.00   .3678366E-09
 58.0    8710.00   .3798360E-09
 58.0    8720.00   .4126809E-09
 58.0    8730.00   .4157226E-09
 58.0    8740.00   .3767944E-09
 58.0    8750.00   .3458683E-09
 58.0    8760.00   .3418911E-09
 58.0    8770.00   .3563549E-09
 58.0    8780.00   .3652373E-09
 58.0    8790.00   .3537770E-09
 58.0    8800.00   .3568234E-09
 58.0    8810.00   .3447119E-09
 58.0    8820.00   .3299595E-09
 58.0    8830.00   .3165534E-09
 58.0    8840.00   .3157206E-09
 58.0    8850.00   .3320225E-09
 58.0    8860.00   .3039128E-09
 58.0    8870.00   .2981400E-09
 58.0    8880.00   .3036903E-09
 58.0    8890.00   .2912081E-09
 58.0    8900.00   .2872562E-09
 58.0    8910.00   .2993813E-09
 58.0    8920.00   .2968436E-09
 58.0    8930.00   .2822068E-09
 58.0    8940.00   .2810028E-09
 58.0    8950.00   .2794673E-09
 58.0    8960.00   .2887865E-09
 58.0    8970.00   .3019854E-09
 58.0    8980.00   .3025814E-09
 58.0    8990.00   .2931371E-09
 58.0    9000.00   .2754352E-09
 58.0    9010.00   .2774979E-09
 58.0    9020.00   .2708708E-09
 58.0    9030.00   .2721650E-09
 58.0    9040.00   .2727376E-09
 58.0    9050.00   .2731427E-09
 58.0    9060.00   .2821494E-09
 58.0    9070.00   .2885121E-09
 58.0    9080.00   .3003712E-09
 58.0    9090.00   .3272122E-09
 58.0    9100.00   .3036264E-09
 58.0    9110.00   .2773794E-09
 58.0    9120.00   .2706691E-09
 58.0    9130.00   .2571265E-09
 58.0    9140.00   .2705032E-09
 58.0    9150.00   .2776894E-09
 58.0    9160.00   .2761883E-09
 58.0    9170.00   .2604740E-09
 58.0    9180.00   .2188810E-09
 58.0    9190.00   .2147936E-09
 58.0    9200.00   .2257888E-09
 58.0    9210.00   .2356029E-09
 58.0    9220.00   .2280283E-09
 58.0    9230.00   .3062099E-09
 58.0    9240.00   .3187070E-09
 58.0    9250.00   .2058241E-09
 58.0    9260.00   .2183454E-09
 58.0    9270.00   .2150456E-09
 58.0    9280.00   .2166342E-09
 58.0    9290.00   .2364393E-09
 58.0    9300.00   .2472455E-09
 58.0    9310.00   .2733447E-09
 58.0    9320.00   .2661276E-09
 58.0    9330.00   .2672498E-09
 58.0    9340.00   .2668179E-09
 58.0    9350.00   .2731242E-09
 58.0    9360.00   .2448243E-09
 58.0    9370.00   .2849963E-09
 58.0    9380.00   .3608755E-09
 58.0    9390.00   .3316055E-09
 58.0    9400.00   .3205584E-09
 58.0    9410.00   .3172234E-09
 58.0    9420.00   .2789528E-09
 58.0    9430.00   .2861881E-09
 58.0    9440.00   .3099694E-09
 58.0    9450.00   .3022551E-09
 58.0    9460.00   .2925099E-09
 58.0    9470.00   .2652074E-09
 58.0    9480.00   .2465164E-09
 58.0    9490.00   .2563266E-09
 58.0    9500.00   .2500658E-09
 58.0    9510.00   .2536053E-09
 58.0    9520.00   .2254947E-09
 58.0    9530.00   .2143592E-09
 58.0    9540.00   .2379158E-09
 58.0    9550.00   .2425585E-09
 58.0    9560.00   .2402728E-09
 58.0    9570.00   .2240989E-09
 58.0    9580.00   .2316827E-09
 58.0    9590.00   .2365922E-09
 58.0    9600.00   .2164315E-09
 58.0    9610.00   .2507422E-09
 58.0    9620.00   .2461241E-09
 58.0    9630.00   .2414514E-09
 58.0    9640.00   .2820479E-09
 58.0    9650.00   .2631853E-09
 58.0    9660.00   .2508340E-09
 58.0    9670.00   .2670095E-09
 58.0    9680.00   .2971096E-09
 58.0    9690.00   .3224075E-09
 58.0    9700.00   .3133047E-09
 58.0    9710.00   .3589160E-09
 58.0    9720.00   .3890068E-09
 58.0    9730.00   .3575165E-09
 58.0    9740.00   .3393484E-09
 58.0    9750.00   .3586748E-09
 58.0    9760.00   .3800339E-09
 58.0    9770.00   .3901946E-09
 58.0    9780.00   .3814554E-09
 58.0    9790.00   .3668118E-09
 58.0    9800.00   .4313068E-09
 58.0    9810.00   .4172163E-09
 58.0    9820.00   .3868598E-09
 58.0    9830.00   .4099519E-09
 58.0    9840.00   .4347375E-09
 58.0    9850.00   .4532389E-09
 58.0    9860.00   .4081635E-09
 58.0    9870.00   .3900801E-09
 58.0    9880.00   .4297293E-09
 58.0    9890.00   .4109535E-09
 58.0    9900.00   .3931560E-09
 58.0    9910.00   .3914285E-09
 58.0    9920.00   .3730331E-09
 58.0    9930.00   .3770845E-09
 58.0    9940.00   .4145250E-09
 58.0    9950.00   .4392637E-09
 58.0    9960.00   .3835089E-09
 58.0    9970.00   .3324171E-09
 58.0    9980.00   .3277567E-09
 58.0    9990.00   .3750057E-09
 58.0   10000.00   .3666048E-09
 58.0   10010.00   .3646108E-09
 58.0   10020.00   .3626103E-09
 58.0   10030.00   .3606020E-09
 58.0   10040.00   .3585872E-09
 58.0   10050.00   .3565652E-09
 58.0   10060.00   .3545363E-09
 58.0   10070.00   .3525007E-09
 58.0   10080.00   .3504574E-09
 58.0   10090.00   .3484079E-09
 58.0   10100.00   .3463506E-09
 58.0   10110.00   .3442862E-09
 58.0   10120.00   .3422156E-09
 58.0   10130.00   .3401372E-09
 58.0   10140.00   .3380521E-09
 58.0   10150.00   .3359600E-09
 58.0   10160.00   .3338609E-09
 58.0   10170.00   .3317547E-09
 58.0   10180.00   .3296414E-09
 58.0   10190.00   .3275211E-09
 58.0   10200.00   .3253938E-09
 58.0   10210.00   .3232595E-09
 58.0   10220.00   .3211181E-09
 58.0   10230.00   .3189695E-09
 58.0   10240.00   .3168144E-09
 58.0   10250.00   .3146520E-09
 58.0   10260.00   .3124823E-09
 58.0   10270.00   .3103054E-09
 58.0   10280.00   .3081222E-09
 58.0   10290.00   .3059319E-09
 58.0   10300.00   .3037343E-09
 58.0   10310.00   .3015297E-09
 58.0   10320.00   .2993185E-09
 58.0   10330.00   .2970996E-09
 58.0   10340.00   .2948743E-09
 58.0   10350.00   .2926418E-09
 58.0   10360.00   .2904024E-09
 58.0   10370.00   .2881562E-09
 58.0   10380.00   .2859027E-09
 58.0   10390.00   .2836425E-09
 58.0   10400.00   .2813750E-09
 58.0   10410.00   .2791008E-09
 58.0   10420.00   .2768199E-09
 58.0   10430.00   .2745317E-09
 58.0   10440.00   .2722368E-09
 58.0   10450.00   .2699349E-09
 58.0   10460.00   .2676260E-09
 58.0   10470.00   .2653105E-09
 58.0   10480.00   .2629881E-09
 58.0   10490.00   .2606586E-09
 58.0   10500.00   .2583224E-09
 58.0   10510.00   .2559793E-09
 58.0   10520.00   .2536297E-09
 58.0   10530.00   .2512732E-09
 58.0   10540.00   .2489099E-09
 58.0   10550.00   .2465399E-09
 58.0   10560.00   .2441632E-09
 58.0   10570.00   .2417793E-09
 58.0   10580.00   .2393892E-09
 58.0   10590.00   .2369924E-09
 58.0   10600.00   .2345888E-09
 58.0   10610.00   .2321785E-09
 58.0   10620.00   .2297615E-09
 58.0   10630.00   .2273381E-09
 58.0   10640.00   .2249079E-09
 58.0   10650.00   .2224712E-09
 58.0   10660.00   .2200282E-09
 58.0   10670.00   .2175781E-09
 58.0   10680.00   .2151217E-09
 58.0   10690.00   .2126588E-09
 58.0   10700.00   .2101895E-09
 58.0   10710.00   .2077132E-09
 58.0   10720.00   .2052309E-09
 58.0   10730.00   .2027421E-09
 58.0   10740.00   .2002468E-09
 58.0   10750.00   .1977450E-09
 58.0   10760.00   .1952372E-09
 58.0   10770.00   .1927224E-09
 58.0   10780.00   .1902015E-09
 58.0   10790.00   .1876742E-09
 58.0   10800.00   .1851406E-09
 58.0   10810.00   .1826006E-09
 58.0   10820.00   .1800546E-09
 58.0   10830.00   .1775024E-09
 58.0   10840.00   .1749435E-09
 58.0   10850.00   .1723785E-09
 58.0   10860.00   .1698073E-09
 58.0   10870.00   .1672300E-09
 58.0   10880.00   .1646463E-09
 58.0   10890.00   .1620567E-09
 58.0   10900.00   .1594609E-09
 58.0   10910.00   .1568589E-09
 58.0   10920.00   .1542509E-09
 58.0   10930.00   .1516366E-09
 58.0   10940.00   .1490164E-09
 58.0   10950.00   .1463901E-09
 58.0   10960.00   .1437577E-09
 58.0   10970.00   .1411195E-09
 58.0   10980.00   .1384751E-09
 58.0   10990.00   .1358249E-09
 58.0   11000.00   .1331687E-09
 58.0   11010.00   .1305066E-09
 58.0   11020.00   .1278385E-09
 58.0   11030.00   .1251646E-09
 58.0   11040.00   .1224848E-09
 58.0   11050.00   .1197993E-09
 58.0   11060.00   .1171078E-09
 58.0   11070.00   .1144105E-09
 58.0   11080.00   .1117075E-09
 58.0   11090.00   .1089988E-09
 58.0   11100.00   .1062844E-09
 58.0   11110.00   .1035640E-09
 58.0   11120.00   .1008382E-09
 58.0   11130.00   .9810669E-10
 58.0   11140.00   .9536940E-10
 58.0   11150.00   .9262661E-10
 58.0   11160.00   .8987821E-10
 58.0   11170.00   .8712430E-10
 58.0   11180.00   .8436464E-10
 58.0   11190.00   .8159958E-10
 58.0   11200.00   .7882902E-10
 58.0   11210.00   .7605294E-10
 58.0   11220.00   .7327144E-10
 58.0   11230.00   .7048446E-10
 58.0   11240.00   .6769202E-10
 58.0   11250.00   .6489430E-10
 58.0   11260.00   .6209112E-10
 58.0   11270.00   .5928265E-10
 58.0   11280.00   .5646881E-10
 58.0   11290.00   .5364966E-10
 58.0   11300.00   .5082531E-10
 58.0   11310.00   .5087039E-10
 58.0   11320.00   .5091533E-10
 58.0   11330.00   .5096013E-10
 58.0   11340.00   .5100478E-10
 58.0   11350.00   .5104928E-10
 58.0   11360.00   .5109362E-10
 58.0   11370.00   .5113784E-10
 58.0   11380.00   .5118186E-10
 58.0   11390.00   .5122580E-10
 58.0   11400.00   .5126949E-10
 58.0   11410.00   .5131309E-10
 58.0   11420.00   .5135656E-10
 58.0   11430.00   .5139985E-10
 58.0   11440.00   .5144296E-10
 58.0   11450.00   .5148594E-10
 58.0   11460.00   .5152878E-10
 58.0   11470.00   .5157149E-10
 58.0   11480.00   .5161401E-10
 58.0   11490.00   .5165636E-10
 58.0   11500.00   .5169861E-10
 58.0   11510.00   .5174068E-10
 58.0   11520.00   .5178259E-10
 58.0   11530.00   .5182434E-10
 58.0   11540.00   .5186596E-10
 58.0   11550.00   .5190739E-10
 58.0   11560.00   .5194867E-10
 58.0   11570.00   .5198978E-10
 58.0   11580.00   .5203073E-10
 58.0   11590.00   .5207157E-10
 58.0   11600.00   .5211218E-10
 58.0   11610.00   .5215269E-10
 58.0   11620.00   .5219302E-10
 58.0   11630.00   .5223315E-10
 58.0   11640.00   .5227311E-10
 58.0   11650.00   .5231303E-10
 58.0   11660.00   .5235267E-10
 58.0   11670.00   .5239214E-10
 58.0   11680.00   .5243154E-10
 58.0   11690.00   .5247071E-10
 58.0   11700.00   .5250968E-10
 58.0   11710.00   .5254859E-10
 58.0   11720.00   .5258728E-10
 58.0   11730.00   .5262581E-10
 58.0   11740.00   .5266409E-10
 58.0   11750.00   .5270235E-10
 58.0   11760.00   .5274036E-10
 58.0   11770.00   .5277818E-10
 58.0   11780.00   .5281588E-10
 58.0   11790.00   .5285340E-10
 58.0   11800.00   .5289074E-10
 58.0   11810.00   .5292792E-10
 58.0   11820.00   .5296491E-10
 58.0   11830.00   .5300176E-10
 58.0   11840.00   .5303842E-10
 58.0   11850.00   .5307493E-10
 58.0   11860.00   .5311123E-10
 58.0   11870.00   .5314738E-10
 58.0   11880.00   .5318336E-10
 58.0   11890.00   .5321917E-10
 58.0   11900.00   .5325479E-10
 58.0   11910.00   .5329023E-10
 58.0   11920.00   .5332552E-10
 58.0   11930.00   .5336061E-10
 58.0   11940.00   .5339557E-10
 58.0   11950.00   .5343028E-10
 58.0   11960.00   .5346485E-10
 58.0   11970.00   .5349927E-10
 58.0   11980.00   .5353348E-10
 58.0   11990.00   .5356750E-10
 58.0   12000.00   .5360136E-10
 58.0   12010.00   .5363504E-10
 58.0   12020.00   .5366852E-10
 58.0   12030.00   .5370185E-10
 58.0   12040.00   .5373501E-10
 58.0   12050.00   .5376798E-10
 58.0   12060.00   .5380077E-10
 58.0   12070.00   .5383336E-10
 58.0   12080.00   .5386576E-10
 58.0   12090.00   .5389797E-10
 58.0   12100.00   .5393003E-10
 58.0   12110.00   .5396190E-10
 58.0   12120.00   .5399357E-10
 58.0   12130.00   .5402510E-10
 58.0   12140.00   .5405634E-10
 58.0   12150.00   .5408753E-10
 58.0   12160.00   .5411846E-10
 58.0   12170.00   .5414921E-10
 58.0   12180.00   .5417975E-10
 58.0   12190.00   .5421020E-10
 58.0   12200.00   .5424038E-10
 58.0   12210.00   .5427039E-10
 58.0   12220.00   .5430019E-10
 58.0   12230.00   .5432979E-10
 58.0   12240.00   .5435924E-10
 58.0   12250.00   .5438848E-10
 58.0   12260.00   .5441757E-10
 58.0   12270.00   .5444639E-10
 58.0   12280.00   .5447508E-10
 58.0   12290.00   .5450359E-10
 58.0   12300.00   .5453189E-10
 58.0   12310.00   .5455995E-10
 58.0   12320.00   .5458788E-10
 58.0   12330.00   .5461562E-10
 58.0   12340.00   .5464310E-10
 58.0   12350.00   .5467045E-10
 58.0   12360.00   .5469758E-10
 58.0   12370.00   .5472453E-10
 58.0   12380.00   .5475124E-10
 58.0   12390.00   .5477780E-10
 58.0   12400.00   .5480412E-10
 58.0   12410.00   .5483030E-10
 58.0   12420.00   .5485624E-10
 58.0   12430.00   .5488202E-10
 58.0   12440.00   .5490757E-10
 58.0   12450.00   .5493293E-10
 58.0   12460.00   .5495808E-10
 58.0   12470.00   .5498304E-10
 58.0   12480.00   .5500779E-10
 58.0   12490.00   .5503239E-10
 58.0   12500.00   .5505677E-10
 58.0   12510.00   .5508392E-10
 58.0   12520.00   .5511093E-10
 58.0   12530.00   .5513772E-10
 58.0   12540.00   .5516421E-10
 58.0   12550.00   .5519057E-10
 58.0   12560.00   .5521666E-10
 58.0   12570.00   .5524267E-10
 58.0   12580.00   .5526839E-10
 58.0   12590.00   .5529390E-10
 58.0   12600.00   .5531924E-10
 58.0   12610.00   .5534436E-10
 58.0   12620.00   .5536928E-10
 58.0   12630.00   .5539394E-10
 58.0   12640.00   .5541839E-10
 58.0   12650.00   .5544269E-10
 58.0   12660.00   .5546669E-10
 58.0   12670.00   .5549057E-10
 58.0   12680.00   .5551417E-10
 58.0   12690.00   .5553761E-10
 58.0   12700.00   .5556082E-10
 58.0   12710.00   .5558382E-10
 58.0   12720.00   .5560659E-10
 58.0   12730.00   .5562917E-10
 58.0   12740.00   .5565149E-10
 58.0   12750.00   .5567360E-10
 58.0   12760.00   .5569556E-10
 58.0   12770.00   .5571730E-10
 58.0   12780.00   .5573877E-10
 58.0   12790.00   .5576006E-10
 58.0   12800.00   .5578111E-10
 58.0   12810.00   .5580195E-10
 58.0   12820.00   .5582252E-10
 58.0   12830.00   .5584295E-10
 58.0   12840.00   .5586317E-10
 58.0   12850.00   .5588313E-10
 58.0   12860.00   .5590285E-10
 58.0   12870.00   .5592240E-10
 58.0   12880.00   .5594173E-10
 58.0   12890.00   .5596075E-10
 58.0   12900.00   .5597970E-10
 58.0   12910.00   .5599831E-10
 58.0   12920.00   .5601684E-10
 58.0   12930.00   .5603510E-10
 58.0   12940.00   .5605311E-10
 58.0   12950.00   .5607094E-10
 58.0   12960.00   .5608859E-10
 58.0   12970.00   .5610598E-10
 58.0   12980.00   .5612321E-10
 58.0   12990.00   .5614019E-10
 58.0   13000.00   .5615701E-10
 58.0   13010.00   .5617359E-10
 58.0   13020.00   .5619002E-10
 58.0   13030.00   .5620617E-10
 58.0   13040.00   .5622217E-10
 58.0   13050.00   .5623798E-10
 58.0   13060.00   .5625358E-10
 58.0   13070.00   .5626900E-10
 58.0   13080.00   .5628422E-10
 58.0   13090.00   .5629919E-10
 58.0   13100.00   .5631404E-10
 58.0   13110.00   .5632875E-10
 58.0   13120.00   .5634318E-10
 58.0   13130.00   .5635740E-10
 58.0   13140.00   .5637148E-10
 58.0   13150.00   .5638533E-10
 58.0   13160.00   .5639904E-10
 58.0   13170.00   .5641262E-10
 58.0   13180.00   .5642591E-10
 58.0   13190.00   .5643907E-10
 58.0   13200.00   .5645205E-10
 58.0   13210.00   .5646486E-10
 58.0   13220.00   .5647742E-10
 58.0   13230.00   .5648990E-10
 58.0   13240.00   .5650213E-10
 58.0   13250.00   .5651418E-10
 58.0   13260.00   .5652613E-10
 58.0   13270.00   .5653783E-10
 58.0   13280.00   .5654941E-10
 58.0   13290.00   .5656080E-10
 58.0   13300.00   .5657204E-10
 58.0   13310.00   .5658309E-10
 58.0   13320.00   .5659393E-10
 58.0   13330.00   .5660469E-10
 58.0   13340.00   .5661522E-10
 58.0   13350.00   .5662564E-10
 58.0   13360.00   .5663590E-10
 58.0   13370.00   .5664595E-10
 58.0   13380.00   .5665581E-10
 58.0   13390.00   .5666558E-10
 58.0   13400.00   .5667521E-10
 58.0   13410.00   .5668461E-10
 58.0   13420.00   .5669390E-10
 58.0   13430.00   .5670300E-10
 58.0   13440.00   .5671202E-10
 58.0   13450.00   .5672080E-10
 58.0   13460.00   .5672950E-10
 58.0   13470.00   .5673800E-10
 58.0   13480.00   .5674637E-10
 58.0   13490.00   .5675459E-10
 58.0   13500.00   .5676266E-10
 58.0   13510.00   .5677063E-10
 58.0   13520.00   .5677845E-10
 58.0   13530.00   .5678604E-10
 58.0   13540.00   .5679358E-10
 58.0   13550.00   .5680091E-10
 58.0   13560.00   .5680816E-10
 58.0   13570.00   .5681526E-10
 58.0   13580.00   .5682217E-10
 58.0   13590.00   .5682903E-10
 58.0   13600.00   .5683569E-10
 58.0   13610.00   .5684221E-10
 58.0   13620.00   .5684868E-10
 58.0   13630.00   .5685495E-10
 58.0   13640.00   .5686113E-10
 58.0   13650.00   .5686716E-10
 58.0   13660.00   .5687307E-10
 58.0   13670.00   .5687883E-10
 58.0   13680.00   .5688449E-10
 58.0   13690.00   .5689000E-10
 58.0   13700.00   .5689545E-10
 58.0   13710.00   .5679158E-10
 58.0   13720.00   .5668746E-10
 58.0   13730.00   .5658328E-10
 58.0   13740.00   .5647900E-10
 58.0   13750.00   .5637452E-10
 58.0   13760.00   .5626996E-10
 58.0   13770.00   .5616524E-10
 58.0   13780.00   .5606035E-10
 58.0   13790.00   .5595544E-10
 58.0   13800.00   .5585031E-10
 58.0   13810.00   .5574513E-10
 58.0   13820.00   .5563979E-10
 58.0   13830.00   .5553433E-10
 58.0   13840.00   .5542873E-10
 58.0   13850.00   .5532306E-10
 58.0   13860.00   .5521723E-10
 58.0   13870.00   .5511136E-10
 58.0   13880.00   .5500533E-10
 58.0   13890.00   .5489921E-10
 58.0   13900.00   .5479296E-10
 58.0   13910.00   .5468660E-10
 58.0   13920.00   .5458015E-10
 58.0   13930.00   .5447362E-10
 58.0   13940.00   .5436697E-10
 58.0   13950.00   .5426022E-10
 58.0   13960.00   .5415335E-10
 58.0   13970.00   .5404642E-10
 58.0   13980.00   .5393942E-10
 58.0   13990.00   .5383230E-10
 58.0   14000.00   .5372509E-10
 58.0   14010.00   .5361774E-10
 58.0   14020.00   .5351041E-10
 58.0   14030.00   .5340291E-10
 58.0   14040.00   .5329537E-10
 58.0   14050.00   .5318775E-10
 58.0   14060.00   .5308003E-10
 58.0   14070.00   .5297225E-10
 58.0   14080.00   .5286438E-10
 58.0   14090.00   .5275645E-10
 58.0   14100.00   .5264842E-10
 58.0   14110.00   .5254033E-10
 58.0   14120.00   .5243218E-10
 58.0   14130.00   .5232396E-10
 58.0   14140.00   .5221564E-10
 58.0   14150.00   .5210729E-10
 58.0   14160.00   .5199883E-10
 58.0   14170.00   .5189040E-10
 58.0   14180.00   .5178185E-10
 58.0   14190.00   .5167322E-10
 58.0   14200.00   .5156457E-10
 58.0   14210.00   .5145585E-10
 58.0   14220.00   .5134704E-10
 58.0   14230.00   .5123823E-10
 58.0   14240.00   .5112934E-10
 58.0   14250.00   .5102040E-10
 58.0   14260.00   .5091140E-10
 58.0   14270.00   .5080240E-10
 58.0   14280.00   .5069329E-10
 58.0   14290.00   .5058416E-10
 58.0   14300.00   .5047498E-10
 58.0   14310.00   .5036580E-10
 58.0   14320.00   .5025657E-10
 58.0   14330.00   .5014726E-10
 58.0   14340.00   .5003794E-10
 58.0   14350.00   .4992856E-10
 58.0   14360.00   .4981918E-10
 58.0   14370.00   .4970974E-10
 58.0   14380.00   .4960027E-10
 58.0   14390.00   .4949076E-10
 58.0   14400.00   .4938121E-10
 58.0   14410.00   .4927165E-10
 58.0   14420.00   .4916207E-10
 58.0   14430.00   .4905247E-10
 58.0   14440.00   .4894280E-10
 58.0   14450.00   .4883316E-10
 58.0   14460.00   .4872350E-10
 58.0   14470.00   .4861377E-10
 58.0   14480.00   .4850404E-10
 58.0   14490.00   .4839427E-10
 58.0   14500.00   .4828450E-10
 58.0   14510.00   .4817474E-10
 58.0   14520.00   .4806494E-10
 58.0   14530.00   .4795510E-10
 58.0   14540.00   .4784530E-10
 58.0   14550.00   .4773545E-10
 58.0   14560.00   .4762564E-10
 58.0   14570.00   .4751577E-10
 58.0   14580.00   .4740593E-10
 58.0   14590.00   .4729602E-10
 58.0   14600.00   .4718613E-10
 58.0   14610.00   .4707631E-10
 58.0   14620.00   .4696636E-10
 58.0   14630.00   .4685649E-10
 58.0   14640.00   .4674659E-10
 58.0   14650.00   .4663670E-10
 58.0   14660.00   .4652680E-10
 58.0   14670.00   .4641693E-10
 58.0   14680.00   .4630704E-10
 58.0   14690.00   .4619714E-10
 58.0   14700.00   .4608726E-10
 58.0   14710.00   .4597738E-10
 58.0   14720.00   .4586749E-10
 58.0   14730.00   .4575765E-10
 58.0   14740.00   .4564778E-10
 58.0   14750.00   .4553795E-10
 58.0   14760.00   .4542812E-10
 58.0   14770.00   .4531828E-10
 58.0   14780.00   .4520849E-10
 58.0   14790.00   .4509867E-10
 58.0   14800.00   .4498890E-10
 58.0   14810.00   .4487912E-10
 58.0   14820.00   .4476938E-10
 58.0   14830.00   .4465965E-10
 58.0   14840.00   .4454993E-10
 58.0   14850.00   .4444024E-10
 58.0   14860.00   .4433054E-10
 58.0   14870.00   .4422088E-10
 58.0   14880.00   .4411122E-10
 58.0   14890.00   .4400162E-10
 58.0   14900.00   .4389200E-10
 58.0   14910.00   .4378238E-10
 58.0   14920.00   .4367280E-10
 58.0   14930.00   .4356327E-10
 58.0   14940.00   .4345370E-10
 58.0   14950.00   .4334422E-10
 58.0   14960.00   .4323466E-10
 58.0   14970.00   .4312519E-10
 58.0   14980.00   .4301572E-10
 58.0   14990.00   .4290626E-10
 58.0   15000.00   .4279686E-10
 58.0   15010.00   .4279683E-10
 58.0   15020.00   .4279685E-10
 58.0   15030.00   .4279689E-10
 58.0   15040.00   .4279696E-10
 58.0   15050.00   .4279704E-10
 58.0   15060.00   .4279711E-10
 58.0   15070.00   .4279723E-10
 58.0   15080.00   .4279736E-10
 58.0   15090.00   .4279752E-10
 58.0   15100.00   .4279768E-10
 58.0   15110.00   .4279788E-10
 58.0   15120.00   .4279809E-10
 58.0   15130.00   .4279833E-10
 58.0   15140.00   .4279857E-10
 58.0   15150.00   .4279884E-10
 58.0   15160.00   .4279913E-10
 58.0   15170.00   .4279944E-10
 58.0   15180.00   .4279975E-10
 58.0   15190.00   .4280008E-10
 58.0   15200.00   .4280046E-10
 58.0   15210.00   .4280088E-10
 58.0   15220.00   .4280129E-10
 58.0   15230.00   .4280169E-10
 58.0   15240.00   .4280217E-10
 58.0   15250.00   .4280264E-10
 58.0   15260.00   .4280316E-10
 58.0   15270.00   .4280364E-10
 58.0   15280.00   .4280417E-10
 58.0   15290.00   .4280475E-10
 58.0   15300.00   .4280532E-10
 58.0   15310.00   .4280594E-10
 58.0   15320.00   .4280655E-10
 58.0   15330.00   .4280717E-10
 58.0   15340.00   .4280785E-10
 58.0   15350.00   .4280859E-10
 58.0   15360.00   .4280927E-10
 58.0   15370.00   .4281001E-10
 58.0   15380.00   .4281079E-10
 58.0   15390.00   .4281156E-10
 58.0   15400.00   .4281238E-10
 58.0   15410.00   .4281321E-10
 58.0   15420.00   .4281408E-10
 58.0   15430.00   .4281493E-10
 58.0   15440.00   .4281582E-10
 58.0   15450.00   .4281675E-10
 58.0   15460.00   .4281770E-10
 58.0   15470.00   .4281868E-10
 58.0   15480.00   .4281968E-10
 58.0   15490.00   .4282070E-10
 58.0   15500.00   .4282177E-10
 58.0   15510.00   .4282285E-10
 58.0   15520.00   .4282394E-10
 58.0   15530.00   .4282508E-10
 58.0   15540.00   .4282623E-10
 58.0   15550.00   .4282737E-10
 58.0   15560.00   .4282860E-10
 58.0   15570.00   .4282981E-10
 58.0   15580.00   .4283108E-10
 58.0   15590.00   .4283237E-10
 58.0   15600.00   .4283365E-10
 58.0   15610.00   .4283499E-10
 58.0   15620.00   .4283635E-10
 58.0   15630.00   .4283775E-10
 58.0   15640.00   .4283914E-10
 58.0   15650.00   .4284061E-10
 58.0   15660.00   .4284208E-10
 58.0   15670.00   .4284356E-10
 58.0   15680.00   .4284508E-10
 58.0   15690.00   .4284663E-10
 58.0   15700.00   .4284821E-10
 58.0   15710.00   .4284981E-10
 58.0   15720.00   .4285144E-10
 58.0   15730.00   .4285311E-10
 58.0   15740.00   .4285480E-10
 58.0   15750.00   .4285650E-10
 58.0   15760.00   .4285827E-10
 58.0   15770.00   .4286002E-10
 58.0   15780.00   .4286181E-10
 58.0   15790.00   .4286367E-10
 58.0   15800.00   .4286552E-10
 58.0   15810.00   .4286742E-10
 58.0   15820.00   .4286933E-10
 58.0   15830.00   .4287129E-10
 58.0   15840.00   .4287326E-10
 58.0   15850.00   .4287530E-10
 58.0   15860.00   .4287733E-10
 58.0   15870.00   .4287940E-10
 58.0   15880.00   .4288148E-10
 58.0   15890.00   .4288362E-10
 58.0   15900.00   .4288580E-10
 58.0   15910.00   .4288799E-10
 58.0   15920.00   .4289020E-10
 58.0   15930.00   .4289245E-10
 58.0   15940.00   .4289475E-10
 58.0   15950.00   .4289706E-10
 58.0   15960.00   .4289941E-10
 58.0   15970.00   .4290177E-10
 58.0   15980.00   .4290421E-10
 58.0   15990.00   .4290666E-10
 58.0   16000.00   .4290911E-10
 58.0   16010.00   .4291165E-10
 58.0   16020.00   .4291417E-10
 58.0   16030.00   .4291676E-10
 58.0   16040.00   .4291935E-10
 58.0   16050.00   .4292199E-10
 58.0   16060.00   .4292464E-10
 58.0   16070.00   .4292737E-10
 58.0   16080.00   .4293011E-10
 58.0   16090.00   .4293287E-10
 58.0   16100.00   .4293568E-10
 58.0   16110.00   .4293853E-10
 58.0   16120.00   .4294138E-10
 58.0   16130.00   .4294429E-10
 58.0   16140.00   .4294724E-10
 58.0   16150.00   .4295017E-10
 58.0   16160.00   .4295322E-10
 58.0   16170.00   .4295626E-10
 58.0   16180.00   .4295933E-10
 58.0   16190.00   .4296246E-10
 58.0   16200.00   .4296561E-10
 58.0   16210.00   .4296877E-10
 58.0   16220.00   .4297200E-10
 58.0   16230.00   .4297524E-10
 58.0   16240.00   .4297854E-10
 58.0   16250.00   .4298186E-10
 58.0   16260.00   .4297018E-10
 58.0   16270.00   .4295852E-10
 58.0   16280.00   .4294692E-10
 58.0   16290.00   .4293539E-10
 58.0   16300.00   .4292392E-10
 58.0   16310.00   .4291253E-10
 58.0   16320.00   .4290117E-10
 58.0   16330.00   .4288992E-10
 58.0   16340.00   .4287870E-10
 58.0   16350.00   .4286754E-10
 58.0   16360.00   .4285646E-10
 58.0   16370.00   .4284548E-10
 58.0   16380.00   .4283454E-10
 58.0   16390.00   .4282362E-10
 58.0   16400.00   .4281277E-10
 58.0   16410.00   .4280202E-10
 58.0   16420.00   .4279132E-10
 58.0   16430.00   .4278069E-10
 58.0   16440.00   .4277008E-10
 58.0   16450.00   .4275957E-10
 58.0   16460.00   .4274913E-10
 58.0   16470.00   .4273874E-10
 58.0   16480.00   .4272841E-10
 58.0   16490.00   .4271817E-10
 58.0   16500.00   .4270797E-10
 58.0   16510.00   .4269785E-10
 58.0   16520.00   .4268780E-10
 58.0   16530.00   .4267778E-10
 58.0   16540.00   .4266783E-10
 58.0   16550.00   .4265797E-10
 58.0   16560.00   .4264817E-10
 58.0   16570.00   .4263842E-10
 58.0   16580.00   .4262872E-10
 58.0   16590.00   .4261913E-10
 58.0   16600.00   .4260953E-10
 58.0   16610.00   .4260005E-10
 58.0   16620.00   .4259066E-10
 58.0   16630.00   .4258129E-10
 58.0   16640.00   .4257196E-10
 58.0   16650.00   .4256276E-10
 58.0   16660.00   .4255358E-10
 58.0   16670.00   .4254449E-10
 58.0   16680.00   .4253543E-10
 58.0   16690.00   .4252646E-10
 58.0   16700.00   .4251757E-10
 58.0   16710.00   .4250872E-10
 58.0   16720.00   .4249993E-10
 58.0   16730.00   .4249120E-10
 58.0   16740.00   .4248259E-10
 58.0   16750.00   .4247397E-10
 58.0   16760.00   .4246548E-10
 58.0   16770.00   .4245703E-10
 58.0   16780.00   .4244860E-10
 58.0   16790.00   .4244028E-10
 58.0   16800.00   .4243203E-10
 58.0   16810.00   .4242385E-10
 58.0   16820.00   .4241570E-10
 58.0   16830.00   .4240766E-10
 58.0   16840.00   .4239963E-10
 58.0   16850.00   .4239170E-10
 58.0   16860.00   .4238383E-10
 58.0   16870.00   .4237603E-10
 58.0   16880.00   .4236826E-10
 58.0   16890.00   .4236058E-10
 58.0   16900.00   .4235295E-10
 58.0   16910.00   .4234538E-10
 58.0   16920.00   .4233790E-10
 58.0   16930.00   .4233046E-10
 58.0   16940.00   .4232306E-10
 58.0   16950.00   .4231575E-10
 58.0   16960.00   .4230847E-10
 58.0   16970.00   .4230128E-10
 58.0   16980.00   .4229417E-10
 58.0   16990.00   .4228705E-10
 58.0   17000.00   .4228006E-10
 58.0   17010.00   .4227309E-10
 58.0   17020.00   .4226616E-10
 58.0   17030.00   .4225933E-10
 58.0   17040.00   .4225252E-10
 58.0   17050.00   .4224581E-10
 58.0   17060.00   .4223915E-10
 58.0   17070.00   .4223249E-10
 58.0   17080.00   .4222594E-10
 58.0   17090.00   .4221940E-10
 58.0   17100.00   .4221298E-10
 58.0   17110.00   .4220657E-10
 58.0   17120.00   .4220025E-10
 58.0   17130.00   .4219393E-10
 58.0   17140.00   .4218772E-10
 58.0   17150.00   .4218153E-10
 58.0   17160.00   .4217539E-10
 58.0   17170.00   .4216930E-10
 58.0   17180.00   .4216329E-10
 58.0   17190.00   .4215729E-10
 58.0   17200.00   .4215139E-10
 58.0   17210.00   .4214552E-10
 58.0   17220.00   .4213970E-10
 58.0   17230.00   .4213393E-10
 58.0   17240.00   .4212825E-10
 58.0   17250.00   .4212256E-10
 58.0   17260.00   .4211696E-10
 58.0   17270.00   .4211139E-10
 58.0   17280.00   .4210587E-10
 58.0   17290.00   .4210038E-10
 58.0   17300.00   .4209498E-10
 58.0   17310.00   .4208961E-10
 58.0   17320.00   .4208426E-10
 58.0   17330.00   .4207905E-10
 58.0   17340.00   .4207378E-10
 58.0   17350.00   .4206861E-10
 58.0   17360.00   .4206346E-10
 58.0   17370.00   .4205838E-10
 58.0   17380.00   .4205335E-10
 58.0   17390.00   .4204837E-10
 58.0   17400.00   .4204338E-10
 58.0   17410.00   .4203846E-10
 58.0   17420.00   .4203363E-10
 58.0   17430.00   .4202880E-10
 58.0   17440.00   .4202403E-10
 58.0   17450.00   .4201930E-10
 58.0   17460.00   .4201463E-10
 58.0   17470.00   .4200999E-10
 58.0   17480.00   .4200541E-10
 58.0   17490.00   .4200083E-10
 58.0   17500.00   .4199630E-10
 58.0   17510.00   .4199186E-10
 58.0   17520.00   .4198741E-10
 58.0   17530.00   .4198301E-10
 58.0   17540.00   .4197870E-10
 58.0   17550.00   .4197434E-10
 58.0   17560.00   .4197009E-10
 58.0   17570.00   .4196589E-10
 58.0   17580.00   .4196168E-10
 58.0   17590.00   .4195752E-10
 58.0   17600.00   .4195342E-10
 58.0   17610.00   .4194934E-10
 58.0   17620.00   .4194530E-10
 58.0   17630.00   .4194133E-10
 58.0   17640.00   .4193737E-10
 58.0   17650.00   .4193346E-10
 58.0   17660.00   .4192955E-10
 58.0   17670.00   .4192571E-10
 58.0   17680.00   .4192193E-10
 58.0   17690.00   .4191812E-10
 58.0   17700.00   .4191437E-10
 58.0   17710.00   .4191067E-10
 58.0   17720.00   .4190700E-10
 58.0   17730.00   .4190336E-10
 58.0   17740.00   .4189977E-10
 58.0   17750.00   .4189622E-10
 58.0   17760.00   .4189267E-10
 58.0   17770.00   .4188918E-10
 58.0   17780.00   .4188571E-10
 58.0   17790.00   .4188225E-10
 58.0   17800.00   .4187887E-10
 58.0   17810.00   .4187549E-10
 58.0   17820.00   .4187217E-10
 58.0   17830.00   .4186882E-10
 58.0   17840.00   .4186558E-10
 58.0   17850.00   .4186236E-10
 58.0   17860.00   .4185913E-10
 58.0   17870.00   .4185596E-10
 58.0   17880.00   .4185281E-10
 58.0   17890.00   .4184967E-10
 58.0   17900.00   .4184657E-10
 58.0   17910.00   .4184354E-10
 58.0   17920.00   .4184047E-10
 58.0   17930.00   .4183747E-10
 58.0   17940.00   .4183447E-10
 58.0   17950.00   .4183153E-10
 58.0   17960.00   .4182860E-10
 58.0   17970.00   .4182569E-10
 58.0   17980.00   .4182282E-10
 58.0   17990.00   .4181995E-10
 58.0   18000.00   .4181715E-10
 58.0   18010.00   .4167721E-10
 58.0   18020.00   .4153730E-10
 58.0   18030.00   .4139744E-10
 58.0   18040.00   .4125760E-10
 58.0   18050.00   .4111782E-10
 58.0   18060.00   .4097808E-10
 58.0   18070.00   .4083834E-10
 58.0   18080.00   .4069869E-10
 58.0   18090.00   .4055906E-10
 58.0   18100.00   .4041949E-10
 58.0   18110.00   .4027994E-10
 58.0   18120.00   .4014042E-10
 58.0   18130.00   .4000094E-10
 58.0   18140.00   .3986152E-10
 58.0   18150.00   .3972214E-10
 58.0   18160.00   .3958275E-10
 58.0   18170.00   .3944342E-10
 58.0   18180.00   .3930415E-10
 58.0   18190.00   .3916488E-10
 58.0   18200.00   .3902567E-10
 58.0   18210.00   .3888645E-10
 58.0   18220.00   .3874733E-10
 58.0   18230.00   .3860819E-10
 58.0   18240.00   .3846909E-10
 58.0   18250.00   .3833001E-10
 58.0   18260.00   .3819102E-10
 58.0   18270.00   .3805203E-10
 58.0   18280.00   .3791305E-10
 58.0   18290.00   .3777412E-10
 58.0   18300.00   .3763520E-10
 58.0   18310.00   .3749632E-10
 58.0   18320.00   .3735746E-10
 58.0   18330.00   .3721865E-10
 58.0   18340.00   .3707986E-10
 58.0   18350.00   .3694107E-10
 58.0   18360.00   .3680233E-10
 58.0   18370.00   .3666363E-10
 58.0   18380.00   .3652493E-10
 58.0   18390.00   .3638628E-10
 58.0   18400.00   .3624766E-10
 58.0   18410.00   .3610902E-10
 58.0   18420.00   .3597044E-10
 58.0   18430.00   .3583186E-10
 58.0   18440.00   .3569335E-10
 58.0   18450.00   .3555483E-10
 58.0   18460.00   .3541631E-10
 58.0   18470.00   .3527786E-10
 58.0   18480.00   .3513940E-10
 58.0   18490.00   .3500097E-10
 58.0   18500.00   .3486257E-10
 58.0   18510.00   .3472417E-10
 58.0   18520.00   .3458581E-10
 58.0   18530.00   .3444747E-10
 58.0   18540.00   .3430913E-10
 58.0   18550.00   .3417083E-10
 58.0   18560.00   .3403255E-10
 58.0   18570.00   .3389428E-10
 58.0   18580.00   .3375603E-10
 58.0   18590.00   .3361778E-10
 58.0   18600.00   .3347958E-10
 58.0   18610.00   .3334137E-10
 58.0   18620.00   .3320319E-10
 58.0   18630.00   .3306503E-10
 58.0   18640.00   .3292689E-10
 58.0   18650.00   .3278877E-10
 58.0   18660.00   .3265065E-10
 58.0   18670.00   .3251255E-10
 58.0   18680.00   .3237446E-10
 58.0   18690.00   .3223642E-10
 58.0   18700.00   .3209836E-10
 58.0   18710.00   .3196031E-10
 58.0   18720.00   .3182229E-10
 58.0   18730.00   .3168428E-10
 58.0   18740.00   .3154627E-10
 58.0   18750.00   .3140833E-10
 58.0   18760.00   .3127032E-10
 58.0   18770.00   .3113237E-10
 58.0   18780.00   .3099444E-10
 58.0   18790.00   .3085652E-10
 58.0   18800.00   .3071857E-10
 58.0   18810.00   .3058069E-10
 58.0   18820.00   .3044279E-10
 58.0   18830.00   .3030490E-10
 58.0   18840.00   .3016703E-10
 58.0   18850.00   .3002915E-10
 58.0   18860.00   .2989133E-10
 58.0   18870.00   .2975350E-10
 58.0   18880.00   .2961565E-10
 58.0   18890.00   .2947783E-10
 58.0   18900.00   .2934002E-10
 58.0   18910.00   .2920220E-10
 58.0   18920.00   .2906442E-10
 58.0   18930.00   .2892665E-10
 58.0   18940.00   .2878888E-10
 58.0   18950.00   .2865111E-10
 58.0   18960.00   .2851336E-10
 58.0   18970.00   .2837563E-10
 58.0   18980.00   .2823788E-10
 58.0   18990.00   .2810014E-10
 58.0   19000.00   .2796245E-10
 58.0   19010.00   .2782474E-10
 58.0   19020.00   .2768701E-10
 58.0   19030.00   .2754935E-10
 58.0   19040.00   .2741165E-10
 58.0   19050.00   .2727396E-10
 58.0   19060.00   .2713629E-10
 58.0   19070.00   .2699862E-10
 58.0   19080.00   .2686098E-10
 58.0   19090.00   .2672332E-10
 58.0   19100.00   .2658568E-10
 58.0   19110.00   .2644804E-10
 58.0   19120.00   .2631042E-10
 58.0   19130.00   .2617280E-10
 58.0   19140.00   .2603517E-10
 58.0   19150.00   .2589756E-10
 58.0   19160.00   .2575995E-10
 58.0   19170.00   .2562235E-10
 58.0   19180.00   .2548477E-10
 58.0   19190.00   .2534719E-10
 58.0   19200.00   .2520960E-10
 58.0   19210.00   .2507204E-10
 58.0   19220.00   .2493445E-10
 58.0   19230.00   .2479689E-10
 58.0   19240.00   .2465934E-10
 58.0   19250.00   .2452178E-10
 58.0   19260.00   .2438424E-10
 58.0   19270.00   .2424669E-10
 58.0   19280.00   .2410915E-10
 58.0   19290.00   .2397163E-10
 58.0   19300.00   .2383411E-10
 58.0   19310.00   .2369660E-10
 58.0   19320.00   .2355907E-10
 58.0   19330.00   .2342154E-10
 58.0   19340.00   .2328407E-10
 58.0   19350.00   .2314656E-10
 58.0   19360.00   .2300907E-10
 58.0   19370.00   .2287159E-10
 58.0   19380.00   .2273410E-10
 58.0   19390.00   .2259660E-10
 58.0   19400.00   .2245917E-10
 58.0   19410.00   .2232168E-10
 58.0   19420.00   .2218422E-10
 58.0   19430.00   .2204678E-10
 58.0   19440.00   .2190931E-10
 58.0   19450.00   .2177187E-10
 58.0   19460.00   .2163442E-10
 58.0   19470.00   .2149701E-10
 58.0   19480.00   .2135957E-10
 58.0   19490.00   .2122216E-10
 58.0   19500.00   .2108473E-10
 58.0   19510.00   .2094731E-10
 58.0   19520.00   .2080990E-10
 58.0   19530.00   .2067251E-10
 58.0   19540.00   .2053511E-10
 58.0   19550.00   .2039772E-10
 58.0   19560.00   .2026034E-10
 58.0   19570.00   .2012295E-10
 58.0   19580.00   .1998559E-10
 58.0   19590.00   .1984823E-10
 58.0   19600.00   .1971085E-10
 58.0   19610.00   .1957351E-10
 58.0   19620.00   .1943614E-10
 58.0   19630.00   .1929882E-10
 58.0   19640.00   .1916148E-10
 58.0   19650.00   .1902416E-10
 58.0   19660.00   .1888685E-10
 58.0   19670.00   .1874954E-10
 58.0   19680.00   .1861225E-10
 58.0   19690.00   .1847495E-10
 58.0   19700.00   .1833766E-10
 58.0   19710.00   .1820039E-10
 58.0   19720.00   .1806314E-10
 58.0   19730.00   .1792589E-10
 58.0   19740.00   .1778865E-10
 58.0   19750.00   .1765143E-10
 58.0   19760.00   .1751420E-10
 58.0   19770.00   .1737700E-10
 58.0   19780.00   .1723981E-10
 58.0   19790.00   .1710262E-10
 58.0   19800.00   .1696545E-10
 58.0   19810.00   .1682830E-10
 58.0   19820.00   .1669114E-10
 58.0   19830.00   .1655402E-10
 58.0   19840.00   .1641689E-10
 58.0   19850.00   .1627979E-10
 58.0   19860.00   .1614269E-10
 58.0   19870.00   .1600563E-10
 58.0   19880.00   .1586858E-10
 58.0   19890.00   .1573153E-10
 58.0   19900.00   .1559449E-10
 58.0   19910.00   .1545748E-10
 58.0   19920.00   .1532047E-10
 58.0   19930.00   .1518349E-10
 58.0   19940.00   .1504652E-10
 58.0   19950.00   .1490957E-10
 58.0   19960.00   .1477264E-10
 58.0   19970.00   .1463571E-10
 58.0   19980.00   .1449881E-10
 58.0   19990.00   .1436192E-10
 58.0   20000.00   .1422506E-10
 58.0   20010.00   .1408821E-10
 58.0   20020.00   .1395138E-10
 58.0   20030.00   .1381457E-10
 58.0   20040.00   .1367777E-10
 58.0   20050.00   .1354100E-10
 58.0   20060.00   .1340423E-10
 58.0   20070.00   .1326748E-10
 58.0   20080.00   .1313077E-10
 58.0   20090.00   .1299407E-10
 58.0   20100.00   .1285739E-10
 58.0   20110.00   .1285627E-10
 58.0   20120.00   .1285516E-10
 58.0   20130.00   .1285404E-10
 58.0   20140.00   .1285291E-10
 58.0   20150.00   .1285178E-10
 58.0   20160.00   .1285066E-10
 58.0   20170.00   .1284952E-10
 58.0   20180.00   .1284839E-10
 58.0   20190.00   .1284725E-10
 58.0   20200.00   .1284611E-10
 58.0   20210.00   .1284496E-10
 58.0   20220.00   .1284383E-10
 58.0   20230.00   .1284266E-10
 58.0   20240.00   .1284149E-10
 58.0   20250.00   .1284035E-10
 58.0   20260.00   .1283918E-10
 58.0   20270.00   .1283802E-10
 58.0   20280.00   .1283686E-10
 58.0   20290.00   .1283569E-10
 58.0   20300.00   .1283453E-10
 58.0   20310.00   .1283334E-10
 58.0   20320.00   .1283219E-10
 58.0   20330.00   .1283100E-10
 58.0   20340.00   .1282980E-10
 58.0   20350.00   .1282862E-10
 58.0   20360.00   .1282744E-10
 58.0   20370.00   .1282627E-10
 58.0   20380.00   .1282507E-10
 58.0   20390.00   .1282389E-10
 58.0   20400.00   .1282268E-10
 58.0   20410.00   .1282150E-10
 58.0   20420.00   .1282029E-10
 58.0   20430.00   .1281910E-10
 58.0   20440.00   .1281790E-10
 58.0   20450.00   .1281670E-10
 58.0   20460.00   .1281549E-10
 58.0   20470.00   .1281429E-10
 58.0   20480.00   .1281309E-10
 58.0   20490.00   .1281188E-10
 58.0   20500.00   .1281068E-10
 58.0   20510.00   .1280946E-10
 58.0   20520.00   .1280827E-10
 58.0   20530.00   .1280705E-10
 58.0   20540.00   .1280585E-10
 58.0   20550.00   .1280462E-10
 58.0   20560.00   .1280343E-10
 58.0   20570.00   .1280220E-10
 58.0   20580.00   .1280099E-10
 58.0   20590.00   .1279978E-10
 58.0   20600.00   .1279856E-10
 58.0   20610.00   .1279735E-10
 58.0   20620.00   .1279614E-10
 58.0   20630.00   .1279492E-10
 58.0   20640.00   .1279370E-10
 58.0   20650.00   .1279248E-10
 58.0   20660.00   .1279126E-10
 58.0   20670.00   .1279004E-10
 58.0   20680.00   .1278885E-10
 58.0   20690.00   .1278762E-10
 58.0   20700.00   .1278642E-10
 58.0   20710.00   .1278520E-10
 58.0   20720.00   .1278398E-10
 58.0   20730.00   .1278277E-10
 58.0   20740.00   .1278155E-10
 58.0   20750.00   .1278033E-10
 58.0   20760.00   .1277912E-10
 58.0   20770.00   .1277791E-10
 58.0   20780.00   .1277670E-10
 58.0   20790.00   .1277550E-10
 58.0   20800.00   .1277427E-10
 58.0   20810.00   .1277308E-10
 58.0   20820.00   .1277187E-10
 58.0   20830.00   .1277066E-10
 58.0   20840.00   .1276946E-10
 58.0   20850.00   .1276825E-10
 58.0   20860.00   .1276706E-10
 58.0   20870.00   .1276585E-10
 58.0   20880.00   .1276465E-10
 58.0   20890.00   .1276346E-10
 58.0   20900.00   .1276226E-10
 58.0   20910.00   .1276106E-10
 58.0   20920.00   .1275988E-10
 58.0   20930.00   .1275867E-10
 58.0   20940.00   .1275750E-10
 58.0   20950.00   .1275631E-10
 58.0   20960.00   .1275512E-10
 58.0   20970.00   .1275393E-10
 58.0   20980.00   .1275276E-10
 58.0   20990.00   .1275156E-10
 58.0   21000.00   .1275040E-10
 58.0   21010.00   .1274922E-10
 58.0   21020.00   .1274806E-10
 58.0   21030.00   .1274688E-10
 58.0   21040.00   .1274572E-10
 58.0   21050.00   .1274455E-10
 58.0   21060.00   .1274340E-10
 58.0   21070.00   .1274223E-10
 58.0   21080.00   .1274108E-10
 58.0   21090.00   .1273992E-10
 58.0   21100.00   .1273878E-10
 58.0   21110.00   .1273763E-10
 58.0   21120.00   .1273648E-10
 58.0   21130.00   .1273535E-10
 58.0   21140.00   .1273421E-10
 58.0   21150.00   .1273307E-10
 58.0   21160.00   .1273194E-10
 58.0   21170.00   .1273082E-10
 58.0   21180.00   .1272967E-10
 58.0   21190.00   .1272857E-10
 58.0   21200.00   .1272745E-10
 58.0   21210.00   .1272633E-10
 58.0   21220.00   .1272521E-10
 58.0   21230.00   .1272413E-10
 58.0   21240.00   .1272303E-10
 58.0   21250.00   .1272190E-10
 58.0   21260.00   .1272081E-10
 58.0   21270.00   .1271972E-10
 58.0   21280.00   .1271864E-10
 58.0   21290.00   .1271756E-10
 58.0   21300.00   .1271648E-10
 58.0   21310.00   .1271540E-10
 58.0   21320.00   .1271435E-10
 58.0   21330.00   .1271328E-10
 58.0   21340.00   .1271221E-10
 58.0   21350.00   .1271116E-10
 58.0   21360.00   .1271010E-10
 58.0   21370.00   .1270906E-10
 58.0   21380.00   .1270802E-10
 58.0   21390.00   .1270699E-10
 58.0   21400.00   .1270595E-10
 58.0   21410.00   .1270491E-10
 58.0   21420.00   .1270392E-10
 58.0   21430.00   .1270289E-10
 58.0   21440.00   .1270188E-10
 58.0   21450.00   .1270087E-10
 58.0   21460.00   .1269987E-10
 58.0   21470.00   .1269887E-10
 58.0   21480.00   .1269788E-10
 58.0   21490.00   .1269689E-10
 58.0   21500.00   .1269592E-10
 58.0   21510.00   .1269496E-10
 58.0   21520.00   .1269399E-10
 58.0   21530.00   .1269301E-10
 58.0   21540.00   .1269205E-10
 58.0   21550.00   .1269111E-10
 58.0   21560.00   .1269019E-10
 58.0   21570.00   .1268924E-10
 58.0   21580.00   .1268829E-10
 58.0   21590.00   .1268738E-10
 58.0   21600.00   .1268647E-10
 58.0   21610.00   .1268554E-10
 58.0   21620.00   .1268463E-10
 58.0   21630.00   .1268374E-10
 58.0   21640.00   .1268284E-10
 58.0   21650.00   .1268196E-10
 58.0   21660.00   .1268107E-10
 58.0   21670.00   .1268020E-10
 58.0   21680.00   .1267934E-10
 58.0   21690.00   .1267848E-10
 58.0   21700.00   .1267764E-10
 58.0   21710.00   .1267679E-10
 58.0   21720.00   .1267595E-10
 58.0   21730.00   .1267511E-10
 58.0   21740.00   .1267429E-10
 58.0   21750.00   .1267345E-10
 58.0   21760.00   .1267265E-10
 58.0   21770.00   .1267186E-10
 58.0   21780.00   .1267105E-10
 58.0   21790.00   .1267027E-10
 58.0   21800.00   .1266949E-10
 58.0   21810.00   .1266871E-10
 58.0   21820.00   .1266796E-10
 58.0   21830.00   .1266720E-10
 58.0   21840.00   .1266644E-10
 58.0   21850.00   .1266571E-10
 58.0   21860.00   .1266497E-10
 58.0   21870.00   .1266425E-10
 58.0   21880.00   .1266354E-10
 58.0   21890.00   .1266283E-10
 58.0   21900.00   .1266213E-10
 58.0   21910.00   .1266144E-10
 58.0   21920.00   .1266075E-10
 58.0   21930.00   .1266007E-10
 58.0   21940.00   .1265940E-10
 58.0   21950.00   .1265875E-10
 58.0   21960.00   .1265810E-10
 58.0   21970.00   .1265747E-10
 58.0   21980.00   .1265683E-10
 58.0   21990.00   .1265621E-10
 58.0   22000.00   .1265559E-10
 58.0   22010.00   .1265499E-10
 58.0   22020.00   .1265439E-10
 58.0   22030.00   .1265378E-10
 58.0   22040.00   .1265321E-10
 58.0   22050.00   .1265264E-10
 58.0   22060.00   .1265208E-10
 58.0   22070.00   .1265153E-10
 58.0   22080.00   .1265100E-10
 58.0   22090.00   .1265047E-10
 58.0   22100.00   .1264995E-10
 58.0   22110.00   .1264944E-10
 58.0   22120.00   .1264893E-10
 58.0   22130.00   .1264845E-10
 58.0   22140.00   .1264796E-10
 58.0   22150.00   .1264748E-10
 58.0   22160.00   .1264702E-10
 58.0   22170.00   .1264658E-10
 58.0   22180.00   .1264613E-10
 58.0   22190.00   .1264569E-10
 58.0   22200.00   .1264528E-10
 58.0   22210.00   .1264488E-10
 58.0   22220.00   .1264445E-10
 58.0   22230.00   .1264407E-10
 58.0   22240.00   .1264370E-10
 58.0   22250.00   .1264332E-10
 58.0   22260.00   .1264297E-10
 58.0   22270.00   .1264261E-10
 58.0   22280.00   .1264229E-10
 58.0   22290.00   .1264195E-10
 58.0   22300.00   .1264162E-10
 58.0   22310.00   .1264131E-10
 58.0   22320.00   .1264104E-10
 58.0   22330.00   .1264076E-10
 58.0   22340.00   .1264049E-10
 58.0   22350.00   .1264022E-10
 58.0   22360.00   .1263997E-10
 58.0   22370.00   .1263976E-10
 58.0   22380.00   .1263951E-10
 58.0   22390.00   .1263931E-10
 58.0   22400.00   .1263908E-10
 58.0   22410.00   .1263890E-10
 58.0   22420.00   .1263871E-10
 58.0   22430.00   .1263856E-10
 58.0   22440.00   .1263839E-10
 58.0   22450.00   .1263824E-10
 58.0   22460.00   .1263810E-10
 58.0   22470.00   .1263799E-10
 58.0   22480.00   .1263788E-10
 58.0   22490.00   .1263778E-10
 58.0   22500.00   .1263767E-10
 58.0   22510.00   .1263760E-10
 58.0   22520.00   .1263752E-10
 58.0   22530.00   .1263747E-10
 58.0   22540.00   .1263743E-10
 58.0   22550.00   .1263737E-10
 58.0   22560.00   .1263735E-10
 58.0   22570.00   .1263733E-10
 58.0   22580.00   .1263732E-10
 58.0   22590.00   .1263732E-10
 58.0   22600.00   .1263734E-10
 58.0   22610.00   .1263737E-10
 58.0   22620.00   .1263741E-10
 58.0   22630.00   .1263745E-10
 58.0   22640.00   .1263751E-10
 58.0   22650.00   .1263757E-10
 58.0   22660.00   .1263766E-10
 58.0   22670.00   .1263774E-10
 58.0   22680.00   .1263785E-10
 58.0   22690.00   .1263794E-10
 58.0   22700.00   .1263806E-10
 58.0   22710.00   .1263819E-10
 58.0   22720.00   .1263832E-10
 58.0   22730.00   .1263847E-10
 58.0   22740.00   .1263863E-10
 58.0   22750.00   .1263881E-10
 58.0   22760.00   .1263898E-10
 58.0   22770.00   .1263917E-10
 58.0   22780.00   .1263936E-10
 58.0   22790.00   .1263958E-10
 58.0   22800.00   .1263979E-10
 58.0   22810.00   .1264000E-10
 58.0   22820.00   .1264025E-10
 58.0   22830.00   .1264049E-10
 58.0   22840.00   .1264074E-10
 58.0   22850.00   .1264101E-10
 58.0   22860.00   .1264128E-10
 58.0   22870.00   .1264158E-10
 58.0   22880.00   .1264186E-10
 58.0   22890.00   .1264217E-10
 58.0   22900.00   .1264247E-10
 58.0   22910.00   .1264279E-10
 58.0   22920.00   .1264313E-10
 58.0   22930.00   .1264346E-10
 58.0   22940.00   .1264380E-10
 58.0   22950.00   .1264417E-10
 58.0   22960.00   .1264452E-10
 58.0   22970.00   .1264489E-10
 58.0   22980.00   .1264528E-10
 58.0   22990.00   .1264567E-10
 58.0   23000.00   .1264608E-10
 58.0   23010.00   .1264648E-10
 58.0   23020.00   .1264691E-10
 58.0   23030.00   .1264732E-10
 58.0   23040.00   .1264778E-10
 58.0   23050.00   .1264821E-10
 58.0   23060.00   .1264867E-10
 58.0   23070.00   .1264912E-10
 58.0   23080.00   .1264960E-10
 58.0   23090.00   .1265008E-10
 58.0   23100.00   .1265056E-10
 58.0   23110.00   .1265105E-10
 58.0   23120.00   .1265155E-10
 58.0   23130.00   .1265208E-10
 58.0   23140.00   .1265258E-10
 58.0   23150.00   .1265313E-10
 58.0   23160.00   .1265367E-10
 58.0   23170.00   .1265420E-10
 58.0   23180.00   .1265475E-10
 58.0   23190.00   .1265531E-10
 58.0   23200.00   .1265588E-10
 58.0   23210.00   .1265646E-10
 58.0   23220.00   .1265703E-10
 58.0   23230.00   .1265763E-10
 58.0   23240.00   .1265824E-10
 58.0   23250.00   .1265884E-10
 58.0   23260.00   .1265945E-10
 58.0   23270.00   .1266007E-10
 58.0   23280.00   .1266070E-10
 58.0   23290.00   .1266134E-10
 58.0   23300.00   .1266200E-10
 58.0   23310.00   .1266264E-10
 58.0   23320.00   .1266330E-10
 58.0   23330.00   .1266396E-10
 58.0   23340.00   .1266464E-10
 58.0   23350.00   .1266534E-10
 58.0   23360.00   .1266602E-10
 58.0   23370.00   .1266671E-10
 58.0   23380.00   .1266742E-10
 58.0   23390.00   .1266815E-10
 58.0   23400.00   .1266886E-10
 58.0   23410.00   .1266958E-10
 58.0   23420.00   .1267031E-10
 58.0   23430.00   .1267105E-10
 58.0   23440.00   .1267180E-10
 58.0   23450.00   .1267255E-10
 58.0   23460.00   .1267330E-10
 58.0   23470.00   .1267410E-10
 58.0   23480.00   .1267486E-10
 58.0   23490.00   .1267565E-10
 58.0   23500.00   .1267644E-10
 58.0   23510.00   .1267723E-10
 58.0   23520.00   .1267803E-10
 58.0   23530.00   .1267885E-10
 58.0   23540.00   .1267967E-10
 58.0   23550.00   .1268047E-10
 58.0   23560.00   .1268131E-10
 58.0   23570.00   .1268214E-10
 58.0   23580.00   .1268299E-10
 58.0   23590.00   .1268383E-10
 58.0   23600.00   .1268468E-10
 58.0   23610.00   .1268554E-10
 58.0   23620.00   .1268640E-10
 58.0   23630.00   .1268728E-10
 58.0   23640.00   .1268816E-10
 58.0   23650.00   .1268904E-10
 58.0   23660.00   .1268995E-10
 58.0   23670.00   .1269082E-10
 58.0   23680.00   .1269173E-10
 58.0   23690.00   .1269264E-10
 58.0   23700.00   .1269354E-10
 58.0   23710.00   .1269448E-10
 58.0   23720.00   .1269541E-10
 58.0   23730.00   .1269634E-10
 58.0   23740.00   .1269729E-10
 58.0   23750.00   .1269820E-10
 58.0   23760.00   .1269917E-10
 58.0   23770.00   .1270013E-10
 58.0   23780.00   .1270107E-10
 58.0   23790.00   .1270206E-10
 58.0   23800.00   .1270303E-10
 58.0   23810.00   .1270400E-10
 58.0   23820.00   .1270497E-10
 58.0   23830.00   .1270597E-10
 58.0   23840.00   .1270696E-10
 58.0   23850.00   .1270796E-10
 58.0   23860.00   .1270895E-10
 58.0   23870.00   .1270996E-10
 58.0   23880.00   .1271099E-10
 58.0   23890.00   .1271200E-10
 58.0   23900.00   .1271303E-10
 58.0   23910.00   .1271404E-10
 58.0   23920.00   .1271507E-10
 58.0   23930.00   .1271612E-10
 58.0   23940.00   .1271716E-10
 58.0   23950.00   .1271823E-10
 58.0   23960.00   .1271928E-10
 58.0   23970.00   .1272034E-10
 58.0   23980.00   .1272139E-10
 58.0   23990.00   .1272246E-10
 58.0   24000.00   .1272353E-10
 58.0   24010.00   .1272461E-10
 58.0   24020.00   .1272569E-10
 58.0   24030.00   .1272678E-10
 58.0   24040.00   .1272787E-10
 58.0   24050.00   .1272897E-10
 58.0   24060.00   .1273006E-10
 58.0   24070.00   .1273115E-10
 58.0   24080.00   .1273228E-10
 58.0   24090.00   .1273339E-10
 58.0   24100.00   .1273451E-10
 58.0   24110.00   .1273563E-10
 58.0   24120.00   .1273674E-10
 58.0   24130.00   .1273788E-10
 58.0   24140.00   .1273902E-10
 58.0   24150.00   .1274016E-10
 58.0   24160.00   .1274129E-10
 58.0   24170.00   .1274242E-10
 58.0   24180.00   .1274359E-10
 58.0   24190.00   .1274474E-10
 58.0   24200.00   .1274588E-10
 58.0   24210.00   .1274706E-10
 58.0   24220.00   .1274821E-10
 58.0   24230.00   .1274938E-10
 58.0   24240.00   .1275053E-10
 58.0   24250.00   .1275173E-10
 58.0   24260.00   .1275291E-10
 58.0   24270.00   .1275410E-10
 58.0   24280.00   .1275527E-10
 58.0   24290.00   .1275646E-10
 58.0   24300.00   .1275767E-10
 58.0   24310.00   .1275885E-10
 58.0   24320.00   .1276005E-10
 58.0   24330.00   .1276125E-10
 58.0   24340.00   .1276248E-10
 58.0   24350.00   .1276367E-10
 58.0   24360.00   .1276489E-10
 58.0   24370.00   .1276611E-10
 58.0   24380.00   .1276732E-10
 58.0   24390.00   .1276854E-10
 58.0   24400.00   .1276978E-10
 58.0   24410.00   .1277100E-10
 58.0   24420.00   .1277223E-10
 58.0   24430.00   .1277346E-10
 58.0   24440.00   .1277469E-10
 58.0   24450.00   .1277594E-10
 58.0   24460.00   .1277717E-10
 58.0   24470.00   .1277843E-10
 58.0   24480.00   .1277967E-10
 58.0   24490.00   .1278092E-10
 58.0   24500.00   .1278217E-10
 58.0   24510.00   .1278342E-10
 58.0   24520.00   .1278468E-10
 58.0   24530.00   .1278595E-10
 58.0   24540.00   .1278720E-10
 58.0   24550.00   .1278848E-10
 58.0   24560.00   .1278974E-10
 58.0   24570.00   .1279100E-10
 58.0   24580.00   .1279226E-10
 58.0   24590.00   .1279356E-10
 58.0   24600.00   .1279483E-10
 58.0   24610.00   .1279610E-10
 58.0   24620.00   .1279738E-10
 58.0   24630.00   .1279867E-10
 58.0   24640.00   .1279994E-10
 58.0   24650.00   .1280124E-10
 58.0   24660.00   .1280252E-10
 58.0   24670.00   .1280380E-10
 58.0   24680.00   .1280511E-10
 58.0   24690.00   .1280640E-10
 58.0   24700.00   .1280768E-10
 58.0   24710.00   .1280898E-10
 58.0   24720.00   .1281029E-10
 58.0   24730.00   .1281158E-10
 58.0   24740.00   .1281289E-10
 58.0   24750.00   .1281419E-10
 58.0   24760.00   .1281549E-10
 58.0   24770.00   .1281681E-10
 58.0   24780.00   .1281811E-10
 58.0   24790.00   .1281942E-10
 58.0   24800.00   .1282073E-10
 58.0   24810.00   .1282204E-10
 58.0   24820.00   .1282334E-10
 58.0   24830.00   .1282466E-10
 58.0   24840.00   .1282597E-10
 58.0   24850.00   .1282728E-10
 58.0   24860.00   .1282859E-10
 58.0   24870.00   .1282992E-10
 58.0   24880.00   .1283124E-10
 58.0   24890.00   .1283255E-10
 58.0   24900.00   .1283389E-10
 58.0   24910.00   .1283522E-10
 58.0   24920.00   .1283653E-10
 58.0   24930.00   .1283785E-10
 58.0   24940.00   .1283915E-10
 58.0   24950.00   .1284050E-10
 58.0   24960.00   .1284183E-10
 58.0   24970.00   .1284315E-10
 58.0   24980.00   .1284448E-10
 58.0   24990.00   .1284581E-10
 58.0   25000.00   .1284712E-10
