100 .5583744E-15
101 .2154316E-14
102 .5809138E-14
103 .1284914E-13
104 .2498501E-13
105 .4431745E-13
106 .7332141E-13
107 .1148069E-12
108 .1718549E-12
109 .2477279E-12
110 .3457572E-12
111 .4692068E-12
112 .6211182E-12
113 .8041413E-12
114 .1020356E-11
115 .1271090E-11
116 .1556744E-11
117 .1876631E-11
118 .2228830E-11
119 .2610088E-11
120 .3015741E-11
121 .3439699E-11
122 .3874484E-11
123 .4311320E-11
124 .4740303E-11
125 .5150627E-11
126 .5531964E-11
127 .5878578E-11
128 .6187153E-11
129 .6455846E-11
130 .6684258E-11
131 .6873322E-11
132 .7025187E-11
133 .7143055E-11
134 .7231014E-11
135 .7293872E-11
136 .7336992E-11
137 .7366153E-11
138 .7387319E-11
139 .7404227E-11
140 .7418256E-11
141 .7430657E-11
142 .7442674E-11
143 .7455546E-11
144 .7470517E-11
145 .7488843E-11
146 .7511795E-11
147 .7540675E-11
148 .7576825E-11
149 .7621637E-11
150 .7676568E-11
151 .7742866E-11
152 .7820760E-11
153 .7910212E-11
154 .8011191E-11
155 .8123668E-11
156 .8247626E-11
157 .8383040E-11
158 .8529888E-11
159 .8688144E-11
160 .8857777E-11
161 .9038749E-11
162 .9231009E-11
163 .9434493E-11
164 .9649119E-11
165 .9874785E-11
166 .1011136E-10
167 .1035871E-10
168 .1061663E-10
169 .1088492E-10
170 .1116332E-10
171 .1145152E-10
172 .1174920E-10
173 .1205596E-10
174 .1237135E-10
175 .1269488E-10
176 .1302601E-10
177 .1336434E-10
178 .1370940E-10
179 .1406072E-10
180 .1441774E-10
181 .1477984E-10
182 .1514638E-10
183 .1551661E-10
184 .1588975E-10
185 .1626495E-10
186 .1664128E-10
187 .1701776E-10
188 .1739333E-10
189 .1776689E-10
190 .1813726E-10
191 .1850319E-10
192 .1886338E-10
193 .1921647E-10
194 .1956105E-10
195 .1989564E-10
196 .2021875E-10
197 .2052881E-10
198 .2082424E-10
199 .2110342E-10
200 .2136472E-10
201 .2160676E-10
202 .2182919E-10
203 .2203201E-10
204 .2221526E-10
205 .2237906E-10
206 .2252359E-10
207 .2264905E-10
208 .2275574E-10
209 .2284397E-10
210 .2291413E-10
211 .2296663E-10
212 .2300194E-10
213 .2302055E-10
214 .2302300E-10
215 .2300985E-10
216 .2298170E-10
217 .2293916E-10
218 .2288288E-10
219 .2281351E-10
220 .2273174E-10
221 .2263826E-10
222 .2253377E-10
223 .2241897E-10
224 .2229460E-10
225 .2216137E-10
226 .2202021E-10
227 .2187284E-10
228 .2172119E-10
229 .2156717E-10
230 .2141267E-10
231 .2125959E-10
232 .2110977E-10
233 .2096507E-10
234 .2082734E-10
235 .2069837E-10
236 .2057999E-10
237 .2047401E-10
238 .2038225E-10
239 .2030651E-10
240 .2024864E-10
241 .2021048E-10
242 .2019394E-10
243 .2020095E-10
244 .2023350E-10
245 .2029367E-10
246 .2038362E-10
247 .2050559E-10
248 .2066197E-10
249 .2085529E-10
250 .2108822E-10
251 .2308231E-10
252 .2773871E-10
253 .3164388E-10
254 .3200781E-10
255 .3375447E-10
256 .3376319E-10
257 .3448003E-10
258 .3229871E-10
259 .3076529E-10
260 .2923281E-10
261 .2594360E-10
262 .2741832E-10
263 .2803861E-10
264 .3395251E-10
265 .4067405E-10
266 .4965631E-10
267 .6375281E-10
268 .8227061E-10
269 .9565148E-10
270 .1034978E-09
271 .1071228E-09
272 .1146139E-09
273 .1187691E-09
274 .1166220E-09
275 .1195264E-09
276 .1248936E-09
277 .1273529E-09
278 .1257370E-09
279 .1264264E-09
280 .1238644E-09
281 .1211607E-09
282 .1270498E-09
283 .1302585E-09
284 .1316886E-09
285 .1413147E-09
286 .1455098E-09
287 .1602239E-09
288 .1726649E-09
289 .1795338E-09
290 .1865186E-09
291 .1922870E-09
292 .1949645E-09
293 .1901520E-09
294 .1900287E-09
295 .1833085E-09
296 .1736927E-09
297 .1742285E-09
298 .1682215E-09
299 .1595290E-09
300 .1646734E-09
301 .1663814E-09
302 .1563882E-09
303 .1616252E-09
304 .1687362E-09
305 .1581541E-09
306 .1607231E-09
307 .1692124E-09
308 .1711941E-09
309 .1725769E-09
310 .1768763E-09
311 .1819564E-09
312 .1914216E-09
313 .1915870E-09
314 .2059712E-09
315 .2104419E-09
316 .2127745E-09
317 .2041923E-09
318 .2000796E-09
319 .1993060E-09
320 .1963887E-09
321 .1845396E-09
322 .1730047E-09
323 .1677401E-09
324 .1594648E-09
325 .1633452E-09
326 .1653945E-09
327 .1605939E-09
328 .1692376E-09
329 .1632529E-09
330 .1587299E-09
331 .1711719E-09
332 .1730818E-09
333 .1772282E-09
334 .1840989E-09
335 .1802998E-09
336 .1899249E-09
337 .1937733E-09
338 .1960979E-09
339 .2060502E-09
340 .2079536E-09
341 .2120515E-09
342 .2065314E-09
343 .2074829E-09
344 .2131724E-09
345 .2197726E-09
346 .2204783E-09
347 .2275402E-09
348 .2317716E-09
349 .2408536E-09
350 .2548871E-09
351 .2572560E-09
352 .2700164E-09
353 .2832022E-09
354 .2877282E-09
355 .2877730E-09
356 .2732407E-09
357 .2781511E-09
358 .2940076E-09
359 .3056658E-09
360 .2958396E-09
361 .2904176E-09
362 .2873207E-09
363 .3087004E-09
364 .3283033E-09
365 .3548507E-09
366 .3800529E-09
367 .3861756E-09
368 .3861905E-09
369 .3851268E-09
370 .3645567E-09
371 .3437415E-09
372 .3234867E-09
373 .2969344E-09
374 .2667663E-09
375 .2104779E-09
376 .1629608E-09
377 .1435847E-09
378 .1421686E-09
379 .1522834E-09
380 .1694270E-09
381 .1718423E-09
382 .1907602E-09
383 .2103230E-09
384 .2346611E-09
385 .2720061E-09
386 .3046552E-09
387 .3310012E-09
388 .3371768E-09
389 .3872413E-09
390 .4361602E-09
391 .4448045E-09
392 .4608662E-09
393 .4996928E-09
394 .5073734E-09
395 .5013602E-09
396 .4987075E-09
397 .5017395E-09
398 .4875913E-09
399 .4601110E-09
400 .4482356E-09
401 .4264795E-09
402 .4105272E-09
403 .3789578E-09
404 .3809820E-09
405 .3563837E-09
406 .3366667E-09
407 .3351095E-09
408 .3171322E-09
409 .3163844E-09
410 .3128298E-09
411 .3018730E-09
412 .2905151E-09
413 .2954347E-09
414 .3031354E-09
415 .3068843E-09
416 .3139597E-09
417 .3095753E-09
418 .3120735E-09
419 .3181381E-09
420 .3225590E-09
421 .3302643E-09
422 .3321926E-09
423 .3366172E-09
424 .3358022E-09
425 .3438073E-09
426 .3574400E-09
427 .3672541E-09
428 .3712002E-09
429 .3752067E-09
430 .3664692E-09
431 .3672260E-09
432 .3518316E-09
433 .3349608E-09
434 .3229611E-09
435 .3120240E-09
436 .2914578E-09
437 .2721038E-09
438 .2550418E-09
439 .2433282E-09
440 .2306036E-09
441 .2253389E-09
442 .2251432E-09
443 .2296104E-09
444 .2399938E-09
445 .2462280E-09
446 .2544095E-09
447 .2622364E-09
448 .2903089E-09
449 .3150866E-09
450 .3458817E-09
451 .3777093E-09
452 .4233978E-09
453 .4634086E-09
454 .4948776E-09
455 .5276412E-09
456 .5599418E-09
457 .5885388E-09
458 .6120845E-09
459 .6221072E-09
460 .6294397E-09
461 .6276873E-09
462 .6090681E-09
463 .5792275E-09
464 .5481028E-09
465 .5084885E-09
466 .4727846E-09
467 .4325257E-09
468 .3992049E-09
469 .3671467E-09
470 .3376834E-09
471 .3109754E-09
472 .2951488E-09
473 .2817752E-09
474 .2862353E-09
475 .2913797E-09
476 .2980251E-09
477 .3115225E-09
478 .3192260E-09
479 .3283770E-09
480 .3324146E-09
481 .3303183E-09
482 .3333722E-09
483 .3378211E-09
484 .3486462E-09
485 .3663203E-09
486 .3757087E-09
487 .4005968E-09
488 .4287644E-09
489 .4515042E-09
490 .4712480E-09
491 .4907826E-09
492 .5000210E-09
493 .4910467E-09
494 .4846928E-09
495 .4601357E-09
496 .4377013E-09
497 .4158761E-09
498 .3875771E-09
499 .3576650E-09
500 .3375262E-09
501 .3096677E-09
502 .2965623E-09
503 .2859875E-09
504 .2786707E-09
505 .2716839E-09
506 .2713177E-09
507 .2653615E-09
508 .2651844E-09
509 .2599121E-09
510 .2584203E-09
511 .2644043E-09
512 .2664698E-09
513 .2709481E-09
514 .2710815E-09
515 .2764616E-09
516 .2872226E-09
517 .3010501E-09
518 .3209777E-09
519 .3324183E-09
520 .3482930E-09
521 .3609509E-09
522 .3764999E-09
523 .3947481E-09
524 .4164869E-09
525 .4340103E-09
526 .4365681E-09
527 .4462737E-09
528 .4570219E-09
529 .4622890E-09
530 .4578470E-09
531 .4714822E-09
532 .4729149E-09
533 .4784222E-09
534 .4848048E-09
535 .4901826E-09
536 .4957828E-09
537 .5055847E-09
538 .5187508E-09
539 .5271032E-09
540 .5562682E-09
541 .5753059E-09
542 .5949558E-09
543 .6274726E-09
544 .6532361E-09
545 .6757376E-09
546 .6893611E-09
547 .7090541E-09
548 .7142019E-09
549 .7268500E-09
550 .7282271E-09
551 .7255778E-09
552 .7220397E-09
553 .7056912E-09
554 .6870599E-09
555 .6719510E-09
556 .6520086E-09
557 .6355172E-09
558 .6058845E-09
559 .5813729E-09
560 .5537187E-09
561 .5229175E-09
562 .4976249E-09
563 .4757028E-09
564 .4439803E-09
565 .4209621E-09
566 .4068041E-09
567 .3964724E-09
568 .3918117E-09
569 .3973175E-09
570 .4054576E-09
571 .4123354E-09
572 .4196410E-09
573 .4410741E-09
574 .4531669E-09
575 .4640426E-09
576 .4840680E-09
577 .4983710E-09
578 .5137172E-09
579 .5251887E-09
580 .5306034E-09
581 .5256158E-09
582 .5352446E-09
583 .5302540E-09
584 .5217339E-09
585 .5299517E-09
586 .5364885E-09
587 .5203330E-09
588 .5046557E-09
589 .4632720E-09
590 .4708193E-09
591 .4600090E-09
592 .4453477E-09
593 .4309464E-09
594 .4080487E-09
595 .3904482E-09
596 .3816443E-09
597 .3775258E-09
598 .3666031E-09
599 .3604113E-09
600 .3537150E-09
601 .3541303E-09
602 .3520252E-09
603 .3493857E-09
604 .3487187E-09
605 .3535529E-09
606 .3540188E-09
607 .3586854E-09
608 .3578019E-09
609 .3566988E-09
610 .3596310E-09
611 .3577897E-09
612 .3545812E-09
613 .3584032E-09
614 .3651515E-09
615 .3704181E-09
616 .3803084E-09
617 .3798502E-09
618 .3746758E-09
619 .3716917E-09
620 .3747790E-09
621 .3709375E-09
622 .3746256E-09
623 .3738013E-09
624 .3705240E-09
625 .3737486E-09
626 .3838047E-09
627 .3819708E-09
628 .3765707E-09
629 .3972078E-09
630 .4062120E-09
631 .4086420E-09
632 .4377986E-09
633 .4531911E-09
634 .4755966E-09
635 .4993305E-09
636 .5238020E-09
637 .5560533E-09
638 .5654666E-09
639 .6003190E-09
640 .6227050E-09
641 .6343011E-09
642 .6491255E-09
643 .6787411E-09
644 .6852824E-09
645 .6837933E-09
646 .7061999E-09
647 .7110382E-09
648 .7095826E-09
649 .7133083E-09
650 .7387885E-09
651 .7264475E-09
652 .7063933E-09
653 .7052580E-09
654 .7026685E-09
655 .6820698E-09
656 .6570544E-09
657 .6461239E-09
658 .6305148E-09
659 .6137676E-09
660 .5805857E-09
661 .5505267E-09
662 .5264497E-09
663 .5160946E-09
664 .4876524E-09
665 .4622309E-09
666 .4467941E-09
667 .4375986E-09
668 .4319194E-09
669 .4002485E-09
670 .3903732E-09
671 .3888761E-09
672 .3852359E-09
673 .3992079E-09
674 .3862793E-09
675 .3856893E-09
676 .3703930E-09
677 .3384678E-09
678 .3607179E-09
679 .3389598E-09
680 .3281530E-09
681 .3469134E-09
682 .3429831E-09
683 .3295359E-09
684 .3249154E-09
685 .3497540E-09
686 .3332599E-09
687 .3234724E-09
688 .3293998E-09
689 .3218227E-09
690 .3231847E-09
691 .3279214E-09
692 .3318987E-09
693 .3395485E-09
694 .3377259E-09
695 .3406116E-09
696 .3333716E-09
697 .3253086E-09
698 .3332000E-09
699 .3309957E-09
700 .3175713E-09
701 .2991983E-09
702 .3012725E-09
703 .3057040E-09
704 .3065195E-09
705 .3081449E-09
706 .3178913E-09
707 .3251437E-09
708 .3319450E-09
709 .3375071E-09
710 .3454229E-09
711 .3572607E-09
712 .3759296E-09
713 .3881069E-09
714 .3999824E-09
715 .4061298E-09
716 .4129405E-09
717 .4085186E-09
718 .4155732E-09
719 .4220971E-09
720 .4235041E-09
721 .4251966E-09
722 .4226436E-09
723 .4202888E-09
724 .4258702E-09
725 .4334242E-09
726 .4390561E-09
727 .4461321E-09
728 .4516104E-09
729 .4549559E-09
730 .4586608E-09
731 .4694216E-09
732 .4757674E-09
733 .4831110E-09
734 .4906119E-09
735 .4915831E-09
736 .4910273E-09
737 .4841834E-09
738 .4722304E-09
739 .4595550E-09
740 .4367594E-09
741 .4083919E-09
742 .3941123E-09
743 .3722234E-09
744 .3453546E-09
745 .3318304E-09
746 .3210292E-09
747 .3142937E-09
748 .3284882E-09
749 .2525128E-09
750 .2247582E-09
751 .2954652E-09
752 .2685030E-09
753 .2875452E-09
754 .3117258E-09
755 .3221312E-09
756 .3335458E-09
757 .3507127E-09
758 .3557873E-09
759 .3514893E-09
760 .3495937E-09
761 .3612720E-09
762 .3529666E-09
763 .3489271E-09
764 .3490723E-09
765 .3453240E-09
766 .3505062E-09
767 .3453052E-09
768 .3408938E-09
769 .3313800E-09
770 .3168810E-09
771 .3139726E-09
772 .3089009E-09
773 .2950095E-09
774 .2844217E-09
775 .2756638E-09
776 .2648811E-09
777 .2560322E-09
778 .2510437E-09
779 .2420247E-09
780 .2253298E-09
781 .2141903E-09
782 .2126728E-09
783 .2061967E-09
784 .2010979E-09
785 .1916333E-09
786 .1819582E-09
787 .1770523E-09
788 .1749109E-09
789 .1650129E-09
790 .1602660E-09
791 .1543942E-09
792 .1544987E-09
793 .1509617E-09
794 .1465004E-09
795 .1413640E-09
796 .1423326E-09
797 .1422465E-09
798 .1330760E-09
799 .1265754E-09
800 .1313930E-09
801 .1293971E-09
802 .1259632E-09
803 .1234237E-09
804 .1117829E-09
805 .1113964E-09
806 .1336011E-09
807 .8872157E-10
808 .7506728E-10
809 .7340594E-10
810 .6644185E-10
811 .6151229E-10
812 .5819555E-10
813 .5287896E-10
814 .4727699E-10
815 .4264982E-10
816 .3833517E-10
817 .4142152E-10
818 .4230280E-10
819 .3841972E-10
820 .3782998E-10
821 .4105545E-10
822 .4179981E-10
823 .4248568E-10
824 .4235736E-10
825 .4154234E-10
826 .4376284E-10
827 .4773412E-10
828 .5616499E-10
829 .6228527E-10
830 .6022244E-10
831 .6178222E-10
832 .6673161E-10
833 .7422501E-10
834 .8924717E-10
835 .1032092E-09
836 .1157350E-09
837 .1258925E-09
838 .1395071E-09
839 .1531206E-09
840 .1754513E-09
841 .2028693E-09
842 .2141203E-09
843 .2123945E-09
844 .2105726E-09
845 .2133101E-09
846 .2165617E-09
847 .2308895E-09
848 .2502834E-09
849 .2463342E-09
850 .2389165E-09
851 .2319562E-09
852 .2257231E-09
853 .2332559E-09
854 .2642190E-09
855 .2722869E-09
856 .2616921E-09
857 .2526467E-09
858 .2548832E-09
859 .2590898E-09
860 .2971693E-09
861 .3158692E-09
862 .2968010E-09
863 .2775528E-09
864 .2959906E-09
865 .3233212E-09
866 .3280088E-09
867 .3258445E-09
868 .3181762E-09
869 .2906947E-09
870 .2868826E-09
871 .2954685E-09
872 .3197036E-09
873 .3220765E-09
874 .2954051E-09
875 .2755155E-09
876 .2714896E-09
877 .2795209E-09
878 .2850438E-09
879 .2800499E-09
880 .2840010E-09
881 .2735965E-09
882 .2615059E-09
883 .2509686E-09
884 .2489927E-09
885 .2604746E-09
886 .2411048E-09
887 .2387734E-09
888 .2417571E-09
889 .2304978E-09
890 .2255565E-09
891 .2336078E-09
892 .2331227E-09
893 .2221570E-09
894 .2202991E-09
895 .2196342E-09
896 .2250721E-09
897 .2330058E-09
898 .2331228E-09
899 .2265403E-09
900 .2144513E-09
901 .2142074E-09
902 .2090707E-09
903 .2104857E-09
904 .2109044E-09
905 .2108071E-09
906 .2171284E-09
907 .2207733E-09
908 .2280183E-09
909 .2460520E-09
910 .2296281E-09
911 .2117735E-09
912 .2076620E-09
913 .1989979E-09
914 .2081361E-09
915 .2124301E-09
916 .2121161E-09
917 .2008927E-09
918 .1706874E-09
919 .1677186E-09
920 .1744394E-09
921 .1813942E-09
922 .1771236E-09
923 .2304887E-09
924 .2396122E-09
925 .1619448E-09
926 .1675973E-09
927 .1653351E-09
928 .1661601E-09
929 .1794508E-09
930 .1881907E-09
931 .2095145E-09
932 .2006394E-09
933 .1989133E-09
934 .1971365E-09
935 .2013838E-09
936 .1828318E-09
937 .2108379E-09
938 .2624337E-09
939 .2474636E-09
940 .2378387E-09
941 .2313399E-09
942 .2067261E-09
943 .2104586E-09
944 .2263952E-09
945 .2255624E-09
946 .2194125E-09
947 .2006422E-09
948 .1881797E-09
949 .1939551E-09
950 .1884971E-09
951 .1918811E-09
952 .1720505E-09
953 .1660099E-09
954 .1842684E-09
955 .1848795E-09
956 .1823813E-09
957 .1718306E-09
958 .1750837E-09
959 .1780133E-09
960 .1643715E-09
961 .1871849E-09
962 .1842701E-09
963 .1801714E-09
964 .2056674E-09
965 .1928488E-09
966 .1848812E-09
967 .1953221E-09
968 .2140151E-09
969 .2309383E-09
970 .2249412E-09
971 .2561832E-09
972 .2768316E-09
973 .2541556E-09
974 .2419370E-09
975 .2557911E-09
976 .2698717E-09
977 .2777267E-09
978 .2724337E-09
979 .2638597E-09
980 .3079941E-09
981 .2975093E-09
982 .2757716E-09
983 .2921038E-09
984 .3095477E-09
985 .3230524E-09
986 .2932847E-09
987 .2812426E-09
988 .3119304E-09
989 .2983550E-09
990 .2841383E-09
991 .2834313E-09
992 .2731883E-09
993 .2769694E-09
994 .2996466E-09
995 .3144702E-09
996 .2798322E-09
997 .2482487E-09
998 .2422891E-09
999 .2726054E-09
1000 .2669458E-09
1001 .2653721E-09
1002 .2637945E-09
1003 .2622129E-09
1004 .2606277E-09
1005 .2590386E-09
1006 .2574457E-09
1007 .2558492E-09
1008 .2542486E-09
1009 .2526447E-09
1010 .2510365E-09
1011 .2494246E-09
1012 .2478094E-09
1013 .2461902E-09
1014 .2445672E-09
1015 .2429407E-09
1016 .2413105E-09
1017 .2396766E-09
1018 .2380390E-09
1019 .2363977E-09
1020 .2347528E-09
1021 .2331044E-09
1022 .2314523E-09
1023 .2297965E-09
1024 .2281373E-09
1025 .2264746E-09
1026 .2248080E-09
1027 .2231378E-09
1028 .2214645E-09
1029 .2197876E-09
1030 .2181071E-09
1031 .2164230E-09
1032 .2147357E-09
1033 .2130447E-09
1034 .2113504E-09
1035 .2096526E-09
1036 .2079514E-09
1037 .2062470E-09
1038 .2045390E-09
1039 .2028277E-09
1040 .2011129E-09
1041 .1993950E-09
1042 .1976739E-09
1043 .1959491E-09
1044 .1942213E-09
1045 .1924901E-09
1046 .1907559E-09
1047 .1890183E-09
1048 .1872776E-09
1049 .1855336E-09
1050 .1837866E-09
1051 .1820365E-09
1052 .1802833E-09
1053 .1785272E-09
1054 .1767678E-09
1055 .1750056E-09
1056 .1732403E-09
1057 .1714719E-09
1058 .1697008E-09
1059 .1679267E-09
1060 .1661497E-09
1061 .1643697E-09
1062 .1625870E-09
1063 .1608015E-09
1064 .1590130E-09
1065 .1572219E-09
1066 .1554281E-09
1067 .1536313E-09
1068 .1518319E-09
1069 .1500298E-09
1070 .1482251E-09
1071 .1464175E-09
1072 .1446074E-09
1073 .1427947E-09
1074 .1409794E-09
1075 .1391616E-09
1076 .1373413E-09
1077 .1355182E-09
1078 .1336927E-09
1079 .1318647E-09
1080 .1300342E-09
1081 .1282012E-09
1082 .1263660E-09
1083 .1245284E-09
1084 .1226881E-09
1085 .1208455E-09
1086 .1190006E-09
1087 .1171534E-09
1088 .1153037E-09
1089 .1134519E-09
1090 .1115978E-09
1091 .1097414E-09
1092 .1078827E-09
1093 .1060217E-09
1094 .1041586E-09
1095 .1022933E-09
1096 .1004257E-09
1097 .9855609E-10
1098 .9668419E-10
1099 .9481026E-10
1100 .9293421E-10
1101 .9105603E-10
1102 .8917581E-10
1103 .8729346E-10
1104 .8540905E-10
1105 .8352277E-10
1106 .8163430E-10
1107 .7974389E-10
1108 .7785146E-10
1109 .7595713E-10
1110 .7406086E-10
1111 .7216252E-10
1112 .7026236E-10
1113 .6836028E-10
1114 .6645624E-10
1115 .6455038E-10
1116 .6264263E-10
1117 .6073307E-10
1118 .5882156E-10
1119 .5690832E-10
1120 .5499324E-10
1121 .5307633E-10
1122 .5115769E-10
1123 .4923724E-10
1124 .4731500E-10
1125 .4539109E-10
1126 .4346537E-10
1127 .4153797E-10
1128 .3960880E-10
1129 .3767795E-10
1130 .3574545E-10
1131 .3576020E-10
1132 .3577489E-10
1133 .3578952E-10
1134 .3580409E-10
1135 .3581859E-10
1136 .3583304E-10
1137 .3584743E-10
1138 .3586173E-10
1139 .3587601E-10
1140 .3589019E-10
1141 .3590434E-10
1142 .3591845E-10
1143 .3593249E-10
1144 .3594646E-10
1145 .3596038E-10
1146 .3597426E-10
1147 .3598810E-10
1148 .3600188E-10
1149 .3601559E-10
1150 .3602928E-10
1151 .3604292E-10
1152 .3605650E-10
1153 .3607002E-10
1154 .3608353E-10
1155 .3609696E-10
1156 .3611037E-10
1157 .3612372E-10
1158 .3613702E-10
1159 .3615031E-10
1160 .3616353E-10
1161 .3617672E-10
1162 .3618988E-10
1163 .3620297E-10
1164 .3621603E-10
1165 .3622910E-10
1166 .3624208E-10
1167 .3625504E-10
1168 .3626799E-10
1169 .3628087E-10
1170 .3629372E-10
1171 .3630657E-10
1172 .3631938E-10
1173 .3633214E-10
1174 .3634485E-10
1175 .3635760E-10
1176 .3637027E-10
1177 .3638292E-10
1178 .3639556E-10
1179 .3640816E-10
1180 .3642074E-10
1181 .3643330E-10
1182 .3644583E-10
1183 .3645835E-10
1184 .3647084E-10
1185 .3648331E-10
1186 .3649575E-10
1187 .3650818E-10
1188 .3652060E-10
1189 .3653301E-10
1190 .3654539E-10
1191 .3655774E-10
1192 .3657009E-10
1193 .3658242E-10
1194 .3659477E-10
1195 .3660706E-10
1196 .3661936E-10
1197 .3663167E-10
1198 .3664394E-10
1199 .3665620E-10
1200 .3666847E-10
1201 .3668073E-10
1202 .3669297E-10
1203 .3670522E-10
1204 .3671747E-10
1205 .3672971E-10
1206 .3674196E-10
1207 .3675418E-10
1208 .3676643E-10
1209 .3677865E-10
1210 .3679088E-10
1211 .3680312E-10
1212 .3681535E-10
1213 .3682761E-10
1214 .3683983E-10
1215 .3685211E-10
1216 .3686436E-10
1217 .3687662E-10
1218 .3688889E-10
1219 .3690120E-10
1220 .3691348E-10
1221 .3692580E-10
1222 .3693810E-10
1223 .3695041E-10
1224 .3696275E-10
1225 .3697510E-10
1226 .3698747E-10
1227 .3699983E-10
1228 .3701224E-10
1229 .3702467E-10
1230 .3703710E-10
1231 .3704954E-10
1232 .3706202E-10
1233 .3707452E-10
1234 .3708702E-10
1235 .3709955E-10
1236 .3711213E-10
1237 .3712472E-10
1238 .3713731E-10
1239 .3714995E-10
1240 .3716260E-10
1241 .3717531E-10
1242 .3718802E-10
1243 .3720076E-10
1244 .3721354E-10
1245 .3722635E-10
1246 .3723919E-10
1247 .3725206E-10
1248 .3726496E-10
1249 .3727793E-10
1250 .3729091E-10
1251 .3730612E-10
1252 .3732140E-10
1253 .3733671E-10
1254 .3735201E-10
1255 .3736737E-10
1256 .3738276E-10
1257 .3739823E-10
1258 .3741371E-10
1259 .3742923E-10
1260 .3744481E-10
1261 .3746042E-10
1262 .3747607E-10
1263 .3749177E-10
1264 .3750750E-10
1265 .3752330E-10
1266 .3753911E-10
1267 .3755501E-10
1268 .3757093E-10
1269 .3758692E-10
1270 .3760296E-10
1271 .3761905E-10
1272 .3763518E-10
1273 .3765137E-10
1274 .3766761E-10
1275 .3768390E-10
1276 .3770028E-10
1277 .3771672E-10
1278 .3773318E-10
1279 .3774972E-10
1280 .3776631E-10
1281 .3778296E-10
1282 .3779965E-10
1283 .3781646E-10
1284 .3783332E-10
1285 .3785022E-10
1286 .3786718E-10
1287 .3788423E-10
1288 .3790135E-10
1289 .3791848E-10
1290 .3793574E-10
1291 .3795301E-10
1292 .3797039E-10
1293 .3798783E-10
1294 .3800532E-10
1295 .3802286E-10
1296 .3804049E-10
1297 .3805815E-10
1298 .3807591E-10
1299 .3809368E-10
1300 .3811155E-10
1301 .3812946E-10
1302 .3814747E-10
1303 .3816550E-10
1304 .3818360E-10
1305 .3820177E-10
1306 .3821999E-10
1307 .3823828E-10
1308 .3825662E-10
1309 .3827502E-10
1310 .3829348E-10
1311 .3831204E-10
1312 .3833061E-10
1313 .3834924E-10
1314 .3836794E-10
1315 .3838668E-10
1316 .3840549E-10
1317 .3842440E-10
1318 .3844331E-10
1319 .3846229E-10
1320 .3848134E-10
1321 .3850045E-10
1322 .3851957E-10
1323 .3853881E-10
1324 .3855807E-10
1325 .3857736E-10
1326 .3859677E-10
1327 .3861617E-10
1328 .3863567E-10
1329 .3865521E-10
1330 .3867480E-10
1331 .3869444E-10
1332 .3871411E-10
1333 .3873388E-10
1334 .3875369E-10
1335 .3877354E-10
1336 .3879347E-10
1337 .3881342E-10
1338 .3883341E-10
1339 .3885347E-10
1340 .3887360E-10
1341 .3889375E-10
1342 .3891397E-10
1343 .3893422E-10
1344 .3895457E-10
1345 .3897489E-10
1346 .3899533E-10
1347 .3901578E-10
1348 .3903628E-10
1349 .3905684E-10
1350 .3907745E-10
1351 .3909811E-10
1352 .3911884E-10
1353 .3913954E-10
1354 .3916036E-10
1355 .3918117E-10
1356 .3920208E-10
1357 .3922301E-10
1358 .3924397E-10
1359 .3926501E-10
1360 .3928607E-10
1361 .3930717E-10
1362 .3932834E-10
1363 .3934954E-10
1364 .3937079E-10
1365 .3939208E-10
1366 .3941340E-10
1367 .3943478E-10
1368 .3945619E-10
1369 .3947763E-10
1370 .3949915E-10
1371 .3945016E-10
1372 .3940106E-10
1373 .3935197E-10
1374 .3930287E-10
1375 .3925369E-10
1376 .3920449E-10
1377 .3915524E-10
1378 .3910593E-10
1379 .3905665E-10
1380 .3900726E-10
1381 .3895787E-10
1382 .3890842E-10
1383 .3885894E-10
1384 .3880939E-10
1385 .3875983E-10
1386 .3871019E-10
1387 .3866056E-10
1388 .3861085E-10
1389 .3856110E-10
1390 .3851130E-10
1391 .3846145E-10
1392 .3841155E-10
1393 .3836162E-10
1394 .3831163E-10
1395 .3826160E-10
1396 .3821149E-10
1397 .3816138E-10
1398 .3811120E-10
1399 .3806097E-10
1400 .3801069E-10
1401 .3796032E-10
1402 .3790996E-10
1403 .3785952E-10
1404 .3780901E-10
1405 .3775848E-10
1406 .3770787E-10
1407 .3765723E-10
1408 .3760651E-10
1409 .3755576E-10
1410 .3750493E-10
1411 .3745406E-10
1412 .3740312E-10
1413 .3735214E-10
1414 .3730108E-10
1415 .3724997E-10
1416 .3719880E-10
1417 .3714759E-10
1418 .3709631E-10
1419 .3704495E-10
1420 .3699356E-10
1421 .3694208E-10
1422 .3689054E-10
1423 .3683896E-10
1424 .3678731E-10
1425 .3673559E-10
1426 .3668380E-10
1427 .3663197E-10
1428 .3658005E-10
1429 .3652806E-10
1430 .3647602E-10
1431 .3642394E-10
1432 .3637178E-10
1433 .3631953E-10
1434 .3626723E-10
1435 .3621485E-10
1436 .3616243E-10
1437 .3610992E-10
1438 .3605734E-10
1439 .3600468E-10
1440 .3595196E-10
1441 .3589918E-10
1442 .3584632E-10
1443 .3579340E-10
1444 .3574039E-10
1445 .3568733E-10
1446 .3563419E-10
1447 .3558096E-10
1448 .3552768E-10
1449 .3547431E-10
1450 .3542086E-10
1451 .3536736E-10
1452 .3531379E-10
1453 .3526010E-10
1454 .3520638E-10
1455 .3515256E-10
1456 .3509869E-10
1457 .3504471E-10
1458 .3499068E-10
1459 .3493655E-10
1460 .3488234E-10
1461 .3482809E-10
1462 .3477370E-10
1463 .3471928E-10
1464 .3466476E-10
1465 .3461017E-10
1466 .3455548E-10
1467 .3450074E-10
1468 .3444591E-10
1469 .3439098E-10
1470 .3433598E-10
1471 .3428089E-10
1472 .3422572E-10
1473 .3417048E-10
1474 .3411515E-10
1475 .3405975E-10
1476 .3400424E-10
1477 .3394864E-10
1478 .3389298E-10
1479 .3383722E-10
1480 .3378139E-10
1481 .3372547E-10
1482 .3366945E-10
1483 .3361335E-10
1484 .3355716E-10
1485 .3350090E-10
1486 .3344453E-10
1487 .3338809E-10
1488 .3333155E-10
1489 .3327494E-10
1490 .3321824E-10
1491 .3316141E-10
1492 .3310452E-10
1493 .3304756E-10
1494 .3299048E-10
1495 .3293334E-10
1496 .3287608E-10
1497 .3281874E-10
1498 .3276132E-10
1499 .3270380E-10
1500 .3264620E-10
1501 .3266448E-10
1502 .3268274E-10
1503 .3270102E-10
1504 .3271928E-10
1505 .3273754E-10
1506 .3275578E-10
1507 .3277402E-10
1508 .3279226E-10
1509 .3281049E-10
1510 .3282870E-10
1511 .3284692E-10
1512 .3286512E-10
1513 .3288332E-10
1514 .3290150E-10
1515 .3291968E-10
1516 .3293784E-10
1517 .3295600E-10
1518 .3297414E-10
1519 .3299227E-10
1520 .3301039E-10
1521 .3302851E-10
1522 .3304661E-10
1523 .3306470E-10
1524 .3308278E-10
1525 .3310084E-10
1526 .3311891E-10
1527 .3313693E-10
1528 .3315496E-10
1529 .3317298E-10
1530 .3319096E-10
1531 .3320896E-10
1532 .3322691E-10
1533 .3324486E-10
1534 .3326280E-10
1535 .3328074E-10
1536 .3329864E-10
1537 .3331652E-10
1538 .3333441E-10
1539 .3335227E-10
1540 .3337011E-10
1541 .3338794E-10
1542 .3340574E-10
1543 .3342352E-10
1544 .3344129E-10
1545 .3345903E-10
1546 .3347676E-10
1547 .3349448E-10
1548 .3351217E-10
1549 .3352984E-10
1550 .3354751E-10
1551 .3356514E-10
1552 .3358275E-10
1553 .3360035E-10
1554 .3361792E-10
1555 .3363545E-10
1556 .3365299E-10
1557 .3367047E-10
1558 .3368798E-10
1559 .3370543E-10
1560 .3372286E-10
1561 .3374028E-10
1562 .3375766E-10
1563 .3377502E-10
1564 .3379236E-10
1565 .3380968E-10
1566 .3382698E-10
1567 .3384422E-10
1568 .3386147E-10
1569 .3387868E-10
1570 .3389586E-10
1571 .3391301E-10
1572 .3393014E-10
1573 .3394724E-10
1574 .3396432E-10
1575 .3398136E-10
1576 .3399839E-10
1577 .3401536E-10
1578 .3403231E-10
1579 .3404925E-10
1580 .3406616E-10
1581 .3408302E-10
1582 .3409985E-10
1583 .3411667E-10
1584 .3413345E-10
1585 .3415021E-10
1586 .3416691E-10
1587 .3418360E-10
1588 .3420022E-10
1589 .3421685E-10
1590 .3423344E-10
1591 .3424999E-10
1592 .3426650E-10
1593 .3428297E-10
1594 .3429942E-10
1595 .3431584E-10
1596 .3433221E-10
1597 .3434854E-10
1598 .3436485E-10
1599 .3438113E-10
1600 .3439734E-10
1601 .3441355E-10
1602 .3442970E-10
1603 .3444582E-10
1604 .3446190E-10
1605 .3447794E-10
1606 .3449394E-10
1607 .3450992E-10
1608 .3452584E-10
1609 .3454172E-10
1610 .3455756E-10
1611 .3457337E-10
1612 .3458913E-10
1613 .3460485E-10
1614 .3462054E-10
1615 .3463615E-10
1616 .3465176E-10
1617 .3466732E-10
1618 .3468283E-10
1619 .3469831E-10
1620 .3471373E-10
1621 .3472910E-10
1622 .3474444E-10
1623 .3475973E-10
1624 .3477497E-10
1625 .3479018E-10
1626 .3479306E-10
1627 .3479588E-10
1628 .3479865E-10
1629 .3480142E-10
1630 .3480413E-10
1631 .3480682E-10
1632 .3480946E-10
1633 .3481210E-10
1634 .3481467E-10
1635 .3481722E-10
1636 .3481973E-10
1637 .3482223E-10
1638 .3482468E-10
1639 .3482707E-10
1640 .3482942E-10
1641 .3483176E-10
1642 .3483405E-10
1643 .3483631E-10
1644 .3483851E-10
1645 .3484067E-10
1646 .3484281E-10
1647 .3484491E-10
1648 .3484697E-10
1649 .3484899E-10
1650 .3485096E-10
1651 .3485290E-10
1652 .3485480E-10
1653 .3485664E-10
1654 .3485844E-10
1655 .3486021E-10
1656 .3486194E-10
1657 .3486361E-10
1658 .3486524E-10
1659 .3486686E-10
1660 .3486838E-10
1661 .3486990E-10
1662 .3487136E-10
1663 .3487277E-10
1664 .3487413E-10
1665 .3487547E-10
1666 .3487674E-10
1667 .3487797E-10
1668 .3487915E-10
1669 .3488029E-10
1670 .3488138E-10
1671 .3488242E-10
1672 .3488342E-10
1673 .3488435E-10
1674 .3488527E-10
1675 .3488610E-10
1676 .3488691E-10
1677 .3488767E-10
1678 .3488834E-10
1679 .3488899E-10
1680 .3488959E-10
1681 .3489014E-10
1682 .3489063E-10
1683 .3489108E-10
1684 .3489145E-10
1685 .3489180E-10
1686 .3489210E-10
1687 .3489235E-10
1688 .3489253E-10
1689 .3489268E-10
1690 .3489277E-10
1691 .3489280E-10
1692 .3489280E-10
1693 .3489275E-10
1694 .3489265E-10
1695 .3489248E-10
1696 .3489228E-10
1697 .3489205E-10
1698 .3489177E-10
1699 .3489140E-10
1700 .3489104E-10
1701 .3489059E-10
1702 .3489009E-10
1703 .3488957E-10
1704 .3488898E-10
1705 .3488838E-10
1706 .3488772E-10
1707 .3488698E-10
1708 .3488623E-10
1709 .3488541E-10
1710 .3488457E-10
1711 .3488368E-10
1712 .3488274E-10
1713 .3488175E-10
1714 .3488073E-10
1715 .3487964E-10
1716 .3487852E-10
1717 .3487736E-10
1718 .3487616E-10
1719 .3487490E-10
1720 .3487361E-10
1721 .3487228E-10
1722 .3487090E-10
1723 .3486948E-10
1724 .3486804E-10
1725 .3486652E-10
1726 .3486498E-10
1727 .3486339E-10
1728 .3486175E-10
1729 .3486007E-10
1730 .3485838E-10
1731 .3485662E-10
1732 .3485481E-10
1733 .3485302E-10
1734 .3485112E-10
1735 .3484922E-10
1736 .3484725E-10
1737 .3484527E-10
1738 .3484324E-10
1739 .3484117E-10
1740 .3483905E-10
1741 .3483689E-10
1742 .3483473E-10
1743 .3483250E-10
1744 .3483023E-10
1745 .3482793E-10
1746 .3482559E-10
1747 .3482323E-10
1748 .3482083E-10
1749 .3481836E-10
1750 .3481586E-10
1751 .3481336E-10
1752 .3481079E-10
1753 .3480818E-10
1754 .3480558E-10
1755 .3480289E-10
1756 .3480020E-10
1757 .3479748E-10
1758 .3479470E-10
1759 .3479189E-10
1760 .3478906E-10
1761 .3478618E-10
1762 .3478326E-10
1763 .3478032E-10
1764 .3477736E-10
1765 .3477434E-10
1766 .3477129E-10
1767 .3476822E-10
1768 .3476512E-10
1769 .3476196E-10
1770 .3475878E-10
1771 .3475558E-10
1772 .3475235E-10
1773 .3474907E-10
1774 .3474577E-10
1775 .3474244E-10
1776 .3473908E-10
1777 .3473570E-10
1778 .3473226E-10
1779 .3472878E-10
1780 .3472531E-10
1781 .3472179E-10
1782 .3471825E-10
1783 .3471465E-10
1784 .3471107E-10
1785 .3470744E-10
1786 .3470377E-10
1787 .3470009E-10
1788 .3469636E-10
1789 .3469261E-10
1790 .3468884E-10
1791 .3468504E-10
1792 .3468118E-10
1793 .3467735E-10
1794 .3467344E-10
1795 .3466954E-10
1796 .3466559E-10
1797 .3466161E-10
1798 .3465762E-10
1799 .3465359E-10
1800 .3464955E-10
1801 .3453141E-10
1802 .3441324E-10
1803 .3429510E-10
1804 .3417693E-10
1805 .3405878E-10
1806 .3394062E-10
1807 .3382246E-10
1808 .3370434E-10
1809 .3358619E-10
1810 .3346807E-10
1811 .3334995E-10
1812 .3323181E-10
1813 .3311369E-10
1814 .3299559E-10
1815 .3287750E-10
1816 .3275940E-10
1817 .3264130E-10
1818 .3252325E-10
1819 .3240516E-10
1820 .3228710E-10
1821 .3216905E-10
1822 .3205103E-10
1823 .3193298E-10
1824 .3181497E-10
1825 .3169695E-10
1826 .3157899E-10
1827 .3146100E-10
1828 .3134303E-10
1829 .3122508E-10
1830 .3110713E-10
1831 .3098920E-10
1832 .3087128E-10
1833 .3075338E-10
1834 .3063550E-10
1835 .3051761E-10
1836 .3039976E-10
1837 .3028194E-10
1838 .3016411E-10
1839 .3004630E-10
1840 .2992853E-10
1841 .2981074E-10
1842 .2969299E-10
1843 .2957525E-10
1844 .2945755E-10
1845 .2933985E-10
1846 .2922216E-10
1847 .2910451E-10
1848 .2898687E-10
1849 .2886924E-10
1850 .2875165E-10
1851 .2863407E-10
1852 .2851651E-10
1853 .2839898E-10
1854 .2828146E-10
1855 .2816397E-10
1856 .2804652E-10
1857 .2792906E-10
1858 .2781164E-10
1859 .2769423E-10
1860 .2757686E-10
1861 .2745950E-10
1862 .2734217E-10
1863 .2722488E-10
1864 .2710760E-10
1865 .2699035E-10
1866 .2687312E-10
1867 .2675590E-10
1868 .2663874E-10
1869 .2652160E-10
1870 .2640446E-10
1871 .2628736E-10
1872 .2617029E-10
1873 .2605325E-10
1874 .2593623E-10
1875 .2581926E-10
1876 .2570228E-10
1877 .2558535E-10
1878 .2546846E-10
1879 .2535159E-10
1880 .2523472E-10
1881 .2511792E-10
1882 .2500114E-10
1883 .2488437E-10
1884 .2476765E-10
1885 .2465095E-10
1886 .2453429E-10
1887 .2441767E-10
1888 .2430105E-10
1889 .2418448E-10
1890 .2406794E-10
1891 .2395142E-10
1892 .2383495E-10
1893 .2371850E-10
1894 .2360208E-10
1895 .2348571E-10
1896 .2336935E-10
1897 .2325306E-10
1898 .2313676E-10
1899 .2302049E-10
1900 .2290429E-10
1901 .2278811E-10
1902 .2267195E-10
1903 .2255585E-10
1904 .2243976E-10
1905 .2232372E-10
1906 .2220770E-10
1907 .2209172E-10
1908 .2197577E-10
1909 .2185987E-10
1910 .2174400E-10
1911 .2162816E-10
1912 .2151237E-10
1913 .2139661E-10
1914 .2128085E-10
1915 .2116516E-10
1916 .2104951E-10
1917 .2093389E-10
1918 .2081830E-10
1919 .2070275E-10
1920 .2058724E-10
1921 .2047177E-10
1922 .2035631E-10
1923 .2024091E-10
1924 .2012555E-10
1925 .2001021E-10
1926 .1989492E-10
1927 .1977966E-10
1928 .1966445E-10
1929 .1954928E-10
1930 .1943414E-10
1931 .1931903E-10
1932 .1920396E-10
1933 .1908892E-10
1934 .1897395E-10
1935 .1885899E-10
1936 .1874408E-10
1937 .1862920E-10
1938 .1851436E-10
1939 .1839955E-10
1940 .1828482E-10
1941 .1817008E-10
1942 .1805541E-10
1943 .1794077E-10
1944 .1782616E-10
1945 .1771159E-10
1946 .1759706E-10
1947 .1748259E-10
1948 .1736813E-10
1949 .1725373E-10
1950 .1713936E-10
1951 .1702502E-10
1952 .1691072E-10
1953 .1679648E-10
1954 .1668227E-10
1955 .1656809E-10
1956 .1645397E-10
1957 .1633987E-10
1958 .1622581E-10
1959 .1611180E-10
1960 .1599782E-10
1961 .1588390E-10
1962 .1576998E-10
1963 .1565614E-10
1964 .1554231E-10
1965 .1542854E-10
1966 .1531481E-10
1967 .1520110E-10
1968 .1508745E-10
1969 .1497382E-10
1970 .1486023E-10
1971 .1474669E-10
1972 .1463319E-10
1973 .1451972E-10
1974 .1440630E-10
1975 .1429292E-10
1976 .1417956E-10
1977 .1406626E-10
1978 .1395299E-10
1979 .1383976E-10
1980 .1372657E-10
1981 .1361342E-10
1982 .1350029E-10
1983 .1338722E-10
1984 .1327417E-10
1985 .1316117E-10
1986 .1304820E-10
1987 .1293529E-10
1988 .1282241E-10
1989 .1270956E-10
1990 .1259674E-10
1991 .1248398E-10
1992 .1237124E-10
1993 .1225856E-10
1994 .1214588E-10
1995 .1203327E-10
1996 .1192068E-10
1997 .1180814E-10
1998 .1169563E-10
1999 .1158315E-10
2000 .1147072E-10
2001 .1135833E-10
2002 .1124597E-10
2003 .1113365E-10
2004 .1102136E-10
2005 .1090912E-10
2006 .1079690E-10
2007 .1068472E-10
2008 .1057259E-10
2009 .1046049E-10
2010 .1034842E-10
2011 .1034687E-10
2012 .1034534E-10
2013 .1034380E-10
2014 .1034226E-10
2015 .1034072E-10
2016 .1033920E-10
2017 .1033767E-10
2018 .1033616E-10
2019 .1033465E-10
2020 .1033313E-10
2021 .1033162E-10
2022 .1033012E-10
2023 .1032861E-10
2024 .1032711E-10
2025 .1032562E-10
2026 .1032412E-10
2027 .1032265E-10
2028 .1032116E-10
2029 .1031968E-10
2030 .1031821E-10
2031 .1031675E-10
2032 .1031528E-10
2033 .1031381E-10
2034 .1031235E-10
2035 .1031089E-10
2036 .1030945E-10
2037 .1030801E-10
2038 .1030656E-10
2039 .1030513E-10
2040 .1030368E-10
2041 .1030226E-10
2042 .1030083E-10
2043 .1029941E-10
2044 .1029799E-10
2045 .1029658E-10
2046 .1029516E-10
2047 .1029376E-10
2048 .1029237E-10
2049 .1029097E-10
2050 .1028958E-10
2051 .1028819E-10
2052 .1028681E-10
2053 .1028544E-10
2054 .1028407E-10
2055 .1028269E-10
2056 .1028133E-10
2057 .1027997E-10
2058 .1027862E-10
2059 .1027726E-10
2060 .1027592E-10
2061 .1027458E-10
2062 .1027324E-10
2063 .1027191E-10
2064 .1027058E-10
2065 .1026925E-10
2066 .1026793E-10
2067 .1026662E-10
2068 .1026533E-10
2069 .1026401E-10
2070 .1026272E-10
2071 .1026142E-10
2072 .1026014E-10
2073 .1025885E-10
2074 .1025757E-10
2075 .1025630E-10
2076 .1025503E-10
2077 .1025376E-10
2078 .1025251E-10
2079 .1025125E-10
2080 .1025000E-10
2081 .1024877E-10
2082 .1024753E-10
2083 .1024629E-10
2084 .1024506E-10
2085 .1024384E-10
2086 .1024262E-10
2087 .1024141E-10
2088 .1024020E-10
2089 .1023900E-10
2090 .1023781E-10
2091 .1023662E-10
2092 .1023543E-10
2093 .1023425E-10
2094 .1023308E-10
2095 .1023191E-10
2096 .1023074E-10
2097 .1022958E-10
2098 .1022843E-10
2099 .1022728E-10
2100 .1022614E-10
2101 .1022500E-10
2102 .1022387E-10
2103 .1022275E-10
2104 .1022163E-10
2105 .1022051E-10
2106 .1021941E-10
2107 .1021830E-10
2108 .1021721E-10
2109 .1021612E-10
2110 .1021504E-10
2111 .1021396E-10
2112 .1021288E-10
2113 .1021182E-10
2114 .1021075E-10
2115 .1020970E-10
2116 .1020865E-10
2117 .1020761E-10
2118 .1020656E-10
2119 .1020553E-10
2120 .1020451E-10
2121 .1020348E-10
2122 .1020246E-10
2123 .1020147E-10
2124 .1020046E-10
2125 .1019946E-10
2126 .1019847E-10
2127 .1019748E-10
2128 .1019651E-10
2129 .1019554E-10
2130 .1019458E-10
2131 .1019362E-10
2132 .1019267E-10
2133 .1019171E-10
2134 .1019078E-10
2135 .1018985E-10
2136 .1018891E-10
2137 .1018800E-10
2138 .1018708E-10
2139 .1018618E-10
2140 .1018528E-10
2141 .1018437E-10
2142 .1018349E-10
2143 .1018261E-10
2144 .1018173E-10
2145 .1018086E-10
2146 .1018000E-10
2147 .1017915E-10
2148 .1017829E-10
2149 .1017745E-10
2150 .1017662E-10
2151 .1017579E-10
2152 .1017497E-10
2153 .1017414E-10
2154 .1017333E-10
2155 .1017253E-10
2156 .1017175E-10
2157 .1017096E-10
2158 .1017017E-10
2159 .1016940E-10
2160 .1016864E-10
2161 .1016787E-10
2162 .1016712E-10
2163 .1016637E-10
2164 .1016563E-10
2165 .1016489E-10
2166 .1016417E-10
2167 .1016345E-10
2168 .1016274E-10
2169 .1016204E-10
2170 .1016135E-10
2171 .1016065E-10
2172 .1015997E-10
2173 .1015930E-10
2174 .1015862E-10
2175 .1015796E-10
2176 .1015730E-10
2177 .1015666E-10
2178 .1015602E-10
2179 .1015538E-10
2180 .1015476E-10
2181 .1015414E-10
2182 .1015354E-10
2183 .1015294E-10
2184 .1015234E-10
2185 .1015175E-10
2186 .1015117E-10
2187 .1015060E-10
2188 .1015004E-10
2189 .1014948E-10
2190 .1014894E-10
2191 .1014839E-10
2192 .1014785E-10
2193 .1014733E-10
2194 .1014680E-10
2195 .1014631E-10
2196 .1014580E-10
2197 .1014530E-10
2198 .1014481E-10
2199 .1014433E-10
2200 .1014385E-10
2201 .1014340E-10
2202 .1014294E-10
2203 .1014248E-10
2204 .1014205E-10
2205 .1014161E-10
2206 .1014119E-10
2207 .1014076E-10
2208 .1014036E-10
2209 .1013996E-10
2210 .1013957E-10
2211 .1013919E-10
2212 .1013881E-10
2213 .1013845E-10
2214 .1013809E-10
2215 .1013773E-10
2216 .1013739E-10
2217 .1013706E-10
2218 .1013673E-10
2219 .1013640E-10
2220 .1013610E-10
2221 .1013580E-10
2222 .1013550E-10
2223 .1013521E-10
2224 .1013494E-10
2225 .1013468E-10
2226 .1013442E-10
2227 .1013415E-10
2228 .1013392E-10
2229 .1013368E-10
2230 .1013345E-10
2231 .1013323E-10
2232 .1013303E-10
2233 .1013283E-10
2234 .1013264E-10
2235 .1013246E-10
2236 .1013228E-10
2237 .1013213E-10
2238 .1013196E-10
2239 .1013182E-10
2240 .1013167E-10
2241 .1013155E-10
2242 .1013141E-10
2243 .1013131E-10
2244 .1013120E-10
2245 .1013110E-10
2246 .1013101E-10
2247 .1013094E-10
2248 .1013088E-10
2249 .1013081E-10
2250 .1013075E-10
2251 .1013071E-10
2252 .1013067E-10
2253 .1013064E-10
2254 .1013062E-10
2255 .1013060E-10
2256 .1013060E-10
2257 .1013060E-10
2258 .1013061E-10
2259 .1013063E-10
2260 .1013065E-10
2261 .1013069E-10
2262 .1013074E-10
2263 .1013078E-10
2264 .1013084E-10
2265 .1013091E-10
2266 .1013099E-10
2267 .1013107E-10
2268 .1013116E-10
2269 .1013126E-10
2270 .1013136E-10
2271 .1013147E-10
2272 .1013159E-10
2273 .1013173E-10
2274 .1013186E-10
2275 .1013201E-10
2276 .1013216E-10
2277 .1013232E-10
2278 .1013248E-10
2279 .1013266E-10
2280 .1013284E-10
2281 .1013302E-10
2282 .1013322E-10
2283 .1013342E-10
2284 .1013363E-10
2285 .1013385E-10
2286 .1013408E-10
2287 .1013431E-10
2288 .1013454E-10
2289 .1013479E-10
2290 .1013504E-10
2291 .1013530E-10
2292 .1013558E-10
2293 .1013584E-10
2294 .1013612E-10
2295 .1013642E-10
2296 .1013671E-10
2297 .1013700E-10
2298 .1013731E-10
2299 .1013763E-10
2300 .1013796E-10
2301 .1013828E-10
2302 .1013861E-10
2303 .1013895E-10
2304 .1013931E-10
2305 .1013966E-10
2306 .1014002E-10
2307 .1014039E-10
2308 .1014076E-10
2309 .1014115E-10
2310 .1014152E-10
2311 .1014193E-10
2312 .1014232E-10
2313 .1014273E-10
2314 .1014313E-10
2315 .1014357E-10
2316 .1014400E-10
2317 .1014442E-10
2318 .1014485E-10
2319 .1014530E-10
2320 .1014575E-10
2321 .1014621E-10
2322 .1014666E-10
2323 .1014713E-10
2324 .1014762E-10
2325 .1014809E-10
2326 .1014857E-10
2327 .1014906E-10
2328 .1014956E-10
2329 .1015006E-10
2330 .1015058E-10
2331 .1015109E-10
2332 .1015161E-10
2333 .1015213E-10
2334 .1015266E-10
2335 .1015320E-10
2336 .1015375E-10
2337 .1015429E-10
2338 .1015484E-10
2339 .1015541E-10
2340 .1015597E-10
2341 .1015654E-10
2342 .1015711E-10
2343 .1015770E-10
2344 .1015828E-10
2345 .1015887E-10
2346 .1015946E-10
2347 .1016008E-10
2348 .1016069E-10
2349 .1016130E-10
2350 .1016191E-10
2351 .1016253E-10
2352 .1016316E-10
2353 .1016380E-10
2354 .1016444E-10
2355 .1016508E-10
2356 .1016572E-10
2357 .1016638E-10
2358 .1016704E-10
2359 .1016769E-10
2360 .1016837E-10
2361 .1016904E-10
2362 .1016971E-10
2363 .1017039E-10
2364 .1017109E-10
2365 .1017177E-10
2366 .1017248E-10
2367 .1017317E-10
2368 .1017387E-10
2369 .1017458E-10
2370 .1017530E-10
2371 .1017602E-10
2372 .1017675E-10
2373 .1017747E-10
2374 .1017821E-10
2375 .1017893E-10
2376 .1017967E-10
2377 .1018042E-10
2378 .1018117E-10
2379 .1018193E-10
2380 .1018269E-10
2381 .1018345E-10
2382 .1018421E-10
2383 .1018498E-10
2384 .1018576E-10
2385 .1018654E-10
2386 .1018731E-10
2387 .1018810E-10
2388 .1018889E-10
2389 .1018969E-10
2390 .1019048E-10
2391 .1019128E-10
2392 .1019207E-10
2393 .1019289E-10
2394 .1019370E-10
2395 .1019453E-10
2396 .1019535E-10
2397 .1019618E-10
2398 .1019700E-10
2399 .1019783E-10
2400 .1019867E-10
2401 .1019951E-10
2402 .1020034E-10
2403 .1020119E-10
2404 .1020204E-10
2405 .1020290E-10
2406 .1020375E-10
2407 .1020460E-10
2408 .1020547E-10
2409 .1020634E-10
2410 .1020721E-10
2411 .1020808E-10
2412 .1020895E-10
2413 .1020983E-10
2414 .1021071E-10
2415 .1021160E-10
2416 .1021248E-10
2417 .1021336E-10
2418 .1021427E-10
2419 .1021516E-10
2420 .1021606E-10
2421 .1021698E-10
2422 .1021787E-10
2423 .1021878E-10
2424 .1021968E-10
2425 .1022060E-10
2426 .1022152E-10
2427 .1022244E-10
2428 .1022336E-10
2429 .1022429E-10
2430 .1022522E-10
2431 .1022614E-10
2432 .1022707E-10
2433 .1022801E-10
2434 .1022896E-10
2435 .1022989E-10
2436 .1023084E-10
2437 .1023178E-10
2438 .1023272E-10
2439 .1023368E-10
2440 .1023463E-10
2441 .1023559E-10
2442 .1023653E-10
2443 .1023750E-10
2444 .1023845E-10
2445 .1023942E-10
2446 .1024038E-10
2447 .1024136E-10
2448 .1024232E-10
2449 .1024329E-10
2450 .1024426E-10
2451 .1024523E-10
2452 .1024621E-10
2453 .1024719E-10
2454 .1024817E-10
2455 .1024916E-10
2456 .1025014E-10
2457 .1025113E-10
2458 .1025211E-10
2459 .1025310E-10
2460 .1025410E-10
2461 .1025508E-10
2462 .1025608E-10
2463 .1025708E-10
2464 .1025807E-10
2465 .1025907E-10
2466 .1026007E-10
2467 .1026107E-10
2468 .1026208E-10
2469 .1026308E-10
2470 .1026408E-10
2471 .1026509E-10
2472 .1026611E-10
2473 .1026711E-10
2474 .1026812E-10
2475 .1026914E-10
2476 .1027015E-10
2477 .1027116E-10
2478 .1027218E-10
2479 .1027320E-10
2480 .1027423E-10
2481 .1027523E-10
2482 .1027625E-10
2483 .1027727E-10
2484 .1027829E-10
2485 .1027931E-10
2486 .1028033E-10
2487 .1028136E-10
2488 .1028238E-10
2489 .1028340E-10
2490 .1028443E-10
2491 .1028547E-10
2492 .1028649E-10
2493 .1028752E-10
2494 .1028853E-10
2495 .1028958E-10
2496 .1029061E-10
2497 .1029164E-10
2498 .1029266E-10
2499 .1029370E-10
2500 .1029473E-10
