100 .4912960E-15
101 .4015349E-14
102 .1581447E-13
103 .4543643E-13
104 .1087567E-12
105 .2305496E-12
106 .4475493E-12
107 .8118656E-12
108 .1394508E-11
109 .2288664E-11
110 .3612244E-11
111 .5509155E-11
112 .8148703E-11
113 .1172253E-10
114 .1643858E-10
115 .2251180E-10
116 .3015137E-10
117 .3954470E-10
118 .5083890E-10
119 .6412040E-10
120 .7939427E-10
121 .9656465E-10
122 .1154188E-09
123 .1356156E-09
124 .1566830E-09
125 .1780215E-09
126 .1989772E-09
127 .2190766E-09
128 .2379567E-09
129 .2553366E-09
130 .2710258E-09
131 .2849269E-09
132 .2970334E-09
133 .3074232E-09
134 .3162482E-09
135 .3237244E-09
136 .3301188E-09
137 .3357396E-09
138 .3409180E-09
139 .3458324E-09
140 .3504916E-09
141 .3548965E-09
142 .3590495E-09
143 .3629546E-09
144 .3666183E-09
145 .3700508E-09
146 .3732663E-09
147 .3762836E-09
148 .3791259E-09
149 .3818209E-09
150 .3844011E-09
151 .3868996E-09
152 .3893404E-09
153 .3917443E-09
154 .3941304E-09
155 .3965174E-09
156 .3989225E-09
157 .4013627E-09
158 .4038543E-09
159 .4064122E-09
160 .4090517E-09
161 .4117867E-09
162 .4146316E-09
163 .4176002E-09
164 .4207059E-09
165 .4239625E-09
166 .4273837E-09
167 .4309834E-09
168 .4347755E-09
169 .4387746E-09
170 .4429958E-09
171 .4474544E-09
172 .4521669E-09
173 .4571504E-09
174 .4624228E-09
175 .4680034E-09
176 .4739079E-09
177 .4801357E-09
178 .4866813E-09
179 .4935390E-09
180 .5007033E-09
181 .5081673E-09
182 .5159245E-09
183 .5239669E-09
184 .5322868E-09
185 .5408754E-09
186 .5497229E-09
187 .5588190E-09
188 .5681524E-09
189 .5777110E-09
190 .5874814E-09
191 .5974491E-09
192 .6075988E-09
193 .6179138E-09
194 .6283759E-09
195 .6389663E-09
196 .6496640E-09
197 .6604473E-09
198 .6712926E-09
199 .6821750E-09
200 .6930684E-09
201 .7039490E-09
202 .7148096E-09
203 .7256471E-09
204 .7364585E-09
205 .7472405E-09
206 .7579899E-09
207 .7687035E-09
208 .7793781E-09
209 .7900102E-09
210 .8005970E-09
211 .8111349E-09
212 .8216209E-09
213 .8320516E-09
214 .8424241E-09
215 .8527349E-09
216 .8629812E-09
217 .8731598E-09
218 .8832679E-09
219 .8933025E-09
220 .9032607E-09
221 .9131399E-09
222 .9229374E-09
223 .9326505E-09
224 .9422768E-09
225 .9518137E-09
226 .9612605E-09
227 .9706207E-09
228 .9798995E-09
229 .9891027E-09
230 .9982355E-09
231 .1007305E-08
232 .1016318E-08
233 .1025281E-08
234 .1034200E-08
235 .1043085E-08
236 .1051942E-08
237 .1060780E-08
238 .1069608E-08
239 .1078433E-08
240 .1087266E-08
241 .1096117E-08
242 .1104994E-08
243 .1113908E-08
244 .1122870E-08
245 .1131891E-08
246 .1140982E-08
247 .1150155E-08
248 .1159422E-08
249 .1168794E-08
250 .1178287E-08
251 .1107019E-08
252 .1100239E-08
253 .9452414E-09
254 .7701233E-09
255 .8769279E-09
256 .1079359E-08
257 .9934103E-09
258 .9217903E-09
259 .9406294E-09
260 .9466065E-09
261 .1086355E-08
262 .1000957E-08
263 .9284280E-09
264 .1018056E-08
265 .1344081E-08
266 .1302746E-08
267 .1294458E-08
268 .1491084E-08
269 .1508090E-08
270 .1606234E-08
271 .1747294E-08
272 .1835247E-08
273 .1928461E-08
274 .1971165E-08
275 .2074150E-08
276 .2139752E-08
277 .2215776E-08
278 .2213286E-08
279 .2318978E-08
280 .2495573E-08
281 .2716338E-08
282 .2965800E-08
283 .3114041E-08
284 .3320267E-08
285 .3753375E-08
286 .4396798E-08
287 .4892594E-08
288 .5365824E-08
289 .5457874E-08
290 .5666335E-08
291 .5792148E-08
292 .5779319E-08
293 .5755926E-08
294 .5735609E-08
295 .5668737E-08
296 .5544622E-08
297 .5548115E-08
298 .5495697E-08
299 .5328572E-08
300 .5158914E-08
301 .5073084E-08
302 .5049930E-08
303 .5142571E-08
304 .5207675E-08
305 .5167279E-08
306 .5045772E-08
307 .5436200E-08
308 .5815274E-08
309 .5871009E-08
310 .6415712E-08
311 .6530799E-08
312 .6628041E-08
313 .6946894E-08
314 .7020080E-08
315 .6779976E-08
316 .7104823E-08
317 .7306523E-08
318 .7124857E-08
319 .6947485E-08
320 .6958606E-08
321 .6458687E-08
322 .6325783E-08
323 .5934488E-08
324 .5772951E-08
325 .5590038E-08
326 .5514712E-08
327 .5488459E-08
328 .5496104E-08
329 .5552185E-08
330 .5663543E-08
331 .5756341E-08
332 .6204946E-08
333 .6432305E-08
334 .6698417E-08
335 .6968177E-08
336 .7165985E-08
337 .7033947E-08
338 .6926911E-08
339 .6725508E-08
340 .6928872E-08
341 .7234620E-08
342 .7523444E-08
343 .7943058E-08
344 .8225653E-08
345 .8338311E-08
346 .8710353E-08
347 .8791693E-08
348 .8741381E-08
349 .8916002E-08
350 .9261629E-08
351 .9392186E-08
352 .9352443E-08
353 .9309513E-08
354 .9026225E-08
355 .8716469E-08
356 .8477860E-08
357 .8101826E-08
358 .7821442E-08
359 .7438016E-08
360 .7197429E-08
361 .7183633E-08
362 .6452258E-08
363 .6016798E-08
364 .5890415E-08
365 .5214467E-08
366 .4278202E-08
367 .4118963E-08
368 .3887381E-08
369 .3541467E-08
370 .3348520E-08
371 .3601466E-08
372 .3508227E-08
373 .3738136E-08
374 .3892460E-08
375 .4124565E-08
376 .4352385E-08
377 .4724862E-08
378 .4903964E-08
379 .4980205E-08
380 .5678666E-08
381 .6229698E-08
382 .5872399E-08
383 .6421433E-08
384 .7115058E-08
385 .7748616E-08
386 .8402778E-08
387 .8879296E-08
388 .9168999E-08
389 .9215248E-08
390 .9234724E-08
391 .8991584E-08
392 .8966567E-08
393 .8857366E-08
394 .8516566E-08
395 .8601751E-08
396 .8268792E-08
397 .8008081E-08
398 .7727250E-08
399 .7670162E-08
400 .7795931E-08
401 .7870978E-08
402 .8192803E-08
403 .8512188E-08
404 .8801053E-08
405 .9114384E-08
406 .9464464E-08
407 .9666732E-08
408 .9679065E-08
409 .9570811E-08
410 .9463398E-08
411 .9213292E-08
412 .8944926E-08
413 .8792765E-08
414 .8554169E-08
415 .8391247E-08
416 .8197786E-08
417 .8035988E-08
418 .7842604E-08
419 .7584827E-08
420 .7271058E-08
421 .6846796E-08
422 .6450828E-08
423 .6053236E-08
424 .5653134E-08
425 .5312433E-08
426 .4943747E-08
427 .4679455E-08
428 .4419518E-08
429 .4393389E-08
430 .4288858E-08
431 .4398263E-08
432 .4628786E-08
433 .4807012E-08
434 .5009563E-08
435 .5291235E-08
436 .5483468E-08
437 .5727440E-08
438 .5854183E-08
439 .5826475E-08
440 .5794108E-08
441 .5665685E-08
442 .5662652E-08
443 .5712031E-08
444 .5911117E-08
445 .6177493E-08
446 .6466823E-08
447 .6798246E-08
448 .6922657E-08
449 .7072052E-08
450 .7111305E-08
451 .7099822E-08
452 .7027885E-08
453 .6916103E-08
454 .6776167E-08
455 .6651261E-08
456 .6605175E-08
457 .6469316E-08
458 .6396541E-08
459 .6307514E-08
460 .6061882E-08
461 .5780583E-08
462 .5376401E-08
463 .5045342E-08
464 .4774095E-08
465 .4586651E-08
466 .4508897E-08
467 .4433753E-08
468 .4408361E-08
469 .4302780E-08
470 .4169925E-08
471 .3973509E-08
472 .3833498E-08
473 .3725581E-08
474 .3621637E-08
475 .3594629E-08
476 .3614608E-08
477 .3639831E-08
478 .3659377E-08
479 .3665167E-08
480 .3608860E-08
481 .3518780E-08
482 .3378757E-08
483 .3235605E-08
484 .3061433E-08
485 .2920188E-08
486 .2813962E-08
487 .2771989E-08
488 .2821380E-08
489 .2860590E-08
490 .2957404E-08
491 .2999571E-08
492 .3043240E-08
493 .3070513E-08
494 .3094702E-08
495 .3144912E-08
496 .3162338E-08
497 .3206618E-08
498 .3218986E-08
499 .3242144E-08
500 .3361273E-08
501 .3452214E-08
502 .3560635E-08
503 .3695360E-08
504 .3819551E-08
505 .3966992E-08
506 .4080686E-08
507 .4208976E-08
508 .4315181E-08
509 .4378120E-08
510 .4453053E-08
511 .4446014E-08
512 .4424767E-08
513 .4397773E-08
514 .4362259E-08
515 .4329983E-08
516 .4365204E-08
517 .4316517E-08
518 .4230901E-08
519 .4133430E-08
520 .3969022E-08
521 .3786942E-08
522 .3603074E-08
523 .3394541E-08
524 .3224452E-08
525 .3065944E-08
526 .2981247E-08
527 .2930911E-08
528 .2911003E-08
529 .2920127E-08
530 .2959379E-08
531 .2991144E-08
532 .3059783E-08
533 .3099713E-08
534 .3123460E-08
535 .3138730E-08
536 .3119315E-08
537 .3081485E-08
538 .3015804E-08
539 .2943566E-08
540 .2863437E-08
541 .2768821E-08
542 .2690246E-08
543 .2635875E-08
544 .2604695E-08
545 .2614906E-08
546 .2679459E-08
547 .2777711E-08
548 .2909087E-08
549 .3041102E-08
550 .3193226E-08
551 .3298232E-08
552 .3405540E-08
553 .3482261E-08
554 .3520476E-08
555 .3521770E-08
556 .3495502E-08
557 .3506446E-08
558 .3504775E-08
559 .3555595E-08
560 .3535169E-08
561 .3535567E-08
562 .3526930E-08
563 .3511454E-08
564 .3491516E-08
565 .3431828E-08
566 .3408379E-08
567 .3368539E-08
568 .3331641E-08
569 .3298599E-08
570 .3237555E-08
571 .3167614E-08
572 .3092330E-08
573 .3012593E-08
574 .2987676E-08
575 .2942298E-08
576 .2936677E-08
577 .2955255E-08
578 .2958354E-08
579 .2975382E-08
580 .3025471E-08
581 .3047240E-08
582 .3074339E-08
583 .3095066E-08
584 .3109139E-08
585 .3118674E-08
586 .3090192E-08
587 .3095884E-08
588 .3022749E-08
589 .2919693E-08
590 .2947304E-08
591 .3060508E-08
592 .3028563E-08
593 .2907538E-08
594 .2736947E-08
595 .2558735E-08
596 .2386498E-08
597 .2236538E-08
598 .2087573E-08
599 .1977040E-08
600 .1857899E-08
601 .1762195E-08
602 .1646336E-08
603 .1562687E-08
604 .1455101E-08
605 .1354328E-08
606 .1268550E-08
607 .1215329E-08
608 .1182751E-08
609 .1177271E-08
610 .1184994E-08
611 .1217462E-08
612 .1244238E-08
613 .1306473E-08
614 .1387220E-08
615 .1481442E-08
616 .1612632E-08
617 .1749870E-08
618 .1868485E-08
619 .2004214E-08
620 .2147425E-08
621 .2276789E-08
622 .2386045E-08
623 .2472767E-08
624 .2547784E-08
625 .2609163E-08
626 .2665116E-08
627 .2743174E-08
628 .2753174E-08
629 .2811103E-08
630 .2845564E-08
631 .2870330E-08
632 .2855900E-08
633 .2866624E-08
634 .2870594E-08
635 .2874079E-08
636 .2856150E-08
637 .2835489E-08
638 .2804142E-08
639 .2770028E-08
640 .2739337E-08
641 .2671962E-08
642 .2634658E-08
643 .2590649E-08
644 .2552458E-08
645 .2490184E-08
646 .2463949E-08
647 .2435422E-08
648 .2411485E-08
649 .2359492E-08
650 .2334710E-08
651 .2313169E-08
652 .2287112E-08
653 .2239261E-08
654 .2225909E-08
655 .2202223E-08
656 .2170938E-08
657 .2140177E-08
658 .2106231E-08
659 .2065594E-08
660 .2047207E-08
661 .2024880E-08
662 .2003430E-08
663 .1978036E-08
664 .1935053E-08
665 .1922020E-08
666 .1911414E-08
667 .1876307E-08
668 .1847702E-08
669 .1825498E-08
670 .1784407E-08
671 .1760880E-08
672 .1737790E-08
673 .1714992E-08
674 .1680845E-08
675 .1676839E-08
676 .1644118E-08
677 .1644896E-08
678 .1619270E-08
679 .1607725E-08
680 .1589777E-08
681 .1594085E-08
682 .1567395E-08
683 .1534040E-08
684 .1513168E-08
685 .1477669E-08
686 .1504372E-08
687 .1463419E-08
688 .1462832E-08
689 .1428521E-08
690 .1453768E-08
691 .1423656E-08
692 .1415551E-08
693 .1418178E-08
694 .1402201E-08
695 .1409822E-08
696 .1393178E-08
697 .1375642E-08
698 .1373922E-08
699 .1366725E-08
700 .1349272E-08
701 .1349216E-08
702 .1352517E-08
703 .1338922E-08
704 .1347156E-08
705 .1337753E-08
706 .1331258E-08
707 .1333927E-08
708 .1327330E-08
709 .1319943E-08
710 .1322319E-08
711 .1310082E-08
712 .1301321E-08
713 .1289160E-08
714 .1263180E-08
715 .1248778E-08
716 .1237032E-08
717 .1220977E-08
718 .1243718E-08
719 .1233554E-08
720 .1210172E-08
721 .1205973E-08
722 .1193643E-08
723 .1182788E-08
724 .1183482E-08
725 .1146594E-08
726 .1132402E-08
727 .1133196E-08
728 .1118630E-08
729 .1106654E-08
730 .1102981E-08
731 .1096683E-08
732 .1065711E-08
733 .1056682E-08
734 .1035711E-08
735 .1021282E-08
736 .1015312E-08
737 .1007915E-08
738 .9899384E-09
739 .9704850E-09
740 .9559072E-09
741 .9407863E-09
742 .9124345E-09
743 .9138079E-09
744 .8937342E-09
745 .8779951E-09
746 .8833882E-09
747 .8688229E-09
748 .8683809E-09
749 .8924015E-09
750 .9011290E-09
751 .9040566E-09
752 .9125077E-09
753 .9128067E-09
754 .9050551E-09
755 .8850804E-09
756 .8746527E-09
757 .8217853E-09
758 .8056842E-09
759 .8438357E-09
760 .8511786E-09
761 .8920931E-09
762 .9275007E-09
763 .9151148E-09
764 .9445532E-09
765 .9636278E-09
766 .9376857E-09
767 .9444524E-09
768 .9311022E-09
769 .9432331E-09
770 .9444013E-09
771 .9398432E-09
772 .9438116E-09
773 .9481802E-09
774 .9505772E-09
775 .9459354E-09
776 .9477879E-09
777 .9626211E-09
778 .9701933E-09
779 .9493188E-09
780 .9403099E-09
781 .9539439E-09
782 .9391317E-09
783 .9038967E-09
784 .9139770E-09
785 .9148391E-09
786 .8841058E-09
787 .8460994E-09
788 .8702762E-09
789 .8563234E-09
790 .8098945E-09
791 .8036232E-09
792 .8205552E-09
793 .7851139E-09
794 .7422181E-09
795 .7385005E-09
796 .7206433E-09
797 .6790899E-09
798 .6438172E-09
799 .6527782E-09
800 .6460617E-09
801 .6140745E-09
802 .5966867E-09
803 .6148024E-09
804 .6055954E-09
805 .5923863E-09
806 .5712767E-09
807 .5728716E-09
808 .5754945E-09
809 .5485097E-09
810 .5248763E-09
811 .5334528E-09
812 .5268348E-09
813 .4938958E-09
814 .4879321E-09
815 .4889315E-09
816 .4870339E-09
817 .4829268E-09
818 .4676831E-09
819 .4832635E-09
820 .4938647E-09
821 .4875735E-09
822 .4817710E-09
823 .4939955E-09
824 .5059932E-09
825 .4916574E-09
826 .5205903E-09
827 .5283212E-09
828 .5436906E-09
829 .5337179E-09
830 .5488014E-09
831 .5897949E-09
832 .5931667E-09
833 .5762084E-09
834 .5950628E-09
835 .6435646E-09
836 .6493750E-09
837 .6458070E-09
838 .6669196E-09
839 .7033136E-09
840 .7125010E-09
841 .6985450E-09
842 .7125704E-09
843 .7503572E-09
844 .7569678E-09
845 .7363834E-09
846 .7502984E-09
847 .7819535E-09
848 .7852461E-09
849 .7545093E-09
850 .7562249E-09
851 .7887829E-09
852 .7938255E-09
853 .7603032E-09
854 .7684873E-09
855 .7858388E-09
856 .7642022E-09
857 .7543129E-09
858 .7641993E-09
859 .7837348E-09
860 .7615360E-09
861 .7373866E-09
862 .7460511E-09
863 .7635358E-09
864 .7512630E-09
865 .7235974E-09
866 .7470013E-09
867 .7634233E-09
868 .7361875E-09
869 .7084133E-09
870 .7235808E-09
871 .7423588E-09
872 .7147150E-09
873 .6758579E-09
874 .6723084E-09
875 .7062282E-09
876 .6800818E-09
877 .6518722E-09
878 .6506632E-09
879 .6740356E-09
880 .6451746E-09
881 .6125167E-09
882 .6023345E-09
883 .6161987E-09
884 .6247991E-09
885 .5915928E-09
886 .5734043E-09
887 .5860168E-09
888 .5912517E-09
889 .5733835E-09
890 .5495240E-09
891 .5565325E-09
892 .5653253E-09
893 .5789838E-09
894 .5671655E-09
895 .5522879E-09
896 .5386360E-09
897 .5282904E-09
898 .5437899E-09
899 .5516247E-09
900 .5662731E-09
901 .5327562E-09
902 .5208182E-09
903 .5343387E-09
904 .5469713E-09
905 .5349978E-09
906 .5367749E-09
907 .5250146E-09
908 .5302237E-09
909 .5330183E-09
910 .5293949E-09
911 .5468355E-09
912 .5407280E-09
913 .5339788E-09
914 .5528026E-09
915 .5445175E-09
916 .5366845E-09
917 .5563133E-09
918 .5495594E-09
919 .5834097E-09
920 .5624298E-09
921 .5796159E-09
922 .5774088E-09
923 .5730713E-09
924 .5614335E-09
925 .5611229E-09
926 .5760557E-09
927 .5644354E-09
928 .5490541E-09
929 .5457776E-09
930 .5207769E-09
931 .4748353E-09
932 .4227997E-09
933 .4191853E-09
934 .3667317E-09
935 .3937392E-09
936 .3746395E-09
937 .4032513E-09
938 .3819355E-09
939 .4532408E-09
940 .4720817E-09
941 .4603723E-09
942 .4302671E-09
943 .3878382E-09
944 .3797449E-09
945 .3981163E-09
946 .3826280E-09
947 .3951489E-09
948 .4071692E-09
949 .4095592E-09
950 .3500313E-09
951 .4114469E-09
952 .3635435E-09
953 .3740664E-09
954 .3924354E-09
955 .3793340E-09
956 .3816370E-09
957 .3553845E-09
958 .3950135E-09
959 .3577843E-09
960 .3757295E-09
961 .3705326E-09
962 .3802996E-09
963 .3734147E-09
964 .3711410E-09
965 .3690753E-09
966 .3890589E-09
967 .3484017E-09
968 .3630821E-09
969 .3579602E-09
970 .3549706E-09
971 .3659059E-09
972 .3467643E-09
973 .3655938E-09
974 .3472083E-09
975 .3446596E-09
976 .3341454E-09
977 .3567725E-09
978 .3434624E-09
979 .3386216E-09
980 .3447949E-09
981 .3246619E-09
982 .3339588E-09
983 .3403042E-09
984 .3443320E-09
985 .3396161E-09
986 .3358010E-09
987 .3295001E-09
988 .3462746E-09
989 .3276887E-09
990 .3333031E-09
991 .3048827E-09
992 .3340251E-09
993 .3028459E-09
994 .3029260E-09
995 .3341692E-09
996 .3161319E-09
997 .3170110E-09
998 .3174512E-09
999 .3191400E-09
1000 .3204882E-09
1001 .3190821E-09
1002 .3176769E-09
1003 .3162723E-09
1004 .3148680E-09
1005 .3134643E-09
1006 .3120611E-09
1007 .3106584E-09
1008 .3092557E-09
1009 .3078537E-09
1010 .3064523E-09
1011 .3050509E-09
1012 .3036500E-09
1013 .3022494E-09
1014 .3008489E-09
1015 .2994492E-09
1016 .2980493E-09
1017 .2966498E-09
1018 .2952506E-09
1019 .2938515E-09
1020 .2924527E-09
1021 .2910542E-09
1022 .2896557E-09
1023 .2882571E-09
1024 .2868589E-09
1025 .2854606E-09
1026 .2840627E-09
1027 .2826650E-09
1028 .2812670E-09
1029 .2798691E-09
1030 .2784710E-09
1031 .2770729E-09
1032 .2756754E-09
1033 .2742774E-09
1034 .2728794E-09
1035 .2714816E-09
1036 .2700836E-09
1037 .2686852E-09
1038 .2672870E-09
1039 .2658886E-09
1040 .2644900E-09
1041 .2630914E-09
1042 .2616924E-09
1043 .2602938E-09
1044 .2588944E-09
1045 .2574950E-09
1046 .2560953E-09
1047 .2546958E-09
1048 .2532957E-09
1049 .2518953E-09
1050 .2504948E-09
1051 .2490943E-09
1052 .2476935E-09
1053 .2462922E-09
1054 .2448908E-09
1055 .2434894E-09
1056 .2420875E-09
1057 .2406852E-09
1058 .2392828E-09
1059 .2378801E-09
1060 .2364774E-09
1061 .2350740E-09
1062 .2336703E-09
1063 .2322665E-09
1064 .2308623E-09
1065 .2294576E-09
1066 .2280529E-09
1067 .2266478E-09
1068 .2252424E-09
1069 .2238366E-09
1070 .2224303E-09
1071 .2210240E-09
1072 .2196170E-09
1073 .2182100E-09
1074 .2168025E-09
1075 .2153943E-09
1076 .2139863E-09
1077 .2125774E-09
1078 .2111683E-09
1079 .2097590E-09
1080 .2083490E-09
1081 .2069389E-09
1082 .2055281E-09
1083 .2041171E-09
1084 .2027054E-09
1085 .2012934E-09
1086 .1998811E-09
1087 .1984683E-09
1088 .1970553E-09
1089 .1956415E-09
1090 .1942271E-09
1091 .1928126E-09
1092 .1913978E-09
1093 .1899822E-09
1094 .1885662E-09
1095 .1871494E-09
1096 .1857327E-09
1097 .1843151E-09
1098 .1828974E-09
1099 .1814788E-09
1100 .1800599E-09
1101 .1786404E-09
1102 .1772203E-09
1103 .1757999E-09
1104 .1743789E-09
1105 .1729574E-09
1106 .1715353E-09
1107 .1701127E-09
1108 .1686896E-09
1109 .1672659E-09
1110 .1658417E-09
1111 .1644169E-09
1112 .1629917E-09
1113 .1615657E-09
1114 .1601393E-09
1115 .1587122E-09
1116 .1572846E-09
1117 .1558565E-09
1118 .1544277E-09
1119 .1529982E-09
1120 .1515684E-09
1121 .1501376E-09
1122 .1487067E-09
1123 .1472749E-09
1124 .1458425E-09
1125 .1444095E-09
1126 .1429760E-09
1127 .1415417E-09
1128 .1401069E-09
1129 .1386715E-09
1130 .1372355E-09
1131 .1372685E-09
1132 .1373016E-09
1133 .1373351E-09
1134 .1373683E-09
1135 .1374016E-09
1136 .1374353E-09
1137 .1374687E-09
1138 .1375023E-09
1139 .1375359E-09
1140 .1375698E-09
1141 .1376035E-09
1142 .1376373E-09
1143 .1376714E-09
1144 .1377053E-09
1145 .1377394E-09
1146 .1377733E-09
1147 .1378074E-09
1148 .1378418E-09
1149 .1378758E-09
1150 .1379102E-09
1151 .1379446E-09
1152 .1379789E-09
1153 .1380134E-09
1154 .1380479E-09
1155 .1380825E-09
1156 .1381170E-09
1157 .1381516E-09
1158 .1381862E-09
1159 .1382211E-09
1160 .1382556E-09
1161 .1382906E-09
1162 .1383253E-09
1163 .1383602E-09
1164 .1383951E-09
1165 .1384297E-09
1166 .1384648E-09
1167 .1384997E-09
1168 .1385347E-09
1169 .1385699E-09
1170 .1386049E-09
1171 .1386400E-09
1172 .1386748E-09
1173 .1387103E-09
1174 .1387452E-09
1175 .1387804E-09
1176 .1388155E-09
1177 .1388506E-09
1178 .1388858E-09
1179 .1389211E-09
1180 .1389563E-09
1181 .1389915E-09
1182 .1390267E-09
1183 .1390619E-09
1184 .1390974E-09
1185 .1391323E-09
1186 .1391676E-09
1187 .1392030E-09
1188 .1392381E-09
1189 .1392735E-09
1190 .1393086E-09
1191 .1393439E-09
1192 .1393791E-09
1193 .1394142E-09
1194 .1394495E-09
1195 .1394844E-09
1196 .1395198E-09
1197 .1395550E-09
1198 .1395902E-09
1199 .1396252E-09
1200 .1396605E-09
1201 .1396954E-09
1202 .1397307E-09
1203 .1397656E-09
1204 .1398006E-09
1205 .1398359E-09
1206 .1398706E-09
1207 .1399055E-09
1208 .1399405E-09
1209 .1399754E-09
1210 .1400102E-09
1211 .1400451E-09
1212 .1400798E-09
1213 .1401144E-09
1214 .1401492E-09
1215 .1401842E-09
1216 .1402185E-09
1217 .1402533E-09
1218 .1402876E-09
1219 .1403222E-09
1220 .1403567E-09
1221 .1403909E-09
1222 .1404253E-09
1223 .1404597E-09
1224 .1404938E-09
1225 .1405281E-09
1226 .1405623E-09
1227 .1405962E-09
1228 .1406304E-09
1229 .1406644E-09
1230 .1406980E-09
1231 .1407319E-09
1232 .1407657E-09
1233 .1407993E-09
1234 .1408329E-09
1235 .1408666E-09
1236 .1408997E-09
1237 .1409333E-09
1238 .1409666E-09
1239 .1409998E-09
1240 .1410331E-09
1241 .1410661E-09
1242 .1410991E-09
1243 .1411320E-09
1244 .1411649E-09
1245 .1411975E-09
1246 .1412301E-09
1247 .1412629E-09
1248 .1412953E-09
1249 .1413277E-09
1250 .1413598E-09
1251 .1414246E-09
1252 .1414896E-09
1253 .1415540E-09
1254 .1416185E-09
1255 .1416825E-09
1256 .1417468E-09
1257 .1418107E-09
1258 .1418743E-09
1259 .1419382E-09
1260 .1420018E-09
1261 .1420650E-09
1262 .1421283E-09
1263 .1421910E-09
1264 .1422539E-09
1265 .1423166E-09
1266 .1423791E-09
1267 .1424417E-09
1268 .1425038E-09
1269 .1425657E-09
1270 .1426278E-09
1271 .1426893E-09
1272 .1427505E-09
1273 .1428119E-09
1274 .1428733E-09
1275 .1429343E-09
1276 .1429948E-09
1277 .1430555E-09
1278 .1431159E-09
1279 .1431761E-09
1280 .1432362E-09
1281 .1432961E-09
1282 .1433555E-09
1283 .1434152E-09
1284 .1434746E-09
1285 .1435335E-09
1286 .1435923E-09
1287 .1436511E-09
1288 .1437094E-09
1289 .1437676E-09
1290 .1438258E-09
1291 .1438837E-09
1292 .1439416E-09
1293 .1439988E-09
1294 .1440565E-09
1295 .1441134E-09
1296 .1441704E-09
1297 .1442272E-09
1298 .1442836E-09
1299 .1443402E-09
1300 .1443963E-09
1301 .1444526E-09
1302 .1445083E-09
1303 .1445638E-09
1304 .1446194E-09
1305 .1446746E-09
1306 .1447298E-09
1307 .1447848E-09
1308 .1448395E-09
1309 .1448941E-09
1310 .1449485E-09
1311 .1450027E-09
1312 .1450569E-09
1313 .1451108E-09
1314 .1451645E-09
1315 .1452181E-09
1316 .1452713E-09
1317 .1453247E-09
1318 .1453779E-09
1319 .1454305E-09
1320 .1454834E-09
1321 .1455359E-09
1322 .1455882E-09
1323 .1456405E-09
1324 .1456926E-09
1325 .1457444E-09
1326 .1457963E-09
1327 .1458477E-09
1328 .1458991E-09
1329 .1459506E-09
1330 .1460017E-09
1331 .1460524E-09
1332 .1461034E-09
1333 .1461540E-09
1334 .1462044E-09
1335 .1462548E-09
1336 .1463051E-09
1337 .1463552E-09
1338 .1464049E-09
1339 .1464548E-09
1340 .1465043E-09
1341 .1465538E-09
1342 .1466032E-09
1343 .1466521E-09
1344 .1467013E-09
1345 .1467500E-09
1346 .1467988E-09
1347 .1468474E-09
1348 .1468957E-09
1349 .1469441E-09
1350 .1469924E-09
1351 .1470405E-09
1352 .1470882E-09
1353 .1471363E-09
1354 .1471836E-09
1355 .1472310E-09
1356 .1472784E-09
1357 .1473259E-09
1358 .1473728E-09
1359 .1474198E-09
1360 .1474665E-09
1361 .1475133E-09
1362 .1475602E-09
1363 .1476063E-09
1364 .1476527E-09
1365 .1476989E-09
1366 .1477450E-09
1367 .1477912E-09
1368 .1478370E-09
1369 .1478824E-09
1370 .1479280E-09
1371 .1471946E-09
1372 .1464608E-09
1373 .1457265E-09
1374 .1449914E-09
1375 .1442554E-09
1376 .1435193E-09
1377 .1427824E-09
1378 .1420448E-09
1379 .1413071E-09
1380 .1405683E-09
1381 .1398292E-09
1382 .1390893E-09
1383 .1383492E-09
1384 .1376081E-09
1385 .1368668E-09
1386 .1361247E-09
1387 .1353822E-09
1388 .1346391E-09
1389 .1338954E-09
1390 .1331512E-09
1391 .1324065E-09
1392 .1316613E-09
1393 .1309154E-09
1394 .1301690E-09
1395 .1294222E-09
1396 .1286747E-09
1397 .1279268E-09
1398 .1271783E-09
1399 .1264292E-09
1400 .1256798E-09
1401 .1249297E-09
1402 .1241790E-09
1403 .1234280E-09
1404 .1226765E-09
1405 .1219244E-09
1406 .1211716E-09
1407 .1204184E-09
1408 .1196648E-09
1409 .1189106E-09
1410 .1181559E-09
1411 .1174007E-09
1412 .1166452E-09
1413 .1158889E-09
1414 .1151323E-09
1415 .1143751E-09
1416 .1136175E-09
1417 .1128594E-09
1418 .1121007E-09
1419 .1113416E-09
1420 .1105820E-09
1421 .1098220E-09
1422 .1090615E-09
1423 .1083004E-09
1424 .1075389E-09
1425 .1067770E-09
1426 .1060145E-09
1427 .1052515E-09
1428 .1044881E-09
1429 .1037243E-09
1430 .1029599E-09
1431 .1021952E-09
1432 .1014299E-09
1433 .1006642E-09
1434 .9989807E-10
1435 .9913142E-10
1436 .9836433E-10
1437 .9759678E-10
1438 .9682883E-10
1439 .9606031E-10
1440 .9529145E-10
1441 .9452214E-10
1442 .9375231E-10
1443 .9298206E-10
1444 .9221134E-10
1445 .9144025E-10
1446 .9066873E-10
1447 .8989661E-10
1448 .8912418E-10
1449 .8835134E-10
1450 .8757796E-10
1451 .8680420E-10
1452 .8603004E-10
1453 .8525543E-10
1454 .8448031E-10
1455 .8370484E-10
1456 .8292888E-10
1457 .8215258E-10
1458 .8137578E-10
1459 .8059857E-10
1460 .7982090E-10
1461 .7904283E-10
1462 .7826438E-10
1463 .7748543E-10
1464 .7670615E-10
1465 .7592639E-10
1466 .7514625E-10
1467 .7436565E-10
1468 .7358456E-10
1469 .7280325E-10
1470 .7202136E-10
1471 .7123913E-10
1472 .7045642E-10
1473 .6967339E-10
1474 .6888984E-10
1475 .6810595E-10
1476 .6732161E-10
1477 .6653693E-10
1478 .6575177E-10
1479 .6496621E-10
1480 .6418023E-10
1481 .6339389E-10
1482 .6260709E-10
1483 .6181992E-10
1484 .6103230E-10
1485 .6024427E-10
1486 .5945590E-10
1487 .5866709E-10
1488 .5787786E-10
1489 .5708823E-10
1490 .5629821E-10
1491 .5550778E-10
1492 .5471692E-10
1493 .5392569E-10
1494 .5313396E-10
1495 .5234191E-10
1496 .5154944E-10
1497 .5075658E-10
1498 .4996324E-10
1499 .4916957E-10
1500 .4837545E-10
1501 .4838749E-10
1502 .4839952E-10
1503 .4841157E-10
1504 .4842358E-10
1505 .4843559E-10
1506 .4844758E-10
1507 .4845957E-10
1508 .4847159E-10
1509 .4848363E-10
1510 .4849560E-10
1511 .4850754E-10
1512 .4851951E-10
1513 .4853152E-10
1514 .4854345E-10
1515 .4855542E-10
1516 .4856738E-10
1517 .4857934E-10
1518 .4859126E-10
1519 .4860321E-10
1520 .4861512E-10
1521 .4862708E-10
1522 .4863896E-10
1523 .4865090E-10
1524 .4866276E-10
1525 .4867467E-10
1526 .4868657E-10
1527 .4869845E-10
1528 .4871031E-10
1529 .4872217E-10
1530 .4873407E-10
1531 .4874586E-10
1532 .4875773E-10
1533 .4876954E-10
1534 .4878138E-10
1535 .4879318E-10
1536 .4880501E-10
1537 .4881682E-10
1538 .4882860E-10
1539 .4884039E-10
1540 .4885216E-10
1541 .4886396E-10
1542 .4887566E-10
1543 .4888748E-10
1544 .4889920E-10
1545 .4891091E-10
1546 .4892265E-10
1547 .4893439E-10
1548 .4894607E-10
1549 .4895779E-10
1550 .4896943E-10
1551 .4898113E-10
1552 .4899280E-10
1553 .4900444E-10
1554 .4901608E-10
1555 .4902776E-10
1556 .4903936E-10
1557 .4905097E-10
1558 .4906260E-10
1559 .4907417E-10
1560 .4908576E-10
1561 .4909732E-10
1562 .4910889E-10
1563 .4912043E-10
1564 .4913197E-10
1565 .4914349E-10
1566 .4915503E-10
1567 .4916658E-10
1568 .4917806E-10
1569 .4918951E-10
1570 .4920095E-10
1571 .4921243E-10
1572 .4922389E-10
1573 .4923535E-10
1574 .4924678E-10
1575 .4925816E-10
1576 .4926955E-10
1577 .4928097E-10
1578 .4929232E-10
1579 .4930366E-10
1580 .4931505E-10
1581 .4932634E-10
1582 .4933769E-10
1583 .4934898E-10
1584 .4936030E-10
1585 .4937158E-10
1586 .4938285E-10
1587 .4939408E-10
1588 .4940533E-10
1589 .4941657E-10
1590 .4942780E-10
1591 .4943896E-10
1592 .4945018E-10
1593 .4946134E-10
1594 .4947250E-10
1595 .4948364E-10
1596 .4949472E-10
1597 .4950586E-10
1598 .4951697E-10
1599 .4952805E-10
1600 .4953910E-10
1601 .4955017E-10
1602 .4956117E-10
1603 .4957221E-10
1604 .4958321E-10
1605 .4959422E-10
1606 .4960518E-10
1607 .4961617E-10
1608 .4962710E-10
1609 .4963798E-10
1610 .4964889E-10
1611 .4965981E-10
1612 .4967066E-10
1613 .4968153E-10
1614 .4969240E-10
1615 .4970319E-10
1616 .4971399E-10
1617 .4972478E-10
1618 .4973556E-10
1619 .4974631E-10
1620 .4975710E-10
1621 .4976777E-10
1622 .4977849E-10
1623 .4978916E-10
1624 .4979986E-10
1625 .4981048E-10
1626 .4980914E-10
1627 .4980771E-10
1628 .4980636E-10
1629 .4980501E-10
1630 .4980364E-10
1631 .4980224E-10
1632 .4980088E-10
1633 .4979947E-10
1634 .4979813E-10
1635 .4979675E-10
1636 .4979534E-10
1637 .4979397E-10
1638 .4979257E-10
1639 .4979117E-10
1640 .4978976E-10
1641 .4978835E-10
1642 .4978692E-10
1643 .4978556E-10
1644 .4978413E-10
1645 .4978272E-10
1646 .4978130E-10
1647 .4977987E-10
1648 .4977842E-10
1649 .4977700E-10
1650 .4977558E-10
1651 .4977413E-10
1652 .4977265E-10
1653 .4977120E-10
1654 .4976974E-10
1655 .4976829E-10
1656 .4976681E-10
1657 .4976534E-10
1658 .4976388E-10
1659 .4976234E-10
1660 .4976088E-10
1661 .4975933E-10
1662 .4975785E-10
1663 .4975634E-10
1664 .4975480E-10
1665 .4975329E-10
1666 .4975177E-10
1667 .4975019E-10
1668 .4974864E-10
1669 .4974712E-10
1670 .4974550E-10
1671 .4974395E-10
1672 .4974231E-10
1673 .4974076E-10
1674 .4973915E-10
1675 .4973756E-10
1676 .4973591E-10
1677 .4973430E-10
1678 .4973266E-10
1679 .4973101E-10
1680 .4972939E-10
1681 .4972770E-10
1682 .4972605E-10
1683 .4972435E-10
1684 .4972266E-10
1685 .4972099E-10
1686 .4971924E-10
1687 .4971755E-10
1688 .4971580E-10
1689 .4971408E-10
1690 .4971232E-10
1691 .4971053E-10
1692 .4970879E-10
1693 .4970702E-10
1694 .4970525E-10
1695 .4970341E-10
1696 .4970160E-10
1697 .4969978E-10
1698 .4969796E-10
1699 .4969612E-10
1700 .4969426E-10
1701 .4969244E-10
1702 .4969054E-10
1703 .4968865E-10
1704 .4968678E-10
1705 .4968488E-10
1706 .4968297E-10
1707 .4968105E-10
1708 .4967915E-10
1709 .4967717E-10
1710 .4967521E-10
1711 .4967328E-10
1712 .4967129E-10
1713 .4966932E-10
1714 .4966736E-10
1715 .4966533E-10
1716 .4966330E-10
1717 .4966128E-10
1718 .4965927E-10
1719 .4965720E-10
1720 .4965519E-10
1721 .4965310E-10
1722 .4965104E-10
1723 .4964894E-10
1724 .4964682E-10
1725 .4964471E-10
1726 .4964259E-10
1727 .4964042E-10
1728 .4963831E-10
1729 .4963618E-10
1730 .4963401E-10
1731 .4963181E-10
1732 .4962965E-10
1733 .4962743E-10
1734 .4962522E-10
1735 .4962301E-10
1736 .4962075E-10
1737 .4961851E-10
1738 .4961629E-10
1739 .4961403E-10
1740 .4961172E-10
1741 .4960947E-10
1742 .4960718E-10
1743 .4960482E-10
1744 .4960252E-10
1745 .4960015E-10
1746 .4959786E-10
1747 .4959547E-10
1748 .4959310E-10
1749 .4959075E-10
1750 .4958834E-10
1751 .4958594E-10
1752 .4958354E-10
1753 .4958110E-10
1754 .4957867E-10
1755 .4957620E-10
1756 .4957372E-10
1757 .4957125E-10
1758 .4956879E-10
1759 .4956626E-10
1760 .4956378E-10
1761 .4956126E-10
1762 .4955870E-10
1763 .4955617E-10
1764 .4955363E-10
1765 .4955106E-10
1766 .4954844E-10
1767 .4954585E-10
1768 .4954326E-10
1769 .4954062E-10
1770 .4953799E-10
1771 .4953537E-10
1772 .4953268E-10
1773 .4952999E-10
1774 .4952734E-10
1775 .4952464E-10
1776 .4952194E-10
1777 .4951923E-10
1778 .4951650E-10
1779 .4951376E-10
1780 .4951095E-10
1781 .4950818E-10
1782 .4950543E-10
1783 .4950266E-10
1784 .4949982E-10
1785 .4949700E-10
1786 .4949418E-10
1787 .4949132E-10
1788 .4948845E-10
1789 .4948560E-10
1790 .4948272E-10
1791 .4947980E-10
1792 .4947691E-10
1793 .4947398E-10
1794 .4947103E-10
1795 .4946805E-10
1796 .4946511E-10
1797 .4946210E-10
1798 .4945918E-10
1799 .4945616E-10
1800 .4945311E-10
1801 .4931031E-10
1802 .4916747E-10
1803 .4902470E-10
1804 .4888190E-10
1805 .4873911E-10
1806 .4859627E-10
1807 .4845352E-10
1808 .4831072E-10
1809 .4816797E-10
1810 .4802518E-10
1811 .4788243E-10
1812 .4773964E-10
1813 .4759689E-10
1814 .4745411E-10
1815 .4731139E-10
1816 .4716861E-10
1817 .4702587E-10
1818 .4688312E-10
1819 .4674041E-10
1820 .4659767E-10
1821 .4645499E-10
1822 .4631223E-10
1823 .4616951E-10
1824 .4602684E-10
1825 .4588411E-10
1826 .4574144E-10
1827 .4559874E-10
1828 .4545608E-10
1829 .4531340E-10
1830 .4517075E-10
1831 .4502811E-10
1832 .4488545E-10
1833 .4474278E-10
1834 .4460015E-10
1835 .4445748E-10
1836 .4431485E-10
1837 .4417226E-10
1838 .4402963E-10
1839 .4388703E-10
1840 .4374443E-10
1841 .4360185E-10
1842 .4345927E-10
1843 .4331670E-10
1844 .4317412E-10
1845 .4303157E-10
1846 .4288901E-10
1847 .4274646E-10
1848 .4260394E-10
1849 .4246136E-10
1850 .4231892E-10
1851 .4217638E-10
1852 .4203384E-10
1853 .4189137E-10
1854 .4174884E-10
1855 .4160641E-10
1856 .4146395E-10
1857 .4132150E-10
1858 .4117902E-10
1859 .4103657E-10
1860 .4089416E-10
1861 .4075173E-10
1862 .4060933E-10
1863 .4046688E-10
1864 .4032452E-10
1865 .4018212E-10
1866 .4003977E-10
1867 .3989738E-10
1868 .3975504E-10
1869 .3961270E-10
1870 .3947036E-10
1871 .3932804E-10
1872 .3918573E-10
1873 .3904344E-10
1874 .3890112E-10
1875 .3875887E-10
1876 .3861661E-10
1877 .3847433E-10
1878 .3833203E-10
1879 .3818982E-10
1880 .3804761E-10
1881 .3790542E-10
1882 .3776319E-10
1883 .3762102E-10
1884 .3747882E-10
1885 .3733666E-10
1886 .3719454E-10
1887 .3705235E-10
1888 .3691023E-10
1889 .3676810E-10
1890 .3662602E-10
1891 .3648392E-10
1892 .3634185E-10
1893 .3619978E-10
1894 .3605770E-10
1895 .3591568E-10
1896 .3577365E-10
1897 .3563162E-10
1898 .3548964E-10
1899 .3534767E-10
1900 .3520570E-10
1901 .3506371E-10
1902 .3492178E-10
1903 .3477985E-10
1904 .3463792E-10
1905 .3449601E-10
1906 .3435413E-10
1907 .3421231E-10
1908 .3407041E-10
1909 .3392855E-10
1910 .3378673E-10
1911 .3364491E-10
1912 .3350309E-10
1913 .3336135E-10
1914 .3321956E-10
1915 .3307781E-10
1916 .3293606E-10
1917 .3279434E-10
1918 .3265266E-10
1919 .3251094E-10
1920 .3236928E-10
1921 .3222759E-10
1922 .3208598E-10
1923 .3194436E-10
1924 .3180272E-10
1925 .3166113E-10
1926 .3151960E-10
1927 .3137800E-10
1928 .3123649E-10
1929 .3109497E-10
1930 .3095342E-10
1931 .3081194E-10
1932 .3067047E-10
1933 .3052900E-10
1934 .3038757E-10
1935 .3024617E-10
1936 .3010477E-10
1937 .2996336E-10
1938 .2982205E-10
1939 .2968068E-10
1940 .2953934E-10
1941 .2939804E-10
1942 .2925676E-10
1943 .2911547E-10
1944 .2897422E-10
1945 .2883300E-10
1946 .2869178E-10
1947 .2855062E-10
1948 .2840941E-10
1949 .2826828E-10
1950 .2812711E-10
1951 .2798602E-10
1952 .2784492E-10
1953 .2770387E-10
1954 .2756282E-10
1955 .2742178E-10
1956 .2728076E-10
1957 .2713979E-10
1958 .2699880E-10
1959 .2685785E-10
1960 .2671694E-10
1961 .2657603E-10
1962 .2643516E-10
1963 .2629430E-10
1964 .2615344E-10
1965 .2601266E-10
1966 .2587187E-10
1967 .2573109E-10
1968 .2559036E-10
1969 .2544964E-10
1970 .2530897E-10
1971 .2516831E-10
1972 .2502765E-10
1973 .2488704E-10
1974 .2474645E-10
1975 .2460592E-10
1976 .2446538E-10
1977 .2432489E-10
1978 .2418440E-10
1979 .2404395E-10
1980 .2390355E-10
1981 .2376317E-10
1982 .2362279E-10
1983 .2348248E-10
1984 .2334219E-10
1985 .2320194E-10
1986 .2306168E-10
1987 .2292149E-10
1988 .2278133E-10
1989 .2264119E-10
1990 .2250107E-10
1991 .2236100E-10
1992 .2222098E-10
1993 .2208096E-10
1994 .2194098E-10
1995 .2180103E-10
1996 .2166113E-10
1997 .2152127E-10
1998 .2138141E-10
1999 .2124160E-10
2000 .2110184E-10
2001 .2096211E-10
2002 .2082240E-10
2003 .2068274E-10
2004 .2054309E-10
2005 .2040349E-10
2006 .2026392E-10
2007 .2012440E-10
2008 .1998492E-10
2009 .1984546E-10
2010 .1970604E-10
2011 .1970369E-10
2012 .1970138E-10
2013 .1969905E-10
2014 .1969676E-10
2015 .1969444E-10
2016 .1969213E-10
2017 .1968983E-10
2018 .1968754E-10
2019 .1968527E-10
2020 .1968297E-10
2021 .1968070E-10
2022 .1967842E-10
2023 .1967615E-10
2024 .1967391E-10
2025 .1967167E-10
2026 .1966940E-10
2027 .1966715E-10
2028 .1966491E-10
2029 .1966271E-10
2030 .1966049E-10
2031 .1965831E-10
2032 .1965612E-10
2033 .1965391E-10
2034 .1965171E-10
2035 .1964955E-10
2036 .1964739E-10
2037 .1964524E-10
2038 .1964309E-10
2039 .1964094E-10
2040 .1963886E-10
2041 .1963670E-10
2042 .1963461E-10
2043 .1963252E-10
2044 .1963042E-10
2045 .1962837E-10
2046 .1962629E-10
2047 .1962424E-10
2048 .1962220E-10
2049 .1962018E-10
2050 .1961815E-10
2051 .1961616E-10
2052 .1961417E-10
2053 .1961220E-10
2054 .1961025E-10
2055 .1960829E-10
2056 .1960635E-10
2057 .1960444E-10
2058 .1960254E-10
2059 .1960063E-10
2060 .1959873E-10
2061 .1959687E-10
2062 .1959502E-10
2063 .1959320E-10
2064 .1959135E-10
2065 .1958954E-10
2066 .1958776E-10
2067 .1958596E-10
2068 .1958421E-10
2069 .1958247E-10
2070 .1958072E-10
2071 .1957904E-10
2072 .1957733E-10
2073 .1957565E-10
2074 .1957400E-10
2075 .1957236E-10
2076 .1957072E-10
2077 .1956912E-10
2078 .1956752E-10
2079 .1956594E-10
2080 .1956442E-10
2081 .1956286E-10
2082 .1956136E-10
2083 .1955985E-10
2084 .1955835E-10
2085 .1955691E-10
2086 .1955547E-10
2087 .1955403E-10
2088 .1955266E-10
2089 .1955127E-10
2090 .1954991E-10
2091 .1954857E-10
2092 .1954725E-10
2093 .1954594E-10
2094 .1954467E-10
2095 .1954341E-10
2096 .1954217E-10
2097 .1954098E-10
2098 .1953979E-10
2099 .1953862E-10
2100 .1953748E-10
2101 .1953634E-10
2102 .1953526E-10
2103 .1953417E-10
2104 .1953313E-10
2105 .1953212E-10
2106 .1953112E-10
2107 .1953010E-10
2108 .1952916E-10
2109 .1952824E-10
2110 .1952731E-10
2111 .1952646E-10
2112 .1952558E-10
2113 .1952475E-10
2114 .1952396E-10
2115 .1952316E-10
2116 .1952239E-10
2117 .1952167E-10
2118 .1952098E-10
2119 .1952031E-10
2120 .1951965E-10
2121 .1951904E-10
2122 .1951846E-10
2123 .1951787E-10
2124 .1951735E-10
2125 .1951680E-10
2126 .1951637E-10
2127 .1951591E-10
2128 .1951546E-10
2129 .1951508E-10
2130 .1951469E-10
2131 .1951434E-10
2132 .1951406E-10
2133 .1951374E-10
2134 .1951349E-10
2135 .1951330E-10
2136 .1951309E-10
2137 .1951292E-10
2138 .1951280E-10
2139 .1951270E-10
2140 .1951263E-10
2141 .1951259E-10
2142 .1951257E-10
2143 .1951261E-10
2144 .1951266E-10
2145 .1951275E-10
2146 .1951288E-10
2147 .1951302E-10
2148 .1951319E-10
2149 .1951343E-10
2150 .1951369E-10
2151 .1951398E-10
2152 .1951429E-10
2153 .1951463E-10
2154 .1951501E-10
2155 .1951545E-10
2156 .1951590E-10
2157 .1951640E-10
2158 .1951692E-10
2159 .1951749E-10
2160 .1951808E-10
2161 .1951870E-10
2162 .1951936E-10
2163 .1952008E-10
2164 .1952080E-10
2165 .1952158E-10
2166 .1952239E-10
2167 .1952326E-10
2168 .1952413E-10
2169 .1952505E-10
2170 .1952601E-10
2171 .1952700E-10
2172 .1952807E-10
2173 .1952912E-10
2174 .1953022E-10
2175 .1953137E-10
2176 .1953256E-10
2177 .1953380E-10
2178 .1953506E-10
2179 .1953637E-10
2180 .1953772E-10
2181 .1953911E-10
2182 .1954053E-10
2183 .1954199E-10
2184 .1954348E-10
2185 .1954505E-10
2186 .1954663E-10
2187 .1954825E-10
2188 .1954992E-10
2189 .1955164E-10
2190 .1955338E-10
2191 .1955517E-10
2192 .1955703E-10
2193 .1955893E-10
2194 .1956082E-10
2195 .1956280E-10
2196 .1956480E-10
2197 .1956685E-10
2198 .1956894E-10
2199 .1957107E-10
2200 .1957329E-10
2201 .1957552E-10
2202 .1957779E-10
2203 .1958008E-10
2204 .1958245E-10
2205 .1958486E-10
2206 .1958731E-10
2207 .1958983E-10
2208 .1959238E-10
2209 .1959496E-10
2210 .1959760E-10
2211 .1960027E-10
2212 .1960299E-10
2213 .1960579E-10
2214 .1960860E-10
2215 .1961147E-10
2216 .1961440E-10
2217 .1961736E-10
2218 .1962036E-10
2219 .1962345E-10
2220 .1962656E-10
2221 .1962972E-10
2222 .1963293E-10
2223 .1963618E-10
2224 .1963949E-10
2225 .1964285E-10
2226 .1964625E-10
2227 .1964975E-10
2228 .1965326E-10
2229 .1965682E-10
2230 .1966044E-10
2231 .1966407E-10
2232 .1966779E-10
2233 .1967154E-10
2234 .1967538E-10
2235 .1967924E-10
2236 .1968317E-10
2237 .1968712E-10
2238 .1969116E-10
2239 .1969523E-10
2240 .1969937E-10
2241 .1970355E-10
2242 .1970781E-10
2243 .1971211E-10
2244 .1971644E-10
2245 .1972084E-10
2246 .1972527E-10
2247 .1972976E-10
2248 .1973429E-10
2249 .1973892E-10
2250 .1974356E-10
2251 .1974829E-10
2252 .1975304E-10
2253 .1975782E-10
2254 .1976269E-10
2255 .1976761E-10
2256 .1977251E-10
2257 .1977754E-10
2258 .1978257E-10
2259 .1978771E-10
2260 .1979286E-10
2261 .1979805E-10
2262 .1980330E-10
2263 .1980858E-10
2264 .1981395E-10
2265 .1981933E-10
2266 .1982476E-10
2267 .1983024E-10
2268 .1983580E-10
2269 .1984139E-10
2270 .1984703E-10
2271 .1985271E-10
2272 .1985842E-10
2273 .1986422E-10
2274 .1987001E-10
2275 .1987588E-10
2276 .1988183E-10
2277 .1988775E-10
2278 .1989380E-10
2279 .1989983E-10
2280 .1990596E-10
2281 .1991209E-10
2282 .1991829E-10
2283 .1992450E-10
2284 .1993080E-10
2285 .1993712E-10
2286 .1994349E-10
2287 .1994992E-10
2288 .1995636E-10
2289 .1996289E-10
2290 .1996944E-10
2291 .1997604E-10
2292 .1998267E-10
2293 .1998934E-10
2294 .1999605E-10
2295 .2000284E-10
2296 .2000965E-10
2297 .2001651E-10
2298 .2002342E-10
2299 .2003033E-10
2300 .2003731E-10
2301 .2004436E-10
2302 .2005143E-10
2303 .2005854E-10
2304 .2006569E-10
2305 .2007288E-10
2306 .2008010E-10
2307 .2008738E-10
2308 .2009471E-10
2309 .2010206E-10
2310 .2010945E-10
2311 .2011691E-10
2312 .2012438E-10
2313 .2013189E-10
2314 .2013943E-10
2315 .2014705E-10
2316 .2015469E-10
2317 .2016236E-10
2318 .2017007E-10
2319 .2017784E-10
2320 .2018564E-10
2321 .2019348E-10
2322 .2020135E-10
2323 .2020926E-10
2324 .2021723E-10
2325 .2022521E-10
2326 .2023323E-10
2327 .2024130E-10
2328 .2024941E-10
2329 .2025756E-10
2330 .2026572E-10
2331 .2027394E-10
2332 .2028220E-10
2333 .2029049E-10
2334 .2029883E-10
2335 .2030722E-10
2336 .2031560E-10
2337 .2032404E-10
2338 .2033250E-10
2339 .2034101E-10
2340 .2034956E-10
2341 .2035815E-10
2342 .2036675E-10
2343 .2037539E-10
2344 .2038408E-10
2345 .2039281E-10
2346 .2040155E-10
2347 .2041034E-10
2348 .2041919E-10
2349 .2042804E-10
2350 .2043693E-10
2351 .2044585E-10
2352 .2045482E-10
2353 .2046381E-10
2354 .2047284E-10
2355 .2048190E-10
2356 .2049101E-10
2357 .2050013E-10
2358 .2050929E-10
2359 .2051848E-10
2360 .2052771E-10
2361 .2053695E-10
2362 .2054622E-10
2363 .2055556E-10
2364 .2056490E-10
2365 .2057429E-10
2366 .2058370E-10
2367 .2059314E-10
2368 .2060266E-10
2369 .2061215E-10
2370 .2062167E-10
2371 .2063125E-10
2372 .2064085E-10
2373 .2065048E-10
2374 .2066013E-10
2375 .2066982E-10
2376 .2067955E-10
2377 .2068929E-10
2378 .2069906E-10
2379 .2070886E-10
2380 .2071869E-10
2381 .2072856E-10
2382 .2073845E-10
2383 .2074837E-10
2384 .2075831E-10
2385 .2076830E-10
2386 .2077829E-10
2387 .2078832E-10
2388 .2079837E-10
2389 .2080846E-10
2390 .2081857E-10
2391 .2082870E-10
2392 .2083891E-10
2393 .2084906E-10
2394 .2085930E-10
2395 .2086955E-10
2396 .2087981E-10
2397 .2089011E-10
2398 .2090044E-10
2399 .2091075E-10
2400 .2092113E-10
2401 .2093153E-10
2402 .2094196E-10
2403 .2095242E-10
2404 .2096288E-10
2405 .2097339E-10
2406 .2098390E-10
2407 .2099443E-10
2408 .2100503E-10
2409 .2101560E-10
2410 .2102621E-10
2411 .2103683E-10
2412 .2104751E-10
2413 .2105820E-10
2414 .2106892E-10
2415 .2107962E-10
2416 .2109038E-10
2417 .2110117E-10
2418 .2111195E-10
2419 .2112276E-10
2420 .2113362E-10
2421 .2114445E-10
2422 .2115537E-10
2423 .2116625E-10
2424 .2117717E-10
2425 .2118810E-10
2426 .2119909E-10
2427 .2121005E-10
2428 .2122106E-10
2429 .2123208E-10
2430 .2124310E-10
2431 .2125419E-10
2432 .2126528E-10
2433 .2127638E-10
2434 .2128748E-10
2435 .2129863E-10
2436 .2130979E-10
2437 .2132097E-10
2438 .2133215E-10
2439 .2134335E-10
2440 .2135458E-10
2441 .2136583E-10
2442 .2137711E-10
2443 .2138838E-10
2444 .2139967E-10
2445 .2141099E-10
2446 .2142230E-10
2447 .2143365E-10
2448 .2144504E-10
2449 .2145640E-10
2450 .2146781E-10
2451 .2147920E-10
2452 .2149064E-10
2453 .2150206E-10
2454 .2151355E-10
2455 .2152500E-10
2456 .2153650E-10
2457 .2154799E-10
2458 .2155950E-10
2459 .2157103E-10
2460 .2158260E-10
2461 .2159412E-10
2462 .2160570E-10
2463 .2161727E-10
2464 .2162888E-10
2465 .2164047E-10
2466 .2165209E-10
2467 .2166372E-10
2468 .2167538E-10
2469 .2168701E-10
2470 .2169869E-10
2471 .2171038E-10
2472 .2172207E-10
2473 .2173379E-10
2474 .2174549E-10
2475 .2175719E-10
2476 .2176894E-10
2477 .2178070E-10
2478 .2179244E-10
2479 .2180420E-10
2480 .2181599E-10
2481 .2182774E-10
2482 .2183955E-10
2483 .2185137E-10
2484 .2186319E-10
2485 .2187499E-10
2486 .2188680E-10
2487 .2189865E-10
2488 .2191051E-10
2489 .2192234E-10
2490 .2193421E-10
2491 .2194609E-10
2492 .2195795E-10
2493 .2196983E-10
2494 .2198172E-10
2495 .2199360E-10
2496 .2200548E-10
2497 .2201741E-10
2498 .2202934E-10
2499 .2204125E-10
2500 .2205320E-10
