 32.0    1000.00   .1407907E-14
 32.0    1010.00   .5398681E-14
 32.0    1020.00   .1444795E-13
 32.0    1030.00   .3174783E-13
 32.0    1040.00   .6140167E-13
 32.0    1050.00   .1084432E-12
 32.0    1060.00   .1788097E-12
 32.0    1070.00   .2792679E-12
 32.0    1080.00   .4172865E-12
 32.0    1090.00   .6008569E-12
 32.0    1100.00   .8382681E-12
 32.0    1110.00   .1137824E-11
 32.0    1120.00   .1507531E-11
 32.0    1130.00   .1954744E-11
 32.0    1140.00   .2485785E-11
 32.0    1150.00   .3105557E-11
 32.0    1160.00   .3817146E-11
 32.0    1170.00   .4621455E-11
 32.0    1180.00   .5516828E-11
 32.0    1190.00   .6498779E-11
 32.0    1200.00   .7559716E-11
 32.0    1210.00   .8688789E-11
 32.0    1220.00   .9871816E-11
 32.0    1230.00   .1109130E-10
 32.0    1240.00   .1232659E-10
 32.0    1250.00   .1355413E-10
 32.0    1260.00   .1475041E-10
 32.0    1270.00   .1590126E-10
 32.0    1280.00   .1699723E-10
 32.0    1290.00   .1803163E-10
 32.0    1300.00   .1900056E-10
 32.0    1310.00   .1990299E-10
 32.0    1320.00   .2074057E-10
 32.0    1330.00   .2151757E-10
 32.0    1340.00   .2224068E-10
 32.0    1350.00   .2291880E-10
 32.0    1360.00   .2356289E-10
 32.0    1370.00   .2418571E-10
 32.0    1380.00   .2480142E-10
 32.0    1390.00   .2541718E-10
 32.0    1400.00   .2603212E-10
 32.0    1410.00   .2664500E-10
 32.0    1420.00   .2725452E-10
 32.0    1430.00   .2785942E-10
 32.0    1440.00   .2845850E-10
 32.0    1450.00   .2905064E-10
 32.0    1460.00   .2963487E-10
 32.0    1470.00   .3021032E-10
 32.0    1480.00   .3077631E-10
 32.0    1490.00   .3133231E-10
 32.0    1500.00   .3187796E-10
 32.0    1510.00   .3241323E-10
 32.0    1520.00   .3293907E-10
 32.0    1530.00   .3345662E-10
 32.0    1540.00   .3396699E-10
 32.0    1550.00   .3447130E-10
 32.0    1560.00   .3497063E-10
 32.0    1570.00   .3546606E-10
 32.0    1580.00   .3595868E-10
 32.0    1590.00   .3644955E-10
 32.0    1600.00   .3693977E-10
 32.0    1610.00   .3743040E-10
 32.0    1620.00   .3792255E-10
 32.0    1630.00   .3841732E-10
 32.0    1640.00   .3891586E-10
 32.0    1650.00   .3941930E-10
 32.0    1660.00   .3992887E-10
 32.0    1670.00   .4044580E-10
 32.0    1680.00   .4097136E-10
 32.0    1690.00   .4150686E-10
 32.0    1700.00   .4205372E-10
 32.0    1710.00   .4261336E-10
 32.0    1720.00   .4318729E-10
 32.0    1730.00   .4377711E-10
 32.0    1740.00   .4438446E-10
 32.0    1750.00   .4501109E-10
 32.0    1760.00   .4565845E-10
 32.0    1770.00   .4632653E-10
 32.0    1780.00   .4701492E-10
 32.0    1790.00   .4772315E-10
 32.0    1800.00   .4845070E-10
 32.0    1810.00   .4919699E-10
 32.0    1820.00   .4996139E-10
 32.0    1830.00   .5074321E-10
 32.0    1840.00   .5154168E-10
 32.0    1850.00   .5235597E-10
 32.0    1860.00   .5318520E-10
 32.0    1870.00   .5402839E-10
 32.0    1880.00   .5488451E-10
 32.0    1890.00   .5575243E-10
 32.0    1900.00   .5663097E-10
 32.0    1910.00   .5751886E-10
 32.0    1920.00   .5841473E-10
 32.0    1930.00   .5931716E-10
 32.0    1940.00   .6022463E-10
 32.0    1950.00   .6113552E-10
 32.0    1960.00   .6204815E-10
 32.0    1970.00   .6296074E-10
 32.0    1980.00   .6387142E-10
 32.0    1990.00   .6477824E-10
 32.0    2000.00   .6567917E-10
 32.0    2010.00   .6657247E-10
 32.0    2020.00   .6745795E-10
 32.0    2030.00   .6833583E-10
 32.0    2040.00   .6920635E-10
 32.0    2050.00   .7006979E-10
 32.0    2060.00   .7092649E-10
 32.0    2070.00   .7177674E-10
 32.0    2080.00   .7262097E-10
 32.0    2090.00   .7345956E-10
 32.0    2100.00   .7429296E-10
 32.0    2110.00   .7512160E-10
 32.0    2120.00   .7594602E-10
 32.0    2130.00   .7676672E-10
 32.0    2140.00   .7758423E-10
 32.0    2150.00   .7839921E-10
 32.0    2160.00   .7921219E-10
 32.0    2170.00   .8002387E-10
 32.0    2180.00   .8083489E-10
 32.0    2190.00   .8164597E-10
 32.0    2200.00   .8245781E-10
 32.0    2210.00   .8327119E-10
 32.0    2220.00   .8408688E-10
 32.0    2230.00   .8490571E-10
 32.0    2240.00   .8572853E-10
 32.0    2250.00   .8655616E-10
 32.0    2260.00   .8738927E-10
 32.0    2270.00   .8822712E-10
 32.0    2280.00   .8906875E-10
 32.0    2290.00   .8991304E-10
 32.0    2300.00   .9075902E-10
 32.0    2310.00   .9160551E-10
 32.0    2320.00   .9245140E-10
 32.0    2330.00   .9329549E-10
 32.0    2340.00   .9413661E-10
 32.0    2350.00   .9497356E-10
 32.0    2360.00   .9580502E-10
 32.0    2370.00   .9662972E-10
 32.0    2380.00   .9744640E-10
 32.0    2390.00   .9825366E-10
 32.0    2400.00   .9905016E-10
 32.0    2410.00   .9983447E-10
 32.0    2420.00   .1006052E-09
 32.0    2430.00   .1013608E-09
 32.0    2440.00   .1020999E-09
 32.0    2450.00   .1028209E-09
 32.0    2460.00   .1035224E-09
 32.0    2470.00   .1042026E-09
 32.0    2480.00   .1048601E-09
 32.0    2490.00   .1054930E-09
 32.0    2500.00   .1061000E-09
 32.0    2510.00   .1186095E-09
 32.0    2520.00   .1393589E-09
 32.0    2530.00   .1691375E-09
 32.0    2540.00   .1696013E-09
 32.0    2550.00   .1632727E-09
 32.0    2560.00   .1559733E-09
 32.0    2570.00   .1493648E-09
 32.0    2580.00   .1420603E-09
 32.0    2590.00   .1470037E-09
 32.0    2600.00   .1469959E-09
 32.0    2610.00   .1496820E-09
 32.0    2620.00   .1389601E-09
 32.0    2630.00   .1248058E-09
 32.0    2640.00   .1287520E-09
 32.0    2650.00   .1458386E-09
 32.0    2660.00   .1636737E-09
 32.0    2670.00   .1868224E-09
 32.0    2680.00   .2275921E-09
 32.0    2690.00   .2729849E-09
 32.0    2700.00   .3078520E-09
 32.0    2710.00   .3438928E-09
 32.0    2720.00   .3687359E-09
 32.0    2730.00   .3841820E-09
 32.0    2740.00   .4069788E-09
 32.0    2750.00   .4318648E-09
 32.0    2760.00   .4302980E-09
 32.0    2770.00   .4666429E-09
 32.0    2780.00   .4726595E-09
 32.0    2790.00   .4573343E-09
 32.0    2800.00   .4422798E-09
 32.0    2810.00   .4819627E-09
 32.0    2820.00   .5000178E-09
 32.0    2830.00   .5285818E-09
 32.0    2840.00   .5611991E-09
 32.0    2850.00   .5667202E-09
 32.0    2860.00   .6321659E-09
 32.0    2870.00   .7144830E-09
 32.0    2880.00   .7783978E-09
 32.0    2890.00   .8764153E-09
 32.0    2900.00   .9721095E-09
 32.0    2910.00   .1066949E-08
 32.0    2920.00   .1110692E-08
 32.0    2930.00   .1136829E-08
 32.0    2940.00   .1152284E-08
 32.0    2950.00   .1135328E-08
 32.0    2960.00   .1106368E-08
 32.0    2970.00   .1042420E-08
 32.0    2980.00   .9860867E-09
 32.0    2990.00   .9108709E-09
 32.0    3000.00   .8622515E-09
 32.0    3010.00   .8384696E-09
 32.0    3020.00   .8331673E-09
 32.0    3030.00   .8499939E-09
 32.0    3040.00   .8591191E-09
 32.0    3050.00   .7770051E-09
 32.0    3060.00   .7360260E-09
 32.0    3070.00   .8242942E-09
 32.0    3080.00   .8612095E-09
 32.0    3090.00   .8769708E-09
 32.0    3100.00   .8844691E-09
 32.0    3110.00   .8961349E-09
 32.0    3120.00   .9515785E-09
 32.0    3130.00   .1045274E-08
 32.0    3140.00   .1125868E-08
 32.0    3150.00   .1224244E-08
 32.0    3160.00   .1311990E-08
 32.0    3170.00   .1397501E-08
 32.0    3180.00   .1387294E-08
 32.0    3190.00   .1350294E-08
 32.0    3200.00   .1288373E-08
 32.0    3210.00   .1152114E-08
 32.0    3220.00   .1228172E-08
 32.0    3230.00   .1183427E-08
 32.0    3240.00   .1122229E-08
 32.0    3250.00   .9893735E-09
 32.0    3260.00   .8857410E-09
 32.0    3270.00   .9561614E-09
 32.0    3280.00   .9710393E-09
 32.0    3290.00   .9450708E-09
 32.0    3300.00   .9553262E-09
 32.0    3310.00   .1065703E-08
 32.0    3320.00   .1054776E-08
 32.0    3330.00   .1121459E-08
 32.0    3340.00   .1148203E-08
 32.0    3350.00   .1180574E-08
 32.0    3360.00   .1186453E-08
 32.0    3370.00   .1201307E-08
 32.0    3380.00   .1240422E-08
 32.0    3390.00   .1267605E-08
 32.0    3400.00   .1317916E-08
 32.0    3410.00   .1337068E-08
 32.0    3420.00   .1366656E-08
 32.0    3430.00   .1383768E-08
 32.0    3440.00   .1399558E-08
 32.0    3450.00   .1445552E-08
 32.0    3460.00   .1485242E-08
 32.0    3470.00   .1541861E-08
 32.0    3480.00   .1589615E-08
 32.0    3490.00   .1666971E-08
 32.0    3500.00   .1763611E-08
 32.0    3510.00   .1912661E-08
 32.0    3520.00   .1996054E-08
 32.0    3530.00   .2116890E-08
 32.0    3540.00   .2234648E-08
 32.0    3550.00   .2291853E-08
 32.0    3560.00   .2360080E-08
 32.0    3570.00   .2378133E-08
 32.0    3580.00   .2402201E-08
 32.0    3590.00   .2409302E-08
 32.0    3600.00   .2379614E-08
 32.0    3610.00   .2348998E-08
 32.0    3620.00   .2286877E-08
 32.0    3630.00   .2291025E-08
 32.0    3640.00   .2338571E-08
 32.0    3650.00   .2468711E-08
 32.0    3660.00   .2573230E-08
 32.0    3670.00   .2544341E-08
 32.0    3680.00   .2477226E-08
 32.0    3690.00   .2315682E-08
 32.0    3700.00   .2115500E-08
 32.0    3710.00   .1918310E-08
 32.0    3720.00   .1784482E-08
 32.0    3730.00   .1666798E-08
 32.0    3740.00   .1601209E-08
 32.0    3750.00   .1524423E-08
 32.0    3760.00   .1447977E-08
 32.0    3770.00   .1398241E-08
 32.0    3780.00   .1367058E-08
 32.0    3790.00   .1355703E-08
 32.0    3800.00   .1367606E-08
 32.0    3810.00   .1427382E-08
 32.0    3820.00   .1546047E-08
 32.0    3830.00   .1728301E-08
 32.0    3840.00   .1946576E-08
 32.0    3850.00   .2190471E-08
 32.0    3860.00   .2459852E-08
 32.0    3870.00   .2761997E-08
 32.0    3880.00   .3021345E-08
 32.0    3890.00   .3296641E-08
 32.0    3900.00   .3535416E-08
 32.0    3910.00   .3738569E-08
 32.0    3920.00   .3874736E-08
 32.0    3930.00   .3944095E-08
 32.0    3940.00   .3969084E-08
 32.0    3950.00   .3963709E-08
 32.0    3960.00   .3889871E-08
 32.0    3970.00   .3673632E-08
 32.0    3980.00   .3477960E-08
 32.0    3990.00   .3261708E-08
 32.0    4000.00   .3119399E-08
 32.0    4010.00   .3031982E-08
 32.0    4020.00   .3007549E-08
 32.0    4030.00   .3025642E-08
 32.0    4040.00   .3131685E-08
 32.0    4050.00   .3216060E-08
 32.0    4060.00   .3347449E-08
 32.0    4070.00   .3453675E-08
 32.0    4080.00   .3521546E-08
 32.0    4090.00   .3482157E-08
 32.0    4100.00   .3518285E-08
 32.0    4110.00   .3500022E-08
 32.0    4120.00   .3511157E-08
 32.0    4130.00   .3527292E-08
 32.0    4140.00   .3556738E-08
 32.0    4150.00   .3576853E-08
 32.0    4160.00   .3610352E-08
 32.0    4170.00   .3646870E-08
 32.0    4180.00   .3648758E-08
 32.0    4190.00   .3661125E-08
 32.0    4200.00   .3624467E-08
 32.0    4210.00   .3598391E-08
 32.0    4220.00   .3517546E-08
 32.0    4230.00   .3439752E-08
 32.0    4240.00   .3348722E-08
 32.0    4250.00   .3272527E-08
 32.0    4260.00   .3156181E-08
 32.0    4270.00   .3118820E-08
 32.0    4280.00   .3013178E-08
 32.0    4290.00   .2898217E-08
 32.0    4300.00   .2773484E-08
 32.0    4310.00   .2675124E-08
 32.0    4320.00   .2585767E-08
 32.0    4330.00   .2538172E-08
 32.0    4340.00   .2515270E-08
 32.0    4350.00   .2499356E-08
 32.0    4360.00   .2469683E-08
 32.0    4370.00   .2434311E-08
 32.0    4380.00   .2422365E-08
 32.0    4390.00   .2411685E-08
 32.0    4400.00   .2393485E-08
 32.0    4410.00   .2430563E-08
 32.0    4420.00   .2473424E-08
 32.0    4430.00   .2528070E-08
 32.0    4440.00   .2632688E-08
 32.0    4450.00   .2748253E-08
 32.0    4460.00   .2863634E-08
 32.0    4470.00   .2992216E-08
 32.0    4480.00   .3117390E-08
 32.0    4490.00   .3268174E-08
 32.0    4500.00   .3404137E-08
 32.0    4510.00   .3528991E-08
 32.0    4520.00   .3688957E-08
 32.0    4530.00   .3810500E-08
 32.0    4540.00   .3934466E-08
 32.0    4550.00   .4015565E-08
 32.0    4560.00   .4092059E-08
 32.0    4570.00   .4166610E-08
 32.0    4580.00   .4203695E-08
 32.0    4590.00   .4232118E-08
 32.0    4600.00   .4240633E-08
 32.0    4610.00   .4235199E-08
 32.0    4620.00   .4209226E-08
 32.0    4630.00   .4134152E-08
 32.0    4640.00   .4001559E-08
 32.0    4650.00   .3864402E-08
 32.0    4660.00   .3664353E-08
 32.0    4670.00   .3484352E-08
 32.0    4680.00   .3259622E-08
 32.0    4690.00   .3134927E-08
 32.0    4700.00   .3083980E-08
 32.0    4710.00   .2992746E-08
 32.0    4720.00   .2894439E-08
 32.0    4730.00   .2810044E-08
 32.0    4740.00   .2738605E-08
 32.0    4750.00   .2633566E-08
 32.0    4760.00   .2560026E-08
 32.0    4770.00   .2539286E-08
 32.0    4780.00   .2526210E-08
 32.0    4790.00   .2525518E-08
 32.0    4800.00   .2521116E-08
 32.0    4810.00   .2511192E-08
 32.0    4820.00   .2496170E-08
 32.0    4830.00   .2457981E-08
 32.0    4840.00   .2403830E-08
 32.0    4850.00   .2331242E-08
 32.0    4860.00   .2286253E-08
 32.0    4870.00   .2277976E-08
 32.0    4880.00   .2273442E-08
 32.0    4890.00   .2330441E-08
 32.0    4900.00   .2436344E-08
 32.0    4910.00   .2537708E-08
 32.0    4920.00   .2650251E-08
 32.0    4930.00   .2724782E-08
 32.0    4940.00   .2755507E-08
 32.0    4950.00   .2770582E-08
 32.0    4960.00   .2749709E-08
 32.0    4970.00   .2703237E-08
 32.0    4980.00   .2632647E-08
 32.0    4990.00   .2569220E-08
 32.0    5000.00   .2522035E-08
 32.0    5010.00   .2491096E-08
 32.0    5020.00   .2495554E-08
 32.0    5030.00   .2532386E-08
 32.0    5040.00   .2587776E-08
 32.0    5050.00   .2650343E-08
 32.0    5060.00   .2716066E-08
 32.0    5070.00   .2797494E-08
 32.0    5080.00   .2870701E-08
 32.0    5090.00   .2936814E-08
 32.0    5100.00   .2989952E-08
 32.0    5110.00   .3077267E-08
 32.0    5120.00   .3138879E-08
 32.0    5130.00   .3193761E-08
 32.0    5140.00   .3253783E-08
 32.0    5150.00   .3323432E-08
 32.0    5160.00   .3386795E-08
 32.0    5170.00   .3430877E-08
 32.0    5180.00   .3471779E-08
 32.0    5190.00   .3520644E-08
 32.0    5200.00   .3548970E-08
 32.0    5210.00   .3572654E-08
 32.0    5220.00   .3594646E-08
 32.0    5230.00   .3583303E-08
 32.0    5240.00   .3521778E-08
 32.0    5250.00   .3454301E-08
 32.0    5260.00   .3356140E-08
 32.0    5270.00   .3260228E-08
 32.0    5280.00   .3161512E-08
 32.0    5290.00   .3028702E-08
 32.0    5300.00   .2922027E-08
 32.0    5310.00   .2845547E-08
 32.0    5320.00   .2821603E-08
 32.0    5330.00   .2802087E-08
 32.0    5340.00   .2788574E-08
 32.0    5350.00   .2793565E-08
 32.0    5360.00   .2800225E-08
 32.0    5370.00   .2800861E-08
 32.0    5380.00   .2777262E-08
 32.0    5390.00   .2753077E-08
 32.0    5400.00   .2736503E-08
 32.0    5410.00   .2709545E-08
 32.0    5420.00   .2660587E-08
 32.0    5430.00   .2598434E-08
 32.0    5440.00   .2530487E-08
 32.0    5450.00   .2468855E-08
 32.0    5460.00   .2401245E-08
 32.0    5470.00   .2337664E-08
 32.0    5480.00   .2281718E-08
 32.0    5490.00   .2271532E-08
 32.0    5500.00   .2258801E-08
 32.0    5510.00   .2271836E-08
 32.0    5520.00   .2315541E-08
 32.0    5530.00   .2379145E-08
 32.0    5540.00   .2443200E-08
 32.0    5550.00   .2496111E-08
 32.0    5560.00   .2527917E-08
 32.0    5570.00   .2555312E-08
 32.0    5580.00   .2579315E-08
 32.0    5590.00   .2555648E-08
 32.0    5600.00   .2518909E-08
 32.0    5610.00   .2496894E-08
 32.0    5620.00   .2468509E-08
 32.0    5630.00   .2428431E-08
 32.0    5640.00   .2388020E-08
 32.0    5650.00   .2355875E-08
 32.0    5660.00   .2316367E-08
 32.0    5670.00   .2274072E-08
 32.0    5680.00   .2233295E-08
 32.0    5690.00   .2197146E-08
 32.0    5700.00   .2169810E-08
 32.0    5710.00   .2128079E-08
 32.0    5720.00   .2079542E-08
 32.0    5730.00   .2050786E-08
 32.0    5740.00   .2001664E-08
 32.0    5750.00   .1969062E-08
 32.0    5760.00   .1958443E-08
 32.0    5770.00   .1942726E-08
 32.0    5780.00   .1948570E-08
 32.0    5790.00   .1976932E-08
 32.0    5800.00   .1997536E-08
 32.0    5810.00   .2041671E-08
 32.0    5820.00   .2109496E-08
 32.0    5830.00   .2168381E-08
 32.0    5840.00   .2226833E-08
 32.0    5850.00   .2270126E-08
 32.0    5860.00   .2318481E-08
 32.0    5870.00   .2373772E-08
 32.0    5880.00   .2401029E-08
 32.0    5890.00   .2374052E-08
 32.0    5900.00   .2361313E-08
 32.0    5910.00   .2365831E-08
 32.0    5920.00   .2361003E-08
 32.0    5930.00   .2334988E-08
 32.0    5940.00   .2305776E-08
 32.0    5950.00   .2278275E-08
 32.0    5960.00   .2230181E-08
 32.0    5970.00   .2203556E-08
 32.0    5980.00   .2168201E-08
 32.0    5990.00   .2132340E-08
 32.0    6000.00   .2098491E-08
 32.0    6010.00   .2063781E-08
 32.0    6020.00   .1996099E-08
 32.0    6030.00   .1919710E-08
 32.0    6040.00   .1845166E-08
 32.0    6050.00   .1722004E-08
 32.0    6060.00   .1561195E-08
 32.0    6070.00   .1379182E-08
 32.0    6080.00   .1228504E-08
 32.0    6090.00   .1090842E-08
 32.0    6100.00   .9763100E-09
 32.0    6110.00   .8777411E-09
 32.0    6120.00   .8024109E-09
 32.0    6130.00   .7724596E-09
 32.0    6140.00   .7641121E-09
 32.0    6150.00   .7774699E-09
 32.0    6160.00   .8098925E-09
 32.0    6170.00   .8731820E-09
 32.0    6180.00   .9380551E-09
 32.0    6190.00   .1007567E-08
 32.0    6200.00   .1095244E-08
 32.0    6210.00   .1211771E-08
 32.0    6220.00   .1294516E-08
 32.0    6230.00   .1375495E-08
 32.0    6240.00   .1460381E-08
 32.0    6250.00   .1552180E-08
 32.0    6260.00   .1630146E-08
 32.0    6270.00   .1691481E-08
 32.0    6280.00   .1728362E-08
 32.0    6290.00   .1772310E-08
 32.0    6300.00   .1816905E-08
 32.0    6310.00   .1848442E-08
 32.0    6320.00   .1852759E-08
 32.0    6330.00   .1859696E-08
 32.0    6340.00   .1863282E-08
 32.0    6350.00   .1869603E-08
 32.0    6360.00   .1859628E-08
 32.0    6370.00   .1853638E-08
 32.0    6380.00   .1853969E-08
 32.0    6390.00   .1846048E-08
 32.0    6400.00   .1836513E-08
 32.0    6410.00   .1833031E-08
 32.0    6420.00   .1820310E-08
 32.0    6430.00   .1813587E-08
 32.0    6440.00   .1811328E-08
 32.0    6450.00   .1791144E-08
 32.0    6460.00   .1782341E-08
 32.0    6470.00   .1776058E-08
 32.0    6480.00   .1761821E-08
 32.0    6490.00   .1747341E-08
 32.0    6500.00   .1733192E-08
 32.0    6510.00   .1728255E-08
 32.0    6520.00   .1707609E-08
 32.0    6530.00   .1685645E-08
 32.0    6540.00   .1659808E-08
 32.0    6550.00   .1639319E-08
 32.0    6560.00   .1613965E-08
 32.0    6570.00   .1590351E-08
 32.0    6580.00   .1561467E-08
 32.0    6590.00   .1540589E-08
 32.0    6600.00   .1505097E-08
 32.0    6610.00   .1471071E-08
 32.0    6620.00   .1430065E-08
 32.0    6630.00   .1404447E-08
 32.0    6640.00   .1371571E-08
 32.0    6650.00   .1348368E-08
 32.0    6660.00   .1324072E-08
 32.0    6670.00   .1298285E-08
 32.0    6680.00   .1278344E-08
 32.0    6690.00   .1245880E-08
 32.0    6700.00   .1213258E-08
 32.0    6710.00   .1182684E-08
 32.0    6720.00   .1168574E-08
 32.0    6730.00   .1150197E-08
 32.0    6740.00   .1138932E-08
 32.0    6750.00   .1116975E-08
 32.0    6760.00   .1090375E-08
 32.0    6770.00   .1074434E-08
 32.0    6780.00   .1055322E-08
 32.0    6790.00   .1040665E-08
 32.0    6800.00   .1033983E-08
 32.0    6810.00   .1031783E-08
 32.0    6820.00   .1020724E-08
 32.0    6830.00   .9920391E-09
 32.0    6840.00   .9529477E-09
 32.0    6850.00   .9563426E-09
 32.0    6860.00   .9277532E-09
 32.0    6870.00   .9077387E-09
 32.0    6880.00   .8950866E-09
 32.0    6890.00   .8975164E-09
 32.0    6900.00   .8935722E-09
 32.0    6910.00   .9007429E-09
 32.0    6920.00   .9046679E-09
 32.0    6930.00   .9026291E-09
 32.0    6940.00   .8976387E-09
 32.0    6950.00   .8928099E-09
 32.0    6960.00   .8840751E-09
 32.0    6970.00   .8839011E-09
 32.0    6980.00   .8770848E-09
 32.0    6990.00   .8732399E-09
 32.0    7000.00   .8594471E-09
 32.0    7010.00   .8547793E-09
 32.0    7020.00   .8499332E-09
 32.0    7030.00   .8472916E-09
 32.0    7040.00   .8463068E-09
 32.0    7050.00   .8454932E-09
 32.0    7060.00   .8398383E-09
 32.0    7070.00   .8353764E-09
 32.0    7080.00   .8306086E-09
 32.0    7090.00   .8291648E-09
 32.0    7100.00   .8277106E-09
 32.0    7110.00   .8287612E-09
 32.0    7120.00   .8214911E-09
 32.0    7130.00   .8106604E-09
 32.0    7140.00   .8058766E-09
 32.0    7150.00   .8164832E-09
 32.0    7160.00   .7864739E-09
 32.0    7170.00   .7909199E-09
 32.0    7180.00   .8073004E-09
 32.0    7190.00   .7884025E-09
 32.0    7200.00   .8129821E-09
 32.0    7210.00   .7831726E-09
 32.0    7220.00   .7839636E-09
 32.0    7230.00   .7612683E-09
 32.0    7240.00   .7620143E-09
 32.0    7250.00   .7707424E-09
 32.0    7260.00   .7832521E-09
 32.0    7270.00   .7505840E-09
 32.0    7280.00   .7758082E-09
 32.0    7290.00   .7656657E-09
 32.0    7300.00   .7429481E-09
 32.0    7310.00   .7523396E-09
 32.0    7320.00   .7309834E-09
 32.0    7330.00   .7127269E-09
 32.0    7340.00   .6769539E-09
 32.0    7350.00   .6731753E-09
 32.0    7360.00   .6433912E-09
 32.0    7370.00   .6224799E-09
 32.0    7380.00   .6221083E-09
 32.0    7390.00   .5966104E-09
 32.0    7400.00   .5993578E-09
 32.0    7410.00   .5575067E-09
 32.0    7420.00   .5618063E-09
 32.0    7430.00   .5707326E-09
 32.0    7440.00   .5642193E-09
 32.0    7450.00   .5553395E-09
 32.0    7460.00   .5293873E-09
 32.0    7470.00   .4843801E-09
 32.0    7480.00   .4544226E-09
 32.0    7490.00   .4086859E-09
 32.0    7500.00   .3937641E-09
 32.0    7510.00   .4173131E-09
 32.0    7520.00   .4360225E-09
 32.0    7530.00   .4478351E-09
 32.0    7540.00   .4453465E-09
 32.0    7550.00   .4574968E-09
 32.0    7560.00   .4513623E-09
 32.0    7570.00   .4587216E-09
 32.0    7580.00   .4728224E-09
 32.0    7590.00   .4514601E-09
 32.0    7600.00   .4438508E-09
 32.0    7610.00   .5096594E-09
 32.0    7620.00   .4730950E-09
 32.0    7630.00   .4945611E-09
 32.0    7640.00   .4947937E-09
 32.0    7650.00   .4742294E-09
 32.0    7660.00   .4820161E-09
 32.0    7670.00   .4763047E-09
 32.0    7680.00   .4677115E-09
 32.0    7690.00   .4820994E-09
 32.0    7700.00   .4782652E-09
 32.0    7710.00   .4793382E-09
 32.0    7720.00   .4747949E-09
 32.0    7730.00   .4691396E-09
 32.0    7740.00   .4569898E-09
 32.0    7750.00   .4949189E-09
 32.0    7760.00   .5009254E-09
 32.0    7770.00   .5079549E-09
 32.0    7780.00   .5191125E-09
 32.0    7790.00   .5196217E-09
 32.0    7800.00   .5201427E-09
 32.0    7810.00   .5466620E-09
 32.0    7820.00   .5319924E-09
 32.0    7830.00   .5463826E-09
 32.0    7840.00   .5389851E-09
 32.0    7850.00   .5440599E-09
 32.0    7860.00   .5500756E-09
 32.0    7870.00   .5440649E-09
 32.0    7880.00   .5458188E-09
 32.0    7890.00   .5541427E-09
 32.0    7900.00   .5451820E-09
 32.0    7910.00   .5498924E-09
 32.0    7920.00   .5288632E-09
 32.0    7930.00   .5172155E-09
 32.0    7940.00   .5229703E-09
 32.0    7950.00   .4855845E-09
 32.0    7960.00   .4858272E-09
 32.0    7970.00   .4750384E-09
 32.0    7980.00   .4605786E-09
 32.0    7990.00   .4605971E-09
 32.0    8000.00   .4459172E-09
 32.0    8010.00   .4521746E-09
 32.0    8020.00   .4251900E-09
 32.0    8030.00   .4258430E-09
 32.0    8040.00   .4119700E-09
 32.0    8050.00   .4045476E-09
 32.0    8060.00   .3933976E-09
 32.0    8070.00   .3905821E-09
 32.0    8080.00   .3794879E-09
 32.0    8090.00   .3975810E-09
 32.0    8100.00   .3914502E-09
 32.0    8110.00   .3796231E-09
 32.0    8120.00   .3853717E-09
 32.0    8130.00   .3626108E-09
 32.0    8140.00   .3794001E-09
 32.0    8150.00   .3782065E-09
 32.0    8160.00   .3584668E-09
 32.0    8170.00   .3662426E-09
 32.0    8180.00   .3239780E-09
 32.0    8190.00   .2774050E-09
 32.0    8200.00   .2811009E-09
 32.0    8210.00   .2525771E-09
 32.0    8220.00   .2460109E-09
 32.0    8230.00   .2323147E-09
 32.0    8240.00   .2269552E-09
 32.0    8250.00   .2369766E-09
 32.0    8260.00   .2326466E-09
 32.0    8270.00   .2385272E-09
 32.0    8280.00   .2263022E-09
 32.0    8290.00   .2361126E-09
 32.0    8300.00   .2489959E-09
 32.0    8310.00   .2708110E-09
 32.0    8320.00   .2824773E-09
 32.0    8330.00   .2931929E-09
 32.0    8340.00   .3070106E-09
 32.0    8350.00   .2960689E-09
 32.0    8360.00   .2980211E-09
 32.0    8370.00   .2956718E-09
 32.0    8380.00   .2919064E-09
 32.0    8390.00   .3181343E-09
 32.0    8400.00   .3208570E-09
 32.0    8410.00   .3198046E-09
 32.0    8420.00   .3448691E-09
 32.0    8430.00   .3719642E-09
 32.0    8440.00   .4171958E-09
 32.0    8450.00   .4541095E-09
 32.0    8460.00   .4903136E-09
 32.0    8470.00   .4900584E-09
 32.0    8480.00   .5174889E-09
 32.0    8490.00   .5450768E-09
 32.0    8500.00   .5801913E-09
 32.0    8510.00   .5884384E-09
 32.0    8520.00   .5913095E-09
 32.0    8530.00   .5840595E-09
 32.0    8540.00   .6023956E-09
 32.0    8550.00   .5920664E-09
 32.0    8560.00   .6013285E-09
 32.0    8570.00   .6006459E-09
 32.0    8580.00   .5925598E-09
 32.0    8590.00   .6316983E-09
 32.0    8600.00   .6498282E-09
 32.0    8610.00   .6404961E-09
 32.0    8620.00   .6600260E-09
 32.0    8630.00   .6551655E-09
 32.0    8640.00   .6494234E-09
 32.0    8650.00   .6436687E-09
 32.0    8660.00   .6490133E-09
 32.0    8670.00   .6411596E-09
 32.0    8680.00   .6243599E-09
 32.0    8690.00   .6143499E-09
 32.0    8700.00   .6314011E-09
 32.0    8710.00   .6289115E-09
 32.0    8720.00   .6289013E-09
 32.0    8730.00   .6313146E-09
 32.0    8740.00   .6206975E-09
 32.0    8750.00   .6098060E-09
 32.0    8760.00   .6118112E-09
 32.0    8770.00   .5972241E-09
 32.0    8780.00   .5875769E-09
 32.0    8790.00   .5811093E-09
 32.0    8800.00   .5790712E-09
 32.0    8810.00   .6034318E-09
 32.0    8820.00   .5905209E-09
 32.0    8830.00   .5531280E-09
 32.0    8840.00   .5614703E-09
 32.0    8850.00   .5517999E-09
 32.0    8860.00   .5418158E-09
 32.0    8870.00   .5097998E-09
 32.0    8880.00   .4750069E-09
 32.0    8890.00   .4681318E-09
 32.0    8900.00   .4493298E-09
 32.0    8910.00   .4341609E-09
 32.0    8920.00   .4272318E-09
 32.0    8930.00   .4182929E-09
 32.0    8940.00   .4300123E-09
 32.0    8950.00   .4062808E-09
 32.0    8960.00   .3991654E-09
 32.0    8970.00   .4159209E-09
 32.0    8980.00   .4177540E-09
 32.0    8990.00   .4239462E-09
 32.0    9000.00   .4073728E-09
 32.0    9010.00   .4118495E-09
 32.0    9020.00   .3977325E-09
 32.0    9030.00   .3918889E-09
 32.0    9040.00   .3824206E-09
 32.0    9050.00   .3758516E-09
 32.0    9060.00   .3703346E-09
 32.0    9070.00   .3582486E-09
 32.0    9080.00   .3417085E-09
 32.0    9090.00   .3382074E-09
 32.0    9100.00   .3656083E-09
 32.0    9110.00   .3583055E-09
 32.0    9120.00   .3229871E-09
 32.0    9130.00   .3254989E-09
 32.0    9140.00   .3320363E-09
 32.0    9150.00   .3129847E-09
 32.0    9160.00   .3179367E-09
 32.0    9170.00   .2828899E-09
 32.0    9180.00   .3010923E-09
 32.0    9190.00   .2974530E-09
 32.0    9200.00   .3009725E-09
 32.0    9210.00   .3001080E-09
 32.0    9220.00   .3059525E-09
 32.0    9230.00   .3036937E-09
 32.0    9240.00   .2978669E-09
 32.0    9250.00   .3060348E-09
 32.0    9260.00   .2960533E-09
 32.0    9270.00   .2841163E-09
 32.0    9280.00   .2743679E-09
 32.0    9290.00   .2679834E-09
 32.0    9300.00   .2632483E-09
 32.0    9310.00   .2359618E-09
 32.0    9320.00   .2153832E-09
 32.0    9330.00   .2152471E-09
 32.0    9340.00   .2256465E-09
 32.0    9350.00   .2192930E-09
 32.0    9360.00   .2219219E-09
 32.0    9370.00   .2150017E-09
 32.0    9380.00   .2284497E-09
 32.0    9390.00   .2361195E-09
 32.0    9400.00   .2253843E-09
 32.0    9410.00   .2285535E-09
 32.0    9420.00   .2058230E-09
 32.0    9430.00   .2136845E-09
 32.0    9440.00   .2203664E-09
 32.0    9450.00   .2037777E-09
 32.0    9460.00   .2137787E-09
 32.0    9470.00   .2183943E-09
 32.0    9480.00   .1994353E-09
 32.0    9490.00   .1956639E-09
 32.0    9500.00   .2041594E-09
 32.0    9510.00   .1822714E-09
 32.0    9520.00   .1780184E-09
 32.0    9530.00   .1853309E-09
 32.0    9540.00   .1871547E-09
 32.0    9550.00   .1849960E-09
 32.0    9560.00   .1927918E-09
 32.0    9570.00   .1912681E-09
 32.0    9580.00   .1728024E-09
 32.0    9590.00   .1803444E-09
 32.0    9600.00   .1894141E-09
 32.0    9610.00   .1727340E-09
 32.0    9620.00   .1840526E-09
 32.0    9630.00   .1758076E-09
 32.0    9640.00   .1671405E-09
 32.0    9650.00   .1817837E-09
 32.0    9660.00   .1751946E-09
 32.0    9670.00   .1769624E-09
 32.0    9680.00   .1772120E-09
 32.0    9690.00   .1770993E-09
 32.0    9700.00   .1743652E-09
 32.0    9710.00   .1827388E-09
 32.0    9720.00   .1680645E-09
 32.0    9730.00   .1622077E-09
 32.0    9740.00   .1506762E-09
 32.0    9750.00   .1522926E-09
 32.0    9760.00   .1510471E-09
 32.0    9770.00   .1500614E-09
 32.0    9780.00   .1477174E-09
 32.0    9790.00   .1451802E-09
 32.0    9800.00   .1418586E-09
 32.0    9810.00   .1384038E-09
 32.0    9820.00   .1351966E-09
 32.0    9830.00   .1329462E-09
 32.0    9840.00   .1317107E-09
 32.0    9850.00   .1305873E-09
 32.0    9860.00   .1298548E-09
 32.0    9870.00   .1294168E-09
 32.0    9880.00   .1289865E-09
 32.0    9890.00   .1285350E-09
 32.0    9900.00   .1280380E-09
 32.0    9910.00   .1273792E-09
 32.0    9920.00   .1263115E-09
 32.0    9930.00   .1251002E-09
 32.0    9940.00   .1251332E-09
 32.0    9950.00   .1252515E-09
 32.0    9960.00   .1234256E-09
 32.0    9970.00   .1212179E-09
 32.0    9980.00   .1204302E-09
 32.0    9990.00   .1202830E-09
 32.0   10000.00   .1188658E-09
 32.0   10010.00   .1185697E-09
 32.0   10020.00   .1182739E-09
 32.0   10030.00   .1179783E-09
 32.0   10040.00   .1176829E-09
 32.0   10050.00   .1173880E-09
 32.0   10060.00   .1170929E-09
 32.0   10070.00   .1167983E-09
 32.0   10080.00   .1165041E-09
 32.0   10090.00   .1162100E-09
 32.0   10100.00   .1159161E-09
 32.0   10110.00   .1156225E-09
 32.0   10120.00   .1153291E-09
 32.0   10130.00   .1150360E-09
 32.0   10140.00   .1147431E-09
 32.0   10150.00   .1144505E-09
 32.0   10160.00   .1141581E-09
 32.0   10170.00   .1138657E-09
 32.0   10180.00   .1135737E-09
 32.0   10190.00   .1132819E-09
 32.0   10200.00   .1129904E-09
 32.0   10210.00   .1126991E-09
 32.0   10220.00   .1124079E-09
 32.0   10230.00   .1121170E-09
 32.0   10240.00   .1118264E-09
 32.0   10250.00   .1115357E-09
 32.0   10260.00   .1112454E-09
 32.0   10270.00   .1109554E-09
 32.0   10280.00   .1106653E-09
 32.0   10290.00   .1103757E-09
 32.0   10300.00   .1100862E-09
 32.0   10310.00   .1097968E-09
 32.0   10320.00   .1095077E-09
 32.0   10330.00   .1092187E-09
 32.0   10340.00   .1089299E-09
 32.0   10350.00   .1086414E-09
 32.0   10360.00   .1083530E-09
 32.0   10370.00   .1080647E-09
 32.0   10380.00   .1077767E-09
 32.0   10390.00   .1074888E-09
 32.0   10400.00   .1072013E-09
 32.0   10410.00   .1069137E-09
 32.0   10420.00   .1066264E-09
 32.0   10430.00   .1063391E-09
 32.0   10440.00   .1060522E-09
 32.0   10450.00   .1057654E-09
 32.0   10460.00   .1054788E-09
 32.0   10470.00   .1051923E-09
 32.0   10480.00   .1049060E-09
 32.0   10490.00   .1046201E-09
 32.0   10500.00   .1043341E-09
 32.0   10510.00   .1040484E-09
 32.0   10520.00   .1037629E-09
 32.0   10530.00   .1034777E-09
 32.0   10540.00   .1031927E-09
 32.0   10550.00   .1029079E-09
 32.0   10560.00   .1026232E-09
 32.0   10570.00   .1023388E-09
 32.0   10580.00   .1020546E-09
 32.0   10590.00   .1017707E-09
 32.0   10600.00   .1014870E-09
 32.0   10610.00   .1012034E-09
 32.0   10620.00   .1009202E-09
 32.0   10630.00   .1006373E-09
 32.0   10640.00   .1003546E-09
 32.0   10650.00   .1000721E-09
 32.0   10660.00   .9978975E-10
 32.0   10670.00   .9950776E-10
 32.0   10680.00   .9922599E-10
 32.0   10690.00   .9894460E-10
 32.0   10700.00   .9866336E-10
 32.0   10710.00   .9838241E-10
 32.0   10720.00   .9810173E-10
 32.0   10730.00   .9782136E-10
 32.0   10740.00   .9754126E-10
 32.0   10750.00   .9726135E-10
 32.0   10760.00   .9698181E-10
 32.0   10770.00   .9670257E-10
 32.0   10780.00   .9642358E-10
 32.0   10790.00   .9614477E-10
 32.0   10800.00   .9586639E-10
 32.0   10810.00   .9558818E-10
 32.0   10820.00   .9531025E-10
 32.0   10830.00   .9503291E-10
 32.0   10840.00   .9475562E-10
 32.0   10850.00   .9447875E-10
 32.0   10860.00   .9420215E-10
 32.0   10870.00   .9392581E-10
 32.0   10880.00   .9364976E-10
 32.0   10890.00   .9337417E-10
 32.0   10900.00   .9309868E-10
 32.0   10910.00   .9282370E-10
 32.0   10920.00   .9254886E-10
 32.0   10930.00   .9227454E-10
 32.0   10940.00   .9200049E-10
 32.0   10950.00   .9172669E-10
 32.0   10960.00   .9145324E-10
 32.0   10970.00   .9118009E-10
 32.0   10980.00   .9090731E-10
 32.0   10990.00   .9063497E-10
 32.0   11000.00   .9036281E-10
 32.0   11010.00   .9009113E-10
 32.0   11020.00   .8981959E-10
 32.0   11030.00   .8954858E-10
 32.0   11040.00   .8927785E-10
 32.0   11050.00   .8900740E-10
 32.0   11060.00   .8873736E-10
 32.0   11070.00   .8846764E-10
 32.0   11080.00   .8819826E-10
 32.0   11090.00   .8792915E-10
 32.0   11100.00   .8766055E-10
 32.0   11110.00   .8739218E-10
 32.0   11120.00   .8712424E-10
 32.0   11130.00   .8685678E-10
 32.0   11140.00   .8658937E-10
 32.0   11150.00   .8632253E-10
 32.0   11160.00   .8605606E-10
 32.0   11170.00   .8578989E-10
 32.0   11180.00   .8552405E-10
 32.0   11190.00   .8525860E-10
 32.0   11200.00   .8499355E-10
 32.0   11210.00   .8472899E-10
 32.0   11220.00   .8446462E-10
 32.0   11230.00   .8420061E-10
 32.0   11240.00   .8393702E-10
 32.0   11250.00   .8367374E-10
 32.0   11260.00   .8341096E-10
 32.0   11270.00   .8314835E-10
 32.0   11280.00   .8288630E-10
 32.0   11290.00   .8262454E-10
 32.0   11300.00   .8236310E-10
 32.0   11310.00   .8234504E-10
 32.0   11320.00   .8232723E-10
 32.0   11330.00   .8230970E-10
 32.0   11340.00   .8229255E-10
 32.0   11350.00   .8227551E-10
 32.0   11360.00   .8225876E-10
 32.0   11370.00   .8224234E-10
 32.0   11380.00   .8222626E-10
 32.0   11390.00   .8221048E-10
 32.0   11400.00   .8219492E-10
 32.0   11410.00   .8217979E-10
 32.0   11420.00   .8216467E-10
 32.0   11430.00   .8215007E-10
 32.0   11440.00   .8213572E-10
 32.0   11450.00   .8212167E-10
 32.0   11460.00   .8210808E-10
 32.0   11470.00   .8209462E-10
 32.0   11480.00   .8208157E-10
 32.0   11490.00   .8206879E-10
 32.0   11500.00   .8205645E-10
 32.0   11510.00   .8204430E-10
 32.0   11520.00   .8203249E-10
 32.0   11530.00   .8202118E-10
 32.0   11540.00   .8201003E-10
 32.0   11550.00   .8199939E-10
 32.0   11560.00   .8198898E-10
 32.0   11570.00   .8197894E-10
 32.0   11580.00   .8196922E-10
 32.0   11590.00   .8195979E-10
 32.0   11600.00   .8195081E-10
 32.0   11610.00   .8194232E-10
 32.0   11620.00   .8193400E-10
 32.0   11630.00   .8192612E-10
 32.0   11640.00   .8191861E-10
 32.0   11650.00   .8191145E-10
 32.0   11660.00   .8190479E-10
 32.0   11670.00   .8189827E-10
 32.0   11680.00   .8189229E-10
 32.0   11690.00   .8188659E-10
 32.0   11700.00   .8188143E-10
 32.0   11710.00   .8187665E-10
 32.0   11720.00   .8187218E-10
 32.0   11730.00   .8186812E-10
 32.0   11740.00   .8186454E-10
 32.0   11750.00   .8186125E-10
 32.0   11760.00   .8185841E-10
 32.0   11770.00   .8185612E-10
 32.0   11780.00   .8185405E-10
 32.0   11790.00   .8185260E-10
 32.0   11800.00   .8185140E-10
 32.0   11810.00   .8185077E-10
 32.0   11820.00   .8185040E-10
 32.0   11830.00   .8185055E-10
 32.0   11840.00   .8185102E-10
 32.0   11850.00   .8185205E-10
 32.0   11860.00   .8185369E-10
 32.0   11870.00   .8185553E-10
 32.0   11880.00   .8185790E-10
 32.0   11890.00   .8186072E-10
 32.0   11900.00   .8186393E-10
 32.0   11910.00   .8186765E-10
 32.0   11920.00   .8187198E-10
 32.0   11930.00   .8187651E-10
 32.0   11940.00   .8188168E-10
 32.0   11950.00   .8188723E-10
 32.0   11960.00   .8189332E-10
 32.0   11970.00   .8189989E-10
 32.0   11980.00   .8190695E-10
 32.0   11990.00   .8191446E-10
 32.0   12000.00   .8192247E-10
 32.0   12010.00   .8193107E-10
 32.0   12020.00   .8193999E-10
 32.0   12030.00   .8194959E-10
 32.0   12040.00   .8195964E-10
 32.0   12050.00   .8197010E-10
 32.0   12060.00   .8198107E-10
 32.0   12070.00   .8199281E-10
 32.0   12080.00   .8200479E-10
 32.0   12090.00   .8201743E-10
 32.0   12100.00   .8203059E-10
 32.0   12110.00   .8204424E-10
 32.0   12120.00   .8205833E-10
 32.0   12130.00   .8207307E-10
 32.0   12140.00   .8208838E-10
 32.0   12150.00   .8210412E-10
 32.0   12160.00   .8212059E-10
 32.0   12170.00   .8213747E-10
 32.0   12180.00   .8215488E-10
 32.0   12190.00   .8217298E-10
 32.0   12200.00   .8219152E-10
 32.0   12210.00   .8221067E-10
 32.0   12220.00   .8223031E-10
 32.0   12230.00   .8225066E-10
 32.0   12240.00   .8227152E-10
 32.0   12250.00   .8229292E-10
 32.0   12260.00   .8231501E-10
 32.0   12270.00   .8233758E-10
 32.0   12280.00   .8236095E-10
 32.0   12290.00   .8238468E-10
 32.0   12300.00   .8240916E-10
 32.0   12310.00   .8243408E-10
 32.0   12320.00   .8245985E-10
 32.0   12330.00   .8248598E-10
 32.0   12340.00   .8251284E-10
 32.0   12350.00   .8254028E-10
 32.0   12360.00   .8256844E-10
 32.0   12370.00   .8259708E-10
 32.0   12380.00   .8262644E-10
 32.0   12390.00   .8265647E-10
 32.0   12400.00   .8268697E-10
 32.0   12410.00   .8271838E-10
 32.0   12420.00   .8275024E-10
 32.0   12430.00   .8278280E-10
 32.0   12440.00   .8281599E-10
 32.0   12450.00   .8284995E-10
 32.0   12460.00   .8288440E-10
 32.0   12470.00   .8291955E-10
 32.0   12480.00   .8295540E-10
 32.0   12490.00   .8299208E-10
 32.0   12500.00   .8302925E-10
 32.0   12510.00   .8308031E-10
 32.0   12520.00   .8313215E-10
 32.0   12530.00   .8318474E-10
 32.0   12540.00   .8323793E-10
 32.0   12550.00   .8329182E-10
 32.0   12560.00   .8334633E-10
 32.0   12570.00   .8340173E-10
 32.0   12580.00   .8345761E-10
 32.0   12590.00   .8351429E-10
 32.0   12600.00   .8357168E-10
 32.0   12610.00   .8362977E-10
 32.0   12620.00   .8368860E-10
 32.0   12630.00   .8374817E-10
 32.0   12640.00   .8380851E-10
 32.0   12650.00   .8386947E-10
 32.0   12660.00   .8393127E-10
 32.0   12670.00   .8399369E-10
 32.0   12680.00   .8405697E-10
 32.0   12690.00   .8412082E-10
 32.0   12700.00   .8418569E-10
 32.0   12710.00   .8425109E-10
 32.0   12720.00   .8431745E-10
 32.0   12730.00   .8438448E-10
 32.0   12740.00   .8445224E-10
 32.0   12750.00   .8452098E-10
 32.0   12760.00   .8459023E-10
 32.0   12770.00   .8466050E-10
 32.0   12780.00   .8473142E-10
 32.0   12790.00   .8480316E-10
 32.0   12800.00   .8487576E-10
 32.0   12810.00   .8494908E-10
 32.0   12820.00   .8502336E-10
 32.0   12830.00   .8509826E-10
 32.0   12840.00   .8517413E-10
 32.0   12850.00   .8525082E-10
 32.0   12860.00   .8532828E-10
 32.0   12870.00   .8540662E-10
 32.0   12880.00   .8548585E-10
 32.0   12890.00   .8556584E-10
 32.0   12900.00   .8564650E-10
 32.0   12910.00   .8572819E-10
 32.0   12920.00   .8581059E-10
 32.0   12930.00   .8589385E-10
 32.0   12940.00   .8597801E-10
 32.0   12950.00   .8606279E-10
 32.0   12960.00   .8614841E-10
 32.0   12970.00   .8623489E-10
 32.0   12980.00   .8632212E-10
 32.0   12990.00   .8641016E-10
 32.0   13000.00   .8649910E-10
 32.0   13010.00   .8658871E-10
 32.0   13020.00   .8667903E-10
 32.0   13030.00   .8677028E-10
 32.0   13040.00   .8686233E-10
 32.0   13050.00   .8695515E-10
 32.0   13060.00   .8704869E-10
 32.0   13070.00   .8714301E-10
 32.0   13080.00   .8723802E-10
 32.0   13090.00   .8733400E-10
 32.0   13100.00   .8743076E-10
 32.0   13110.00   .8752806E-10
 32.0   13120.00   .8762610E-10
 32.0   13130.00   .8772507E-10
 32.0   13140.00   .8782477E-10
 32.0   13150.00   .8792518E-10
 32.0   13160.00   .8802632E-10
 32.0   13170.00   .8812822E-10
 32.0   13180.00   .8823092E-10
 32.0   13190.00   .8833437E-10
 32.0   13200.00   .8843837E-10
 32.0   13210.00   .8854337E-10
 32.0   13220.00   .8864895E-10
 32.0   13230.00   .8875530E-10
 32.0   13240.00   .8886244E-10
 32.0   13250.00   .8897017E-10
 32.0   13260.00   .8907870E-10
 32.0   13270.00   .8918801E-10
 32.0   13280.00   .8929783E-10
 32.0   13290.00   .8940863E-10
 32.0   13300.00   .8951983E-10
 32.0   13310.00   .8963205E-10
 32.0   13320.00   .8974475E-10
 32.0   13330.00   .8985832E-10
 32.0   13340.00   .8997245E-10
 32.0   13350.00   .9008732E-10
 32.0   13360.00   .9020283E-10
 32.0   13370.00   .9031908E-10
 32.0   13380.00   .9043620E-10
 32.0   13390.00   .9055373E-10
 32.0   13400.00   .9067204E-10
 32.0   13410.00   .9079091E-10
 32.0   13420.00   .9091056E-10
 32.0   13430.00   .9103094E-10
 32.0   13440.00   .9115193E-10
 32.0   13450.00   .9127365E-10
 32.0   13460.00   .9139590E-10
 32.0   13470.00   .9151888E-10
 32.0   13480.00   .9164247E-10
 32.0   13490.00   .9176673E-10
 32.0   13500.00   .9189169E-10
 32.0   13510.00   .9201731E-10
 32.0   13520.00   .9214358E-10
 32.0   13530.00   .9227037E-10
 32.0   13540.00   .9239781E-10
 32.0   13550.00   .9252593E-10
 32.0   13560.00   .9265483E-10
 32.0   13570.00   .9278413E-10
 32.0   13580.00   .9291421E-10
 32.0   13590.00   .9304475E-10
 32.0   13600.00   .9317600E-10
 32.0   13610.00   .9330787E-10
 32.0   13620.00   .9344034E-10
 32.0   13630.00   .9357336E-10
 32.0   13640.00   .9370707E-10
 32.0   13650.00   .9384129E-10
 32.0   13660.00   .9397617E-10
 32.0   13670.00   .9411168E-10
 32.0   13680.00   .9424760E-10
 32.0   13690.00   .9438424E-10
 32.0   13700.00   .9452141E-10
 32.0   13710.00   .9416102E-10
 32.0   13720.00   .9379979E-10
 32.0   13730.00   .9343754E-10
 32.0   13740.00   .9307441E-10
 32.0   13750.00   .9271039E-10
 32.0   13760.00   .9234545E-10
 32.0   13770.00   .9197950E-10
 32.0   13780.00   .9161261E-10
 32.0   13790.00   .9124483E-10
 32.0   13800.00   .9087601E-10
 32.0   13810.00   .9050612E-10
 32.0   13820.00   .9013539E-10
 32.0   13830.00   .8976358E-10
 32.0   13840.00   .8939082E-10
 32.0   13850.00   .8901691E-10
 32.0   13860.00   .8864179E-10
 32.0   13870.00   .8826572E-10
 32.0   13880.00   .8788874E-10
 32.0   13890.00   .8751065E-10
 32.0   13900.00   .8713146E-10
 32.0   13910.00   .8675112E-10
 32.0   13920.00   .8636941E-10
 32.0   13930.00   .8598683E-10
 32.0   13940.00   .8560302E-10
 32.0   13950.00   .8521809E-10
 32.0   13960.00   .8483206E-10
 32.0   13970.00   .8444471E-10
 32.0   13980.00   .8405635E-10
 32.0   13990.00   .8366657E-10
 32.0   14000.00   .8327574E-10
 32.0   14010.00   .8288375E-10
 32.0   14020.00   .8249023E-10
 32.0   14030.00   .8209583E-10
 32.0   14040.00   .8169993E-10
 32.0   14050.00   .8130295E-10
 32.0   14060.00   .8090449E-10
 32.0   14070.00   .8050480E-10
 32.0   14080.00   .8010388E-10
 32.0   14090.00   .7970152E-10
 32.0   14100.00   .7929803E-10
 32.0   14110.00   .7889317E-10
 32.0   14120.00   .7848705E-10
 32.0   14130.00   .7807941E-10
 32.0   14140.00   .7767055E-10
 32.0   14150.00   .7726012E-10
 32.0   14160.00   .7684845E-10
 32.0   14170.00   .7643555E-10
 32.0   14180.00   .7602101E-10
 32.0   14190.00   .7560523E-10
 32.0   14200.00   .7518794E-10
 32.0   14210.00   .7476935E-10
 32.0   14220.00   .7434911E-10
 32.0   14230.00   .7392760E-10
 32.0   14240.00   .7350462E-10
 32.0   14250.00   .7308010E-10
 32.0   14260.00   .7265434E-10
 32.0   14270.00   .7222676E-10
 32.0   14280.00   .7179799E-10
 32.0   14290.00   .7136757E-10
 32.0   14300.00   .7093574E-10
 32.0   14310.00   .7050226E-10
 32.0   14320.00   .7006735E-10
 32.0   14330.00   .6963095E-10
 32.0   14340.00   .6919291E-10
 32.0   14350.00   .6875343E-10
 32.0   14360.00   .6831231E-10
 32.0   14370.00   .6786971E-10
 32.0   14380.00   .6742552E-10
 32.0   14390.00   .6697964E-10
 32.0   14400.00   .6653234E-10
 32.0   14410.00   .6608335E-10
 32.0   14420.00   .6563285E-10
 32.0   14430.00   .6518065E-10
 32.0   14440.00   .6472685E-10
 32.0   14450.00   .6427146E-10
 32.0   14460.00   .6381440E-10
 32.0   14470.00   .6335572E-10
 32.0   14480.00   .6289540E-10
 32.0   14490.00   .6243345E-10
 32.0   14500.00   .6196983E-10
 32.0   14510.00   .6150455E-10
 32.0   14520.00   .6103757E-10
 32.0   14530.00   .6056899E-10
 32.0   14540.00   .6009863E-10
 32.0   14550.00   .5962663E-10
 32.0   14560.00   .5915293E-10
 32.0   14570.00   .5867750E-10
 32.0   14580.00   .5820037E-10
 32.0   14590.00   .5772158E-10
 32.0   14600.00   .5724102E-10
 32.0   14610.00   .5675873E-10
 32.0   14620.00   .5627473E-10
 32.0   14630.00   .5578900E-10
 32.0   14640.00   .5530150E-10
 32.0   14650.00   .5481228E-10
 32.0   14660.00   .5432129E-10
 32.0   14670.00   .5382854E-10
 32.0   14680.00   .5333403E-10
 32.0   14690.00   .5283776E-10
 32.0   14700.00   .5233971E-10
 32.0   14710.00   .5183988E-10
 32.0   14720.00   .5133823E-10
 32.0   14730.00   .5083484E-10
 32.0   14740.00   .5032965E-10
 32.0   14750.00   .4982268E-10
 32.0   14760.00   .4931387E-10
 32.0   14770.00   .4880329E-10
 32.0   14780.00   .4829091E-10
 32.0   14790.00   .4777669E-10
 32.0   14800.00   .4726067E-10
 32.0   14810.00   .4674281E-10
 32.0   14820.00   .4622312E-10
 32.0   14830.00   .4570162E-10
 32.0   14840.00   .4517832E-10
 32.0   14850.00   .4465314E-10
 32.0   14860.00   .4412616E-10
 32.0   14870.00   .4359733E-10
 32.0   14880.00   .4306665E-10
 32.0   14890.00   .4253417E-10
 32.0   14900.00   .4199979E-10
 32.0   14910.00   .4146361E-10
 32.0   14920.00   .4092557E-10
 32.0   14930.00   .4038570E-10
 32.0   14940.00   .3984393E-10
 32.0   14950.00   .3930036E-10
 32.0   14960.00   .3875492E-10
 32.0   14970.00   .3820763E-10
 32.0   14980.00   .3765848E-10
 32.0   14990.00   .3710745E-10
 32.0   15000.00   .3655459E-10
 32.0   15010.00   .3661011E-10
 32.0   15020.00   .3666561E-10
 32.0   15030.00   .3672108E-10
 32.0   15040.00   .3677656E-10
 32.0   15050.00   .3683201E-10
 32.0   15060.00   .3688743E-10
 32.0   15070.00   .3694287E-10
 32.0   15080.00   .3699828E-10
 32.0   15090.00   .3705364E-10
 32.0   15100.00   .3710901E-10
 32.0   15110.00   .3716435E-10
 32.0   15120.00   .3721966E-10
 32.0   15130.00   .3727495E-10
 32.0   15140.00   .3733021E-10
 32.0   15150.00   .3738544E-10
 32.0   15160.00   .3744061E-10
 32.0   15170.00   .3749579E-10
 32.0   15180.00   .3755089E-10
 32.0   15190.00   .3760601E-10
 32.0   15200.00   .3766105E-10
 32.0   15210.00   .3771606E-10
 32.0   15220.00   .3777105E-10
 32.0   15230.00   .3782598E-10
 32.0   15240.00   .3788089E-10
 32.0   15250.00   .3793573E-10
 32.0   15260.00   .3799051E-10
 32.0   15270.00   .3804527E-10
 32.0   15280.00   .3809996E-10
 32.0   15290.00   .3815458E-10
 32.0   15300.00   .3820918E-10
 32.0   15310.00   .3826373E-10
 32.0   15320.00   .3831822E-10
 32.0   15330.00   .3837264E-10
 32.0   15340.00   .3842699E-10
 32.0   15350.00   .3848130E-10
 32.0   15360.00   .3853556E-10
 32.0   15370.00   .3858972E-10
 32.0   15380.00   .3864382E-10
 32.0   15390.00   .3869783E-10
 32.0   15400.00   .3875183E-10
 32.0   15410.00   .3880571E-10
 32.0   15420.00   .3885954E-10
 32.0   15430.00   .3891330E-10
 32.0   15440.00   .3896697E-10
 32.0   15450.00   .3902055E-10
 32.0   15460.00   .3907405E-10
 32.0   15470.00   .3912750E-10
 32.0   15480.00   .3918085E-10
 32.0   15490.00   .3923412E-10
 32.0   15500.00   .3928729E-10
 32.0   15510.00   .3934037E-10
 32.0   15520.00   .3939340E-10
 32.0   15530.00   .3944627E-10
 32.0   15540.00   .3949909E-10
 32.0   15550.00   .3955179E-10
 32.0   15560.00   .3960442E-10
 32.0   15570.00   .3965696E-10
 32.0   15580.00   .3970937E-10
 32.0   15590.00   .3976167E-10
 32.0   15600.00   .3981388E-10
 32.0   15610.00   .3986599E-10
 32.0   15620.00   .3991798E-10
 32.0   15630.00   .3996989E-10
 32.0   15640.00   .4002165E-10
 32.0   15650.00   .4007333E-10
 32.0   15660.00   .4012488E-10
 32.0   15670.00   .4017629E-10
 32.0   15680.00   .4022762E-10
 32.0   15690.00   .4027880E-10
 32.0   15700.00   .4032986E-10
 32.0   15710.00   .4038080E-10
 32.0   15720.00   .4043165E-10
 32.0   15730.00   .4048232E-10
 32.0   15740.00   .4053289E-10
 32.0   15750.00   .4058330E-10
 32.0   15760.00   .4063363E-10
 32.0   15770.00   .4068379E-10
 32.0   15780.00   .4073382E-10
 32.0   15790.00   .4078370E-10
 32.0   15800.00   .4083345E-10
 32.0   15810.00   .4088304E-10
 32.0   15820.00   .4093250E-10
 32.0   15830.00   .4098181E-10
 32.0   15840.00   .4103098E-10
 32.0   15850.00   .4108001E-10
 32.0   15860.00   .4112888E-10
 32.0   15870.00   .4117757E-10
 32.0   15880.00   .4122615E-10
 32.0   15890.00   .4127451E-10
 32.0   15900.00   .4132279E-10
 32.0   15910.00   .4137085E-10
 32.0   15920.00   .4141877E-10
 32.0   15930.00   .4146652E-10
 32.0   15940.00   .4151410E-10
 32.0   15950.00   .4156151E-10
 32.0   15960.00   .4160876E-10
 32.0   15970.00   .4165582E-10
 32.0   15980.00   .4170271E-10
 32.0   15990.00   .4174944E-10
 32.0   16000.00   .4179601E-10
 32.0   16010.00   .4184238E-10
 32.0   16020.00   .4188854E-10
 32.0   16030.00   .4193454E-10
 32.0   16040.00   .4198033E-10
 32.0   16050.00   .4202596E-10
 32.0   16060.00   .4207139E-10
 32.0   16070.00   .4211667E-10
 32.0   16080.00   .4216170E-10
 32.0   16090.00   .4220653E-10
 32.0   16100.00   .4225119E-10
 32.0   16110.00   .4229565E-10
 32.0   16120.00   .4233990E-10
 32.0   16130.00   .4238395E-10
 32.0   16140.00   .4242779E-10
 32.0   16150.00   .4247147E-10
 32.0   16160.00   .4251487E-10
 32.0   16170.00   .4255808E-10
 32.0   16180.00   .4260109E-10
 32.0   16190.00   .4264390E-10
 32.0   16200.00   .4268648E-10
 32.0   16210.00   .4272881E-10
 32.0   16220.00   .4277097E-10
 32.0   16230.00   .4281288E-10
 32.0   16240.00   .4285452E-10
 32.0   16250.00   .4289600E-10
 32.0   16260.00   .4292704E-10
 32.0   16270.00   .4295780E-10
 32.0   16280.00   .4298835E-10
 32.0   16290.00   .4301864E-10
 32.0   16300.00   .4304870E-10
 32.0   16310.00   .4307854E-10
 32.0   16320.00   .4310813E-10
 32.0   16330.00   .4313745E-10
 32.0   16340.00   .4316656E-10
 32.0   16350.00   .4319543E-10
 32.0   16360.00   .4322402E-10
 32.0   16370.00   .4325239E-10
 32.0   16380.00   .4328049E-10
 32.0   16390.00   .4330835E-10
 32.0   16400.00   .4333594E-10
 32.0   16410.00   .4336332E-10
 32.0   16420.00   .4339038E-10
 32.0   16430.00   .4341720E-10
 32.0   16440.00   .4344377E-10
 32.0   16450.00   .4347007E-10
 32.0   16460.00   .4349613E-10
 32.0   16470.00   .4352187E-10
 32.0   16480.00   .4354738E-10
 32.0   16490.00   .4357260E-10
 32.0   16500.00   .4359757E-10
 32.0   16510.00   .4362223E-10
 32.0   16520.00   .4364661E-10
 32.0   16530.00   .4367080E-10
 32.0   16540.00   .4369464E-10
 32.0   16550.00   .4371821E-10
 32.0   16560.00   .4374150E-10
 32.0   16570.00   .4376449E-10
 32.0   16580.00   .4378721E-10
 32.0   16590.00   .4380961E-10
 32.0   16600.00   .4383178E-10
 32.0   16610.00   .4385360E-10
 32.0   16620.00   .4387515E-10
 32.0   16630.00   .4389641E-10
 32.0   16640.00   .4391738E-10
 32.0   16650.00   .4393804E-10
 32.0   16660.00   .4395840E-10
 32.0   16670.00   .4397847E-10
 32.0   16680.00   .4399822E-10
 32.0   16690.00   .4401767E-10
 32.0   16700.00   .4403678E-10
 32.0   16710.00   .4405564E-10
 32.0   16720.00   .4407417E-10
 32.0   16730.00   .4409235E-10
 32.0   16740.00   .4411025E-10
 32.0   16750.00   .4412783E-10
 32.0   16760.00   .4414511E-10
 32.0   16770.00   .4416203E-10
 32.0   16780.00   .4417869E-10
 32.0   16790.00   .4419497E-10
 32.0   16800.00   .4421092E-10
 32.0   16810.00   .4422657E-10
 32.0   16820.00   .4424191E-10
 32.0   16830.00   .4425690E-10
 32.0   16840.00   .4427158E-10
 32.0   16850.00   .4428594E-10
 32.0   16860.00   .4429999E-10
 32.0   16870.00   .4431369E-10
 32.0   16880.00   .4432706E-10
 32.0   16890.00   .4434017E-10
 32.0   16900.00   .4435293E-10
 32.0   16910.00   .4436541E-10
 32.0   16920.00   .4437755E-10
 32.0   16930.00   .4438936E-10
 32.0   16940.00   .4440087E-10
 32.0   16950.00   .4441210E-10
 32.0   16960.00   .4442300E-10
 32.0   16970.00   .4443362E-10
 32.0   16980.00   .4444389E-10
 32.0   16990.00   .4445390E-10
 32.0   17000.00   .4446360E-10
 32.0   17010.00   .4447296E-10
 32.0   17020.00   .4448207E-10
 32.0   17030.00   .4449087E-10
 32.0   17040.00   .4449933E-10
 32.0   17050.00   .4450759E-10
 32.0   17060.00   .4451549E-10
 32.0   17070.00   .4452311E-10
 32.0   17080.00   .4453043E-10
 32.0   17090.00   .4453745E-10
 32.0   17100.00   .4454422E-10
 32.0   17110.00   .4455069E-10
 32.0   17120.00   .4455688E-10
 32.0   17130.00   .4456278E-10
 32.0   17140.00   .4456839E-10
 32.0   17150.00   .4457372E-10
 32.0   17160.00   .4457879E-10
 32.0   17170.00   .4458357E-10
 32.0   17180.00   .4458806E-10
 32.0   17190.00   .4459227E-10
 32.0   17200.00   .4459629E-10
 32.0   17210.00   .4459995E-10
 32.0   17220.00   .4460335E-10
 32.0   17230.00   .4460650E-10
 32.0   17240.00   .4460939E-10
 32.0   17250.00   .4461199E-10
 32.0   17260.00   .4461435E-10
 32.0   17270.00   .4461643E-10
 32.0   17280.00   .4461823E-10
 32.0   17290.00   .4461979E-10
 32.0   17300.00   .4462110E-10
 32.0   17310.00   .4462217E-10
 32.0   17320.00   .4462293E-10
 32.0   17330.00   .4462350E-10
 32.0   17340.00   .4462380E-10
 32.0   17350.00   .4462379E-10
 32.0   17360.00   .4462360E-10
 32.0   17370.00   .4462312E-10
 32.0   17380.00   .4462239E-10
 32.0   17390.00   .4462146E-10
 32.0   17400.00   .4462025E-10
 32.0   17410.00   .4461880E-10
 32.0   17420.00   .4461711E-10
 32.0   17430.00   .4461520E-10
 32.0   17440.00   .4461306E-10
 32.0   17450.00   .4461064E-10
 32.0   17460.00   .4460802E-10
 32.0   17470.00   .4460514E-10
 32.0   17480.00   .4460205E-10
 32.0   17490.00   .4459872E-10
 32.0   17500.00   .4459517E-10
 32.0   17510.00   .4459144E-10
 32.0   17520.00   .4458740E-10
 32.0   17530.00   .4458318E-10
 32.0   17540.00   .4457871E-10
 32.0   17550.00   .4457405E-10
 32.0   17560.00   .4456915E-10
 32.0   17570.00   .4456405E-10
 32.0   17580.00   .4455873E-10
 32.0   17590.00   .4455323E-10
 32.0   17600.00   .4454744E-10
 32.0   17610.00   .4454149E-10
 32.0   17620.00   .4453533E-10
 32.0   17630.00   .4452890E-10
 32.0   17640.00   .4452234E-10
 32.0   17650.00   .4451558E-10
 32.0   17660.00   .4450856E-10
 32.0   17670.00   .4450135E-10
 32.0   17680.00   .4449398E-10
 32.0   17690.00   .4448639E-10
 32.0   17700.00   .4447857E-10
 32.0   17710.00   .4447061E-10
 32.0   17720.00   .4446239E-10
 32.0   17730.00   .4445404E-10
 32.0   17740.00   .4444547E-10
 32.0   17750.00   .4443671E-10
 32.0   17760.00   .4442779E-10
 32.0   17770.00   .4441862E-10
 32.0   17780.00   .4440931E-10
 32.0   17790.00   .4439983E-10
 32.0   17800.00   .4439013E-10
 32.0   17810.00   .4438028E-10
 32.0   17820.00   .4437024E-10
 32.0   17830.00   .4436003E-10
 32.0   17840.00   .4434963E-10
 32.0   17850.00   .4433907E-10
 32.0   17860.00   .4432834E-10
 32.0   17870.00   .4431744E-10
 32.0   17880.00   .4430640E-10
 32.0   17890.00   .4429513E-10
 32.0   17900.00   .4428369E-10
 32.0   17910.00   .4427213E-10
 32.0   17920.00   .4426041E-10
 32.0   17930.00   .4424851E-10
 32.0   17940.00   .4423646E-10
 32.0   17950.00   .4422425E-10
 32.0   17960.00   .4421184E-10
 32.0   17970.00   .4419934E-10
 32.0   17980.00   .4418669E-10
 32.0   17990.00   .4417385E-10
 32.0   18000.00   .4416081E-10
 32.0   18010.00   .4402293E-10
 32.0   18020.00   .4388494E-10
 32.0   18030.00   .4374686E-10
 32.0   18040.00   .4360873E-10
 32.0   18050.00   .4347054E-10
 32.0   18060.00   .4333232E-10
 32.0   18070.00   .4319398E-10
 32.0   18080.00   .4305561E-10
 32.0   18090.00   .4291716E-10
 32.0   18100.00   .4277872E-10
 32.0   18110.00   .4264017E-10
 32.0   18120.00   .4250165E-10
 32.0   18130.00   .4236301E-10
 32.0   18140.00   .4222439E-10
 32.0   18150.00   .4208571E-10
 32.0   18160.00   .4194697E-10
 32.0   18170.00   .4180823E-10
 32.0   18180.00   .4166944E-10
 32.0   18190.00   .4153065E-10
 32.0   18200.00   .4139183E-10
 32.0   18210.00   .4125299E-10
 32.0   18220.00   .4111411E-10
 32.0   18230.00   .4097526E-10
 32.0   18240.00   .4083631E-10
 32.0   18250.00   .4069742E-10
 32.0   18260.00   .4055849E-10
 32.0   18270.00   .4041958E-10
 32.0   18280.00   .4028066E-10
 32.0   18290.00   .4014168E-10
 32.0   18300.00   .4000276E-10
 32.0   18310.00   .3986383E-10
 32.0   18320.00   .3972491E-10
 32.0   18330.00   .3958598E-10
 32.0   18340.00   .3944705E-10
 32.0   18350.00   .3930815E-10
 32.0   18360.00   .3916922E-10
 32.0   18370.00   .3903037E-10
 32.0   18380.00   .3889150E-10
 32.0   18390.00   .3875267E-10
 32.0   18400.00   .3861383E-10
 32.0   18410.00   .3847505E-10
 32.0   18420.00   .3833628E-10
 32.0   18430.00   .3819753E-10
 32.0   18440.00   .3805885E-10
 32.0   18450.00   .3792013E-10
 32.0   18460.00   .3778150E-10
 32.0   18470.00   .3764291E-10
 32.0   18480.00   .3750436E-10
 32.0   18490.00   .3736581E-10
 32.0   18500.00   .3722733E-10
 32.0   18510.00   .3708885E-10
 32.0   18520.00   .3695050E-10
 32.0   18530.00   .3681214E-10
 32.0   18540.00   .3667382E-10
 32.0   18550.00   .3653557E-10
 32.0   18560.00   .3639735E-10
 32.0   18570.00   .3625924E-10
 32.0   18580.00   .3612115E-10
 32.0   18590.00   .3598310E-10
 32.0   18600.00   .3584513E-10
 32.0   18610.00   .3570722E-10
 32.0   18620.00   .3556940E-10
 32.0   18630.00   .3543161E-10
 32.0   18640.00   .3529389E-10
 32.0   18650.00   .3515626E-10
 32.0   18660.00   .3501866E-10
 32.0   18670.00   .3488120E-10
 32.0   18680.00   .3474377E-10
 32.0   18690.00   .3460640E-10
 32.0   18700.00   .3446912E-10
 32.0   18710.00   .3433195E-10
 32.0   18720.00   .3419483E-10
 32.0   18730.00   .3405778E-10
 32.0   18740.00   .3392083E-10
 32.0   18750.00   .3378394E-10
 32.0   18760.00   .3364717E-10
 32.0   18770.00   .3351048E-10
 32.0   18780.00   .3337386E-10
 32.0   18790.00   .3323737E-10
 32.0   18800.00   .3310091E-10
 32.0   18810.00   .3296459E-10
 32.0   18820.00   .3282834E-10
 32.0   18830.00   .3269220E-10
 32.0   18840.00   .3255613E-10
 32.0   18850.00   .3242020E-10
 32.0   18860.00   .3228434E-10
 32.0   18870.00   .3214860E-10
 32.0   18880.00   .3201295E-10
 32.0   18890.00   .3187740E-10
 32.0   18900.00   .3174196E-10
 32.0   18910.00   .3160660E-10
 32.0   18920.00   .3147138E-10
 32.0   18930.00   .3133625E-10
 32.0   18940.00   .3120125E-10
 32.0   18950.00   .3106634E-10
 32.0   18960.00   .3093152E-10
 32.0   18970.00   .3079687E-10
 32.0   18980.00   .3066228E-10
 32.0   18990.00   .3052782E-10
 32.0   19000.00   .3039349E-10
 32.0   19010.00   .3025925E-10
 32.0   19020.00   .3012515E-10
 32.0   19030.00   .2999115E-10
 32.0   19040.00   .2985731E-10
 32.0   19050.00   .2972353E-10
 32.0   19060.00   .2958991E-10
 32.0   19070.00   .2945639E-10
 32.0   19080.00   .2932302E-10
 32.0   19090.00   .2918974E-10
 32.0   19100.00   .2905663E-10
 32.0   19110.00   .2892359E-10
 32.0   19120.00   .2879070E-10
 32.0   19130.00   .2865795E-10
 32.0   19140.00   .2852532E-10
 32.0   19150.00   .2839280E-10
 32.0   19160.00   .2826042E-10
 32.0   19170.00   .2812819E-10
 32.0   19180.00   .2799605E-10
 32.0   19190.00   .2786408E-10
 32.0   19200.00   .2773223E-10
 32.0   19210.00   .2760050E-10
 32.0   19220.00   .2746892E-10
 32.0   19230.00   .2733749E-10
 32.0   19240.00   .2720615E-10
 32.0   19250.00   .2707496E-10
 32.0   19260.00   .2694391E-10
 32.0   19270.00   .2681299E-10
 32.0   19280.00   .2668222E-10
 32.0   19290.00   .2655158E-10
 32.0   19300.00   .2642108E-10
 32.0   19310.00   .2629074E-10
 32.0   19320.00   .2616054E-10
 32.0   19330.00   .2603041E-10
 32.0   19340.00   .2590047E-10
 32.0   19350.00   .2577068E-10
 32.0   19360.00   .2564100E-10
 32.0   19370.00   .2551146E-10
 32.0   19380.00   .2538207E-10
 32.0   19390.00   .2525283E-10
 32.0   19400.00   .2512378E-10
 32.0   19410.00   .2499481E-10
 32.0   19420.00   .2486598E-10
 32.0   19430.00   .2473728E-10
 32.0   19440.00   .2460879E-10
 32.0   19450.00   .2448039E-10
 32.0   19460.00   .2435213E-10
 32.0   19470.00   .2422404E-10
 32.0   19480.00   .2409609E-10
 32.0   19490.00   .2396829E-10
 32.0   19500.00   .2384061E-10
 32.0   19510.00   .2371310E-10
 32.0   19520.00   .2358571E-10
 32.0   19530.00   .2345850E-10
 32.0   19540.00   .2333139E-10
 32.0   19550.00   .2320447E-10
 32.0   19560.00   .2307765E-10
 32.0   19570.00   .2295099E-10
 32.0   19580.00   .2282452E-10
 32.0   19590.00   .2269813E-10
 32.0   19600.00   .2257194E-10
 32.0   19610.00   .2244586E-10
 32.0   19620.00   .2231992E-10
 32.0   19630.00   .2219415E-10
 32.0   19640.00   .2206850E-10
 32.0   19650.00   .2194301E-10
 32.0   19660.00   .2181766E-10
 32.0   19670.00   .2169243E-10
 32.0   19680.00   .2156737E-10
 32.0   19690.00   .2144241E-10
 32.0   19700.00   .2131760E-10
 32.0   19710.00   .2119294E-10
 32.0   19720.00   .2106839E-10
 32.0   19730.00   .2094399E-10
 32.0   19740.00   .2081974E-10
 32.0   19750.00   .2069561E-10
 32.0   19760.00   .2057163E-10
 32.0   19770.00   .2044776E-10
 32.0   19780.00   .2032402E-10
 32.0   19790.00   .2020041E-10
 32.0   19800.00   .2007695E-10
 32.0   19810.00   .1995361E-10
 32.0   19820.00   .1983041E-10
 32.0   19830.00   .1970731E-10
 32.0   19840.00   .1958436E-10
 32.0   19850.00   .1946153E-10
 32.0   19860.00   .1933883E-10
 32.0   19870.00   .1921624E-10
 32.0   19880.00   .1909378E-10
 32.0   19890.00   .1897144E-10
 32.0   19900.00   .1884924E-10
 32.0   19910.00   .1872716E-10
 32.0   19920.00   .1860518E-10
 32.0   19930.00   .1848333E-10
 32.0   19940.00   .1836160E-10
 32.0   19950.00   .1824000E-10
 32.0   19960.00   .1811852E-10
 32.0   19970.00   .1799713E-10
 32.0   19980.00   .1787588E-10
 32.0   19990.00   .1775474E-10
 32.0   20000.00   .1763372E-10
 32.0   20010.00   .1751280E-10
 32.0   20020.00   .1739201E-10
 32.0   20030.00   .1727133E-10
 32.0   20040.00   .1715077E-10
 32.0   20050.00   .1703030E-10
 32.0   20060.00   .1690997E-10
 32.0   20070.00   .1678974E-10
 32.0   20080.00   .1666960E-10
 32.0   20090.00   .1654959E-10
 32.0   20100.00   .1642969E-10
 32.0   20110.00   .1642412E-10
 32.0   20120.00   .1641861E-10
 32.0   20130.00   .1641312E-10
 32.0   20140.00   .1640765E-10
 32.0   20150.00   .1640223E-10
 32.0   20160.00   .1639682E-10
 32.0   20170.00   .1639145E-10
 32.0   20180.00   .1638610E-10
 32.0   20190.00   .1638080E-10
 32.0   20200.00   .1637550E-10
 32.0   20210.00   .1637026E-10
 32.0   20220.00   .1636505E-10
 32.0   20230.00   .1635984E-10
 32.0   20240.00   .1635468E-10
 32.0   20250.00   .1634956E-10
 32.0   20260.00   .1634446E-10
 32.0   20270.00   .1633937E-10
 32.0   20280.00   .1633433E-10
 32.0   20290.00   .1632931E-10
 32.0   20300.00   .1632431E-10
 32.0   20310.00   .1631938E-10
 32.0   20320.00   .1631444E-10
 32.0   20330.00   .1630954E-10
 32.0   20340.00   .1630468E-10
 32.0   20350.00   .1629982E-10
 32.0   20360.00   .1629503E-10
 32.0   20370.00   .1629023E-10
 32.0   20380.00   .1628548E-10
 32.0   20390.00   .1628077E-10
 32.0   20400.00   .1627607E-10
 32.0   20410.00   .1627140E-10
 32.0   20420.00   .1626678E-10
 32.0   20430.00   .1626216E-10
 32.0   20440.00   .1625759E-10
 32.0   20450.00   .1625304E-10
 32.0   20460.00   .1624851E-10
 32.0   20470.00   .1624402E-10
 32.0   20480.00   .1623955E-10
 32.0   20490.00   .1623511E-10
 32.0   20500.00   .1623071E-10
 32.0   20510.00   .1622634E-10
 32.0   20520.00   .1622197E-10
 32.0   20530.00   .1621765E-10
 32.0   20540.00   .1621336E-10
 32.0   20550.00   .1620909E-10
 32.0   20560.00   .1620486E-10
 32.0   20570.00   .1620064E-10
 32.0   20580.00   .1619645E-10
 32.0   20590.00   .1619230E-10
 32.0   20600.00   .1618818E-10
 32.0   20610.00   .1618408E-10
 32.0   20620.00   .1618001E-10
 32.0   20630.00   .1617596E-10
 32.0   20640.00   .1617195E-10
 32.0   20650.00   .1616797E-10
 32.0   20660.00   .1616401E-10
 32.0   20670.00   .1616007E-10
 32.0   20680.00   .1615617E-10
 32.0   20690.00   .1615229E-10
 32.0   20700.00   .1614843E-10
 32.0   20710.00   .1614462E-10
 32.0   20720.00   .1614081E-10
 32.0   20730.00   .1613705E-10
 32.0   20740.00   .1613332E-10
 32.0   20750.00   .1612960E-10
 32.0   20760.00   .1612590E-10
 32.0   20770.00   .1612226E-10
 32.0   20780.00   .1611864E-10
 32.0   20790.00   .1611502E-10
 32.0   20800.00   .1611145E-10
 32.0   20810.00   .1610790E-10
 32.0   20820.00   .1610438E-10
 32.0   20830.00   .1610088E-10
 32.0   20840.00   .1609741E-10
 32.0   20850.00   .1609398E-10
 32.0   20860.00   .1609056E-10
 32.0   20870.00   .1608717E-10
 32.0   20880.00   .1608381E-10
 32.0   20890.00   .1608047E-10
 32.0   20900.00   .1607717E-10
 32.0   20910.00   .1607389E-10
 32.0   20920.00   .1607063E-10
 32.0   20930.00   .1606742E-10
 32.0   20940.00   .1606421E-10
 32.0   20950.00   .1606102E-10
 32.0   20960.00   .1605787E-10
 32.0   20970.00   .1605476E-10
 32.0   20980.00   .1605167E-10
 32.0   20990.00   .1604858E-10
 32.0   21000.00   .1604554E-10
 32.0   21010.00   .1604253E-10
 32.0   21020.00   .1603954E-10
 32.0   21030.00   .1603656E-10
 32.0   21040.00   .1603362E-10
 32.0   21050.00   .1603072E-10
 32.0   21060.00   .1602783E-10
 32.0   21070.00   .1602497E-10
 32.0   21080.00   .1602213E-10
 32.0   21090.00   .1601933E-10
 32.0   21100.00   .1601654E-10
 32.0   21110.00   .1601378E-10
 32.0   21120.00   .1601106E-10
 32.0   21130.00   .1600834E-10
 32.0   21140.00   .1600567E-10
 32.0   21150.00   .1600300E-10
 32.0   21160.00   .1600036E-10
 32.0   21170.00   .1599776E-10
 32.0   21180.00   .1599520E-10
 32.0   21190.00   .1599264E-10
 32.0   21200.00   .1599011E-10
 32.0   21210.00   .1598762E-10
 32.0   21220.00   .1598513E-10
 32.0   21230.00   .1598269E-10
 32.0   21240.00   .1598025E-10
 32.0   21250.00   .1597785E-10
 32.0   21260.00   .1597548E-10
 32.0   21270.00   .1597313E-10
 32.0   21280.00   .1597081E-10
 32.0   21290.00   .1596851E-10
 32.0   21300.00   .1596624E-10
 32.0   21310.00   .1596397E-10
 32.0   21320.00   .1596173E-10
 32.0   21330.00   .1595955E-10
 32.0   21340.00   .1595737E-10
 32.0   21350.00   .1595523E-10
 32.0   21360.00   .1595310E-10
 32.0   21370.00   .1595099E-10
 32.0   21380.00   .1594893E-10
 32.0   21390.00   .1594687E-10
 32.0   21400.00   .1594483E-10
 32.0   21410.00   .1594283E-10
 32.0   21420.00   .1594086E-10
 32.0   21430.00   .1593891E-10
 32.0   21440.00   .1593698E-10
 32.0   21450.00   .1593508E-10
 32.0   21460.00   .1593320E-10
 32.0   21470.00   .1593133E-10
 32.0   21480.00   .1592950E-10
 32.0   21490.00   .1592770E-10
 32.0   21500.00   .1592594E-10
 32.0   21510.00   .1592417E-10
 32.0   21520.00   .1592243E-10
 32.0   21530.00   .1592071E-10
 32.0   21540.00   .1591903E-10
 32.0   21550.00   .1591737E-10
 32.0   21560.00   .1591573E-10
 32.0   21570.00   .1591412E-10
 32.0   21580.00   .1591252E-10
 32.0   21590.00   .1591096E-10
 32.0   21600.00   .1590942E-10
 32.0   21610.00   .1590791E-10
 32.0   21620.00   .1590641E-10
 32.0   21630.00   .1590493E-10
 32.0   21640.00   .1590351E-10
 32.0   21650.00   .1590207E-10
 32.0   21660.00   .1590069E-10
 32.0   21670.00   .1589930E-10
 32.0   21680.00   .1589797E-10
 32.0   21690.00   .1589664E-10
 32.0   21700.00   .1589534E-10
 32.0   21710.00   .1589404E-10
 32.0   21720.00   .1589280E-10
 32.0   21730.00   .1589157E-10
 32.0   21740.00   .1589034E-10
 32.0   21750.00   .1588917E-10
 32.0   21760.00   .1588800E-10
 32.0   21770.00   .1588687E-10
 32.0   21780.00   .1588575E-10
 32.0   21790.00   .1588466E-10
 32.0   21800.00   .1588359E-10
 32.0   21810.00   .1588254E-10
 32.0   21820.00   .1588152E-10
 32.0   21830.00   .1588054E-10
 32.0   21840.00   .1587956E-10
 32.0   21850.00   .1587859E-10
 32.0   21860.00   .1587767E-10
 32.0   21870.00   .1587676E-10
 32.0   21880.00   .1587587E-10
 32.0   21890.00   .1587503E-10
 32.0   21900.00   .1587419E-10
 32.0   21910.00   .1587338E-10
 32.0   21920.00   .1587258E-10
 32.0   21930.00   .1587183E-10
 32.0   21940.00   .1587107E-10
 32.0   21950.00   .1587034E-10
 32.0   21960.00   .1586964E-10
 32.0   21970.00   .1586897E-10
 32.0   21980.00   .1586832E-10
 32.0   21990.00   .1586767E-10
 32.0   22000.00   .1586707E-10
 32.0   22010.00   .1586648E-10
 32.0   22020.00   .1586592E-10
 32.0   22030.00   .1586538E-10
 32.0   22040.00   .1586486E-10
 32.0   22050.00   .1586436E-10
 32.0   22060.00   .1586390E-10
 32.0   22070.00   .1586345E-10
 32.0   22080.00   .1586301E-10
 32.0   22090.00   .1586261E-10
 32.0   22100.00   .1586221E-10
 32.0   22110.00   .1586188E-10
 32.0   22120.00   .1586153E-10
 32.0   22130.00   .1586119E-10
 32.0   22140.00   .1586092E-10
 32.0   22150.00   .1586063E-10
 32.0   22160.00   .1586038E-10
 32.0   22170.00   .1586017E-10
 32.0   22180.00   .1585996E-10
 32.0   22190.00   .1585978E-10
 32.0   22200.00   .1585961E-10
 32.0   22210.00   .1585947E-10
 32.0   22220.00   .1585934E-10
 32.0   22230.00   .1585925E-10
 32.0   22240.00   .1585920E-10
 32.0   22250.00   .1585912E-10
 32.0   22260.00   .1585909E-10
 32.0   22270.00   .1585909E-10
 32.0   22280.00   .1585911E-10
 32.0   22290.00   .1585916E-10
 32.0   22300.00   .1585920E-10
 32.0   22310.00   .1585928E-10
 32.0   22320.00   .1585938E-10
 32.0   22330.00   .1585950E-10
 32.0   22340.00   .1585966E-10
 32.0   22350.00   .1585982E-10
 32.0   22360.00   .1586001E-10
 32.0   22370.00   .1586020E-10
 32.0   22380.00   .1586044E-10
 32.0   22390.00   .1586068E-10
 32.0   22400.00   .1586097E-10
 32.0   22410.00   .1586127E-10
 32.0   22420.00   .1586158E-10
 32.0   22430.00   .1586192E-10
 32.0   22440.00   .1586227E-10
 32.0   22450.00   .1586266E-10
 32.0   22460.00   .1586306E-10
 32.0   22470.00   .1586348E-10
 32.0   22480.00   .1586393E-10
 32.0   22490.00   .1586437E-10
 32.0   22500.00   .1586485E-10
 32.0   22510.00   .1586538E-10
 32.0   22520.00   .1586589E-10
 32.0   22530.00   .1586644E-10
 32.0   22540.00   .1586700E-10
 32.0   22550.00   .1586758E-10
 32.0   22560.00   .1586820E-10
 32.0   22570.00   .1586882E-10
 32.0   22580.00   .1586946E-10
 32.0   22590.00   .1587014E-10
 32.0   22600.00   .1587083E-10
 32.0   22610.00   .1587154E-10
 32.0   22620.00   .1587223E-10
 32.0   22630.00   .1587299E-10
 32.0   22640.00   .1587375E-10
 32.0   22650.00   .1587453E-10
 32.0   22660.00   .1587536E-10
 32.0   22670.00   .1587616E-10
 32.0   22680.00   .1587700E-10
 32.0   22690.00   .1587788E-10
 32.0   22700.00   .1587875E-10
 32.0   22710.00   .1587965E-10
 32.0   22720.00   .1588057E-10
 32.0   22730.00   .1588150E-10
 32.0   22740.00   .1588245E-10
 32.0   22750.00   .1588343E-10
 32.0   22760.00   .1588443E-10
 32.0   22770.00   .1588542E-10
 32.0   22780.00   .1588647E-10
 32.0   22790.00   .1588749E-10
 32.0   22800.00   .1588857E-10
 32.0   22810.00   .1588966E-10
 32.0   22820.00   .1589077E-10
 32.0   22830.00   .1589187E-10
 32.0   22840.00   .1589302E-10
 32.0   22850.00   .1589418E-10
 32.0   22860.00   .1589535E-10
 32.0   22870.00   .1589655E-10
 32.0   22880.00   .1589774E-10
 32.0   22890.00   .1589898E-10
 32.0   22900.00   .1590021E-10
 32.0   22910.00   .1590147E-10
 32.0   22920.00   .1590274E-10
 32.0   22930.00   .1590405E-10
 32.0   22940.00   .1590538E-10
 32.0   22950.00   .1590668E-10
 32.0   22960.00   .1590804E-10
 32.0   22970.00   .1590941E-10
 32.0   22980.00   .1591078E-10
 32.0   22990.00   .1591218E-10
 32.0   23000.00   .1591360E-10
 32.0   23010.00   .1591503E-10
 32.0   23020.00   .1591647E-10
 32.0   23030.00   .1591794E-10
 32.0   23040.00   .1591942E-10
 32.0   23050.00   .1592092E-10
 32.0   23060.00   .1592242E-10
 32.0   23070.00   .1592395E-10
 32.0   23080.00   .1592550E-10
 32.0   23090.00   .1592704E-10
 32.0   23100.00   .1592862E-10
 32.0   23110.00   .1593023E-10
 32.0   23120.00   .1593183E-10
 32.0   23130.00   .1593344E-10
 32.0   23140.00   .1593510E-10
 32.0   23150.00   .1593674E-10
 32.0   23160.00   .1593842E-10
 32.0   23170.00   .1594008E-10
 32.0   23180.00   .1594179E-10
 32.0   23190.00   .1594350E-10
 32.0   23200.00   .1594525E-10
 32.0   23210.00   .1594699E-10
 32.0   23220.00   .1594876E-10
 32.0   23230.00   .1595053E-10
 32.0   23240.00   .1595231E-10
 32.0   23250.00   .1595412E-10
 32.0   23260.00   .1595594E-10
 32.0   23270.00   .1595777E-10
 32.0   23280.00   .1595962E-10
 32.0   23290.00   .1596149E-10
 32.0   23300.00   .1596338E-10
 32.0   23310.00   .1596525E-10
 32.0   23320.00   .1596715E-10
 32.0   23330.00   .1596907E-10
 32.0   23340.00   .1597101E-10
 32.0   23350.00   .1597296E-10
 32.0   23360.00   .1597491E-10
 32.0   23370.00   .1597688E-10
 32.0   23380.00   .1597887E-10
 32.0   23390.00   .1598088E-10
 32.0   23400.00   .1598290E-10
 32.0   23410.00   .1598493E-10
 32.0   23420.00   .1598698E-10
 32.0   23430.00   .1598902E-10
 32.0   23440.00   .1599109E-10
 32.0   23450.00   .1599317E-10
 32.0   23460.00   .1599529E-10
 32.0   23470.00   .1599738E-10
 32.0   23480.00   .1599950E-10
 32.0   23490.00   .1600163E-10
 32.0   23500.00   .1600379E-10
 32.0   23510.00   .1600594E-10
 32.0   23520.00   .1600812E-10
 32.0   23530.00   .1601029E-10
 32.0   23540.00   .1601250E-10
 32.0   23550.00   .1601470E-10
 32.0   23560.00   .1601692E-10
 32.0   23570.00   .1601915E-10
 32.0   23580.00   .1602139E-10
 32.0   23590.00   .1602366E-10
 32.0   23600.00   .1602593E-10
 32.0   23610.00   .1602822E-10
 32.0   23620.00   .1603050E-10
 32.0   23630.00   .1603281E-10
 32.0   23640.00   .1603512E-10
 32.0   23650.00   .1603745E-10
 32.0   23660.00   .1603980E-10
 32.0   23670.00   .1604216E-10
 32.0   23680.00   .1604452E-10
 32.0   23690.00   .1604688E-10
 32.0   23700.00   .1604925E-10
 32.0   23710.00   .1605167E-10
 32.0   23720.00   .1605407E-10
 32.0   23730.00   .1605648E-10
 32.0   23740.00   .1605892E-10
 32.0   23750.00   .1606134E-10
 32.0   23760.00   .1606382E-10
 32.0   23770.00   .1606628E-10
 32.0   23780.00   .1606875E-10
 32.0   23790.00   .1607122E-10
 32.0   23800.00   .1607372E-10
 32.0   23810.00   .1607622E-10
 32.0   23820.00   .1607873E-10
 32.0   23830.00   .1608125E-10
 32.0   23840.00   .1608379E-10
 32.0   23850.00   .1608634E-10
 32.0   23860.00   .1608889E-10
 32.0   23870.00   .1609145E-10
 32.0   23880.00   .1609403E-10
 32.0   23890.00   .1609659E-10
 32.0   23900.00   .1609920E-10
 32.0   23910.00   .1610181E-10
 32.0   23920.00   .1610442E-10
 32.0   23930.00   .1610703E-10
 32.0   23940.00   .1610967E-10
 32.0   23950.00   .1611230E-10
 32.0   23960.00   .1611494E-10
 32.0   23970.00   .1611759E-10
 32.0   23980.00   .1612027E-10
 32.0   23990.00   .1612294E-10
 32.0   24000.00   .1612564E-10
 32.0   24010.00   .1612831E-10
 32.0   24020.00   .1613103E-10
 32.0   24030.00   .1613373E-10
 32.0   24040.00   .1613644E-10
 32.0   24050.00   .1613917E-10
 32.0   24060.00   .1614191E-10
 32.0   24070.00   .1614466E-10
 32.0   24080.00   .1614740E-10
 32.0   24090.00   .1615017E-10
 32.0   24100.00   .1615294E-10
 32.0   24110.00   .1615570E-10
 32.0   24120.00   .1615848E-10
 32.0   24130.00   .1616128E-10
 32.0   24140.00   .1616408E-10
 32.0   24150.00   .1616688E-10
 32.0   24160.00   .1616971E-10
 32.0   24170.00   .1617253E-10
 32.0   24180.00   .1617536E-10
 32.0   24190.00   .1617819E-10
 32.0   24200.00   .1618104E-10
 32.0   24210.00   .1618388E-10
 32.0   24220.00   .1618671E-10
 32.0   24230.00   .1618959E-10
 32.0   24240.00   .1619246E-10
 32.0   24250.00   .1619535E-10
 32.0   24260.00   .1619823E-10
 32.0   24270.00   .1620113E-10
 32.0   24280.00   .1620400E-10
 32.0   24290.00   .1620692E-10
 32.0   24300.00   .1620983E-10
 32.0   24310.00   .1621273E-10
 32.0   24320.00   .1621567E-10
 32.0   24330.00   .1621861E-10
 32.0   24340.00   .1622153E-10
 32.0   24350.00   .1622447E-10
 32.0   24360.00   .1622742E-10
 32.0   24370.00   .1623037E-10
 32.0   24380.00   .1623333E-10
 32.0   24390.00   .1623631E-10
 32.0   24400.00   .1623927E-10
 32.0   24410.00   .1624225E-10
 32.0   24420.00   .1624523E-10
 32.0   24430.00   .1624822E-10
 32.0   24440.00   .1625119E-10
 32.0   24450.00   .1625421E-10
 32.0   24460.00   .1625721E-10
 32.0   24470.00   .1626023E-10
 32.0   24480.00   .1626324E-10
 32.0   24490.00   .1626624E-10
 32.0   24500.00   .1626927E-10
 32.0   24510.00   .1627228E-10
 32.0   24520.00   .1627533E-10
 32.0   24530.00   .1627837E-10
 32.0   24540.00   .1628141E-10
 32.0   24550.00   .1628445E-10
 32.0   24560.00   .1628750E-10
 32.0   24570.00   .1629054E-10
 32.0   24580.00   .1629360E-10
 32.0   24590.00   .1629667E-10
 32.0   24600.00   .1629974E-10
 32.0   24610.00   .1630280E-10
 32.0   24620.00   .1630587E-10
 32.0   24630.00   .1630896E-10
 32.0   24640.00   .1631203E-10
 32.0   24650.00   .1631512E-10
 32.0   24660.00   .1631821E-10
 32.0   24670.00   .1632129E-10
 32.0   24680.00   .1632439E-10
 32.0   24690.00   .1632749E-10
 32.0   24700.00   .1633060E-10
 32.0   24710.00   .1633370E-10
 32.0   24720.00   .1633680E-10
 32.0   24730.00   .1633992E-10
 32.0   24740.00   .1634303E-10
 32.0   24750.00   .1634614E-10
 32.0   24760.00   .1634924E-10
 32.0   24770.00   .1635238E-10
 32.0   24780.00   .1635550E-10
 32.0   24790.00   .1635864E-10
 32.0   24800.00   .1636175E-10
 32.0   24810.00   .1636490E-10
 32.0   24820.00   .1636802E-10
 32.0   24830.00   .1637115E-10
 32.0   24840.00   .1637428E-10
 32.0   24850.00   .1637742E-10
 32.0   24860.00   .1638057E-10
 32.0   24870.00   .1638372E-10
 32.0   24880.00   .1638685E-10
 32.0   24890.00   .1639000E-10
 32.0   24900.00   .1639316E-10
 32.0   24910.00   .1639628E-10
 32.0   24920.00   .1639943E-10
 32.0   24930.00   .1640260E-10
 32.0   24940.00   .1640574E-10
 32.0   24950.00   .1640889E-10
 32.0   24960.00   .1641205E-10
 32.0   24970.00   .1641520E-10
 32.0   24980.00   .1641835E-10
 32.0   24990.00   .1642153E-10
 32.0   25000.00   .1642468E-10
