 82.0    1000.00   .3023882E-15
 82.0    1010.00   .1165352E-14
 82.0    1020.00   .3139036E-14
 82.0    1030.00   .6937185E-14
 82.0    1040.00   .1348007E-13
 82.0    1050.00   .2389761E-13
 82.0    1060.00   .3952128E-13
 82.0    1070.00   .6186350E-13
 82.0    1080.00   .9258394E-13
 82.0    1090.00   .1334425E-12
 82.0    1100.00   .1862395E-12
 82.0    1110.00   .2527440E-12
 82.0    1120.00   .3346121E-12
 82.0    1130.00   .4332968E-12
 82.0    1140.00   .5499537E-12
 82.0    1150.00   .6853447E-12
 82.0    1160.00   .8397437E-12
 82.0    1170.00   .1012849E-11
 82.0    1180.00   .1203711E-11
 82.0    1190.00   .1410666E-11
 82.0    1200.00   .1631304E-11
 82.0    1210.00   .1862447E-11
 82.0    1220.00   .2100171E-11
 82.0    1230.00   .2339849E-11
 82.0    1240.00   .2576232E-11
 82.0    1250.00   .2803564E-11
 82.0    1260.00   .3016314E-11
 82.0    1270.00   .3211370E-11
 82.0    1280.00   .3386891E-11
 82.0    1290.00   .3541805E-11
 82.0    1300.00   .3675799E-11
 82.0    1310.00   .3789270E-11
 82.0    1320.00   .3883261E-11
 82.0    1330.00   .3959382E-11
 82.0    1340.00   .4019734E-11
 82.0    1350.00   .4066817E-11
 82.0    1360.00   .4103448E-11
 82.0    1370.00   .4132687E-11
 82.0    1380.00   .4157728E-11
 82.0    1390.00   .4180549E-11
 82.0    1400.00   .4201828E-11
 82.0    1410.00   .4222180E-11
 82.0    1420.00   .4242232E-11
 82.0    1430.00   .4262599E-11
 82.0    1440.00   .4283911E-11
 82.0    1450.00   .4306808E-11
 82.0    1460.00   .4331944E-11
 82.0    1470.00   .4359992E-11
 82.0    1480.00   .4391662E-11
 82.0    1490.00   .4427684E-11
 82.0    1500.00   .4468830E-11
 82.0    1510.00   .4515771E-11
 82.0    1520.00   .4568650E-11
 82.0    1530.00   .4627460E-11
 82.0    1540.00   .4692201E-11
 82.0    1550.00   .4762870E-11
 82.0    1560.00   .4839471E-11
 82.0    1570.00   .4921999E-11
 82.0    1580.00   .5010448E-11
 82.0    1590.00   .5104811E-11
 82.0    1600.00   .5205071E-11
 82.0    1610.00   .5311217E-11
 82.0    1620.00   .5423218E-11
 82.0    1630.00   .5541042E-11
 82.0    1640.00   .5664645E-11
 82.0    1650.00   .5793969E-11
 82.0    1660.00   .5928952E-11
 82.0    1670.00   .6069509E-11
 82.0    1680.00   .6215541E-11
 82.0    1690.00   .6366934E-11
 82.0    1700.00   .6523546E-11
 82.0    1710.00   .6685230E-11
 82.0    1720.00   .6851801E-11
 82.0    1730.00   .7023054E-11
 82.0    1740.00   .7198755E-11
 82.0    1750.00   .7378651E-11
 82.0    1760.00   .7562477E-11
 82.0    1770.00   .7750056E-11
 82.0    1780.00   .7941210E-11
 82.0    1790.00   .8135753E-11
 82.0    1800.00   .8333461E-11
 82.0    1810.00   .8534089E-11
 82.0    1820.00   .8737367E-11
 82.0    1830.00   .8942994E-11
 82.0    1840.00   .9150652E-11
 82.0    1850.00   .9359985E-11
 82.0    1860.00   .9570615E-11
 82.0    1870.00   .9782125E-11
 82.0    1880.00   .9994078E-11
 82.0    1890.00   .1020601E-10
 82.0    1900.00   .1041743E-10
 82.0    1910.00   .1062780E-10
 82.0    1920.00   .1083657E-10
 82.0    1930.00   .1104315E-10
 82.0    1940.00   .1124694E-10
 82.0    1950.00   .1144731E-10
 82.0    1960.00   .1164360E-10
 82.0    1970.00   .1183512E-10
 82.0    1980.00   .1202117E-10
 82.0    1990.00   .1220103E-10
 82.0    2000.00   .1237397E-10
 82.0    2010.00   .1253932E-10
 82.0    2020.00   .1269678E-10
 82.0    2030.00   .1284615E-10
 82.0    2040.00   .1298726E-10
 82.0    2050.00   .1311993E-10
 82.0    2060.00   .1324404E-10
 82.0    2070.00   .1335947E-10
 82.0    2080.00   .1346611E-10
 82.0    2090.00   .1356388E-10
 82.0    2100.00   .1365273E-10
 82.0    2110.00   .1373259E-10
 82.0    2120.00   .1380346E-10
 82.0    2130.00   .1386532E-10
 82.0    2140.00   .1391819E-10
 82.0    2150.00   .1396208E-10
 82.0    2160.00   .1399704E-10
 82.0    2170.00   .1402314E-10
 82.0    2180.00   .1404045E-10
 82.0    2190.00   .1404905E-10
 82.0    2200.00   .1404903E-10
 82.0    2210.00   .1404053E-10
 82.0    2220.00   .1402366E-10
 82.0    2230.00   .1399855E-10
 82.0    2240.00   .1396535E-10
 82.0    2250.00   .1392422E-10
 82.0    2260.00   .1387555E-10
 82.0    2270.00   .1382067E-10
 82.0    2280.00   .1376117E-10
 82.0    2290.00   .1369860E-10
 82.0    2300.00   .1363454E-10
 82.0    2310.00   .1357055E-10
 82.0    2320.00   .1350818E-10
 82.0    2330.00   .1344896E-10
 82.0    2340.00   .1339446E-10
 82.0    2350.00   .1334618E-10
 82.0    2360.00   .1330567E-10
 82.0    2370.00   .1327445E-10
 82.0    2380.00   .1325408E-10
 82.0    2390.00   .1324610E-10
 82.0    2400.00   .1325209E-10
 82.0    2410.00   .1327366E-10
 82.0    2420.00   .1331244E-10
 82.0    2430.00   .1337014E-10
 82.0    2440.00   .1344851E-10
 82.0    2450.00   .1354936E-10
 82.0    2460.00   .1367463E-10
 82.0    2470.00   .1382632E-10
 82.0    2480.00   .1400660E-10
 82.0    2490.00   .1421773E-10
 82.0    2500.00   .1446218E-10
 82.0    2510.00   .1206655E-10
 82.0    2520.00   .1335059E-10
 82.0    2530.00   .1457028E-10
 82.0    2540.00   .1873632E-10
 82.0    2550.00   .2198230E-10
 82.0    2560.00   .2307619E-10
 82.0    2570.00   .2824279E-10
 82.0    2580.00   .2462270E-10
 82.0    2590.00   .2964814E-10
 82.0    2600.00   .3121954E-10
 82.0    2610.00   .2828046E-10
 82.0    2620.00   .2963938E-10
 82.0    2630.00   .2540883E-10
 82.0    2640.00   .1983492E-10
 82.0    2650.00   .1883954E-10
 82.0    2660.00   .1628340E-10
 82.0    2670.00   .1543132E-10
 82.0    2680.00   .1591845E-10
 82.0    2690.00   .2524775E-10
 82.0    2700.00   .4340338E-10
 82.0    2710.00   .6790217E-10
 82.0    2720.00   .8353650E-10
 82.0    2730.00   .8473939E-10
 82.0    2740.00   .8465854E-10
 82.0    2750.00   .8909100E-10
 82.0    2760.00   .8846254E-10
 82.0    2770.00   .8930844E-10
 82.0    2780.00   .8618218E-10
 82.0    2790.00   .1019885E-09
 82.0    2800.00   .1016735E-09
 82.0    2810.00   .1000531E-09
 82.0    2820.00   .1009344E-09
 82.0    2830.00   .9453590E-10
 82.0    2840.00   .8669091E-10
 82.0    2850.00   .9123762E-10
 82.0    2860.00   .8968048E-10
 82.0    2870.00   .9118659E-10
 82.0    2880.00   .8901720E-10
 82.0    2890.00   .9411406E-10
 82.0    2900.00   .1077816E-09
 82.0    2910.00   .1156152E-09
 82.0    2920.00   .1288955E-09
 82.0    2930.00   .1344670E-09
 82.0    2940.00   .1399992E-09
 82.0    2950.00   .1461595E-09
 82.0    2960.00   .1401882E-09
 82.0    2970.00   .1366390E-09
 82.0    2980.00   .1353702E-09
 82.0    2990.00   .1320439E-09
 82.0    3000.00   .1209459E-09
 82.0    3010.00   .1161850E-09
 82.0    3020.00   .1059211E-09
 82.0    3030.00   .1087394E-09
 82.0    3040.00   .1131518E-09
 82.0    3050.00   .1117492E-09
 82.0    3060.00   .1130897E-09
 82.0    3070.00   .1077283E-09
 82.0    3080.00   .1166864E-09
 82.0    3090.00   .1159290E-09
 82.0    3100.00   .9941756E-10
 82.0    3110.00   .1016601E-09
 82.0    3120.00   .1150274E-09
 82.0    3130.00   .1119869E-09
 82.0    3140.00   .1167343E-09
 82.0    3150.00   .1146145E-09
 82.0    3160.00   .1197025E-09
 82.0    3170.00   .1207672E-09
 82.0    3180.00   .1380058E-09
 82.0    3190.00   .1432305E-09
 82.0    3200.00   .1563921E-09
 82.0    3210.00   .1470906E-09
 82.0    3220.00   .1445022E-09
 82.0    3230.00   .1291626E-09
 82.0    3240.00   .1249617E-09
 82.0    3250.00   .1193996E-09
 82.0    3260.00   .1118968E-09
 82.0    3270.00   .1081968E-09
 82.0    3280.00   .1022971E-09
 82.0    3290.00   .9798109E-10
 82.0    3300.00   .1030134E-09
 82.0    3310.00   .1005084E-09
 82.0    3320.00   .1099608E-09
 82.0    3330.00   .1097686E-09
 82.0    3340.00   .1113297E-09
 82.0    3350.00   .1083436E-09
 82.0    3360.00   .1086807E-09
 82.0    3370.00   .1128921E-09
 82.0    3380.00   .1108809E-09
 82.0    3390.00   .1129023E-09
 82.0    3400.00   .1178380E-09
 82.0    3410.00   .1183698E-09
 82.0    3420.00   .1352536E-09
 82.0    3430.00   .1441325E-09
 82.0    3440.00   .1420573E-09
 82.0    3450.00   .1444931E-09
 82.0    3460.00   .1339996E-09
 82.0    3470.00   .1380486E-09
 82.0    3480.00   .1375500E-09
 82.0    3490.00   .1368068E-09
 82.0    3500.00   .1285384E-09
 82.0    3510.00   .1371168E-09
 82.0    3520.00   .1441971E-09
 82.0    3530.00   .1569597E-09
 82.0    3540.00   .1687667E-09
 82.0    3550.00   .1812791E-09
 82.0    3560.00   .1824536E-09
 82.0    3570.00   .1808648E-09
 82.0    3580.00   .1881169E-09
 82.0    3590.00   .1846879E-09
 82.0    3600.00   .1940536E-09
 82.0    3610.00   .1933756E-09
 82.0    3620.00   .1976811E-09
 82.0    3630.00   .1906733E-09
 82.0    3640.00   .1764497E-09
 82.0    3650.00   .1798408E-09
 82.0    3660.00   .1862663E-09
 82.0    3670.00   .2084839E-09
 82.0    3680.00   .2281632E-09
 82.0    3690.00   .2542874E-09
 82.0    3700.00   .2906480E-09
 82.0    3710.00   .3143042E-09
 82.0    3720.00   .3264593E-09
 82.0    3730.00   .3354188E-09
 82.0    3740.00   .3216807E-09
 82.0    3750.00   .2997812E-09
 82.0    3760.00   .2774528E-09
 82.0    3770.00   .2484314E-09
 82.0    3780.00   .2103659E-09
 82.0    3790.00   .1692752E-09
 82.0    3800.00   .1434090E-09
 82.0    3810.00   .1211419E-09
 82.0    3820.00   .1098722E-09
 82.0    3830.00   .9612469E-10
 82.0    3840.00   .1021996E-09
 82.0    3850.00   .1084438E-09
 82.0    3860.00   .1282009E-09
 82.0    3870.00   .1530329E-09
 82.0    3880.00   .1920586E-09
 82.0    3890.00   .2220699E-09
 82.0    3900.00   .2525277E-09
 82.0    3910.00   .2734956E-09
 82.0    3920.00   .3116130E-09
 82.0    3930.00   .3277887E-09
 82.0    3940.00   .3635920E-09
 82.0    3950.00   .3836404E-09
 82.0    3960.00   .4080474E-09
 82.0    3970.00   .4300310E-09
 82.0    3980.00   .4527817E-09
 82.0    3990.00   .4705531E-09
 82.0    4000.00   .4558387E-09
 82.0    4010.00   .4461960E-09
 82.0    4020.00   .4093286E-09
 82.0    4030.00   .4002380E-09
 82.0    4040.00   .3521226E-09
 82.0    4050.00   .3391779E-09
 82.0    4060.00   .3122969E-09
 82.0    4070.00   .3020216E-09
 82.0    4080.00   .2863834E-09
 82.0    4090.00   .2839927E-09
 82.0    4100.00   .2723930E-09
 82.0    4110.00   .2587584E-09
 82.0    4120.00   .2443209E-09
 82.0    4130.00   .2388028E-09
 82.0    4140.00   .2270224E-09
 82.0    4150.00   .2290789E-09
 82.0    4160.00   .2251839E-09
 82.0    4170.00   .2225233E-09
 82.0    4180.00   .2268519E-09
 82.0    4190.00   .2323147E-09
 82.0    4200.00   .2350830E-09
 82.0    4210.00   .2372273E-09
 82.0    4220.00   .2494870E-09
 82.0    4230.00   .2387008E-09
 82.0    4240.00   .2448669E-09
 82.0    4250.00   .2496942E-09
 82.0    4260.00   .2547875E-09
 82.0    4270.00   .2415745E-09
 82.0    4280.00   .2510980E-09
 82.0    4290.00   .2523097E-09
 82.0    4300.00   .2506470E-09
 82.0    4310.00   .2691748E-09
 82.0    4320.00   .2624444E-09
 82.0    4330.00   .2776570E-09
 82.0    4340.00   .2698321E-09
 82.0    4350.00   .2693812E-09
 82.0    4360.00   .2762876E-09
 82.0    4370.00   .2540271E-09
 82.0    4380.00   .2268107E-09
 82.0    4390.00   .2067974E-09
 82.0    4400.00   .1979043E-09
 82.0    4410.00   .1750853E-09
 82.0    4420.00   .1623456E-09
 82.0    4430.00   .1476564E-09
 82.0    4440.00   .1416328E-09
 82.0    4450.00   .1383749E-09
 82.0    4460.00   .1377121E-09
 82.0    4470.00   .1422002E-09
 82.0    4480.00   .1449750E-09
 82.0    4490.00   .1518032E-09
 82.0    4500.00   .1596950E-09
 82.0    4510.00   .1702936E-09
 82.0    4520.00   .1765111E-09
 82.0    4530.00   .1980342E-09
 82.0    4540.00   .2126161E-09
 82.0    4550.00   .2305690E-09
 82.0    4560.00   .2538964E-09
 82.0    4570.00   .2639142E-09
 82.0    4580.00   .2980121E-09
 82.0    4590.00   .3208102E-09
 82.0    4600.00   .3624812E-09
 82.0    4610.00   .3746610E-09
 82.0    4620.00   .3917962E-09
 82.0    4630.00   .3962898E-09
 82.0    4640.00   .4190906E-09
 82.0    4650.00   .4303954E-09
 82.0    4660.00   .4269641E-09
 82.0    4670.00   .4213417E-09
 82.0    4680.00   .3905479E-09
 82.0    4690.00   .3686358E-09
 82.0    4700.00   .3114939E-09
 82.0    4710.00   .2985842E-09
 82.0    4720.00   .2562361E-09
 82.0    4730.00   .2310319E-09
 82.0    4740.00   .2016996E-09
 82.0    4750.00   .1882675E-09
 82.0    4760.00   .1730363E-09
 82.0    4770.00   .1586306E-09
 82.0    4780.00   .1517734E-09
 82.0    4790.00   .1620844E-09
 82.0    4800.00   .1683803E-09
 82.0    4810.00   .1750978E-09
 82.0    4820.00   .1820998E-09
 82.0    4830.00   .1890317E-09
 82.0    4840.00   .1970110E-09
 82.0    4850.00   .1973095E-09
 82.0    4860.00   .1966214E-09
 82.0    4870.00   .1944649E-09
 82.0    4880.00   .1921729E-09
 82.0    4890.00   .1939624E-09
 82.0    4900.00   .1996440E-09
 82.0    4910.00   .2092908E-09
 82.0    4920.00   .2231887E-09
 82.0    4930.00   .2403411E-09
 82.0    4940.00   .2745146E-09
 82.0    4950.00   .2895679E-09
 82.0    4960.00   .2999265E-09
 82.0    4970.00   .3045293E-09
 82.0    4980.00   .2963425E-09
 82.0    4990.00   .2848154E-09
 82.0    5000.00   .2686574E-09
 82.0    5010.00   .2498491E-09
 82.0    5020.00   .2312915E-09
 82.0    5030.00   .2000022E-09
 82.0    5040.00   .1889746E-09
 82.0    5050.00   .1813093E-09
 82.0    5060.00   .1764429E-09
 82.0    5070.00   .1736715E-09
 82.0    5080.00   .1720696E-09
 82.0    5090.00   .1722538E-09
 82.0    5100.00   .1723906E-09
 82.0    5110.00   .1728060E-09
 82.0    5120.00   .1748182E-09
 82.0    5130.00   .1703630E-09
 82.0    5140.00   .1679145E-09
 82.0    5150.00   .1670972E-09
 82.0    5160.00   .1680565E-09
 82.0    5170.00   .1729805E-09
 82.0    5180.00   .1856655E-09
 82.0    5190.00   .1974530E-09
 82.0    5200.00   .2083288E-09
 82.0    5210.00   .2002421E-09
 82.0    5220.00   .2127028E-09
 82.0    5230.00   .2488624E-09
 82.0    5240.00   .2446434E-09
 82.0    5250.00   .2583920E-09
 82.0    5260.00   .2508601E-09
 82.0    5270.00   .2637010E-09
 82.0    5280.00   .3121291E-09
 82.0    5290.00   .3172954E-09
 82.0    5300.00   .2898755E-09
 82.0    5310.00   .3447983E-09
 82.0    5320.00   .3437165E-09
 82.0    5330.00   .3314523E-09
 82.0    5340.00   .3226361E-09
 82.0    5350.00   .3217805E-09
 82.0    5360.00   .2987982E-09
 82.0    5370.00   .3020059E-09
 82.0    5380.00   .2962811E-09
 82.0    5390.00   .2696502E-09
 82.0    5400.00   .3212357E-09
 82.0    5410.00   .3129740E-09
 82.0    5420.00   .2857217E-09
 82.0    5430.00   .2728469E-09
 82.0    5440.00   .3247495E-09
 82.0    5450.00   .3472198E-09
 82.0    5460.00   .3485657E-09
 82.0    5470.00   .4133154E-09
 82.0    5480.00   .4012295E-09
 82.0    5490.00   .4154046E-09
 82.0    5500.00   .4540910E-09
 82.0    5510.00   .4691844E-09
 82.0    5520.00   .4681085E-09
 82.0    5530.00   .4066638E-09
 82.0    5540.00   .4268273E-09
 82.0    5550.00   .4251518E-09
 82.0    5560.00   .4096129E-09
 82.0    5570.00   .4085355E-09
 82.0    5580.00   .3586662E-09
 82.0    5590.00   .3439946E-09
 82.0    5600.00   .3244886E-09
 82.0    5610.00   .2863674E-09
 82.0    5620.00   .2615672E-09
 82.0    5630.00   .2496909E-09
 82.0    5640.00   .2325578E-09
 82.0    5650.00   .2021899E-09
 82.0    5660.00   .1833128E-09
 82.0    5670.00   .1456297E-09
 82.0    5680.00   .1371930E-09
 82.0    5690.00   .1262710E-09
 82.0    5700.00   .1369614E-09
 82.0    5710.00   .1301671E-09
 82.0    5720.00   .1334330E-09
 82.0    5730.00   .1413724E-09
 82.0    5740.00   .1377610E-09
 82.0    5750.00   .1464906E-09
 82.0    5760.00   .1393411E-09
 82.0    5770.00   .1657380E-09
 82.0    5780.00   .1998429E-09
 82.0    5790.00   .2061246E-09
 82.0    5800.00   .2397560E-09
 82.0    5810.00   .2587564E-09
 82.0    5820.00   .2849465E-09
 82.0    5830.00   .2900850E-09
 82.0    5840.00   .3081602E-09
 82.0    5850.00   .2996233E-09
 82.0    5860.00   .3340670E-09
 82.0    5870.00   .3321809E-09
 82.0    5880.00   .2927097E-09
 82.0    5890.00   .1878237E-09
 82.0    5900.00   .2767528E-09
 82.0    5910.00   .2976519E-09
 82.0    5920.00   .3107558E-09
 82.0    5930.00   .2529540E-09
 82.0    5940.00   .2458930E-09
 82.0    5950.00   .2366293E-09
 82.0    5960.00   .2288739E-09
 82.0    5970.00   .2090821E-09
 82.0    5980.00   .2136015E-09
 82.0    5990.00   .2140725E-09
 82.0    6000.00   .1811413E-09
 82.0    6010.00   .1951751E-09
 82.0    6020.00   .1945558E-09
 82.0    6030.00   .1967326E-09
 82.0    6040.00   .1941157E-09
 82.0    6050.00   .2113777E-09
 82.0    6060.00   .2306814E-09
 82.0    6070.00   .2204610E-09
 82.0    6080.00   .2331500E-09
 82.0    6090.00   .2200609E-09
 82.0    6100.00   .2226696E-09
 82.0    6110.00   .2193144E-09
 82.0    6120.00   .2083212E-09
 82.0    6130.00   .2011701E-09
 82.0    6140.00   .2292876E-09
 82.0    6150.00   .2182676E-09
 82.0    6160.00   .2059067E-09
 82.0    6170.00   .1808159E-09
 82.0    6180.00   .1957557E-09
 82.0    6190.00   .2122068E-09
 82.0    6200.00   .2020916E-09
 82.0    6210.00   .1889914E-09
 82.0    6220.00   .2120725E-09
 82.0    6230.00   .2084945E-09
 82.0    6240.00   .1965865E-09
 82.0    6250.00   .2176613E-09
 82.0    6260.00   .2015984E-09
 82.0    6270.00   .1851631E-09
 82.0    6280.00   .1810885E-09
 82.0    6290.00   .1708797E-09
 82.0    6300.00   .1655634E-09
 82.0    6310.00   .1609126E-09
 82.0    6320.00   .1596543E-09
 82.0    6330.00   .1615857E-09
 82.0    6340.00   .1665682E-09
 82.0    6350.00   .1723967E-09
 82.0    6360.00   .1782083E-09
 82.0    6370.00   .1852621E-09
 82.0    6380.00   .1921348E-09
 82.0    6390.00   .2043470E-09
 82.0    6400.00   .2196663E-09
 82.0    6410.00   .2379852E-09
 82.0    6420.00   .2574335E-09
 82.0    6430.00   .2715186E-09
 82.0    6440.00   .2903338E-09
 82.0    6450.00   .3082312E-09
 82.0    6460.00   .3246325E-09
 82.0    6470.00   .3385484E-09
 82.0    6480.00   .3487541E-09
 82.0    6490.00   .3622104E-09
 82.0    6500.00   .3749231E-09
 82.0    6510.00   .3850336E-09
 82.0    6520.00   .3917986E-09
 82.0    6530.00   .3978860E-09
 82.0    6540.00   .4038981E-09
 82.0    6550.00   .4089620E-09
 82.0    6560.00   .4116823E-09
 82.0    6570.00   .4124689E-09
 82.0    6580.00   .4134647E-09
 82.0    6590.00   .4114567E-09
 82.0    6600.00   .4075729E-09
 82.0    6610.00   .3998869E-09
 82.0    6620.00   .3900394E-09
 82.0    6630.00   .3835436E-09
 82.0    6640.00   .3711425E-09
 82.0    6650.00   .3573166E-09
 82.0    6660.00   .3424252E-09
 82.0    6670.00   .3267307E-09
 82.0    6680.00   .3175338E-09
 82.0    6690.00   .3030538E-09
 82.0    6700.00   .2884587E-09
 82.0    6710.00   .2746272E-09
 82.0    6720.00   .2611970E-09
 82.0    6730.00   .2534464E-09
 82.0    6740.00   .2408699E-09
 82.0    6750.00   .2291532E-09
 82.0    6760.00   .2207767E-09
 82.0    6770.00   .2155454E-09
 82.0    6780.00   .2071674E-09
 82.0    6790.00   .2008514E-09
 82.0    6800.00   .1960255E-09
 82.0    6810.00   .1917490E-09
 82.0    6820.00   .1903210E-09
 82.0    6830.00   .1882496E-09
 82.0    6840.00   .1917359E-09
 82.0    6850.00   .1868796E-09
 82.0    6860.00   .1706082E-09
 82.0    6870.00   .1627915E-09
 82.0    6880.00   .1600179E-09
 82.0    6890.00   .1696377E-09
 82.0    6900.00   .1769578E-09
 82.0    6910.00   .1832687E-09
 82.0    6920.00   .1898643E-09
 82.0    6930.00   .1946675E-09
 82.0    6940.00   .1968939E-09
 82.0    6950.00   .1992217E-09
 82.0    6960.00   .2038731E-09
 82.0    6970.00   .2067141E-09
 82.0    6980.00   .2071408E-09
 82.0    6990.00   .2073356E-09
 82.0    7000.00   .2169176E-09
 82.0    7010.00   .2289651E-09
 82.0    7020.00   .2265774E-09
 82.0    7030.00   .2277084E-09
 82.0    7040.00   .2230336E-09
 82.0    7050.00   .2201672E-09
 82.0    7060.00   .2242757E-09
 82.0    7070.00   .2168086E-09
 82.0    7080.00   .2159768E-09
 82.0    7090.00   .2233039E-09
 82.0    7100.00   .2254401E-09
 82.0    7110.00   .2221546E-09
 82.0    7120.00   .2277058E-09
 82.0    7130.00   .2278996E-09
 82.0    7140.00   .2279054E-09
 82.0    7150.00   .2348096E-09
 82.0    7160.00   .2333867E-09
 82.0    7170.00   .2369336E-09
 82.0    7180.00   .2545100E-09
 82.0    7190.00   .2637790E-09
 82.0    7200.00   .2745312E-09
 82.0    7210.00   .2705505E-09
 82.0    7220.00   .2693373E-09
 82.0    7230.00   .2754208E-09
 82.0    7240.00   .2903908E-09
 82.0    7250.00   .3016735E-09
 82.0    7260.00   .3319998E-09
 82.0    7270.00   .3262172E-09
 82.0    7280.00   .3125635E-09
 82.0    7290.00   .3050638E-09
 82.0    7300.00   .3091147E-09
 82.0    7310.00   .3117181E-09
 82.0    7320.00   .3073284E-09
 82.0    7330.00   .2976750E-09
 82.0    7340.00   .2929236E-09
 82.0    7350.00   .2881392E-09
 82.0    7360.00   .2837945E-09
 82.0    7370.00   .2829595E-09
 82.0    7380.00   .2805062E-09
 82.0    7390.00   .2794542E-09
 82.0    7400.00   .2796940E-09
 82.0    7410.00   .2801918E-09
 82.0    7420.00   .2861627E-09
 82.0    7430.00   .2862344E-09
 82.0    7440.00   .2864581E-09
 82.0    7450.00   .2862250E-09
 82.0    7460.00   .2857104E-09
 82.0    7470.00   .2849962E-09
 82.0    7480.00   .2785992E-09
 82.0    7490.00   .2704984E-09
 82.0    7500.00   .2606521E-09
 82.0    7510.00   .2492617E-09
 82.0    7520.00   .2312268E-09
 82.0    7530.00   .2161741E-09
 82.0    7540.00   .2028743E-09
 82.0    7550.00   .2008503E-09
 82.0    7560.00   .1838986E-09
 82.0    7570.00   .1556752E-09
 82.0    7580.00   .1520095E-09
 82.0    7590.00   .1468029E-09
 82.0    7600.00   .1413195E-09
 82.0    7610.00   .1038875E-09
 82.0    7620.00   .3864709E-10
 82.0    7630.00   .7574005E-10
 82.0    7640.00   .9430788E-10
 82.0    7650.00   .7699985E-10
 82.0    7660.00   .9736317E-10
 82.0    7670.00   .1176729E-09
 82.0    7680.00   .1450558E-09
 82.0    7690.00   .1545591E-09
 82.0    7700.00   .1619945E-09
 82.0    7710.00   .1711895E-09
 82.0    7720.00   .1714858E-09
 82.0    7730.00   .1666942E-09
 82.0    7740.00   .1769443E-09
 82.0    7750.00   .1726520E-09
 82.0    7760.00   .1656689E-09
 82.0    7770.00   .1701174E-09
 82.0    7780.00   .1681866E-09
 82.0    7790.00   .1673485E-09
 82.0    7800.00   .1569209E-09
 82.0    7810.00   .1556003E-09
 82.0    7820.00   .1553290E-09
 82.0    7830.00   .1424629E-09
 82.0    7840.00   .1411744E-09
 82.0    7850.00   .1401089E-09
 82.0    7860.00   .1337488E-09
 82.0    7870.00   .1233648E-09
 82.0    7880.00   .1204553E-09
 82.0    7890.00   .1136664E-09
 82.0    7900.00   .1055134E-09
 82.0    7910.00   .1012664E-09
 82.0    7920.00   .9979477E-10
 82.0    7930.00   .9162951E-10
 82.0    7940.00   .8402333E-10
 82.0    7950.00   .7908224E-10
 82.0    7960.00   .7806074E-10
 82.0    7970.00   .7543990E-10
 82.0    7980.00   .6815928E-10
 82.0    7990.00   .6463545E-10
 82.0    8000.00   .6151329E-10
 82.0    8010.00   .6260767E-10
 82.0    8020.00   .5760690E-10
 82.0    8030.00   .5555296E-10
 82.0    8040.00   .5387931E-10
 82.0    8050.00   .5397429E-10
 82.0    8060.00   .5336438E-10
 82.0    8070.00   .5452621E-10
 82.0    8080.00   .5268632E-10
 82.0    8090.00   .4795645E-10
 82.0    8100.00   .5122811E-10
 82.0    8110.00   .4926921E-10
 82.0    8120.00   .5033493E-10
 82.0    8130.00   .4813331E-10
 82.0    8140.00   .5156309E-10
 82.0    8150.00   .4760638E-10
 82.0    8160.00   .4660811E-10
 82.0    8170.00   .5000955E-10
 82.0    8180.00   .4493056E-10
 82.0    8190.00   .4320658E-10
 82.0    8200.00   .4133028E-10
 82.0    8210.00   .3640638E-10
 82.0    8220.00   .3354590E-10
 82.0    8230.00   .2912815E-10
 82.0    8240.00   .2474840E-10
 82.0    8250.00   .1763151E-10
 82.0    8260.00   .1684009E-10
 82.0    8270.00   .1457325E-10
 82.0    8280.00   .1438009E-10
 82.0    8290.00   .1478682E-10
 82.0    8300.00   .1084716E-10
 82.0    8310.00   .1124596E-10
 82.0    8320.00   .1350513E-10
 82.0    8330.00   .1282883E-10
 82.0    8340.00   .1323063E-10
 82.0    8350.00   .1629654E-10
 82.0    8360.00   .1393620E-10
 82.0    8370.00   .1608669E-10
 82.0    8380.00   .1925600E-10
 82.0    8390.00   .1879079E-10
 82.0    8400.00   .1842089E-10
 82.0    8410.00   .1919366E-10
 82.0    8420.00   .1979145E-10
 82.0    8430.00   .2355669E-10
 82.0    8440.00   .2648670E-10
 82.0    8450.00   .2886180E-10
 82.0    8460.00   .3049878E-10
 82.0    8470.00   .3313703E-10
 82.0    8480.00   .3961955E-10
 82.0    8490.00   .4643308E-10
 82.0    8500.00   .5308383E-10
 82.0    8510.00   .5829978E-10
 82.0    8520.00   .6354017E-10
 82.0    8530.00   .7014090E-10
 82.0    8540.00   .7832439E-10
 82.0    8550.00   .9180747E-10
 82.0    8560.00   .1011186E-09
 82.0    8570.00   .1003044E-09
 82.0    8580.00   .9823089E-10
 82.0    8590.00   .9737420E-10
 82.0    8600.00   .9885357E-10
 82.0    8610.00   .9949985E-10
 82.0    8620.00   .1085567E-09
 82.0    8630.00   .1109417E-09
 82.0    8640.00   .1072783E-09
 82.0    8650.00   .1029896E-09
 82.0    8660.00   .9842220E-10
 82.0    8670.00   .9508088E-10
 82.0    8680.00   .1051799E-09
 82.0    8690.00   .1157284E-09
 82.0    8700.00   .1128865E-09
 82.0    8710.00   .1068304E-09
 82.0    8720.00   .1050191E-09
 82.0    8730.00   .1066468E-09
 82.0    8740.00   .1124674E-09
 82.0    8750.00   .1289123E-09
 82.0    8760.00   .1324783E-09
 82.0    8770.00   .1210903E-09
 82.0    8780.00   .1144206E-09
 82.0    8790.00   .1260988E-09
 82.0    8800.00   .1374154E-09
 82.0    8810.00   .1374396E-09
 82.0    8820.00   .1349218E-09
 82.0    8830.00   .1276923E-09
 82.0    8840.00   .1157196E-09
 82.0    8850.00   .1154799E-09
 82.0    8860.00   .1204536E-09
 82.0    8870.00   .1313236E-09
 82.0    8880.00   .1295980E-09
 82.0    8890.00   .1166713E-09
 82.0    8900.00   .1063473E-09
 82.0    8910.00   .1049862E-09
 82.0    8920.00   .1092543E-09
 82.0    8930.00   .1116985E-09
 82.0    8940.00   .1075441E-09
 82.0    8950.00   .1081329E-09
 82.0    8960.00   .1040898E-09
 82.0    8970.00   .9917359E-10
 82.0    8980.00   .9494017E-10
 82.0    8990.00   .9423558E-10
 82.0    9000.00   .9901115E-10
 82.0    9010.00   .8994440E-10
 82.0    9020.00   .8701152E-10
 82.0    9030.00   .8953433E-10
 82.0    9040.00   .8659258E-10
 82.0    9050.00   .8386583E-10
 82.0    9060.00   .8709252E-10
 82.0    9070.00   .8736217E-10
 82.0    9080.00   .8313357E-10
 82.0    9090.00   .8155835E-10
 82.0    9100.00   .8172683E-10
 82.0    9110.00   .8250539E-10
 82.0    9120.00   .8682131E-10
 82.0    9130.00   .8875985E-10
 82.0    9140.00   .8711150E-10
 82.0    9150.00   .8164453E-10
 82.0    9160.00   .7930867E-10
 82.0    9170.00   .7994354E-10
 82.0    9180.00   .7724587E-10
 82.0    9190.00   .7866411E-10
 82.0    9200.00   .7776365E-10
 82.0    9210.00   .7861837E-10
 82.0    9220.00   .8169097E-10
 82.0    9230.00   .8295553E-10
 82.0    9240.00   .8963140E-10
 82.0    9250.00   .9286977E-10
 82.0    9260.00   .8155357E-10
 82.0    9270.00   .7789359E-10
 82.0    9280.00   .7442939E-10
 82.0    9290.00   .7260795E-10
 82.0    9300.00   .7648584E-10
 82.0    9310.00   .7807962E-10
 82.0    9320.00   .7692523E-10
 82.0    9330.00   .7037150E-10
 82.0    9340.00   .5859477E-10
 82.0    9350.00   .6021190E-10
 82.0    9360.00   .6243333E-10
 82.0    9370.00   .6504273E-10
 82.0    9380.00   .6283647E-10
 82.0    9390.00   .9089536E-10
 82.0    9400.00   .8136374E-10
 82.0    9410.00   .5393778E-10
 82.0    9420.00   .6004779E-10
 82.0    9430.00   .5840326E-10
 82.0    9440.00   .5888394E-10
 82.0    9450.00   .6447884E-10
 82.0    9460.00   .6750687E-10
 82.0    9470.00   .7467609E-10
 82.0    9480.00   .7312696E-10
 82.0    9490.00   .7337091E-10
 82.0    9500.00   .7307287E-10
 82.0    9510.00   .7455052E-10
 82.0    9520.00   .6650714E-10
 82.0    9530.00   .7749464E-10
 82.0    9540.00   .9841028E-10
 82.0    9550.00   .8965409E-10
 82.0    9560.00   .8514374E-10
 82.0    9570.00   .8609935E-10
 82.0    9580.00   .7664818E-10
 82.0    9590.00   .7532417E-10
 82.0    9600.00   .8260076E-10
 82.0    9610.00   .8063257E-10
 82.0    9620.00   .7871311E-10
 82.0    9630.00   .7186396E-10
 82.0    9640.00   .6505641E-10
 82.0    9650.00   .6695295E-10
 82.0    9660.00   .6590393E-10
 82.0    9670.00   .6601316E-10
 82.0    9680.00   .6087342E-10
 82.0    9690.00   .5466816E-10
 82.0    9700.00   .6020299E-10
 82.0    9710.00   .6216911E-10
 82.0    9720.00   .6319599E-10
 82.0    9730.00   .5922915E-10
 82.0    9740.00   .5763303E-10
 82.0    9750.00   .6204867E-10
 82.0    9760.00   .5599803E-10
 82.0    9770.00   .6040559E-10
 82.0    9780.00   .6530276E-10
 82.0    9790.00   .6023909E-10
 82.0    9800.00   .6874849E-10
 82.0    9810.00   .7029610E-10
 82.0    9820.00   .6302767E-10
 82.0    9830.00   .6584137E-10
 82.0    9840.00   .7063401E-10
 82.0    9850.00   .7866567E-10
 82.0    9860.00   .8084364E-10
 82.0    9870.00   .8126646E-10
 82.0    9880.00   .9654247E-10
 82.0    9890.00   .9546013E-10
 82.0    9900.00   .8706407E-10
 82.0    9910.00   .8581783E-10
 82.0    9920.00   .9244491E-10
 82.0    9930.00   .9576596E-10
 82.0    9940.00   .9593053E-10
 82.0    9950.00   .9272794E-10
 82.0    9960.00   .9569884E-10
 82.0    9970.00   .1110303E-09
 82.0    9980.00   .9846279E-10
 82.0    9990.00   .9672126E-10
 82.0   10000.00   .1005754E-09
 82.0   10010.00   .9992586E-10
 82.0   10020.00   .9927510E-10
 82.0   10030.00   .9862318E-10
 82.0   10040.00   .9797003E-10
 82.0   10050.00   .9731576E-10
 82.0   10060.00   .9666018E-10
 82.0   10070.00   .9600387E-10
 82.0   10080.00   .9534606E-10
 82.0   10090.00   .9468716E-10
 82.0   10100.00   .9402732E-10
 82.0   10110.00   .9336615E-10
 82.0   10120.00   .9270415E-10
 82.0   10130.00   .9204084E-10
 82.0   10140.00   .9137643E-10
 82.0   10150.00   .9071099E-10
 82.0   10160.00   .9004452E-10
 82.0   10170.00   .8937690E-10
 82.0   10180.00   .8870825E-10
 82.0   10190.00   .8803845E-10
 82.0   10200.00   .8736765E-10
 82.0   10210.00   .8669589E-10
 82.0   10220.00   .8602307E-10
 82.0   10230.00   .8534903E-10
 82.0   10240.00   .8467420E-10
 82.0   10250.00   .8399831E-10
 82.0   10260.00   .8332135E-10
 82.0   10270.00   .8264340E-10
 82.0   10280.00   .8196434E-10
 82.0   10290.00   .8128455E-10
 82.0   10300.00   .8060353E-10
 82.0   10310.00   .7992172E-10
 82.0   10320.00   .7923868E-10
 82.0   10330.00   .7855493E-10
 82.0   10340.00   .7787015E-10
 82.0   10350.00   .7718447E-10
 82.0   10360.00   .7649778E-10
 82.0   10370.00   .7581012E-10
 82.0   10380.00   .7512152E-10
 82.0   10390.00   .7443210E-10
 82.0   10400.00   .7374168E-10
 82.0   10410.00   .7305038E-10
 82.0   10420.00   .7235814E-10
 82.0   10430.00   .7166511E-10
 82.0   10440.00   .7097116E-10
 82.0   10450.00   .7027628E-10
 82.0   10460.00   .6958055E-10
 82.0   10470.00   .6888406E-10
 82.0   10480.00   .6818659E-10
 82.0   10490.00   .6748830E-10
 82.0   10500.00   .6678926E-10
 82.0   10510.00   .6608939E-10
 82.0   10520.00   .6538871E-10
 82.0   10530.00   .6468719E-10
 82.0   10540.00   .6398491E-10
 82.0   10550.00   .6328181E-10
 82.0   10560.00   .6257798E-10
 82.0   10570.00   .6187336E-10
 82.0   10580.00   .6116799E-10
 82.0   10590.00   .6046185E-10
 82.0   10600.00   .5975504E-10
 82.0   10610.00   .5904748E-10
 82.0   10620.00   .5833916E-10
 82.0   10630.00   .5763011E-10
 82.0   10640.00   .5692044E-10
 82.0   10650.00   .5620998E-10
 82.0   10660.00   .5549889E-10
 82.0   10670.00   .5478708E-10
 82.0   10680.00   .5407457E-10
 82.0   10690.00   .5336140E-10
 82.0   10700.00   .5264763E-10
 82.0   10710.00   .5193319E-10
 82.0   10720.00   .5121811E-10
 82.0   10730.00   .5050229E-10
 82.0   10740.00   .4978598E-10
 82.0   10750.00   .4906898E-10
 82.0   10760.00   .4835138E-10
 82.0   10770.00   .4763316E-10
 82.0   10780.00   .4691434E-10
 82.0   10790.00   .4619493E-10
 82.0   10800.00   .4547493E-10
 82.0   10810.00   .4475429E-10
 82.0   10820.00   .4403315E-10
 82.0   10830.00   .4331137E-10
 82.0   10840.00   .4258908E-10
 82.0   10850.00   .4186624E-10
 82.0   10860.00   .4114278E-10
 82.0   10870.00   .4041883E-10
 82.0   10880.00   .3969432E-10
 82.0   10890.00   .3896929E-10
 82.0   10900.00   .3824371E-10
 82.0   10910.00   .3751761E-10
 82.0   10920.00   .3679100E-10
 82.0   10930.00   .3606392E-10
 82.0   10940.00   .3533629E-10
 82.0   10950.00   .3460816E-10
 82.0   10960.00   .3387950E-10
 82.0   10970.00   .3315042E-10
 82.0   10980.00   .3242083E-10
 82.0   10990.00   .3169073E-10
 82.0   11000.00   .3096019E-10
 82.0   11010.00   .3022914E-10
 82.0   11020.00   .2949767E-10
 82.0   11030.00   .2876567E-10
 82.0   11040.00   .2803327E-10
 82.0   11050.00   .2730041E-10
 82.0   11060.00   .2656709E-10
 82.0   11070.00   .2583333E-10
 82.0   11080.00   .2509912E-10
 82.0   11090.00   .2436449E-10
 82.0   11100.00   .2362941E-10
 82.0   11110.00   .2289391E-10
 82.0   11120.00   .2215798E-10
 82.0   11130.00   .2142162E-10
 82.0   11140.00   .2068485E-10
 82.0   11150.00   .1994765E-10
 82.0   11160.00   .1921007E-10
 82.0   11170.00   .1847206E-10
 82.0   11180.00   .1773366E-10
 82.0   11190.00   .1699483E-10
 82.0   11200.00   .1625562E-10
 82.0   11210.00   .1551600E-10
 82.0   11220.00   .1477599E-10
 82.0   11230.00   .1403559E-10
 82.0   11240.00   .1329482E-10
 82.0   11250.00   .1255364E-10
 82.0   11260.00   .1181207E-10
 82.0   11270.00   .1107014E-10
 82.0   11280.00   .1032782E-10
 82.0   11290.00   .9585127E-11
 82.0   11300.00   .8842050E-11
 82.0   11310.00   .8844221E-11
 82.0   11320.00   .8846409E-11
 82.0   11330.00   .8848576E-11
 82.0   11340.00   .8850717E-11
 82.0   11350.00   .8852881E-11
 82.0   11360.00   .8855038E-11
 82.0   11370.00   .8857194E-11
 82.0   11380.00   .8859337E-11
 82.0   11390.00   .8861467E-11
 82.0   11400.00   .8863616E-11
 82.0   11410.00   .8865759E-11
 82.0   11420.00   .8867890E-11
 82.0   11430.00   .8870016E-11
 82.0   11440.00   .8872137E-11
 82.0   11450.00   .8874271E-11
 82.0   11460.00   .8876389E-11
 82.0   11470.00   .8878521E-11
 82.0   11480.00   .8880636E-11
 82.0   11490.00   .8882766E-11
 82.0   11500.00   .8884881E-11
 82.0   11510.00   .8886998E-11
 82.0   11520.00   .8889119E-11
 82.0   11530.00   .8891243E-11
 82.0   11540.00   .8893359E-11
 82.0   11550.00   .8895492E-11
 82.0   11560.00   .8897616E-11
 82.0   11570.00   .8899739E-11
 82.0   11580.00   .8901861E-11
 82.0   11590.00   .8903988E-11
 82.0   11600.00   .8906139E-11
 82.0   11610.00   .8908271E-11
 82.0   11620.00   .8910409E-11
 82.0   11630.00   .8912548E-11
 82.0   11640.00   .8914693E-11
 82.0   11650.00   .8916838E-11
 82.0   11660.00   .8918998E-11
 82.0   11670.00   .8921158E-11
 82.0   11680.00   .8923321E-11
 82.0   11690.00   .8925497E-11
 82.0   11700.00   .8927670E-11
 82.0   11710.00   .8929851E-11
 82.0   11720.00   .8932028E-11
 82.0   11730.00   .8934228E-11
 82.0   11740.00   .8936418E-11
 82.0   11750.00   .8938637E-11
 82.0   11760.00   .8940840E-11
 82.0   11770.00   .8943079E-11
 82.0   11780.00   .8945304E-11
 82.0   11790.00   .8947540E-11
 82.0   11800.00   .8949780E-11
 82.0   11810.00   .8952045E-11
 82.0   11820.00   .8954309E-11
 82.0   11830.00   .8956585E-11
 82.0   11840.00   .8958855E-11
 82.0   11850.00   .8961156E-11
 82.0   11860.00   .8963458E-11
 82.0   11870.00   .8965779E-11
 82.0   11880.00   .8968101E-11
 82.0   11890.00   .8970437E-11
 82.0   11900.00   .8972775E-11
 82.0   11910.00   .8975145E-11
 82.0   11920.00   .8977518E-11
 82.0   11930.00   .8979900E-11
 82.0   11940.00   .8982302E-11
 82.0   11950.00   .8984709E-11
 82.0   11960.00   .8987145E-11
 82.0   11970.00   .8989576E-11
 82.0   11980.00   .8992044E-11
 82.0   11990.00   .8994490E-11
 82.0   12000.00   .8996983E-11
 82.0   12010.00   .8999477E-11
 82.0   12020.00   .9001982E-11
 82.0   12030.00   .9004510E-11
 82.0   12040.00   .9007064E-11
 82.0   12050.00   .9009624E-11
 82.0   12060.00   .9012195E-11
 82.0   12070.00   .9014780E-11
 82.0   12080.00   .9017388E-11
 82.0   12090.00   .9020024E-11
 82.0   12100.00   .9022669E-11
 82.0   12110.00   .9025331E-11
 82.0   12120.00   .9028018E-11
 82.0   12130.00   .9030723E-11
 82.0   12140.00   .9033431E-11
 82.0   12150.00   .9036182E-11
 82.0   12160.00   .9038934E-11
 82.0   12170.00   .9041714E-11
 82.0   12180.00   .9044510E-11
 82.0   12190.00   .9047332E-11
 82.0   12200.00   .9050180E-11
 82.0   12210.00   .9053030E-11
 82.0   12220.00   .9055920E-11
 82.0   12230.00   .9058816E-11
 82.0   12240.00   .9061754E-11
 82.0   12250.00   .9064701E-11
 82.0   12260.00   .9067679E-11
 82.0   12270.00   .9070670E-11
 82.0   12280.00   .9073680E-11
 82.0   12290.00   .9076721E-11
 82.0   12300.00   .9079802E-11
 82.0   12310.00   .9082885E-11
 82.0   12320.00   .9086006E-11
 82.0   12330.00   .9089144E-11
 82.0   12340.00   .9092315E-11
 82.0   12350.00   .9095492E-11
 82.0   12360.00   .9098723E-11
 82.0   12370.00   .9101967E-11
 82.0   12380.00   .9105233E-11
 82.0   12390.00   .9108527E-11
 82.0   12400.00   .9111862E-11
 82.0   12410.00   .9115210E-11
 82.0   12420.00   .9118597E-11
 82.0   12430.00   .9122011E-11
 82.0   12440.00   .9125447E-11
 82.0   12450.00   .9128918E-11
 82.0   12460.00   .9132400E-11
 82.0   12470.00   .9135928E-11
 82.0   12480.00   .9139493E-11
 82.0   12490.00   .9143073E-11
 82.0   12500.00   .9146689E-11
 82.0   12510.00   .9151110E-11
 82.0   12520.00   .9155554E-11
 82.0   12530.00   .9160035E-11
 82.0   12540.00   .9164542E-11
 82.0   12550.00   .9169080E-11
 82.0   12560.00   .9173649E-11
 82.0   12570.00   .9178264E-11
 82.0   12580.00   .9182906E-11
 82.0   12590.00   .9187572E-11
 82.0   12600.00   .9192267E-11
 82.0   12610.00   .9197008E-11
 82.0   12620.00   .9201774E-11
 82.0   12630.00   .9206576E-11
 82.0   12640.00   .9211425E-11
 82.0   12650.00   .9216282E-11
 82.0   12660.00   .9221209E-11
 82.0   12670.00   .9226140E-11
 82.0   12680.00   .9231112E-11
 82.0   12690.00   .9236139E-11
 82.0   12700.00   .9241184E-11
 82.0   12710.00   .9246280E-11
 82.0   12720.00   .9251411E-11
 82.0   12730.00   .9256580E-11
 82.0   12740.00   .9261778E-11
 82.0   12750.00   .9267008E-11
 82.0   12760.00   .9272285E-11
 82.0   12770.00   .9277611E-11
 82.0   12780.00   .9282956E-11
 82.0   12790.00   .9288359E-11
 82.0   12800.00   .9293806E-11
 82.0   12810.00   .9299280E-11
 82.0   12820.00   .9304783E-11
 82.0   12830.00   .9310360E-11
 82.0   12840.00   .9315950E-11
 82.0   12850.00   .9321588E-11
 82.0   12860.00   .9327268E-11
 82.0   12870.00   .9333004E-11
 82.0   12880.00   .9338767E-11
 82.0   12890.00   .9344575E-11
 82.0   12900.00   .9350424E-11
 82.0   12910.00   .9356318E-11
 82.0   12920.00   .9362245E-11
 82.0   12930.00   .9368216E-11
 82.0   12940.00   .9374246E-11
 82.0   12950.00   .9380288E-11
 82.0   12960.00   .9386380E-11
 82.0   12970.00   .9392513E-11
 82.0   12980.00   .9398685E-11
 82.0   12990.00   .9404894E-11
 82.0   13000.00   .9411149E-11
 82.0   13010.00   .9417437E-11
 82.0   13020.00   .9423775E-11
 82.0   13030.00   .9430134E-11
 82.0   13040.00   .9436543E-11
 82.0   13050.00   .9442990E-11
 82.0   13060.00   .9449487E-11
 82.0   13070.00   .9455991E-11
 82.0   13080.00   .9462561E-11
 82.0   13090.00   .9469163E-11
 82.0   13100.00   .9475794E-11
 82.0   13110.00   .9482468E-11
 82.0   13120.00   .9489169E-11
 82.0   13130.00   .9495927E-11
 82.0   13140.00   .9502708E-11
 82.0   13150.00   .9509531E-11
 82.0   13160.00   .9516378E-11
 82.0   13170.00   .9523267E-11
 82.0   13180.00   .9530205E-11
 82.0   13190.00   .9537155E-11
 82.0   13200.00   .9544164E-11
 82.0   13210.00   .9551204E-11
 82.0   13220.00   .9558270E-11
 82.0   13230.00   .9565384E-11
 82.0   13240.00   .9572528E-11
 82.0   13250.00   .9579702E-11
 82.0   13260.00   .9586914E-11
 82.0   13270.00   .9594144E-11
 82.0   13280.00   .9601423E-11
 82.0   13290.00   .9608748E-11
 82.0   13300.00   .9616093E-11
 82.0   13310.00   .9623472E-11
 82.0   13320.00   .9630880E-11
 82.0   13330.00   .9638340E-11
 82.0   13340.00   .9645806E-11
 82.0   13350.00   .9653317E-11
 82.0   13360.00   .9660858E-11
 82.0   13370.00   .9668440E-11
 82.0   13380.00   .9676040E-11
 82.0   13390.00   .9683677E-11
 82.0   13400.00   .9691365E-11
 82.0   13410.00   .9699063E-11
 82.0   13420.00   .9706797E-11
 82.0   13430.00   .9714566E-11
 82.0   13440.00   .9722364E-11
 82.0   13450.00   .9730195E-11
 82.0   13460.00   .9738042E-11
 82.0   13470.00   .9745930E-11
 82.0   13480.00   .9753856E-11
 82.0   13490.00   .9761800E-11
 82.0   13500.00   .9769774E-11
 82.0   13510.00   .9777787E-11
 82.0   13520.00   .9785817E-11
 82.0   13530.00   .9793887E-11
 82.0   13540.00   .9801979E-11
 82.0   13550.00   .9810096E-11
 82.0   13560.00   .9818255E-11
 82.0   13570.00   .9826431E-11
 82.0   13580.00   .9834623E-11
 82.0   13590.00   .9842867E-11
 82.0   13600.00   .9851139E-11
 82.0   13610.00   .9859420E-11
 82.0   13620.00   .9867739E-11
 82.0   13630.00   .9876070E-11
 82.0   13640.00   .9884451E-11
 82.0   13650.00   .9892841E-11
 82.0   13660.00   .9901263E-11
 82.0   13670.00   .9909705E-11
 82.0   13680.00   .9918169E-11
 82.0   13690.00   .9926688E-11
 82.0   13700.00   .9935199E-11
 82.0   13710.00   .9959953E-11
 82.0   13720.00   .9984725E-11
 82.0   13730.00   .1000957E-10
 82.0   13740.00   .1003447E-10
 82.0   13750.00   .1005941E-10
 82.0   13760.00   .1008442E-10
 82.0   13770.00   .1010946E-10
 82.0   13780.00   .1013455E-10
 82.0   13790.00   .1015971E-10
 82.0   13800.00   .1018492E-10
 82.0   13810.00   .1021017E-10
 82.0   13820.00   .1023548E-10
 82.0   13830.00   .1026084E-10
 82.0   13840.00   .1028625E-10
 82.0   13850.00   .1031172E-10
 82.0   13860.00   .1033724E-10
 82.0   13870.00   .1036281E-10
 82.0   13880.00   .1038842E-10
 82.0   13890.00   .1041409E-10
 82.0   13900.00   .1043979E-10
 82.0   13910.00   .1046556E-10
 82.0   13920.00   .1049138E-10
 82.0   13930.00   .1051725E-10
 82.0   13940.00   .1054316E-10
 82.0   13950.00   .1056911E-10
 82.0   13960.00   .1059515E-10
 82.0   13970.00   .1062122E-10
 82.0   13980.00   .1064733E-10
 82.0   13990.00   .1067349E-10
 82.0   14000.00   .1069970E-10
 82.0   14010.00   .1072596E-10
 82.0   14020.00   .1075227E-10
 82.0   14030.00   .1077862E-10
 82.0   14040.00   .1080504E-10
 82.0   14050.00   .1083148E-10
 82.0   14060.00   .1085799E-10
 82.0   14070.00   .1088454E-10
 82.0   14080.00   .1091112E-10
 82.0   14090.00   .1093777E-10
 82.0   14100.00   .1096447E-10
 82.0   14110.00   .1099119E-10
 82.0   14120.00   .1101797E-10
 82.0   14130.00   .1104481E-10
 82.0   14140.00   .1107169E-10
 82.0   14150.00   .1109861E-10
 82.0   14160.00   .1112557E-10
 82.0   14170.00   .1115258E-10
 82.0   14180.00   .1117963E-10
 82.0   14190.00   .1120675E-10
 82.0   14200.00   .1123391E-10
 82.0   14210.00   .1126109E-10
 82.0   14220.00   .1128832E-10
 82.0   14230.00   .1131559E-10
 82.0   14240.00   .1134294E-10
 82.0   14250.00   .1137030E-10
 82.0   14260.00   .1139770E-10
 82.0   14270.00   .1142517E-10
 82.0   14280.00   .1145267E-10
 82.0   14290.00   .1148020E-10
 82.0   14300.00   .1150779E-10
 82.0   14310.00   .1153543E-10
 82.0   14320.00   .1156310E-10
 82.0   14330.00   .1159080E-10
 82.0   14340.00   .1161855E-10
 82.0   14350.00   .1164634E-10
 82.0   14360.00   .1167418E-10
 82.0   14370.00   .1170205E-10
 82.0   14380.00   .1172997E-10
 82.0   14390.00   .1175791E-10
 82.0   14400.00   .1178590E-10
 82.0   14410.00   .1181396E-10
 82.0   14420.00   .1184203E-10
 82.0   14430.00   .1187012E-10
 82.0   14440.00   .1189829E-10
 82.0   14450.00   .1192648E-10
 82.0   14460.00   .1195470E-10
 82.0   14470.00   .1198297E-10
 82.0   14480.00   .1201129E-10
 82.0   14490.00   .1203963E-10
 82.0   14500.00   .1206800E-10
 82.0   14510.00   .1209639E-10
 82.0   14520.00   .1212487E-10
 82.0   14530.00   .1215336E-10
 82.0   14540.00   .1218188E-10
 82.0   14550.00   .1221044E-10
 82.0   14560.00   .1223903E-10
 82.0   14570.00   .1226764E-10
 82.0   14580.00   .1229631E-10
 82.0   14590.00   .1232502E-10
 82.0   14600.00   .1235376E-10
 82.0   14610.00   .1238253E-10
 82.0   14620.00   .1241130E-10
 82.0   14630.00   .1244015E-10
 82.0   14640.00   .1246901E-10
 82.0   14650.00   .1249790E-10
 82.0   14660.00   .1252683E-10
 82.0   14670.00   .1255578E-10
 82.0   14680.00   .1258477E-10
 82.0   14690.00   .1261381E-10
 82.0   14700.00   .1264284E-10
 82.0   14710.00   .1267192E-10
 82.0   14720.00   .1270102E-10
 82.0   14730.00   .1273017E-10
 82.0   14740.00   .1275935E-10
 82.0   14750.00   .1278854E-10
 82.0   14760.00   .1281776E-10
 82.0   14770.00   .1284702E-10
 82.0   14780.00   .1287630E-10
 82.0   14790.00   .1290562E-10
 82.0   14800.00   .1293493E-10
 82.0   14810.00   .1296429E-10
 82.0   14820.00   .1299368E-10
 82.0   14830.00   .1302309E-10
 82.0   14840.00   .1305253E-10
 82.0   14850.00   .1308199E-10
 82.0   14860.00   .1311146E-10
 82.0   14870.00   .1314098E-10
 82.0   14880.00   .1317052E-10
 82.0   14890.00   .1320006E-10
 82.0   14900.00   .1322967E-10
 82.0   14910.00   .1325925E-10
 82.0   14920.00   .1328890E-10
 82.0   14930.00   .1331855E-10
 82.0   14940.00   .1334822E-10
 82.0   14950.00   .1337793E-10
 82.0   14960.00   .1340764E-10
 82.0   14970.00   .1343740E-10
 82.0   14980.00   .1346716E-10
 82.0   14990.00   .1349696E-10
 82.0   15000.00   .1352677E-10
 82.0   15010.00   .1353841E-10
 82.0   15020.00   .1355005E-10
 82.0   15030.00   .1356167E-10
 82.0   15040.00   .1357329E-10
 82.0   15050.00   .1358488E-10
 82.0   15060.00   .1359650E-10
 82.0   15070.00   .1360808E-10
 82.0   15080.00   .1361965E-10
 82.0   15090.00   .1363123E-10
 82.0   15100.00   .1364280E-10
 82.0   15110.00   .1365433E-10
 82.0   15120.00   .1366587E-10
 82.0   15130.00   .1367737E-10
 82.0   15140.00   .1368888E-10
 82.0   15150.00   .1370039E-10
 82.0   15160.00   .1371188E-10
 82.0   15170.00   .1372335E-10
 82.0   15180.00   .1373481E-10
 82.0   15190.00   .1374627E-10
 82.0   15200.00   .1375771E-10
 82.0   15210.00   .1376914E-10
 82.0   15220.00   .1378056E-10
 82.0   15230.00   .1379195E-10
 82.0   15240.00   .1380334E-10
 82.0   15250.00   .1381472E-10
 82.0   15260.00   .1382607E-10
 82.0   15270.00   .1383742E-10
 82.0   15280.00   .1384877E-10
 82.0   15290.00   .1386008E-10
 82.0   15300.00   .1387139E-10
 82.0   15310.00   .1388267E-10
 82.0   15320.00   .1389395E-10
 82.0   15330.00   .1390522E-10
 82.0   15340.00   .1391647E-10
 82.0   15350.00   .1392770E-10
 82.0   15360.00   .1393892E-10
 82.0   15370.00   .1395013E-10
 82.0   15380.00   .1396132E-10
 82.0   15390.00   .1397249E-10
 82.0   15400.00   .1398365E-10
 82.0   15410.00   .1399479E-10
 82.0   15420.00   .1400591E-10
 82.0   15430.00   .1401702E-10
 82.0   15440.00   .1402811E-10
 82.0   15450.00   .1403919E-10
 82.0   15460.00   .1405025E-10
 82.0   15470.00   .1406130E-10
 82.0   15480.00   .1407232E-10
 82.0   15490.00   .1408333E-10
 82.0   15500.00   .1409432E-10
 82.0   15510.00   .1410529E-10
 82.0   15520.00   .1411626E-10
 82.0   15530.00   .1412719E-10
 82.0   15540.00   .1413812E-10
 82.0   15550.00   .1414901E-10
 82.0   15560.00   .1415988E-10
 82.0   15570.00   .1417075E-10
 82.0   15580.00   .1418161E-10
 82.0   15590.00   .1419243E-10
 82.0   15600.00   .1420323E-10
 82.0   15610.00   .1421404E-10
 82.0   15620.00   .1422479E-10
 82.0   15630.00   .1423553E-10
 82.0   15640.00   .1424626E-10
 82.0   15650.00   .1425698E-10
 82.0   15660.00   .1426767E-10
 82.0   15670.00   .1427833E-10
 82.0   15680.00   .1428897E-10
 82.0   15690.00   .1429962E-10
 82.0   15700.00   .1431021E-10
 82.0   15710.00   .1432080E-10
 82.0   15720.00   .1433135E-10
 82.0   15730.00   .1434190E-10
 82.0   15740.00   .1435241E-10
 82.0   15750.00   .1436292E-10
 82.0   15760.00   .1437340E-10
 82.0   15770.00   .1438386E-10
 82.0   15780.00   .1439429E-10
 82.0   15790.00   .1440469E-10
 82.0   15800.00   .1441509E-10
 82.0   15810.00   .1442544E-10
 82.0   15820.00   .1443579E-10
 82.0   15830.00   .1444609E-10
 82.0   15840.00   .1445640E-10
 82.0   15850.00   .1446667E-10
 82.0   15860.00   .1447691E-10
 82.0   15870.00   .1448712E-10
 82.0   15880.00   .1449732E-10
 82.0   15890.00   .1450750E-10
 82.0   15900.00   .1451765E-10
 82.0   15910.00   .1452777E-10
 82.0   15920.00   .1453787E-10
 82.0   15930.00   .1454794E-10
 82.0   15940.00   .1455799E-10
 82.0   15950.00   .1456801E-10
 82.0   15960.00   .1457801E-10
 82.0   15970.00   .1458797E-10
 82.0   15980.00   .1459792E-10
 82.0   15990.00   .1460784E-10
 82.0   16000.00   .1461772E-10
 82.0   16010.00   .1462759E-10
 82.0   16020.00   .1463743E-10
 82.0   16030.00   .1464724E-10
 82.0   16040.00   .1465701E-10
 82.0   16050.00   .1466677E-10
 82.0   16060.00   .1467651E-10
 82.0   16070.00   .1468620E-10
 82.0   16080.00   .1469589E-10
 82.0   16090.00   .1470553E-10
 82.0   16100.00   .1471513E-10
 82.0   16110.00   .1472472E-10
 82.0   16120.00   .1473429E-10
 82.0   16130.00   .1474381E-10
 82.0   16140.00   .1475333E-10
 82.0   16150.00   .1476278E-10
 82.0   16160.00   .1477222E-10
 82.0   16170.00   .1478164E-10
 82.0   16180.00   .1479102E-10
 82.0   16190.00   .1480037E-10
 82.0   16200.00   .1480970E-10
 82.0   16210.00   .1481898E-10
 82.0   16220.00   .1482823E-10
 82.0   16230.00   .1483746E-10
 82.0   16240.00   .1484665E-10
 82.0   16250.00   .1485584E-10
 82.0   16260.00   .1485892E-10
 82.0   16270.00   .1486199E-10
 82.0   16280.00   .1486504E-10
 82.0   16290.00   .1486806E-10
 82.0   16300.00   .1487104E-10
 82.0   16310.00   .1487400E-10
 82.0   16320.00   .1487693E-10
 82.0   16330.00   .1487986E-10
 82.0   16340.00   .1488274E-10
 82.0   16350.00   .1488556E-10
 82.0   16360.00   .1488837E-10
 82.0   16370.00   .1489117E-10
 82.0   16380.00   .1489394E-10
 82.0   16390.00   .1489667E-10
 82.0   16400.00   .1489937E-10
 82.0   16410.00   .1490205E-10
 82.0   16420.00   .1490470E-10
 82.0   16430.00   .1490732E-10
 82.0   16440.00   .1490990E-10
 82.0   16450.00   .1491247E-10
 82.0   16460.00   .1491499E-10
 82.0   16470.00   .1491747E-10
 82.0   16480.00   .1491993E-10
 82.0   16490.00   .1492237E-10
 82.0   16500.00   .1492478E-10
 82.0   16510.00   .1492713E-10
 82.0   16520.00   .1492948E-10
 82.0   16530.00   .1493180E-10
 82.0   16540.00   .1493407E-10
 82.0   16550.00   .1493633E-10
 82.0   16560.00   .1493853E-10
 82.0   16570.00   .1494073E-10
 82.0   16580.00   .1494287E-10
 82.0   16590.00   .1494499E-10
 82.0   16600.00   .1494708E-10
 82.0   16610.00   .1494914E-10
 82.0   16620.00   .1495115E-10
 82.0   16630.00   .1495314E-10
 82.0   16640.00   .1495512E-10
 82.0   16650.00   .1495703E-10
 82.0   16660.00   .1495893E-10
 82.0   16670.00   .1496078E-10
 82.0   16680.00   .1496259E-10
 82.0   16690.00   .1496438E-10
 82.0   16700.00   .1496614E-10
 82.0   16710.00   .1496785E-10
 82.0   16720.00   .1496954E-10
 82.0   16730.00   .1497119E-10
 82.0   16740.00   .1497280E-10
 82.0   16750.00   .1497439E-10
 82.0   16760.00   .1497594E-10
 82.0   16770.00   .1497744E-10
 82.0   16780.00   .1497891E-10
 82.0   16790.00   .1498035E-10
 82.0   16800.00   .1498175E-10
 82.0   16810.00   .1498312E-10
 82.0   16820.00   .1498444E-10
 82.0   16830.00   .1498576E-10
 82.0   16840.00   .1498702E-10
 82.0   16850.00   .1498823E-10
 82.0   16860.00   .1498943E-10
 82.0   16870.00   .1499059E-10
 82.0   16880.00   .1499171E-10
 82.0   16890.00   .1499279E-10
 82.0   16900.00   .1499384E-10
 82.0   16910.00   .1499485E-10
 82.0   16920.00   .1499585E-10
 82.0   16930.00   .1499680E-10
 82.0   16940.00   .1499770E-10
 82.0   16950.00   .1499858E-10
 82.0   16960.00   .1499943E-10
 82.0   16970.00   .1500024E-10
 82.0   16980.00   .1500103E-10
 82.0   16990.00   .1500176E-10
 82.0   17000.00   .1500248E-10
 82.0   17010.00   .1500318E-10
 82.0   17020.00   .1500382E-10
 82.0   17030.00   .1500445E-10
 82.0   17040.00   .1500502E-10
 82.0   17050.00   .1500559E-10
 82.0   17060.00   .1500610E-10
 82.0   17070.00   .1500658E-10
 82.0   17080.00   .1500706E-10
 82.0   17090.00   .1500749E-10
 82.0   17100.00   .1500786E-10
 82.0   17110.00   .1500824E-10
 82.0   17120.00   .1500858E-10
 82.0   17130.00   .1500888E-10
 82.0   17140.00   .1500915E-10
 82.0   17150.00   .1500938E-10
 82.0   17160.00   .1500960E-10
 82.0   17170.00   .1500978E-10
 82.0   17180.00   .1500994E-10
 82.0   17190.00   .1501006E-10
 82.0   17200.00   .1501014E-10
 82.0   17210.00   .1501019E-10
 82.0   17220.00   .1501025E-10
 82.0   17230.00   .1501024E-10
 82.0   17240.00   .1501022E-10
 82.0   17250.00   .1501017E-10
 82.0   17260.00   .1501008E-10
 82.0   17270.00   .1500997E-10
 82.0   17280.00   .1500984E-10
 82.0   17290.00   .1500966E-10
 82.0   17300.00   .1500947E-10
 82.0   17310.00   .1500924E-10
 82.0   17320.00   .1500899E-10
 82.0   17330.00   .1500872E-10
 82.0   17340.00   .1500841E-10
 82.0   17350.00   .1500808E-10
 82.0   17360.00   .1500772E-10
 82.0   17370.00   .1500734E-10
 82.0   17380.00   .1500691E-10
 82.0   17390.00   .1500648E-10
 82.0   17400.00   .1500602E-10
 82.0   17410.00   .1500552E-10
 82.0   17420.00   .1500499E-10
 82.0   17430.00   .1500445E-10
 82.0   17440.00   .1500388E-10
 82.0   17450.00   .1500328E-10
 82.0   17460.00   .1500266E-10
 82.0   17470.00   .1500201E-10
 82.0   17480.00   .1500136E-10
 82.0   17490.00   .1500065E-10
 82.0   17500.00   .1499993E-10
 82.0   17510.00   .1499918E-10
 82.0   17520.00   .1499840E-10
 82.0   17530.00   .1499763E-10
 82.0   17540.00   .1499679E-10
 82.0   17550.00   .1499596E-10
 82.0   17560.00   .1499509E-10
 82.0   17570.00   .1499421E-10
 82.0   17580.00   .1499328E-10
 82.0   17590.00   .1499235E-10
 82.0   17600.00   .1499138E-10
 82.0   17610.00   .1499041E-10
 82.0   17620.00   .1498940E-10
 82.0   17630.00   .1498839E-10
 82.0   17640.00   .1498733E-10
 82.0   17650.00   .1498627E-10
 82.0   17660.00   .1498516E-10
 82.0   17670.00   .1498406E-10
 82.0   17680.00   .1498291E-10
 82.0   17690.00   .1498175E-10
 82.0   17700.00   .1498058E-10
 82.0   17710.00   .1497938E-10
 82.0   17720.00   .1497816E-10
 82.0   17730.00   .1497691E-10
 82.0   17740.00   .1497565E-10
 82.0   17750.00   .1497437E-10
 82.0   17760.00   .1497306E-10
 82.0   17770.00   .1497173E-10
 82.0   17780.00   .1497037E-10
 82.0   17790.00   .1496902E-10
 82.0   17800.00   .1496763E-10
 82.0   17810.00   .1496622E-10
 82.0   17820.00   .1496480E-10
 82.0   17830.00   .1496337E-10
 82.0   17840.00   .1496190E-10
 82.0   17850.00   .1496040E-10
 82.0   17860.00   .1495891E-10
 82.0   17870.00   .1495740E-10
 82.0   17880.00   .1495586E-10
 82.0   17890.00   .1495430E-10
 82.0   17900.00   .1495273E-10
 82.0   17910.00   .1495113E-10
 82.0   17920.00   .1494953E-10
 82.0   17930.00   .1494790E-10
 82.0   17940.00   .1494627E-10
 82.0   17950.00   .1494460E-10
 82.0   17960.00   .1494292E-10
 82.0   17970.00   .1494123E-10
 82.0   17980.00   .1493951E-10
 82.0   17990.00   .1493779E-10
 82.0   18000.00   .1493604E-10
 82.0   18010.00   .1488509E-10
 82.0   18020.00   .1483414E-10
 82.0   18030.00   .1478317E-10
 82.0   18040.00   .1473220E-10
 82.0   18050.00   .1468123E-10
 82.0   18060.00   .1463026E-10
 82.0   18070.00   .1457929E-10
 82.0   18080.00   .1452831E-10
 82.0   18090.00   .1447732E-10
 82.0   18100.00   .1442634E-10
 82.0   18110.00   .1437537E-10
 82.0   18120.00   .1432438E-10
 82.0   18130.00   .1427337E-10
 82.0   18140.00   .1422240E-10
 82.0   18150.00   .1417141E-10
 82.0   18160.00   .1412044E-10
 82.0   18170.00   .1406945E-10
 82.0   18180.00   .1401845E-10
 82.0   18190.00   .1396748E-10
 82.0   18200.00   .1391649E-10
 82.0   18210.00   .1386549E-10
 82.0   18220.00   .1381453E-10
 82.0   18230.00   .1376355E-10
 82.0   18240.00   .1371258E-10
 82.0   18250.00   .1366159E-10
 82.0   18260.00   .1361063E-10
 82.0   18270.00   .1355964E-10
 82.0   18280.00   .1350868E-10
 82.0   18290.00   .1345772E-10
 82.0   18300.00   .1340677E-10
 82.0   18310.00   .1335581E-10
 82.0   18320.00   .1330485E-10
 82.0   18330.00   .1325392E-10
 82.0   18340.00   .1320296E-10
 82.0   18350.00   .1315204E-10
 82.0   18360.00   .1310111E-10
 82.0   18370.00   .1305019E-10
 82.0   18380.00   .1299927E-10
 82.0   18390.00   .1294835E-10
 82.0   18400.00   .1289746E-10
 82.0   18410.00   .1284655E-10
 82.0   18420.00   .1279564E-10
 82.0   18430.00   .1274478E-10
 82.0   18440.00   .1269390E-10
 82.0   18450.00   .1264303E-10
 82.0   18460.00   .1259215E-10
 82.0   18470.00   .1254131E-10
 82.0   18480.00   .1249046E-10
 82.0   18490.00   .1243961E-10
 82.0   18500.00   .1238879E-10
 82.0   18510.00   .1233797E-10
 82.0   18520.00   .1228715E-10
 82.0   18530.00   .1223635E-10
 82.0   18540.00   .1218556E-10
 82.0   18550.00   .1213477E-10
 82.0   18560.00   .1208400E-10
 82.0   18570.00   .1203325E-10
 82.0   18580.00   .1198249E-10
 82.0   18590.00   .1193174E-10
 82.0   18600.00   .1188100E-10
 82.0   18610.00   .1183030E-10
 82.0   18620.00   .1177958E-10
 82.0   18630.00   .1172888E-10
 82.0   18640.00   .1167819E-10
 82.0   18650.00   .1162753E-10
 82.0   18660.00   .1157685E-10
 82.0   18670.00   .1152620E-10
 82.0   18680.00   .1147557E-10
 82.0   18690.00   .1142493E-10
 82.0   18700.00   .1137432E-10
 82.0   18710.00   .1132372E-10
 82.0   18720.00   .1127313E-10
 82.0   18730.00   .1122255E-10
 82.0   18740.00   .1117197E-10
 82.0   18750.00   .1112143E-10
 82.0   18760.00   .1107092E-10
 82.0   18770.00   .1102038E-10
 82.0   18780.00   .1096986E-10
 82.0   18790.00   .1091936E-10
 82.0   18800.00   .1086890E-10
 82.0   18810.00   .1081842E-10
 82.0   18820.00   .1076797E-10
 82.0   18830.00   .1071754E-10
 82.0   18840.00   .1066711E-10
 82.0   18850.00   .1061669E-10
 82.0   18860.00   .1056633E-10
 82.0   18870.00   .1051594E-10
 82.0   18880.00   .1046556E-10
 82.0   18890.00   .1041522E-10
 82.0   18900.00   .1036490E-10
 82.0   18910.00   .1031459E-10
 82.0   18920.00   .1026428E-10
 82.0   18930.00   .1021399E-10
 82.0   18940.00   .1016372E-10
 82.0   18950.00   .1011347E-10
 82.0   18960.00   .1006324E-10
 82.0   18970.00   .1001303E-10
 82.0   18980.00   .9962813E-11
 82.0   18990.00   .9912618E-11
 82.0   19000.00   .9862473E-11
 82.0   19010.00   .9812300E-11
 82.0   19020.00   .9762184E-11
 82.0   19030.00   .9712060E-11
 82.0   19040.00   .9661949E-11
 82.0   19050.00   .9611867E-11
 82.0   19060.00   .9561796E-11
 82.0   19070.00   .9511756E-11
 82.0   19080.00   .9461732E-11
 82.0   19090.00   .9411708E-11
 82.0   19100.00   .9361726E-11
 82.0   19110.00   .9311736E-11
 82.0   19120.00   .9261777E-11
 82.0   19130.00   .9211829E-11
 82.0   19140.00   .9161899E-11
 82.0   19150.00   .9111994E-11
 82.0   19160.00   .9062115E-11
 82.0   19170.00   .9012232E-11
 82.0   19180.00   .8962403E-11
 82.0   19190.00   .8912558E-11
 82.0   19200.00   .8862745E-11
 82.0   19210.00   .8812944E-11
 82.0   19220.00   .8763182E-11
 82.0   19230.00   .8713411E-11
 82.0   19240.00   .8663666E-11
 82.0   19250.00   .8613961E-11
 82.0   19260.00   .8564261E-11
 82.0   19270.00   .8514559E-11
 82.0   19280.00   .8464904E-11
 82.0   19290.00   .8415261E-11
 82.0   19300.00   .8365638E-11
 82.0   19310.00   .8316012E-11
 82.0   19320.00   .8266442E-11
 82.0   19330.00   .8216869E-11
 82.0   19340.00   .8167316E-11
 82.0   19350.00   .8117796E-11
 82.0   19360.00   .8068282E-11
 82.0   19370.00   .8018781E-11
 82.0   19380.00   .7969313E-11
 82.0   19390.00   .7919865E-11
 82.0   19400.00   .7870437E-11
 82.0   19410.00   .7821008E-11
 82.0   19420.00   .7771619E-11
 82.0   19430.00   .7722243E-11
 82.0   19440.00   .7672894E-11
 82.0   19450.00   .7623551E-11
 82.0   19460.00   .7574235E-11
 82.0   19470.00   .7524939E-11
 82.0   19480.00   .7475663E-11
 82.0   19490.00   .7426406E-11
 82.0   19500.00   .7377163E-11
 82.0   19510.00   .7327946E-11
 82.0   19520.00   .7278743E-11
 82.0   19530.00   .7229567E-11
 82.0   19540.00   .7180404E-11
 82.0   19550.00   .7131261E-11
 82.0   19560.00   .7082145E-11
 82.0   19570.00   .7033042E-11
 82.0   19580.00   .6983959E-11
 82.0   19590.00   .6934896E-11
 82.0   19600.00   .6885855E-11
 82.0   19610.00   .6836831E-11
 82.0   19620.00   .6787822E-11
 82.0   19630.00   .6738832E-11
 82.0   19640.00   .6689869E-11
 82.0   19650.00   .6640920E-11
 82.0   19660.00   .6592000E-11
 82.0   19670.00   .6543084E-11
 82.0   19680.00   .6494193E-11
 82.0   19690.00   .6445317E-11
 82.0   19700.00   .6396465E-11
 82.0   19710.00   .6347629E-11
 82.0   19720.00   .6298808E-11
 82.0   19730.00   .6250008E-11
 82.0   19740.00   .6201231E-11
 82.0   19750.00   .6152465E-11
 82.0   19760.00   .6103718E-11
 82.0   19770.00   .6054993E-11
 82.0   19780.00   .6006282E-11
 82.0   19790.00   .5957589E-11
 82.0   19800.00   .5908916E-11
 82.0   19810.00   .5860263E-11
 82.0   19820.00   .5811618E-11
 82.0   19830.00   .5763000E-11
 82.0   19840.00   .5714390E-11
 82.0   19850.00   .5665805E-11
 82.0   19860.00   .5617230E-11
 82.0   19870.00   .5568674E-11
 82.0   19880.00   .5520137E-11
 82.0   19890.00   .5471618E-11
 82.0   19900.00   .5423117E-11
 82.0   19910.00   .5374626E-11
 82.0   19920.00   .5326155E-11
 82.0   19930.00   .5277698E-11
 82.0   19940.00   .5229265E-11
 82.0   19950.00   .5180842E-11
 82.0   19960.00   .5132435E-11
 82.0   19970.00   .5084038E-11
 82.0   19980.00   .5035671E-11
 82.0   19990.00   .4987310E-11
 82.0   20000.00   .4938970E-11
 82.0   20010.00   .4890641E-11
 82.0   20020.00   .4842329E-11
 82.0   20030.00   .4794033E-11
 82.0   20040.00   .4745750E-11
 82.0   20050.00   .4697488E-11
 82.0   20060.00   .4649237E-11
 82.0   20070.00   .4601000E-11
 82.0   20080.00   .4552783E-11
 82.0   20090.00   .4504572E-11
 82.0   20100.00   .4456384E-11
 82.0   20110.00   .4455820E-11
 82.0   20120.00   .4455258E-11
 82.0   20130.00   .4454698E-11
 82.0   20140.00   .4454141E-11
 82.0   20150.00   .4453590E-11
 82.0   20160.00   .4453039E-11
 82.0   20170.00   .4452488E-11
 82.0   20180.00   .4451943E-11
 82.0   20190.00   .4451396E-11
 82.0   20200.00   .4450861E-11
 82.0   20210.00   .4450321E-11
 82.0   20220.00   .4449784E-11
 82.0   20230.00   .4449252E-11
 82.0   20240.00   .4448722E-11
 82.0   20250.00   .4448194E-11
 82.0   20260.00   .4447670E-11
 82.0   20270.00   .4447148E-11
 82.0   20280.00   .4446628E-11
 82.0   20290.00   .4446106E-11
 82.0   20300.00   .4445592E-11
 82.0   20310.00   .4445079E-11
 82.0   20320.00   .4444576E-11
 82.0   20330.00   .4444064E-11
 82.0   20340.00   .4443562E-11
 82.0   20350.00   .4443062E-11
 82.0   20360.00   .4442560E-11
 82.0   20370.00   .4442064E-11
 82.0   20380.00   .4441570E-11
 82.0   20390.00   .4441080E-11
 82.0   20400.00   .4440587E-11
 82.0   20410.00   .4440104E-11
 82.0   20420.00   .4439620E-11
 82.0   20430.00   .4439137E-11
 82.0   20440.00   .4438659E-11
 82.0   20450.00   .4438185E-11
 82.0   20460.00   .4437709E-11
 82.0   20470.00   .4437237E-11
 82.0   20480.00   .4436771E-11
 82.0   20490.00   .4436304E-11
 82.0   20500.00   .4435841E-11
 82.0   20510.00   .4435380E-11
 82.0   20520.00   .4434922E-11
 82.0   20530.00   .4434465E-11
 82.0   20540.00   .4434014E-11
 82.0   20550.00   .4433566E-11
 82.0   20560.00   .4433112E-11
 82.0   20570.00   .4432668E-11
 82.0   20580.00   .4432225E-11
 82.0   20590.00   .4431780E-11
 82.0   20600.00   .4431346E-11
 82.0   20610.00   .4430911E-11
 82.0   20620.00   .4430479E-11
 82.0   20630.00   .4430046E-11
 82.0   20640.00   .4429619E-11
 82.0   20650.00   .4429190E-11
 82.0   20660.00   .4428770E-11
 82.0   20670.00   .4428351E-11
 82.0   20680.00   .4427930E-11
 82.0   20690.00   .4427515E-11
 82.0   20700.00   .4427101E-11
 82.0   20710.00   .4426687E-11
 82.0   20720.00   .4426281E-11
 82.0   20730.00   .4425877E-11
 82.0   20740.00   .4425475E-11
 82.0   20750.00   .4425070E-11
 82.0   20760.00   .4424672E-11
 82.0   20770.00   .4424278E-11
 82.0   20780.00   .4423882E-11
 82.0   20790.00   .4423494E-11
 82.0   20800.00   .4423104E-11
 82.0   20810.00   .4422715E-11
 82.0   20820.00   .4422336E-11
 82.0   20830.00   .4421957E-11
 82.0   20840.00   .4421574E-11
 82.0   20850.00   .4421198E-11
 82.0   20860.00   .4420824E-11
 82.0   20870.00   .4420449E-11
 82.0   20880.00   .4420081E-11
 82.0   20890.00   .4419715E-11
 82.0   20900.00   .4419351E-11
 82.0   20910.00   .4418989E-11
 82.0   20920.00   .4418629E-11
 82.0   20930.00   .4418275E-11
 82.0   20940.00   .4417916E-11
 82.0   20950.00   .4417566E-11
 82.0   20960.00   .4417214E-11
 82.0   20970.00   .4416866E-11
 82.0   20980.00   .4416522E-11
 82.0   20990.00   .4416184E-11
 82.0   21000.00   .4415840E-11
 82.0   21010.00   .4415501E-11
 82.0   21020.00   .4415165E-11
 82.0   21030.00   .4414835E-11
 82.0   21040.00   .4414503E-11
 82.0   21050.00   .4414175E-11
 82.0   21060.00   .4413846E-11
 82.0   21070.00   .4413524E-11
 82.0   21080.00   .4413203E-11
 82.0   21090.00   .4412886E-11
 82.0   21100.00   .4412569E-11
 82.0   21110.00   .4412253E-11
 82.0   21120.00   .4411943E-11
 82.0   21130.00   .4411633E-11
 82.0   21140.00   .4411324E-11
 82.0   21150.00   .4411019E-11
 82.0   21160.00   .4410718E-11
 82.0   21170.00   .4410417E-11
 82.0   21180.00   .4410125E-11
 82.0   21190.00   .4409828E-11
 82.0   21200.00   .4409527E-11
 82.0   21210.00   .4409244E-11
 82.0   21220.00   .4408953E-11
 82.0   21230.00   .4408670E-11
 82.0   21240.00   .4408385E-11
 82.0   21250.00   .4408105E-11
 82.0   21260.00   .4407825E-11
 82.0   21270.00   .4407548E-11
 82.0   21280.00   .4407274E-11
 82.0   21290.00   .4406998E-11
 82.0   21300.00   .4406731E-11
 82.0   21310.00   .4406462E-11
 82.0   21320.00   .4406198E-11
 82.0   21330.00   .4405932E-11
 82.0   21340.00   .4405675E-11
 82.0   21350.00   .4405414E-11
 82.0   21360.00   .4405161E-11
 82.0   21370.00   .4404909E-11
 82.0   21380.00   .4404658E-11
 82.0   21390.00   .4404405E-11
 82.0   21400.00   .4404158E-11
 82.0   21410.00   .4403913E-11
 82.0   21420.00   .4403677E-11
 82.0   21430.00   .4403434E-11
 82.0   21440.00   .4403194E-11
 82.0   21450.00   .4402962E-11
 82.0   21460.00   .4402725E-11
 82.0   21470.00   .4402495E-11
 82.0   21480.00   .4402269E-11
 82.0   21490.00   .4402044E-11
 82.0   21500.00   .4401820E-11
 82.0   21510.00   .4401597E-11
 82.0   21520.00   .4401378E-11
 82.0   21530.00   .4401159E-11
 82.0   21540.00   .4400945E-11
 82.0   21550.00   .4400733E-11
 82.0   21560.00   .4400523E-11
 82.0   21570.00   .4400318E-11
 82.0   21580.00   .4400108E-11
 82.0   21590.00   .4399905E-11
 82.0   21600.00   .4399701E-11
 82.0   21610.00   .4399502E-11
 82.0   21620.00   .4399306E-11
 82.0   21630.00   .4399111E-11
 82.0   21640.00   .4398921E-11
 82.0   21650.00   .4398731E-11
 82.0   21660.00   .4398540E-11
 82.0   21670.00   .4398358E-11
 82.0   21680.00   .4398172E-11
 82.0   21690.00   .4397991E-11
 82.0   21700.00   .4397813E-11
 82.0   21710.00   .4397635E-11
 82.0   21720.00   .4397458E-11
 82.0   21730.00   .4397286E-11
 82.0   21740.00   .4397118E-11
 82.0   21750.00   .4396946E-11
 82.0   21760.00   .4396783E-11
 82.0   21770.00   .4396621E-11
 82.0   21780.00   .4396460E-11
 82.0   21790.00   .4396297E-11
 82.0   21800.00   .4396142E-11
 82.0   21810.00   .4395987E-11
 82.0   21820.00   .4395831E-11
 82.0   21830.00   .4395684E-11
 82.0   21840.00   .4395535E-11
 82.0   21850.00   .4395388E-11
 82.0   21860.00   .4395241E-11
 82.0   21870.00   .4395105E-11
 82.0   21880.00   .4394958E-11
 82.0   21890.00   .4394823E-11
 82.0   21900.00   .4394691E-11
 82.0   21910.00   .4394559E-11
 82.0   21920.00   .4394422E-11
 82.0   21930.00   .4394296E-11
 82.0   21940.00   .4394169E-11
 82.0   21950.00   .4394043E-11
 82.0   21960.00   .4393920E-11
 82.0   21970.00   .4393804E-11
 82.0   21980.00   .4393683E-11
 82.0   21990.00   .4393567E-11
 82.0   22000.00   .4393455E-11
 82.0   22010.00   .4393343E-11
 82.0   22020.00   .4393234E-11
 82.0   22030.00   .4393127E-11
 82.0   22040.00   .4393020E-11
 82.0   22050.00   .4392920E-11
 82.0   22060.00   .4392818E-11
 82.0   22070.00   .4392716E-11
 82.0   22080.00   .4392623E-11
 82.0   22090.00   .4392529E-11
 82.0   22100.00   .4392433E-11
 82.0   22110.00   .4392344E-11
 82.0   22120.00   .4392253E-11
 82.0   22130.00   .4392174E-11
 82.0   22140.00   .4392085E-11
 82.0   22150.00   .4392002E-11
 82.0   22160.00   .4391924E-11
 82.0   22170.00   .4391847E-11
 82.0   22180.00   .4391771E-11
 82.0   22190.00   .4391697E-11
 82.0   22200.00   .4391631E-11
 82.0   22210.00   .4391560E-11
 82.0   22220.00   .4391490E-11
 82.0   22230.00   .4391427E-11
 82.0   22240.00   .4391366E-11
 82.0   22250.00   .4391303E-11
 82.0   22260.00   .4391244E-11
 82.0   22270.00   .4391188E-11
 82.0   22280.00   .4391135E-11
 82.0   22290.00   .4391077E-11
 82.0   22300.00   .4391029E-11
 82.0   22310.00   .4390979E-11
 82.0   22320.00   .4390936E-11
 82.0   22330.00   .4390891E-11
 82.0   22340.00   .4390850E-11
 82.0   22350.00   .4390807E-11
 82.0   22360.00   .4390769E-11
 82.0   22370.00   .4390732E-11
 82.0   22380.00   .4390701E-11
 82.0   22390.00   .4390669E-11
 82.0   22400.00   .4390642E-11
 82.0   22410.00   .4390611E-11
 82.0   22420.00   .4390586E-11
 82.0   22430.00   .4390565E-11
 82.0   22440.00   .4390541E-11
 82.0   22450.00   .4390521E-11
 82.0   22460.00   .4390505E-11
 82.0   22470.00   .4390489E-11
 82.0   22480.00   .4390473E-11
 82.0   22490.00   .4390461E-11
 82.0   22500.00   .4390452E-11
 82.0   22510.00   .4390445E-11
 82.0   22520.00   .4390441E-11
 82.0   22530.00   .4390437E-11
 82.0   22540.00   .4390434E-11
 82.0   22550.00   .4390433E-11
 82.0   22560.00   .4390438E-11
 82.0   22570.00   .4390442E-11
 82.0   22580.00   .4390445E-11
 82.0   22590.00   .4390455E-11
 82.0   22600.00   .4390463E-11
 82.0   22610.00   .4390475E-11
 82.0   22620.00   .4390486E-11
 82.0   22630.00   .4390504E-11
 82.0   22640.00   .4390522E-11
 82.0   22650.00   .4390537E-11
 82.0   22660.00   .4390562E-11
 82.0   22670.00   .4390583E-11
 82.0   22680.00   .4390608E-11
 82.0   22690.00   .4390637E-11
 82.0   22700.00   .4390665E-11
 82.0   22710.00   .4390694E-11
 82.0   22720.00   .4390725E-11
 82.0   22730.00   .4390759E-11
 82.0   22740.00   .4390794E-11
 82.0   22750.00   .4390831E-11
 82.0   22760.00   .4390868E-11
 82.0   22770.00   .4390909E-11
 82.0   22780.00   .4390951E-11
 82.0   22790.00   .4390997E-11
 82.0   22800.00   .4391043E-11
 82.0   22810.00   .4391091E-11
 82.0   22820.00   .4391141E-11
 82.0   22830.00   .4391191E-11
 82.0   22840.00   .4391244E-11
 82.0   22850.00   .4391305E-11
 82.0   22860.00   .4391355E-11
 82.0   22870.00   .4391415E-11
 82.0   22880.00   .4391475E-11
 82.0   22890.00   .4391536E-11
 82.0   22900.00   .4391594E-11
 82.0   22910.00   .4391665E-11
 82.0   22920.00   .4391730E-11
 82.0   22930.00   .4391794E-11
 82.0   22940.00   .4391866E-11
 82.0   22950.00   .4391936E-11
 82.0   22960.00   .4392010E-11
 82.0   22970.00   .4392085E-11
 82.0   22980.00   .4392161E-11
 82.0   22990.00   .4392241E-11
 82.0   23000.00   .4392319E-11
 82.0   23010.00   .4392399E-11
 82.0   23020.00   .4392484E-11
 82.0   23030.00   .4392566E-11
 82.0   23040.00   .4392654E-11
 82.0   23050.00   .4392741E-11
 82.0   23060.00   .4392829E-11
 82.0   23070.00   .4392917E-11
 82.0   23080.00   .4393010E-11
 82.0   23090.00   .4393104E-11
 82.0   23100.00   .4393202E-11
 82.0   23110.00   .4393300E-11
 82.0   23120.00   .4393395E-11
 82.0   23130.00   .4393496E-11
 82.0   23140.00   .4393593E-11
 82.0   23150.00   .4393696E-11
 82.0   23160.00   .4393802E-11
 82.0   23170.00   .4393909E-11
 82.0   23180.00   .4394009E-11
 82.0   23190.00   .4394119E-11
 82.0   23200.00   .4394230E-11
 82.0   23210.00   .4394343E-11
 82.0   23220.00   .4394455E-11
 82.0   23230.00   .4394570E-11
 82.0   23240.00   .4394688E-11
 82.0   23250.00   .4394806E-11
 82.0   23260.00   .4394925E-11
 82.0   23270.00   .4395044E-11
 82.0   23280.00   .4395168E-11
 82.0   23290.00   .4395287E-11
 82.0   23300.00   .4395411E-11
 82.0   23310.00   .4395539E-11
 82.0   23320.00   .4395664E-11
 82.0   23330.00   .4395791E-11
 82.0   23340.00   .4395921E-11
 82.0   23350.00   .4396052E-11
 82.0   23360.00   .4396185E-11
 82.0   23370.00   .4396320E-11
 82.0   23380.00   .4396452E-11
 82.0   23390.00   .4396592E-11
 82.0   23400.00   .4396726E-11
 82.0   23410.00   .4396863E-11
 82.0   23420.00   .4397006E-11
 82.0   23430.00   .4397150E-11
 82.0   23440.00   .4397288E-11
 82.0   23450.00   .4397435E-11
 82.0   23460.00   .4397581E-11
 82.0   23470.00   .4397730E-11
 82.0   23480.00   .4397876E-11
 82.0   23490.00   .4398027E-11
 82.0   23500.00   .4398173E-11
 82.0   23510.00   .4398326E-11
 82.0   23520.00   .4398476E-11
 82.0   23530.00   .4398632E-11
 82.0   23540.00   .4398790E-11
 82.0   23550.00   .4398944E-11
 82.0   23560.00   .4399103E-11
 82.0   23570.00   .4399262E-11
 82.0   23580.00   .4399421E-11
 82.0   23590.00   .4399585E-11
 82.0   23600.00   .4399744E-11
 82.0   23610.00   .4399910E-11
 82.0   23620.00   .4400070E-11
 82.0   23630.00   .4400235E-11
 82.0   23640.00   .4400405E-11
 82.0   23650.00   .4400572E-11
 82.0   23660.00   .4400739E-11
 82.0   23670.00   .4400910E-11
 82.0   23680.00   .4401082E-11
 82.0   23690.00   .4401254E-11
 82.0   23700.00   .4401427E-11
 82.0   23710.00   .4401606E-11
 82.0   23720.00   .4401783E-11
 82.0   23730.00   .4401957E-11
 82.0   23740.00   .4402135E-11
 82.0   23750.00   .4402318E-11
 82.0   23760.00   .4402494E-11
 82.0   23770.00   .4402673E-11
 82.0   23780.00   .4402855E-11
 82.0   23790.00   .4403038E-11
 82.0   23800.00   .4403226E-11
 82.0   23810.00   .4403412E-11
 82.0   23820.00   .4403595E-11
 82.0   23830.00   .4403784E-11
 82.0   23840.00   .4403971E-11
 82.0   23850.00   .4404156E-11
 82.0   23860.00   .4404352E-11
 82.0   23870.00   .4404541E-11
 82.0   23880.00   .4404734E-11
 82.0   23890.00   .4404926E-11
 82.0   23900.00   .4405119E-11
 82.0   23910.00   .4405317E-11
 82.0   23920.00   .4405510E-11
 82.0   23930.00   .4405706E-11
 82.0   23940.00   .4405906E-11
 82.0   23950.00   .4406104E-11
 82.0   23960.00   .4406304E-11
 82.0   23970.00   .4406504E-11
 82.0   23980.00   .4406703E-11
 82.0   23990.00   .4406908E-11
 82.0   24000.00   .4407111E-11
 82.0   24010.00   .4407314E-11
 82.0   24020.00   .4407521E-11
 82.0   24030.00   .4407725E-11
 82.0   24040.00   .4407935E-11
 82.0   24050.00   .4408139E-11
 82.0   24060.00   .4408349E-11
 82.0   24070.00   .4408557E-11
 82.0   24080.00   .4408766E-11
 82.0   24090.00   .4408977E-11
 82.0   24100.00   .4409188E-11
 82.0   24110.00   .4409403E-11
 82.0   24120.00   .4409613E-11
 82.0   24130.00   .4409828E-11
 82.0   24140.00   .4410046E-11
 82.0   24150.00   .4410259E-11
 82.0   24160.00   .4410475E-11
 82.0   24170.00   .4410691E-11
 82.0   24180.00   .4410908E-11
 82.0   24190.00   .4411127E-11
 82.0   24200.00   .4411349E-11
 82.0   24210.00   .4411568E-11
 82.0   24220.00   .4411786E-11
 82.0   24230.00   .4412008E-11
 82.0   24240.00   .4412234E-11
 82.0   24250.00   .4412454E-11
 82.0   24260.00   .4412677E-11
 82.0   24270.00   .4412899E-11
 82.0   24280.00   .4413128E-11
 82.0   24290.00   .4413351E-11
 82.0   24300.00   .4413576E-11
 82.0   24310.00   .4413805E-11
 82.0   24320.00   .4414034E-11
 82.0   24330.00   .4414261E-11
 82.0   24340.00   .4414488E-11
 82.0   24350.00   .4414719E-11
 82.0   24360.00   .4414950E-11
 82.0   24370.00   .4415175E-11
 82.0   24380.00   .4415411E-11
 82.0   24390.00   .4415644E-11
 82.0   24400.00   .4415879E-11
 82.0   24410.00   .4416109E-11
 82.0   24420.00   .4416344E-11
 82.0   24430.00   .4416578E-11
 82.0   24440.00   .4416810E-11
 82.0   24450.00   .4417047E-11
 82.0   24460.00   .4417280E-11
 82.0   24470.00   .4417518E-11
 82.0   24480.00   .4417752E-11
 82.0   24490.00   .4417992E-11
 82.0   24500.00   .4418230E-11
 82.0   24510.00   .4418467E-11
 82.0   24520.00   .4418708E-11
 82.0   24530.00   .4418947E-11
 82.0   24540.00   .4419185E-11
 82.0   24550.00   .4419425E-11
 82.0   24560.00   .4419670E-11
 82.0   24570.00   .4419911E-11
 82.0   24580.00   .4420149E-11
 82.0   24590.00   .4420392E-11
 82.0   24600.00   .4420637E-11
 82.0   24610.00   .4420882E-11
 82.0   24620.00   .4421125E-11
 82.0   24630.00   .4421368E-11
 82.0   24640.00   .4421612E-11
 82.0   24650.00   .4421859E-11
 82.0   24660.00   .4422102E-11
 82.0   24670.00   .4422350E-11
 82.0   24680.00   .4422594E-11
 82.0   24690.00   .4422840E-11
 82.0   24700.00   .4423088E-11
 82.0   24710.00   .4423333E-11
 82.0   24720.00   .4423579E-11
 82.0   24730.00   .4423828E-11
 82.0   24740.00   .4424076E-11
 82.0   24750.00   .4424326E-11
 82.0   24760.00   .4424575E-11
 82.0   24770.00   .4424824E-11
 82.0   24780.00   .4425073E-11
 82.0   24790.00   .4425323E-11
 82.0   24800.00   .4425576E-11
 82.0   24810.00   .4425822E-11
 82.0   24820.00   .4426074E-11
 82.0   24830.00   .4426328E-11
 82.0   24840.00   .4426577E-11
 82.0   24850.00   .4426827E-11
 82.0   24860.00   .4427082E-11
 82.0   24870.00   .4427331E-11
 82.0   24880.00   .4427585E-11
 82.0   24890.00   .4427835E-11
 82.0   24900.00   .4428088E-11
 82.0   24910.00   .4428344E-11
 82.0   24920.00   .4428596E-11
 82.0   24930.00   .4428849E-11
 82.0   24940.00   .4429105E-11
 82.0   24950.00   .4429356E-11
 82.0   24960.00   .4429611E-11
 82.0   24970.00   .4429870E-11
 82.0   24980.00   .4430122E-11
 82.0   24990.00   .4430377E-11
 82.0   25000.00   .4430630E-11
