 79.0    1000.00   .3311795E-15
 79.0    1010.00   .1276533E-14
 79.0    1020.00   .3438952E-14
 79.0    1030.00   .7600694E-14
 79.0    1040.00   .1477041E-13
 79.0    1050.00   .2618648E-13
 79.0    1060.00   .4330826E-13
 79.0    1070.00   .6779325E-13
 79.0    1080.00   .1014601E-12
 79.0    1090.00   .1462373E-12
 79.0    1100.00   .2040970E-12
 79.0    1110.00   .2769766E-12
 79.0    1120.00   .3666892E-12
 79.0    1130.00   .4748243E-12
 79.0    1140.00   .6026446E-12
 79.0    1150.00   .7509800E-12
 79.0    1160.00   .9201249E-12
 79.0    1170.00   .1109742E-11
 79.0    1180.00   .1318781E-11
 79.0    1190.00   .1545410E-11
 79.0    1200.00   .1786978E-11
 79.0    1210.00   .2039992E-11
 79.0    1220.00   .2300141E-11
 79.0    1230.00   .2562345E-11
 79.0    1240.00   .2820842E-11
 79.0    1250.00   .3069317E-11
 79.0    1260.00   .3301708E-11
 79.0    1270.00   .3514606E-11
 79.0    1280.00   .3705998E-11
 79.0    1290.00   .3874722E-11
 79.0    1300.00   .4020442E-11
 79.0    1310.00   .4143606E-11
 79.0    1320.00   .4245366E-11
 79.0    1330.00   .4327504E-11
 79.0    1340.00   .4392331E-11
 79.0    1350.00   .4442595E-11
 79.0    1360.00   .4481393E-11
 79.0    1370.00   .4512082E-11
 79.0    1380.00   .4538169E-11
 79.0    1390.00   .4561822E-11
 79.0    1400.00   .4583789E-11
 79.0    1410.00   .4604747E-11
 79.0    1420.00   .4625384E-11
 79.0    1430.00   .4646379E-11
 79.0    1440.00   .4668422E-11
 79.0    1450.00   .4692214E-11
 79.0    1460.00   .4718473E-11
 79.0    1470.00   .4747936E-11
 79.0    1480.00   .4781379E-11
 79.0    1490.00   .4819600E-11
 79.0    1500.00   .4863444E-11
 79.0    1510.00   .4913640E-11
 79.0    1520.00   .4970344E-11
 79.0    1530.00   .5033545E-11
 79.0    1540.00   .5103242E-11
 79.0    1550.00   .5179428E-11
 79.0    1560.00   .5262105E-11
 79.0    1570.00   .5351267E-11
 79.0    1580.00   .5446906E-11
 79.0    1590.00   .5549010E-11
 79.0    1600.00   .5657561E-11
 79.0    1610.00   .5772543E-11
 79.0    1620.00   .5893924E-11
 79.0    1630.00   .6021664E-11
 79.0    1640.00   .6155715E-11
 79.0    1650.00   .6296011E-11
 79.0    1660.00   .6442482E-11
 79.0    1670.00   .6595036E-11
 79.0    1680.00   .6753560E-11
 79.0    1690.00   .6917927E-11
 79.0    1700.00   .7087982E-11
 79.0    1710.00   .7263559E-11
 79.0    1720.00   .7444454E-11
 79.0    1730.00   .7630440E-11
 79.0    1740.00   .7821258E-11
 79.0    1750.00   .8016628E-11
 79.0    1760.00   .8216255E-11
 79.0    1770.00   .8419944E-11
 79.0    1780.00   .8627501E-11
 79.0    1790.00   .8838718E-11
 79.0    1800.00   .9053348E-11
 79.0    1810.00   .9271122E-11
 79.0    1820.00   .9491741E-11
 79.0    1830.00   .9714877E-11
 79.0    1840.00   .9940178E-11
 79.0    1850.00   .1016726E-10
 79.0    1860.00   .1039569E-10
 79.0    1870.00   .1062503E-10
 79.0    1880.00   .1085479E-10
 79.0    1890.00   .1108447E-10
 79.0    1900.00   .1131352E-10
 79.0    1910.00   .1154135E-10
 79.0    1920.00   .1176737E-10
 79.0    1930.00   .1199093E-10
 79.0    1940.00   .1221139E-10
 79.0    1950.00   .1242802E-10
 79.0    1960.00   .1264013E-10
 79.0    1970.00   .1284695E-10
 79.0    1980.00   .1304773E-10
 79.0    1990.00   .1324169E-10
 79.0    2000.00   .1342801E-10
 79.0    2010.00   .1360597E-10
 79.0    2020.00   .1377526E-10
 79.0    2030.00   .1393567E-10
 79.0    2040.00   .1408701E-10
 79.0    2050.00   .1422912E-10
 79.0    2060.00   .1436185E-10
 79.0    2070.00   .1448509E-10
 79.0    2080.00   .1459874E-10
 79.0    2090.00   .1470271E-10
 79.0    2100.00   .1479696E-10
 79.0    2110.00   .1488144E-10
 79.0    2120.00   .1495616E-10
 79.0    2130.00   .1502109E-10
 79.0    2140.00   .1507627E-10
 79.0    2150.00   .1512174E-10
 79.0    2160.00   .1515754E-10
 79.0    2170.00   .1518376E-10
 79.0    2180.00   .1520050E-10
 79.0    2190.00   .1520785E-10
 79.0    2200.00   .1520593E-10
 79.0    2210.00   .1519488E-10
 79.0    2220.00   .1517484E-10
 79.0    2230.00   .1514597E-10
 79.0    2240.00   .1510843E-10
 79.0    2250.00   .1506241E-10
 79.0    2260.00   .1500832E-10
 79.0    2270.00   .1494762E-10
 79.0    2280.00   .1488198E-10
 79.0    2290.00   .1481308E-10
 79.0    2300.00   .1474262E-10
 79.0    2310.00   .1467225E-10
 79.0    2320.00   .1460363E-10
 79.0    2330.00   .1453843E-10
 79.0    2340.00   .1447829E-10
 79.0    2350.00   .1442486E-10
 79.0    2360.00   .1437976E-10
 79.0    2370.00   .1434465E-10
 79.0    2380.00   .1432117E-10
 79.0    2390.00   .1431100E-10
 79.0    2400.00   .1431581E-10
 79.0    2410.00   .1433733E-10
 79.0    2420.00   .1437732E-10
 79.0    2430.00   .1443758E-10
 79.0    2440.00   .1451998E-10
 79.0    2450.00   .1462651E-10
 79.0    2460.00   .1475918E-10
 79.0    2470.00   .1492017E-10
 79.0    2480.00   .1511178E-10
 79.0    2490.00   .1533643E-10
 79.0    2500.00   .1559675E-10
 79.0    2510.00   .1301026E-10
 79.0    2520.00   .1439137E-10
 79.0    2530.00   .1570240E-10
 79.0    2540.00   .2018724E-10
 79.0    2550.00   .2367878E-10
 79.0    2560.00   .2485099E-10
 79.0    2570.00   .3040751E-10
 79.0    2580.00   .2650353E-10
 79.0    2590.00   .3190524E-10
 79.0    2600.00   .3358838E-10
 79.0    2610.00   .3041933E-10
 79.0    2620.00   .3187393E-10
 79.0    2630.00   .2731853E-10
 79.0    2640.00   .2132125E-10
 79.0    2650.00   .2024721E-10
 79.0    2660.00   .1749671E-10
 79.0    2670.00   .1657809E-10
 79.0    2680.00   .1709843E-10
 79.0    2690.00   .2711479E-10
 79.0    2700.00   .4660571E-10
 79.0    2710.00   .7290130E-10
 79.0    2720.00   .8967431E-10
 79.0    2730.00   .9095393E-10
 79.0    2740.00   .9085632E-10
 79.0    2750.00   .9560260E-10
 79.0    2760.00   .9491819E-10
 79.0    2770.00   .9581620E-10
 79.0    2780.00   .9245324E-10
 79.0    2790.00   .1093995E-09
 79.0    2800.00   .1090515E-09
 79.0    2810.00   .1073038E-09
 79.0    2820.00   .1082392E-09
 79.0    2830.00   .1013683E-09
 79.0    2840.00   .9294760E-10
 79.0    2850.00   .9781302E-10
 79.0    2860.00   .9613405E-10
 79.0    2870.00   .9773832E-10
 79.0    2880.00   .9540261E-10
 79.0    2890.00   .1008534E-09
 79.0    2900.00   .1154856E-09
 79.0    2910.00   .1238630E-09
 79.0    2920.00   .1380717E-09
 79.0    2930.00   .1440187E-09
 79.0    2940.00   .1499203E-09
 79.0    2950.00   .1564911E-09
 79.0    2960.00   .1500709E-09
 79.0    2970.00   .1462437E-09
 79.0    2980.00   .1448567E-09
 79.0    2990.00   .1412676E-09
 79.0    3000.00   .1293658E-09
 79.0    3010.00   .1242446E-09
 79.0    3020.00   .1132415E-09
 79.0    3030.00   .1162255E-09
 79.0    3040.00   .1209103E-09
 79.0    3050.00   .1193796E-09
 79.0    3060.00   .1207781E-09
 79.0    3070.00   .1150195E-09
 79.0    3080.00   .1245473E-09
 79.0    3090.00   .1237016E-09
 79.0    3100.00   .1060504E-09
 79.0    3110.00   .1084082E-09
 79.0    3120.00   .1226231E-09
 79.0    3130.00   .1193423E-09
 79.0    3140.00   .1243596E-09
 79.0    3150.00   .1220594E-09
 79.0    3160.00   .1274333E-09
 79.0    3170.00   .1285210E-09
 79.0    3180.00   .1468135E-09
 79.0    3190.00   .1523158E-09
 79.0    3200.00   .1662507E-09
 79.0    3210.00   .1563043E-09
 79.0    3220.00   .1534956E-09
 79.0    3230.00   .1371490E-09
 79.0    3240.00   .1326374E-09
 79.0    3250.00   .1266846E-09
 79.0    3260.00   .1186780E-09
 79.0    3270.00   .1147090E-09
 79.0    3280.00   .1084120E-09
 79.0    3290.00   .1037974E-09
 79.0    3300.00   .1090860E-09
 79.0    3310.00   .1063921E-09
 79.0    3320.00   .1163530E-09
 79.0    3330.00   .1161053E-09
 79.0    3340.00   .1177118E-09
 79.0    3350.00   .1145116E-09
 79.0    3360.00   .1148252E-09
 79.0    3370.00   .1192309E-09
 79.0    3380.00   .1170642E-09
 79.0    3390.00   .1191555E-09
 79.0    3400.00   .1243204E-09
 79.0    3410.00   .1248378E-09
 79.0    3420.00   .1425948E-09
 79.0    3430.00   .1519039E-09
 79.0    3440.00   .1496665E-09
 79.0    3450.00   .1521823E-09
 79.0    3460.00   .1410843E-09
 79.0    3470.00   .1453007E-09
 79.0    3480.00   .1447300E-09
 79.0    3490.00   .1439030E-09
 79.0    3500.00   .1351643E-09
 79.0    3510.00   .1441412E-09
 79.0    3520.00   .1515393E-09
 79.0    3530.00   .1649035E-09
 79.0    3540.00   .1772570E-09
 79.0    3550.00   .1903450E-09
 79.0    3560.00   .1915248E-09
 79.0    3570.00   .1898051E-09
 79.0    3580.00   .1973623E-09
 79.0    3590.00   .1937134E-09
 79.0    3600.00   .2034835E-09
 79.0    3610.00   .2027204E-09
 79.0    3620.00   .2071815E-09
 79.0    3630.00   .1997871E-09
 79.0    3640.00   .1848382E-09
 79.0    3650.00   .1883449E-09
 79.0    3660.00   .1950277E-09
 79.0    3670.00   .2182391E-09
 79.0    3680.00   .2387836E-09
 79.0    3690.00   .2660630E-09
 79.0    3700.00   .3040386E-09
 79.0    3710.00   .3287113E-09
 79.0    3720.00   .3413481E-09
 79.0    3730.00   .3506394E-09
 79.0    3740.00   .3362047E-09
 79.0    3750.00   .3132486E-09
 79.0    3760.00   .2898544E-09
 79.0    3770.00   .2594799E-09
 79.0    3780.00   .2196740E-09
 79.0    3790.00   .1767268E-09
 79.0    3800.00   .1496892E-09
 79.0    3810.00   .1264193E-09
 79.0    3820.00   .1146332E-09
 79.0    3830.00   .1002675E-09
 79.0    3840.00   .1065800E-09
 79.0    3850.00   .1130658E-09
 79.0    3860.00   .1336337E-09
 79.0    3870.00   .1594799E-09
 79.0    3880.00   .2001011E-09
 79.0    3890.00   .2313118E-09
 79.0    3900.00   .2629706E-09
 79.0    3910.00   .2847318E-09
 79.0    3920.00   .3243291E-09
 79.0    3930.00   .3410720E-09
 79.0    3940.00   .3782206E-09
 79.0    3950.00   .3989610E-09
 79.0    3960.00   .4242176E-09
 79.0    3970.00   .4469377E-09
 79.0    3980.00   .4704387E-09
 79.0    3990.00   .4887517E-09
 79.0    4000.00   .4733204E-09
 79.0    4010.00   .4631632E-09
 79.0    4020.00   .4247615E-09
 79.0    4030.00   .4151998E-09
 79.0    4040.00   .3651741E-09
 79.0    4050.00   .3516443E-09
 79.0    4060.00   .3236804E-09
 79.0    4070.00   .3129415E-09
 79.0    4080.00   .2966565E-09
 79.0    4090.00   .2941027E-09
 79.0    4100.00   .2820195E-09
 79.0    4110.00   .2678399E-09
 79.0    4120.00   .2528402E-09
 79.0    4130.00   .2470796E-09
 79.0    4140.00   .2348478E-09
 79.0    4150.00   .2369367E-09
 79.0    4160.00   .2328751E-09
 79.0    4170.00   .2300967E-09
 79.0    4180.00   .2345509E-09
 79.0    4190.00   .2401832E-09
 79.0    4200.00   .2430360E-09
 79.0    4210.00   .2452507E-09
 79.0    4220.00   .2579301E-09
 79.0    4230.00   .2467909E-09
 79.0    4240.00   .2531853E-09
 79.0    4250.00   .2582033E-09
 79.0    4260.00   .2635047E-09
 79.0    4270.00   .2498789E-09
 79.0    4280.00   .2597774E-09
 79.0    4290.00   .2610854E-09
 79.0    4300.00   .2594255E-09
 79.0    4310.00   .2786741E-09
 79.0    4320.00   .2717828E-09
 79.0    4330.00   .2876247E-09
 79.0    4340.00   .2796107E-09
 79.0    4350.00   .2792414E-09
 79.0    4360.00   .2865074E-09
 79.0    4370.00   .2635274E-09
 79.0    4380.00   .2353909E-09
 79.0    4390.00   .2147141E-09
 79.0    4400.00   .2055743E-09
 79.0    4410.00   .1819574E-09
 79.0    4420.00   .1688010E-09
 79.0    4430.00   .1536065E-09
 79.0    4440.00   .1474185E-09
 79.0    4450.00   .1441064E-09
 79.0    4460.00   .1434973E-09
 79.0    4470.00   .1482601E-09
 79.0    4480.00   .1512436E-09
 79.0    4490.00   .1584642E-09
 79.0    4500.00   .1668070E-09
 79.0    4510.00   .1779919E-09
 79.0    4520.00   .1846118E-09
 79.0    4530.00   .2072614E-09
 79.0    4540.00   .2226748E-09
 79.0    4550.00   .2416451E-09
 79.0    4560.00   .2662814E-09
 79.0    4570.00   .2769869E-09
 79.0    4580.00   .3130022E-09
 79.0    4590.00   .3371966E-09
 79.0    4600.00   .3812820E-09
 79.0    4610.00   .3943929E-09
 79.0    4620.00   .4127477E-09
 79.0    4630.00   .4178060E-09
 79.0    4640.00   .4421916E-09
 79.0    4650.00   .4544794E-09
 79.0    4660.00   .4512163E-09
 79.0    4670.00   .4456332E-09
 79.0    4680.00   .4133991E-09
 79.0    4690.00   .3905236E-09
 79.0    4700.00   .3302599E-09
 79.0    4710.00   .3168338E-09
 79.0    4720.00   .2721228E-09
 79.0    4730.00   .2455601E-09
 79.0    4740.00   .2145624E-09
 79.0    4750.00   .2004414E-09
 79.0    4760.00   .1843799E-09
 79.0    4770.00   .1691716E-09
 79.0    4780.00   .1619948E-09
 79.0    4790.00   .1731454E-09
 79.0    4800.00   .1800218E-09
 79.0    4810.00   .1873604E-09
 79.0    4820.00   .1950154E-09
 79.0    4830.00   .2026073E-09
 79.0    4840.00   .2113344E-09
 79.0    4850.00   .2118288E-09
 79.0    4860.00   .2112627E-09
 79.0    4870.00   .2091153E-09
 79.0    4880.00   .2068172E-09
 79.0    4890.00   .2089099E-09
 79.0    4900.00   .2151993E-09
 79.0    4910.00   .2257743E-09
 79.0    4920.00   .2409530E-09
 79.0    4930.00   .2596688E-09
 79.0    4940.00   .2968138E-09
 79.0    4950.00   .3133222E-09
 79.0    4960.00   .3247677E-09
 79.0    4970.00   .3299883E-09
 79.0    4980.00   .3213434E-09
 79.0    4990.00   .3090571E-09
 79.0    5000.00   .2917211E-09
 79.0    5010.00   .2714775E-09
 79.0    5020.00   .2514757E-09
 79.0    5030.00   .2175927E-09
 79.0    5040.00   .2057209E-09
 79.0    5050.00   .1974936E-09
 79.0    5060.00   .1923034E-09
 79.0    5070.00   .1893882E-09
 79.0    5080.00   .1877420E-09
 79.0    5090.00   .1880399E-09
 79.0    5100.00   .1882824E-09
 79.0    5110.00   .1888254E-09
 79.0    5120.00   .1911102E-09
 79.0    5130.00   .1863194E-09
 79.0    5140.00   .1837157E-09
 79.0    5150.00   .1828909E-09
 79.0    5160.00   .1840059E-09
 79.0    5170.00   .1894593E-09
 79.0    5180.00   .2034140E-09
 79.0    5190.00   .2163878E-09
 79.0    5200.00   .2283628E-09
 79.0    5210.00   .2195463E-09
 79.0    5220.00   .2332524E-09
 79.0    5230.00   .2729488E-09
 79.0    5240.00   .2683559E-09
 79.0    5250.00   .2834648E-09
 79.0    5260.00   .2752200E-09
 79.0    5270.00   .2893174E-09
 79.0    5280.00   .3424499E-09
 79.0    5290.00   .3481062E-09
 79.0    5300.00   .3180019E-09
 79.0    5310.00   .3782148E-09
 79.0    5320.00   .3769762E-09
 79.0    5330.00   .3634633E-09
 79.0    5340.00   .3537243E-09
 79.0    5350.00   .3527042E-09
 79.0    5360.00   .3274275E-09
 79.0    5370.00   .3308466E-09
 79.0    5380.00   .3244722E-09
 79.0    5390.00   .2952062E-09
 79.0    5400.00   .3515514E-09
 79.0    5410.00   .3423761E-09
 79.0    5420.00   .3124344E-09
 79.0    5430.00   .2982262E-09
 79.0    5440.00   .3547953E-09
 79.0    5450.00   .3791651E-09
 79.0    5460.00   .3804479E-09
 79.0    5470.00   .4508911E-09
 79.0    5480.00   .4374776E-09
 79.0    5490.00   .4526902E-09
 79.0    5500.00   .4945769E-09
 79.0    5510.00   .5107289E-09
 79.0    5520.00   .5092662E-09
 79.0    5530.00   .4421617E-09
 79.0    5540.00   .4638115E-09
 79.0    5550.00   .4617149E-09
 79.0    5560.00   .4445715E-09
 79.0    5570.00   .4431327E-09
 79.0    5580.00   .3888024E-09
 79.0    5590.00   .3726691E-09
 79.0    5600.00   .3513209E-09
 79.0    5610.00   .3098569E-09
 79.0    5620.00   .2828487E-09
 79.0    5630.00   .2698411E-09
 79.0    5640.00   .2511725E-09
 79.0    5650.00   .2182421E-09
 79.0    5660.00   .1977480E-09
 79.0    5670.00   .1570045E-09
 79.0    5680.00   .1478223E-09
 79.0    5690.00   .1359753E-09
 79.0    5700.00   .1474029E-09
 79.0    5710.00   .1400114E-09
 79.0    5720.00   .1434441E-09
 79.0    5730.00   .1518954E-09
 79.0    5740.00   .1479346E-09
 79.0    5750.00   .1572244E-09
 79.0    5760.00   .1494720E-09
 79.0    5770.00   .1776954E-09
 79.0    5780.00   .2141509E-09
 79.0    5790.00   .2207708E-09
 79.0    5800.00   .2566644E-09
 79.0    5810.00   .2768697E-09
 79.0    5820.00   .3047471E-09
 79.0    5830.00   .3100968E-09
 79.0    5840.00   .3292672E-09
 79.0    5850.00   .3200009E-09
 79.0    5860.00   .3566295E-09
 79.0    5870.00   .3544626E-09
 79.0    5880.00   .3122119E-09
 79.0    5890.00   .2002551E-09
 79.0    5900.00   .2949515E-09
 79.0    5910.00   .3171006E-09
 79.0    5920.00   .3309345E-09
 79.0    5930.00   .2692796E-09
 79.0    5940.00   .2616688E-09
 79.0    5950.00   .2517230E-09
 79.0    5960.00   .2433909E-09
 79.0    5970.00   .2222714E-09
 79.0    5980.00   .2270047E-09
 79.0    5990.00   .2274365E-09
 79.0    6000.00   .1923936E-09
 79.0    6010.00   .2072416E-09
 79.0    6020.00   .2065292E-09
 79.0    6030.00   .2087869E-09
 79.0    6040.00   .2059598E-09
 79.0    6050.00   .2242233E-09
 79.0    6060.00   .2446464E-09
 79.0    6070.00   .2337587E-09
 79.0    6080.00   .2471645E-09
 79.0    6090.00   .2332452E-09
 79.0    6100.00   .2359688E-09
 79.0    6110.00   .2323751E-09
 79.0    6120.00   .2206932E-09
 79.0    6130.00   .2130868E-09
 79.0    6140.00   .2428374E-09
 79.0    6150.00   .2311376E-09
 79.0    6160.00   .2180231E-09
 79.0    6170.00   .1914359E-09
 79.0    6180.00   .2072336E-09
 79.0    6190.00   .2246301E-09
 79.0    6200.00   .2139066E-09
 79.0    6210.00   .2000272E-09
 79.0    6220.00   .2244430E-09
 79.0    6230.00   .2206454E-09
 79.0    6240.00   .2080350E-09
 79.0    6250.00   .2303297E-09
 79.0    6260.00   .2133268E-09
 79.0    6270.00   .1959323E-09
 79.0    6280.00   .1916191E-09
 79.0    6290.00   .1808168E-09
 79.0    6300.00   .1751926E-09
 79.0    6310.00   .1702739E-09
 79.0    6320.00   .1689463E-09
 79.0    6330.00   .1709950E-09
 79.0    6340.00   .1762742E-09
 79.0    6350.00   .1824503E-09
 79.0    6360.00   .1886102E-09
 79.0    6370.00   .1960869E-09
 79.0    6380.00   .2033741E-09
 79.0    6390.00   .2163157E-09
 79.0    6400.00   .2325498E-09
 79.0    6410.00   .2519638E-09
 79.0    6420.00   .2725781E-09
 79.0    6430.00   .2875186E-09
 79.0    6440.00   .3074728E-09
 79.0    6450.00   .3264606E-09
 79.0    6460.00   .3438694E-09
 79.0    6470.00   .3586508E-09
 79.0    6480.00   .3695063E-09
 79.0    6490.00   .3838108E-09
 79.0    6500.00   .3973325E-09
 79.0    6510.00   .4081013E-09
 79.0    6520.00   .4153283E-09
 79.0    6530.00   .4218407E-09
 79.0    6540.00   .4282767E-09
 79.0    6550.00   .4337106E-09
 79.0    6560.00   .4366619E-09
 79.0    6570.00   .4375642E-09
 79.0    6580.00   .4386903E-09
 79.0    6590.00   .4366305E-09
 79.0    6600.00   .4325805E-09
 79.0    6610.00   .4244941E-09
 79.0    6620.00   .4141111E-09
 79.0    6630.00   .4072848E-09
 79.0    6640.00   .3941852E-09
 79.0    6650.00   .3795682E-09
 79.0    6660.00   .3638149E-09
 79.0    6670.00   .3472030E-09
 79.0    6680.00   .3374917E-09
 79.0    6690.00   .3221611E-09
 79.0    6700.00   .3067029E-09
 79.0    6710.00   .2920514E-09
 79.0    6720.00   .2778215E-09
 79.0    6730.00   .2696287E-09
 79.0    6740.00   .2562980E-09
 79.0    6750.00   .2438774E-09
 79.0    6760.00   .2350077E-09
 79.0    6770.00   .2294832E-09
 79.0    6780.00   .2206059E-09
 79.0    6790.00   .2139212E-09
 79.0    6800.00   .2088215E-09
 79.0    6810.00   .2043049E-09
 79.0    6820.00   .2028222E-09
 79.0    6830.00   .2006531E-09
 79.0    6840.00   .2044079E-09
 79.0    6850.00   .1992683E-09
 79.0    6860.00   .1819524E-09
 79.0    6870.00   .1736485E-09
 79.0    6880.00   .1707215E-09
 79.0    6890.00   .1810181E-09
 79.0    6900.00   .1888637E-09
 79.0    6910.00   .1956344E-09
 79.0    6920.00   .2027113E-09
 79.0    6930.00   .2078761E-09
 79.0    6940.00   .2102902E-09
 79.0    6950.00   .2128128E-09
 79.0    6960.00   .2178183E-09
 79.0    6970.00   .2208903E-09
 79.0    6980.00   .2213825E-09
 79.0    6990.00   .2216262E-09
 79.0    7000.00   .2319049E-09
 79.0    7010.00   .2448224E-09
 79.0    7020.00   .2423058E-09
 79.0    7030.00   .2435510E-09
 79.0    7040.00   .2385853E-09
 79.0    7050.00   .2355521E-09
 79.0    7060.00   .2399806E-09
 79.0    7070.00   .2320219E-09
 79.0    7080.00   .2311620E-09
 79.0    7090.00   .2390349E-09
 79.0    7100.00   .2413518E-09
 79.0    7110.00   .2378635E-09
 79.0    7120.00   .2438364E-09
 79.0    7130.00   .2440724E-09
 79.0    7140.00   .2441064E-09
 79.0    7150.00   .2515294E-09
 79.0    7160.00   .2500323E-09
 79.0    7170.00   .2538591E-09
 79.0    7180.00   .2727193E-09
 79.0    7190.00   .2826799E-09
 79.0    7200.00   .2942316E-09
 79.0    7210.00   .2899932E-09
 79.0    7220.00   .2887199E-09
 79.0    7230.00   .2952680E-09
 79.0    7240.00   .3113445E-09
 79.0    7250.00   .3234695E-09
 79.0    7260.00   .3560170E-09
 79.0    7270.00   .3498451E-09
 79.0    7280.00   .3352294E-09
 79.0    7290.00   .3272116E-09
 79.0    7300.00   .3315820E-09
 79.0    7310.00   .3343996E-09
 79.0    7320.00   .3297145E-09
 79.0    7330.00   .3193806E-09
 79.0    7340.00   .3143045E-09
 79.0    7350.00   .3091918E-09
 79.0    7360.00   .3045496E-09
 79.0    7370.00   .3036730E-09
 79.0    7380.00   .3010590E-09
 79.0    7390.00   .2999482E-09
 79.0    7400.00   .3002235E-09
 79.0    7410.00   .3007754E-09
 79.0    7420.00   .3072023E-09
 79.0    7430.00   .3072964E-09
 79.0    7440.00   .3075532E-09
 79.0    7450.00   .3073193E-09
 79.0    7460.00   .3067826E-09
 79.0    7470.00   .3060312E-09
 79.0    7480.00   .2991770E-09
 79.0    7490.00   .2904919E-09
 79.0    7500.00   .2799311E-09
 79.0    7510.00   .2677107E-09
 79.0    7520.00   .2483524E-09
 79.0    7530.00   .2321952E-09
 79.0    7540.00   .2179193E-09
 79.0    7550.00   .2157546E-09
 79.0    7560.00   .1975534E-09
 79.0    7570.00   .1672413E-09
 79.0    7580.00   .1633101E-09
 79.0    7590.00   .1577228E-09
 79.0    7600.00   .1518378E-09
 79.0    7610.00   .1116242E-09
 79.0    7620.00   .4152685E-10
 79.0    7630.00   .8138697E-10
 79.0    7640.00   .1013431E-09
 79.0    7650.00   .8274712E-10
 79.0    7660.00   .1046344E-09
 79.0    7670.00   .1264657E-09
 79.0    7680.00   .1559007E-09
 79.0    7690.00   .1661209E-09
 79.0    7700.00   .1741191E-09
 79.0    7710.00   .1840094E-09
 79.0    7720.00   .1843349E-09
 79.0    7730.00   .1791912E-09
 79.0    7740.00   .1902171E-09
 79.0    7750.00   .1856101E-09
 79.0    7760.00   .1781098E-09
 79.0    7770.00   .1828997E-09
 79.0    7780.00   .1808310E-09
 79.0    7790.00   .1799372E-09
 79.0    7800.00   .1687320E-09
 79.0    7810.00   .1673190E-09
 79.0    7820.00   .1670343E-09
 79.0    7830.00   .1532052E-09
 79.0    7840.00   .1518261E-09
 79.0    7850.00   .1506868E-09
 79.0    7860.00   .1438530E-09
 79.0    7870.00   .1326906E-09
 79.0    7880.00   .1295672E-09
 79.0    7890.00   .1222706E-09
 79.0    7900.00   .1135059E-09
 79.0    7910.00   .1089427E-09
 79.0    7920.00   .1073649E-09
 79.0    7930.00   .9858534E-10
 79.0    7940.00   .9040652E-10
 79.0    7950.00   .8509467E-10
 79.0    7960.00   .8400016E-10
 79.0    7970.00   .8118451E-10
 79.0    7980.00   .7335375E-10
 79.0    7990.00   .6956552E-10
 79.0    8000.00   .6620925E-10
 79.0    8010.00   .6739140E-10
 79.0    8020.00   .6201251E-10
 79.0    8030.00   .5980540E-10
 79.0    8040.00   .5800753E-10
 79.0    8050.00   .5811378E-10
 79.0    8060.00   .5746112E-10
 79.0    8070.00   .5871634E-10
 79.0    8080.00   .5673922E-10
 79.0    8090.00   .5164935E-10
 79.0    8100.00   .5517714E-10
 79.0    8110.00   .5307135E-10
 79.0    8120.00   .5422359E-10
 79.0    8130.00   .5185606E-10
 79.0    8140.00   .5555566E-10
 79.0    8150.00   .5129686E-10
 79.0    8160.00   .5022546E-10
 79.0    8170.00   .5389554E-10
 79.0    8180.00   .4842614E-10
 79.0    8190.00   .4657218E-10
 79.0    8200.00   .4455376E-10
 79.0    8210.00   .3924945E-10
 79.0    8220.00   .3616896E-10
 79.0    8230.00   .3140875E-10
 79.0    8240.00   .2668865E-10
 79.0    8250.00   .1901566E-10
 79.0    8260.00   .1816392E-10
 79.0    8270.00   .1572045E-10
 79.0    8280.00   .1551367E-10
 79.0    8290.00   .1595411E-10
 79.0    8300.00   .1170467E-10
 79.0    8310.00   .1213628E-10
 79.0    8320.00   .1457587E-10
 79.0    8330.00   .1384747E-10
 79.0    8340.00   .1428274E-10
 79.0    8350.00   .1759441E-10
 79.0    8360.00   .1504780E-10
 79.0    8370.00   .1737180E-10
 79.0    8380.00   .2079669E-10
 79.0    8390.00   .2029663E-10
 79.0    8400.00   .1989944E-10
 79.0    8410.00   .2073672E-10
 79.0    8420.00   .2138515E-10
 79.0    8430.00   .2545669E-10
 79.0    8440.00   .2862656E-10
 79.0    8450.00   .3119745E-10
 79.0    8460.00   .3297105E-10
 79.0    8470.00   .3582773E-10
 79.0    8480.00   .4284213E-10
 79.0    8490.00   .5021639E-10
 79.0    8500.00   .5741657E-10
 79.0    8510.00   .6306661E-10
 79.0    8520.00   .6874468E-10
 79.0    8530.00   .7589633E-10
 79.0    8540.00   .8476287E-10
 79.0    8550.00   .9936798E-10
 79.0    8560.00   .1094611E-09
 79.0    8570.00   .1085950E-09
 79.0    8580.00   .1063651E-09
 79.0    8590.00   .1054525E-09
 79.0    8600.00   .1070700E-09
 79.0    8610.00   .1077856E-09
 79.0    8620.00   .1176140E-09
 79.0    8630.00   .1202156E-09
 79.0    8640.00   .1162633E-09
 79.0    8650.00   .1116322E-09
 79.0    8660.00   .1066976E-09
 79.0    8670.00   .1030911E-09
 79.0    8680.00   .1140584E-09
 79.0    8690.00   .1255168E-09
 79.0    8700.00   .1224536E-09
 79.0    8710.00   .1159024E-09
 79.0    8720.00   .1139554E-09
 79.0    8730.00   .1157400E-09
 79.0    8740.00   .1220766E-09
 79.0    8750.00   .1399492E-09
 79.0    8760.00   .1438440E-09
 79.0    8770.00   .1315005E-09
 79.0    8780.00   .1242779E-09
 79.0    8790.00   .1369850E-09
 79.0    8800.00   .1493036E-09
 79.0    8810.00   .1493551E-09
 79.0    8820.00   .1466440E-09
 79.0    8830.00   .1388101E-09
 79.0    8840.00   .1258166E-09
 79.0    8850.00   .1255778E-09
 79.0    8860.00   .1310093E-09
 79.0    8870.00   .1428569E-09
 79.0    8880.00   .1410046E-09
 79.0    8890.00   .1269628E-09
 79.0    8900.00   .1157487E-09
 79.0    8910.00   .1142880E-09
 79.0    8920.00   .1189558E-09
 79.0    8930.00   .1216390E-09
 79.0    8940.00   .1171364E-09
 79.0    8950.00   .1177994E-09
 79.0    8960.00   .1134159E-09
 79.0    8970.00   .1080794E-09
 79.0    8980.00   .1034852E-09
 79.0    8990.00   .1027365E-09
 79.0    9000.00   .1079634E-09
 79.0    9010.00   .9809553E-10
 79.0    9020.00   .9491503E-10
 79.0    9030.00   .9768583E-10
 79.0    9040.00   .9449453E-10
 79.0    9050.00   .9153678E-10
 79.0    9060.00   .9507724E-10
 79.0    9070.00   .9539036E-10
 79.0    9080.00   .9079112E-10
 79.0    9090.00   .8908851E-10
 79.0    9100.00   .8929037E-10
 79.0    9110.00   .9015909E-10
 79.0    9120.00   .9489450E-10
 79.0    9130.00   .9703299E-10
 79.0    9140.00   .9525040E-10
 79.0    9150.00   .8929092E-10
 79.0    9160.00   .8675413E-10
 79.0    9170.00   .8746667E-10
 79.0    9180.00   .8453268E-10
 79.0    9190.00   .8610267E-10
 79.0    9200.00   .8513489E-10
 79.0    9210.00   .8608874E-10
 79.0    9220.00   .8947221E-10
 79.0    9230.00   .9087652E-10
 79.0    9240.00   .9821076E-10
 79.0    9250.00   .1017809E-09
 79.0    9260.00   .8939813E-10
 79.0    9270.00   .8540454E-10
 79.0    9280.00   .8162401E-10
 79.0    9290.00   .7964385E-10
 79.0    9300.00   .8391588E-10
 79.0    9310.00   .8568331E-10
 79.0    9320.00   .8443511E-10
 79.0    9330.00   .7725868E-10
 79.0    9340.00   .6434369E-10
 79.0    9350.00   .6613424E-10
 79.0    9360.00   .6858954E-10
 79.0    9370.00   .7147233E-10
 79.0    9380.00   .6906356E-10
 79.0    9390.00   .9992574E-10
 79.0    9400.00   .8946753E-10
 79.0    9410.00   .5932351E-10
 79.0    9420.00   .6605876E-10
 79.0    9430.00   .6426440E-10
 79.0    9440.00   .6480829E-10
 79.0    9450.00   .7098254E-10
 79.0    9460.00   .7433329E-10
 79.0    9470.00   .8224668E-10
 79.0    9480.00   .8055937E-10
 79.0    9490.00   .8084714E-10
 79.0    9500.00   .8053773E-10
 79.0    9510.00   .8218579E-10
 79.0    9520.00   .7333604E-10
 79.0    9530.00   .8547212E-10
 79.0    9540.00   .1085668E-09
 79.0    9550.00   .9893067E-10
 79.0    9560.00   .9397626E-10
 79.0    9570.00   .9505396E-10
 79.0    9580.00   .8464036E-10
 79.0    9590.00   .8319852E-10
 79.0    9600.00   .9125806E-10
 79.0    9610.00   .8910537E-10
 79.0    9620.00   .8700557E-10
 79.0    9630.00   .7945442E-10
 79.0    9640.00   .7194560E-10
 79.0    9650.00   .7406132E-10
 79.0    9660.00   .7291904E-10
 79.0    9670.00   .7305810E-10
 79.0    9680.00   .6738669E-10
 79.0    9690.00   .6053266E-10
 79.0    9700.00   .6667798E-10
 79.0    9710.00   .6887293E-10
 79.0    9720.00   .7002824E-10
 79.0    9730.00   .6564918E-10
 79.0    9740.00   .6389629E-10
 79.0    9750.00   .6880934E-10
 79.0    9760.00   .6211532E-10
 79.0    9770.00   .6702154E-10
 79.0    9780.00   .7247370E-10
 79.0    9790.00   .6687121E-10
 79.0    9800.00   .7633721E-10
 79.0    9810.00   .7807586E-10
 79.0    9820.00   .7002121E-10
 79.0    9830.00   .7316617E-10
 79.0    9840.00   .7851249E-10
 79.0    9850.00   .8746288E-10
 79.0    9860.00   .8990800E-10
 79.0    9870.00   .9040201E-10
 79.0    9880.00   .1074236E-09
 79.0    9890.00   .1062474E-09
 79.0    9900.00   .9692820E-10
 79.0    9910.00   .9556615E-10
 79.0    9920.00   .1029734E-09
 79.0    9930.00   .1067012E-09
 79.0    9940.00   .1069131E-09
 79.0    9950.00   .1033716E-09
 79.0    9960.00   .1067122E-09
 79.0    9970.00   .1238414E-09
 79.0    9980.00   .1098534E-09
 79.0    9990.00   .1079397E-09
 79.0   10000.00   .1122713E-09
 79.0   10010.00   .1115765E-09
 79.0   10020.00   .1108801E-09
 79.0   10030.00   .1101820E-09
 79.0   10040.00   .1094823E-09
 79.0   10050.00   .1087809E-09
 79.0   10060.00   .1080778E-09
 79.0   10070.00   .1073734E-09
 79.0   10080.00   .1066671E-09
 79.0   10090.00   .1059593E-09
 79.0   10100.00   .1052500E-09
 79.0   10110.00   .1045390E-09
 79.0   10120.00   .1038266E-09
 79.0   10130.00   .1031124E-09
 79.0   10140.00   .1023966E-09
 79.0   10150.00   .1016793E-09
 79.0   10160.00   .1009606E-09
 79.0   10170.00   .1002402E-09
 79.0   10180.00   .9951821E-10
 79.0   10190.00   .9879462E-10
 79.0   10200.00   .9806954E-10
 79.0   10210.00   .9734299E-10
 79.0   10220.00   .9661489E-10
 79.0   10230.00   .9588506E-10
 79.0   10240.00   .9515397E-10
 79.0   10250.00   .9442130E-10
 79.0   10260.00   .9368706E-10
 79.0   10270.00   .9295131E-10
 79.0   10280.00   .9221392E-10
 79.0   10290.00   .9147535E-10
 79.0   10300.00   .9073496E-10
 79.0   10310.00   .8999334E-10
 79.0   10320.00   .8924992E-10
 79.0   10330.00   .8850532E-10
 79.0   10340.00   .8775915E-10
 79.0   10350.00   .8701157E-10
 79.0   10360.00   .8626244E-10
 79.0   10370.00   .8551182E-10
 79.0   10380.00   .8475973E-10
 79.0   10390.00   .8400631E-10
 79.0   10400.00   .8325134E-10
 79.0   10410.00   .8249498E-10
 79.0   10420.00   .8173714E-10
 79.0   10430.00   .8097799E-10
 79.0   10440.00   .8021737E-10
 79.0   10450.00   .7945529E-10
 79.0   10460.00   .7869182E-10
 79.0   10470.00   .7792706E-10
 79.0   10480.00   .7716077E-10
 79.0   10490.00   .7639311E-10
 79.0   10500.00   .7562416E-10
 79.0   10510.00   .7485385E-10
 79.0   10520.00   .7408218E-10
 79.0   10530.00   .7330911E-10
 79.0   10540.00   .7253472E-10
 79.0   10550.00   .7175898E-10
 79.0   10560.00   .7098196E-10
 79.0   10570.00   .7020356E-10
 79.0   10580.00   .6942389E-10
 79.0   10590.00   .6864288E-10
 79.0   10600.00   .6786064E-10
 79.0   10610.00   .6707710E-10
 79.0   10620.00   .6629224E-10
 79.0   10630.00   .6550608E-10
 79.0   10640.00   .6471874E-10
 79.0   10650.00   .6393005E-10
 79.0   10660.00   .6314016E-10
 79.0   10670.00   .6234898E-10
 79.0   10680.00   .6155654E-10
 79.0   10690.00   .6076286E-10
 79.0   10700.00   .5996804E-10
 79.0   10710.00   .5917196E-10
 79.0   10720.00   .5837468E-10
 79.0   10730.00   .5757607E-10
 79.0   10740.00   .5677643E-10
 79.0   10750.00   .5597550E-10
 79.0   10760.00   .5517342E-10
 79.0   10770.00   .5437013E-10
 79.0   10780.00   .5356567E-10
 79.0   10790.00   .5276005E-10
 79.0   10800.00   .5195328E-10
 79.0   10810.00   .5114526E-10
 79.0   10820.00   .5033620E-10
 79.0   10830.00   .4952589E-10
 79.0   10840.00   .4871452E-10
 79.0   10850.00   .4790201E-10
 79.0   10860.00   .4708832E-10
 79.0   10870.00   .4627354E-10
 79.0   10880.00   .4545764E-10
 79.0   10890.00   .4464064E-10
 79.0   10900.00   .4382251E-10
 79.0   10910.00   .4300329E-10
 79.0   10920.00   .4218297E-10
 79.0   10930.00   .4136162E-10
 79.0   10940.00   .4053913E-10
 79.0   10950.00   .3971557E-10
 79.0   10960.00   .3889090E-10
 79.0   10970.00   .3806524E-10
 79.0   10980.00   .3723849E-10
 79.0   10990.00   .3641065E-10
 79.0   11000.00   .3558179E-10
 79.0   11010.00   .3475186E-10
 79.0   11020.00   .3392092E-10
 79.0   11030.00   .3308889E-10
 79.0   11040.00   .3225588E-10
 79.0   11050.00   .3142183E-10
 79.0   11060.00   .3058675E-10
 79.0   11070.00   .2975067E-10
 79.0   11080.00   .2891356E-10
 79.0   11090.00   .2807545E-10
 79.0   11100.00   .2723635E-10
 79.0   11110.00   .2639623E-10
 79.0   11120.00   .2555512E-10
 79.0   11130.00   .2471302E-10
 79.0   11140.00   .2386993E-10
 79.0   11150.00   .2302586E-10
 79.0   11160.00   .2218084E-10
 79.0   11170.00   .2133481E-10
 79.0   11180.00   .2048785E-10
 79.0   11190.00   .1963989E-10
 79.0   11200.00   .1879098E-10
 79.0   11210.00   .1794111E-10
 79.0   11220.00   .1709030E-10
 79.0   11230.00   .1623854E-10
 79.0   11240.00   .1538584E-10
 79.0   11250.00   .1453218E-10
 79.0   11260.00   .1367759E-10
 79.0   11270.00   .1282207E-10
 79.0   11280.00   .1196563E-10
 79.0   11290.00   .1110826E-10
 79.0   11300.00   .1024995E-10
 79.0   11310.00   .1025532E-10
 79.0   11320.00   .1026069E-10
 79.0   11330.00   .1026604E-10
 79.0   11340.00   .1027135E-10
 79.0   11350.00   .1027668E-10
 79.0   11360.00   .1028199E-10
 79.0   11370.00   .1028730E-10
 79.0   11380.00   .1029258E-10
 79.0   11390.00   .1029784E-10
 79.0   11400.00   .1030312E-10
 79.0   11410.00   .1030838E-10
 79.0   11420.00   .1031363E-10
 79.0   11430.00   .1031885E-10
 79.0   11440.00   .1032407E-10
 79.0   11450.00   .1032929E-10
 79.0   11460.00   .1033448E-10
 79.0   11470.00   .1033969E-10
 79.0   11480.00   .1034486E-10
 79.0   11490.00   .1035004E-10
 79.0   11500.00   .1035520E-10
 79.0   11510.00   .1036035E-10
 79.0   11520.00   .1036549E-10
 79.0   11530.00   .1037063E-10
 79.0   11540.00   .1037576E-10
 79.0   11550.00   .1038088E-10
 79.0   11560.00   .1038599E-10
 79.0   11570.00   .1039109E-10
 79.0   11580.00   .1039618E-10
 79.0   11590.00   .1040126E-10
 79.0   11600.00   .1040636E-10
 79.0   11610.00   .1041143E-10
 79.0   11620.00   .1041650E-10
 79.0   11630.00   .1042155E-10
 79.0   11640.00   .1042660E-10
 79.0   11650.00   .1043163E-10
 79.0   11660.00   .1043668E-10
 79.0   11670.00   .1044171E-10
 79.0   11680.00   .1044673E-10
 79.0   11690.00   .1045176E-10
 79.0   11700.00   .1045677E-10
 79.0   11710.00   .1046178E-10
 79.0   11720.00   .1046677E-10
 79.0   11730.00   .1047177E-10
 79.0   11740.00   .1047675E-10
 79.0   11750.00   .1048175E-10
 79.0   11760.00   .1048672E-10
 79.0   11770.00   .1049172E-10
 79.0   11780.00   .1049668E-10
 79.0   11790.00   .1050165E-10
 79.0   11800.00   .1050661E-10
 79.0   11810.00   .1051158E-10
 79.0   11820.00   .1051653E-10
 79.0   11830.00   .1052149E-10
 79.0   11840.00   .1052643E-10
 79.0   11850.00   .1053138E-10
 79.0   11860.00   .1053632E-10
 79.0   11870.00   .1054127E-10
 79.0   11880.00   .1054620E-10
 79.0   11890.00   .1055114E-10
 79.0   11900.00   .1055606E-10
 79.0   11910.00   .1056101E-10
 79.0   11920.00   .1056594E-10
 79.0   11930.00   .1057086E-10
 79.0   11940.00   .1057580E-10
 79.0   11950.00   .1058072E-10
 79.0   11960.00   .1058565E-10
 79.0   11970.00   .1059057E-10
 79.0   11980.00   .1059551E-10
 79.0   11990.00   .1060041E-10
 79.0   12000.00   .1060535E-10
 79.0   12010.00   .1061026E-10
 79.0   12020.00   .1061518E-10
 79.0   12030.00   .1062010E-10
 79.0   12040.00   .1062504E-10
 79.0   12050.00   .1062996E-10
 79.0   12060.00   .1063488E-10
 79.0   12070.00   .1063980E-10
 79.0   12080.00   .1064473E-10
 79.0   12090.00   .1064966E-10
 79.0   12100.00   .1065459E-10
 79.0   12110.00   .1065952E-10
 79.0   12120.00   .1066446E-10
 79.0   12130.00   .1066940E-10
 79.0   12140.00   .1067433E-10
 79.0   12150.00   .1067928E-10
 79.0   12160.00   .1068422E-10
 79.0   12170.00   .1068916E-10
 79.0   12180.00   .1069411E-10
 79.0   12190.00   .1069907E-10
 79.0   12200.00   .1070404E-10
 79.0   12210.00   .1070898E-10
 79.0   12220.00   .1071395E-10
 79.0   12230.00   .1071891E-10
 79.0   12240.00   .1072390E-10
 79.0   12250.00   .1072887E-10
 79.0   12260.00   .1073385E-10
 79.0   12270.00   .1073884E-10
 79.0   12280.00   .1074381E-10
 79.0   12290.00   .1074881E-10
 79.0   12300.00   .1075383E-10
 79.0   12310.00   .1075882E-10
 79.0   12320.00   .1076384E-10
 79.0   12330.00   .1076886E-10
 79.0   12340.00   .1077389E-10
 79.0   12350.00   .1077891E-10
 79.0   12360.00   .1078396E-10
 79.0   12370.00   .1078900E-10
 79.0   12380.00   .1079405E-10
 79.0   12390.00   .1079910E-10
 79.0   12400.00   .1080418E-10
 79.0   12410.00   .1080925E-10
 79.0   12420.00   .1081433E-10
 79.0   12430.00   .1081943E-10
 79.0   12440.00   .1082453E-10
 79.0   12450.00   .1082963E-10
 79.0   12460.00   .1083474E-10
 79.0   12470.00   .1083986E-10
 79.0   12480.00   .1084500E-10
 79.0   12490.00   .1085014E-10
 79.0   12500.00   .1085529E-10
 79.0   12510.00   .1086136E-10
 79.0   12520.00   .1086744E-10
 79.0   12530.00   .1087354E-10
 79.0   12540.00   .1087963E-10
 79.0   12550.00   .1088574E-10
 79.0   12560.00   .1089186E-10
 79.0   12570.00   .1089800E-10
 79.0   12580.00   .1090415E-10
 79.0   12590.00   .1091029E-10
 79.0   12600.00   .1091644E-10
 79.0   12610.00   .1092262E-10
 79.0   12620.00   .1092880E-10
 79.0   12630.00   .1093499E-10
 79.0   12640.00   .1094121E-10
 79.0   12650.00   .1094740E-10
 79.0   12660.00   .1095365E-10
 79.0   12670.00   .1095987E-10
 79.0   12680.00   .1096612E-10
 79.0   12690.00   .1097240E-10
 79.0   12700.00   .1097866E-10
 79.0   12710.00   .1098496E-10
 79.0   12720.00   .1099127E-10
 79.0   12730.00   .1099759E-10
 79.0   12740.00   .1100391E-10
 79.0   12750.00   .1101024E-10
 79.0   12760.00   .1101659E-10
 79.0   12770.00   .1102297E-10
 79.0   12780.00   .1102934E-10
 79.0   12790.00   .1103574E-10
 79.0   12800.00   .1104217E-10
 79.0   12810.00   .1104859E-10
 79.0   12820.00   .1105502E-10
 79.0   12830.00   .1106149E-10
 79.0   12840.00   .1106795E-10
 79.0   12850.00   .1107443E-10
 79.0   12860.00   .1108093E-10
 79.0   12870.00   .1108746E-10
 79.0   12880.00   .1109399E-10
 79.0   12890.00   .1110054E-10
 79.0   12900.00   .1110710E-10
 79.0   12910.00   .1111368E-10
 79.0   12920.00   .1112028E-10
 79.0   12930.00   .1112688E-10
 79.0   12940.00   .1113353E-10
 79.0   12950.00   .1114016E-10
 79.0   12960.00   .1114681E-10
 79.0   12970.00   .1115348E-10
 79.0   12980.00   .1116017E-10
 79.0   12990.00   .1116686E-10
 79.0   13000.00   .1117358E-10
 79.0   13010.00   .1118030E-10
 79.0   13020.00   .1118706E-10
 79.0   13030.00   .1119380E-10
 79.0   13040.00   .1120058E-10
 79.0   13050.00   .1120736E-10
 79.0   13060.00   .1121418E-10
 79.0   13070.00   .1122097E-10
 79.0   13080.00   .1122781E-10
 79.0   13090.00   .1123466E-10
 79.0   13100.00   .1124151E-10
 79.0   13110.00   .1124838E-10
 79.0   13120.00   .1125525E-10
 79.0   13130.00   .1126216E-10
 79.0   13140.00   .1126907E-10
 79.0   13150.00   .1127600E-10
 79.0   13160.00   .1128292E-10
 79.0   13170.00   .1128987E-10
 79.0   13180.00   .1129683E-10
 79.0   13190.00   .1130380E-10
 79.0   13200.00   .1131080E-10
 79.0   13210.00   .1131780E-10
 79.0   13220.00   .1132481E-10
 79.0   13230.00   .1133185E-10
 79.0   13240.00   .1133890E-10
 79.0   13250.00   .1134595E-10
 79.0   13260.00   .1135302E-10
 79.0   13270.00   .1136008E-10
 79.0   13280.00   .1136716E-10
 79.0   13290.00   .1137428E-10
 79.0   13300.00   .1138140E-10
 79.0   13310.00   .1138852E-10
 79.0   13320.00   .1139566E-10
 79.0   13330.00   .1140282E-10
 79.0   13340.00   .1140997E-10
 79.0   13350.00   .1141715E-10
 79.0   13360.00   .1142433E-10
 79.0   13370.00   .1143153E-10
 79.0   13380.00   .1143873E-10
 79.0   13390.00   .1144595E-10
 79.0   13400.00   .1145319E-10
 79.0   13410.00   .1146043E-10
 79.0   13420.00   .1146769E-10
 79.0   13430.00   .1147496E-10
 79.0   13440.00   .1148223E-10
 79.0   13450.00   .1148953E-10
 79.0   13460.00   .1149681E-10
 79.0   13470.00   .1150411E-10
 79.0   13480.00   .1151145E-10
 79.0   13490.00   .1151877E-10
 79.0   13500.00   .1152611E-10
 79.0   13510.00   .1153346E-10
 79.0   13520.00   .1154082E-10
 79.0   13530.00   .1154819E-10
 79.0   13540.00   .1155557E-10
 79.0   13550.00   .1156295E-10
 79.0   13560.00   .1157036E-10
 79.0   13570.00   .1157777E-10
 79.0   13580.00   .1158517E-10
 79.0   13590.00   .1159261E-10
 79.0   13600.00   .1160006E-10
 79.0   13610.00   .1160750E-10
 79.0   13620.00   .1161496E-10
 79.0   13630.00   .1162241E-10
 79.0   13640.00   .1162990E-10
 79.0   13650.00   .1163738E-10
 79.0   13660.00   .1164487E-10
 79.0   13670.00   .1165236E-10
 79.0   13680.00   .1165987E-10
 79.0   13690.00   .1166741E-10
 79.0   13700.00   .1167492E-10
 79.0   13710.00   .1170150E-10
 79.0   13720.00   .1172806E-10
 79.0   13730.00   .1175468E-10
 79.0   13740.00   .1178134E-10
 79.0   13750.00   .1180802E-10
 79.0   13760.00   .1183475E-10
 79.0   13770.00   .1186148E-10
 79.0   13780.00   .1188825E-10
 79.0   13790.00   .1191507E-10
 79.0   13800.00   .1194192E-10
 79.0   13810.00   .1196880E-10
 79.0   13820.00   .1199570E-10
 79.0   13830.00   .1202264E-10
 79.0   13840.00   .1204961E-10
 79.0   13850.00   .1207663E-10
 79.0   13860.00   .1210366E-10
 79.0   13870.00   .1213074E-10
 79.0   13880.00   .1215784E-10
 79.0   13890.00   .1218498E-10
 79.0   13900.00   .1221212E-10
 79.0   13910.00   .1223932E-10
 79.0   13920.00   .1226656E-10
 79.0   13930.00   .1229381E-10
 79.0   13940.00   .1232110E-10
 79.0   13950.00   .1234840E-10
 79.0   13960.00   .1237578E-10
 79.0   13970.00   .1240316E-10
 79.0   13980.00   .1243058E-10
 79.0   13990.00   .1245802E-10
 79.0   14000.00   .1248549E-10
 79.0   14010.00   .1251299E-10
 79.0   14020.00   .1254053E-10
 79.0   14030.00   .1256809E-10
 79.0   14040.00   .1259570E-10
 79.0   14050.00   .1262331E-10
 79.0   14060.00   .1265098E-10
 79.0   14070.00   .1267867E-10
 79.0   14080.00   .1270637E-10
 79.0   14090.00   .1273412E-10
 79.0   14100.00   .1276192E-10
 79.0   14110.00   .1278970E-10
 79.0   14120.00   .1281754E-10
 79.0   14130.00   .1284541E-10
 79.0   14140.00   .1287331E-10
 79.0   14150.00   .1290124E-10
 79.0   14160.00   .1292918E-10
 79.0   14170.00   .1295716E-10
 79.0   14180.00   .1298516E-10
 79.0   14190.00   .1301321E-10
 79.0   14200.00   .1304129E-10
 79.0   14210.00   .1306938E-10
 79.0   14220.00   .1309750E-10
 79.0   14230.00   .1312564E-10
 79.0   14240.00   .1315385E-10
 79.0   14250.00   .1318204E-10
 79.0   14260.00   .1321026E-10
 79.0   14270.00   .1323855E-10
 79.0   14280.00   .1326684E-10
 79.0   14290.00   .1329515E-10
 79.0   14300.00   .1332350E-10
 79.0   14310.00   .1335189E-10
 79.0   14320.00   .1338029E-10
 79.0   14330.00   .1340872E-10
 79.0   14340.00   .1343718E-10
 79.0   14350.00   .1346565E-10
 79.0   14360.00   .1349417E-10
 79.0   14370.00   .1352270E-10
 79.0   14380.00   .1355127E-10
 79.0   14390.00   .1357985E-10
 79.0   14400.00   .1360846E-10
 79.0   14410.00   .1363713E-10
 79.0   14420.00   .1366580E-10
 79.0   14430.00   .1369446E-10
 79.0   14440.00   .1372319E-10
 79.0   14450.00   .1375194E-10
 79.0   14460.00   .1378070E-10
 79.0   14470.00   .1380950E-10
 79.0   14480.00   .1383833E-10
 79.0   14490.00   .1386717E-10
 79.0   14500.00   .1389604E-10
 79.0   14510.00   .1392492E-10
 79.0   14520.00   .1395386E-10
 79.0   14530.00   .1398281E-10
 79.0   14540.00   .1401177E-10
 79.0   14550.00   .1404076E-10
 79.0   14560.00   .1406978E-10
 79.0   14570.00   .1409879E-10
 79.0   14580.00   .1412787E-10
 79.0   14590.00   .1415696E-10
 79.0   14600.00   .1418608E-10
 79.0   14610.00   .1421522E-10
 79.0   14620.00   .1424435E-10
 79.0   14630.00   .1427354E-10
 79.0   14640.00   .1430275E-10
 79.0   14650.00   .1433196E-10
 79.0   14660.00   .1436120E-10
 79.0   14670.00   .1439047E-10
 79.0   14680.00   .1441976E-10
 79.0   14690.00   .1444909E-10
 79.0   14700.00   .1447841E-10
 79.0   14710.00   .1450776E-10
 79.0   14720.00   .1453712E-10
 79.0   14730.00   .1456653E-10
 79.0   14740.00   .1459595E-10
 79.0   14750.00   .1462539E-10
 79.0   14760.00   .1465484E-10
 79.0   14770.00   .1468433E-10
 79.0   14780.00   .1471383E-10
 79.0   14790.00   .1474336E-10
 79.0   14800.00   .1477288E-10
 79.0   14810.00   .1480244E-10
 79.0   14820.00   .1483202E-10
 79.0   14830.00   .1486161E-10
 79.0   14840.00   .1489123E-10
 79.0   14850.00   .1492086E-10
 79.0   14860.00   .1495051E-10
 79.0   14870.00   .1498019E-10
 79.0   14880.00   .1500988E-10
 79.0   14890.00   .1503958E-10
 79.0   14900.00   .1506933E-10
 79.0   14910.00   .1509905E-10
 79.0   14920.00   .1512883E-10
 79.0   14930.00   .1515862E-10
 79.0   14940.00   .1518841E-10
 79.0   14950.00   .1521824E-10
 79.0   14960.00   .1524807E-10
 79.0   14970.00   .1527793E-10
 79.0   14980.00   .1530779E-10
 79.0   14990.00   .1533769E-10
 79.0   15000.00   .1536760E-10
 79.0   15010.00   .1537685E-10
 79.0   15020.00   .1538611E-10
 79.0   15030.00   .1539535E-10
 79.0   15040.00   .1540459E-10
 79.0   15050.00   .1541381E-10
 79.0   15060.00   .1542306E-10
 79.0   15070.00   .1543226E-10
 79.0   15080.00   .1544147E-10
 79.0   15090.00   .1545068E-10
 79.0   15100.00   .1545988E-10
 79.0   15110.00   .1546905E-10
 79.0   15120.00   .1547823E-10
 79.0   15130.00   .1548737E-10
 79.0   15140.00   .1549653E-10
 79.0   15150.00   .1550568E-10
 79.0   15160.00   .1551482E-10
 79.0   15170.00   .1552395E-10
 79.0   15180.00   .1553306E-10
 79.0   15190.00   .1554218E-10
 79.0   15200.00   .1555128E-10
 79.0   15210.00   .1556038E-10
 79.0   15220.00   .1556946E-10
 79.0   15230.00   .1557852E-10
 79.0   15240.00   .1558759E-10
 79.0   15250.00   .1559664E-10
 79.0   15260.00   .1560568E-10
 79.0   15270.00   .1561471E-10
 79.0   15280.00   .1562375E-10
 79.0   15290.00   .1563275E-10
 79.0   15300.00   .1564175E-10
 79.0   15310.00   .1565073E-10
 79.0   15320.00   .1565972E-10
 79.0   15330.00   .1566869E-10
 79.0   15340.00   .1567764E-10
 79.0   15350.00   .1568659E-10
 79.0   15360.00   .1569553E-10
 79.0   15370.00   .1570446E-10
 79.0   15380.00   .1571337E-10
 79.0   15390.00   .1572227E-10
 79.0   15400.00   .1573117E-10
 79.0   15410.00   .1574005E-10
 79.0   15420.00   .1574892E-10
 79.0   15430.00   .1575778E-10
 79.0   15440.00   .1576662E-10
 79.0   15450.00   .1577547E-10
 79.0   15460.00   .1578428E-10
 79.0   15470.00   .1579311E-10
 79.0   15480.00   .1580190E-10
 79.0   15490.00   .1581068E-10
 79.0   15500.00   .1581946E-10
 79.0   15510.00   .1582821E-10
 79.0   15520.00   .1583698E-10
 79.0   15530.00   .1584571E-10
 79.0   15540.00   .1585445E-10
 79.0   15550.00   .1586315E-10
 79.0   15560.00   .1587184E-10
 79.0   15570.00   .1588053E-10
 79.0   15580.00   .1588922E-10
 79.0   15590.00   .1589787E-10
 79.0   15600.00   .1590651E-10
 79.0   15610.00   .1591517E-10
 79.0   15620.00   .1592377E-10
 79.0   15630.00   .1593237E-10
 79.0   15640.00   .1594096E-10
 79.0   15650.00   .1594955E-10
 79.0   15660.00   .1595812E-10
 79.0   15670.00   .1596667E-10
 79.0   15680.00   .1597520E-10
 79.0   15690.00   .1598375E-10
 79.0   15700.00   .1599224E-10
 79.0   15710.00   .1600074E-10
 79.0   15720.00   .1600921E-10
 79.0   15730.00   .1601769E-10
 79.0   15740.00   .1602614E-10
 79.0   15750.00   .1603459E-10
 79.0   15760.00   .1604300E-10
 79.0   15770.00   .1605142E-10
 79.0   15780.00   .1605982E-10
 79.0   15790.00   .1606818E-10
 79.0   15800.00   .1607656E-10
 79.0   15810.00   .1608490E-10
 79.0   15820.00   .1609323E-10
 79.0   15830.00   .1610154E-10
 79.0   15840.00   .1610986E-10
 79.0   15850.00   .1611814E-10
 79.0   15860.00   .1612641E-10
 79.0   15870.00   .1613464E-10
 79.0   15880.00   .1614289E-10
 79.0   15890.00   .1615112E-10
 79.0   15900.00   .1615932E-10
 79.0   15910.00   .1616751E-10
 79.0   15920.00   .1617569E-10
 79.0   15930.00   .1618385E-10
 79.0   15940.00   .1619199E-10
 79.0   15950.00   .1620010E-10
 79.0   15960.00   .1620822E-10
 79.0   15970.00   .1621629E-10
 79.0   15980.00   .1622437E-10
 79.0   15990.00   .1623242E-10
 79.0   16000.00   .1624045E-10
 79.0   16010.00   .1624848E-10
 79.0   16020.00   .1625649E-10
 79.0   16030.00   .1626447E-10
 79.0   16040.00   .1627242E-10
 79.0   16050.00   .1628038E-10
 79.0   16060.00   .1628832E-10
 79.0   16070.00   .1629623E-10
 79.0   16080.00   .1630414E-10
 79.0   16090.00   .1631201E-10
 79.0   16100.00   .1631987E-10
 79.0   16110.00   .1632770E-10
 79.0   16120.00   .1633553E-10
 79.0   16130.00   .1634333E-10
 79.0   16140.00   .1635114E-10
 79.0   16150.00   .1635889E-10
 79.0   16160.00   .1636663E-10
 79.0   16170.00   .1637437E-10
 79.0   16180.00   .1638207E-10
 79.0   16190.00   .1638976E-10
 79.0   16200.00   .1639744E-10
 79.0   16210.00   .1640509E-10
 79.0   16220.00   .1641270E-10
 79.0   16230.00   .1642032E-10
 79.0   16240.00   .1642791E-10
 79.0   16250.00   .1643550E-10
 79.0   16260.00   .1643636E-10
 79.0   16270.00   .1643722E-10
 79.0   16280.00   .1643807E-10
 79.0   16290.00   .1643892E-10
 79.0   16300.00   .1643972E-10
 79.0   16310.00   .1644053E-10
 79.0   16320.00   .1644132E-10
 79.0   16330.00   .1644213E-10
 79.0   16340.00   .1644290E-10
 79.0   16350.00   .1644362E-10
 79.0   16360.00   .1644435E-10
 79.0   16370.00   .1644509E-10
 79.0   16380.00   .1644581E-10
 79.0   16390.00   .1644650E-10
 79.0   16400.00   .1644719E-10
 79.0   16410.00   .1644786E-10
 79.0   16420.00   .1644852E-10
 79.0   16430.00   .1644916E-10
 79.0   16440.00   .1644978E-10
 79.0   16450.00   .1645041E-10
 79.0   16460.00   .1645099E-10
 79.0   16470.00   .1645157E-10
 79.0   16480.00   .1645212E-10
 79.0   16490.00   .1645269E-10
 79.0   16500.00   .1645323E-10
 79.0   16510.00   .1645373E-10
 79.0   16520.00   .1645424E-10
 79.0   16530.00   .1645475E-10
 79.0   16540.00   .1645521E-10
 79.0   16550.00   .1645568E-10
 79.0   16560.00   .1645611E-10
 79.0   16570.00   .1645655E-10
 79.0   16580.00   .1645695E-10
 79.0   16590.00   .1645735E-10
 79.0   16600.00   .1645773E-10
 79.0   16610.00   .1645810E-10
 79.0   16620.00   .1645844E-10
 79.0   16630.00   .1645877E-10
 79.0   16640.00   .1645910E-10
 79.0   16650.00   .1645939E-10
 79.0   16660.00   .1645968E-10
 79.0   16670.00   .1645994E-10
 79.0   16680.00   .1646018E-10
 79.0   16690.00   .1646041E-10
 79.0   16700.00   .1646062E-10
 79.0   16710.00   .1646081E-10
 79.0   16720.00   .1646099E-10
 79.0   16730.00   .1646115E-10
 79.0   16740.00   .1646129E-10
 79.0   16750.00   .1646142E-10
 79.0   16760.00   .1646153E-10
 79.0   16770.00   .1646161E-10
 79.0   16780.00   .1646168E-10
 79.0   16790.00   .1646173E-10
 79.0   16800.00   .1646176E-10
 79.0   16810.00   .1646178E-10
 79.0   16820.00   .1646177E-10
 79.0   16830.00   .1646178E-10
 79.0   16840.00   .1646173E-10
 79.0   16850.00   .1646166E-10
 79.0   16860.00   .1646159E-10
 79.0   16870.00   .1646150E-10
 79.0   16880.00   .1646140E-10
 79.0   16890.00   .1646126E-10
 79.0   16900.00   .1646112E-10
 79.0   16910.00   .1646095E-10
 79.0   16920.00   .1646078E-10
 79.0   16930.00   .1646058E-10
 79.0   16940.00   .1646036E-10
 79.0   16950.00   .1646012E-10
 79.0   16960.00   .1645988E-10
 79.0   16970.00   .1645960E-10
 79.0   16980.00   .1645933E-10
 79.0   16990.00   .1645901E-10
 79.0   17000.00   .1645871E-10
 79.0   17010.00   .1645838E-10
 79.0   17020.00   .1645802E-10
 79.0   17030.00   .1645767E-10
 79.0   17040.00   .1645727E-10
 79.0   17050.00   .1645688E-10
 79.0   17060.00   .1645647E-10
 79.0   17070.00   .1645603E-10
 79.0   17080.00   .1645560E-10
 79.0   17090.00   .1645513E-10
 79.0   17100.00   .1645463E-10
 79.0   17110.00   .1645415E-10
 79.0   17120.00   .1645364E-10
 79.0   17130.00   .1645311E-10
 79.0   17140.00   .1645258E-10
 79.0   17150.00   .1645200E-10
 79.0   17160.00   .1645143E-10
 79.0   17170.00   .1645085E-10
 79.0   17180.00   .1645025E-10
 79.0   17190.00   .1644963E-10
 79.0   17200.00   .1644898E-10
 79.0   17210.00   .1644833E-10
 79.0   17220.00   .1644769E-10
 79.0   17230.00   .1644699E-10
 79.0   17240.00   .1644630E-10
 79.0   17250.00   .1644559E-10
 79.0   17260.00   .1644487E-10
 79.0   17270.00   .1644413E-10
 79.0   17280.00   .1644339E-10
 79.0   17290.00   .1644261E-10
 79.0   17300.00   .1644183E-10
 79.0   17310.00   .1644103E-10
 79.0   17320.00   .1644023E-10
 79.0   17330.00   .1643941E-10
 79.0   17340.00   .1643858E-10
 79.0   17350.00   .1643772E-10
 79.0   17360.00   .1643686E-10
 79.0   17370.00   .1643599E-10
 79.0   17380.00   .1643508E-10
 79.0   17390.00   .1643419E-10
 79.0   17400.00   .1643327E-10
 79.0   17410.00   .1643233E-10
 79.0   17420.00   .1643137E-10
 79.0   17430.00   .1643042E-10
 79.0   17440.00   .1642945E-10
 79.0   17450.00   .1642846E-10
 79.0   17460.00   .1642747E-10
 79.0   17470.00   .1642645E-10
 79.0   17480.00   .1642545E-10
 79.0   17490.00   .1642441E-10
 79.0   17500.00   .1642335E-10
 79.0   17510.00   .1642229E-10
 79.0   17520.00   .1642121E-10
 79.0   17530.00   .1642015E-10
 79.0   17540.00   .1641903E-10
 79.0   17550.00   .1641794E-10
 79.0   17560.00   .1641680E-10
 79.0   17570.00   .1641568E-10
 79.0   17580.00   .1641452E-10
 79.0   17590.00   .1641337E-10
 79.0   17600.00   .1641218E-10
 79.0   17610.00   .1641102E-10
 79.0   17620.00   .1640982E-10
 79.0   17630.00   .1640863E-10
 79.0   17640.00   .1640740E-10
 79.0   17650.00   .1640619E-10
 79.0   17660.00   .1640494E-10
 79.0   17670.00   .1640370E-10
 79.0   17680.00   .1640243E-10
 79.0   17690.00   .1640116E-10
 79.0   17700.00   .1639988E-10
 79.0   17710.00   .1639860E-10
 79.0   17720.00   .1639729E-10
 79.0   17730.00   .1639598E-10
 79.0   17740.00   .1639465E-10
 79.0   17750.00   .1639333E-10
 79.0   17760.00   .1639198E-10
 79.0   17770.00   .1639062E-10
 79.0   17780.00   .1638923E-10
 79.0   17790.00   .1638787E-10
 79.0   17800.00   .1638648E-10
 79.0   17810.00   .1638508E-10
 79.0   17820.00   .1638369E-10
 79.0   17830.00   .1638227E-10
 79.0   17840.00   .1638084E-10
 79.0   17850.00   .1637939E-10
 79.0   17860.00   .1637796E-10
 79.0   17870.00   .1637651E-10
 79.0   17880.00   .1637504E-10
 79.0   17890.00   .1637358E-10
 79.0   17900.00   .1637209E-10
 79.0   17910.00   .1637058E-10
 79.0   17920.00   .1636910E-10
 79.0   17930.00   .1636758E-10
 79.0   17940.00   .1636608E-10
 79.0   17950.00   .1636454E-10
 79.0   17960.00   .1636300E-10
 79.0   17970.00   .1636146E-10
 79.0   17980.00   .1635991E-10
 79.0   17990.00   .1635836E-10
 79.0   18000.00   .1635678E-10
 79.0   18010.00   .1630133E-10
 79.0   18020.00   .1624589E-10
 79.0   18030.00   .1619044E-10
 79.0   18040.00   .1613500E-10
 79.0   18050.00   .1607956E-10
 79.0   18060.00   .1602411E-10
 79.0   18070.00   .1596869E-10
 79.0   18080.00   .1591326E-10
 79.0   18090.00   .1585782E-10
 79.0   18100.00   .1580239E-10
 79.0   18110.00   .1574698E-10
 79.0   18120.00   .1569156E-10
 79.0   18130.00   .1563613E-10
 79.0   18140.00   .1558073E-10
 79.0   18150.00   .1552533E-10
 79.0   18160.00   .1546993E-10
 79.0   18170.00   .1541454E-10
 79.0   18180.00   .1535914E-10
 79.0   18190.00   .1530377E-10
 79.0   18200.00   .1524838E-10
 79.0   18210.00   .1519299E-10
 79.0   18220.00   .1513764E-10
 79.0   18230.00   .1508227E-10
 79.0   18240.00   .1502692E-10
 79.0   18250.00   .1497156E-10
 79.0   18260.00   .1491621E-10
 79.0   18270.00   .1486085E-10
 79.0   18280.00   .1480551E-10
 79.0   18290.00   .1475019E-10
 79.0   18300.00   .1469488E-10
 79.0   18310.00   .1463956E-10
 79.0   18320.00   .1458423E-10
 79.0   18330.00   .1452895E-10
 79.0   18340.00   .1447364E-10
 79.0   18350.00   .1441835E-10
 79.0   18360.00   .1436308E-10
 79.0   18370.00   .1430780E-10
 79.0   18380.00   .1425254E-10
 79.0   18390.00   .1419727E-10
 79.0   18400.00   .1414203E-10
 79.0   18410.00   .1408678E-10
 79.0   18420.00   .1403153E-10
 79.0   18430.00   .1397632E-10
 79.0   18440.00   .1392110E-10
 79.0   18450.00   .1386590E-10
 79.0   18460.00   .1381068E-10
 79.0   18470.00   .1375549E-10
 79.0   18480.00   .1370031E-10
 79.0   18490.00   .1364512E-10
 79.0   18500.00   .1358996E-10
 79.0   18510.00   .1353480E-10
 79.0   18520.00   .1347964E-10
 79.0   18530.00   .1342451E-10
 79.0   18540.00   .1336938E-10
 79.0   18550.00   .1331425E-10
 79.0   18560.00   .1325914E-10
 79.0   18570.00   .1320405E-10
 79.0   18580.00   .1314895E-10
 79.0   18590.00   .1309386E-10
 79.0   18600.00   .1303878E-10
 79.0   18610.00   .1298373E-10
 79.0   18620.00   .1292868E-10
 79.0   18630.00   .1287363E-10
 79.0   18640.00   .1281859E-10
 79.0   18650.00   .1276359E-10
 79.0   18660.00   .1270856E-10
 79.0   18670.00   .1265356E-10
 79.0   18680.00   .1259858E-10
 79.0   18690.00   .1254359E-10
 79.0   18700.00   .1248863E-10
 79.0   18710.00   .1243366E-10
 79.0   18720.00   .1237872E-10
 79.0   18730.00   .1232378E-10
 79.0   18740.00   .1226884E-10
 79.0   18750.00   .1221394E-10
 79.0   18760.00   .1215906E-10
 79.0   18770.00   .1210415E-10
 79.0   18780.00   .1204926E-10
 79.0   18790.00   .1199439E-10
 79.0   18800.00   .1193955E-10
 79.0   18810.00   .1188470E-10
 79.0   18820.00   .1182987E-10
 79.0   18830.00   .1177506E-10
 79.0   18840.00   .1172023E-10
 79.0   18850.00   .1166544E-10
 79.0   18860.00   .1161067E-10
 79.0   18870.00   .1155590E-10
 79.0   18880.00   .1150112E-10
 79.0   18890.00   .1144638E-10
 79.0   18900.00   .1139165E-10
 79.0   18910.00   .1133693E-10
 79.0   18920.00   .1128221E-10
 79.0   18930.00   .1122751E-10
 79.0   18940.00   .1117283E-10
 79.0   18950.00   .1111816E-10
 79.0   18960.00   .1106350E-10
 79.0   18970.00   .1100887E-10
 79.0   18980.00   .1095422E-10
 79.0   18990.00   .1089959E-10
 79.0   19000.00   .1084501E-10
 79.0   19010.00   .1079039E-10
 79.0   19020.00   .1073583E-10
 79.0   19030.00   .1068126E-10
 79.0   19040.00   .1062669E-10
 79.0   19050.00   .1057215E-10
 79.0   19060.00   .1051762E-10
 79.0   19070.00   .1046311E-10
 79.0   19080.00   .1040862E-10
 79.0   19090.00   .1035412E-10
 79.0   19100.00   .1029966E-10
 79.0   19110.00   .1024519E-10
 79.0   19120.00   .1019074E-10
 79.0   19130.00   .1013631E-10
 79.0   19140.00   .1008188E-10
 79.0   19150.00   .1002748E-10
 79.0   19160.00   .9973091E-11
 79.0   19170.00   .9918698E-11
 79.0   19180.00   .9864360E-11
 79.0   19190.00   .9809993E-11
 79.0   19200.00   .9755660E-11
 79.0   19210.00   .9701328E-11
 79.0   19220.00   .9647038E-11
 79.0   19230.00   .9592731E-11
 79.0   19240.00   .9538443E-11
 79.0   19250.00   .9484196E-11
 79.0   19260.00   .9429944E-11
 79.0   19270.00   .9375683E-11
 79.0   19280.00   .9321470E-11
 79.0   19290.00   .9267263E-11
 79.0   19300.00   .9213071E-11
 79.0   19310.00   .9158869E-11
 79.0   19320.00   .9104720E-11
 79.0   19330.00   .9050563E-11
 79.0   19340.00   .8996421E-11
 79.0   19350.00   .8942308E-11
 79.0   19360.00   .8888195E-11
 79.0   19370.00   .8834088E-11
 79.0   19380.00   .8780012E-11
 79.0   19390.00   .8725951E-11
 79.0   19400.00   .8671904E-11
 79.0   19410.00   .8617849E-11
 79.0   19420.00   .8563831E-11
 79.0   19430.00   .8509821E-11
 79.0   19440.00   .8455833E-11
 79.0   19450.00   .8401845E-11
 79.0   19460.00   .8347880E-11
 79.0   19470.00   .8293929E-11
 79.0   19480.00   .8239993E-11
 79.0   19490.00   .8186073E-11
 79.0   19500.00   .8132159E-11
 79.0   19510.00   .8078269E-11
 79.0   19520.00   .8024385E-11
 79.0   19530.00   .7970524E-11
 79.0   19540.00   .7916671E-11
 79.0   19550.00   .7862832E-11
 79.0   19560.00   .7809017E-11
 79.0   19570.00   .7755208E-11
 79.0   19580.00   .7701415E-11
 79.0   19590.00   .7647637E-11
 79.0   19600.00   .7593876E-11
 79.0   19610.00   .7540128E-11
 79.0   19620.00   .7486387E-11
 79.0   19630.00   .7432662E-11
 79.0   19640.00   .7378959E-11
 79.0   19650.00   .7325264E-11
 79.0   19660.00   .7271597E-11
 79.0   19670.00   .7217926E-11
 79.0   19680.00   .7164276E-11
 79.0   19690.00   .7110637E-11
 79.0   19700.00   .7057018E-11
 79.0   19710.00   .7003409E-11
 79.0   19720.00   .6949812E-11
 79.0   19730.00   .6896230E-11
 79.0   19740.00   .6842668E-11
 79.0   19750.00   .6789113E-11
 79.0   19760.00   .6735572E-11
 79.0   19770.00   .6682049E-11
 79.0   19780.00   .6628536E-11
 79.0   19790.00   .6575037E-11
 79.0   19800.00   .6521553E-11
 79.0   19810.00   .6468087E-11
 79.0   19820.00   .6414623E-11
 79.0   19830.00   .6361184E-11
 79.0   19840.00   .6307748E-11
 79.0   19850.00   .6254334E-11
 79.0   19860.00   .6200925E-11
 79.0   19870.00   .6147533E-11
 79.0   19880.00   .6094154E-11
 79.0   19890.00   .6040792E-11
 79.0   19900.00   .5987443E-11
 79.0   19910.00   .5934100E-11
 79.0   19920.00   .5880775E-11
 79.0   19930.00   .5827460E-11
 79.0   19940.00   .5774166E-11
 79.0   19950.00   .5720879E-11
 79.0   19960.00   .5667602E-11
 79.0   19970.00   .5614334E-11
 79.0   19980.00   .5561093E-11
 79.0   19990.00   .5507854E-11
 79.0   20000.00   .5454634E-11
 79.0   20010.00   .5401421E-11
 79.0   20020.00   .5348221E-11
 79.0   20030.00   .5295037E-11
 79.0   20040.00   .5241860E-11
 79.0   20050.00   .5188703E-11
 79.0   20060.00   .5135554E-11
 79.0   20070.00   .5082415E-11
 79.0   20080.00   .5029294E-11
 79.0   20090.00   .4976176E-11
 79.0   20100.00   .4923079E-11
 79.0   20110.00   .4922590E-11
 79.0   20120.00   .4922101E-11
 79.0   20130.00   .4921615E-11
 79.0   20140.00   .4921131E-11
 79.0   20150.00   .4920651E-11
 79.0   20160.00   .4920169E-11
 79.0   20170.00   .4919688E-11
 79.0   20180.00   .4919211E-11
 79.0   20190.00   .4918731E-11
 79.0   20200.00   .4918263E-11
 79.0   20210.00   .4917788E-11
 79.0   20220.00   .4917315E-11
 79.0   20230.00   .4916845E-11
 79.0   20240.00   .4916379E-11
 79.0   20250.00   .4915912E-11
 79.0   20260.00   .4915448E-11
 79.0   20270.00   .4914987E-11
 79.0   20280.00   .4914524E-11
 79.0   20290.00   .4914060E-11
 79.0   20300.00   .4913603E-11
 79.0   20310.00   .4913145E-11
 79.0   20320.00   .4912698E-11
 79.0   20330.00   .4912239E-11
 79.0   20340.00   .4911791E-11
 79.0   20350.00   .4911344E-11
 79.0   20360.00   .4910892E-11
 79.0   20370.00   .4910447E-11
 79.0   20380.00   .4910002E-11
 79.0   20390.00   .4909562E-11
 79.0   20400.00   .4909117E-11
 79.0   20410.00   .4908680E-11
 79.0   20420.00   .4908243E-11
 79.0   20430.00   .4907805E-11
 79.0   20440.00   .4907371E-11
 79.0   20450.00   .4906941E-11
 79.0   20460.00   .4906508E-11
 79.0   20470.00   .4906078E-11
 79.0   20480.00   .4905653E-11
 79.0   20490.00   .4905226E-11
 79.0   20500.00   .4904802E-11
 79.0   20510.00   .4904381E-11
 79.0   20520.00   .4903961E-11
 79.0   20530.00   .4903541E-11
 79.0   20540.00   .4903126E-11
 79.0   20550.00   .4902714E-11
 79.0   20560.00   .4902295E-11
 79.0   20570.00   .4901885E-11
 79.0   20580.00   .4901475E-11
 79.0   20590.00   .4901063E-11
 79.0   20600.00   .4900661E-11
 79.0   20610.00   .4900257E-11
 79.0   20620.00   .4899855E-11
 79.0   20630.00   .4899453E-11
 79.0   20640.00   .4899055E-11
 79.0   20650.00   .4898654E-11
 79.0   20660.00   .4898262E-11
 79.0   20670.00   .4897869E-11
 79.0   20680.00   .4897475E-11
 79.0   20690.00   .4897085E-11
 79.0   20700.00   .4896697E-11
 79.0   20710.00   .4896306E-11
 79.0   20720.00   .4895923E-11
 79.0   20730.00   .4895542E-11
 79.0   20740.00   .4895162E-11
 79.0   20750.00   .4894779E-11
 79.0   20760.00   .4894403E-11
 79.0   20770.00   .4894029E-11
 79.0   20780.00   .4893653E-11
 79.0   20790.00   .4893284E-11
 79.0   20800.00   .4892912E-11
 79.0   20810.00   .4892541E-11
 79.0   20820.00   .4892179E-11
 79.0   20830.00   .4891817E-11
 79.0   20840.00   .4891450E-11
 79.0   20850.00   .4891089E-11
 79.0   20860.00   .4890730E-11
 79.0   20870.00   .4890368E-11
 79.0   20880.00   .4890015E-11
 79.0   20890.00   .4889662E-11
 79.0   20900.00   .4889310E-11
 79.0   20910.00   .4888961E-11
 79.0   20920.00   .4888612E-11
 79.0   20930.00   .4888270E-11
 79.0   20940.00   .4887919E-11
 79.0   20950.00   .4887580E-11
 79.0   20960.00   .4887237E-11
 79.0   20970.00   .4886898E-11
 79.0   20980.00   .4886562E-11
 79.0   20990.00   .4886232E-11
 79.0   21000.00   .4885897E-11
 79.0   21010.00   .4885564E-11
 79.0   21020.00   .4885234E-11
 79.0   21030.00   .4884910E-11
 79.0   21040.00   .4884583E-11
 79.0   21050.00   .4884259E-11
 79.0   21060.00   .4883935E-11
 79.0   21070.00   .4883618E-11
 79.0   21080.00   .4883300E-11
 79.0   21090.00   .4882986E-11
 79.0   21100.00   .4882672E-11
 79.0   21110.00   .4882358E-11
 79.0   21120.00   .4882050E-11
 79.0   21130.00   .4881741E-11
 79.0   21140.00   .4881433E-11
 79.0   21150.00   .4881128E-11
 79.0   21160.00   .4880827E-11
 79.0   21170.00   .4880527E-11
 79.0   21180.00   .4880234E-11
 79.0   21190.00   .4879936E-11
 79.0   21200.00   .4879632E-11
 79.0   21210.00   .4879349E-11
 79.0   21220.00   .4879055E-11
 79.0   21230.00   .4878770E-11
 79.0   21240.00   .4878482E-11
 79.0   21250.00   .4878199E-11
 79.0   21260.00   .4877916E-11
 79.0   21270.00   .4877634E-11
 79.0   21280.00   .4877357E-11
 79.0   21290.00   .4877075E-11
 79.0   21300.00   .4876803E-11
 79.0   21310.00   .4876529E-11
 79.0   21320.00   .4876259E-11
 79.0   21330.00   .4875987E-11
 79.0   21340.00   .4875724E-11
 79.0   21350.00   .4875457E-11
 79.0   21360.00   .4875197E-11
 79.0   21370.00   .4874939E-11
 79.0   21380.00   .4874680E-11
 79.0   21390.00   .4874420E-11
 79.0   21400.00   .4874164E-11
 79.0   21410.00   .4873911E-11
 79.0   21420.00   .4873667E-11
 79.0   21430.00   .4873415E-11
 79.0   21440.00   .4873166E-11
 79.0   21450.00   .4872926E-11
 79.0   21460.00   .4872679E-11
 79.0   21470.00   .4872440E-11
 79.0   21480.00   .4872204E-11
 79.0   21490.00   .4871968E-11
 79.0   21500.00   .4871735E-11
 79.0   21510.00   .4871501E-11
 79.0   21520.00   .4871272E-11
 79.0   21530.00   .4871042E-11
 79.0   21540.00   .4870816E-11
 79.0   21550.00   .4870594E-11
 79.0   21560.00   .4870372E-11
 79.0   21570.00   .4870156E-11
 79.0   21580.00   .4869934E-11
 79.0   21590.00   .4869719E-11
 79.0   21600.00   .4869503E-11
 79.0   21610.00   .4869292E-11
 79.0   21620.00   .4869085E-11
 79.0   21630.00   .4868876E-11
 79.0   21640.00   .4868675E-11
 79.0   21650.00   .4868472E-11
 79.0   21660.00   .4868268E-11
 79.0   21670.00   .4868074E-11
 79.0   21680.00   .4867875E-11
 79.0   21690.00   .4867680E-11
 79.0   21700.00   .4867489E-11
 79.0   21710.00   .4867298E-11
 79.0   21720.00   .4867108E-11
 79.0   21730.00   .4866922E-11
 79.0   21740.00   .4866742E-11
 79.0   21750.00   .4866555E-11
 79.0   21760.00   .4866379E-11
 79.0   21770.00   .4866204E-11
 79.0   21780.00   .4866029E-11
 79.0   21790.00   .4865852E-11
 79.0   21800.00   .4865683E-11
 79.0   21810.00   .4865514E-11
 79.0   21820.00   .4865345E-11
 79.0   21830.00   .4865184E-11
 79.0   21840.00   .4865021E-11
 79.0   21850.00   .4864860E-11
 79.0   21860.00   .4864700E-11
 79.0   21870.00   .4864549E-11
 79.0   21880.00   .4864389E-11
 79.0   21890.00   .4864240E-11
 79.0   21900.00   .4864095E-11
 79.0   21910.00   .4863948E-11
 79.0   21920.00   .4863798E-11
 79.0   21930.00   .4863658E-11
 79.0   21940.00   .4863517E-11
 79.0   21950.00   .4863378E-11
 79.0   21960.00   .4863242E-11
 79.0   21970.00   .4863112E-11
 79.0   21980.00   .4862978E-11
 79.0   21990.00   .4862848E-11
 79.0   22000.00   .4862723E-11
 79.0   22010.00   .4862598E-11
 79.0   22020.00   .4862476E-11
 79.0   22030.00   .4862356E-11
 79.0   22040.00   .4862236E-11
 79.0   22050.00   .4862124E-11
 79.0   22060.00   .4862008E-11
 79.0   22070.00   .4861894E-11
 79.0   22080.00   .4861789E-11
 79.0   22090.00   .4861683E-11
 79.0   22100.00   .4861575E-11
 79.0   22110.00   .4861473E-11
 79.0   22120.00   .4861370E-11
 79.0   22130.00   .4861280E-11
 79.0   22140.00   .4861179E-11
 79.0   22150.00   .4861085E-11
 79.0   22160.00   .4860995E-11
 79.0   22170.00   .4860908E-11
 79.0   22180.00   .4860821E-11
 79.0   22190.00   .4860737E-11
 79.0   22200.00   .4860660E-11
 79.0   22210.00   .4860580E-11
 79.0   22220.00   .4860499E-11
 79.0   22230.00   .4860426E-11
 79.0   22240.00   .4860355E-11
 79.0   22250.00   .4860283E-11
 79.0   22260.00   .4860215E-11
 79.0   22270.00   .4860150E-11
 79.0   22280.00   .4860089E-11
 79.0   22290.00   .4860021E-11
 79.0   22300.00   .4859966E-11
 79.0   22310.00   .4859908E-11
 79.0   22320.00   .4859857E-11
 79.0   22330.00   .4859804E-11
 79.0   22340.00   .4859757E-11
 79.0   22350.00   .4859706E-11
 79.0   22360.00   .4859662E-11
 79.0   22370.00   .4859618E-11
 79.0   22380.00   .4859581E-11
 79.0   22390.00   .4859543E-11
 79.0   22400.00   .4859512E-11
 79.0   22410.00   .4859476E-11
 79.0   22420.00   .4859445E-11
 79.0   22430.00   .4859420E-11
 79.0   22440.00   .4859393E-11
 79.0   22450.00   .4859368E-11
 79.0   22460.00   .4859348E-11
 79.0   22470.00   .4859329E-11
 79.0   22480.00   .4859310E-11
 79.0   22490.00   .4859295E-11
 79.0   22500.00   .4859284E-11
 79.0   22510.00   .4859274E-11
 79.0   22520.00   .4859268E-11
 79.0   22530.00   .4859263E-11
 79.0   22540.00   .4859259E-11
 79.0   22550.00   .4859257E-11
 79.0   22560.00   .4859260E-11
 79.0   22570.00   .4859264E-11
 79.0   22580.00   .4859267E-11
 79.0   22590.00   .4859277E-11
 79.0   22600.00   .4859286E-11
 79.0   22610.00   .4859298E-11
 79.0   22620.00   .4859310E-11
 79.0   22630.00   .4859329E-11
 79.0   22640.00   .4859348E-11
 79.0   22650.00   .4859364E-11
 79.0   22660.00   .4859392E-11
 79.0   22670.00   .4859414E-11
 79.0   22680.00   .4859442E-11
 79.0   22690.00   .4859475E-11
 79.0   22700.00   .4859506E-11
 79.0   22710.00   .4859537E-11
 79.0   22720.00   .4859572E-11
 79.0   22730.00   .4859609E-11
 79.0   22740.00   .4859649E-11
 79.0   22750.00   .4859689E-11
 79.0   22760.00   .4859731E-11
 79.0   22770.00   .4859776E-11
 79.0   22780.00   .4859824E-11
 79.0   22790.00   .4859876E-11
 79.0   22800.00   .4859927E-11
 79.0   22810.00   .4859980E-11
 79.0   22820.00   .4860036E-11
 79.0   22830.00   .4860093E-11
 79.0   22840.00   .4860153E-11
 79.0   22850.00   .4860220E-11
 79.0   22860.00   .4860277E-11
 79.0   22870.00   .4860344E-11
 79.0   22880.00   .4860412E-11
 79.0   22890.00   .4860481E-11
 79.0   22900.00   .4860547E-11
 79.0   22910.00   .4860626E-11
 79.0   22920.00   .4860699E-11
 79.0   22930.00   .4860772E-11
 79.0   22940.00   .4860853E-11
 79.0   22950.00   .4860932E-11
 79.0   22960.00   .4861015E-11
 79.0   22970.00   .4861100E-11
 79.0   22980.00   .4861186E-11
 79.0   22990.00   .4861276E-11
 79.0   23000.00   .4861364E-11
 79.0   23010.00   .4861455E-11
 79.0   23020.00   .4861551E-11
 79.0   23030.00   .4861644E-11
 79.0   23040.00   .4861744E-11
 79.0   23050.00   .4861841E-11
 79.0   23060.00   .4861942E-11
 79.0   23070.00   .4862041E-11
 79.0   23080.00   .4862146E-11
 79.0   23090.00   .4862252E-11
 79.0   23100.00   .4862363E-11
 79.0   23110.00   .4862474E-11
 79.0   23120.00   .4862583E-11
 79.0   23130.00   .4862697E-11
 79.0   23140.00   .4862807E-11
 79.0   23150.00   .4862923E-11
 79.0   23160.00   .4863043E-11
 79.0   23170.00   .4863164E-11
 79.0   23180.00   .4863278E-11
 79.0   23190.00   .4863403E-11
 79.0   23200.00   .4863528E-11
 79.0   23210.00   .4863656E-11
 79.0   23220.00   .4863784E-11
 79.0   23230.00   .4863914E-11
 79.0   23240.00   .4864048E-11
 79.0   23250.00   .4864182E-11
 79.0   23260.00   .4864316E-11
 79.0   23270.00   .4864452E-11
 79.0   23280.00   .4864592E-11
 79.0   23290.00   .4864728E-11
 79.0   23300.00   .4864869E-11
 79.0   23310.00   .4865014E-11
 79.0   23320.00   .4865155E-11
 79.0   23330.00   .4865299E-11
 79.0   23340.00   .4865447E-11
 79.0   23350.00   .4865596E-11
 79.0   23360.00   .4865747E-11
 79.0   23370.00   .4865899E-11
 79.0   23380.00   .4866050E-11
 79.0   23390.00   .4866210E-11
 79.0   23400.00   .4866361E-11
 79.0   23410.00   .4866516E-11
 79.0   23420.00   .4866679E-11
 79.0   23430.00   .4866842E-11
 79.0   23440.00   .4866999E-11
 79.0   23450.00   .4867167E-11
 79.0   23460.00   .4867332E-11
 79.0   23470.00   .4867501E-11
 79.0   23480.00   .4867667E-11
 79.0   23490.00   .4867838E-11
 79.0   23500.00   .4868005E-11
 79.0   23510.00   .4868179E-11
 79.0   23520.00   .4868350E-11
 79.0   23530.00   .4868527E-11
 79.0   23540.00   .4868706E-11
 79.0   23550.00   .4868882E-11
 79.0   23560.00   .4869061E-11
 79.0   23570.00   .4869242E-11
 79.0   23580.00   .4869423E-11
 79.0   23590.00   .4869609E-11
 79.0   23600.00   .4869791E-11
 79.0   23610.00   .4869979E-11
 79.0   23620.00   .4870161E-11
 79.0   23630.00   .4870348E-11
 79.0   23640.00   .4870542E-11
 79.0   23650.00   .4870731E-11
 79.0   23660.00   .4870921E-11
 79.0   23670.00   .4871116E-11
 79.0   23680.00   .4871311E-11
 79.0   23690.00   .4871507E-11
 79.0   23700.00   .4871703E-11
 79.0   23710.00   .4871907E-11
 79.0   23720.00   .4872108E-11
 79.0   23730.00   .4872306E-11
 79.0   23740.00   .4872508E-11
 79.0   23750.00   .4872716E-11
 79.0   23760.00   .4872916E-11
 79.0   23770.00   .4873120E-11
 79.0   23780.00   .4873327E-11
 79.0   23790.00   .4873536E-11
 79.0   23800.00   .4873749E-11
 79.0   23810.00   .4873960E-11
 79.0   23820.00   .4874168E-11
 79.0   23830.00   .4874383E-11
 79.0   23840.00   .4874596E-11
 79.0   23850.00   .4874807E-11
 79.0   23860.00   .4875029E-11
 79.0   23870.00   .4875244E-11
 79.0   23880.00   .4875463E-11
 79.0   23890.00   .4875682E-11
 79.0   23900.00   .4875901E-11
 79.0   23910.00   .4876126E-11
 79.0   23920.00   .4876347E-11
 79.0   23930.00   .4876570E-11
 79.0   23940.00   .4876797E-11
 79.0   23950.00   .4877022E-11
 79.0   23960.00   .4877249E-11
 79.0   23970.00   .4877477E-11
 79.0   23980.00   .4877703E-11
 79.0   23990.00   .4877937E-11
 79.0   24000.00   .4878168E-11
 79.0   24010.00   .4878399E-11
 79.0   24020.00   .4878634E-11
 79.0   24030.00   .4878866E-11
 79.0   24040.00   .4879105E-11
 79.0   24050.00   .4879337E-11
 79.0   24060.00   .4879576E-11
 79.0   24070.00   .4879813E-11
 79.0   24080.00   .4880050E-11
 79.0   24090.00   .4880291E-11
 79.0   24100.00   .4880531E-11
 79.0   24110.00   .4880775E-11
 79.0   24120.00   .4881015E-11
 79.0   24130.00   .4881259E-11
 79.0   24140.00   .4881507E-11
 79.0   24150.00   .4881749E-11
 79.0   24160.00   .4881995E-11
 79.0   24170.00   .4882240E-11
 79.0   24180.00   .4882488E-11
 79.0   24190.00   .4882737E-11
 79.0   24200.00   .4882989E-11
 79.0   24210.00   .4883238E-11
 79.0   24220.00   .4883486E-11
 79.0   24230.00   .4883738E-11
 79.0   24240.00   .4883996E-11
 79.0   24250.00   .4884246E-11
 79.0   24260.00   .4884500E-11
 79.0   24270.00   .4884752E-11
 79.0   24280.00   .4885013E-11
 79.0   24290.00   .4885266E-11
 79.0   24300.00   .4885522E-11
 79.0   24310.00   .4885784E-11
 79.0   24320.00   .4886043E-11
 79.0   24330.00   .4886302E-11
 79.0   24340.00   .4886561E-11
 79.0   24350.00   .4886823E-11
 79.0   24360.00   .4887086E-11
 79.0   24370.00   .4887342E-11
 79.0   24380.00   .4887611E-11
 79.0   24390.00   .4887876E-11
 79.0   24400.00   .4888142E-11
 79.0   24410.00   .4888404E-11
 79.0   24420.00   .4888671E-11
 79.0   24430.00   .4888937E-11
 79.0   24440.00   .4889202E-11
 79.0   24450.00   .4889472E-11
 79.0   24460.00   .4889737E-11
 79.0   24470.00   .4890007E-11
 79.0   24480.00   .4890274E-11
 79.0   24490.00   .4890547E-11
 79.0   24500.00   .4890817E-11
 79.0   24510.00   .4891087E-11
 79.0   24520.00   .4891361E-11
 79.0   24530.00   .4891633E-11
 79.0   24540.00   .4891904E-11
 79.0   24550.00   .4892177E-11
 79.0   24560.00   .4892455E-11
 79.0   24570.00   .4892729E-11
 79.0   24580.00   .4893001E-11
 79.0   24590.00   .4893277E-11
 79.0   24600.00   .4893556E-11
 79.0   24610.00   .4893834E-11
 79.0   24620.00   .4894110E-11
 79.0   24630.00   .4894387E-11
 79.0   24640.00   .4894665E-11
 79.0   24650.00   .4894945E-11
 79.0   24660.00   .4895222E-11
 79.0   24670.00   .4895504E-11
 79.0   24680.00   .4895782E-11
 79.0   24690.00   .4896061E-11
 79.0   24700.00   .4896343E-11
 79.0   24710.00   .4896622E-11
 79.0   24720.00   .4896902E-11
 79.0   24730.00   .4897185E-11
 79.0   24740.00   .4897468E-11
 79.0   24750.00   .4897752E-11
 79.0   24760.00   .4898035E-11
 79.0   24770.00   .4898318E-11
 79.0   24780.00   .4898601E-11
 79.0   24790.00   .4898886E-11
 79.0   24800.00   .4899173E-11
 79.0   24810.00   .4899454E-11
 79.0   24820.00   .4899741E-11
 79.0   24830.00   .4900028E-11
 79.0   24840.00   .4900311E-11
 79.0   24850.00   .4900597E-11
 79.0   24860.00   .4900887E-11
 79.0   24870.00   .4901170E-11
 79.0   24880.00   .4901458E-11
 79.0   24890.00   .4901743E-11
 79.0   24900.00   .4902030E-11
 79.0   24910.00   .4902321E-11
 79.0   24920.00   .4902609E-11
 79.0   24930.00   .4902897E-11
 79.0   24940.00   .4903187E-11
 79.0   24950.00   .4903472E-11
 79.0   24960.00   .4903763E-11
 79.0   24970.00   .4904057E-11
 79.0   24980.00   .4904343E-11
 79.0   24990.00   .4904633E-11
 79.0   25000.00   .4904921E-11
