 16.0    1000.00   .1502284E-14
 16.0    1010.00   .9880484E-14
 16.0    1020.00   .3567941E-13
 16.0    1030.00   .9671384E-13
 16.0    1040.00   .2204705E-12
 16.0    1050.00   .4466876E-12
 16.0    1060.00   .8299745E-12
 16.0    1070.00   .1442276E-11
 16.0    1080.00   .2374926E-11
 16.0    1090.00   .3740000E-11
 16.0    1100.00   .5670601E-11
 16.0    1110.00   .8319731E-11
 16.0    1120.00   .1185740E-10
 16.0    1130.00   .1646568E-10
 16.0    1140.00   .2233143E-10
 16.0    1150.00   .2963673E-10
 16.0    1160.00   .3854703E-10
 16.0    1170.00   .4919727E-10
 16.0    1180.00   .6167681E-10
 16.0    1190.00   .7601359E-10
 16.0    1200.00   .9215887E-10
 16.0    1210.00   .1099734E-09
 16.0    1220.00   .1292170E-09
 16.0    1230.00   .1495421E-09
 16.0    1240.00   .1704941E-09
 16.0    1250.00   .1915164E-09
 16.0    1260.00   .2120187E-09
 16.0    1270.00   .2315904E-09
 16.0    1280.00   .2499268E-09
 16.0    1290.00   .2667969E-09
 16.0    1300.00   .2820495E-09
 16.0    1310.00   .2956144E-09
 16.0    1320.00   .3074994E-09
 16.0    1330.00   .3177850E-09
 16.0    1340.00   .3266154E-09
 16.0    1350.00   .3341904E-09
 16.0    1360.00   .3407544E-09
 16.0    1370.00   .3465886E-09
 16.0    1380.00   .3519951E-09
 16.0    1390.00   .3571389E-09
 16.0    1400.00   .3620327E-09
 16.0    1410.00   .3666818E-09
 16.0    1420.00   .3710932E-09
 16.0    1430.00   .3752753E-09
 16.0    1440.00   .3792384E-09
 16.0    1450.00   .3829964E-09
 16.0    1460.00   .3865664E-09
 16.0    1470.00   .3899694E-09
 16.0    1480.00   .3932306E-09
 16.0    1490.00   .3963787E-09
 16.0    1500.00   .3994471E-09
 16.0    1510.00   .4024683E-09
 16.0    1520.00   .4054634E-09
 16.0    1530.00   .4084492E-09
 16.0    1540.00   .4114416E-09
 16.0    1550.00   .4144557E-09
 16.0    1560.00   .4175058E-09
 16.0    1570.00   .4206056E-09
 16.0    1580.00   .4237684E-09
 16.0    1590.00   .4270066E-09
 16.0    1600.00   .4303324E-09
 16.0    1610.00   .4337572E-09
 16.0    1620.00   .4372928E-09
 16.0    1630.00   .4409504E-09
 16.0    1640.00   .4447408E-09
 16.0    1650.00   .4486753E-09
 16.0    1660.00   .4527650E-09
 16.0    1670.00   .4570209E-09
 16.0    1680.00   .4614544E-09
 16.0    1690.00   .4660772E-09
 16.0    1700.00   .4709014E-09
 16.0    1710.00   .4759391E-09
 16.0    1720.00   .4812035E-09
 16.0    1730.00   .4867081E-09
 16.0    1740.00   .4924671E-09
 16.0    1750.00   .4984955E-09
 16.0    1760.00   .5048057E-09
 16.0    1770.00   .5113969E-09
 16.0    1780.00   .5182645E-09
 16.0    1790.00   .5254036E-09
 16.0    1800.00   .5328094E-09
 16.0    1810.00   .5404761E-09
 16.0    1820.00   .5483976E-09
 16.0    1830.00   .5565673E-09
 16.0    1840.00   .5649781E-09
 16.0    1850.00   .5736224E-09
 16.0    1860.00   .5824916E-09
 16.0    1870.00   .5915767E-09
 16.0    1880.00   .6008680E-09
 16.0    1890.00   .6103549E-09
 16.0    1900.00   .6200259E-09
 16.0    1910.00   .6298687E-09
 16.0    1920.00   .6398702E-09
 16.0    1930.00   .6500161E-09
 16.0    1940.00   .6602912E-09
 16.0    1950.00   .6706796E-09
 16.0    1960.00   .6811636E-09
 16.0    1970.00   .6917252E-09
 16.0    1980.00   .7023446E-09
 16.0    1990.00   .7130013E-09
 16.0    2000.00   .7236734E-09
 16.0    2010.00   .7343413E-09
 16.0    2020.00   .7449995E-09
 16.0    2030.00   .7556459E-09
 16.0    2040.00   .7662784E-09
 16.0    2050.00   .7768948E-09
 16.0    2060.00   .7874926E-09
 16.0    2070.00   .7980697E-09
 16.0    2080.00   .8086238E-09
 16.0    2090.00   .8191524E-09
 16.0    2100.00   .8296535E-09
 16.0    2110.00   .8401246E-09
 16.0    2120.00   .8505633E-09
 16.0    2130.00   .8609673E-09
 16.0    2140.00   .8713343E-09
 16.0    2150.00   .8816621E-09
 16.0    2160.00   .8919484E-09
 16.0    2170.00   .9021909E-09
 16.0    2180.00   .9123877E-09
 16.0    2190.00   .9225365E-09
 16.0    2200.00   .9326353E-09
 16.0    2210.00   .9426822E-09
 16.0    2220.00   .9526752E-09
 16.0    2230.00   .9626125E-09
 16.0    2240.00   .9724925E-09
 16.0    2250.00   .9823131E-09
 16.0    2260.00   .9920735E-09
 16.0    2270.00   .1001773E-08
 16.0    2280.00   .1011412E-08
 16.0    2290.00   .1020990E-08
 16.0    2300.00   .1030507E-08
 16.0    2310.00   .1039965E-08
 16.0    2320.00   .1049363E-08
 16.0    2330.00   .1058703E-08
 16.0    2340.00   .1067984E-08
 16.0    2350.00   .1077208E-08
 16.0    2360.00   .1086376E-08
 16.0    2370.00   .1095489E-08
 16.0    2380.00   .1104550E-08
 16.0    2390.00   .1113558E-08
 16.0    2400.00   .1122516E-08
 16.0    2410.00   .1131427E-08
 16.0    2420.00   .1140291E-08
 16.0    2430.00   .1149111E-08
 16.0    2440.00   .1157890E-08
 16.0    2450.00   .1166629E-08
 16.0    2460.00   .1175331E-08
 16.0    2470.00   .1184000E-08
 16.0    2480.00   .1192639E-08
 16.0    2490.00   .1201248E-08
 16.0    2500.00   .1209834E-08
 16.0    2510.00   .1135431E-08
 16.0    2520.00   .1127135E-08
 16.0    2530.00   .9670966E-09
 16.0    2540.00   .7868333E-09
 16.0    2550.00   .8946251E-09
 16.0    2560.00   .1099410E-08
 16.0    2570.00   .1010189E-08
 16.0    2580.00   .9357352E-09
 16.0    2590.00   .9531357E-09
 16.0    2600.00   .9573965E-09
 16.0    2610.00   .1096613E-08
 16.0    2620.00   .1008398E-08
 16.0    2630.00   .9334208E-09
 16.0    2640.00   .1021395E-08
 16.0    2650.00   .1345621E-08
 16.0    2660.00   .1301418E-08
 16.0    2670.00   .1290303E-08
 16.0    2680.00   .1483004E-08
 16.0    2690.00   .1496565E-08
 16.0    2700.00   .1590375E-08
 16.0    2710.00   .1726139E-08
 16.0    2720.00   .1808930E-08
 16.0    2730.00   .1896518E-08
 16.0    2740.00   .1974020E-08
 16.0    2750.00   .2025670E-08
 16.0    2760.00   .2033318E-08
 16.0    2770.00   .2093242E-08
 16.0    2780.00   .2254723E-08
 16.0    2790.00   .2414666E-08
 16.0    2800.00   .2529358E-08
 16.0    2810.00   .2848278E-08
 16.0    2820.00   .3203162E-08
 16.0    2830.00   .3417362E-08
 16.0    2840.00   .3631860E-08
 16.0    2850.00   .3838332E-08
 16.0    2860.00   .4276689E-08
 16.0    2870.00   .4603495E-08
 16.0    2880.00   .5052770E-08
 16.0    2890.00   .5112835E-08
 16.0    2900.00   .5388082E-08
 16.0    2910.00   .5592193E-08
 16.0    2920.00   .5594007E-08
 16.0    2930.00   .5613416E-08
 16.0    2940.00   .5620681E-08
 16.0    2950.00   .5554191E-08
 16.0    2960.00   .5430883E-08
 16.0    2970.00   .5622765E-08
 16.0    2980.00   .5703125E-08
 16.0    2990.00   .5572884E-08
 16.0    3000.00   .5496156E-08
 16.0    3010.00   .5454007E-08
 16.0    3020.00   .5615545E-08
 16.0    3030.00   .5894737E-08
 16.0    3040.00   .6022459E-08
 16.0    3050.00   .5784011E-08
 16.0    3060.00   .5633726E-08
 16.0    3070.00   .6068343E-08
 16.0    3080.00   .6364218E-08
 16.0    3090.00   .6049205E-08
 16.0    3100.00   .6214323E-08
 16.0    3110.00   .6231212E-08
 16.0    3120.00   .6289728E-08
 16.0    3130.00   .6773974E-08
 16.0    3140.00   .6784548E-08
 16.0    3150.00   .6263195E-08
 16.0    3160.00   .6817681E-08
 16.0    3170.00   .7144401E-08
 16.0    3180.00   .6798746E-08
 16.0    3190.00   .6539009E-08
 16.0    3200.00   .6676517E-08
 16.0    3210.00   .6001633E-08
 16.0    3220.00   .5985320E-08
 16.0    3230.00   .5451250E-08
 16.0    3240.00   .5358237E-08
 16.0    3250.00   .5126117E-08
 16.0    3260.00   .5090140E-08
 16.0    3270.00   .5094576E-08
 16.0    3280.00   .5109017E-08
 16.0    3290.00   .5220203E-08
 16.0    3300.00   .5364853E-08
 16.0    3310.00   .5491298E-08
 16.0    3320.00   .5944684E-08
 16.0    3330.00   .6262550E-08
 16.0    3340.00   .6503627E-08
 16.0    3350.00   .6732231E-08
 16.0    3360.00   .6931831E-08
 16.0    3370.00   .6856420E-08
 16.0    3380.00   .6753944E-08
 16.0    3390.00   .6578323E-08
 16.0    3400.00   .6787878E-08
 16.0    3410.00   .7047460E-08
 16.0    3420.00   .7407587E-08
 16.0    3430.00   .7797153E-08
 16.0    3440.00   .8163181E-08
 16.0    3450.00   .8324609E-08
 16.0    3460.00   .8694893E-08
 16.0    3470.00   .8928599E-08
 16.0    3480.00   .8899589E-08
 16.0    3490.00   .9029712E-08
 16.0    3500.00   .9326898E-08
 16.0    3510.00   .9504178E-08
 16.0    3520.00   .9477240E-08
 16.0    3530.00   .9400608E-08
 16.0    3540.00   .9203596E-08
 16.0    3550.00   .8980433E-08
 16.0    3560.00   .8804400E-08
 16.0    3570.00   .8455364E-08
 16.0    3580.00   .8172579E-08
 16.0    3590.00   .7817044E-08
 16.0    3600.00   .7433941E-08
 16.0    3610.00   .7113720E-08
 16.0    3620.00   .6558418E-08
 16.0    3630.00   .6135987E-08
 16.0    3640.00   .5865758E-08
 16.0    3650.00   .5310228E-08
 16.0    3660.00   .4558938E-08
 16.0    3670.00   .4299974E-08
 16.0    3680.00   .3999421E-08
 16.0    3690.00   .3664005E-08
 16.0    3700.00   .3457077E-08
 16.0    3710.00   .3583441E-08
 16.0    3720.00   .3571275E-08
 16.0    3730.00   .3755415E-08
 16.0    3740.00   .3962265E-08
 16.0    3750.00   .4230126E-08
 16.0    3760.00   .4427044E-08
 16.0    3770.00   .4686561E-08
 16.0    3780.00   .4839476E-08
 16.0    3790.00   .4901741E-08
 16.0    3800.00   .5315168E-08
 16.0    3810.00   .5719040E-08
 16.0    3820.00   .5718561E-08
 16.0    3830.00   .6190070E-08
 16.0    3840.00   .6770032E-08
 16.0    3850.00   .7334652E-08
 16.0    3860.00   .7877176E-08
 16.0    3870.00   .8324842E-08
 16.0    3880.00   .8676965E-08
 16.0    3890.00   .8818260E-08
 16.0    3900.00   .8984105E-08
 16.0    3910.00   .8935233E-08
 16.0    3920.00   .9021790E-08
 16.0    3930.00   .8975838E-08
 16.0    3940.00   .8663571E-08
 16.0    3950.00   .8653325E-08
 16.0    3960.00   .8314705E-08
 16.0    3970.00   .7945475E-08
 16.0    3980.00   .7564797E-08
 16.0    3990.00   .7436924E-08
 16.0    4000.00   .7430230E-08
 16.0    4010.00   .7488363E-08
 16.0    4020.00   .7754734E-08
 16.0    4030.00   .8042684E-08
 16.0    4040.00   .8311488E-08
 16.0    4050.00   .8616088E-08
 16.0    4060.00   .8885567E-08
 16.0    4070.00   .9105195E-08
 16.0    4080.00   .9126357E-08
 16.0    4090.00   .9025206E-08
 16.0    4100.00   .8934009E-08
 16.0    4110.00   .8733094E-08
 16.0    4120.00   .8502153E-08
 16.0    4130.00   .8294704E-08
 16.0    4140.00   .8082444E-08
 16.0    4150.00   .7927903E-08
 16.0    4160.00   .7740663E-08
 16.0    4170.00   .7584706E-08
 16.0    4180.00   .7417246E-08
 16.0    4190.00   .7185093E-08
 16.0    4200.00   .6907024E-08
 16.0    4210.00   .6563551E-08
 16.0    4220.00   .6252823E-08
 16.0    4230.00   .5954902E-08
 16.0    4240.00   .5628164E-08
 16.0    4250.00   .5369598E-08
 16.0    4260.00   .5091037E-08
 16.0    4270.00   .4852764E-08
 16.0    4280.00   .4584636E-08
 16.0    4290.00   .4479439E-08
 16.0    4300.00   .4372557E-08
 16.0    4310.00   .4435327E-08
 16.0    4320.00   .4572683E-08
 16.0    4330.00   .4743704E-08
 16.0    4340.00   .4939876E-08
 16.0    4350.00   .5178171E-08
 16.0    4360.00   .5344064E-08
 16.0    4370.00   .5511549E-08
 16.0    4380.00   .5576543E-08
 16.0    4390.00   .5524826E-08
 16.0    4400.00   .5439599E-08
 16.0    4410.00   .5343851E-08
 16.0    4420.00   .5323971E-08
 16.0    4430.00   .5369445E-08
 16.0    4440.00   .5536603E-08
 16.0    4450.00   .5760713E-08
 16.0    4460.00   .5991691E-08
 16.0    4470.00   .6227116E-08
 16.0    4480.00   .6347099E-08
 16.0    4490.00   .6422665E-08
 16.0    4500.00   .6473121E-08
 16.0    4510.00   .6478704E-08
 16.0    4520.00   .6422982E-08
 16.0    4530.00   .6335959E-08
 16.0    4540.00   .6209193E-08
 16.0    4550.00   .6089649E-08
 16.0    4560.00   .6050494E-08
 16.0    4570.00   .5935171E-08
 16.0    4580.00   .5874750E-08
 16.0    4590.00   .5822653E-08
 16.0    4600.00   .5680979E-08
 16.0    4610.00   .5513422E-08
 16.0    4620.00   .5234629E-08
 16.0    4630.00   .4976777E-08
 16.0    4640.00   .4758389E-08
 16.0    4650.00   .4571905E-08
 16.0    4660.00   .4463853E-08
 16.0    4670.00   .4348156E-08
 16.0    4680.00   .4313181E-08
 16.0    4690.00   .4278556E-08
 16.0    4700.00   .4208863E-08
 16.0    4710.00   .4077988E-08
 16.0    4720.00   .3977612E-08
 16.0    4730.00   .3892042E-08
 16.0    4740.00   .3792747E-08
 16.0    4750.00   .3741304E-08
 16.0    4760.00   .3749503E-08
 16.0    4770.00   .3787605E-08
 16.0    4780.00   .3804984E-08
 16.0    4790.00   .3805508E-08
 16.0    4800.00   .3738898E-08
 16.0    4810.00   .3628874E-08
 16.0    4820.00   .3477598E-08
 16.0    4830.00   .3310103E-08
 16.0    4840.00   .3127244E-08
 16.0    4850.00   .2984675E-08
 16.0    4860.00   .2877992E-08
 16.0    4870.00   .2848344E-08
 16.0    4880.00   .2892797E-08
 16.0    4890.00   .2937667E-08
 16.0    4900.00   .3010032E-08
 16.0    4910.00   .3065327E-08
 16.0    4920.00   .3127396E-08
 16.0    4930.00   .3172984E-08
 16.0    4940.00   .3203055E-08
 16.0    4950.00   .3249890E-08
 16.0    4960.00   .3270638E-08
 16.0    4970.00   .3299513E-08
 16.0    4980.00   .3309810E-08
 16.0    4990.00   .3326802E-08
 16.0    5000.00   .3410969E-08
 16.0    5010.00   .3471744E-08
 16.0    5020.00   .3549326E-08
 16.0    5030.00   .3635784E-08
 16.0    5040.00   .3726550E-08
 16.0    5050.00   .3838434E-08
 16.0    5060.00   .3942493E-08
 16.0    5070.00   .4052888E-08
 16.0    5080.00   .4143296E-08
 16.0    5090.00   .4202896E-08
 16.0    5100.00   .4263354E-08
 16.0    5110.00   .4258747E-08
 16.0    5120.00   .4228572E-08
 16.0    5130.00   .4192166E-08
 16.0    5140.00   .4148263E-08
 16.0    5150.00   .4120427E-08
 16.0    5160.00   .4142326E-08
 16.0    5170.00   .4118669E-08
 16.0    5180.00   .4077915E-08
 16.0    5190.00   .4035167E-08
 16.0    5200.00   .3935134E-08
 16.0    5210.00   .3796382E-08
 16.0    5220.00   .3633108E-08
 16.0    5230.00   .3440958E-08
 16.0    5240.00   .3261185E-08
 16.0    5250.00   .3086255E-08
 16.0    5260.00   .2979026E-08
 16.0    5270.00   .2898704E-08
 16.0    5280.00   .2853495E-08
 16.0    5290.00   .2840488E-08
 16.0    5300.00   .2862289E-08
 16.0    5310.00   .2887397E-08
 16.0    5320.00   .2935956E-08
 16.0    5330.00   .2978432E-08
 16.0    5340.00   .3003917E-08
 16.0    5350.00   .3018503E-08
 16.0    5360.00   .3020556E-08
 16.0    5370.00   .2998672E-08
 16.0    5380.00   .2949861E-08
 16.0    5390.00   .2888678E-08
 16.0    5400.00   .2821221E-08
 16.0    5410.00   .2734302E-08
 16.0    5420.00   .2642772E-08
 16.0    5430.00   .2575592E-08
 16.0    5440.00   .2514606E-08
 16.0    5450.00   .2498147E-08
 16.0    5460.00   .2529829E-08
 16.0    5470.00   .2596365E-08
 16.0    5480.00   .2698516E-08
 16.0    5490.00   .2815571E-08
 16.0    5500.00   .2935558E-08
 16.0    5510.00   .3030130E-08
 16.0    5520.00   .3124179E-08
 16.0    5530.00   .3186749E-08
 16.0    5540.00   .3214336E-08
 16.0    5550.00   .3220829E-08
 16.0    5560.00   .3207862E-08
 16.0    5570.00   .3212568E-08
 16.0    5580.00   .3217161E-08
 16.0    5590.00   .3250287E-08
 16.0    5600.00   .3247822E-08
 16.0    5610.00   .3253804E-08
 16.0    5620.00   .3250095E-08
 16.0    5630.00   .3233372E-08
 16.0    5640.00   .3223404E-08
 16.0    5650.00   .3180765E-08
 16.0    5660.00   .3159214E-08
 16.0    5670.00   .3129991E-08
 16.0    5680.00   .3102658E-08
 16.0    5690.00   .3062000E-08
 16.0    5700.00   .3000622E-08
 16.0    5710.00   .2931439E-08
 16.0    5720.00   .2848801E-08
 16.0    5730.00   .2771089E-08
 16.0    5740.00   .2725788E-08
 16.0    5750.00   .2675025E-08
 16.0    5760.00   .2646226E-08
 16.0    5770.00   .2647302E-08
 16.0    5780.00   .2645861E-08
 16.0    5790.00   .2652891E-08
 16.0    5800.00   .2694151E-08
 16.0    5810.00   .2719619E-08
 16.0    5820.00   .2751417E-08
 16.0    5830.00   .2773678E-08
 16.0    5840.00   .2795150E-08
 16.0    5850.00   .2807094E-08
 16.0    5860.00   .2804727E-08
 16.0    5870.00   .2822717E-08
 16.0    5880.00   .2784804E-08
 16.0    5890.00   .2718859E-08
 16.0    5900.00   .2664581E-08
 16.0    5910.00   .2744047E-08
 16.0    5920.00   .2755660E-08
 16.0    5930.00   .2696539E-08
 16.0    5940.00   .2594839E-08
 16.0    5950.00   .2484789E-08
 16.0    5960.00   .2388823E-08
 16.0    5970.00   .2289617E-08
 16.0    5980.00   .2187449E-08
 16.0    5990.00   .2108944E-08
 16.0    6000.00   .2009286E-08
 16.0    6010.00   .1920872E-08
 16.0    6020.00   .1820886E-08
 16.0    6030.00   .1740352E-08
 16.0    6040.00   .1640843E-08
 16.0    6050.00   .1540073E-08
 16.0    6060.00   .1444356E-08
 16.0    6070.00   .1360355E-08
 16.0    6080.00   .1298382E-08
 16.0    6090.00   .1246880E-08
 16.0    6100.00   .1214148E-08
 16.0    6110.00   .1197945E-08
 16.0    6120.00   .1192221E-08
 16.0    6130.00   .1221627E-08
 16.0    6140.00   .1265504E-08
 16.0    6150.00   .1334363E-08
 16.0    6160.00   .1434189E-08
 16.0    6170.00   .1544225E-08
 16.0    6180.00   .1655522E-08
 16.0    6190.00   .1779929E-08
 16.0    6200.00   .1910636E-08
 16.0    6210.00   .2030919E-08
 16.0    6220.00   .2134391E-08
 16.0    6230.00   .2222965E-08
 16.0    6240.00   .2300774E-08
 16.0    6250.00   .2375161E-08
 16.0    6260.00   .2437031E-08
 16.0    6270.00   .2505633E-08
 16.0    6280.00   .2503351E-08
 16.0    6290.00   .2561794E-08
 16.0    6300.00   .2591256E-08
 16.0    6310.00   .2619917E-08
 16.0    6320.00   .2619599E-08
 16.0    6330.00   .2635119E-08
 16.0    6340.00   .2643638E-08
 16.0    6350.00   .2652773E-08
 16.0    6360.00   .2640089E-08
 16.0    6370.00   .2635922E-08
 16.0    6380.00   .2614675E-08
 16.0    6390.00   .2595975E-08
 16.0    6400.00   .2573658E-08
 16.0    6410.00   .2527840E-08
 16.0    6420.00   .2501481E-08
 16.0    6430.00   .2465313E-08
 16.0    6440.00   .2435864E-08
 16.0    6450.00   .2392629E-08
 16.0    6460.00   .2370949E-08
 16.0    6470.00   .2343933E-08
 16.0    6480.00   .2319316E-08
 16.0    6490.00   .2289511E-08
 16.0    6500.00   .2271726E-08
 16.0    6510.00   .2258185E-08
 16.0    6520.00   .2240227E-08
 16.0    6530.00   .2205006E-08
 16.0    6540.00   .2182448E-08
 16.0    6550.00   .2166190E-08
 16.0    6560.00   .2143941E-08
 16.0    6570.00   .2114819E-08
 16.0    6580.00   .2090775E-08
 16.0    6590.00   .2060937E-08
 16.0    6600.00   .2037511E-08
 16.0    6610.00   .2009857E-08
 16.0    6620.00   .1990141E-08
 16.0    6630.00   .1967520E-08
 16.0    6640.00   .1936435E-08
 16.0    6650.00   .1924738E-08
 16.0    6660.00   .1913930E-08
 16.0    6670.00   .1886966E-08
 16.0    6680.00   .1860283E-08
 16.0    6690.00   .1837263E-08
 16.0    6700.00   .1801362E-08
 16.0    6710.00   .1774596E-08
 16.0    6720.00   .1750514E-08
 16.0    6730.00   .1729011E-08
 16.0    6740.00   .1700183E-08
 16.0    6750.00   .1688169E-08
 16.0    6760.00   .1661760E-08
 16.0    6770.00   .1652197E-08
 16.0    6780.00   .1631612E-08
 16.0    6790.00   .1622609E-08
 16.0    6800.00   .1612035E-08
 16.0    6810.00   .1613289E-08
 16.0    6820.00   .1599028E-08
 16.0    6830.00   .1577290E-08
 16.0    6840.00   .1557295E-08
 16.0    6850.00   .1517441E-08
 16.0    6860.00   .1526262E-08
 16.0    6870.00   .1491143E-08
 16.0    6880.00   .1485125E-08
 16.0    6890.00   .1461702E-08
 16.0    6900.00   .1484714E-08
 16.0    6910.00   .1458473E-08
 16.0    6920.00   .1457839E-08
 16.0    6930.00   .1452716E-08
 16.0    6940.00   .1438287E-08
 16.0    6950.00   .1439843E-08
 16.0    6960.00   .1431885E-08
 16.0    6970.00   .1415903E-08
 16.0    6980.00   .1411115E-08
 16.0    6990.00   .1406123E-08
 16.0    7000.00   .1388794E-08
 16.0    7010.00   .1379020E-08
 16.0    7020.00   .1378479E-08
 16.0    7030.00   .1371604E-08
 16.0    7040.00   .1376130E-08
 16.0    7050.00   .1373272E-08
 16.0    7060.00   .1373481E-08
 16.0    7070.00   .1376526E-08
 16.0    7080.00   .1370623E-08
 16.0    7090.00   .1364996E-08
 16.0    7100.00   .1365601E-08
 16.0    7110.00   .1359775E-08
 16.0    7120.00   .1355520E-08
 16.0    7130.00   .1349740E-08
 16.0    7140.00   .1336426E-08
 16.0    7150.00   .1316334E-08
 16.0    7160.00   .1300767E-08
 16.0    7170.00   .1275248E-08
 16.0    7180.00   .1278526E-08
 16.0    7190.00   .1267511E-08
 16.0    7200.00   .1255147E-08
 16.0    7210.00   .1243443E-08
 16.0    7220.00   .1232893E-08
 16.0    7230.00   .1222387E-08
 16.0    7240.00   .1212483E-08
 16.0    7250.00   .1186363E-08
 16.0    7260.00   .1167224E-08
 16.0    7270.00   .1164281E-08
 16.0    7280.00   .1148860E-08
 16.0    7290.00   .1132131E-08
 16.0    7300.00   .1119865E-08
 16.0    7310.00   .1117742E-08
 16.0    7320.00   .1093535E-08
 16.0    7330.00   .1074747E-08
 16.0    7340.00   .1057274E-08
 16.0    7350.00   .1043967E-08
 16.0    7360.00   .1036481E-08
 16.0    7370.00   .1030812E-08
 16.0    7380.00   .1021708E-08
 16.0    7390.00   .1008661E-08
 16.0    7400.00   .9988187E-09
 16.0    7410.00   .9806889E-09
 16.0    7420.00   .9507407E-09
 16.0    7430.00   .9353728E-09
 16.0    7440.00   .9073211E-09
 16.0    7450.00   .8824562E-09
 16.0    7460.00   .8730638E-09
 16.0    7470.00   .8595099E-09
 16.0    7480.00   .8563352E-09
 16.0    7490.00   .8710458E-09
 16.0    7500.00   .8778958E-09
 16.0    7510.00   .8814770E-09
 16.0    7520.00   .8852750E-09
 16.0    7530.00   .8841961E-09
 16.0    7540.00   .8734248E-09
 16.0    7550.00   .8569527E-09
 16.0    7560.00   .8466446E-09
 16.0    7570.00   .8208814E-09
 16.0    7580.00   .8127146E-09
 16.0    7590.00   .8364856E-09
 16.0    7600.00   .8460420E-09
 16.0    7610.00   .8731289E-09
 16.0    7620.00   .8955346E-09
 16.0    7630.00   .8975463E-09
 16.0    7640.00   .9179423E-09
 16.0    7650.00   .9314117E-09
 16.0    7660.00   .9202526E-09
 16.0    7670.00   .9237169E-09
 16.0    7680.00   .9104046E-09
 16.0    7690.00   .9114808E-09
 16.0    7700.00   .9082218E-09
 16.0    7710.00   .9021953E-09
 16.0    7720.00   .8991646E-09
 16.0    7730.00   .9015035E-09
 16.0    7740.00   .9011171E-09
 16.0    7750.00   .8970468E-09
 16.0    7760.00   .8944925E-09
 16.0    7770.00   .9003381E-09
 16.0    7780.00   .8968530E-09
 16.0    7790.00   .8787481E-09
 16.0    7800.00   .8629323E-09
 16.0    7810.00   .8591849E-09
 16.0    7820.00   .8398676E-09
 16.0    7830.00   .8121158E-09
 16.0    7840.00   .8073140E-09
 16.0    7850.00   .7988230E-09
 16.0    7860.00   .7747039E-09
 16.0    7870.00   .7470651E-09
 16.0    7880.00   .7508508E-09
 16.0    7890.00   .7359041E-09
 16.0    7900.00   .7059235E-09
 16.0    7910.00   .6972908E-09
 16.0    7920.00   .7028690E-09
 16.0    7930.00   .6847755E-09
 16.0    7940.00   .6622881E-09
 16.0    7950.00   .6587173E-09
 16.0    7960.00   .6482178E-09
 16.0    7970.00   .6260624E-09
 16.0    7980.00   .6052062E-09
 16.0    7990.00   .6085141E-09
 16.0    8000.00   .6067802E-09
 16.0    8010.00   .5938893E-09
 16.0    8020.00   .5888509E-09
 16.0    8030.00   .6043553E-09
 16.0    8040.00   .6078982E-09
 16.0    8050.00   .6069329E-09
 16.0    8060.00   .6005430E-09
 16.0    8070.00   .6026328E-09
 16.0    8080.00   .6050256E-09
 16.0    8090.00   .5896217E-09
 16.0    8100.00   .5790010E-09
 16.0    8110.00   .5853296E-09
 16.0    8120.00   .5809267E-09
 16.0    8130.00   .5602976E-09
 16.0    8140.00   .5551539E-09
 16.0    8150.00   .5508714E-09
 16.0    8160.00   .5419771E-09
 16.0    8170.00   .5411712E-09
 16.0    8180.00   .5325033E-09
 16.0    8190.00   .5449339E-09
 16.0    8200.00   .5497457E-09
 16.0    8210.00   .5384847E-09
 16.0    8220.00   .5421479E-09
 16.0    8230.00   .5530446E-09
 16.0    8240.00   .5533841E-09
 16.0    8250.00   .5524957E-09
 16.0    8260.00   .5767388E-09
 16.0    8270.00   .5703888E-09
 16.0    8280.00   .5749388E-09
 16.0    8290.00   .5701100E-09
 16.0    8300.00   .5683948E-09
 16.0    8310.00   .5929122E-09
 16.0    8320.00   .5931983E-09
 16.0    8330.00   .5864513E-09
 16.0    8340.00   .5961991E-09
 16.0    8350.00   .6246481E-09
 16.0    8360.00   .6263909E-09
 16.0    8370.00   .6292758E-09
 16.0    8380.00   .6397762E-09
 16.0    8390.00   .6620901E-09
 16.0    8400.00   .6704537E-09
 16.0    8410.00   .6670483E-09
 16.0    8420.00   .6768973E-09
 16.0    8430.00   .7000074E-09
 16.0    8440.00   .7071418E-09
 16.0    8450.00   .6993783E-09
 16.0    8460.00   .7074837E-09
 16.0    8470.00   .7221669E-09
 16.0    8480.00   .7231577E-09
 16.0    8490.00   .7039291E-09
 16.0    8500.00   .7036396E-09
 16.0    8510.00   .7216672E-09
 16.0    8520.00   .7269921E-09
 16.0    8530.00   .7109278E-09
 16.0    8540.00   .7193984E-09
 16.0    8550.00   .7265676E-09
 16.0    8560.00   .7110502E-09
 16.0    8570.00   .7058378E-09
 16.0    8580.00   .7105168E-09
 16.0    8590.00   .7167275E-09
 16.0    8600.00   .7044437E-09
 16.0    8610.00   .6924732E-09
 16.0    8620.00   .6990572E-09
 16.0    8630.00   .7050003E-09
 16.0    8640.00   .7054432E-09
 16.0    8650.00   .6918474E-09
 16.0    8660.00   .7006409E-09
 16.0    8670.00   .7024681E-09
 16.0    8680.00   .6940044E-09
 16.0    8690.00   .6736711E-09
 16.0    8700.00   .6834573E-09
 16.0    8710.00   .6927405E-09
 16.0    8720.00   .6707900E-09
 16.0    8730.00   .6583200E-09
 16.0    8740.00   .6548488E-09
 16.0    8750.00   .6676335E-09
 16.0    8760.00   .6532942E-09
 16.0    8770.00   .6382133E-09
 16.0    8780.00   .6366929E-09
 16.0    8790.00   .6449904E-09
 16.0    8800.00   .6208591E-09
 16.0    8810.00   .6033069E-09
 16.0    8820.00   .5901560E-09
 16.0    8830.00   .5854735E-09
 16.0    8840.00   .5829698E-09
 16.0    8850.00   .5620220E-09
 16.0    8860.00   .5456170E-09
 16.0    8870.00   .5481579E-09
 16.0    8880.00   .5372241E-09
 16.0    8890.00   .5319343E-09
 16.0    8900.00   .5158245E-09
 16.0    8910.00   .5222818E-09
 16.0    8920.00   .5222537E-09
 16.0    8930.00   .5301620E-09
 16.0    8940.00   .5287128E-09
 16.0    8950.00   .5159723E-09
 16.0    8960.00   .5103624E-09
 16.0    8970.00   .4948576E-09
 16.0    8980.00   .5152137E-09
 16.0    8990.00   .4983407E-09
 16.0    9000.00   .5124499E-09
 16.0    9010.00   .4931263E-09
 16.0    9020.00   .4820656E-09
 16.0    9030.00   .4945697E-09
 16.0    9040.00   .5062521E-09
 16.0    9050.00   .4951608E-09
 16.0    9060.00   .4967970E-09
 16.0    9070.00   .4859048E-09
 16.0    9080.00   .4907186E-09
 16.0    9090.00   .4932983E-09
 16.0    9100.00   .4899388E-09
 16.0    9110.00   .5060739E-09
 16.0    9120.00   .5004166E-09
 16.0    9130.00   .4941662E-09
 16.0    9140.00   .5115827E-09
 16.0    9150.00   .5039121E-09
 16.0    9160.00   .4966606E-09
 16.0    9170.00   .5148234E-09
 16.0    9180.00   .5085717E-09
 16.0    9190.00   .5398963E-09
 16.0    9200.00   .5204809E-09
 16.0    9210.00   .5363854E-09
 16.0    9220.00   .5343437E-09
 16.0    9230.00   .5303312E-09
 16.0    9240.00   .5195633E-09
 16.0    9250.00   .5192785E-09
 16.0    9260.00   .5331010E-09
 16.0    9270.00   .5223509E-09
 16.0    9280.00   .5081207E-09
 16.0    9290.00   .5050931E-09
 16.0    9300.00   .4819612E-09
 16.0    9310.00   .4394489E-09
 16.0    9320.00   .3912961E-09
 16.0    9330.00   .3879564E-09
 16.0    9340.00   .3394155E-09
 16.0    9350.00   .3644171E-09
 16.0    9360.00   .3467456E-09
 16.0    9370.00   .3732338E-09
 16.0    9380.00   .3535114E-09
 16.0    9390.00   .4195185E-09
 16.0    9400.00   .4369668E-09
 16.0    9410.00   .4261378E-09
 16.0    9420.00   .3982805E-09
 16.0    9430.00   .3590144E-09
 16.0    9440.00   .3515314E-09
 16.0    9450.00   .3685475E-09
 16.0    9460.00   .3542191E-09
 16.0    9470.00   .3658207E-09
 16.0    9480.00   .3769598E-09
 16.0    9490.00   .3791839E-09
 16.0    9500.00   .3240809E-09
 16.0    9510.00   .3809556E-09
 16.0    9520.00   .3366133E-09
 16.0    9530.00   .3463685E-09
 16.0    9540.00   .3633900E-09
 16.0    9550.00   .3512708E-09
 16.0    9560.00   .3534164E-09
 16.0    9570.00   .3291176E-09
 16.0    9580.00   .3658317E-09
 16.0    9590.00   .3313659E-09
 16.0    9600.00   .3480002E-09
 16.0    9610.00   .3432010E-09
 16.0    9620.00   .3522625E-09
 16.0    9630.00   .3459000E-09
 16.0    9640.00   .3438090E-09
 16.0    9650.00   .3419108E-09
 16.0    9660.00   .3604402E-09
 16.0    9670.00   .3227887E-09
 16.0    9680.00   .3364059E-09
 16.0    9690.00   .3316764E-09
 16.0    9700.00   .3289225E-09
 16.0    9710.00   .3390724E-09
 16.0    9720.00   .3213510E-09
 16.0    9730.00   .3388181E-09
 16.0    9740.00   .3217960E-09
 16.0    9750.00   .3194510E-09
 16.0    9760.00   .3097226E-09
 16.0    9770.00   .3307142E-09
 16.0    9780.00   .3183941E-09
 16.0    9790.00   .3139244E-09
 16.0    9800.00   .3196659E-09
 16.0    9810.00   .3010178E-09
 16.0    9820.00   .3096559E-09
 16.0    9830.00   .3155585E-09
 16.0    9840.00   .3193128E-09
 16.0    9850.00   .3149589E-09
 16.0    9860.00   .3114402E-09
 16.0    9870.00   .3056157E-09
 16.0    9880.00   .3211948E-09
 16.0    9890.00   .3039747E-09
 16.0    9900.00   .3092030E-09
 16.0    9910.00   .2828563E-09
 16.0    9920.00   .3099140E-09
 16.0    9930.00   .2810044E-09
 16.0    9940.00   .2810980E-09
 16.0    9950.00   .3101113E-09
 16.0    9960.00   .2933930E-09
 16.0    9970.00   .2942295E-09
 16.0    9980.00   .2946591E-09
 16.0    9990.00   .2962479E-09
 16.0   10000.00   .2975210E-09
 16.0   10010.00   .2962373E-09
 16.0   10020.00   .2949545E-09
 16.0   10030.00   .2936724E-09
 16.0   10040.00   .2923904E-09
 16.0   10050.00   .2911090E-09
 16.0   10060.00   .2898280E-09
 16.0   10070.00   .2885476E-09
 16.0   10080.00   .2872671E-09
 16.0   10090.00   .2859873E-09
 16.0   10100.00   .2847079E-09
 16.0   10110.00   .2834286E-09
 16.0   10120.00   .2821497E-09
 16.0   10130.00   .2808711E-09
 16.0   10140.00   .2795925E-09
 16.0   10150.00   .2783145E-09
 16.0   10160.00   .2770364E-09
 16.0   10170.00   .2757586E-09
 16.0   10180.00   .2744810E-09
 16.0   10190.00   .2732035E-09
 16.0   10200.00   .2719261E-09
 16.0   10210.00   .2706490E-09
 16.0   10220.00   .2693718E-09
 16.0   10230.00   .2680945E-09
 16.0   10240.00   .2668175E-09
 16.0   10250.00   .2655403E-09
 16.0   10260.00   .2642633E-09
 16.0   10270.00   .2629865E-09
 16.0   10280.00   .2617093E-09
 16.0   10290.00   .2604321E-09
 16.0   10300.00   .2591547E-09
 16.0   10310.00   .2578771E-09
 16.0   10320.00   .2566000E-09
 16.0   10330.00   .2553223E-09
 16.0   10340.00   .2540444E-09
 16.0   10350.00   .2527667E-09
 16.0   10360.00   .2514887E-09
 16.0   10370.00   .2502102E-09
 16.0   10380.00   .2489317E-09
 16.0   10390.00   .2476530E-09
 16.0   10400.00   .2463740E-09
 16.0   10410.00   .2450947E-09
 16.0   10420.00   .2438150E-09
 16.0   10430.00   .2425355E-09
 16.0   10440.00   .2412551E-09
 16.0   10450.00   .2399746E-09
 16.0   10460.00   .2386936E-09
 16.0   10470.00   .2374127E-09
 16.0   10480.00   .2361310E-09
 16.0   10490.00   .2348490E-09
 16.0   10500.00   .2335667E-09
 16.0   10510.00   .2322842E-09
 16.0   10520.00   .2310013E-09
 16.0   10530.00   .2297177E-09
 16.0   10540.00   .2284339E-09
 16.0   10550.00   .2271500E-09
 16.0   10560.00   .2258653E-09
 16.0   10570.00   .2245801E-09
 16.0   10580.00   .2232946E-09
 16.0   10590.00   .2220087E-09
 16.0   10600.00   .2207226E-09
 16.0   10610.00   .2194357E-09
 16.0   10620.00   .2181482E-09
 16.0   10630.00   .2168605E-09
 16.0   10640.00   .2155723E-09
 16.0   10650.00   .2142833E-09
 16.0   10660.00   .2129942E-09
 16.0   10670.00   .2117044E-09
 16.0   10680.00   .2104142E-09
 16.0   10690.00   .2091234E-09
 16.0   10700.00   .2078319E-09
 16.0   10710.00   .2065402E-09
 16.0   10720.00   .2052477E-09
 16.0   10730.00   .2039550E-09
 16.0   10740.00   .2026615E-09
 16.0   10750.00   .2013671E-09
 16.0   10760.00   .2000727E-09
 16.0   10770.00   .1987773E-09
 16.0   10780.00   .1974815E-09
 16.0   10790.00   .1961852E-09
 16.0   10800.00   .1948880E-09
 16.0   10810.00   .1935905E-09
 16.0   10820.00   .1922922E-09
 16.0   10830.00   .1909933E-09
 16.0   10840.00   .1896936E-09
 16.0   10850.00   .1883934E-09
 16.0   10860.00   .1870927E-09
 16.0   10870.00   .1857912E-09
 16.0   10880.00   .1844892E-09
 16.0   10890.00   .1831863E-09
 16.0   10900.00   .1818826E-09
 16.0   10910.00   .1805785E-09
 16.0   10920.00   .1792739E-09
 16.0   10930.00   .1779683E-09
 16.0   10940.00   .1766621E-09
 16.0   10950.00   .1753548E-09
 16.0   10960.00   .1740473E-09
 16.0   10970.00   .1727388E-09
 16.0   10980.00   .1714298E-09
 16.0   10990.00   .1701198E-09
 16.0   11000.00   .1688092E-09
 16.0   11010.00   .1674978E-09
 16.0   11020.00   .1661856E-09
 16.0   11030.00   .1648727E-09
 16.0   11040.00   .1635590E-09
 16.0   11050.00   .1622447E-09
 16.0   11060.00   .1609294E-09
 16.0   11070.00   .1596134E-09
 16.0   11080.00   .1582966E-09
 16.0   11090.00   .1569790E-09
 16.0   11100.00   .1556606E-09
 16.0   11110.00   .1543415E-09
 16.0   11120.00   .1530215E-09
 16.0   11130.00   .1517006E-09
 16.0   11140.00   .1503790E-09
 16.0   11150.00   .1490565E-09
 16.0   11160.00   .1477331E-09
 16.0   11170.00   .1464091E-09
 16.0   11180.00   .1450840E-09
 16.0   11190.00   .1437580E-09
 16.0   11200.00   .1424314E-09
 16.0   11210.00   .1411036E-09
 16.0   11220.00   .1397754E-09
 16.0   11230.00   .1384460E-09
 16.0   11240.00   .1371157E-09
 16.0   11250.00   .1357846E-09
 16.0   11260.00   .1344527E-09
 16.0   11270.00   .1331198E-09
 16.0   11280.00   .1317860E-09
 16.0   11290.00   .1304514E-09
 16.0   11300.00   .1291159E-09
 16.0   11310.00   .1291623E-09
 16.0   11320.00   .1292089E-09
 16.0   11330.00   .1292558E-09
 16.0   11340.00   .1293024E-09
 16.0   11350.00   .1293492E-09
 16.0   11360.00   .1293964E-09
 16.0   11370.00   .1294433E-09
 16.0   11380.00   .1294904E-09
 16.0   11390.00   .1295375E-09
 16.0   11400.00   .1295849E-09
 16.0   11410.00   .1296321E-09
 16.0   11420.00   .1296794E-09
 16.0   11430.00   .1297270E-09
 16.0   11440.00   .1297744E-09
 16.0   11450.00   .1298221E-09
 16.0   11460.00   .1298695E-09
 16.0   11470.00   .1299172E-09
 16.0   11480.00   .1299651E-09
 16.0   11490.00   .1300127E-09
 16.0   11500.00   .1300606E-09
 16.0   11510.00   .1301085E-09
 16.0   11520.00   .1301564E-09
 16.0   11530.00   .1302044E-09
 16.0   11540.00   .1302524E-09
 16.0   11550.00   .1303005E-09
 16.0   11560.00   .1303486E-09
 16.0   11570.00   .1303967E-09
 16.0   11580.00   .1304448E-09
 16.0   11590.00   .1304932E-09
 16.0   11600.00   .1305413E-09
 16.0   11610.00   .1305898E-09
 16.0   11620.00   .1306380E-09
 16.0   11630.00   .1306864E-09
 16.0   11640.00   .1307347E-09
 16.0   11650.00   .1307829E-09
 16.0   11660.00   .1308315E-09
 16.0   11670.00   .1308797E-09
 16.0   11680.00   .1309282E-09
 16.0   11690.00   .1309769E-09
 16.0   11700.00   .1310253E-09
 16.0   11710.00   .1310738E-09
 16.0   11720.00   .1311221E-09
 16.0   11730.00   .1311709E-09
 16.0   11740.00   .1312193E-09
 16.0   11750.00   .1312678E-09
 16.0   11760.00   .1313163E-09
 16.0   11770.00   .1313648E-09
 16.0   11780.00   .1314132E-09
 16.0   11790.00   .1314619E-09
 16.0   11800.00   .1315105E-09
 16.0   11810.00   .1315589E-09
 16.0   11820.00   .1316074E-09
 16.0   11830.00   .1316558E-09
 16.0   11840.00   .1317045E-09
 16.0   11850.00   .1317526E-09
 16.0   11860.00   .1318011E-09
 16.0   11870.00   .1318497E-09
 16.0   11880.00   .1318980E-09
 16.0   11890.00   .1319465E-09
 16.0   11900.00   .1319947E-09
 16.0   11910.00   .1320431E-09
 16.0   11920.00   .1320913E-09
 16.0   11930.00   .1321395E-09
 16.0   11940.00   .1321877E-09
 16.0   11950.00   .1322357E-09
 16.0   11960.00   .1322840E-09
 16.0   11970.00   .1323321E-09
 16.0   11980.00   .1323802E-09
 16.0   11990.00   .1324281E-09
 16.0   12000.00   .1324763E-09
 16.0   12010.00   .1325241E-09
 16.0   12020.00   .1325721E-09
 16.0   12030.00   .1326198E-09
 16.0   12040.00   .1326675E-09
 16.0   12050.00   .1327155E-09
 16.0   12060.00   .1327628E-09
 16.0   12070.00   .1328104E-09
 16.0   12080.00   .1328580E-09
 16.0   12090.00   .1329055E-09
 16.0   12100.00   .1329528E-09
 16.0   12110.00   .1330002E-09
 16.0   12120.00   .1330474E-09
 16.0   12130.00   .1330944E-09
 16.0   12140.00   .1331416E-09
 16.0   12150.00   .1331889E-09
 16.0   12160.00   .1332355E-09
 16.0   12170.00   .1332826E-09
 16.0   12180.00   .1333291E-09
 16.0   12190.00   .1333759E-09
 16.0   12200.00   .1334226E-09
 16.0   12210.00   .1334689E-09
 16.0   12220.00   .1335153E-09
 16.0   12230.00   .1335617E-09
 16.0   12240.00   .1336079E-09
 16.0   12250.00   .1336540E-09
 16.0   12260.00   .1337001E-09
 16.0   12270.00   .1337459E-09
 16.0   12280.00   .1337919E-09
 16.0   12290.00   .1338376E-09
 16.0   12300.00   .1338830E-09
 16.0   12310.00   .1339285E-09
 16.0   12320.00   .1339739E-09
 16.0   12330.00   .1340191E-09
 16.0   12340.00   .1340642E-09
 16.0   12350.00   .1341092E-09
 16.0   12360.00   .1341538E-09
 16.0   12370.00   .1341987E-09
 16.0   12380.00   .1342433E-09
 16.0   12390.00   .1342878E-09
 16.0   12400.00   .1343323E-09
 16.0   12410.00   .1343764E-09
 16.0   12420.00   .1344205E-09
 16.0   12430.00   .1344643E-09
 16.0   12440.00   .1345082E-09
 16.0   12450.00   .1345518E-09
 16.0   12460.00   .1345952E-09
 16.0   12470.00   .1346388E-09
 16.0   12480.00   .1346819E-09
 16.0   12490.00   .1347249E-09
 16.0   12500.00   .1347677E-09
 16.0   12510.00   .1348415E-09
 16.0   12520.00   .1349154E-09
 16.0   12530.00   .1349888E-09
 16.0   12540.00   .1350621E-09
 16.0   12550.00   .1351349E-09
 16.0   12560.00   .1352079E-09
 16.0   12570.00   .1352805E-09
 16.0   12580.00   .1353527E-09
 16.0   12590.00   .1354252E-09
 16.0   12600.00   .1354972E-09
 16.0   12610.00   .1355688E-09
 16.0   12620.00   .1356406E-09
 16.0   12630.00   .1357116E-09
 16.0   12640.00   .1357827E-09
 16.0   12650.00   .1358536E-09
 16.0   12660.00   .1359242E-09
 16.0   12670.00   .1359948E-09
 16.0   12680.00   .1360649E-09
 16.0   12690.00   .1361347E-09
 16.0   12700.00   .1362047E-09
 16.0   12710.00   .1362739E-09
 16.0   12720.00   .1363428E-09
 16.0   12730.00   .1364119E-09
 16.0   12740.00   .1364808E-09
 16.0   12750.00   .1365493E-09
 16.0   12760.00   .1366172E-09
 16.0   12770.00   .1366852E-09
 16.0   12780.00   .1367528E-09
 16.0   12790.00   .1368203E-09
 16.0   12800.00   .1368874E-09
 16.0   12810.00   .1369544E-09
 16.0   12820.00   .1370207E-09
 16.0   12830.00   .1370872E-09
 16.0   12840.00   .1371534E-09
 16.0   12850.00   .1372190E-09
 16.0   12860.00   .1372844E-09
 16.0   12870.00   .1373498E-09
 16.0   12880.00   .1374146E-09
 16.0   12890.00   .1374791E-09
 16.0   12900.00   .1375436E-09
 16.0   12910.00   .1376077E-09
 16.0   12920.00   .1376717E-09
 16.0   12930.00   .1377350E-09
 16.0   12940.00   .1377986E-09
 16.0   12950.00   .1378615E-09
 16.0   12960.00   .1379242E-09
 16.0   12970.00   .1379868E-09
 16.0   12980.00   .1380489E-09
 16.0   12990.00   .1381110E-09
 16.0   13000.00   .1381727E-09
 16.0   13010.00   .1382343E-09
 16.0   13020.00   .1382954E-09
 16.0   13030.00   .1383561E-09
 16.0   13040.00   .1384169E-09
 16.0   13050.00   .1384772E-09
 16.0   13060.00   .1385374E-09
 16.0   13070.00   .1385974E-09
 16.0   13080.00   .1386569E-09
 16.0   13090.00   .1387163E-09
 16.0   13100.00   .1387754E-09
 16.0   13110.00   .1388343E-09
 16.0   13120.00   .1388930E-09
 16.0   13130.00   .1389514E-09
 16.0   13140.00   .1390096E-09
 16.0   13150.00   .1390675E-09
 16.0   13160.00   .1391249E-09
 16.0   13170.00   .1391825E-09
 16.0   13180.00   .1392397E-09
 16.0   13190.00   .1392964E-09
 16.0   13200.00   .1393533E-09
 16.0   13210.00   .1394096E-09
 16.0   13220.00   .1394658E-09
 16.0   13230.00   .1395218E-09
 16.0   13240.00   .1395774E-09
 16.0   13250.00   .1396329E-09
 16.0   13260.00   .1396883E-09
 16.0   13270.00   .1397432E-09
 16.0   13280.00   .1397978E-09
 16.0   13290.00   .1398526E-09
 16.0   13300.00   .1399070E-09
 16.0   13310.00   .1399608E-09
 16.0   13320.00   .1400148E-09
 16.0   13330.00   .1400685E-09
 16.0   13340.00   .1401218E-09
 16.0   13350.00   .1401750E-09
 16.0   13360.00   .1402281E-09
 16.0   13370.00   .1402809E-09
 16.0   13380.00   .1403332E-09
 16.0   13390.00   .1403857E-09
 16.0   13400.00   .1404377E-09
 16.0   13410.00   .1404896E-09
 16.0   13420.00   .1405414E-09
 16.0   13430.00   .1405925E-09
 16.0   13440.00   .1406439E-09
 16.0   13450.00   .1406948E-09
 16.0   13460.00   .1407457E-09
 16.0   13470.00   .1407963E-09
 16.0   13480.00   .1408465E-09
 16.0   13490.00   .1408968E-09
 16.0   13500.00   .1409468E-09
 16.0   13510.00   .1409967E-09
 16.0   13520.00   .1410461E-09
 16.0   13530.00   .1410958E-09
 16.0   13540.00   .1411446E-09
 16.0   13550.00   .1411935E-09
 16.0   13560.00   .1412422E-09
 16.0   13570.00   .1412910E-09
 16.0   13580.00   .1413392E-09
 16.0   13590.00   .1413874E-09
 16.0   13600.00   .1414352E-09
 16.0   13610.00   .1414831E-09
 16.0   13620.00   .1415310E-09
 16.0   13630.00   .1415780E-09
 16.0   13640.00   .1416254E-09
 16.0   13650.00   .1416723E-09
 16.0   13660.00   .1417193E-09
 16.0   13670.00   .1417660E-09
 16.0   13680.00   .1418125E-09
 16.0   13690.00   .1418584E-09
 16.0   13700.00   .1419046E-09
 16.0   13710.00   .1412033E-09
 16.0   13720.00   .1405015E-09
 16.0   13730.00   .1397992E-09
 16.0   13740.00   .1390960E-09
 16.0   13750.00   .1383920E-09
 16.0   13760.00   .1376876E-09
 16.0   13770.00   .1369825E-09
 16.0   13780.00   .1362765E-09
 16.0   13790.00   .1355705E-09
 16.0   13800.00   .1348634E-09
 16.0   13810.00   .1341557E-09
 16.0   13820.00   .1334474E-09
 16.0   13830.00   .1327386E-09
 16.0   13840.00   .1320290E-09
 16.0   13850.00   .1313189E-09
 16.0   13860.00   .1306081E-09
 16.0   13870.00   .1298969E-09
 16.0   13880.00   .1291849E-09
 16.0   13890.00   .1284723E-09
 16.0   13900.00   .1277593E-09
 16.0   13910.00   .1270456E-09
 16.0   13920.00   .1263313E-09
 16.0   13930.00   .1256165E-09
 16.0   13940.00   .1249010E-09
 16.0   13950.00   .1241851E-09
 16.0   13960.00   .1234684E-09
 16.0   13970.00   .1227513E-09
 16.0   13980.00   .1220335E-09
 16.0   13990.00   .1213152E-09
 16.0   14000.00   .1205966E-09
 16.0   14010.00   .1198771E-09
 16.0   14020.00   .1191571E-09
 16.0   14030.00   .1184366E-09
 16.0   14040.00   .1177157E-09
 16.0   14050.00   .1169942E-09
 16.0   14060.00   .1162719E-09
 16.0   14070.00   .1155493E-09
 16.0   14080.00   .1148261E-09
 16.0   14090.00   .1141024E-09
 16.0   14100.00   .1133782E-09
 16.0   14110.00   .1126534E-09
 16.0   14120.00   .1119283E-09
 16.0   14130.00   .1112024E-09
 16.0   14140.00   .1104762E-09
 16.0   14150.00   .1097493E-09
 16.0   14160.00   .1090221E-09
 16.0   14170.00   .1082942E-09
 16.0   14180.00   .1075659E-09
 16.0   14190.00   .1068371E-09
 16.0   14200.00   .1061078E-09
 16.0   14210.00   .1053780E-09
 16.0   14220.00   .1046477E-09
 16.0   14230.00   .1039170E-09
 16.0   14240.00   .1031857E-09
 16.0   14250.00   .1024540E-09
 16.0   14260.00   .1017217E-09
 16.0   14270.00   .1009890E-09
 16.0   14280.00   .1002559E-09
 16.0   14290.00   .9952225E-10
 16.0   14300.00   .9878814E-10
 16.0   14310.00   .9805361E-10
 16.0   14320.00   .9731855E-10
 16.0   14330.00   .9658307E-10
 16.0   14340.00   .9584714E-10
 16.0   14350.00   .9511071E-10
 16.0   14360.00   .9437385E-10
 16.0   14370.00   .9363653E-10
 16.0   14380.00   .9289882E-10
 16.0   14390.00   .9216055E-10
 16.0   14400.00   .9142194E-10
 16.0   14410.00   .9068289E-10
 16.0   14420.00   .8994332E-10
 16.0   14430.00   .8920335E-10
 16.0   14440.00   .8846292E-10
 16.0   14450.00   .8772213E-10
 16.0   14460.00   .8698092E-10
 16.0   14470.00   .8623913E-10
 16.0   14480.00   .8549703E-10
 16.0   14490.00   .8475455E-10
 16.0   14500.00   .8401154E-10
 16.0   14510.00   .8326816E-10
 16.0   14520.00   .8252439E-10
 16.0   14530.00   .8178020E-10
 16.0   14540.00   .8103552E-10
 16.0   14550.00   .8029050E-10
 16.0   14560.00   .7954502E-10
 16.0   14570.00   .7879921E-10
 16.0   14580.00   .7805293E-10
 16.0   14590.00   .7730625E-10
 16.0   14600.00   .7655915E-10
 16.0   14610.00   .7581167E-10
 16.0   14620.00   .7506382E-10
 16.0   14630.00   .7431551E-10
 16.0   14640.00   .7356688E-10
 16.0   14650.00   .7281781E-10
 16.0   14660.00   .7206838E-10
 16.0   14670.00   .7131852E-10
 16.0   14680.00   .7056820E-10
 16.0   14690.00   .6981769E-10
 16.0   14700.00   .6906662E-10
 16.0   14710.00   .6831525E-10
 16.0   14720.00   .6756343E-10
 16.0   14730.00   .6681131E-10
 16.0   14740.00   .6605872E-10
 16.0   14750.00   .6530581E-10
 16.0   14760.00   .6455248E-10
 16.0   14770.00   .6379885E-10
 16.0   14780.00   .6304478E-10
 16.0   14790.00   .6229034E-10
 16.0   14800.00   .6153551E-10
 16.0   14810.00   .6078037E-10
 16.0   14820.00   .6002479E-10
 16.0   14830.00   .5926888E-10
 16.0   14840.00   .5851258E-10
 16.0   14850.00   .5775589E-10
 16.0   14860.00   .5699890E-10
 16.0   14870.00   .5624151E-10
 16.0   14880.00   .5548373E-10
 16.0   14890.00   .5472561E-10
 16.0   14900.00   .5396713E-10
 16.0   14910.00   .5320828E-10
 16.0   14920.00   .5244904E-10
 16.0   14930.00   .5168947E-10
 16.0   14940.00   .5092946E-10
 16.0   14950.00   .5016915E-10
 16.0   14960.00   .4940849E-10
 16.0   14970.00   .4864746E-10
 16.0   14980.00   .4788600E-10
 16.0   14990.00   .4712426E-10
 16.0   15000.00   .4636212E-10
 16.0   15010.00   .4637259E-10
 16.0   15020.00   .4638305E-10
 16.0   15030.00   .4639351E-10
 16.0   15040.00   .4640394E-10
 16.0   15050.00   .4641436E-10
 16.0   15060.00   .4642474E-10
 16.0   15070.00   .4643514E-10
 16.0   15080.00   .4644555E-10
 16.0   15090.00   .4645596E-10
 16.0   15100.00   .4646631E-10
 16.0   15110.00   .4647663E-10
 16.0   15120.00   .4648696E-10
 16.0   15130.00   .4649733E-10
 16.0   15140.00   .4650762E-10
 16.0   15150.00   .4651794E-10
 16.0   15160.00   .4652824E-10
 16.0   15170.00   .4653854E-10
 16.0   15180.00   .4654879E-10
 16.0   15190.00   .4655907E-10
 16.0   15200.00   .4656931E-10
 16.0   15210.00   .4657958E-10
 16.0   15220.00   .4658978E-10
 16.0   15230.00   .4660003E-10
 16.0   15240.00   .4661020E-10
 16.0   15250.00   .4662041E-10
 16.0   15260.00   .4663059E-10
 16.0   15270.00   .4664077E-10
 16.0   15280.00   .4665091E-10
 16.0   15290.00   .4666106E-10
 16.0   15300.00   .4667123E-10
 16.0   15310.00   .4668130E-10
 16.0   15320.00   .4669144E-10
 16.0   15330.00   .4670152E-10
 16.0   15340.00   .4671162E-10
 16.0   15350.00   .4672168E-10
 16.0   15360.00   .4673177E-10
 16.0   15370.00   .4674182E-10
 16.0   15380.00   .4675185E-10
 16.0   15390.00   .4676189E-10
 16.0   15400.00   .4677190E-10
 16.0   15410.00   .4678194E-10
 16.0   15420.00   .4679188E-10
 16.0   15430.00   .4680192E-10
 16.0   15440.00   .4681188E-10
 16.0   15450.00   .4682181E-10
 16.0   15460.00   .4683177E-10
 16.0   15470.00   .4684173E-10
 16.0   15480.00   .4685164E-10
 16.0   15490.00   .4686157E-10
 16.0   15500.00   .4687142E-10
 16.0   15510.00   .4688133E-10
 16.0   15520.00   .4689121E-10
 16.0   15530.00   .4690105E-10
 16.0   15540.00   .4691090E-10
 16.0   15550.00   .4692078E-10
 16.0   15560.00   .4693058E-10
 16.0   15570.00   .4694039E-10
 16.0   15580.00   .4695022E-10
 16.0   15590.00   .4695997E-10
 16.0   15600.00   .4696976E-10
 16.0   15610.00   .4697951E-10
 16.0   15620.00   .4698927E-10
 16.0   15630.00   .4699900E-10
 16.0   15640.00   .4700873E-10
 16.0   15650.00   .4701844E-10
 16.0   15660.00   .4702816E-10
 16.0   15670.00   .4703789E-10
 16.0   15680.00   .4704757E-10
 16.0   15690.00   .4705720E-10
 16.0   15700.00   .4706682E-10
 16.0   15710.00   .4707648E-10
 16.0   15720.00   .4708612E-10
 16.0   15730.00   .4709576E-10
 16.0   15740.00   .4710537E-10
 16.0   15750.00   .4711492E-10
 16.0   15760.00   .4712450E-10
 16.0   15770.00   .4713409E-10
 16.0   15780.00   .4714363E-10
 16.0   15790.00   .4715315E-10
 16.0   15800.00   .4716271E-10
 16.0   15810.00   .4717219E-10
 16.0   15820.00   .4718172E-10
 16.0   15830.00   .4719119E-10
 16.0   15840.00   .4720068E-10
 16.0   15850.00   .4721015E-10
 16.0   15860.00   .4721960E-10
 16.0   15870.00   .4722901E-10
 16.0   15880.00   .4723845E-10
 16.0   15890.00   .4724788E-10
 16.0   15900.00   .4725729E-10
 16.0   15910.00   .4726664E-10
 16.0   15920.00   .4727604E-10
 16.0   15930.00   .4728539E-10
 16.0   15940.00   .4729474E-10
 16.0   15950.00   .4730407E-10
 16.0   15960.00   .4731336E-10
 16.0   15970.00   .4732269E-10
 16.0   15980.00   .4733200E-10
 16.0   15990.00   .4734127E-10
 16.0   16000.00   .4735052E-10
 16.0   16010.00   .4735980E-10
 16.0   16020.00   .4736900E-10
 16.0   16030.00   .4737825E-10
 16.0   16040.00   .4738746E-10
 16.0   16050.00   .4739668E-10
 16.0   16060.00   .4740586E-10
 16.0   16070.00   .4741506E-10
 16.0   16080.00   .4742422E-10
 16.0   16090.00   .4743332E-10
 16.0   16100.00   .4744245E-10
 16.0   16110.00   .4745160E-10
 16.0   16120.00   .4746069E-10
 16.0   16130.00   .4746979E-10
 16.0   16140.00   .4747889E-10
 16.0   16150.00   .4748793E-10
 16.0   16160.00   .4749697E-10
 16.0   16170.00   .4750601E-10
 16.0   16180.00   .4751505E-10
 16.0   16190.00   .4752405E-10
 16.0   16200.00   .4753309E-10
 16.0   16210.00   .4754203E-10
 16.0   16220.00   .4755102E-10
 16.0   16230.00   .4755996E-10
 16.0   16240.00   .4756894E-10
 16.0   16250.00   .4757783E-10
 16.0   16260.00   .4757531E-10
 16.0   16270.00   .4757271E-10
 16.0   16280.00   .4757019E-10
 16.0   16290.00   .4756767E-10
 16.0   16300.00   .4756514E-10
 16.0   16310.00   .4756258E-10
 16.0   16320.00   .4756007E-10
 16.0   16330.00   .4755752E-10
 16.0   16340.00   .4755503E-10
 16.0   16350.00   .4755251E-10
 16.0   16360.00   .4754998E-10
 16.0   16370.00   .4754747E-10
 16.0   16380.00   .4754495E-10
 16.0   16390.00   .4754244E-10
 16.0   16400.00   .4753991E-10
 16.0   16410.00   .4753740E-10
 16.0   16420.00   .4753487E-10
 16.0   16430.00   .4753241E-10
 16.0   16440.00   .4752989E-10
 16.0   16450.00   .4752740E-10
 16.0   16460.00   .4752491E-10
 16.0   16470.00   .4752240E-10
 16.0   16480.00   .4751989E-10
 16.0   16490.00   .4751741E-10
 16.0   16500.00   .4751494E-10
 16.0   16510.00   .4751244E-10
 16.0   16520.00   .4750992E-10
 16.0   16530.00   .4750744E-10
 16.0   16540.00   .4750495E-10
 16.0   16550.00   .4750248E-10
 16.0   16560.00   .4749998E-10
 16.0   16570.00   .4749751E-10
 16.0   16580.00   .4749504E-10
 16.0   16590.00   .4749252E-10
 16.0   16600.00   .4749007E-10
 16.0   16610.00   .4748755E-10
 16.0   16620.00   .4748509E-10
 16.0   16630.00   .4748261E-10
 16.0   16640.00   .4748012E-10
 16.0   16650.00   .4747766E-10
 16.0   16660.00   .4747520E-10
 16.0   16670.00   .4747269E-10
 16.0   16680.00   .4747021E-10
 16.0   16690.00   .4746777E-10
 16.0   16700.00   .4746525E-10
 16.0   16710.00   .4746279E-10
 16.0   16720.00   .4746027E-10
 16.0   16730.00   .4745782E-10
 16.0   16740.00   .4745534E-10
 16.0   16750.00   .4745288E-10
 16.0   16760.00   .4745037E-10
 16.0   16770.00   .4744792E-10
 16.0   16780.00   .4744543E-10
 16.0   16790.00   .4744295E-10
 16.0   16800.00   .4744050E-10
 16.0   16810.00   .4743800E-10
 16.0   16820.00   .4743554E-10
 16.0   16830.00   .4743305E-10
 16.0   16840.00   .4743057E-10
 16.0   16850.00   .4742811E-10
 16.0   16860.00   .4742559E-10
 16.0   16870.00   .4742314E-10
 16.0   16880.00   .4742064E-10
 16.0   16890.00   .4741817E-10
 16.0   16900.00   .4741567E-10
 16.0   16910.00   .4741317E-10
 16.0   16920.00   .4741071E-10
 16.0   16930.00   .4740823E-10
 16.0   16940.00   .4740575E-10
 16.0   16950.00   .4740323E-10
 16.0   16960.00   .4740074E-10
 16.0   16970.00   .4739825E-10
 16.0   16980.00   .4739576E-10
 16.0   16990.00   .4739327E-10
 16.0   17000.00   .4739077E-10
 16.0   17010.00   .4738830E-10
 16.0   17020.00   .4738578E-10
 16.0   17030.00   .4738326E-10
 16.0   17040.00   .4738079E-10
 16.0   17050.00   .4737829E-10
 16.0   17060.00   .4737579E-10
 16.0   17070.00   .4737328E-10
 16.0   17080.00   .4737081E-10
 16.0   17090.00   .4736825E-10
 16.0   17100.00   .4736574E-10
 16.0   17110.00   .4736326E-10
 16.0   17120.00   .4736074E-10
 16.0   17130.00   .4735823E-10
 16.0   17140.00   .4735575E-10
 16.0   17150.00   .4735320E-10
 16.0   17160.00   .4735068E-10
 16.0   17170.00   .4734816E-10
 16.0   17180.00   .4734566E-10
 16.0   17190.00   .4734312E-10
 16.0   17200.00   .4734063E-10
 16.0   17210.00   .4733808E-10
 16.0   17220.00   .4733557E-10
 16.0   17230.00   .4733302E-10
 16.0   17240.00   .4733047E-10
 16.0   17250.00   .4732794E-10
 16.0   17260.00   .4732541E-10
 16.0   17270.00   .4732283E-10
 16.0   17280.00   .4732032E-10
 16.0   17290.00   .4731779E-10
 16.0   17300.00   .4731525E-10
 16.0   17310.00   .4731267E-10
 16.0   17320.00   .4731015E-10
 16.0   17330.00   .4730758E-10
 16.0   17340.00   .4730502E-10
 16.0   17350.00   .4730247E-10
 16.0   17360.00   .4729989E-10
 16.0   17370.00   .4729733E-10
 16.0   17380.00   .4729479E-10
 16.0   17390.00   .4729223E-10
 16.0   17400.00   .4728963E-10
 16.0   17410.00   .4728708E-10
 16.0   17420.00   .4728452E-10
 16.0   17430.00   .4728190E-10
 16.0   17440.00   .4727933E-10
 16.0   17450.00   .4727672E-10
 16.0   17460.00   .4727418E-10
 16.0   17470.00   .4727156E-10
 16.0   17480.00   .4726897E-10
 16.0   17490.00   .4726639E-10
 16.0   17500.00   .4726378E-10
 16.0   17510.00   .4726118E-10
 16.0   17520.00   .4725859E-10
 16.0   17530.00   .4725597E-10
 16.0   17540.00   .4725337E-10
 16.0   17550.00   .4725073E-10
 16.0   17560.00   .4724810E-10
 16.0   17570.00   .4724548E-10
 16.0   17580.00   .4724288E-10
 16.0   17590.00   .4724023E-10
 16.0   17600.00   .4723762E-10
 16.0   17610.00   .4723498E-10
 16.0   17620.00   .4723232E-10
 16.0   17630.00   .4722970E-10
 16.0   17640.00   .4722707E-10
 16.0   17650.00   .4722442E-10
 16.0   17660.00   .4722173E-10
 16.0   17670.00   .4721908E-10
 16.0   17680.00   .4721643E-10
 16.0   17690.00   .4721375E-10
 16.0   17700.00   .4721109E-10
 16.0   17710.00   .4720844E-10
 16.0   17720.00   .4720573E-10
 16.0   17730.00   .4720303E-10
 16.0   17740.00   .4720038E-10
 16.0   17750.00   .4719769E-10
 16.0   17760.00   .4719501E-10
 16.0   17770.00   .4719232E-10
 16.0   17780.00   .4718962E-10
 16.0   17790.00   .4718692E-10
 16.0   17800.00   .4718417E-10
 16.0   17810.00   .4718146E-10
 16.0   17820.00   .4717877E-10
 16.0   17830.00   .4717607E-10
 16.0   17840.00   .4717332E-10
 16.0   17850.00   .4717058E-10
 16.0   17860.00   .4716787E-10
 16.0   17870.00   .4716511E-10
 16.0   17880.00   .4716236E-10
 16.0   17890.00   .4715964E-10
 16.0   17900.00   .4715689E-10
 16.0   17910.00   .4715411E-10
 16.0   17920.00   .4715138E-10
 16.0   17930.00   .4714861E-10
 16.0   17940.00   .4714582E-10
 16.0   17950.00   .4714302E-10
 16.0   17960.00   .4714027E-10
 16.0   17970.00   .4713745E-10
 16.0   17980.00   .4713473E-10
 16.0   17990.00   .4713192E-10
 16.0   18000.00   .4712909E-10
 16.0   18010.00   .4699309E-10
 16.0   18020.00   .4685705E-10
 16.0   18030.00   .4672109E-10
 16.0   18040.00   .4658510E-10
 16.0   18050.00   .4644914E-10
 16.0   18060.00   .4631313E-10
 16.0   18070.00   .4617722E-10
 16.0   18080.00   .4604126E-10
 16.0   18090.00   .4590536E-10
 16.0   18100.00   .4576943E-10
 16.0   18110.00   .4563354E-10
 16.0   18120.00   .4549762E-10
 16.0   18130.00   .4536175E-10
 16.0   18140.00   .4522584E-10
 16.0   18150.00   .4509001E-10
 16.0   18160.00   .4495413E-10
 16.0   18170.00   .4481829E-10
 16.0   18180.00   .4468245E-10
 16.0   18190.00   .4454664E-10
 16.0   18200.00   .4441082E-10
 16.0   18210.00   .4427506E-10
 16.0   18220.00   .4413923E-10
 16.0   18230.00   .4400345E-10
 16.0   18240.00   .4386771E-10
 16.0   18250.00   .4373193E-10
 16.0   18260.00   .4359621E-10
 16.0   18270.00   .4346046E-10
 16.0   18280.00   .4332477E-10
 16.0   18290.00   .4318904E-10
 16.0   18300.00   .4305336E-10
 16.0   18310.00   .4291770E-10
 16.0   18320.00   .4278202E-10
 16.0   18330.00   .4264634E-10
 16.0   18340.00   .4251069E-10
 16.0   18350.00   .4237501E-10
 16.0   18360.00   .4223939E-10
 16.0   18370.00   .4210380E-10
 16.0   18380.00   .4196817E-10
 16.0   18390.00   .4183258E-10
 16.0   18400.00   .4169700E-10
 16.0   18410.00   .4156144E-10
 16.0   18420.00   .4142588E-10
 16.0   18430.00   .4129033E-10
 16.0   18440.00   .4115479E-10
 16.0   18450.00   .4101927E-10
 16.0   18460.00   .4088375E-10
 16.0   18470.00   .4074824E-10
 16.0   18480.00   .4061277E-10
 16.0   18490.00   .4047724E-10
 16.0   18500.00   .4034185E-10
 16.0   18510.00   .4020637E-10
 16.0   18520.00   .4007090E-10
 16.0   18530.00   .3993548E-10
 16.0   18540.00   .3980002E-10
 16.0   18550.00   .3966466E-10
 16.0   18560.00   .3952927E-10
 16.0   18570.00   .3939389E-10
 16.0   18580.00   .3925849E-10
 16.0   18590.00   .3912313E-10
 16.0   18600.00   .3898780E-10
 16.0   18610.00   .3885245E-10
 16.0   18620.00   .3871714E-10
 16.0   18630.00   .3858179E-10
 16.0   18640.00   .3844652E-10
 16.0   18650.00   .3831122E-10
 16.0   18660.00   .3817596E-10
 16.0   18670.00   .3804067E-10
 16.0   18680.00   .3790543E-10
 16.0   18690.00   .3777020E-10
 16.0   18700.00   .3763496E-10
 16.0   18710.00   .3749975E-10
 16.0   18720.00   .3736456E-10
 16.0   18730.00   .3722937E-10
 16.0   18740.00   .3709417E-10
 16.0   18750.00   .3695903E-10
 16.0   18760.00   .3682389E-10
 16.0   18770.00   .3668873E-10
 16.0   18780.00   .3655356E-10
 16.0   18790.00   .3641846E-10
 16.0   18800.00   .3628338E-10
 16.0   18810.00   .3614831E-10
 16.0   18820.00   .3601320E-10
 16.0   18830.00   .3587816E-10
 16.0   18840.00   .3574309E-10
 16.0   18850.00   .3560805E-10
 16.0   18860.00   .3547306E-10
 16.0   18870.00   .3533801E-10
 16.0   18880.00   .3520302E-10
 16.0   18890.00   .3506802E-10
 16.0   18900.00   .3493306E-10
 16.0   18910.00   .3479810E-10
 16.0   18920.00   .3466316E-10
 16.0   18930.00   .3452822E-10
 16.0   18940.00   .3439327E-10
 16.0   18950.00   .3425839E-10
 16.0   18960.00   .3412349E-10
 16.0   18970.00   .3398860E-10
 16.0   18980.00   .3385375E-10
 16.0   18990.00   .3371891E-10
 16.0   19000.00   .3358408E-10
 16.0   19010.00   .3344922E-10
 16.0   19020.00   .3331442E-10
 16.0   19030.00   .3317962E-10
 16.0   19040.00   .3304483E-10
 16.0   19050.00   .3291004E-10
 16.0   19060.00   .3277530E-10
 16.0   19070.00   .3264060E-10
 16.0   19080.00   .3250583E-10
 16.0   19090.00   .3237111E-10
 16.0   19100.00   .3223641E-10
 16.0   19110.00   .3210172E-10
 16.0   19120.00   .3196703E-10
 16.0   19130.00   .3183241E-10
 16.0   19140.00   .3169774E-10
 16.0   19150.00   .3156312E-10
 16.0   19160.00   .3142849E-10
 16.0   19170.00   .3129388E-10
 16.0   19180.00   .3115932E-10
 16.0   19190.00   .3102473E-10
 16.0   19200.00   .3089017E-10
 16.0   19210.00   .3075560E-10
 16.0   19220.00   .3062110E-10
 16.0   19230.00   .3048659E-10
 16.0   19240.00   .3035206E-10
 16.0   19250.00   .3021758E-10
 16.0   19260.00   .3008315E-10
 16.0   19270.00   .2994865E-10
 16.0   19280.00   .2981424E-10
 16.0   19290.00   .2967982E-10
 16.0   19300.00   .2954537E-10
 16.0   19310.00   .2941098E-10
 16.0   19320.00   .2927660E-10
 16.0   19330.00   .2914223E-10
 16.0   19340.00   .2900788E-10
 16.0   19350.00   .2887356E-10
 16.0   19360.00   .2873924E-10
 16.0   19370.00   .2860491E-10
 16.0   19380.00   .2847067E-10
 16.0   19390.00   .2833638E-10
 16.0   19400.00   .2820211E-10
 16.0   19410.00   .2806787E-10
 16.0   19420.00   .2793365E-10
 16.0   19430.00   .2779943E-10
 16.0   19440.00   .2766524E-10
 16.0   19450.00   .2753107E-10
 16.0   19460.00   .2739690E-10
 16.0   19470.00   .2726278E-10
 16.0   19480.00   .2712862E-10
 16.0   19490.00   .2699453E-10
 16.0   19500.00   .2686039E-10
 16.0   19510.00   .2672633E-10
 16.0   19520.00   .2659227E-10
 16.0   19530.00   .2645824E-10
 16.0   19540.00   .2632421E-10
 16.0   19550.00   .2619019E-10
 16.0   19560.00   .2605618E-10
 16.0   19570.00   .2592222E-10
 16.0   19580.00   .2578824E-10
 16.0   19590.00   .2565429E-10
 16.0   19600.00   .2552038E-10
 16.0   19610.00   .2538645E-10
 16.0   19620.00   .2525257E-10
 16.0   19630.00   .2511870E-10
 16.0   19640.00   .2498481E-10
 16.0   19650.00   .2485100E-10
 16.0   19660.00   .2471719E-10
 16.0   19670.00   .2458337E-10
 16.0   19680.00   .2444959E-10
 16.0   19690.00   .2431582E-10
 16.0   19700.00   .2418210E-10
 16.0   19710.00   .2404837E-10
 16.0   19720.00   .2391465E-10
 16.0   19730.00   .2378097E-10
 16.0   19740.00   .2364731E-10
 16.0   19750.00   .2351369E-10
 16.0   19760.00   .2338006E-10
 16.0   19770.00   .2324647E-10
 16.0   19780.00   .2311288E-10
 16.0   19790.00   .2297931E-10
 16.0   19800.00   .2284579E-10
 16.0   19810.00   .2271229E-10
 16.0   19820.00   .2257877E-10
 16.0   19830.00   .2244532E-10
 16.0   19840.00   .2231188E-10
 16.0   19850.00   .2217848E-10
 16.0   19860.00   .2204506E-10
 16.0   19870.00   .2191170E-10
 16.0   19880.00   .2177836E-10
 16.0   19890.00   .2164503E-10
 16.0   19900.00   .2151172E-10
 16.0   19910.00   .2137845E-10
 16.0   19920.00   .2124522E-10
 16.0   19930.00   .2111198E-10
 16.0   19940.00   .2097877E-10
 16.0   19950.00   .2084559E-10
 16.0   19960.00   .2071245E-10
 16.0   19970.00   .2057933E-10
 16.0   19980.00   .2044622E-10
 16.0   19990.00   .2031314E-10
 16.0   20000.00   .2018010E-10
 16.0   20010.00   .2004708E-10
 16.0   20020.00   .1991407E-10
 16.0   20030.00   .1978110E-10
 16.0   20040.00   .1964814E-10
 16.0   20050.00   .1951522E-10
 16.0   20060.00   .1938231E-10
 16.0   20070.00   .1924945E-10
 16.0   20080.00   .1911662E-10
 16.0   20090.00   .1898380E-10
 16.0   20100.00   .1885101E-10
 16.0   20110.00   .1884934E-10
 16.0   20120.00   .1884771E-10
 16.0   20130.00   .1884605E-10
 16.0   20140.00   .1884443E-10
 16.0   20150.00   .1884279E-10
 16.0   20160.00   .1884116E-10
 16.0   20170.00   .1883953E-10
 16.0   20180.00   .1883791E-10
 16.0   20190.00   .1883631E-10
 16.0   20200.00   .1883469E-10
 16.0   20210.00   .1883310E-10
 16.0   20220.00   .1883149E-10
 16.0   20230.00   .1882989E-10
 16.0   20240.00   .1882831E-10
 16.0   20250.00   .1882674E-10
 16.0   20260.00   .1882514E-10
 16.0   20270.00   .1882355E-10
 16.0   20280.00   .1882199E-10
 16.0   20290.00   .1882045E-10
 16.0   20300.00   .1881888E-10
 16.0   20310.00   .1881737E-10
 16.0   20320.00   .1881583E-10
 16.0   20330.00   .1881428E-10
 16.0   20340.00   .1881274E-10
 16.0   20350.00   .1881124E-10
 16.0   20360.00   .1880973E-10
 16.0   20370.00   .1880823E-10
 16.0   20380.00   .1880674E-10
 16.0   20390.00   .1880523E-10
 16.0   20400.00   .1880380E-10
 16.0   20410.00   .1880228E-10
 16.0   20420.00   .1880083E-10
 16.0   20430.00   .1879938E-10
 16.0   20440.00   .1879792E-10
 16.0   20450.00   .1879651E-10
 16.0   20460.00   .1879506E-10
 16.0   20470.00   .1879364E-10
 16.0   20480.00   .1879223E-10
 16.0   20490.00   .1879083E-10
 16.0   20500.00   .1878943E-10
 16.0   20510.00   .1878806E-10
 16.0   20520.00   .1878668E-10
 16.0   20530.00   .1878533E-10
 16.0   20540.00   .1878399E-10
 16.0   20550.00   .1878263E-10
 16.0   20560.00   .1878131E-10
 16.0   20570.00   .1878001E-10
 16.0   20580.00   .1877870E-10
 16.0   20590.00   .1877739E-10
 16.0   20600.00   .1877609E-10
 16.0   20610.00   .1877482E-10
 16.0   20620.00   .1877356E-10
 16.0   20630.00   .1877231E-10
 16.0   20640.00   .1877106E-10
 16.0   20650.00   .1876982E-10
 16.0   20660.00   .1876861E-10
 16.0   20670.00   .1876739E-10
 16.0   20680.00   .1876621E-10
 16.0   20690.00   .1876503E-10
 16.0   20700.00   .1876384E-10
 16.0   20710.00   .1876271E-10
 16.0   20720.00   .1876155E-10
 16.0   20730.00   .1876043E-10
 16.0   20740.00   .1875932E-10
 16.0   20750.00   .1875822E-10
 16.0   20760.00   .1875712E-10
 16.0   20770.00   .1875605E-10
 16.0   20780.00   .1875498E-10
 16.0   20790.00   .1875392E-10
 16.0   20800.00   .1875292E-10
 16.0   20810.00   .1875188E-10
 16.0   20820.00   .1875088E-10
 16.0   20830.00   .1874989E-10
 16.0   20840.00   .1874889E-10
 16.0   20850.00   .1874794E-10
 16.0   20860.00   .1874699E-10
 16.0   20870.00   .1874604E-10
 16.0   20880.00   .1874516E-10
 16.0   20890.00   .1874424E-10
 16.0   20900.00   .1874335E-10
 16.0   20910.00   .1874248E-10
 16.0   20920.00   .1874162E-10
 16.0   20930.00   .1874078E-10
 16.0   20940.00   .1873996E-10
 16.0   20950.00   .1873915E-10
 16.0   20960.00   .1873835E-10
 16.0   20970.00   .1873759E-10
 16.0   20980.00   .1873684E-10
 16.0   20990.00   .1873609E-10
 16.0   21000.00   .1873537E-10
 16.0   21010.00   .1873465E-10
 16.0   21020.00   .1873398E-10
 16.0   21030.00   .1873330E-10
 16.0   21040.00   .1873265E-10
 16.0   21050.00   .1873204E-10
 16.0   21060.00   .1873142E-10
 16.0   21070.00   .1873079E-10
 16.0   21080.00   .1873021E-10
 16.0   21090.00   .1872966E-10
 16.0   21100.00   .1872910E-10
 16.0   21110.00   .1872860E-10
 16.0   21120.00   .1872807E-10
 16.0   21130.00   .1872759E-10
 16.0   21140.00   .1872713E-10
 16.0   21150.00   .1872667E-10
 16.0   21160.00   .1872622E-10
 16.0   21170.00   .1872582E-10
 16.0   21180.00   .1872544E-10
 16.0   21190.00   .1872508E-10
 16.0   21200.00   .1872471E-10
 16.0   21210.00   .1872440E-10
 16.0   21220.00   .1872409E-10
 16.0   21230.00   .1872378E-10
 16.0   21240.00   .1872353E-10
 16.0   21250.00   .1872325E-10
 16.0   21260.00   .1872308E-10
 16.0   21270.00   .1872286E-10
 16.0   21280.00   .1872266E-10
 16.0   21290.00   .1872252E-10
 16.0   21300.00   .1872236E-10
 16.0   21310.00   .1872223E-10
 16.0   21320.00   .1872215E-10
 16.0   21330.00   .1872204E-10
 16.0   21340.00   .1872199E-10
 16.0   21350.00   .1872199E-10
 16.0   21360.00   .1872197E-10
 16.0   21370.00   .1872197E-10
 16.0   21380.00   .1872201E-10
 16.0   21390.00   .1872207E-10
 16.0   21400.00   .1872215E-10
 16.0   21410.00   .1872226E-10
 16.0   21420.00   .1872237E-10
 16.0   21430.00   .1872254E-10
 16.0   21440.00   .1872272E-10
 16.0   21450.00   .1872291E-10
 16.0   21460.00   .1872315E-10
 16.0   21470.00   .1872338E-10
 16.0   21480.00   .1872364E-10
 16.0   21490.00   .1872396E-10
 16.0   21500.00   .1872428E-10
 16.0   21510.00   .1872463E-10
 16.0   21520.00   .1872500E-10
 16.0   21530.00   .1872539E-10
 16.0   21540.00   .1872580E-10
 16.0   21550.00   .1872626E-10
 16.0   21560.00   .1872673E-10
 16.0   21570.00   .1872724E-10
 16.0   21580.00   .1872776E-10
 16.0   21590.00   .1872832E-10
 16.0   21600.00   .1872889E-10
 16.0   21610.00   .1872949E-10
 16.0   21620.00   .1873011E-10
 16.0   21630.00   .1873077E-10
 16.0   21640.00   .1873145E-10
 16.0   21650.00   .1873215E-10
 16.0   21660.00   .1873289E-10
 16.0   21670.00   .1873367E-10
 16.0   21680.00   .1873445E-10
 16.0   21690.00   .1873526E-10
 16.0   21700.00   .1873611E-10
 16.0   21710.00   .1873698E-10
 16.0   21720.00   .1873792E-10
 16.0   21730.00   .1873883E-10
 16.0   21740.00   .1873978E-10
 16.0   21750.00   .1874076E-10
 16.0   21760.00   .1874178E-10
 16.0   21770.00   .1874283E-10
 16.0   21780.00   .1874390E-10
 16.0   21790.00   .1874500E-10
 16.0   21800.00   .1874614E-10
 16.0   21810.00   .1874731E-10
 16.0   21820.00   .1874849E-10
 16.0   21830.00   .1874971E-10
 16.0   21840.00   .1875094E-10
 16.0   21850.00   .1875224E-10
 16.0   21860.00   .1875355E-10
 16.0   21870.00   .1875488E-10
 16.0   21880.00   .1875625E-10
 16.0   21890.00   .1875766E-10
 16.0   21900.00   .1875908E-10
 16.0   21910.00   .1876054E-10
 16.0   21920.00   .1876205E-10
 16.0   21930.00   .1876360E-10
 16.0   21940.00   .1876512E-10
 16.0   21950.00   .1876673E-10
 16.0   21960.00   .1876834E-10
 16.0   21970.00   .1876999E-10
 16.0   21980.00   .1877166E-10
 16.0   21990.00   .1877338E-10
 16.0   22000.00   .1877516E-10
 16.0   22010.00   .1877694E-10
 16.0   22020.00   .1877876E-10
 16.0   22030.00   .1878058E-10
 16.0   22040.00   .1878246E-10
 16.0   22050.00   .1878438E-10
 16.0   22060.00   .1878633E-10
 16.0   22070.00   .1878833E-10
 16.0   22080.00   .1879035E-10
 16.0   22090.00   .1879239E-10
 16.0   22100.00   .1879447E-10
 16.0   22110.00   .1879658E-10
 16.0   22120.00   .1879872E-10
 16.0   22130.00   .1880092E-10
 16.0   22140.00   .1880313E-10
 16.0   22150.00   .1880538E-10
 16.0   22160.00   .1880769E-10
 16.0   22170.00   .1881000E-10
 16.0   22180.00   .1881235E-10
 16.0   22190.00   .1881477E-10
 16.0   22200.00   .1881720E-10
 16.0   22210.00   .1881966E-10
 16.0   22220.00   .1882217E-10
 16.0   22230.00   .1882470E-10
 16.0   22240.00   .1882727E-10
 16.0   22250.00   .1882989E-10
 16.0   22260.00   .1883253E-10
 16.0   22270.00   .1883524E-10
 16.0   22280.00   .1883797E-10
 16.0   22290.00   .1884073E-10
 16.0   22300.00   .1884354E-10
 16.0   22310.00   .1884634E-10
 16.0   22320.00   .1884922E-10
 16.0   22330.00   .1885212E-10
 16.0   22340.00   .1885509E-10
 16.0   22350.00   .1885806E-10
 16.0   22360.00   .1886109E-10
 16.0   22370.00   .1886413E-10
 16.0   22380.00   .1886725E-10
 16.0   22390.00   .1887037E-10
 16.0   22400.00   .1887356E-10
 16.0   22410.00   .1887678E-10
 16.0   22420.00   .1888005E-10
 16.0   22430.00   .1888335E-10
 16.0   22440.00   .1888667E-10
 16.0   22450.00   .1889005E-10
 16.0   22460.00   .1889344E-10
 16.0   22470.00   .1889688E-10
 16.0   22480.00   .1890034E-10
 16.0   22490.00   .1890389E-10
 16.0   22500.00   .1890744E-10
 16.0   22510.00   .1891106E-10
 16.0   22520.00   .1891468E-10
 16.0   22530.00   .1891833E-10
 16.0   22540.00   .1892204E-10
 16.0   22550.00   .1892580E-10
 16.0   22560.00   .1892954E-10
 16.0   22570.00   .1893337E-10
 16.0   22580.00   .1893720E-10
 16.0   22590.00   .1894112E-10
 16.0   22600.00   .1894504E-10
 16.0   22610.00   .1894899E-10
 16.0   22620.00   .1895298E-10
 16.0   22630.00   .1895700E-10
 16.0   22640.00   .1896108E-10
 16.0   22650.00   .1896517E-10
 16.0   22660.00   .1896930E-10
 16.0   22670.00   .1897346E-10
 16.0   22680.00   .1897768E-10
 16.0   22690.00   .1898192E-10
 16.0   22700.00   .1898620E-10
 16.0   22710.00   .1899050E-10
 16.0   22720.00   .1899483E-10
 16.0   22730.00   .1899923E-10
 16.0   22740.00   .1900361E-10
 16.0   22750.00   .1900806E-10
 16.0   22760.00   .1901256E-10
 16.0   22770.00   .1901703E-10
 16.0   22780.00   .1902163E-10
 16.0   22790.00   .1902618E-10
 16.0   22800.00   .1903082E-10
 16.0   22810.00   .1903545E-10
 16.0   22820.00   .1904013E-10
 16.0   22830.00   .1904482E-10
 16.0   22840.00   .1904959E-10
 16.0   22850.00   .1905436E-10
 16.0   22860.00   .1905916E-10
 16.0   22870.00   .1906402E-10
 16.0   22880.00   .1906888E-10
 16.0   22890.00   .1907381E-10
 16.0   22900.00   .1907875E-10
 16.0   22910.00   .1908373E-10
 16.0   22920.00   .1908872E-10
 16.0   22930.00   .1909374E-10
 16.0   22940.00   .1909879E-10
 16.0   22950.00   .1910391E-10
 16.0   22960.00   .1910904E-10
 16.0   22970.00   .1911420E-10
 16.0   22980.00   .1911941E-10
 16.0   22990.00   .1912461E-10
 16.0   23000.00   .1912986E-10
 16.0   23010.00   .1913517E-10
 16.0   23020.00   .1914048E-10
 16.0   23030.00   .1914583E-10
 16.0   23040.00   .1915120E-10
 16.0   23050.00   .1915660E-10
 16.0   23060.00   .1916202E-10
 16.0   23070.00   .1916750E-10
 16.0   23080.00   .1917300E-10
 16.0   23090.00   .1917852E-10
 16.0   23100.00   .1918407E-10
 16.0   23110.00   .1918967E-10
 16.0   23120.00   .1919528E-10
 16.0   23130.00   .1920091E-10
 16.0   23140.00   .1920656E-10
 16.0   23150.00   .1921228E-10
 16.0   23160.00   .1921800E-10
 16.0   23170.00   .1922376E-10
 16.0   23180.00   .1922954E-10
 16.0   23190.00   .1923535E-10
 16.0   23200.00   .1924121E-10
 16.0   23210.00   .1924708E-10
 16.0   23220.00   .1925297E-10
 16.0   23230.00   .1925890E-10
 16.0   23240.00   .1926486E-10
 16.0   23250.00   .1927084E-10
 16.0   23260.00   .1927684E-10
 16.0   23270.00   .1928288E-10
 16.0   23280.00   .1928895E-10
 16.0   23290.00   .1929505E-10
 16.0   23300.00   .1930115E-10
 16.0   23310.00   .1930730E-10
 16.0   23320.00   .1931347E-10
 16.0   23330.00   .1931967E-10
 16.0   23340.00   .1932591E-10
 16.0   23350.00   .1933218E-10
 16.0   23360.00   .1933844E-10
 16.0   23370.00   .1934474E-10
 16.0   23380.00   .1935107E-10
 16.0   23390.00   .1935742E-10
 16.0   23400.00   .1936381E-10
 16.0   23410.00   .1937023E-10
 16.0   23420.00   .1937664E-10
 16.0   23430.00   .1938309E-10
 16.0   23440.00   .1938957E-10
 16.0   23450.00   .1939609E-10
 16.0   23460.00   .1940261E-10
 16.0   23470.00   .1940916E-10
 16.0   23480.00   .1941577E-10
 16.0   23490.00   .1942237E-10
 16.0   23500.00   .1942900E-10
 16.0   23510.00   .1943565E-10
 16.0   23520.00   .1944233E-10
 16.0   23530.00   .1944904E-10
 16.0   23540.00   .1945576E-10
 16.0   23550.00   .1946252E-10
 16.0   23560.00   .1946930E-10
 16.0   23570.00   .1947609E-10
 16.0   23580.00   .1948292E-10
 16.0   23590.00   .1948976E-10
 16.0   23600.00   .1949663E-10
 16.0   23610.00   .1950351E-10
 16.0   23620.00   .1951041E-10
 16.0   23630.00   .1951736E-10
 16.0   23640.00   .1952431E-10
 16.0   23650.00   .1953130E-10
 16.0   23660.00   .1953829E-10
 16.0   23670.00   .1954532E-10
 16.0   23680.00   .1955241E-10
 16.0   23690.00   .1955946E-10
 16.0   23700.00   .1956653E-10
 16.0   23710.00   .1957366E-10
 16.0   23720.00   .1958079E-10
 16.0   23730.00   .1958795E-10
 16.0   23740.00   .1959512E-10
 16.0   23750.00   .1960232E-10
 16.0   23760.00   .1960955E-10
 16.0   23770.00   .1961679E-10
 16.0   23780.00   .1962404E-10
 16.0   23790.00   .1963132E-10
 16.0   23800.00   .1963862E-10
 16.0   23810.00   .1964595E-10
 16.0   23820.00   .1965329E-10
 16.0   23830.00   .1966065E-10
 16.0   23840.00   .1966803E-10
 16.0   23850.00   .1967545E-10
 16.0   23860.00   .1968285E-10
 16.0   23870.00   .1969030E-10
 16.0   23880.00   .1969775E-10
 16.0   23890.00   .1970523E-10
 16.0   23900.00   .1971273E-10
 16.0   23910.00   .1972024E-10
 16.0   23920.00   .1972782E-10
 16.0   23930.00   .1973534E-10
 16.0   23940.00   .1974293E-10
 16.0   23950.00   .1975053E-10
 16.0   23960.00   .1975813E-10
 16.0   23970.00   .1976577E-10
 16.0   23980.00   .1977342E-10
 16.0   23990.00   .1978106E-10
 16.0   24000.00   .1978874E-10
 16.0   24010.00   .1979644E-10
 16.0   24020.00   .1980416E-10
 16.0   24030.00   .1981192E-10
 16.0   24040.00   .1981966E-10
 16.0   24050.00   .1982744E-10
 16.0   24060.00   .1983522E-10
 16.0   24070.00   .1984302E-10
 16.0   24080.00   .1985087E-10
 16.0   24090.00   .1985868E-10
 16.0   24100.00   .1986653E-10
 16.0   24110.00   .1987439E-10
 16.0   24120.00   .1988229E-10
 16.0   24130.00   .1989019E-10
 16.0   24140.00   .1989813E-10
 16.0   24150.00   .1990604E-10
 16.0   24160.00   .1991399E-10
 16.0   24170.00   .1992197E-10
 16.0   24180.00   .1992993E-10
 16.0   24190.00   .1993792E-10
 16.0   24200.00   .1994595E-10
 16.0   24210.00   .1995396E-10
 16.0   24220.00   .1996202E-10
 16.0   24230.00   .1997006E-10
 16.0   24240.00   .1997813E-10
 16.0   24250.00   .1998620E-10
 16.0   24260.00   .1999432E-10
 16.0   24270.00   .2000241E-10
 16.0   24280.00   .2001054E-10
 16.0   24290.00   .2001868E-10
 16.0   24300.00   .2002681E-10
 16.0   24310.00   .2003500E-10
 16.0   24320.00   .2004319E-10
 16.0   24330.00   .2005138E-10
 16.0   24340.00   .2005957E-10
 16.0   24350.00   .2006779E-10
 16.0   24360.00   .2007603E-10
 16.0   24370.00   .2008428E-10
 16.0   24380.00   .2009253E-10
 16.0   24390.00   .2010078E-10
 16.0   24400.00   .2010907E-10
 16.0   24410.00   .2011736E-10
 16.0   24420.00   .2012568E-10
 16.0   24430.00   .2013399E-10
 16.0   24440.00   .2014231E-10
 16.0   24450.00   .2015065E-10
 16.0   24460.00   .2015899E-10
 16.0   24470.00   .2016736E-10
 16.0   24480.00   .2017575E-10
 16.0   24490.00   .2018411E-10
 16.0   24500.00   .2019253E-10
 16.0   24510.00   .2020091E-10
 16.0   24520.00   .2020934E-10
 16.0   24530.00   .2021775E-10
 16.0   24540.00   .2022622E-10
 16.0   24550.00   .2023464E-10
 16.0   24560.00   .2024312E-10
 16.0   24570.00   .2025158E-10
 16.0   24580.00   .2026005E-10
 16.0   24590.00   .2026853E-10
 16.0   24600.00   .2027705E-10
 16.0   24610.00   .2028552E-10
 16.0   24620.00   .2029405E-10
 16.0   24630.00   .2030256E-10
 16.0   24640.00   .2031111E-10
 16.0   24650.00   .2031964E-10
 16.0   24660.00   .2032817E-10
 16.0   24670.00   .2033673E-10
 16.0   24680.00   .2034531E-10
 16.0   24690.00   .2035386E-10
 16.0   24700.00   .2036245E-10
 16.0   24710.00   .2037105E-10
 16.0   24720.00   .2037964E-10
 16.0   24730.00   .2038825E-10
 16.0   24740.00   .2039685E-10
 16.0   24750.00   .2040545E-10
 16.0   24760.00   .2041410E-10
 16.0   24770.00   .2042274E-10
 16.0   24780.00   .2043136E-10
 16.0   24790.00   .2044000E-10
 16.0   24800.00   .2044866E-10
 16.0   24810.00   .2045729E-10
 16.0   24820.00   .2046597E-10
 16.0   24830.00   .2047466E-10
 16.0   24840.00   .2048334E-10
 16.0   24850.00   .2049200E-10
 16.0   24860.00   .2050066E-10
 16.0   24870.00   .2050937E-10
 16.0   24880.00   .2051807E-10
 16.0   24890.00   .2052676E-10
 16.0   24900.00   .2053547E-10
 16.0   24910.00   .2054420E-10
 16.0   24920.00   .2055290E-10
 16.0   24930.00   .2056162E-10
 16.0   24940.00   .2057035E-10
 16.0   24950.00   .2057906E-10
 16.0   24960.00   .2058777E-10
 16.0   24970.00   .2059652E-10
 16.0   24980.00   .2060528E-10
 16.0   24990.00   .2061401E-10
 16.0   25000.00   .2062278E-10
