100 .1030433E-14
101 .3981489E-14
102 .1074160E-13
103 .2376377E-13
104 .4621122E-13
105 .8196773E-13
106 .1356081E-12
107 .2123261E-12
108 .3178150E-12
109 .4581049E-12
110 .6393509E-12
111 .8675866E-12
112 .1148434E-11
113 .1486794E-11
114 .1886518E-11
115 .2350071E-11
116 .2878212E-11
117 .3469690E-11
118 .4120990E-11
119 .4826126E-11
120 .5576523E-11
121 .6360971E-11
122 .7165697E-11
123 .7974522E-11
124 .8769200E-11
125 .9529783E-11
126 .1023722E-10
127 .1088094E-10
128 .1145483E-10
129 .1195553E-10
130 .1238229E-10
131 .1273687E-10
132 .1302326E-10
133 .1324738E-10
134 .1341681E-10
135 .1354046E-10
136 .1362829E-10
137 .1369102E-10
138 .1373972E-10
139 .1378123E-10
140 .1381788E-10
141 .1385172E-10
142 .1388481E-10
143 .1391918E-10
144 .1395685E-10
145 .1399986E-10
146 .1405028E-10
147 .1411023E-10
148 .1418187E-10
149 .1426748E-10
150 .1436940E-10
151 .1448966E-10
152 .1462858E-10
153 .1478600E-10
154 .1496180E-10
155 .1515584E-10
156 .1536799E-10
157 .1559810E-10
158 .1584602E-10
159 .1611160E-10
160 .1639463E-10
161 .1669492E-10
162 .1701223E-10
163 .1734628E-10
164 .1769678E-10
165 .1806335E-10
166 .1844562E-10
167 .1884311E-10
168 .1925531E-10
169 .1968163E-10
170 .2012141E-10
171 .2057392E-10
172 .2103834E-10
173 .2151375E-10
174 .2199917E-10
175 .2249347E-10
176 .2299562E-10
177 .2350518E-10
178 .2402185E-10
179 .2454527E-10
180 .2507505E-10
181 .2561080E-10
182 .2615203E-10
183 .2669827E-10
184 .2724895E-10
185 .2780352E-10
186 .2836137E-10
187 .2892183E-10
188 .2948420E-10
189 .3004776E-10
190 .3061172E-10
191 .3117528E-10
192 .3173757E-10
193 .3229770E-10
194 .3285475E-10
195 .3340775E-10
196 .3395568E-10
197 .3449751E-10
198 .3503218E-10
199 .3555856E-10
200 .3607553E-10
201 .3658213E-10
202 .3707823E-10
203 .3756389E-10
204 .3803927E-10
205 .3850452E-10
206 .3895985E-10
207 .3940547E-10
208 .3984168E-10
209 .4026870E-10
210 .4068694E-10
211 .4109672E-10
212 .4149843E-10
213 .4189248E-10
214 .4227932E-10
215 .4265939E-10
216 .4303321E-10
217 .4340129E-10
218 .4376417E-10
219 .4412242E-10
220 .4447662E-10
221 .4482735E-10
222 .4517533E-10
223 .4552116E-10
224 .4586553E-10
225 .4620914E-10
226 .4655259E-10
227 .4689606E-10
228 .4723962E-10
229 .4758335E-10
230 .4792732E-10
231 .4827159E-10
232 .4861628E-10
233 .4896139E-10
234 .4930711E-10
235 .4965348E-10
236 .5000058E-10
237 .5034852E-10
238 .5069738E-10
239 .5104727E-10
240 .5139828E-10
241 .5175053E-10
242 .5210410E-10
243 .5245912E-10
244 .5281570E-10
245 .5317391E-10
246 .5353395E-10
247 .5389590E-10
248 .5425988E-10
249 .5462602E-10
250 .5499445E-10
251 .5352908E-10
252 .5197944E-10
253 .5592176E-10
254 .5589792E-10
255 .5560690E-10
256 .5533150E-10
257 .5559783E-10
258 .5557275E-10
259 .5526125E-10
260 .5584232E-10
261 .5554406E-10
262 .5371179E-10
263 .5015298E-10
264 .5256161E-10
265 .6023191E-10
266 .6734006E-10
267 .7395487E-10
268 .8554682E-10
269 .1015177E-09
270 .1196978E-09
271 .1373940E-09
272 .1443262E-09
273 .1504970E-09
274 .1577457E-09
275 .1657548E-09
276 .1748637E-09
277 .1861966E-09
278 .1890743E-09
279 .1842519E-09
280 .1754657E-09
281 .1790435E-09
282 .1869445E-09
283 .1938273E-09
284 .1974958E-09
285 .2054141E-09
286 .2267296E-09
287 .2615294E-09
288 .2934350E-09
289 .3277946E-09
290 .3620062E-09
291 .3877846E-09
292 .3982089E-09
293 .4027308E-09
294 .4045028E-09
295 .4000510E-09
296 .3893430E-09
297 .3696536E-09
298 .3494105E-09
299 .3323781E-09
300 .3225926E-09
301 .3234071E-09
302 .3349606E-09
303 .3260999E-09
304 .3053381E-09
305 .2704163E-09
306 .2552413E-09
307 .3077265E-09
308 .3419601E-09
309 .3422732E-09
310 .3331495E-09
311 .3301605E-09
312 .3420679E-09
313 .3768587E-09
314 .4159229E-09
315 .4572813E-09
316 .4805620E-09
317 .5026233E-09
318 .5009330E-09
319 .4954831E-09
320 .5065546E-09
321 .4879586E-09
322 .4895896E-09
323 .4458023E-09
324 .3937239E-09
325 .3395957E-09
326 .2848048E-09
327 .2979223E-09
328 .3249875E-09
329 .3008659E-09
330 .2955801E-09
331 .3479169E-09
332 .3589676E-09
333 .3740751E-09
334 .3860550E-09
335 .3850140E-09
336 .3796301E-09
337 .3540640E-09
338 .3748179E-09
339 .3671415E-09
340 .3825223E-09
341 .4024028E-09
342 .3969018E-09
343 .4021347E-09
344 .4293806E-09
345 .4395870E-09
346 .4153198E-09
347 .4490751E-09
348 .4561408E-09
349 .4498220E-09
350 .5050494E-09
351 .5484791E-09
352 .5592293E-09
353 .6084394E-09
354 .6375955E-09
355 .6486946E-09
356 .6847891E-09
357 .6953097E-09
358 .6826805E-09
359 .6720989E-09
360 .6568303E-09
361 .6749908E-09
362 .6633642E-09
363 .6589860E-09
364 .7044762E-09
365 .7595797E-09
366 .8075079E-09
367 .8543690E-09
368 .8818328E-09
369 .8944721E-09
370 .8471320E-09
371 .7956196E-09
372 .7261627E-09
373 .6865931E-09
374 .6960804E-09
375 .6855695E-09
376 .6501585E-09
377 .6508550E-09
378 .6666330E-09
379 .6621851E-09
380 .6251681E-09
381 .6538464E-09
382 .7119490E-09
383 .7573822E-09
384 .8124301E-09
385 .9093405E-09
386 .1022082E-08
387 .1131722E-08
388 .1210076E-08
389 .1319338E-08
390 .1415385E-08
391 .1507565E-08
392 .1566547E-08
393 .1583759E-08
394 .1589140E-08
395 .1599201E-08
396 .1575875E-08
397 .1497527E-08
398 .1429833E-08
399 .1352917E-08
400 .1259901E-08
401 .1217949E-08
402 .1194107E-08
403 .1175209E-08
404 .1186428E-08
405 .1196715E-08
406 .1205590E-08
407 .1222314E-08
408 .1230187E-08
409 .1196213E-08
410 .1181390E-08
411 .1175856E-08
412 .1185550E-08
413 .1206541E-08
414 .1248072E-08
415 .1288055E-08
416 .1311130E-08
417 .1320237E-08
418 .1350189E-08
419 .1380593E-08
420 .1387955E-08
421 .1387856E-08
422 .1379598E-08
423 .1343822E-08
424 .1321768E-08
425 .1330690E-08
426 .1338019E-08
427 .1346325E-08
428 .1337588E-08
429 .1332829E-08
430 .1310400E-08
431 .1283965E-08
432 .1247227E-08
433 .1200966E-08
434 .1168847E-08
435 .1117557E-08
436 .1053974E-08
437 .9950006E-09
438 .9499696E-09
439 .9187927E-09
440 .9027044E-09
441 .9150531E-09
442 .9291105E-09
443 .9394316E-09
444 .9776262E-09
445 .1027396E-08
446 .1072432E-08
447 .1114724E-08
448 .1178089E-08
449 .1267119E-08
450 .1385501E-08
451 .1503176E-08
452 .1624660E-08
453 .1747523E-08
454 .1860546E-08
455 .1991181E-08
456 .2128793E-08
457 .2253231E-08
458 .2333726E-08
459 .2404221E-08
460 .2450600E-08
461 .2458396E-08
462 .2443624E-08
463 .2410366E-08
464 .2342914E-08
465 .2219800E-08
466 .2069633E-08
467 .1910558E-08
468 .1773462E-08
469 .1667502E-08
470 .1568834E-08
471 .1484480E-08
472 .1392201E-08
473 .1342540E-08
474 .1313563E-08
475 .1272930E-08
476 .1237969E-08
477 .1254289E-08
478 .1291626E-08
479 .1340329E-08
480 .1353147E-08
481 .1387454E-08
482 .1430832E-08
483 .1443537E-08
484 .1413685E-08
485 .1377434E-08
486 .1371450E-08
487 .1404443E-08
488 .1428525E-08
489 .1453771E-08
490 .1538315E-08
491 .1616714E-08
492 .1680437E-08
493 .1748188E-08
494 .1769537E-08
495 .1753557E-08
496 .1719052E-08
497 .1667416E-08
498 .1585485E-08
499 .1497405E-08
500 .1416826E-08
501 .1364899E-08
502 .1315798E-08
503 .1295278E-08
504 .1298135E-08
505 .1291258E-08
506 .1285558E-08
507 .1310986E-08
508 .1328137E-08
509 .1334877E-08
510 .1342771E-08
511 .1376265E-08
512 .1413632E-08
513 .1455766E-08
514 .1498592E-08
515 .1561955E-08
516 .1645958E-08
517 .1726980E-08
518 .1796399E-08
519 .1875248E-08
520 .1953151E-08
521 .2039117E-08
522 .2137985E-08
523 .2196345E-08
524 .2224039E-08
525 .2242325E-08
526 .2250408E-08
527 .2256947E-08
528 .2255873E-08
529 .2251576E-08
530 .2229658E-08
531 .2200430E-08
532 .2184722E-08
533 .2160733E-08
534 .2143566E-08
535 .2120614E-08
536 .2104525E-08
537 .2098362E-08
538 .2094229E-08
539 .2100262E-08
540 .2120602E-08
541 .2140295E-08
542 .2143422E-08
543 .2127553E-08
544 .2117920E-08
545 .2102193E-08
546 .2100766E-08
547 .2071481E-08
548 .2046755E-08
549 .2024575E-08
550 .1997443E-08
551 .1965869E-08
552 .1941665E-08
553 .1936304E-08
554 .1928239E-08
555 .1909316E-08
556 .1874970E-08
557 .1867312E-08
558 .1845068E-08
559 .1778398E-08
560 .1725632E-08
561 .1687005E-08
562 .1645973E-08
563 .1596858E-08
564 .1551320E-08
565 .1511788E-08
566 .1475631E-08
567 .1447519E-08
568 .1416555E-08
569 .1384097E-08
570 .1361257E-08
571 .1339655E-08
572 .1328559E-08
573 .1331880E-08
574 .1332599E-08
575 .1351183E-08
576 .1400201E-08
577 .1446047E-08
578 .1514165E-08
579 .1583164E-08
580 .1645899E-08
581 .1732084E-08
582 .1816623E-08
583 .1903249E-08
584 .1994507E-08
585 .2063814E-08
586 .2132731E-08
587 .2181787E-08
588 .2198801E-08
589 .2155759E-08
590 .2097354E-08
591 .2094285E-08
592 .2092227E-08
593 .2067258E-08
594 .1994391E-08
595 .1918676E-08
596 .1854728E-08
597 .1777079E-08
598 .1721321E-08
599 .1685316E-08
600 .1658120E-08
601 .1630708E-08
602 .1603523E-08
603 .1550103E-08
604 .1496656E-08
605 .1446028E-08
606 .1358634E-08
607 .1260667E-08
608 .1191701E-08
609 .1115078E-08
610 .1050629E-08
611 .9691149E-09
612 .9088728E-09
613 .8700828E-09
614 .8380671E-09
615 .8204109E-09
616 .8330393E-09
617 .8714400E-09
618 .9082552E-09
619 .9595264E-09
620 .1032748E-08
621 .1115368E-08
622 .1175010E-08
623 .1232350E-08
624 .1275706E-08
625 .1316595E-08
626 .1378526E-08
627 .1428405E-08
628 .1443457E-08
629 .1493037E-08
630 .1560004E-08
631 .1602433E-08
632 .1608177E-08
633 .1637205E-08
634 .1664435E-08
635 .1698803E-08
636 .1715966E-08
637 .1731665E-08
638 .1749425E-08
639 .1764704E-08
640 .1775735E-08
641 .1771873E-08
642 .1771936E-08
643 .1780546E-08
644 .1799001E-08
645 .1784153E-08
646 .1772478E-08
647 .1787637E-08
648 .1786921E-08
649 .1763527E-08
650 .1773327E-08
651 .1750667E-08
652 .1745719E-08
653 .1712248E-08
654 .1667077E-08
655 .1649312E-08
656 .1578756E-08
657 .1544375E-08
658 .1494498E-08
659 .1475724E-08
660 .1415617E-08
661 .1359423E-08
662 .1330282E-08
663 .1280175E-08
664 .1210706E-08
665 .1160363E-08
666 .1143178E-08
667 .1106523E-08
668 .1061292E-08
669 .1010105E-08
670 .9653850E-09
671 .9280549E-09
672 .9134228E-09
673 .8744977E-09
674 .8334455E-09
675 .8148351E-09
676 .7818728E-09
677 .7939467E-09
678 .7646066E-09
679 .7480685E-09
680 .7466482E-09
681 .7287601E-09
682 .7234592E-09
683 .7448341E-09
684 .7361860E-09
685 .7354803E-09
686 .7271851E-09
687 .6203905E-09
688 .7188594E-09
689 .6967750E-09
690 .7020715E-09
691 .7181928E-09
692 .7117975E-09
693 .7366207E-09
694 .7259103E-09
695 .7390024E-09
696 .7004778E-09
697 .6992746E-09
698 .6842094E-09
699 .6883314E-09
700 .6879646E-09
701 .6703146E-09
702 .6824748E-09
703 .6830832E-09
704 .6679882E-09
705 .6664277E-09
706 .6728315E-09
707 .6631157E-09
708 .6644163E-09
709 .6843259E-09
710 .6862423E-09
711 .6805411E-09
712 .6993194E-09
713 .6965201E-09
714 .6970441E-09
715 .6849140E-09
716 .6940098E-09
717 .6582284E-09
718 .6621991E-09
719 .6490361E-09
720 .6424864E-09
721 .6602156E-09
722 .6685459E-09
723 .6720078E-09
724 .6541946E-09
725 .6714321E-09
726 .6741948E-09
727 .6735107E-09
728 .6678459E-09
729 .6578021E-09
730 .6640936E-09
731 .6422892E-09
732 .6472208E-09
733 .6456453E-09
734 .6487420E-09
735 .6304404E-09
736 .5948979E-09
737 .5973219E-09
738 .5702153E-09
739 .5660895E-09
740 .5667224E-09
741 .5577944E-09
742 .5466715E-09
743 .5314712E-09
744 .5121418E-09
745 .4778369E-09
746 .4677900E-09
747 .4605768E-09
748 .4656907E-09
749 .4628433E-09
750 .4850129E-09
751 .4848825E-09
752 .4960248E-09
753 .4893461E-09
754 .4855591E-09
755 .4772375E-09
756 .4819743E-09
757 .4788865E-09
758 .4889305E-09
759 .4718795E-09
760 .4743813E-09
761 .4768801E-09
762 .4793758E-09
763 .4818682E-09
764 .4843573E-09
765 .4868429E-09
766 .4893248E-09
767 .4906075E-09
768 .5123603E-09
769 .4980060E-09
770 .5302999E-09
771 .5306570E-09
772 .5314064E-09
773 .5365074E-09
774 .5298700E-09
775 .5382893E-09
776 .5448824E-09
777 .5422726E-09
778 .5496526E-09
779 .5552986E-09
780 .5732965E-09
781 .5807702E-09
782 .5899957E-09
783 .5933837E-09
784 .6104025E-09
785 .6119603E-09
786 .6263830E-09
787 .6270768E-09
788 .6067368E-09
789 .6145390E-09
790 .6015688E-09
791 .5881562E-09
792 .5800219E-09
793 .5771736E-09
794 .5517848E-09
795 .5445224E-09
796 .5365672E-09
797 .5392706E-09
798 .5370446E-09
799 .5115038E-09
800 .5199430E-09
801 .5151001E-09
802 .5080440E-09
803 .5128154E-09
804 .5079397E-09
805 .5178992E-09
806 .5028871E-09
807 .5130886E-09
808 .5118876E-09
809 .5139378E-09
810 .5093522E-09
811 .5040118E-09
812 .4906019E-09
813 .4775421E-09
814 .4522201E-09
815 .4237221E-09
816 .3808887E-09
817 .3616131E-09
818 .3283208E-09
819 .3194360E-09
820 .2842580E-09
821 .2866407E-09
822 .2805441E-09
823 .2710109E-09
824 .2840419E-09
825 .2949762E-09
826 .3025401E-09
827 .3121983E-09
828 .3255484E-09
829 .3203245E-09
830 .3367096E-09
831 .3092792E-09
832 .3082504E-09
833 .3156724E-09
834 .3114733E-09
835 .3283934E-09
836 .3195331E-09
837 .3465532E-09
838 .3372762E-09
839 .3422562E-09
840 .3663887E-09
841 .3838485E-09
842 .4024441E-09
843 .4345348E-09
844 .4571593E-09
845 .5049898E-09
846 .5534457E-09
847 .5863004E-09
848 .6038775E-09
849 .6284212E-09
850 .6547653E-09
851 .6658124E-09
852 .6912793E-09
853 .6988608E-09
854 .7257204E-09
855 .7187701E-09
856 .7450858E-09
857 .7569631E-09
858 .7667105E-09
859 .7912791E-09
860 .7879168E-09
861 .8292192E-09
862 .8114786E-09
863 .8127148E-09
864 .8184776E-09
865 .8350297E-09
866 .8219667E-09
867 .8300493E-09
868 .8260413E-09
869 .8338388E-09
870 .8193881E-09
871 .7976136E-09
872 .7967633E-09
873 .8044254E-09
874 .8094761E-09
875 .8094376E-09
876 .7774782E-09
877 .7893625E-09
878 .7714575E-09
879 .7776408E-09
880 .7632667E-09
881 .7595810E-09
882 .7543199E-09
883 .7497723E-09
884 .7405106E-09
885 .7368096E-09
886 .7235796E-09
887 .7065497E-09
888 .6884984E-09
889 .6851223E-09
890 .6765674E-09
891 .6736758E-09
892 .6350940E-09
893 .6583064E-09
894 .6547855E-09
895 .6263434E-09
896 .6066398E-09
897 .6151292E-09
898 .5937289E-09
899 .5653544E-09
900 .5770405E-09
901 .5820670E-09
902 .5728325E-09
903 .5697846E-09
904 .5655923E-09
905 .5575194E-09
906 .5245293E-09
907 .5042938E-09
908 .5053293E-09
909 .4911062E-09
910 .4839342E-09
911 .4818083E-09
912 .4642075E-09
913 .4531979E-09
914 .4522456E-09
915 .4513957E-09
916 .4502105E-09
917 .4603403E-09
918 .4364159E-09
919 .4512376E-09
920 .3365588E-09
921 .3352017E-09
922 .3387995E-09
923 .3299246E-09
924 .3260753E-09
925 .3328471E-09
926 .3262020E-09
927 .3213364E-09
928 .3060398E-09
929 .2942404E-09
930 .2906005E-09
931 .2725384E-09
932 .2439781E-09
933 .2517482E-09
934 .2712280E-09
935 .2585530E-09
936 .2395955E-09
937 .2282581E-09
938 .2457844E-09
939 .2693349E-09
940 .2628214E-09
941 .2921001E-09
942 .2074861E-09
943 .2206556E-09
944 .2369136E-09
945 .1939120E-09
946 .2321963E-09
947 .2571634E-09
948 .2175506E-09
949 .2160653E-09
950 .2480910E-09
951 .1961327E-09
952 .1860926E-09
953 .2068129E-09
954 .2224634E-09
955 .2067208E-09
956 .2367500E-09
957 .2348604E-09
958 .1920070E-09
959 .2282649E-09
960 .2596715E-09
961 .2059124E-09
962 .2407160E-09
963 .2156855E-09
964 .1999180E-09
965 .2543401E-09
966 .2393089E-09
967 .2439147E-09
968 .2458193E-09
969 .2376879E-09
970 .2228062E-09
971 .2642049E-09
972 .2132752E-09
973 .2114601E-09
974 .1797326E-09
975 .2033092E-09
976 .2024309E-09
977 .2033994E-09
978 .1948224E-09
979 .1896898E-09
980 .1840666E-09
981 .1857110E-09
982 .1820023E-09
983 .1784090E-09
984 .1786913E-09
985 .1769883E-09
986 .1759470E-09
987 .1695777E-09
988 .1706089E-09
989 .1709557E-09
990 .1657400E-09
991 .1655209E-09
992 .1639275E-09
993 .1551524E-09
994 .1566271E-09
995 .1554174E-09
996 .1506263E-09
997 .1472519E-09
998 .1468475E-09
999 .1474030E-09
1000 .1467530E-09
1001 .1457227E-09
1002 .1446948E-09
1003 .1436690E-09
1004 .1426452E-09
1005 .1416236E-09
1006 .1406043E-09
1007 .1395870E-09
1008 .1385719E-09
1009 .1375591E-09
1010 .1365484E-09
1011 .1355400E-09
1012 .1345339E-09
1013 .1335297E-09
1014 .1325279E-09
1015 .1315283E-09
1016 .1305309E-09
1017 .1295357E-09
1018 .1285429E-09
1019 .1275522E-09
1020 .1265638E-09
1021 .1255778E-09
1022 .1245939E-09
1023 .1236124E-09
1024 .1226331E-09
1025 .1216561E-09
1026 .1206816E-09
1027 .1197090E-09
1028 .1187389E-09
1029 .1177712E-09
1030 .1168058E-09
1031 .1158425E-09
1032 .1148817E-09
1033 .1139233E-09
1034 .1129671E-09
1035 .1120132E-09
1036 .1110618E-09
1037 .1101126E-09
1038 .1091658E-09
1039 .1082213E-09
1040 .1072793E-09
1041 .1063395E-09
1042 .1054019E-09
1043 .1044671E-09
1044 .1035343E-09
1045 .1026041E-09
1046 .1016760E-09
1047 .1007505E-09
1048 .9982735E-10
1049 .9890657E-10
1050 .9798809E-10
1051 .9707198E-10
1052 .9615829E-10
1053 .9524700E-10
1054 .9433802E-10
1055 .9343150E-10
1056 .9252733E-10
1057 .9162546E-10
1058 .9072594E-10
1059 .8982898E-10
1060 .8893427E-10
1061 .8804201E-10
1062 .8715199E-10
1063 .8626447E-10
1064 .8537919E-10
1065 .8449641E-10
1066 .8361612E-10
1067 .8273791E-10
1068 .8186225E-10
1069 .8098897E-10
1070 .8011802E-10
1071 .7924935E-10
1072 .7838326E-10
1073 .7751939E-10
1074 .7665790E-10
1075 .7579883E-10
1076 .7494201E-10
1077 .7408750E-10
1078 .7323551E-10
1079 .7238583E-10
1080 .7153845E-10
1081 .7069351E-10
1082 .6985071E-10
1083 .6901036E-10
1084 .6817244E-10
1085 .6733680E-10
1086 .6650349E-10
1087 .6567245E-10
1088 .6484377E-10
1089 .6401740E-10
1090 .6319329E-10
1091 .6237164E-10
1092 .6155222E-10
1093 .6073494E-10
1094 .5992010E-10
1095 .5910764E-10
1096 .5829740E-10
1097 .5748926E-10
1098 .5668359E-10
1099 .5588012E-10
1100 .5507889E-10
1101 .5427994E-10
1102 .5348328E-10
1103 .5268879E-10
1104 .5189665E-10
1105 .5110664E-10
1106 .5031881E-10
1107 .4953323E-10
1108 .4874990E-10
1109 .4796875E-10
1110 .4718973E-10
1111 .4641292E-10
1112 .4563833E-10
1113 .4486585E-10
1114 .4409554E-10
1115 .4332738E-10
1116 .4256138E-10
1117 .4179746E-10
1118 .4103570E-10
1119 .4027599E-10
1120 .3951840E-10
1121 .3876294E-10
1122 .3800951E-10
1123 .3725814E-10
1124 .3650882E-10
1125 .3576160E-10
1126 .3501635E-10
1127 .3427319E-10
1128 .3353196E-10
1129 .3279276E-10
1130 .3205556E-10
1131 .3201596E-10
1132 .3197661E-10
1133 .3193749E-10
1134 .3189862E-10
1135 .3186003E-10
1136 .3182166E-10
1137 .3178362E-10
1138 .3174579E-10
1139 .3170823E-10
1140 .3167096E-10
1141 .3163395E-10
1142 .3159723E-10
1143 .3156078E-10
1144 .3152460E-10
1145 .3148875E-10
1146 .3145312E-10
1147 .3141785E-10
1148 .3138285E-10
1149 .3134816E-10
1150 .3131375E-10
1151 .3127965E-10
1152 .3124586E-10
1153 .3121243E-10
1154 .3117926E-10
1155 .3114645E-10
1156 .3111395E-10
1157 .3108174E-10
1158 .3104991E-10
1159 .3101839E-10
1160 .3098718E-10
1161 .3095635E-10
1162 .3092586E-10
1163 .3089569E-10
1164 .3086591E-10
1165 .3083644E-10
1166 .3080736E-10
1167 .3077864E-10
1168 .3075026E-10
1169 .3072227E-10
1170 .3069465E-10
1171 .3066743E-10
1172 .3064053E-10
1173 .3061408E-10
1174 .3058795E-10
1175 .3056225E-10
1176 .3053694E-10
1177 .3051203E-10
1178 .3048750E-10
1179 .3046339E-10
1180 .3043969E-10
1181 .3041642E-10
1182 .3039353E-10
1183 .3037109E-10
1184 .3034908E-10
1185 .3032748E-10
1186 .3030633E-10
1187 .3028557E-10
1188 .3026530E-10
1189 .3024544E-10
1190 .3022604E-10
1191 .3020713E-10
1192 .3018863E-10
1193 .3017061E-10
1194 .3015305E-10
1195 .3013596E-10
1196 .3011933E-10
1197 .3010317E-10
1198 .3008750E-10
1199 .3007231E-10
1200 .3005762E-10
1201 .3004342E-10
1202 .3002970E-10
1203 .3001651E-10
1204 .3000381E-10
1205 .2999161E-10
1206 .2997994E-10
1207 .2996878E-10
1208 .2995813E-10
1209 .2994803E-10
1210 .2993845E-10
1211 .2992940E-10
1212 .2992089E-10
1213 .2991293E-10
1214 .2990551E-10
1215 .2989863E-10
1216 .2989235E-10
1217 .2988658E-10
1218 .2988144E-10
1219 .2987679E-10
1220 .2987277E-10
1221 .2986932E-10
1222 .2986647E-10
1223 .2986417E-10
1224 .2986245E-10
1225 .2986138E-10
1226 .2986090E-10
1227 .2986099E-10
1228 .2986173E-10
1229 .2986305E-10
1230 .2986501E-10
1231 .2986761E-10
1232 .2987083E-10
1233 .2987469E-10
1234 .2987913E-10
1235 .2988428E-10
1236 .2989007E-10
1237 .2989649E-10
1238 .2990359E-10
1239 .2991134E-10
1240 .2991978E-10
1241 .2992886E-10
1242 .2993863E-10
1243 .2994910E-10
1244 .2996022E-10
1245 .2997206E-10
1246 .2998459E-10
1247 .2999783E-10
1248 .3001178E-10
1249 .3002644E-10
1250 .3004180E-10
1251 .3006971E-10
1252 .3009838E-10
1253 .3012774E-10
1254 .3015785E-10
1255 .3018867E-10
1256 .3022027E-10
1257 .3025263E-10
1258 .3028569E-10
1259 .3031956E-10
1260 .3035419E-10
1261 .3038959E-10
1262 .3042576E-10
1263 .3046274E-10
1264 .3050050E-10
1265 .3053906E-10
1266 .3057845E-10
1267 .3061864E-10
1268 .3065965E-10
1269 .3070151E-10
1270 .3074415E-10
1271 .3078766E-10
1272 .3083200E-10
1273 .3087722E-10
1274 .3092329E-10
1275 .3097023E-10
1276 .3101802E-10
1277 .3106669E-10
1278 .3111628E-10
1279 .3116673E-10
1280 .3121809E-10
1281 .3127034E-10
1282 .3132352E-10
1283 .3137761E-10
1284 .3143261E-10
1285 .3148857E-10
1286 .3154546E-10
1287 .3160327E-10
1288 .3166198E-10
1289 .3172169E-10
1290 .3178232E-10
1291 .3184385E-10
1292 .3190627E-10
1293 .3196966E-10
1294 .3203398E-10
1295 .3209918E-10
1296 .3216529E-10
1297 .3223238E-10
1298 .3230028E-10
1299 .3236917E-10
1300 .3243896E-10
1301 .3250963E-10
1302 .3258122E-10
1303 .3265373E-10
1304 .3272711E-10
1305 .3280139E-10
1306 .3287661E-10
1307 .3295267E-10
1308 .3302965E-10
1309 .3310752E-10
1310 .3318627E-10
1311 .3326590E-10
1312 .3334647E-10
1313 .3342785E-10
1314 .3351013E-10
1315 .3359329E-10
1316 .3367735E-10
1317 .3376223E-10
1318 .3384801E-10
1319 .3393467E-10
1320 .3402218E-10
1321 .3411056E-10
1322 .3419977E-10
1323 .3428986E-10
1324 .3438081E-10
1325 .3447262E-10
1326 .3456528E-10
1327 .3465877E-10
1328 .3475310E-10
1329 .3484829E-10
1330 .3494433E-10
1331 .3504115E-10
1332 .3513887E-10
1333 .3523735E-10
1334 .3533671E-10
1335 .3543690E-10
1336 .3553786E-10
1337 .3563972E-10
1338 .3574235E-10
1339 .3584578E-10
1340 .3595004E-10
1341 .3605509E-10
1342 .3616094E-10
1343 .3626763E-10
1344 .3637508E-10
1345 .3648335E-10
1346 .3659238E-10
1347 .3670226E-10
1348 .3681286E-10
1349 .3692424E-10
1350 .3703645E-10
1351 .3714939E-10
1352 .3726314E-10
1353 .3737761E-10
1354 .3749291E-10
1355 .3760893E-10
1356 .3772568E-10
1357 .3784322E-10
1358 .3796152E-10
1359 .3808052E-10
1360 .3820031E-10
1361 .3832082E-10
1362 .3844207E-10
1363 .3856405E-10
1364 .3868675E-10
1365 .3881020E-10
1366 .3893435E-10
1367 .3905921E-10
1368 .3918476E-10
1369 .3931103E-10
1370 .3943805E-10
1371 .3944964E-10
1372 .3946118E-10
1373 .3947263E-10
1374 .3948402E-10
1375 .3949531E-10
1376 .3950650E-10
1377 .3951760E-10
1378 .3952854E-10
1379 .3953940E-10
1380 .3955009E-10
1381 .3956064E-10
1382 .3957103E-10
1383 .3958122E-10
1384 .3959127E-10
1385 .3960112E-10
1386 .3961080E-10
1387 .3962023E-10
1388 .3962940E-10
1389 .3963842E-10
1390 .3964714E-10
1391 .3965561E-10
1392 .3966385E-10
1393 .3967181E-10
1394 .3967949E-10
1395 .3968687E-10
1396 .3969398E-10
1397 .3970075E-10
1398 .3970722E-10
1399 .3971333E-10
1400 .3971911E-10
1401 .3972455E-10
1402 .3972964E-10
1403 .3973431E-10
1404 .3973866E-10
1405 .3974261E-10
1406 .3974614E-10
1407 .3974926E-10
1408 .3975194E-10
1409 .3975424E-10
1410 .3975611E-10
1411 .3975750E-10
1412 .3975846E-10
1413 .3975892E-10
1414 .3975895E-10
1415 .3975843E-10
1416 .3975746E-10
1417 .3975602E-10
1418 .3975398E-10
1419 .3975149E-10
1420 .3974845E-10
1421 .3974487E-10
1422 .3974072E-10
1423 .3973603E-10
1424 .3973076E-10
1425 .3972495E-10
1426 .3971853E-10
1427 .3971150E-10
1428 .3970387E-10
1429 .3969567E-10
1430 .3968677E-10
1431 .3967730E-10
1432 .3966715E-10
1433 .3965640E-10
1434 .3964496E-10
1435 .3963290E-10
1436 .3962012E-10
1437 .3960665E-10
1438 .3959250E-10
1439 .3957769E-10
1440 .3956211E-10
1441 .3954584E-10
1442 .3952885E-10
1443 .3951114E-10
1444 .3949264E-10
1445 .3947342E-10
1446 .3945346E-10
1447 .3943270E-10
1448 .3941121E-10
1449 .3938889E-10
1450 .3936582E-10
1451 .3934190E-10
1452 .3931721E-10
1453 .3929173E-10
1454 .3926541E-10
1455 .3923825E-10
1456 .3921026E-10
1457 .3918143E-10
1458 .3915174E-10
1459 .3912119E-10
1460 .3908977E-10
1461 .3905749E-10
1462 .3902436E-10
1463 .3899028E-10
1464 .3895535E-10
1465 .3891949E-10
1466 .3888272E-10
1467 .3884506E-10
1468 .3880646E-10
1469 .3876692E-10
1470 .3872647E-10
1471 .3868508E-10
1472 .3864274E-10
1473 .3859940E-10
1474 .3855512E-10
1475 .3850989E-10
1476 .3846366E-10
1477 .3841645E-10
1478 .3836830E-10
1479 .3831909E-10
1480 .3826891E-10
1481 .3821773E-10
1482 .3816558E-10
1483 .3811234E-10
1484 .3805812E-10
1485 .3800286E-10
1486 .3794656E-10
1487 .3788927E-10
1488 .3783095E-10
1489 .3777157E-10
1490 .3771118E-10
1491 .3764973E-10
1492 .3758725E-10
1493 .3752374E-10
1494 .3745919E-10
1495 .3739358E-10
1496 .3732693E-10
1497 .3725925E-10
1498 .3719048E-10
1499 .3712068E-10
1500 .3704980E-10
1501 .3715417E-10
1502 .3725846E-10
1503 .3736268E-10
1504 .3746685E-10
1505 .3757087E-10
1506 .3767487E-10
1507 .3777877E-10
1508 .3788261E-10
1509 .3798633E-10
1510 .3808998E-10
1511 .3819353E-10
1512 .3829699E-10
1513 .3840036E-10
1514 .3850360E-10
1515 .3860677E-10
1516 .3870986E-10
1517 .3881279E-10
1518 .3891560E-10
1519 .3901834E-10
1520 .3912094E-10
1521 .3922345E-10
1522 .3932580E-10
1523 .3942806E-10
1524 .3953019E-10
1525 .3963217E-10
1526 .3973402E-10
1527 .3983573E-10
1528 .3993734E-10
1529 .4003877E-10
1530 .4014007E-10
1531 .4024123E-10
1532 .4034220E-10
1533 .4044308E-10
1534 .4054376E-10
1535 .4064430E-10
1536 .4074470E-10
1537 .4084490E-10
1538 .4094495E-10
1539 .4104481E-10
1540 .4114454E-10
1541 .4124409E-10
1542 .4134341E-10
1543 .4144261E-10
1544 .4154164E-10
1545 .4164039E-10
1546 .4173906E-10
1547 .4183749E-10
1548 .4193572E-10
1549 .4203377E-10
1550 .4213159E-10
1551 .4222923E-10
1552 .4232666E-10
1553 .4242389E-10
1554 .4252090E-10
1555 .4261768E-10
1556 .4271426E-10
1557 .4281063E-10
1558 .4290680E-10
1559 .4300268E-10
1560 .4309840E-10
1561 .4319384E-10
1562 .4328903E-10
1563 .4338400E-10
1564 .4347879E-10
1565 .4357328E-10
1566 .4366754E-10
1567 .4376155E-10
1568 .4385534E-10
1569 .4394883E-10
1570 .4404207E-10
1571 .4413505E-10
1572 .4422780E-10
1573 .4432022E-10
1574 .4441243E-10
1575 .4450436E-10
1576 .4459598E-10
1577 .4468739E-10
1578 .4477847E-10
1579 .4486928E-10
1580 .4495977E-10
1581 .4505000E-10
1582 .4513998E-10
1583 .4522963E-10
1584 .4531898E-10
1585 .4540803E-10
1586 .4549677E-10
1587 .4558523E-10
1588 .4567337E-10
1589 .4576122E-10
1590 .4584868E-10
1591 .4593590E-10
1592 .4602277E-10
1593 .4610929E-10
1594 .4619557E-10
1595 .4628144E-10
1596 .4636703E-10
1597 .4645226E-10
1598 .4653714E-10
1599 .4662170E-10
1600 .4670593E-10
1601 .4678978E-10
1602 .4687328E-10
1603 .4695648E-10
1604 .4703930E-10
1605 .4712176E-10
1606 .4720388E-10
1607 .4728560E-10
1608 .4736695E-10
1609 .4744796E-10
1610 .4752861E-10
1611 .4760887E-10
1612 .4768874E-10
1613 .4776824E-10
1614 .4784736E-10
1615 .4792613E-10
1616 .4800447E-10
1617 .4808245E-10
1618 .4815999E-10
1619 .4823714E-10
1620 .4831392E-10
1621 .4839033E-10
1622 .4846629E-10
1623 .4854181E-10
1624 .4861699E-10
1625 .4869173E-10
1626 .4874956E-10
1627 .4880695E-10
1628 .4886390E-10
1629 .4892041E-10
1630 .4897651E-10
1631 .4903212E-10
1632 .4908730E-10
1633 .4914206E-10
1634 .4919632E-10
1635 .4925011E-10
1636 .4930351E-10
1637 .4935642E-10
1638 .4940888E-10
1639 .4946087E-10
1640 .4951239E-10
1641 .4956340E-10
1642 .4961403E-10
1643 .4966412E-10
1644 .4971376E-10
1645 .4976294E-10
1646 .4981162E-10
1647 .4985986E-10
1648 .4990757E-10
1649 .4995479E-10
1650 .5000153E-10
1651 .5004781E-10
1652 .5009358E-10
1653 .5013890E-10
1654 .5018366E-10
1655 .5022796E-10
1656 .5027175E-10
1657 .5031500E-10
1658 .5035776E-10
1659 .5040010E-10
1660 .5044187E-10
1661 .5048309E-10
1662 .5052388E-10
1663 .5056413E-10
1664 .5060381E-10
1665 .5064302E-10
1666 .5068172E-10
1667 .5071987E-10
1668 .5075753E-10
1669 .5079463E-10
1670 .5083122E-10
1671 .5086727E-10
1672 .5090280E-10
1673 .5093783E-10
1674 .5097227E-10
1675 .5100618E-10
1676 .5103957E-10
1677 .5107238E-10
1678 .5110472E-10
1679 .5113645E-10
1680 .5116764E-10
1681 .5119829E-10
1682 .5122844E-10
1683 .5125800E-10
1684 .5128702E-10
1685 .5131550E-10
1686 .5134352E-10
1687 .5137090E-10
1688 .5139778E-10
1689 .5142415E-10
1690 .5144996E-10
1691 .5147527E-10
1692 .5150005E-10
1693 .5152433E-10
1694 .5154803E-10
1695 .5157127E-10
1696 .5159400E-10
1697 .5161623E-10
1698 .5163794E-10
1699 .5165913E-10
1700 .5167980E-10
1701 .5170003E-10
1702 .5171970E-10
1703 .5173894E-10
1704 .5175763E-10
1705 .5177590E-10
1706 .5179366E-10
1707 .5181089E-10
1708 .5182768E-10
1709 .5184397E-10
1710 .5185978E-10
1711 .5187514E-10
1712 .5189003E-10
1713 .5190443E-10
1714 .5191840E-10
1715 .5193187E-10
1716 .5194490E-10
1717 .5195745E-10
1718 .5196961E-10
1719 .5198128E-10
1720 .5199247E-10
1721 .5200324E-10
1722 .5201358E-10
1723 .5202345E-10
1724 .5203290E-10
1725 .5204189E-10
1726 .5205049E-10
1727 .5205862E-10
1728 .5206633E-10
1729 .5207366E-10
1730 .5208056E-10
1731 .5208701E-10
1732 .5209303E-10
1733 .5209865E-10
1734 .5210387E-10
1735 .5210866E-10
1736 .5211307E-10
1737 .5211710E-10
1738 .5212069E-10
1739 .5212384E-10
1740 .5212669E-10
1741 .5212907E-10
1742 .5213112E-10
1743 .5213278E-10
1744 .5213402E-10
1745 .5213489E-10
1746 .5213540E-10
1747 .5213552E-10
1748 .5213524E-10
1749 .5213465E-10
1750 .5213363E-10
1751 .5213233E-10
1752 .5213058E-10
1753 .5212856E-10
1754 .5212611E-10
1755 .5212334E-10
1756 .5212024E-10
1757 .5211673E-10
1758 .5211294E-10
1759 .5210877E-10
1760 .5210426E-10
1761 .5209942E-10
1762 .5209430E-10
1763 .5208875E-10
1764 .5208293E-10
1765 .5207682E-10
1766 .5207031E-10
1767 .5206354E-10
1768 .5205643E-10
1769 .5204900E-10
1770 .5204124E-10
1771 .5203321E-10
1772 .5202488E-10
1773 .5201624E-10
1774 .5200728E-10
1775 .5199807E-10
1776 .5198847E-10
1777 .5197868E-10
1778 .5196857E-10
1779 .5195816E-10
1780 .5194745E-10
1781 .5193648E-10
1782 .5192524E-10
1783 .5191374E-10
1784 .5190191E-10
1785 .5188988E-10
1786 .5187757E-10
1787 .5186496E-10
1788 .5185211E-10
1789 .5183900E-10
1790 .5182565E-10
1791 .5181207E-10
1792 .5179819E-10
1793 .5178406E-10
1794 .5176972E-10
1795 .5175512E-10
1796 .5174030E-10
1797 .5172521E-10
1798 .5170991E-10
1799 .5169435E-10
1800 .5167865E-10
1801 .5150373E-10
1802 .5132865E-10
1803 .5115352E-10
1804 .5097825E-10
1805 .5080288E-10
1806 .5062737E-10
1807 .5045180E-10
1808 .5027613E-10
1809 .5010037E-10
1810 .4992455E-10
1811 .4974857E-10
1812 .4957262E-10
1813 .4939651E-10
1814 .4922037E-10
1815 .4904418E-10
1816 .4886792E-10
1817 .4869159E-10
1818 .4851524E-10
1819 .4833880E-10
1820 .4816234E-10
1821 .4798588E-10
1822 .4780938E-10
1823 .4763279E-10
1824 .4745622E-10
1825 .4727963E-10
1826 .4710302E-10
1827 .4692641E-10
1828 .4674975E-10
1829 .4657314E-10
1830 .4639649E-10
1831 .4621983E-10
1832 .4604324E-10
1833 .4586659E-10
1834 .4569001E-10
1835 .4551340E-10
1836 .4533682E-10
1837 .4516025E-10
1838 .4498372E-10
1839 .4480725E-10
1840 .4463080E-10
1841 .4445438E-10
1842 .4427799E-10
1843 .4410171E-10
1844 .4392542E-10
1845 .4374916E-10
1846 .4357300E-10
1847 .4339686E-10
1848 .4322082E-10
1849 .4304485E-10
1850 .4286894E-10
1851 .4269306E-10
1852 .4251731E-10
1853 .4234159E-10
1854 .4216596E-10
1855 .4199045E-10
1856 .4181500E-10
1857 .4163960E-10
1858 .4146433E-10
1859 .4128915E-10
1860 .4111406E-10
1861 .4093907E-10
1862 .4076417E-10
1863 .4058942E-10
1864 .4041475E-10
1865 .4024020E-10
1866 .4006572E-10
1867 .3989141E-10
1868 .3971717E-10
1869 .3954303E-10
1870 .3936906E-10
1871 .3919523E-10
1872 .3902150E-10
1873 .3884788E-10
1874 .3867444E-10
1875 .3850108E-10
1876 .3832788E-10
1877 .3815483E-10
1878 .3798192E-10
1879 .3780907E-10
1880 .3763652E-10
1881 .3746402E-10
1882 .3729173E-10
1883 .3711951E-10
1884 .3694746E-10
1885 .3677559E-10
1886 .3660384E-10
1887 .3643230E-10
1888 .3626088E-10
1889 .3608964E-10
1890 .3591852E-10
1891 .3574760E-10
1892 .3557686E-10
1893 .3540627E-10
1894 .3523589E-10
1895 .3506562E-10
1896 .3489556E-10
1897 .3472567E-10
1898 .3455594E-10
1899 .3438639E-10
1900 .3421703E-10
1901 .3404786E-10
1902 .3387882E-10
1903 .3371002E-10
1904 .3354133E-10
1905 .3337291E-10
1906 .3320465E-10
1907 .3303653E-10
1908 .3286866E-10
1909 .3270095E-10
1910 .3253343E-10
1911 .3236614E-10
1912 .3219902E-10
1913 .3203207E-10
1914 .3186532E-10
1915 .3169877E-10
1916 .3153243E-10
1917 .3136629E-10
1918 .3120034E-10
1919 .3103457E-10
1920 .3086904E-10
1921 .3070367E-10
1922 .3053854E-10
1923 .3037355E-10
1924 .3020881E-10
1925 .3004430E-10
1926 .2987991E-10
1927 .2971582E-10
1928 .2955185E-10
1929 .2938815E-10
1930 .2922463E-10
1931 .2906131E-10
1932 .2889819E-10
1933 .2873528E-10
1934 .2857258E-10
1935 .2841010E-10
1936 .2824782E-10
1937 .2808575E-10
1938 .2792387E-10
1939 .2776222E-10
1940 .2760078E-10
1941 .2743953E-10
1942 .2727847E-10
1943 .2711767E-10
1944 .2695709E-10
1945 .2679666E-10
1946 .2663644E-10
1947 .2647647E-10
1948 .2631668E-10
1949 .2615709E-10
1950 .2599774E-10
1951 .2583858E-10
1952 .2567963E-10
1953 .2552089E-10
1954 .2536234E-10
1955 .2520403E-10
1956 .2504591E-10
1957 .2488801E-10
1958 .2473030E-10
1959 .2457277E-10
1960 .2441547E-10
1961 .2425838E-10
1962 .2410148E-10
1963 .2394478E-10
1964 .2378828E-10
1965 .2363199E-10
1966 .2347587E-10
1967 .2331994E-10
1968 .2316419E-10
1969 .2300863E-10
1970 .2285327E-10
1971 .2269811E-10
1972 .2254309E-10
1973 .2238829E-10
1974 .2223362E-10
1975 .2207916E-10
1976 .2192483E-10
1977 .2177072E-10
1978 .2161675E-10
1979 .2146298E-10
1980 .2130937E-10
1981 .2115587E-10
1982 .2100258E-10
1983 .2084946E-10
1984 .2069648E-10
1985 .2054366E-10
1986 .2039096E-10
1987 .2023845E-10
1988 .2008609E-10
1989 .1993389E-10
1990 .1978177E-10
1991 .1962988E-10
1992 .1947808E-10
1993 .1932645E-10
1994 .1917494E-10
1995 .1902358E-10
1996 .1887238E-10
1997 .1872128E-10
1998 .1857035E-10
1999 .1841951E-10
2000 .1826882E-10
2001 .1811825E-10
2002 .1796782E-10
2003 .1781751E-10
2004 .1766732E-10
2005 .1751726E-10
2006 .1736732E-10
2007 .1721752E-10
2008 .1706779E-10
2009 .1691818E-10
2010 .1676873E-10
2011 .1676509E-10
2012 .1676150E-10
2013 .1675794E-10
2014 .1675447E-10
2015 .1675101E-10
2016 .1674762E-10
2017 .1674427E-10
2018 .1674096E-10
2019 .1673770E-10
2020 .1673451E-10
2021 .1673135E-10
2022 .1672822E-10
2023 .1672515E-10
2024 .1672212E-10
2025 .1671915E-10
2026 .1671622E-10
2027 .1671332E-10
2028 .1671049E-10
2029 .1670769E-10
2030 .1670494E-10
2031 .1670223E-10
2032 .1669956E-10
2033 .1669695E-10
2034 .1669436E-10
2035 .1669186E-10
2036 .1668935E-10
2037 .1668691E-10
2038 .1668448E-10
2039 .1668212E-10
2040 .1667982E-10
2041 .1667755E-10
2042 .1667530E-10
2043 .1667309E-10
2044 .1667094E-10
2045 .1666882E-10
2046 .1666675E-10
2047 .1666470E-10
2048 .1666272E-10
2049 .1666078E-10
2050 .1665885E-10
2051 .1665697E-10
2052 .1665514E-10
2053 .1665332E-10
2054 .1665157E-10
2055 .1664984E-10
2056 .1664818E-10
2057 .1664653E-10
2058 .1664491E-10
2059 .1664336E-10
2060 .1664180E-10
2061 .1664031E-10
2062 .1663885E-10
2063 .1663742E-10
2064 .1663603E-10
2065 .1663470E-10
2066 .1663337E-10
2067 .1663208E-10
2068 .1663084E-10
2069 .1662965E-10
2070 .1662845E-10
2071 .1662732E-10
2072 .1662621E-10
2073 .1662514E-10
2074 .1662411E-10
2075 .1662310E-10
2076 .1662211E-10
2077 .1662118E-10
2078 .1662028E-10
2079 .1661940E-10
2080 .1661856E-10
2081 .1661774E-10
2082 .1661698E-10
2083 .1661623E-10
2084 .1661551E-10
2085 .1661483E-10
2086 .1661417E-10
2087 .1661356E-10
2088 .1661295E-10
2089 .1661240E-10
2090 .1661185E-10
2091 .1661134E-10
2092 .1661089E-10
2093 .1661045E-10
2094 .1661003E-10
2095 .1660967E-10
2096 .1660930E-10
2097 .1660896E-10
2098 .1660869E-10
2099 .1660839E-10
2100 .1660816E-10
2101 .1660793E-10
2102 .1660772E-10
2103 .1660757E-10
2104 .1660744E-10
2105 .1660733E-10
2106 .1660727E-10
2107 .1660719E-10
2108 .1660719E-10
2109 .1660716E-10
2110 .1660720E-10
2111 .1660721E-10
2112 .1660728E-10
2113 .1660739E-10
2114 .1660750E-10
2115 .1660766E-10
2116 .1660780E-10
2117 .1660801E-10
2118 .1660823E-10
2119 .1660846E-10
2120 .1660871E-10
2121 .1660901E-10
2122 .1660932E-10
2123 .1660965E-10
2124 .1661000E-10
2125 .1661038E-10
2126 .1661074E-10
2127 .1661118E-10
2128 .1661162E-10
2129 .1661207E-10
2130 .1661255E-10
2131 .1661304E-10
2132 .1661356E-10
2133 .1661410E-10
2134 .1661466E-10
2135 .1661523E-10
2136 .1661584E-10
2137 .1661648E-10
2138 .1661709E-10
2139 .1661774E-10
2140 .1661842E-10
2141 .1661912E-10
2142 .1661983E-10
2143 .1662055E-10
2144 .1662131E-10
2145 .1662206E-10
2146 .1662284E-10
2147 .1662364E-10
2148 .1662444E-10
2149 .1662528E-10
2150 .1662613E-10
2151 .1662698E-10
2152 .1662786E-10
2153 .1662875E-10
2154 .1662967E-10
2155 .1663059E-10
2156 .1663153E-10
2157 .1663249E-10
2158 .1663346E-10
2159 .1663443E-10
2160 .1663542E-10
2161 .1663644E-10
2162 .1663745E-10
2163 .1663850E-10
2164 .1663956E-10
2165 .1664063E-10
2166 .1664168E-10
2167 .1664278E-10
2168 .1664386E-10
2169 .1664498E-10
2170 .1664608E-10
2171 .1664723E-10
2172 .1664839E-10
2173 .1664954E-10
2174 .1665072E-10
2175 .1665187E-10
2176 .1665305E-10
2177 .1665426E-10
2178 .1665546E-10
2179 .1665668E-10
2180 .1665792E-10
2181 .1665915E-10
2182 .1666039E-10
2183 .1666163E-10
2184 .1666289E-10
2185 .1666418E-10
2186 .1666545E-10
2187 .1666675E-10
2188 .1666803E-10
2189 .1666932E-10
2190 .1667063E-10
2191 .1667194E-10
2192 .1667328E-10
2193 .1667458E-10
2194 .1667592E-10
2195 .1667725E-10
2196 .1667862E-10
2197 .1667997E-10
2198 .1668133E-10
2199 .1668270E-10
2200 .1668405E-10
2201 .1668544E-10
2202 .1668680E-10
2203 .1668819E-10
2204 .1668958E-10
2205 .1669095E-10
2206 .1669234E-10
2207 .1669374E-10
2208 .1669513E-10
2209 .1669655E-10
2210 .1669794E-10
2211 .1669932E-10
2212 .1670074E-10
2213 .1670213E-10
2214 .1670355E-10
2215 .1670499E-10
2216 .1670638E-10
2217 .1670780E-10
2218 .1670921E-10
2219 .1671062E-10
2220 .1671203E-10
2221 .1671349E-10
2222 .1671488E-10
2223 .1671629E-10
2224 .1671769E-10
2225 .1671914E-10
2226 .1672052E-10
2227 .1672193E-10
2228 .1672336E-10
2229 .1672474E-10
2230 .1672616E-10
2231 .1672757E-10
2232 .1672895E-10
2233 .1673037E-10
2234 .1673174E-10
2235 .1673315E-10
2236 .1673455E-10
2237 .1673593E-10
2238 .1673729E-10
2239 .1673869E-10
2240 .1674005E-10
2241 .1674141E-10
2242 .1674278E-10
2243 .1674416E-10
2244 .1674551E-10
2245 .1674686E-10
2246 .1674821E-10
2247 .1674955E-10
2248 .1675090E-10
2249 .1675225E-10
2250 .1675359E-10
2251 .1675491E-10
2252 .1675624E-10
2253 .1675759E-10
2254 .1675890E-10
2255 .1676021E-10
2256 .1676154E-10
2257 .1676285E-10
2258 .1676414E-10
2259 .1676545E-10
2260 .1676675E-10
2261 .1676805E-10
2262 .1676935E-10
2263 .1677065E-10
2264 .1677193E-10
2265 .1677322E-10
2266 .1677449E-10
2267 .1677578E-10
2268 .1677705E-10
2269 .1677831E-10
2270 .1677959E-10
2271 .1678084E-10
2272 .1678211E-10
2273 .1678338E-10
2274 .1678462E-10
2275 .1678588E-10
2276 .1678714E-10
2277 .1678837E-10
2278 .1678961E-10
2279 .1679087E-10
2280 .1679211E-10
2281 .1679332E-10
2282 .1679455E-10
2283 .1679579E-10
2284 .1679701E-10
2285 .1679824E-10
2286 .1679945E-10
2287 .1680067E-10
2288 .1680188E-10
2289 .1680308E-10
2290 .1680429E-10
2291 .1680552E-10
2292 .1680671E-10
2293 .1680790E-10
2294 .1680910E-10
2295 .1681030E-10
2296 .1681147E-10
2297 .1681267E-10
2298 .1681384E-10
2299 .1681503E-10
2300 .1681621E-10
2301 .1681740E-10
2302 .1681859E-10
2303 .1681973E-10
2304 .1682091E-10
2305 .1682206E-10
2306 .1682322E-10
2307 .1682438E-10
2308 .1682554E-10
2309 .1682670E-10
2310 .1682784E-10
2311 .1682899E-10
2312 .1683013E-10
2313 .1683127E-10
2314 .1683244E-10
2315 .1683356E-10
2316 .1683471E-10
2317 .1683584E-10
2318 .1683698E-10
2319 .1683809E-10
2320 .1683924E-10
2321 .1684034E-10
2322 .1684148E-10
2323 .1684261E-10
2324 .1684370E-10
2325 .1684482E-10
2326 .1684594E-10
2327 .1684703E-10
2328 .1684816E-10
2329 .1684927E-10
2330 .1685037E-10
2331 .1685147E-10
2332 .1685257E-10
2333 .1685364E-10
2334 .1685474E-10
2335 .1685584E-10
2336 .1685695E-10
2337 .1685802E-10
2338 .1685912E-10
2339 .1686019E-10
2340 .1686124E-10
2341 .1686234E-10
2342 .1686344E-10
2343 .1686452E-10
2344 .1686557E-10
2345 .1686665E-10
2346 .1686773E-10
2347 .1686877E-10
2348 .1686985E-10
2349 .1687092E-10
2350 .1687197E-10
2351 .1687304E-10
2352 .1687410E-10
2353 .1687516E-10
2354 .1687621E-10
2355 .1687725E-10
2356 .1687831E-10
2357 .1687934E-10
2358 .1688040E-10
2359 .1688144E-10
2360 .1688248E-10
2361 .1688353E-10
2362 .1688456E-10
2363 .1688560E-10
2364 .1688662E-10
2365 .1688767E-10
2366 .1688870E-10
2367 .1688972E-10
2368 .1689075E-10
2369 .1689178E-10
2370 .1689282E-10
2371 .1689383E-10
2372 .1689484E-10
2373 .1689587E-10
2374 .1689690E-10
2375 .1689790E-10
2376 .1689893E-10
2377 .1689994E-10
2378 .1690094E-10
2379 .1690197E-10
2380 .1690297E-10
2381 .1690399E-10
2382 .1690498E-10
2383 .1690599E-10
2384 .1690699E-10
2385 .1690801E-10
2386 .1690902E-10
2387 .1690997E-10
2388 .1691098E-10
2389 .1691199E-10
2390 .1691300E-10
2391 .1691399E-10
2392 .1691497E-10
2393 .1691595E-10
2394 .1691695E-10
2395 .1691795E-10
2396 .1691894E-10
2397 .1691993E-10
2398 .1692090E-10
2399 .1692190E-10
2400 .1692288E-10
2401 .1692386E-10
2402 .1692482E-10
2403 .1692582E-10
2404 .1692680E-10
2405 .1692777E-10
2406 .1692876E-10
2407 .1692973E-10
2408 .1693071E-10
2409 .1693169E-10
2410 .1693264E-10
2411 .1693363E-10
2412 .1693459E-10
2413 .1693557E-10
2414 .1693653E-10
2415 .1693750E-10
2416 .1693847E-10
2417 .1693944E-10
2418 .1694040E-10
2419 .1694137E-10
2420 .1694232E-10
2421 .1694327E-10
2422 .1694425E-10
2423 .1694519E-10
2424 .1694617E-10
2425 .1694712E-10
2426 .1694808E-10
2427 .1694904E-10
2428 .1695001E-10
2429 .1695097E-10
2430 .1695191E-10
2431 .1695287E-10
2432 .1695383E-10
2433 .1695477E-10
2434 .1695571E-10
2435 .1695668E-10
2436 .1695762E-10
2437 .1695859E-10
2438 .1695953E-10
2439 .1696048E-10
2440 .1696144E-10
2441 .1696238E-10
2442 .1696335E-10
2443 .1696428E-10
2444 .1696522E-10
2445 .1696618E-10
2446 .1696713E-10
2447 .1696806E-10
2448 .1696900E-10
2449 .1696998E-10
2450 .1697089E-10
2451 .1697184E-10
2452 .1697279E-10
2453 .1697373E-10
2454 .1697468E-10
2455 .1697563E-10
2456 .1697655E-10
2457 .1697751E-10
2458 .1697846E-10
2459 .1697939E-10
2460 .1698035E-10
2461 .1698127E-10
2462 .1698222E-10
2463 .1698315E-10
2464 .1698408E-10
2465 .1698506E-10
2466 .1698599E-10
2467 .1698692E-10
2468 .1698788E-10
2469 .1698881E-10
2470 .1698972E-10
2471 .1699069E-10
2472 .1699163E-10
2473 .1699258E-10
2474 .1699351E-10
2475 .1699444E-10
2476 .1699539E-10
2477 .1699633E-10
2478 .1699728E-10
2479 .1699822E-10
2480 .1699915E-10
2481 .1700008E-10
2482 .1700103E-10
2483 .1700197E-10
2484 .1700292E-10
2485 .1700386E-10
2486 .1700477E-10
2487 .1700575E-10
2488 .1700668E-10
2489 .1700763E-10
2490 .1700857E-10
2491 .1700951E-10
2492 .1701046E-10
2493 .1701140E-10
2494 .1701236E-10
2495 .1701330E-10
2496 .1701424E-10
2497 .1701518E-10
2498 .1701614E-10
2499 .1701707E-10
2500 .1701802E-10
