100 .6062242E-15
101 .2340258E-14
102 .6312687E-14
103 .1396614E-13
104 .2716146E-13
105 .4818376E-13
106 .7972510E-13
107 .1248417E-12
108 .1868835E-12
109 .2693976E-12
110 .3760035E-12
111 .5102459E-12
112 .6754249E-12
113 .8744110E-12
114 .1109451E-11
115 .1381970E-11
116 .1692380E-11
117 .2039905E-11
118 .2422423E-11
119 .2836359E-11
120 .3276601E-11
121 .3736487E-11
122 .4207841E-11
123 .4681084E-11
124 .5145414E-11
125 .5589056E-11
126 .6000770E-11
127 .6374330E-11
128 .6706153E-11
129 .6994273E-11
130 .7238296E-11
131 .7439284E-11
132 .7599623E-11
133 .7722840E-11
134 .7813426E-11
135 .7876645E-11
136 .7918363E-11
137 .7944879E-11
138 .7962691E-11
139 .7975881E-11
140 .7985970E-11
141 .7994345E-11
142 .8002379E-11
143 .8011435E-11
144 .8022884E-11
145 .8038098E-11
146 .8058468E-11
147 .8085417E-11
148 .8120405E-11
149 .8164945E-11
150 .8220626E-11
151 .8288795E-11
152 .8369688E-11
153 .8463251E-11
154 .8569438E-11
155 .8688211E-11
156 .8819535E-11
157 .8963379E-11
158 .9119712E-11
159 .9288499E-11
160 .9469702E-11
161 .9663272E-11
162 .9869149E-11
163 .1008726E-10
164 .1031751E-10
165 .1055978E-10
166 .1081393E-10
167 .1107979E-10
168 .1135715E-10
169 .1164577E-10
170 .1194535E-10
171 .1225557E-10
172 .1257605E-10
173 .1290633E-10
174 .1324592E-10
175 .1359426E-10
176 .1395075E-10
177 .1431494E-10
178 .1468633E-10
179 .1506437E-10
180 .1544848E-10
181 .1583797E-10
182 .1623213E-10
183 .1663016E-10
184 .1703119E-10
185 .1743429E-10
186 .1783846E-10
187 .1824262E-10
188 .1864563E-10
189 .1904628E-10
190 .1944328E-10
191 .1983527E-10
192 .2022086E-10
193 .2059855E-10
194 .2096681E-10
195 .2132406E-10
196 .2166864E-10
197 .2199888E-10
198 .2231306E-10
199 .2260942E-10
200 .2288621E-10
201 .2314191E-10
202 .2337621E-10
203 .2358912E-10
204 .2378073E-10
205 .2395120E-10
206 .2410075E-10
207 .2422967E-10
208 .2433828E-10
209 .2442700E-10
210 .2449626E-10
211 .2454656E-10
212 .2457844E-10
213 .2459248E-10
214 .2458929E-10
215 .2456953E-10
216 .2453387E-10
217 .2448303E-10
218 .2441773E-10
219 .2433873E-10
220 .2424680E-10
221 .2414273E-10
222 .2402729E-10
223 .2390130E-10
224 .2376557E-10
225 .2362091E-10
226 .2346832E-10
227 .2330956E-10
228 .2314658E-10
229 .2298131E-10
230 .2281568E-10
231 .2265159E-10
232 .2249092E-10
233 .2233556E-10
234 .2218736E-10
235 .2204818E-10
236 .2191985E-10
237 .2180422E-10
238 .2170312E-10
239 .2161841E-10
240 .2155194E-10
241 .2150560E-10
242 .2148131E-10
243 .2148103E-10
244 .2150678E-10
245 .2156065E-10
246 .2164482E-10
247 .2176155E-10
248 .2191323E-10
249 .2210240E-10
250 .2233173E-10
251 .2520681E-10
252 .3136000E-10
253 .3508804E-10
254 .3453884E-10
255 .3636362E-10
256 .3613890E-10
257 .3711961E-10
258 .3448297E-10
259 .3259455E-10
260 .2935442E-10
261 .2557948E-10
262 .2736439E-10
263 .2654570E-10
264 .3347668E-10
265 .4076727E-10
266 .5343505E-10
267 .7210656E-10
268 .9468354E-10
269 .1078655E-09
270 .1136497E-09
271 .1148164E-09
272 .1202003E-09
273 .1234997E-09
274 .1235291E-09
275 .1262650E-09
276 .1358478E-09
277 .1366112E-09
278 .1333128E-09
279 .1323050E-09
280 .1286227E-09
281 .1251260E-09
282 .1327504E-09
283 .1362444E-09
284 .1357511E-09
285 .1477111E-09
286 .1528661E-09
287 .1723951E-09
288 .1865978E-09
289 .1960651E-09
290 .2013372E-09
291 .2073746E-09
292 .2090147E-09
293 .2021934E-09
294 .2037250E-09
295 .1945960E-09
296 .1813799E-09
297 .1819309E-09
298 .1743903E-09
299 .1662260E-09
300 .1736639E-09
301 .1762703E-09
302 .1655987E-09
303 .1733720E-09
304 .1794251E-09
305 .1633931E-09
306 .1660225E-09
307 .1795106E-09
308 .1823407E-09
309 .1819719E-09
310 .1871482E-09
311 .1891434E-09
312 .2007052E-09
313 .2027886E-09
314 .2221615E-09
315 .2292609E-09
316 .2330590E-09
317 .2211418E-09
318 .2125628E-09
319 .2141899E-09
320 .2102994E-09
321 .1975911E-09
322 .1828649E-09
323 .1770242E-09
324 .1642664E-09
325 .1722454E-09
326 .1752916E-09
327 .1713181E-09
328 .1831482E-09
329 .1755686E-09
330 .1680547E-09
331 .1835580E-09
332 .1828740E-09
333 .1881304E-09
334 .1919229E-09
335 .1880367E-09
336 .2004486E-09
337 .2062061E-09
338 .2104920E-09
339 .2231123E-09
340 .2214695E-09
341 .2279522E-09
342 .2210794E-09
343 .2198283E-09
344 .2234009E-09
345 .2294062E-09
346 .2291743E-09
347 .2324286E-09
348 .2382311E-09
349 .2491450E-09
350 .2681753E-09
351 .2733254E-09
352 .2884702E-09
353 .3017047E-09
354 .3030655E-09
355 .3038989E-09
356 .2892968E-09
357 .2932527E-09
358 .3080541E-09
359 .3137693E-09
360 .3025984E-09
361 .2962170E-09
362 .2915271E-09
363 .3256766E-09
364 .3541359E-09
365 .3891953E-09
366 .4211787E-09
367 .4301444E-09
368 .4308869E-09
369 .4257656E-09
370 .4015474E-09
371 .3744758E-09
372 .3465593E-09
373 .3126293E-09
374 .2745707E-09
375 .2039984E-09
376 .1387399E-09
377 .1211226E-09
378 .1238598E-09
379 .1469948E-09
380 .1727344E-09
381 .1776083E-09
382 .2030879E-09
383 .2269808E-09
384 .2559900E-09
385 .2989171E-09
386 .3415174E-09
387 .3742190E-09
388 .3716193E-09
389 .4304620E-09
390 .4899906E-09
391 .4941185E-09
392 .5098814E-09
393 .5566736E-09
394 .5610722E-09
395 .5516102E-09
396 .5448579E-09
397 .5542722E-09
398 .5323799E-09
399 .4971671E-09
400 .4842085E-09
401 .4572819E-09
402 .4411211E-09
403 .4067265E-09
404 .4108524E-09
405 .3891112E-09
406 .3729719E-09
407 .3623542E-09
408 .3422740E-09
409 .3468581E-09
410 .3399278E-09
411 .3302572E-09
412 .3172232E-09
413 .3244683E-09
414 .3292231E-09
415 .3366588E-09
416 .3439466E-09
417 .3435598E-09
418 .3488457E-09
419 .3542502E-09
420 .3576198E-09
421 .3670760E-09
422 .3600998E-09
423 .3681798E-09
424 .3717822E-09
425 .3803130E-09
426 .3868309E-09
427 .4037358E-09
428 .4090942E-09
429 .4152439E-09
430 .4041929E-09
431 .4077722E-09
432 .3913805E-09
433 .3660041E-09
434 .3541577E-09
435 .3402338E-09
436 .3158978E-09
437 .2936260E-09
438 .2805995E-09
439 .2645913E-09
440 .2491435E-09
441 .2473729E-09
442 .2462188E-09
443 .2546096E-09
444 .2667268E-09
445 .2732724E-09
446 .2820511E-09
447 .2906337E-09
448 .3246611E-09
449 .3521593E-09
450 .3848479E-09
451 .4198244E-09
452 .4706727E-09
453 .5148875E-09
454 .5520979E-09
455 .5900258E-09
456 .6278746E-09
457 .6567733E-09
458 .6819435E-09
459 .6941471E-09
460 .6979567E-09
461 .6938880E-09
462 .6765078E-09
463 .6441841E-09
464 .6073332E-09
465 .5609278E-09
466 .5164507E-09
467 .4671776E-09
468 .4290862E-09
469 .3935179E-09
470 .3670069E-09
471 .3395790E-09
472 .3255477E-09
473 .3135378E-09
474 .3153063E-09
475 .3212175E-09
476 .3290570E-09
477 .3480571E-09
478 .3598773E-09
479 .3712346E-09
480 .3774125E-09
481 .3763588E-09
482 .3778010E-09
483 .3784367E-09
484 .3876876E-09
485 .4048410E-09
486 .4189175E-09
487 .4504710E-09
488 .4868523E-09
489 .5161505E-09
490 .5405645E-09
491 .5673253E-09
492 .5771822E-09
493 .5664181E-09
494 .5555096E-09
495 .5233502E-09
496 .4952024E-09
497 .4623668E-09
498 .4266586E-09
499 .3920136E-09
500 .3687548E-09
501 .3404256E-09
502 .3282799E-09
503 .3214354E-09
504 .3132949E-09
505 .3044431E-09
506 .3035333E-09
507 .2979580E-09
508 .2998344E-09
509 .2938077E-09
510 .2919164E-09
511 .2947690E-09
512 .2986614E-09
513 .3056817E-09
514 .3034423E-09
515 .3114235E-09
516 .3230335E-09
517 .3398006E-09
518 .3619191E-09
519 .3753677E-09
520 .3940641E-09
521 .4097417E-09
522 .4247902E-09
523 .4430381E-09
524 .4701498E-09
525 .4876327E-09
526 .4938526E-09
527 .5051457E-09
528 .5120250E-09
529 .5197383E-09
530 .5140558E-09
531 .5240561E-09
532 .5255385E-09
533 .5321647E-09
534 .5390558E-09
535 .5483304E-09
536 .5588895E-09
537 .5754356E-09
538 .5913177E-09
539 .6012211E-09
540 .6346420E-09
541 .6593985E-09
542 .6844769E-09
543 .7252169E-09
544 .7516802E-09
545 .7767463E-09
546 .7919858E-09
547 .8077523E-09
548 .8146486E-09
549 .8253423E-09
550 .8269637E-09
551 .8240131E-09
552 .8195841E-09
553 .8032977E-09
554 .7811507E-09
555 .7674443E-09
556 .7400901E-09
557 .7201492E-09
558 .6958169E-09
559 .6675536E-09
560 .6403074E-09
561 .6064790E-09
562 .5783379E-09
563 .5542372E-09
564 .5204940E-09
565 .4932119E-09
566 .4784015E-09
567 .4700370E-09
568 .4633369E-09
569 .4722575E-09
570 .4782604E-09
571 .4847715E-09
572 .4906716E-09
573 .5125145E-09
574 .5291438E-09
575 .5411267E-09
576 .5687539E-09
577 .5809145E-09
578 .5978522E-09
579 .6115525E-09
580 .6148634E-09
581 .6029451E-09
582 .6119819E-09
583 .6092104E-09
584 .5945251E-09
585 .6048342E-09
586 .6100820E-09
587 .5907584E-09
588 .5784747E-09
589 .5461914E-09
590 .5384828E-09
591 .5216003E-09
592 .5058937E-09
593 .4950441E-09
594 .4644779E-09
595 .4430463E-09
596 .4314168E-09
597 .4290478E-09
598 .4160001E-09
599 .4084258E-09
600 .4027834E-09
601 .4026535E-09
602 .4007799E-09
603 .3965697E-09
604 .3940262E-09
605 .3973377E-09
606 .3952589E-09
607 .4007613E-09
608 .3968449E-09
609 .3988981E-09
610 .4005246E-09
611 .3958047E-09
612 .3936739E-09
613 .3930342E-09
614 .3953246E-09
615 .4036014E-09
616 .4195544E-09
617 .4232963E-09
618 .4170833E-09
619 .4154061E-09
620 .4226657E-09
621 .4190706E-09
622 .4209495E-09
623 .4195444E-09
624 .4159097E-09
625 .4141363E-09
626 .4310245E-09
627 .4314717E-09
628 .4244143E-09
629 .4502223E-09
630 .4641985E-09
631 .4648293E-09
632 .5048416E-09
633 .5212782E-09
634 .5454490E-09
635 .5727088E-09
636 .6036436E-09
637 .6383777E-09
638 .6478749E-09
639 .6871129E-09
640 .7109405E-09
641 .7245718E-09
642 .7389576E-09
643 .7712359E-09
644 .7754182E-09
645 .7709916E-09
646 .7960915E-09
647 .7991607E-09
648 .7976978E-09
649 .7974533E-09
650 .8311032E-09
651 .8181054E-09
652 .7903522E-09
653 .7901607E-09
654 .7887844E-09
655 .7649021E-09
656 .7354081E-09
657 .7282580E-09
658 .7091594E-09
659 .6890777E-09
660 .6517108E-09
661 .6158467E-09
662 .5906468E-09
663 .5803193E-09
664 .5470133E-09
665 .5186872E-09
666 .5011499E-09
667 .4929939E-09
668 .4888044E-09
669 .4490860E-09
670 .4386784E-09
671 .4382047E-09
672 .4335364E-09
673 .4568509E-09
674 .4380542E-09
675 .4409206E-09
676 .4216677E-09
677 .3895033E-09
678 .4131845E-09
679 .3872623E-09
680 .3769585E-09
681 .3967546E-09
682 .3948238E-09
683 .3765724E-09
684 .3642282E-09
685 .3975736E-09
686 .3792529E-09
687 .3616421E-09
688 .3717296E-09
689 .3582029E-09
690 .3612921E-09
691 .3657134E-09
692 .3697719E-09
693 .3770126E-09
694 .3751489E-09
695 .3795700E-09
696 .3682023E-09
697 .3541617E-09
698 .3648807E-09
699 .3632944E-09
700 .3423915E-09
701 .3174437E-09
702 .3209465E-09
703 .3243933E-09
704 .3279329E-09
705 .3301408E-09
706 .3382531E-09
707 .3491509E-09
708 .3560064E-09
709 .3649597E-09
710 .3762490E-09
711 .3922421E-09
712 .4147062E-09
713 .4254211E-09
714 .4345898E-09
715 .4443316E-09
716 .4560914E-09
717 .4470774E-09
718 .4504901E-09
719 .4505378E-09
720 .4494555E-09
721 .4522146E-09
722 .4483178E-09
723 .4415288E-09
724 .4445222E-09
725 .4513275E-09
726 .4573980E-09
727 .4671399E-09
728 .4771755E-09
729 .4831021E-09
730 .4878357E-09
731 .5036605E-09
732 .5105417E-09
733 .5227650E-09
734 .5350875E-09
735 .5384669E-09
736 .5418669E-09
737 .5344402E-09
738 .5210826E-09
739 .5066197E-09
740 .4760154E-09
741 .4429992E-09
742 .4220010E-09
743 .3946824E-09
744 .3698211E-09
745 .3525503E-09
746 .3404821E-09
747 .3356895E-09
748 .3675305E-09
749 .2951369E-09
750 .2520888E-09
751 .3391384E-09
752 .3138667E-09
753 .3374110E-09
754 .3681306E-09
755 .3864262E-09
756 .3981456E-09
757 .4173039E-09
758 .4245174E-09
759 .4148526E-09
760 .4111532E-09
761 .4244361E-09
762 .4236739E-09
763 .4125712E-09
764 .4048947E-09
765 .4022602E-09
766 .4086558E-09
767 .3993213E-09
768 .3877716E-09
769 .3731386E-09
770 .3545371E-09
771 .3486689E-09
772 .3423611E-09
773 .3273477E-09
774 .3128067E-09
775 .3009472E-09
776 .2916075E-09
777 .2820655E-09
778 .2758099E-09
779 .2647226E-09
780 .2468175E-09
781 .2350464E-09
782 .2334947E-09
783 .2295379E-09
784 .2253080E-09
785 .2132514E-09
786 .2031129E-09
787 .1993668E-09
788 .1983559E-09
789 .1875280E-09
790 .1814396E-09
791 .1742975E-09
792 .1775886E-09
793 .1736075E-09
794 .1667354E-09
795 .1632432E-09
796 .1648297E-09
797 .1657843E-09
798 .1537010E-09
799 .1461352E-09
800 .1514458E-09
801 .1510963E-09
802 .1498638E-09
803 .1443967E-09
804 .1286799E-09
805 .1305085E-09
806 .1664295E-09
807 .9853174E-10
808 .8125159E-10
809 .8087168E-10
810 .7174328E-10
811 .6861833E-10
812 .6383581E-10
813 .5768386E-10
814 .4986620E-10
815 .4309131E-10
816 .3965754E-10
817 .4444367E-10
818 .4688012E-10
819 .4173210E-10
820 .4111595E-10
821 .4561937E-10
822 .4910482E-10
823 .5023637E-10
824 .4957865E-10
825 .4987392E-10
826 .5396716E-10
827 .5985279E-10
828 .7173089E-10
829 .8027113E-10
830 .7566846E-10
831 .7718745E-10
832 .8297091E-10
833 .9370721E-10
834 .1130977E-09
835 .1307181E-09
836 .1475676E-09
837 .1599517E-09
838 .1773417E-09
839 .1952026E-09
840 .2243030E-09
841 .2595536E-09
842 .2734195E-09
843 .2695302E-09
844 .2660055E-09
845 .2683163E-09
846 .2714264E-09
847 .2883435E-09
848 .3111162E-09
849 .3042829E-09
850 .2937462E-09
851 .2838795E-09
852 .2744647E-09
853 .2834081E-09
854 .3220398E-09
855 .3294282E-09
856 .3141613E-09
857 .3031496E-09
858 .3073873E-09
859 .3139545E-09
860 .3637189E-09
861 .3866560E-09
862 .3594829E-09
863 .3343497E-09
864 .3604868E-09
865 .3979939E-09
866 .4048292E-09
867 .4000518E-09
868 .3865422E-09
869 .3493586E-09
870 .3467100E-09
871 .3579974E-09
872 .3889290E-09
873 .3917705E-09
874 .3550622E-09
875 .3258987E-09
876 .3221301E-09
877 .3357359E-09
878 .3440818E-09
879 .3332633E-09
880 .3361108E-09
881 .3246807E-09
882 .3107647E-09
883 .2981185E-09
884 .2973141E-09
885 .3126444E-09
886 .2861558E-09
887 .2807011E-09
888 .2859072E-09
889 .2741370E-09
890 .2703979E-09
891 .2817919E-09
892 .2793837E-09
893 .2655892E-09
894 .2644374E-09
895 .2629738E-09
896 .2717237E-09
897 .2841224E-09
898 .2846628E-09
899 .2757579E-09
900 .2590867E-09
901 .2610081E-09
902 .2547561E-09
903 .2559546E-09
904 .2564742E-09
905 .2568361E-09
906 .2652854E-09
907 .2712476E-09
908 .2823759E-09
909 .3075858E-09
910 .2853932E-09
911 .2607025E-09
912 .2543763E-09
913 .2416304E-09
914 .2541814E-09
915 .2609139E-09
916 .2594833E-09
917 .2447005E-09
918 .2056102E-09
919 .2017547E-09
920 .2120658E-09
921 .2212660E-09
922 .2141353E-09
923 .2875306E-09
924 .2992414E-09
925 .1932375E-09
926 .2049765E-09
927 .2018624E-09
928 .2033370E-09
929 .2219084E-09
930 .2320315E-09
931 .2565035E-09
932 .2497105E-09
933 .2507426E-09
934 .2503165E-09
935 .2562113E-09
936 .2296446E-09
937 .2673032E-09
938 .3384431E-09
939 .3109660E-09
940 .3005808E-09
941 .2974282E-09
942 .2615232E-09
943 .2682832E-09
944 .2905515E-09
945 .2832958E-09
946 .2741379E-09
947 .2485284E-09
948 .2309925E-09
949 .2401637E-09
950 .2342768E-09
951 .2375717E-09
952 .2112194E-09
953 .2007708E-09
954 .2228140E-09
955 .2271414E-09
956 .2249806E-09
957 .2098169E-09
958 .2168976E-09
959 .2214733E-09
960 .2025823E-09
961 .2346757E-09
962 .2303321E-09
963 .2259381E-09
964 .2639016E-09
965 .2462294E-09
966 .2346517E-09
967 .2497599E-09
968 .2778891E-09
969 .3015216E-09
970 .2929804E-09
971 .3356005E-09
972 .3637015E-09
973 .3342273E-09
974 .3172118E-09
975 .3352448E-09
976 .3551738E-09
977 .3646341E-09
978 .3564322E-09
979 .3427153E-09
980 .4029334E-09
981 .3897310E-09
982 .3613381E-09
983 .3828683E-09
984 .4059756E-09
985 .4232101E-09
986 .3810824E-09
987 .3641617E-09
988 .4011354E-09
989 .3835696E-09
990 .3669202E-09
991 .3652703E-09
992 .3480682E-09
993 .3518118E-09
994 .3867026E-09
995 .4097380E-09
996 .3576932E-09
997 .3100079E-09
998 .3056293E-09
999 .3496514E-09
1000 .3417820E-09
1001 .3398868E-09
1002 .3379856E-09
1003 .3360776E-09
1004 .3341637E-09
1005 .3322435E-09
1006 .3303170E-09
1007 .3283847E-09
1008 .3264455E-09
1009 .3245008E-09
1010 .3225491E-09
1011 .3205911E-09
1012 .3186277E-09
1013 .3166574E-09
1014 .3146811E-09
1015 .3126987E-09
1016 .3107100E-09
1017 .3087151E-09
1018 .3067139E-09
1019 .3047066E-09
1020 .3026930E-09
1021 .3006734E-09
1022 .2986474E-09
1023 .2966151E-09
1024 .2945771E-09
1025 .2925328E-09
1026 .2904819E-09
1027 .2884248E-09
1028 .2863622E-09
1029 .2842934E-09
1030 .2822181E-09
1031 .2801367E-09
1032 .2780496E-09
1033 .2759558E-09
1034 .2738563E-09
1035 .2717507E-09
1036 .2696390E-09
1037 .2675213E-09
1038 .2653974E-09
1039 .2632676E-09
1040 .2611315E-09
1041 .2589895E-09
1042 .2568418E-09
1043 .2546877E-09
1044 .2525278E-09
1045 .2503619E-09
1046 .2481901E-09
1047 .2460123E-09
1048 .2438288E-09
1049 .2416391E-09
1050 .2394437E-09
1051 .2372424E-09
1052 .2350355E-09
1053 .2328228E-09
1054 .2306041E-09
1055 .2283798E-09
1056 .2261498E-09
1057 .2239135E-09
1058 .2216722E-09
1059 .2194251E-09
1060 .2171722E-09
1061 .2149136E-09
1062 .2126494E-09
1063 .2103797E-09
1064 .2081043E-09
1065 .2058235E-09
1066 .2035374E-09
1067 .2012452E-09
1068 .1989478E-09
1069 .1966449E-09
1070 .1943366E-09
1071 .1920225E-09
1072 .1897033E-09
1073 .1873789E-09
1074 .1850488E-09
1075 .1827134E-09
1076 .1803730E-09
1077 .1780268E-09
1078 .1756755E-09
1079 .1733188E-09
1080 .1709571E-09
1081 .1685899E-09
1082 .1662178E-09
1083 .1638406E-09
1084 .1614579E-09
1085 .1590701E-09
1086 .1566772E-09
1087 .1542792E-09
1088 .1518761E-09
1089 .1494680E-09
1090 .1470549E-09
1091 .1446367E-09
1092 .1422136E-09
1093 .1397854E-09
1094 .1373522E-09
1095 .1349142E-09
1096 .1324711E-09
1097 .1300234E-09
1098 .1275706E-09
1099 .1251129E-09
1100 .1226506E-09
1101 .1201833E-09
1102 .1177113E-09
1103 .1152345E-09
1104 .1127529E-09
1105 .1102668E-09
1106 .1077757E-09
1107 .1052800E-09
1108 .1027796E-09
1109 .1002747E-09
1110 .9776523E-10
1111 .9525091E-10
1112 .9273220E-10
1113 .9020891E-10
1114 .8768099E-10
1115 .8514864E-10
1116 .8261180E-10
1117 .8007054E-10
1118 .7752466E-10
1119 .7497446E-10
1120 .7241987E-10
1121 .6986086E-10
1122 .6729753E-10
1123 .6472981E-10
1124 .6215772E-10
1125 .5958145E-10
1126 .5700080E-10
1127 .5441595E-10
1128 .5182681E-10
1129 .4923346E-10
1130 .4663597E-10
1131 .4667172E-10
1132 .4670735E-10
1133 .4674286E-10
1134 .4677824E-10
1135 .4681349E-10
1136 .4684862E-10
1137 .4688364E-10
1138 .4691848E-10
1139 .4695327E-10
1140 .4698784E-10
1141 .4702234E-10
1142 .4705674E-10
1143 .4709098E-10
1144 .4712508E-10
1145 .4715906E-10
1146 .4719293E-10
1147 .4722671E-10
1148 .4726031E-10
1149 .4729379E-10
1150 .4732718E-10
1151 .4736044E-10
1152 .4739356E-10
1153 .4742655E-10
1154 .4745946E-10
1155 .4749220E-10
1156 .4752481E-10
1157 .4755730E-10
1158 .4758966E-10
1159 .4762194E-10
1160 .4765404E-10
1161 .4768607E-10
1162 .4771795E-10
1163 .4774967E-10
1164 .4778126E-10
1165 .4781284E-10
1166 .4784419E-10
1167 .4787540E-10
1168 .4790659E-10
1169 .4793758E-10
1170 .4796842E-10
1171 .4799923E-10
1172 .4802986E-10
1173 .4806038E-10
1174 .4809071E-10
1175 .4812104E-10
1176 .4815116E-10
1177 .4818115E-10
1178 .4821107E-10
1179 .4824084E-10
1180 .4827048E-10
1181 .4830001E-10
1182 .4832940E-10
1183 .4835869E-10
1184 .4838784E-10
1185 .4841689E-10
1186 .4844579E-10
1187 .4847458E-10
1188 .4850325E-10
1189 .4853180E-10
1190 .4856021E-10
1191 .4858850E-10
1192 .4861669E-10
1193 .4864473E-10
1194 .4867269E-10
1195 .4870047E-10
1196 .4872816E-10
1197 .4875575E-10
1198 .4878319E-10
1199 .4881049E-10
1200 .4883770E-10
1201 .4886478E-10
1202 .4889171E-10
1203 .4891856E-10
1204 .4894530E-10
1205 .4897190E-10
1206 .4899838E-10
1207 .4902473E-10
1208 .4905095E-10
1209 .4907705E-10
1210 .4910305E-10
1211 .4912892E-10
1212 .4915466E-10
1213 .4918033E-10
1214 .4920577E-10
1215 .4923123E-10
1216 .4925649E-10
1217 .4928164E-10
1218 .4930665E-10
1219 .4933162E-10
1220 .4935640E-10
1221 .4938108E-10
1222 .4940563E-10
1223 .4943004E-10
1224 .4945437E-10
1225 .4947856E-10
1226 .4950266E-10
1227 .4952659E-10
1228 .4955044E-10
1229 .4957418E-10
1230 .4959780E-10
1231 .4962126E-10
1232 .4964464E-10
1233 .4966792E-10
1234 .4969102E-10
1235 .4971405E-10
1236 .4973695E-10
1237 .4975975E-10
1238 .4978238E-10
1239 .4980494E-10
1240 .4982735E-10
1241 .4984968E-10
1242 .4987187E-10
1243 .4989396E-10
1244 .4991592E-10
1245 .4993777E-10
1246 .4995948E-10
1247 .4998109E-10
1248 .5000258E-10
1249 .5002400E-10
1250 .5004527E-10
1251 .5006913E-10
1252 .5009294E-10
1253 .5011662E-10
1254 .5014008E-10
1255 .5016350E-10
1256 .5018674E-10
1257 .5020998E-10
1258 .5023303E-10
1259 .5025595E-10
1260 .5027879E-10
1261 .5030151E-10
1262 .5032411E-10
1263 .5034655E-10
1264 .5036888E-10
1265 .5039115E-10
1266 .5041320E-10
1267 .5043523E-10
1268 .5045708E-10
1269 .5047886E-10
1270 .5050050E-10
1271 .5052204E-10
1272 .5054344E-10
1273 .5056474E-10
1274 .5058589E-10
1275 .5060692E-10
1276 .5062791E-10
1277 .5064876E-10
1278 .5066945E-10
1279 .5069006E-10
1280 .5071053E-10
1281 .5073090E-10
1282 .5075110E-10
1283 .5077125E-10
1284 .5079130E-10
1285 .5081119E-10
1286 .5083095E-10
1287 .5085064E-10
1288 .5087021E-10
1289 .5088958E-10
1290 .5090897E-10
1291 .5092814E-10
1292 .5094731E-10
1293 .5096631E-10
1294 .5098518E-10
1295 .5100395E-10
1296 .5102264E-10
1297 .5104118E-10
1298 .5105964E-10
1299 .5107796E-10
1300 .5109622E-10
1301 .5111433E-10
1302 .5113238E-10
1303 .5115026E-10
1304 .5116808E-10
1305 .5118579E-10
1306 .5120339E-10
1307 .5122091E-10
1308 .5123831E-10
1309 .5125557E-10
1310 .5127279E-10
1311 .5128995E-10
1312 .5130694E-10
1313 .5132380E-10
1314 .5134061E-10
1315 .5135729E-10
1316 .5137391E-10
1317 .5139048E-10
1318 .5140685E-10
1319 .5142318E-10
1320 .5143942E-10
1321 .5145557E-10
1322 .5147156E-10
1323 .5148754E-10
1324 .5150337E-10
1325 .5151910E-10
1326 .5153480E-10
1327 .5155035E-10
1328 .5156586E-10
1329 .5158125E-10
1330 .5159658E-10
1331 .5161180E-10
1332 .5162688E-10
1333 .5164197E-10
1334 .5165690E-10
1335 .5167180E-10
1336 .5168661E-10
1337 .5170130E-10
1338 .5171588E-10
1339 .5173043E-10
1340 .5174492E-10
1341 .5175925E-10
1342 .5177356E-10
1343 .5178774E-10
1344 .5180192E-10
1345 .5181593E-10
1346 .5182992E-10
1347 .5184379E-10
1348 .5185761E-10
1349 .5187133E-10
1350 .5188499E-10
1351 .5189860E-10
1352 .5191214E-10
1353 .5192551E-10
1354 .5193890E-10
1355 .5195215E-10
1356 .5196539E-10
1357 .5197853E-10
1358 .5199156E-10
1359 .5200459E-10
1360 .5201750E-10
1361 .5203033E-10
1362 .5204315E-10
1363 .5205585E-10
1364 .5206853E-10
1365 .5208110E-10
1366 .5209362E-10
1367 .5210606E-10
1368 .5211845E-10
1369 .5213074E-10
1370 .5214303E-10
1371 .5205516E-10
1372 .5196709E-10
1373 .5187897E-10
1374 .5179078E-10
1375 .5170243E-10
1376 .5161402E-10
1377 .5152547E-10
1378 .5143679E-10
1379 .5134809E-10
1380 .5125921E-10
1381 .5117029E-10
1382 .5108123E-10
1383 .5099208E-10
1384 .5090281E-10
1385 .5081348E-10
1386 .5072402E-10
1387 .5063453E-10
1388 .5054488E-10
1389 .5045518E-10
1390 .5036535E-10
1391 .5027543E-10
1392 .5018542E-10
1393 .5009535E-10
1394 .5000517E-10
1395 .4991491E-10
1396 .4982453E-10
1397 .4973410E-10
1398 .4964360E-10
1399 .4955300E-10
1400 .4946231E-10
1401 .4937149E-10
1402 .4928068E-10
1403 .4918972E-10
1404 .4909872E-10
1405 .4900763E-10
1406 .4891645E-10
1407 .4882521E-10
1408 .4873388E-10
1409 .4864249E-10
1410 .4855100E-10
1411 .4845944E-10
1412 .4836782E-10
1413 .4827613E-10
1414 .4818434E-10
1415 .4809251E-10
1416 .4800056E-10
1417 .4790863E-10
1418 .4781659E-10
1419 .4772445E-10
1420 .4763228E-10
1421 .4754003E-10
1422 .4744769E-10
1423 .4735532E-10
1424 .4726288E-10
1425 .4717037E-10
1426 .4707779E-10
1427 .4698518E-10
1428 .4689247E-10
1429 .4679971E-10
1430 .4670689E-10
1431 .4661405E-10
1432 .4652114E-10
1433 .4642814E-10
1434 .4633511E-10
1435 .4624201E-10
1436 .4614888E-10
1437 .4605566E-10
1438 .4596241E-10
1439 .4586909E-10
1440 .4577571E-10
1441 .4568230E-10
1442 .4558885E-10
1443 .4549535E-10
1444 .4540176E-10
1445 .4530817E-10
1446 .4521453E-10
1447 .4512080E-10
1448 .4502705E-10
1449 .4493324E-10
1450 .4483939E-10
1451 .4474552E-10
1452 .4465159E-10
1453 .4455759E-10
1454 .4446360E-10
1455 .4436952E-10
1456 .4427546E-10
1457 .4418131E-10
1458 .4408715E-10
1459 .4399289E-10
1460 .4389862E-10
1461 .4380439E-10
1462 .4371000E-10
1463 .4361564E-10
1464 .4352123E-10
1465 .4342680E-10
1466 .4333231E-10
1467 .4323782E-10
1468 .4314327E-10
1469 .4304868E-10
1470 .4295406E-10
1471 .4285942E-10
1472 .4276472E-10
1473 .4267004E-10
1474 .4257529E-10
1475 .4248053E-10
1476 .4238574E-10
1477 .4229089E-10
1478 .4219606E-10
1479 .4210116E-10
1480 .4200626E-10
1481 .4191131E-10
1482 .4181636E-10
1483 .4172137E-10
1484 .4162636E-10
1485 .4153133E-10
1486 .4143624E-10
1487 .4134116E-10
1488 .4124603E-10
1489 .4115092E-10
1490 .4105574E-10
1491 .4096052E-10
1492 .4086530E-10
1493 .4077007E-10
1494 .4067477E-10
1495 .4057951E-10
1496 .4048413E-10
1497 .4038879E-10
1498 .4029341E-10
1499 .4019800E-10
1500 .4010259E-10
1501 .4010965E-10
1502 .4011674E-10
1503 .4012384E-10
1504 .4013096E-10
1505 .4013809E-10
1506 .4014520E-10
1507 .4015234E-10
1508 .4015948E-10
1509 .4016665E-10
1510 .4017380E-10
1511 .4018098E-10
1512 .4018816E-10
1513 .4019536E-10
1514 .4020255E-10
1515 .4020976E-10
1516 .4021697E-10
1517 .4022419E-10
1518 .4023141E-10
1519 .4023862E-10
1520 .4024587E-10
1521 .4025315E-10
1522 .4026041E-10
1523 .4026766E-10
1524 .4027495E-10
1525 .4028223E-10
1526 .4028955E-10
1527 .4029681E-10
1528 .4030412E-10
1529 .4031144E-10
1530 .4031875E-10
1531 .4032610E-10
1532 .4033342E-10
1533 .4034073E-10
1534 .4034809E-10
1535 .4035549E-10
1536 .4036283E-10
1537 .4037020E-10
1538 .4037758E-10
1539 .4038496E-10
1540 .4039236E-10
1541 .4039976E-10
1542 .4040718E-10
1543 .4041456E-10
1544 .4042197E-10
1545 .4042940E-10
1546 .4043683E-10
1547 .4044428E-10
1548 .4045171E-10
1549 .4045916E-10
1550 .4046664E-10
1551 .4047410E-10
1552 .4048157E-10
1553 .4048906E-10
1554 .4049655E-10
1555 .4050400E-10
1556 .4051152E-10
1557 .4051901E-10
1558 .4052654E-10
1559 .4053406E-10
1560 .4054156E-10
1561 .4054909E-10
1562 .4055662E-10
1563 .4056417E-10
1564 .4057170E-10
1565 .4057928E-10
1566 .4058683E-10
1567 .4059438E-10
1568 .4060194E-10
1569 .4060952E-10
1570 .4061710E-10
1571 .4062468E-10
1572 .4063226E-10
1573 .4063986E-10
1574 .4064746E-10
1575 .4065505E-10
1576 .4066268E-10
1577 .4067027E-10
1578 .4067788E-10
1579 .4068553E-10
1580 .4069315E-10
1581 .4070079E-10
1582 .4070842E-10
1583 .4071608E-10
1584 .4072372E-10
1585 .4073140E-10
1586 .4073905E-10
1587 .4074671E-10
1588 .4075436E-10
1589 .4076205E-10
1590 .4076974E-10
1591 .4077742E-10
1592 .4078509E-10
1593 .4079278E-10
1594 .4080048E-10
1595 .4080817E-10
1596 .4081588E-10
1597 .4082357E-10
1598 .4083131E-10
1599 .4083903E-10
1600 .4084672E-10
1601 .4085447E-10
1602 .4086219E-10
1603 .4086993E-10
1604 .4087765E-10
1605 .4088539E-10
1606 .4089311E-10
1607 .4090088E-10
1608 .4090863E-10
1609 .4091637E-10
1610 .4092413E-10
1611 .4093190E-10
1612 .4093965E-10
1613 .4094742E-10
1614 .4095519E-10
1615 .4096292E-10
1616 .4097073E-10
1617 .4097851E-10
1618 .4098629E-10
1619 .4099409E-10
1620 .4100188E-10
1621 .4100965E-10
1622 .4101745E-10
1623 .4102523E-10
1624 .4103303E-10
1625 .4104084E-10
1626 .4103427E-10
1627 .4102770E-10
1628 .4102114E-10
1629 .4101462E-10
1630 .4100812E-10
1631 .4100166E-10
1632 .4099519E-10
1633 .4098880E-10
1634 .4098239E-10
1635 .4097601E-10
1636 .4096966E-10
1637 .4096337E-10
1638 .4095709E-10
1639 .4095079E-10
1640 .4094452E-10
1641 .4093830E-10
1642 .4093210E-10
1643 .4092592E-10
1644 .4091972E-10
1645 .4091360E-10
1646 .4090748E-10
1647 .4090139E-10
1648 .4089531E-10
1649 .4088928E-10
1650 .4088325E-10
1651 .4087725E-10
1652 .4087129E-10
1653 .4086531E-10
1654 .4085937E-10
1655 .4085346E-10
1656 .4084757E-10
1657 .4084170E-10
1658 .4083583E-10
1659 .4083002E-10
1660 .4082417E-10
1661 .4081839E-10
1662 .4081266E-10
1663 .4080690E-10
1664 .4080115E-10
1665 .4079547E-10
1666 .4078979E-10
1667 .4078412E-10
1668 .4077846E-10
1669 .4077284E-10
1670 .4076726E-10
1671 .4076166E-10
1672 .4075610E-10
1673 .4075053E-10
1674 .4074504E-10
1675 .4073951E-10
1676 .4073405E-10
1677 .4072859E-10
1678 .4072310E-10
1679 .4071768E-10
1680 .4071228E-10
1681 .4070690E-10
1682 .4070150E-10
1683 .4069618E-10
1684 .4069081E-10
1685 .4068550E-10
1686 .4068021E-10
1687 .4067494E-10
1688 .4066965E-10
1689 .4066441E-10
1690 .4065918E-10
1691 .4065396E-10
1692 .4064878E-10
1693 .4064361E-10
1694 .4063843E-10
1695 .4063330E-10
1696 .4062815E-10
1697 .4062306E-10
1698 .4061800E-10
1699 .4061289E-10
1700 .4060786E-10
1701 .4060281E-10
1702 .4059776E-10
1703 .4059277E-10
1704 .4058775E-10
1705 .4058280E-10
1706 .4057785E-10
1707 .4057287E-10
1708 .4056796E-10
1709 .4056301E-10
1710 .4055815E-10
1711 .4055326E-10
1712 .4054841E-10
1713 .4054353E-10
1714 .4053872E-10
1715 .4053389E-10
1716 .4052907E-10
1717 .4052427E-10
1718 .4051950E-10
1719 .4051471E-10
1720 .4050997E-10
1721 .4050524E-10
1722 .4050052E-10
1723 .4049580E-10
1724 .4049114E-10
1725 .4048644E-10
1726 .4048178E-10
1727 .4047713E-10
1728 .4047247E-10
1729 .4046783E-10
1730 .4046323E-10
1731 .4045863E-10
1732 .4045402E-10
1733 .4044951E-10
1734 .4044490E-10
1735 .4044036E-10
1736 .4043581E-10
1737 .4043129E-10
1738 .4042679E-10
1739 .4042230E-10
1740 .4041778E-10
1741 .4041328E-10
1742 .4040885E-10
1743 .4040437E-10
1744 .4039994E-10
1745 .4039551E-10
1746 .4039109E-10
1747 .4038669E-10
1748 .4038232E-10
1749 .4037791E-10
1750 .4037352E-10
1751 .4036918E-10
1752 .4036481E-10
1753 .4036046E-10
1754 .4035616E-10
1755 .4035180E-10
1756 .4034750E-10
1757 .4034322E-10
1758 .4033891E-10
1759 .4033462E-10
1760 .4033036E-10
1761 .4032609E-10
1762 .4032183E-10
1763 .4031761E-10
1764 .4031337E-10
1765 .4030916E-10
1766 .4030492E-10
1767 .4030071E-10
1768 .4029655E-10
1769 .4029232E-10
1770 .4028814E-10
1771 .4028396E-10
1772 .4027980E-10
1773 .4027564E-10
1774 .4027150E-10
1775 .4026738E-10
1776 .4026322E-10
1777 .4025910E-10
1778 .4025499E-10
1779 .4025085E-10
1780 .4024677E-10
1781 .4024267E-10
1782 .4023859E-10
1783 .4023448E-10
1784 .4023043E-10
1785 .4022638E-10
1786 .4022231E-10
1787 .4021827E-10
1788 .4021422E-10
1789 .4021017E-10
1790 .4020613E-10
1791 .4020213E-10
1792 .4019808E-10
1793 .4019407E-10
1794 .4019004E-10
1795 .4018605E-10
1796 .4018205E-10
1797 .4017804E-10
1798 .4017406E-10
1799 .4017005E-10
1800 .4016609E-10
1801 .4003039E-10
1802 .3989472E-10
1803 .3975907E-10
1804 .3962343E-10
1805 .3948784E-10
1806 .3935228E-10
1807 .3921672E-10
1808 .3908123E-10
1809 .3894575E-10
1810 .3881032E-10
1811 .3867490E-10
1812 .3853950E-10
1813 .3840414E-10
1814 .3826882E-10
1815 .3813354E-10
1816 .3799825E-10
1817 .3786300E-10
1818 .3772781E-10
1819 .3759261E-10
1820 .3745746E-10
1821 .3732231E-10
1822 .3718724E-10
1823 .3705215E-10
1824 .3691710E-10
1825 .3678207E-10
1826 .3664712E-10
1827 .3651216E-10
1828 .3637721E-10
1829 .3624231E-10
1830 .3610742E-10
1831 .3597257E-10
1832 .3583773E-10
1833 .3570294E-10
1834 .3556817E-10
1835 .3543340E-10
1836 .3529869E-10
1837 .3516400E-10
1838 .3502932E-10
1839 .3489470E-10
1840 .3476009E-10
1841 .3462547E-10
1842 .3449092E-10
1843 .3435637E-10
1844 .3422188E-10
1845 .3408738E-10
1846 .3395291E-10
1847 .3381848E-10
1848 .3368406E-10
1849 .3354967E-10
1850 .3341531E-10
1851 .3328096E-10
1852 .3314666E-10
1853 .3301237E-10
1854 .3287810E-10
1855 .3274386E-10
1856 .3260965E-10
1857 .3247546E-10
1858 .3234129E-10
1859 .3220713E-10
1860 .3207302E-10
1861 .3193892E-10
1862 .3180484E-10
1863 .3167080E-10
1864 .3153679E-10
1865 .3140280E-10
1866 .3126882E-10
1867 .3113486E-10
1868 .3100093E-10
1869 .3086705E-10
1870 .3073316E-10
1871 .3059929E-10
1872 .3046546E-10
1873 .3033165E-10
1874 .3019784E-10
1875 .3006412E-10
1876 .2993033E-10
1877 .2979663E-10
1878 .2966294E-10
1879 .2952928E-10
1880 .2939559E-10
1881 .2926199E-10
1882 .2912838E-10
1883 .2899480E-10
1884 .2886124E-10
1885 .2872769E-10
1886 .2859420E-10
1887 .2846072E-10
1888 .2832723E-10
1889 .2819378E-10
1890 .2806036E-10
1891 .2792694E-10
1892 .2779358E-10
1893 .2766023E-10
1894 .2752689E-10
1895 .2739357E-10
1896 .2726029E-10
1897 .2712704E-10
1898 .2699378E-10
1899 .2686055E-10
1900 .2672737E-10
1901 .2659420E-10
1902 .2646102E-10
1903 .2632792E-10
1904 .2619480E-10
1905 .2606170E-10
1906 .2592863E-10
1907 .2579559E-10
1908 .2566258E-10
1909 .2552958E-10
1910 .2539660E-10
1911 .2526365E-10
1912 .2513072E-10
1913 .2499783E-10
1914 .2486492E-10
1915 .2473206E-10
1916 .2459922E-10
1917 .2446639E-10
1918 .2433361E-10
1919 .2420084E-10
1920 .2406808E-10
1921 .2393536E-10
1922 .2380263E-10
1923 .2366995E-10
1924 .2353730E-10
1925 .2340465E-10
1926 .2327203E-10
1927 .2313943E-10
1928 .2300686E-10
1929 .2287432E-10
1930 .2274179E-10
1931 .2260930E-10
1932 .2247680E-10
1933 .2234432E-10
1934 .2221191E-10
1935 .2207948E-10
1936 .2194710E-10
1937 .2181473E-10
1938 .2168238E-10
1939 .2155004E-10
1940 .2141778E-10
1941 .2128548E-10
1942 .2115322E-10
1943 .2102100E-10
1944 .2088878E-10
1945 .2075660E-10
1946 .2062443E-10
1947 .2049231E-10
1948 .2036019E-10
1949 .2022811E-10
1950 .2009604E-10
1951 .1996399E-10
1952 .1983196E-10
1953 .1969997E-10
1954 .1956800E-10
1955 .1943605E-10
1956 .1930412E-10
1957 .1917221E-10
1958 .1904034E-10
1959 .1890849E-10
1960 .1877665E-10
1961 .1864486E-10
1962 .1851306E-10
1963 .1838132E-10
1964 .1824957E-10
1965 .1811788E-10
1966 .1798621E-10
1967 .1785455E-10
1968 .1772292E-10
1969 .1759131E-10
1970 .1745972E-10
1971 .1732817E-10
1972 .1719666E-10
1973 .1706516E-10
1974 .1693368E-10
1975 .1680225E-10
1976 .1667082E-10
1977 .1653944E-10
1978 .1640809E-10
1979 .1627675E-10
1980 .1614543E-10
1981 .1601417E-10
1982 .1588290E-10
1983 .1575168E-10
1984 .1562048E-10
1985 .1548932E-10
1986 .1535817E-10
1987 .1522709E-10
1988 .1509602E-10
1989 .1496497E-10
1990 .1483394E-10
1991 .1470295E-10
1992 .1457199E-10
1993 .1444107E-10
1994 .1431015E-10
1995 .1417930E-10
1996 .1404845E-10
1997 .1391764E-10
1998 .1378686E-10
1999 .1365611E-10
2000 .1352540E-10
2001 .1339471E-10
2002 .1326406E-10
2003 .1313344E-10
2004 .1300284E-10
2005 .1287228E-10
2006 .1274174E-10
2007 .1261123E-10
2008 .1248077E-10
2009 .1235034E-10
2010 .1221993E-10
2011 .1221838E-10
2012 .1221684E-10
2013 .1221528E-10
2014 .1221373E-10
2015 .1221217E-10
2016 .1221063E-10
2017 .1220907E-10
2018 .1220753E-10
2019 .1220597E-10
2020 .1220442E-10
2021 .1220286E-10
2022 .1220132E-10
2023 .1219976E-10
2024 .1219819E-10
2025 .1219665E-10
2026 .1219508E-10
2027 .1219353E-10
2028 .1219198E-10
2029 .1219042E-10
2030 .1218888E-10
2031 .1218732E-10
2032 .1218578E-10
2033 .1218421E-10
2034 .1218265E-10
2035 .1218109E-10
2036 .1217954E-10
2037 .1217801E-10
2038 .1217645E-10
2039 .1217491E-10
2040 .1217334E-10
2041 .1217180E-10
2042 .1217024E-10
2043 .1216871E-10
2044 .1216716E-10
2045 .1216561E-10
2046 .1216406E-10
2047 .1216252E-10
2048 .1216098E-10
2049 .1215944E-10
2050 .1215790E-10
2051 .1215636E-10
2052 .1215483E-10
2053 .1215329E-10
2054 .1215176E-10
2055 .1215022E-10
2056 .1214871E-10
2057 .1214716E-10
2058 .1214564E-10
2059 .1214412E-10
2060 .1214259E-10
2061 .1214108E-10
2062 .1213956E-10
2063 .1213804E-10
2064 .1213652E-10
2065 .1213500E-10
2066 .1213349E-10
2067 .1213198E-10
2068 .1213049E-10
2069 .1212898E-10
2070 .1212749E-10
2071 .1212599E-10
2072 .1212448E-10
2073 .1212300E-10
2074 .1212150E-10
2075 .1212001E-10
2076 .1211853E-10
2077 .1211705E-10
2078 .1211556E-10
2079 .1211410E-10
2080 .1211261E-10
2081 .1211115E-10
2082 .1210968E-10
2083 .1210821E-10
2084 .1210676E-10
2085 .1210530E-10
2086 .1210385E-10
2087 .1210239E-10
2088 .1210095E-10
2089 .1209950E-10
2090 .1209806E-10
2091 .1209662E-10
2092 .1209520E-10
2093 .1209376E-10
2094 .1209235E-10
2095 .1209092E-10
2096 .1208950E-10
2097 .1208809E-10
2098 .1208668E-10
2099 .1208526E-10
2100 .1208388E-10
2101 .1208248E-10
2102 .1208109E-10
2103 .1207970E-10
2104 .1207831E-10
2105 .1207694E-10
2106 .1207557E-10
2107 .1207418E-10
2108 .1207283E-10
2109 .1207146E-10
2110 .1207011E-10
2111 .1206875E-10
2112 .1206741E-10
2113 .1206607E-10
2114 .1206474E-10
2115 .1206340E-10
2116 .1206207E-10
2117 .1206075E-10
2118 .1205942E-10
2119 .1205813E-10
2120 .1205681E-10
2121 .1205551E-10
2122 .1205420E-10
2123 .1205293E-10
2124 .1205165E-10
2125 .1205035E-10
2126 .1204908E-10
2127 .1204781E-10
2128 .1204655E-10
2129 .1204530E-10
2130 .1204405E-10
2131 .1204280E-10
2132 .1204157E-10
2133 .1204033E-10
2134 .1203909E-10
2135 .1203788E-10
2136 .1203666E-10
2137 .1203546E-10
2138 .1203426E-10
2139 .1203306E-10
2140 .1203187E-10
2141 .1203067E-10
2142 .1202952E-10
2143 .1202833E-10
2144 .1202717E-10
2145 .1202601E-10
2146 .1202487E-10
2147 .1202372E-10
2148 .1202258E-10
2149 .1202145E-10
2150 .1202033E-10
2151 .1201922E-10
2152 .1201811E-10
2153 .1201699E-10
2154 .1201589E-10
2155 .1201481E-10
2156 .1201375E-10
2157 .1201267E-10
2158 .1201158E-10
2159 .1201054E-10
2160 .1200950E-10
2161 .1200844E-10
2162 .1200741E-10
2163 .1200638E-10
2164 .1200535E-10
2165 .1200435E-10
2166 .1200333E-10
2167 .1200234E-10
2168 .1200136E-10
2169 .1200038E-10
2170 .1199941E-10
2171 .1199844E-10
2172 .1199749E-10
2173 .1199653E-10
2174 .1199559E-10
2175 .1199464E-10
2176 .1199372E-10
2177 .1199282E-10
2178 .1199190E-10
2179 .1199101E-10
2180 .1199012E-10
2181 .1198923E-10
2182 .1198837E-10
2183 .1198751E-10
2184 .1198664E-10
2185 .1198580E-10
2186 .1198496E-10
2187 .1198413E-10
2188 .1198332E-10
2189 .1198251E-10
2190 .1198171E-10
2191 .1198091E-10
2192 .1198012E-10
2193 .1197935E-10
2194 .1197858E-10
2195 .1197784E-10
2196 .1197709E-10
2197 .1197636E-10
2198 .1197563E-10
2199 .1197491E-10
2200 .1197420E-10
2201 .1197352E-10
2202 .1197282E-10
2203 .1197213E-10
2204 .1197147E-10
2205 .1197081E-10
2206 .1197015E-10
2207 .1196951E-10
2208 .1196889E-10
2209 .1196828E-10
2210 .1196768E-10
2211 .1196708E-10
2212 .1196649E-10
2213 .1196592E-10
2214 .1196535E-10
2215 .1196479E-10
2216 .1196425E-10
2217 .1196372E-10
2218 .1196320E-10
2219 .1196267E-10
2220 .1196218E-10
2221 .1196170E-10
2222 .1196120E-10
2223 .1196073E-10
2224 .1196028E-10
2225 .1195984E-10
2226 .1195940E-10
2227 .1195897E-10
2228 .1195857E-10
2229 .1195816E-10
2230 .1195776E-10
2231 .1195737E-10
2232 .1195702E-10
2233 .1195667E-10
2234 .1195632E-10
2235 .1195599E-10
2236 .1195566E-10
2237 .1195537E-10
2238 .1195506E-10
2239 .1195479E-10
2240 .1195449E-10
2241 .1195423E-10
2242 .1195398E-10
2243 .1195375E-10
2244 .1195352E-10
2245 .1195329E-10
2246 .1195308E-10
2247 .1195290E-10
2248 .1195273E-10
2249 .1195255E-10
2250 .1195238E-10
2251 .1195224E-10
2252 .1195210E-10
2253 .1195198E-10
2254 .1195187E-10
2255 .1195175E-10
2256 .1195166E-10
2257 .1195158E-10
2258 .1195150E-10
2259 .1195143E-10
2260 .1195139E-10
2261 .1195136E-10
2262 .1195133E-10
2263 .1195131E-10
2264 .1195130E-10
2265 .1195130E-10
2266 .1195133E-10
2267 .1195135E-10
2268 .1195139E-10
2269 .1195142E-10
2270 .1195148E-10
2271 .1195155E-10
2272 .1195162E-10
2273 .1195171E-10
2274 .1195181E-10
2275 .1195192E-10
2276 .1195204E-10
2277 .1195218E-10
2278 .1195230E-10
2279 .1195246E-10
2280 .1195261E-10
2281 .1195277E-10
2282 .1195295E-10
2283 .1195314E-10
2284 .1195333E-10
2285 .1195355E-10
2286 .1195376E-10
2287 .1195400E-10
2288 .1195422E-10
2289 .1195447E-10
2290 .1195472E-10
2291 .1195498E-10
2292 .1195527E-10
2293 .1195554E-10
2294 .1195583E-10
2295 .1195615E-10
2296 .1195645E-10
2297 .1195676E-10
2298 .1195710E-10
2299 .1195743E-10
2300 .1195779E-10
2301 .1195814E-10
2302 .1195851E-10
2303 .1195887E-10
2304 .1195928E-10
2305 .1195966E-10
2306 .1196006E-10
2307 .1196046E-10
2308 .1196089E-10
2309 .1196131E-10
2310 .1196175E-10
2311 .1196219E-10
2312 .1196264E-10
2313 .1196311E-10
2314 .1196357E-10
2315 .1196407E-10
2316 .1196456E-10
2317 .1196504E-10
2318 .1196554E-10
2319 .1196605E-10
2320 .1196658E-10
2321 .1196711E-10
2322 .1196764E-10
2323 .1196818E-10
2324 .1196874E-10
2325 .1196930E-10
2326 .1196986E-10
2327 .1197043E-10
2328 .1197102E-10
2329 .1197161E-10
2330 .1197222E-10
2331 .1197282E-10
2332 .1197343E-10
2333 .1197405E-10
2334 .1197469E-10
2335 .1197533E-10
2336 .1197597E-10
2337 .1197662E-10
2338 .1197728E-10
2339 .1197797E-10
2340 .1197864E-10
2341 .1197931E-10
2342 .1198000E-10
2343 .1198070E-10
2344 .1198140E-10
2345 .1198211E-10
2346 .1198282E-10
2347 .1198357E-10
2348 .1198429E-10
2349 .1198504E-10
2350 .1198579E-10
2351 .1198654E-10
2352 .1198729E-10
2353 .1198807E-10
2354 .1198885E-10
2355 .1198961E-10
2356 .1199041E-10
2357 .1199120E-10
2358 .1199200E-10
2359 .1199280E-10
2360 .1199361E-10
2361 .1199443E-10
2362 .1199526E-10
2363 .1199609E-10
2364 .1199693E-10
2365 .1199777E-10
2366 .1199864E-10
2367 .1199948E-10
2368 .1200034E-10
2369 .1200122E-10
2370 .1200208E-10
2371 .1200298E-10
2372 .1200388E-10
2373 .1200476E-10
2374 .1200568E-10
2375 .1200655E-10
2376 .1200748E-10
2377 .1200840E-10
2378 .1200931E-10
2379 .1201026E-10
2380 .1201119E-10
2381 .1201212E-10
2382 .1201306E-10
2383 .1201402E-10
2384 .1201498E-10
2385 .1201594E-10
2386 .1201689E-10
2387 .1201787E-10
2388 .1201886E-10
2389 .1201983E-10
2390 .1202082E-10
2391 .1202180E-10
2392 .1202279E-10
2393 .1202381E-10
2394 .1202481E-10
2395 .1202585E-10
2396 .1202687E-10
2397 .1202789E-10
2398 .1202891E-10
2399 .1202994E-10
2400 .1203098E-10
2401 .1203202E-10
2402 .1203307E-10
2403 .1203412E-10
2404 .1203518E-10
2405 .1203625E-10
2406 .1203730E-10
2407 .1203836E-10
2408 .1203946E-10
2409 .1204053E-10
2410 .1204162E-10
2411 .1204271E-10
2412 .1204379E-10
2413 .1204489E-10
2414 .1204600E-10
2415 .1204711E-10
2416 .1204820E-10
2417 .1204930E-10
2418 .1205044E-10
2419 .1205156E-10
2420 .1205267E-10
2421 .1205381E-10
2422 .1205493E-10
2423 .1205607E-10
2424 .1205719E-10
2425 .1205836E-10
2426 .1205950E-10
2427 .1206066E-10
2428 .1206181E-10
2429 .1206296E-10
2430 .1206414E-10
2431 .1206529E-10
2432 .1206645E-10
2433 .1206763E-10
2434 .1206883E-10
2435 .1206998E-10
2436 .1207118E-10
2437 .1207236E-10
2438 .1207354E-10
2439 .1207473E-10
2440 .1207594E-10
2441 .1207713E-10
2442 .1207833E-10
2443 .1207953E-10
2444 .1208073E-10
2445 .1208195E-10
2446 .1208315E-10
2447 .1208438E-10
2448 .1208559E-10
2449 .1208681E-10
2450 .1208803E-10
2451 .1208925E-10
2452 .1209047E-10
2453 .1209172E-10
2454 .1209294E-10
2455 .1209419E-10
2456 .1209541E-10
2457 .1209666E-10
2458 .1209788E-10
2459 .1209915E-10
2460 .1210039E-10
2461 .1210163E-10
2462 .1210288E-10
2463 .1210414E-10
2464 .1210539E-10
2465 .1210665E-10
2466 .1210790E-10
2467 .1210916E-10
2468 .1211043E-10
2469 .1211169E-10
2470 .1211295E-10
2471 .1211422E-10
2472 .1211551E-10
2473 .1211676E-10
2474 .1211804E-10
2475 .1211931E-10
2476 .1212059E-10
2477 .1212187E-10
2478 .1212315E-10
2479 .1212443E-10
2480 .1212572E-10
2481 .1212699E-10
2482 .1212827E-10
2483 .1212955E-10
2484 .1213083E-10
2485 .1213212E-10
2486 .1213340E-10
2487 .1213470E-10
2488 .1213599E-10
2489 .1213727E-10
2490 .1213858E-10
2491 .1213988E-10
2492 .1214117E-10
2493 .1214245E-10
2494 .1214373E-10
2495 .1214505E-10
2496 .1214635E-10
2497 .1214764E-10
2498 .1214894E-10
2499 .1215024E-10
2500 .1215153E-10
