100 .2703517E-14
101 .1029236E-13
102 .2742935E-13
103 .6010356E-13
104 .1160068E-12
105 .2045720E-12
106 .3369302E-12
107 .5257817E-12
108 .7851726E-12
109 .1130180E-11
110 .1576514E-11
111 .2140018E-11
112 .2836114E-11
113 .3679172E-11
114 .4681834E-11
115 .5854313E-11
116 .7203680E-11
117 .8733175E-11
118 .1044154E-10
119 .1232245E-10
120 .1436402E-10
121 .1654843E-10
122 .1885170E-10
123 .2124366E-10
124 .2368811E-10
125 .2614313E-10
126 .2856632E-10
127 .3093190E-10
128 .3322231E-10
129 .3542469E-10
130 .3753106E-10
131 .3953849E-10
132 .4144889E-10
133 .4326902E-10
134 .4501023E-10
135 .4668816E-10
136 .4832259E-10
137 .4993709E-10
138 .5155824E-10
139 .5319804E-10
140 .5485155E-10
141 .5651262E-10
142 .5817476E-10
143 .5983122E-10
144 .6147505E-10
145 .6309932E-10
146 .6469711E-10
147 .6626159E-10
148 .6778616E-10
149 .6926434E-10
150 .7068996E-10
151 .7205837E-10
152 .7337053E-10
153 .7462903E-10
154 .7583664E-10
155 .7699617E-10
156 .7811068E-10
157 .7918335E-10
158 .8021750E-10
159 .8121659E-10
160 .8218419E-10
161 .8312397E-10
162 .8403984E-10
163 .8493575E-10
164 .8581583E-10
165 .8668434E-10
166 .8754572E-10
167 .8840459E-10
168 .8926572E-10
169 .9013406E-10
170 .9101476E-10
171 .9191325E-10
172 .9283516E-10
173 .9378631E-10
174 .9477290E-10
175 .9580131E-10
176 .9687704E-10
177 .9800065E-10
178 .9917139E-10
179 .1003885E-09
180 .1016510E-09
181 .1029581E-09
182 .1043086E-09
183 .1057015E-09
184 .1071354E-09
185 .1086090E-09
186 .1101210E-09
187 .1116697E-09
188 .1132534E-09
189 .1148704E-09
190 .1165186E-09
191 .1181960E-09
192 .1199004E-09
193 .1216293E-09
194 .1233803E-09
195 .1251505E-09
196 .1269372E-09
197 .1287372E-09
198 .1305474E-09
199 .1323644E-09
200 .1341846E-09
201 .1360048E-09
202 .1378246E-09
203 .1396438E-09
204 .1414625E-09
205 .1432809E-09
206 .1450988E-09
207 .1469164E-09
208 .1487338E-09
209 .1505511E-09
210 .1523683E-09
211 .1541857E-09
212 .1560032E-09
213 .1578211E-09
214 .1596395E-09
215 .1614586E-09
216 .1632786E-09
217 .1650997E-09
218 .1669221E-09
219 .1687462E-09
220 .1705720E-09
221 .1723999E-09
222 .1742303E-09
223 .1760634E-09
224 .1778997E-09
225 .1797393E-09
226 .1815827E-09
227 .1834288E-09
228 .1852766E-09
229 .1871250E-09
230 .1889728E-09
231 .1908189E-09
232 .1926620E-09
233 .1945009E-09
234 .1963343E-09
235 .1981611E-09
236 .1999797E-09
237 .2017890E-09
238 .2035875E-09
239 .2053739E-09
240 .2071466E-09
241 .2089044E-09
242 .2106458E-09
243 .2123692E-09
244 .2140733E-09
245 .2157564E-09
246 .2174171E-09
247 .2190538E-09
248 .2206648E-09
249 .2222488E-09
250 .2238040E-09
251 .2535311E-09
252 .2944992E-09
253 .3384715E-09
254 .3349899E-09
255 .3259412E-09
256 .3112390E-09
257 .2899243E-09
258 .2745810E-09
259 .2835330E-09
260 .2888421E-09
261 .2958829E-09
262 .2765101E-09
263 .2552024E-09
264 .2701416E-09
265 .3074449E-09
266 .3321555E-09
267 .3667268E-09
268 .4365906E-09
269 .5098611E-09
270 .5645634E-09
271 .6248530E-09
272 .6714912E-09
273 .7040479E-09
274 .7464287E-09
275 .7755461E-09
276 .7532680E-09
277 .7894953E-09
278 .8050689E-09
279 .7976553E-09
280 .7947205E-09
281 .8823328E-09
282 .9394691E-09
283 .9995969E-09
284 .1066161E-08
285 .1088651E-08
286 .1201596E-08
287 .1346889E-08
288 .1475777E-08
289 .1636675E-08
290 .1802065E-08
291 .1959831E-08
292 .2034581E-08
293 .2088848E-08
294 .2128383E-08
295 .2108931E-08
296 .2068569E-08
297 .1978550E-08
298 .1872624E-08
299 .1737124E-08
300 .1636738E-08
301 .1577523E-08
302 .1552475E-08
303 .1577334E-08
304 .1591310E-08
305 .1457353E-08
306 .1413385E-08
307 .1565113E-08
308 .1637475E-08
309 .1660892E-08
310 .1670953E-08
311 .1736319E-08
312 .1851507E-08
313 .2018677E-08
314 .2156918E-08
315 .2302450E-08
316 .2455168E-08
317 .2584357E-08
318 .2536853E-08
319 .2437311E-08
320 .2307038E-08
321 .2092838E-08
322 .2147939E-08
323 .2060137E-08
324 .1961489E-08
325 .1780264E-08
326 .1660065E-08
327 .1739367E-08
328 .1749159E-08
329 .1735689E-08
330 .1763929E-08
331 .1903578E-08
332 .1923885E-08
333 .2044358E-08
334 .2101796E-08
335 .2167319E-08
336 .2201733E-08
337 .2229581E-08
338 .2275533E-08
339 .2300707E-08
340 .2384198E-08
341 .2426050E-08
342 .2483987E-08
343 .2532712E-08
344 .2597354E-08
345 .2681005E-08
346 .2777661E-08
347 .2890884E-08
348 .2980228E-08
349 .3119536E-08
350 .3297131E-08
351 .3539626E-08
352 .3684179E-08
353 .3864756E-08
354 .4031591E-08
355 .4111747E-08
356 .4200803E-08
357 .4213513E-08
358 .4229957E-08
359 .4217667E-08
360 .4148566E-08
361 .4080915E-08
362 .3977866E-08
363 .3959240E-08
364 .3989881E-08
365 .4089157E-08
366 .4134293E-08
367 .4025331E-08
368 .3841327E-08
369 .3549612E-08
370 .3221906E-08
371 .2927127E-08
372 .2732787E-08
373 .2576649E-08
374 .2514439E-08
375 .2434245E-08
376 .2341605E-08
377 .2286448E-08
378 .2249969E-08
379 .2233252E-08
380 .2262942E-08
381 .2365055E-08
382 .2555339E-08
383 .2841340E-08
384 .3183429E-08
385 .3563584E-08
386 .3962420E-08
387 .4398080E-08
388 .4802645E-08
389 .5160707E-08
390 .5486071E-08
391 .5744267E-08
392 .5949218E-08
393 .6053227E-08
394 .6045654E-08
395 .5994882E-08
396 .5835515E-08
397 .5498337E-08
398 .5206432E-08
399 .4929483E-08
400 .4744695E-08
401 .4650847E-08
402 .4655006E-08
403 .4716100E-08
404 .4879188E-08
405 .5036816E-08
406 .5234483E-08
407 .5413814E-08
408 .5524666E-08
409 .5492234E-08
410 .5538409E-08
411 .5499830E-08
412 .5479448E-08
413 .5454112E-08
414 .5450361E-08
415 .5439190E-08
416 .5439491E-08
417 .5438608E-08
418 .5400562E-08
419 .5367855E-08
420 .5272472E-08
421 .5189544E-08
422 .5050657E-08
423 .4913581E-08
424 .4764263E-08
425 .4639284E-08
426 .4452820E-08
427 .4363769E-08
428 .4190911E-08
429 .4025740E-08
430 .3866996E-08
431 .3763580E-08
432 .3673650E-08
433 .3653822E-08
434 .3669252E-08
435 .3686146E-08
436 .3691487E-08
437 .3685325E-08
438 .3681524E-08
439 .3655690E-08
440 .3620389E-08
441 .3647181E-08
442 .3679231E-08
443 .3742329E-08
444 .3870828E-08
445 .4025415E-08
446 .4182712E-08
447 .4360691E-08
448 .4518397E-08
449 .4689626E-08
450 .4853459E-08
451 .4994351E-08
452 .5144107E-08
453 .5247967E-08
454 .5352246E-08
455 .5413691E-08
456 .5470798E-08
457 .5518916E-08
458 .5542583E-08
459 .5553931E-08
460 .5547518E-08
461 .5519210E-08
462 .5443902E-08
463 .5311348E-08
464 .5123470E-08
465 .4936218E-08
466 .4700553E-08
467 .4487163E-08
468 .4243333E-08
469 .4123210E-08
470 .4071372E-08
471 .3961718E-08
472 .3844953E-08
473 .3734541E-08
474 .3635541E-08
475 .3510096E-08
476 .3429963E-08
477 .3404818E-08
478 .3388654E-08
479 .3374783E-08
480 .3344367E-08
481 .3299226E-08
482 .3241557E-08
483 .3154234E-08
484 .3052918E-08
485 .2942797E-08
486 .2874384E-08
487 .2854450E-08
488 .2852196E-08
489 .2908284E-08
490 .3007161E-08
491 .3109252E-08
492 .3226822E-08
493 .3308444E-08
494 .3336923E-08
495 .3343515E-08
496 .3320625E-08
497 .3278803E-08
498 .3216534E-08
499 .3164767E-08
500 .3130381E-08
501 .3109366E-08
502 .3125959E-08
503 .3174444E-08
504 .3242741E-08
505 .3321341E-08
506 .3405328E-08
507 .3501892E-08
508 .3591230E-08
509 .3673458E-08
510 .3731851E-08
511 .3811669E-08
512 .3857297E-08
513 .3895925E-08
514 .3932221E-08
515 .3975894E-08
516 .4022236E-08
517 .4049142E-08
518 .4075960E-08
519 .4108526E-08
520 .4118683E-08
521 .4109236E-08
522 .4081707E-08
523 .4015248E-08
524 .3902108E-08
525 .3790793E-08
526 .3661981E-08
527 .3539502E-08
528 .3431685E-08
529 .3305827E-08
530 .3214498E-08
531 .3157842E-08
532 .3157374E-08
533 .3165564E-08
534 .3173146E-08
535 .3187584E-08
536 .3204249E-08
537 .3213099E-08
538 .3188615E-08
539 .3156623E-08
540 .3131656E-08
541 .3087459E-08
542 .3017798E-08
543 .2939376E-08
544 .2858520E-08
545 .2794449E-08
546 .2735555E-08
547 .2692735E-08
548 .2668998E-08
549 .2696543E-08
550 .2722781E-08
551 .2777770E-08
552 .2861913E-08
553 .2950837E-08
554 .3030197E-08
555 .3093082E-08
556 .3135208E-08
557 .3165780E-08
558 .3194836E-08
559 .3183717E-08
560 .3154501E-08
561 .3139790E-08
562 .3116987E-08
563 .3083159E-08
564 .3049721E-08
565 .3023251E-08
566 .2989088E-08
567 .2951727E-08
568 .2916954E-08
569 .2878745E-08
570 .2842179E-08
571 .2787219E-08
572 .2719485E-08
573 .2671531E-08
574 .2606746E-08
575 .2562509E-08
576 .2540897E-08
577 .2522296E-08
578 .2527923E-08
579 .2554909E-08
580 .2578360E-08
581 .2630070E-08
582 .2706825E-08
583 .2768861E-08
584 .2830000E-08
585 .2878031E-08
586 .2926427E-08
587 .2990635E-08
588 .3021348E-08
589 .2997809E-08
590 .2981014E-08
591 .2994247E-08
592 .3003356E-08
593 .2986790E-08
594 .2963394E-08
595 .2939432E-08
596 .2897822E-08
597 .2868798E-08
598 .2826512E-08
599 .2784945E-08
600 .2732190E-08
601 .2674245E-08
602 .2579717E-08
603 .2475498E-08
604 .2368201E-08
605 .2203467E-08
606 .2006945E-08
607 .1776497E-08
608 .1581780E-08
609 .1405756E-08
610 .1263147E-08
611 .1147407E-08
612 .1060385E-08
613 .1028304E-08
614 .1023456E-08
615 .1049978E-08
616 .1100449E-08
617 .1186142E-08
618 .1279074E-08
619 .1381975E-08
620 .1503155E-08
621 .1648808E-08
622 .1758947E-08
623 .1869065E-08
624 .1973255E-08
625 .2091970E-08
626 .2187675E-08
627 .2262543E-08
628 .2304883E-08
629 .2367875E-08
630 .2418783E-08
631 .2453921E-08
632 .2462802E-08
633 .2470393E-08
634 .2474508E-08
635 .2480621E-08
636 .2469213E-08
637 .2459273E-08
638 .2450311E-08
639 .2437533E-08
640 .2419711E-08
641 .2409160E-08
642 .2386638E-08
643 .2365878E-08
644 .2353244E-08
645 .2324255E-08
646 .2306189E-08
647 .2288670E-08
648 .2262690E-08
649 .2241395E-08
650 .2218021E-08
651 .2218142E-08
652 .2190308E-08
653 .2164390E-08
654 .2140444E-08
655 .2112606E-08
656 .2081601E-08
657 .2040838E-08
658 .2010215E-08
659 .1974843E-08
660 .1931254E-08
661 .1887389E-08
662 .1840721E-08
663 .1802070E-08
664 .1762747E-08
665 .1733917E-08
666 .1696420E-08
667 .1662898E-08
668 .1636276E-08
669 .1596732E-08
670 .1553185E-08
671 .1516156E-08
672 .1495378E-08
673 .1463890E-08
674 .1436672E-08
675 .1419682E-08
676 .1381773E-08
677 .1364324E-08
678 .1341701E-08
679 .1321029E-08
680 .1313203E-08
681 .1309162E-08
682 .1294844E-08
683 .1266953E-08
684 .1233145E-08
685 .1228260E-08
686 .1200340E-08
687 .1171830E-08
688 .1151617E-08
689 .1143730E-08
690 .1130692E-08
691 .1126724E-08
692 .1127501E-08
693 .1127512E-08
694 .1116859E-08
695 .1113560E-08
696 .1096756E-08
697 .1096599E-08
698 .1082929E-08
699 .1070644E-08
700 .1055671E-08
701 .1050646E-08
702 .1038002E-08
703 .1033968E-08
704 .1032052E-08
705 .1024936E-08
706 .1022183E-08
707 .1013451E-08
708 .1008138E-08
709 .1006164E-08
710 .1001346E-08
711 .9972960E-09
712 .9899147E-09
713 .9806482E-09
714 .9726431E-09
715 .9824052E-09
716 .9552650E-09
717 .9423838E-09
718 .9463672E-09
719 .9216503E-09
720 .9401910E-09
721 .9306566E-09
722 .9337850E-09
723 .9070953E-09
724 .8917526E-09
725 .9021206E-09
726 .9106664E-09
727 .8820786E-09
728 .8972826E-09
729 .8809587E-09
730 .8628789E-09
731 .8617460E-09
732 .8427088E-09
733 .8261672E-09
734 .7936518E-09
735 .7825551E-09
736 .7538376E-09
737 .7292800E-09
738 .7286124E-09
739 .7032105E-09
740 .6998729E-09
741 .6639612E-09
742 .6643522E-09
743 .6560803E-09
744 .6381782E-09
745 .6222704E-09
746 .5933482E-09
747 .5552330E-09
748 .5308084E-09
749 .4975992E-09
750 .4890749E-09
751 .5125101E-09
752 .5291502E-09
753 .5398601E-09
754 .5389434E-09
755 .5500271E-09
756 .5454550E-09
757 .5536503E-09
758 .5656469E-09
759 .5403873E-09
760 .5354881E-09
761 .5876820E-09
762 .5602624E-09
763 .5779550E-09
764 .5791420E-09
765 .5641790E-09
766 .5712347E-09
767 .5678113E-09
768 .5651315E-09
769 .5816440E-09
770 .5865113E-09
771 .5900308E-09
772 .5898911E-09
773 .5866703E-09
774 .5796778E-09
775 .6123463E-09
776 .6190642E-09
777 .6251715E-09
778 .6375216E-09
779 .6404531E-09
780 .6420754E-09
781 .6641039E-09
782 .6545773E-09
783 .6647715E-09
784 .6619014E-09
785 .6678430E-09
786 .6691912E-09
787 .6663324E-09
788 .6657798E-09
789 .6695933E-09
790 .6616953E-09
791 .6645701E-09
792 .6464681E-09
793 .6366941E-09
794 .6412856E-09
795 .6113808E-09
796 .6084646E-09
797 .6027633E-09
798 .5884627E-09
799 .5887416E-09
800 .5746545E-09
801 .5784050E-09
802 .5521030E-09
803 .5491349E-09
804 .5326612E-09
805 .5268393E-09
806 .5148042E-09
807 .5117946E-09
808 .5011609E-09
809 .5226768E-09
810 .5165615E-09
811 .5075525E-09
812 .5100875E-09
813 .4911636E-09
814 .5023921E-09
815 .5018022E-09
816 .4830358E-09
817 .4822591E-09
818 .4419603E-09
819 .3957464E-09
820 .3944893E-09
821 .3594761E-09
822 .3489550E-09
823 .3315523E-09
824 .3245773E-09
825 .3269643E-09
826 .3179507E-09
827 .3222586E-09
828 .3167888E-09
829 .3241888E-09
830 .3377555E-09
831 .3521887E-09
832 .3641019E-09
833 .3732767E-09
834 .3853485E-09
835 .3680460E-09
836 .3739585E-09
837 .3716433E-09
838 .3715824E-09
839 .3935976E-09
840 .4029470E-09
841 .4073113E-09
842 .4336689E-09
843 .4613079E-09
844 .5017395E-09
845 .5365960E-09
846 .5710648E-09
847 .5762700E-09
848 .6030715E-09
849 .6287790E-09
850 .6608673E-09
851 .6678733E-09
852 .6707893E-09
853 .6681601E-09
854 .6824962E-09
855 .6762745E-09
856 .6814210E-09
857 .6834032E-09
858 .6768577E-09
859 .7083376E-09
860 .7206612E-09
861 .7135049E-09
862 .7269530E-09
863 .7220832E-09
864 .7169727E-09
865 .7116469E-09
866 .7165043E-09
867 .7095266E-09
868 .6981733E-09
869 .6910298E-09
870 .7032377E-09
871 .7001497E-09
872 .6983222E-09
873 .7001908E-09
874 .6911706E-09
875 .6843923E-09
876 .6856291E-09
877 .6734682E-09
878 .6624788E-09
879 .6578962E-09
880 .6530495E-09
881 .6736942E-09
882 .6603607E-09
883 .6296830E-09
884 .6329597E-09
885 .6166043E-09
886 .6061211E-09
887 .5714963E-09
888 .5384185E-09
889 .5300857E-09
890 .5098264E-09
891 .4970789E-09
892 .4894829E-09
893 .4824564E-09
894 .4939225E-09
895 .4752763E-09
896 .4682575E-09
897 .4845375E-09
898 .4813410E-09
899 .4833229E-09
900 .4683046E-09
901 .4687569E-09
902 .4559734E-09
903 .4537662E-09
904 .4470464E-09
905 .4398543E-09
906 .4351635E-09
907 .4231655E-09
908 .4078678E-09
909 .4047817E-09
910 .4248701E-09
911 .4190839E-09
912 .3905084E-09
913 .3919143E-09
914 .3972418E-09
915 .3816848E-09
916 .3833241E-09
917 .3580919E-09
918 .3728233E-09
919 .3725886E-09
920 .3742742E-09
921 .3763237E-09
922 .3815663E-09
923 .3796891E-09
924 .3728792E-09
925 .3797946E-09
926 .3724151E-09
927 .3612147E-09
928 .3493130E-09
929 .3418313E-09
930 .3321347E-09
931 .3020221E-09
932 .2754386E-09
933 .2721482E-09
934 .2731968E-09
935 .2676065E-09
936 .2674013E-09
937 .2644377E-09
938 .2749026E-09
939 .2889410E-09
940 .2829775E-09
941 .2839736E-09
942 .2648082E-09
943 .2674650E-09
944 .2701029E-09
945 .2558125E-09
946 .2605624E-09
947 .2644564E-09
948 .2491642E-09
949 .2464811E-09
950 .2476663E-09
951 .2350478E-09
952 .2265365E-09
953 .2332944E-09
954 .2360718E-09
955 .2330124E-09
956 .2384490E-09
957 .2352950E-09
958 .2213677E-09
959 .2237987E-09
960 .2327555E-09
961 .2191283E-09
962 .2283776E-09
963 .2212341E-09
964 .2136418E-09
965 .2247617E-09
966 .2209344E-09
967 .2195470E-09
968 .2209289E-09
969 .2202191E-09
970 .2180475E-09
971 .2263103E-09
972 .2124579E-09
973 .2081235E-09
974 .1964019E-09
975 .1969519E-09
976 .1943000E-09
977 .1942980E-09
978 .1908765E-09
979 .1882747E-09
980 .1860037E-09
981 .1816573E-09
982 .1792450E-09
983 .1776798E-09
984 .1768695E-09
985 .1750777E-09
986 .1737802E-09
987 .1726794E-09
988 .1731949E-09
989 .1709302E-09
990 .1706588E-09
991 .1685026E-09
992 .1690948E-09
993 .1657349E-09
994 .1660153E-09
995 .1678093E-09
996 .1641059E-09
997 .1613955E-09
998 .1599031E-09
999 .1591826E-09
1000 .1575986E-09
1001 .1573902E-09
1002 .1571820E-09
1003 .1569737E-09
1004 .1567656E-09
1005 .1565576E-09
1006 .1563494E-09
1007 .1561414E-09
1008 .1559335E-09
1009 .1557254E-09
1010 .1555174E-09
1011 .1553095E-09
1012 .1551016E-09
1013 .1548935E-09
1014 .1546855E-09
1015 .1544775E-09
1016 .1542694E-09
1017 .1540612E-09
1018 .1538529E-09
1019 .1536447E-09
1020 .1534363E-09
1021 .1532280E-09
1022 .1530194E-09
1023 .1528108E-09
1024 .1526022E-09
1025 .1523932E-09
1026 .1521843E-09
1027 .1519751E-09
1028 .1517657E-09
1029 .1515564E-09
1030 .1513470E-09
1031 .1511371E-09
1032 .1509272E-09
1033 .1507172E-09
1034 .1505069E-09
1035 .1502965E-09
1036 .1500858E-09
1037 .1498749E-09
1038 .1496638E-09
1039 .1494525E-09
1040 .1492410E-09
1041 .1490293E-09
1042 .1488172E-09
1043 .1486049E-09
1044 .1483924E-09
1045 .1481795E-09
1046 .1479666E-09
1047 .1477532E-09
1048 .1475397E-09
1049 .1473260E-09
1050 .1471118E-09
1051 .1468974E-09
1052 .1466828E-09
1053 .1464681E-09
1054 .1462529E-09
1055 .1460375E-09
1056 .1458219E-09
1057 .1456060E-09
1058 .1453898E-09
1059 .1451733E-09
1060 .1449566E-09
1061 .1447396E-09
1062 .1445224E-09
1063 .1443050E-09
1064 .1440873E-09
1065 .1438693E-09
1066 .1436508E-09
1067 .1434323E-09
1068 .1432134E-09
1069 .1429945E-09
1070 .1427750E-09
1071 .1425553E-09
1072 .1423354E-09
1073 .1421153E-09
1074 .1418949E-09
1075 .1416741E-09
1076 .1414531E-09
1077 .1412318E-09
1078 .1410103E-09
1079 .1407884E-09
1080 .1405663E-09
1081 .1403438E-09
1082 .1401211E-09
1083 .1398983E-09
1084 .1396750E-09
1085 .1394516E-09
1086 .1392278E-09
1087 .1390038E-09
1088 .1387794E-09
1089 .1385549E-09
1090 .1383298E-09
1091 .1381047E-09
1092 .1378792E-09
1093 .1376536E-09
1094 .1374276E-09
1095 .1372012E-09
1096 .1369746E-09
1097 .1367477E-09
1098 .1365205E-09
1099 .1362932E-09
1100 .1360654E-09
1101 .1358375E-09
1102 .1356091E-09
1103 .1353806E-09
1104 .1351517E-09
1105 .1349225E-09
1106 .1346930E-09
1107 .1344633E-09
1108 .1342332E-09
1109 .1340029E-09
1110 .1337723E-09
1111 .1335414E-09
1112 .1333102E-09
1113 .1330788E-09
1114 .1328470E-09
1115 .1326150E-09
1116 .1323826E-09
1117 .1321500E-09
1118 .1319170E-09
1119 .1316837E-09
1120 .1314503E-09
1121 .1312165E-09
1122 .1309824E-09
1123 .1307480E-09
1124 .1305134E-09
1125 .1302783E-09
1126 .1300431E-09
1127 .1298074E-09
1128 .1295716E-09
1129 .1293354E-09
1130 .1290989E-09
1131 .1291191E-09
1132 .1291394E-09
1133 .1291596E-09
1134 .1291799E-09
1135 .1292001E-09
1136 .1292202E-09
1137 .1292405E-09
1138 .1292607E-09
1139 .1292810E-09
1140 .1293012E-09
1141 .1293215E-09
1142 .1293416E-09
1143 .1293619E-09
1144 .1293821E-09
1145 .1294023E-09
1146 .1294226E-09
1147 .1294428E-09
1148 .1294631E-09
1149 .1294832E-09
1150 .1295035E-09
1151 .1295237E-09
1152 .1295439E-09
1153 .1295642E-09
1154 .1295844E-09
1155 .1296047E-09
1156 .1296249E-09
1157 .1296451E-09
1158 .1296654E-09
1159 .1296854E-09
1160 .1297056E-09
1161 .1297260E-09
1162 .1297461E-09
1163 .1297663E-09
1164 .1297866E-09
1165 .1298068E-09
1166 .1298269E-09
1167 .1298470E-09
1168 .1298672E-09
1169 .1298873E-09
1170 .1299076E-09
1171 .1299278E-09
1172 .1299479E-09
1173 .1299679E-09
1174 .1299882E-09
1175 .1300082E-09
1176 .1300283E-09
1177 .1300485E-09
1178 .1300685E-09
1179 .1300887E-09
1180 .1301087E-09
1181 .1301288E-09
1182 .1301489E-09
1183 .1301689E-09
1184 .1301887E-09
1185 .1302088E-09
1186 .1302289E-09
1187 .1302489E-09
1188 .1302688E-09
1189 .1302888E-09
1190 .1303087E-09
1191 .1303286E-09
1192 .1303486E-09
1193 .1303683E-09
1194 .1303883E-09
1195 .1304081E-09
1196 .1304279E-09
1197 .1304477E-09
1198 .1304676E-09
1199 .1304873E-09
1200 .1305071E-09
1201 .1305269E-09
1202 .1305465E-09
1203 .1305662E-09
1204 .1305860E-09
1205 .1306055E-09
1206 .1306251E-09
1207 .1306449E-09
1208 .1306644E-09
1209 .1306839E-09
1210 .1307035E-09
1211 .1307230E-09
1212 .1307423E-09
1213 .1307617E-09
1214 .1307812E-09
1215 .1308005E-09
1216 .1308200E-09
1217 .1308392E-09
1218 .1308584E-09
1219 .1308779E-09
1220 .1308970E-09
1221 .1309162E-09
1222 .1309353E-09
1223 .1309544E-09
1224 .1309736E-09
1225 .1309925E-09
1226 .1310116E-09
1227 .1310305E-09
1228 .1310496E-09
1229 .1310684E-09
1230 .1310873E-09
1231 .1311061E-09
1232 .1311250E-09
1233 .1311437E-09
1234 .1311624E-09
1235 .1311809E-09
1236 .1311996E-09
1237 .1312181E-09
1238 .1312366E-09
1239 .1312552E-09
1240 .1312735E-09
1241 .1312920E-09
1242 .1313103E-09
1243 .1313286E-09
1244 .1313468E-09
1245 .1313650E-09
1246 .1313831E-09
1247 .1314011E-09
1248 .1314191E-09
1249 .1314372E-09
1250 .1314551E-09
1251 .1315077E-09
1252 .1315603E-09
1253 .1316128E-09
1254 .1316651E-09
1255 .1317173E-09
1256 .1317693E-09
1257 .1318213E-09
1258 .1318731E-09
1259 .1319248E-09
1260 .1319763E-09
1261 .1320277E-09
1262 .1320789E-09
1263 .1321301E-09
1264 .1321811E-09
1265 .1322320E-09
1266 .1322828E-09
1267 .1323333E-09
1268 .1323838E-09
1269 .1324340E-09
1270 .1324843E-09
1271 .1325343E-09
1272 .1325843E-09
1273 .1326340E-09
1274 .1326836E-09
1275 .1327332E-09
1276 .1327824E-09
1277 .1328317E-09
1278 .1328808E-09
1279 .1329296E-09
1280 .1329784E-09
1281 .1330271E-09
1282 .1330756E-09
1283 .1331238E-09
1284 .1331721E-09
1285 .1332201E-09
1286 .1332679E-09
1287 .1333157E-09
1288 .1333635E-09
1289 .1334108E-09
1290 .1334581E-09
1291 .1335053E-09
1292 .1335523E-09
1293 .1335992E-09
1294 .1336461E-09
1295 .1336927E-09
1296 .1337391E-09
1297 .1337855E-09
1298 .1338316E-09
1299 .1338777E-09
1300 .1339236E-09
1301 .1339694E-09
1302 .1340149E-09
1303 .1340605E-09
1304 .1341060E-09
1305 .1341513E-09
1306 .1341965E-09
1307 .1342415E-09
1308 .1342863E-09
1309 .1343312E-09
1310 .1343759E-09
1311 .1344203E-09
1312 .1344646E-09
1313 .1345089E-09
1314 .1345531E-09
1315 .1345971E-09
1316 .1346410E-09
1317 .1346848E-09
1318 .1347285E-09
1319 .1347720E-09
1320 .1348153E-09
1321 .1348588E-09
1322 .1349019E-09
1323 .1349451E-09
1324 .1349881E-09
1325 .1350309E-09
1326 .1350737E-09
1327 .1351164E-09
1328 .1351588E-09
1329 .1352013E-09
1330 .1352436E-09
1331 .1352859E-09
1332 .1353279E-09
1333 .1353699E-09
1334 .1354118E-09
1335 .1354536E-09
1336 .1354952E-09
1337 .1355369E-09
1338 .1355785E-09
1339 .1356199E-09
1340 .1356612E-09
1341 .1357023E-09
1342 .1357433E-09
1343 .1357844E-09
1344 .1358254E-09
1345 .1358662E-09
1346 .1359069E-09
1347 .1359476E-09
1348 .1359881E-09
1349 .1360285E-09
1350 .1360689E-09
1351 .1361092E-09
1352 .1361495E-09
1353 .1361896E-09
1354 .1362295E-09
1355 .1362694E-09
1356 .1363095E-09
1357 .1363491E-09
1358 .1363889E-09
1359 .1364285E-09
1360 .1364681E-09
1361 .1365075E-09
1362 .1365469E-09
1363 .1365861E-09
1364 .1366254E-09
1365 .1366645E-09
1366 .1367036E-09
1367 .1367427E-09
1368 .1367816E-09
1369 .1368204E-09
1370 .1368591E-09
1371 .1361774E-09
1372 .1354952E-09
1373 .1348124E-09
1374 .1341292E-09
1375 .1334455E-09
1376 .1327614E-09
1377 .1320767E-09
1378 .1313916E-09
1379 .1307060E-09
1380 .1300200E-09
1381 .1293335E-09
1382 .1286466E-09
1383 .1279593E-09
1384 .1272715E-09
1385 .1265833E-09
1386 .1258944E-09
1387 .1252051E-09
1388 .1245156E-09
1389 .1238256E-09
1390 .1231352E-09
1391 .1224443E-09
1392 .1217527E-09
1393 .1210610E-09
1394 .1203686E-09
1395 .1196760E-09
1396 .1189829E-09
1397 .1182893E-09
1398 .1175954E-09
1399 .1169009E-09
1400 .1162062E-09
1401 .1155110E-09
1402 .1148152E-09
1403 .1141192E-09
1404 .1134226E-09
1405 .1127257E-09
1406 .1120283E-09
1407 .1113304E-09
1408 .1106323E-09
1409 .1099336E-09
1410 .1092346E-09
1411 .1085352E-09
1412 .1078355E-09
1413 .1071351E-09
1414 .1064345E-09
1415 .1057334E-09
1416 .1050318E-09
1417 .1043302E-09
1418 .1036278E-09
1419 .1029251E-09
1420 .1022220E-09
1421 .1015186E-09
1422 .1008146E-09
1423 .1001104E-09
1424 .9940578E-10
1425 .9870063E-10
1426 .9799531E-10
1427 .9728932E-10
1428 .9658313E-10
1429 .9587648E-10
1430 .9516950E-10
1431 .9446200E-10
1432 .9375423E-10
1433 .9304607E-10
1434 .9233742E-10
1435 .9162847E-10
1436 .9091909E-10
1437 .9020935E-10
1438 .8949924E-10
1439 .8878862E-10
1440 .8807783E-10
1441 .8736647E-10
1442 .8665487E-10
1443 .8594278E-10
1444 .8523037E-10
1445 .8451755E-10
1446 .8380434E-10
1447 .8309074E-10
1448 .8237684E-10
1449 .8166249E-10
1450 .8094780E-10
1451 .8023271E-10
1452 .7951723E-10
1453 .7880144E-10
1454 .7808518E-10
1455 .7736859E-10
1456 .7665164E-10
1457 .7593429E-10
1458 .7521656E-10
1459 .7449849E-10
1460 .7378003E-10
1461 .7306115E-10
1462 .7234195E-10
1463 .7162238E-10
1464 .7090240E-10
1465 .7018209E-10
1466 .6946138E-10
1467 .6874029E-10
1468 .6801883E-10
1469 .6729701E-10
1470 .6657482E-10
1471 .6585223E-10
1472 .6512927E-10
1473 .6440593E-10
1474 .6368224E-10
1475 .6295820E-10
1476 .6223373E-10
1477 .6150894E-10
1478 .6078377E-10
1479 .6005818E-10
1480 .5933227E-10
1481 .5860597E-10
1482 .5787925E-10
1483 .5715220E-10
1484 .5642478E-10
1485 .5569693E-10
1486 .5496876E-10
1487 .5424021E-10
1488 .5351125E-10
1489 .5278195E-10
1490 .5205224E-10
1491 .5132218E-10
1492 .5059170E-10
1493 .4986087E-10
1494 .4912961E-10
1495 .4839802E-10
1496 .4766603E-10
1497 .4693366E-10
1498 .4620090E-10
1499 .4546772E-10
1500 .4473419E-10
1501 .4474611E-10
1502 .4475806E-10
1503 .4476998E-10
1504 .4478194E-10
1505 .4479389E-10
1506 .4480585E-10
1507 .4481783E-10
1508 .4482981E-10
1509 .4484179E-10
1510 .4485379E-10
1511 .4486579E-10
1512 .4487780E-10
1513 .4488983E-10
1514 .4490185E-10
1515 .4491390E-10
1516 .4492592E-10
1517 .4493798E-10
1518 .4495000E-10
1519 .4496209E-10
1520 .4497415E-10
1521 .4498622E-10
1522 .4499831E-10
1523 .4501040E-10
1524 .4502249E-10
1525 .4503459E-10
1526 .4504669E-10
1527 .4505880E-10
1528 .4507089E-10
1529 .4508299E-10
1530 .4509512E-10
1531 .4510725E-10
1532 .4511938E-10
1533 .4513151E-10
1534 .4514365E-10
1535 .4515578E-10
1536 .4516793E-10
1537 .4518008E-10
1538 .4519222E-10
1539 .4520434E-10
1540 .4521652E-10
1541 .4522866E-10
1542 .4524082E-10
1543 .4525299E-10
1544 .4526515E-10
1545 .4527729E-10
1546 .4528946E-10
1547 .4530163E-10
1548 .4531379E-10
1549 .4532597E-10
1550 .4533813E-10
1551 .4535029E-10
1552 .4536247E-10
1553 .4537462E-10
1554 .4538680E-10
1555 .4539894E-10
1556 .4541112E-10
1557 .4542330E-10
1558 .4543545E-10
1559 .4544761E-10
1560 .4545977E-10
1561 .4547193E-10
1562 .4548409E-10
1563 .4549624E-10
1564 .4550839E-10
1565 .4552056E-10
1566 .4553271E-10
1567 .4554483E-10
1568 .4555699E-10
1569 .4556913E-10
1570 .4558125E-10
1571 .4559337E-10
1572 .4560552E-10
1573 .4561764E-10
1574 .4562976E-10
1575 .4564186E-10
1576 .4565399E-10
1577 .4566610E-10
1578 .4567820E-10
1579 .4569028E-10
1580 .4570237E-10
1581 .4571445E-10
1582 .4572654E-10
1583 .4573861E-10
1584 .4575068E-10
1585 .4576273E-10
1586 .4577479E-10
1587 .4578683E-10
1588 .4579888E-10
1589 .4581089E-10
1590 .4582294E-10
1591 .4583494E-10
1592 .4584695E-10
1593 .4585896E-10
1594 .4587094E-10
1595 .4588294E-10
1596 .4589491E-10
1597 .4590685E-10
1598 .4591880E-10
1599 .4593076E-10
1600 .4594272E-10
1601 .4595465E-10
1602 .4596655E-10
1603 .4597846E-10
1604 .4599035E-10
1605 .4600223E-10
1606 .4601411E-10
1607 .4602600E-10
1608 .4603784E-10
1609 .4604966E-10
1610 .4606150E-10
1611 .4607330E-10
1612 .4608511E-10
1613 .4609690E-10
1614 .4610867E-10
1615 .4612046E-10
1616 .4613220E-10
1617 .4614393E-10
1618 .4615566E-10
1619 .4616737E-10
1620 .4617908E-10
1621 .4619075E-10
1622 .4620245E-10
1623 .4621409E-10
1624 .4622570E-10
1625 .4623735E-10
1626 .4623776E-10
1627 .4623816E-10
1628 .4623855E-10
1629 .4623894E-10
1630 .4623931E-10
1631 .4623970E-10
1632 .4624010E-10
1633 .4624048E-10
1634 .4624086E-10
1635 .4624124E-10
1636 .4624161E-10
1637 .4624198E-10
1638 .4624236E-10
1639 .4624272E-10
1640 .4624308E-10
1641 .4624345E-10
1642 .4624379E-10
1643 .4624414E-10
1644 .4624448E-10
1645 .4624481E-10
1646 .4624517E-10
1647 .4624548E-10
1648 .4624581E-10
1649 .4624612E-10
1650 .4624644E-10
1651 .4624672E-10
1652 .4624700E-10
1653 .4624733E-10
1654 .4624761E-10
1655 .4624788E-10
1656 .4624815E-10
1657 .4624841E-10
1658 .4624865E-10
1659 .4624888E-10
1660 .4624913E-10
1661 .4624935E-10
1662 .4624955E-10
1663 .4624976E-10
1664 .4624997E-10
1665 .4625014E-10
1666 .4625031E-10
1667 .4625049E-10
1668 .4625064E-10
1669 .4625078E-10
1670 .4625090E-10
1671 .4625103E-10
1672 .4625114E-10
1673 .4625122E-10
1674 .4625130E-10
1675 .4625138E-10
1676 .4625144E-10
1677 .4625147E-10
1678 .4625152E-10
1679 .4625153E-10
1680 .4625151E-10
1681 .4625151E-10
1682 .4625149E-10
1683 .4625145E-10
1684 .4625141E-10
1685 .4625134E-10
1686 .4625127E-10
1687 .4625116E-10
1688 .4625103E-10
1689 .4625094E-10
1690 .4625077E-10
1691 .4625065E-10
1692 .4625047E-10
1693 .4625029E-10
1694 .4625009E-10
1695 .4624988E-10
1696 .4624966E-10
1697 .4624944E-10
1698 .4624918E-10
1699 .4624893E-10
1700 .4624866E-10
1701 .4624834E-10
1702 .4624806E-10
1703 .4624774E-10
1704 .4624738E-10
1705 .4624707E-10
1706 .4624671E-10
1707 .4624633E-10
1708 .4624594E-10
1709 .4624554E-10
1710 .4624514E-10
1711 .4624471E-10
1712 .4624427E-10
1713 .4624382E-10
1714 .4624336E-10
1715 .4624287E-10
1716 .4624239E-10
1717 .4624188E-10
1718 .4624136E-10
1719 .4624082E-10
1720 .4624031E-10
1721 .4623973E-10
1722 .4623915E-10
1723 .4623857E-10
1724 .4623798E-10
1725 .4623736E-10
1726 .4623675E-10
1727 .4623610E-10
1728 .4623544E-10
1729 .4623477E-10
1730 .4623410E-10
1731 .4623343E-10
1732 .4623271E-10
1733 .4623201E-10
1734 .4623130E-10
1735 .4623053E-10
1736 .4622978E-10
1737 .4622900E-10
1738 .4622821E-10
1739 .4622745E-10
1740 .4622663E-10
1741 .4622582E-10
1742 .4622496E-10
1743 .4622415E-10
1744 .4622330E-10
1745 .4622243E-10
1746 .4622154E-10
1747 .4622063E-10
1748 .4621972E-10
1749 .4621881E-10
1750 .4621787E-10
1751 .4621696E-10
1752 .4621598E-10
1753 .4621501E-10
1754 .4621402E-10
1755 .4621304E-10
1756 .4621203E-10
1757 .4621100E-10
1758 .4620998E-10
1759 .4620895E-10
1760 .4620788E-10
1761 .4620681E-10
1762 .4620575E-10
1763 .4620461E-10
1764 .4620352E-10
1765 .4620243E-10
1766 .4620129E-10
1767 .4620014E-10
1768 .4619901E-10
1769 .4619783E-10
1770 .4619665E-10
1771 .4619547E-10
1772 .4619425E-10
1773 .4619306E-10
1774 .4619183E-10
1775 .4619059E-10
1776 .4618935E-10
1777 .4618808E-10
1778 .4618679E-10
1779 .4618552E-10
1780 .4618423E-10
1781 .4618290E-10
1782 .4618159E-10
1783 .4618027E-10
1784 .4617892E-10
1785 .4617758E-10
1786 .4617622E-10
1787 .4617483E-10
1788 .4617347E-10
1789 .4617206E-10
1790 .4617061E-10
1791 .4616921E-10
1792 .4616779E-10
1793 .4616632E-10
1794 .4616488E-10
1795 .4616342E-10
1796 .4616190E-10
1797 .4616044E-10
1798 .4615896E-10
1799 .4615743E-10
1800 .4615587E-10
1801 .4602389E-10
1802 .4589189E-10
1803 .4575987E-10
1804 .4562787E-10
1805 .4549585E-10
1806 .4536386E-10
1807 .4523183E-10
1808 .4509982E-10
1809 .4496778E-10
1810 .4483579E-10
1811 .4470373E-10
1812 .4457173E-10
1813 .4443969E-10
1814 .4430769E-10
1815 .4417566E-10
1816 .4404363E-10
1817 .4391160E-10
1818 .4377956E-10
1819 .4364756E-10
1820 .4351552E-10
1821 .4338349E-10
1822 .4325147E-10
1823 .4311946E-10
1824 .4298740E-10
1825 .4285539E-10
1826 .4272335E-10
1827 .4259134E-10
1828 .4245932E-10
1829 .4232727E-10
1830 .4219525E-10
1831 .4206323E-10
1832 .4193123E-10
1833 .4179920E-10
1834 .4166717E-10
1835 .4153515E-10
1836 .4140312E-10
1837 .4127111E-10
1838 .4113910E-10
1839 .4100708E-10
1840 .4087506E-10
1841 .4074308E-10
1842 .4061107E-10
1843 .4047905E-10
1844 .4034709E-10
1845 .4021506E-10
1846 .4008307E-10
1847 .3995109E-10
1848 .3981911E-10
1849 .3968711E-10
1850 .3955514E-10
1851 .3942313E-10
1852 .3929119E-10
1853 .3915921E-10
1854 .3902722E-10
1855 .3889527E-10
1856 .3876328E-10
1857 .3863136E-10
1858 .3849940E-10
1859 .3836743E-10
1860 .3823548E-10
1861 .3810354E-10
1862 .3797162E-10
1863 .3783968E-10
1864 .3770774E-10
1865 .3757583E-10
1866 .3744389E-10
1867 .3731200E-10
1868 .3718010E-10
1869 .3704817E-10
1870 .3691626E-10
1871 .3678440E-10
1872 .3665251E-10
1873 .3652063E-10
1874 .3638874E-10
1875 .3625685E-10
1876 .3612500E-10
1877 .3599314E-10
1878 .3586129E-10
1879 .3572945E-10
1880 .3559760E-10
1881 .3546576E-10
1882 .3533394E-10
1883 .3520211E-10
1884 .3507029E-10
1885 .3493849E-10
1886 .3480669E-10
1887 .3467489E-10
1888 .3454310E-10
1889 .3441132E-10
1890 .3427955E-10
1891 .3414777E-10
1892 .3401602E-10
1893 .3388426E-10
1894 .3375254E-10
1895 .3362079E-10
1896 .3348903E-10
1897 .3335735E-10
1898 .3322562E-10
1899 .3309391E-10
1900 .3296223E-10
1901 .3283053E-10
1902 .3269885E-10
1903 .3256716E-10
1904 .3243553E-10
1905 .3230386E-10
1906 .3217221E-10
1907 .3204057E-10
1908 .3190895E-10
1909 .3177732E-10
1910 .3164573E-10
1911 .3151411E-10
1912 .3138251E-10
1913 .3125093E-10
1914 .3111936E-10
1915 .3098778E-10
1916 .3085623E-10
1917 .3072470E-10
1918 .3059314E-10
1919 .3046162E-10
1920 .3033011E-10
1921 .3019860E-10
1922 .3006711E-10
1923 .2993564E-10
1924 .2980415E-10
1925 .2967267E-10
1926 .2954121E-10
1927 .2940976E-10
1928 .2927834E-10
1929 .2914691E-10
1930 .2901550E-10
1931 .2888411E-10
1932 .2875275E-10
1933 .2862133E-10
1934 .2848996E-10
1935 .2835862E-10
1936 .2822726E-10
1937 .2809591E-10
1938 .2796458E-10
1939 .2783327E-10
1940 .2770200E-10
1941 .2757070E-10
1942 .2743941E-10
1943 .2730812E-10
1944 .2717690E-10
1945 .2704565E-10
1946 .2691440E-10
1947 .2678319E-10
1948 .2665198E-10
1949 .2652080E-10
1950 .2638960E-10
1951 .2625844E-10
1952 .2612728E-10
1953 .2599615E-10
1954 .2586499E-10
1955 .2573389E-10
1956 .2560277E-10
1957 .2547166E-10
1958 .2534061E-10
1959 .2520951E-10
1960 .2507848E-10
1961 .2494743E-10
1962 .2481639E-10
1963 .2468538E-10
1964 .2455437E-10
1965 .2442340E-10
1966 .2429243E-10
1967 .2416146E-10
1968 .2403052E-10
1969 .2389958E-10
1970 .2376867E-10
1971 .2363777E-10
1972 .2350688E-10
1973 .2337600E-10
1974 .2324515E-10
1975 .2311430E-10
1976 .2298348E-10
1977 .2285267E-10
1978 .2272187E-10
1979 .2259108E-10
1980 .2246033E-10
1981 .2232958E-10
1982 .2219886E-10
1983 .2206813E-10
1984 .2193743E-10
1985 .2180675E-10
1986 .2167609E-10
1987 .2154543E-10
1988 .2141481E-10
1989 .2128418E-10
1990 .2115358E-10
1991 .2102301E-10
1992 .2089243E-10
1993 .2076189E-10
1994 .2063134E-10
1995 .2050084E-10
1996 .2037036E-10
1997 .2023987E-10
1998 .2010941E-10
1999 .1997896E-10
2000 .1984855E-10
2001 .1971813E-10
2002 .1958774E-10
2003 .1945737E-10
2004 .1932702E-10
2005 .1919667E-10
2006 .1906637E-10
2007 .1893607E-10
2008 .1880578E-10
2009 .1867552E-10
2010 .1854528E-10
2011 .1854403E-10
2012 .1854281E-10
2013 .1854158E-10
2014 .1854035E-10
2015 .1853912E-10
2016 .1853789E-10
2017 .1853667E-10
2018 .1853545E-10
2019 .1853422E-10
2020 .1853300E-10
2021 .1853179E-10
2022 .1853058E-10
2023 .1852935E-10
2024 .1852814E-10
2025 .1852694E-10
2026 .1852574E-10
2027 .1852453E-10
2028 .1852332E-10
2029 .1852213E-10
2030 .1852092E-10
2031 .1851975E-10
2032 .1851855E-10
2033 .1851736E-10
2034 .1851618E-10
2035 .1851499E-10
2036 .1851382E-10
2037 .1851263E-10
2038 .1851147E-10
2039 .1851031E-10
2040 .1850914E-10
2041 .1850798E-10
2042 .1850683E-10
2043 .1850568E-10
2044 .1850453E-10
2045 .1850338E-10
2046 .1850224E-10
2047 .1850110E-10
2048 .1849997E-10
2049 .1849884E-10
2050 .1849772E-10
2051 .1849660E-10
2052 .1849548E-10
2053 .1849436E-10
2054 .1849327E-10
2055 .1849216E-10
2056 .1849107E-10
2057 .1848996E-10
2058 .1848888E-10
2059 .1848780E-10
2060 .1848673E-10
2061 .1848566E-10
2062 .1848459E-10
2063 .1848352E-10
2064 .1848246E-10
2065 .1848141E-10
2066 .1848038E-10
2067 .1847934E-10
2068 .1847830E-10
2069 .1847726E-10
2070 .1847624E-10
2071 .1847523E-10
2072 .1847421E-10
2073 .1847321E-10
2074 .1847221E-10
2075 .1847121E-10
2076 .1847022E-10
2077 .1846926E-10
2078 .1846829E-10
2079 .1846731E-10
2080 .1846635E-10
2081 .1846541E-10
2082 .1846446E-10
2083 .1846351E-10
2084 .1846258E-10
2085 .1846166E-10
2086 .1846074E-10
2087 .1845983E-10
2088 .1845893E-10
2089 .1845802E-10
2090 .1845714E-10
2091 .1845626E-10
2092 .1845538E-10
2093 .1845453E-10
2094 .1845366E-10
2095 .1845280E-10
2096 .1845195E-10
2097 .1845113E-10
2098 .1845030E-10
2099 .1844947E-10
2100 .1844866E-10
2101 .1844786E-10
2102 .1844707E-10
2103 .1844627E-10
2104 .1844549E-10
2105 .1844473E-10
2106 .1844397E-10
2107 .1844321E-10
2108 .1844247E-10
2109 .1844173E-10
2110 .1844101E-10
2111 .1844030E-10
2112 .1843959E-10
2113 .1843888E-10
2114 .1843820E-10
2115 .1843751E-10
2116 .1843682E-10
2117 .1843618E-10
2118 .1843554E-10
2119 .1843487E-10
2120 .1843425E-10
2121 .1843364E-10
2122 .1843301E-10
2123 .1843242E-10
2124 .1843181E-10
2125 .1843122E-10
2126 .1843065E-10
2127 .1843009E-10
2128 .1842955E-10
2129 .1842900E-10
2130 .1842847E-10
2131 .1842794E-10
2132 .1842741E-10
2133 .1842692E-10
2134 .1842643E-10
2135 .1842596E-10
2136 .1842549E-10
2137 .1842502E-10
2138 .1842459E-10
2139 .1842414E-10
2140 .1842371E-10
2141 .1842331E-10
2142 .1842291E-10
2143 .1842253E-10
2144 .1842214E-10
2145 .1842177E-10
2146 .1842142E-10
2147 .1842106E-10
2148 .1842074E-10
2149 .1842042E-10
2150 .1842012E-10
2151 .1841982E-10
2152 .1841952E-10
2153 .1841925E-10
2154 .1841898E-10
2155 .1841874E-10
2156 .1841850E-10
2157 .1841829E-10
2158 .1841807E-10
2159 .1841787E-10
2160 .1841768E-10
2161 .1841752E-10
2162 .1841736E-10
2163 .1841720E-10
2164 .1841708E-10
2165 .1841696E-10
2166 .1841686E-10
2167 .1841675E-10
2168 .1841668E-10
2169 .1841661E-10
2170 .1841657E-10
2171 .1841651E-10
2172 .1841649E-10
2173 .1841648E-10
2174 .1841646E-10
2175 .1841649E-10
2176 .1841652E-10
2177 .1841656E-10
2178 .1841662E-10
2179 .1841668E-10
2180 .1841677E-10
2181 .1841687E-10
2182 .1841698E-10
2183 .1841712E-10
2184 .1841725E-10
2185 .1841741E-10
2186 .1841758E-10
2187 .1841777E-10
2188 .1841796E-10
2189 .1841820E-10
2190 .1841842E-10
2191 .1841868E-10
2192 .1841893E-10
2193 .1841922E-10
2194 .1841951E-10
2195 .1841981E-10
2196 .1842013E-10
2197 .1842047E-10
2198 .1842082E-10
2199 .1842118E-10
2200 .1842157E-10
2201 .1842198E-10
2202 .1842240E-10
2203 .1842282E-10
2204 .1842328E-10
2205 .1842373E-10
2206 .1842423E-10
2207 .1842473E-10
2208 .1842523E-10
2209 .1842577E-10
2210 .1842631E-10
2211 .1842689E-10
2212 .1842747E-10
2213 .1842805E-10
2214 .1842867E-10
2215 .1842930E-10
2216 .1842994E-10
2217 .1843062E-10
2218 .1843131E-10
2219 .1843200E-10
2220 .1843272E-10
2221 .1843345E-10
2222 .1843420E-10
2223 .1843497E-10
2224 .1843578E-10
2225 .1843656E-10
2226 .1843738E-10
2227 .1843822E-10
2228 .1843909E-10
2229 .1843998E-10
2230 .1844087E-10
2231 .1844177E-10
2232 .1844270E-10
2233 .1844365E-10
2234 .1844463E-10
2235 .1844561E-10
2236 .1844663E-10
2237 .1844764E-10
2238 .1844869E-10
2239 .1844973E-10
2240 .1845083E-10
2241 .1845192E-10
2242 .1845304E-10
2243 .1845417E-10
2244 .1845532E-10
2245 .1845651E-10
2246 .1845769E-10
2247 .1845889E-10
2248 .1846013E-10
2249 .1846136E-10
2250 .1846262E-10
2251 .1846391E-10
2252 .1846520E-10
2253 .1846652E-10
2254 .1846785E-10
2255 .1846920E-10
2256 .1847058E-10
2257 .1847196E-10
2258 .1847335E-10
2259 .1847479E-10
2260 .1847622E-10
2261 .1847768E-10
2262 .1847914E-10
2263 .1848063E-10
2264 .1848213E-10
2265 .1848365E-10
2266 .1848521E-10
2267 .1848675E-10
2268 .1848833E-10
2269 .1848993E-10
2270 .1849153E-10
2271 .1849314E-10
2272 .1849478E-10
2273 .1849644E-10
2274 .1849811E-10
2275 .1849980E-10
2276 .1850152E-10
2277 .1850321E-10
2278 .1850497E-10
2279 .1850670E-10
2280 .1850848E-10
2281 .1851027E-10
2282 .1851208E-10
2283 .1851387E-10
2284 .1851571E-10
2285 .1851757E-10
2286 .1851942E-10
2287 .1852131E-10
2288 .1852319E-10
2289 .1852511E-10
2290 .1852702E-10
2291 .1852896E-10
2292 .1853091E-10
2293 .1853288E-10
2294 .1853487E-10
2295 .1853685E-10
2296 .1853888E-10
2297 .1854091E-10
2298 .1854295E-10
2299 .1854500E-10
2300 .1854708E-10
2301 .1854916E-10
2302 .1855127E-10
2303 .1855338E-10
2304 .1855550E-10
2305 .1855765E-10
2306 .1855981E-10
2307 .1856198E-10
2308 .1856416E-10
2309 .1856635E-10
2310 .1856856E-10
2311 .1857080E-10
2312 .1857304E-10
2313 .1857528E-10
2314 .1857756E-10
2315 .1857983E-10
2316 .1858214E-10
2317 .1858443E-10
2318 .1858676E-10
2319 .1858909E-10
2320 .1859145E-10
2321 .1859380E-10
2322 .1859618E-10
2323 .1859857E-10
2324 .1860097E-10
2325 .1860338E-10
2326 .1860581E-10
2327 .1860824E-10
2328 .1861069E-10
2329 .1861316E-10
2330 .1861564E-10
2331 .1861812E-10
2332 .1862062E-10
2333 .1862313E-10
2334 .1862566E-10
2335 .1862820E-10
2336 .1863074E-10
2337 .1863330E-10
2338 .1863587E-10
2339 .1863846E-10
2340 .1864106E-10
2341 .1864368E-10
2342 .1864630E-10
2343 .1864891E-10
2344 .1865157E-10
2345 .1865422E-10
2346 .1865691E-10
2347 .1865956E-10
2348 .1866226E-10
2349 .1866496E-10
2350 .1866767E-10
2351 .1867039E-10
2352 .1867313E-10
2353 .1867586E-10
2354 .1867864E-10
2355 .1868139E-10
2356 .1868417E-10
2357 .1868696E-10
2358 .1868975E-10
2359 .1869256E-10
2360 .1869538E-10
2361 .1869822E-10
2362 .1870106E-10
2363 .1870390E-10
2364 .1870676E-10
2365 .1870964E-10
2366 .1871252E-10
2367 .1871542E-10
2368 .1871832E-10
2369 .1872122E-10
2370 .1872413E-10
2371 .1872708E-10
2372 .1873001E-10
2373 .1873296E-10
2374 .1873592E-10
2375 .1873888E-10
2376 .1874187E-10
2377 .1874486E-10
2378 .1874786E-10
2379 .1875086E-10
2380 .1875388E-10
2381 .1875689E-10
2382 .1875993E-10
2383 .1876297E-10
2384 .1876602E-10
2385 .1876908E-10
2386 .1877215E-10
2387 .1877522E-10
2388 .1877832E-10
2389 .1878139E-10
2390 .1878450E-10
2391 .1878761E-10
2392 .1879074E-10
2393 .1879387E-10
2394 .1879701E-10
2395 .1880014E-10
2396 .1880329E-10
2397 .1880645E-10
2398 .1880962E-10
2399 .1881279E-10
2400 .1881599E-10
2401 .1881916E-10
2402 .1882237E-10
2403 .1882557E-10
2404 .1882878E-10
2405 .1883201E-10
2406 .1883524E-10
2407 .1883848E-10
2408 .1884171E-10
2409 .1884497E-10
2410 .1884823E-10
2411 .1885148E-10
2412 .1885475E-10
2413 .1885803E-10
2414 .1886131E-10
2415 .1886460E-10
2416 .1886791E-10
2417 .1887122E-10
2418 .1887454E-10
2419 .1887785E-10
2420 .1888117E-10
2421 .1888450E-10
2422 .1888780E-10
2423 .1889116E-10
2424 .1889451E-10
2425 .1889787E-10
2426 .1890123E-10
2427 .1890459E-10
2428 .1890795E-10
2429 .1891135E-10
2430 .1891473E-10
2431 .1891811E-10
2432 .1892152E-10
2433 .1892491E-10
2434 .1892832E-10
2435 .1893172E-10
2436 .1893515E-10
2437 .1893857E-10
2438 .1894198E-10
2439 .1894543E-10
2440 .1894887E-10
2441 .1895230E-10
2442 .1895575E-10
2443 .1895920E-10
2444 .1896264E-10
2445 .1896612E-10
2446 .1896957E-10
2447 .1897306E-10
2448 .1897653E-10
2449 .1898000E-10
2450 .1898349E-10
2451 .1898696E-10
2452 .1899047E-10
2453 .1899396E-10
2454 .1899746E-10
2455 .1900095E-10
2456 .1900446E-10
2457 .1900796E-10
2458 .1901148E-10
2459 .1901500E-10
2460 .1901854E-10
2461 .1902205E-10
2462 .1902558E-10
2463 .1902912E-10
2464 .1903265E-10
2465 .1903619E-10
2466 .1903974E-10
2467 .1904327E-10
2468 .1904682E-10
2469 .1905037E-10
2470 .1905393E-10
2471 .1905748E-10
2472 .1906103E-10
2473 .1906461E-10
2474 .1906817E-10
2475 .1907173E-10
2476 .1907529E-10
2477 .1907888E-10
2478 .1908245E-10
2479 .1908603E-10
2480 .1908960E-10
2481 .1909319E-10
2482 .1909677E-10
2483 .1910036E-10
2484 .1910393E-10
2485 .1910752E-10
2486 .1911111E-10
2487 .1911471E-10
2488 .1911830E-10
2489 .1912190E-10
2490 .1912550E-10
2491 .1912908E-10
2492 .1913268E-10
2493 .1913629E-10
2494 .1913989E-10
2495 .1914348E-10
2496 .1914710E-10
2497 .1915069E-10
2498 .1915430E-10
2499 .1915791E-10
2500 .1916152E-10
