100 .4343419E-15
101 .1674718E-14
102 .4512861E-14
103 .9976277E-14
104 .1938989E-13
105 .3438051E-13
106 .5686499E-13
107 .8902022E-13
108 .1332344E-12
109 .1920387E-12
110 .2680209E-12
111 .3637216E-12
112 .4815153E-12
113 .6234811E-12
114 .7912652E-12
115 .9859433E-12
116 .1207882E-11
117 .1456617E-11
118 .1730741E-11
119 .2027822E-11
120 .2344345E-11
121 .2675692E-11
122 .3016169E-11
123 .3359074E-11
124 .3696813E-11
125 .4021074E-11
126 .4323887E-11
127 .4600784E-11
128 .4849141E-11
129 .5067458E-11
130 .5255331E-11
131 .5413382E-11
132 .5543163E-11
133 .5647056E-11
134 .5728125E-11
135 .5790019E-11
136 .5836821E-11
137 .5872976E-11
138 .5903079E-11
139 .5929996E-11
140 .5954712E-11
141 .5978133E-11
142 .6001146E-11
143 .6024652E-11
144 .6049557E-11
145 .6076773E-11
146 .6107245E-11
147 .6141932E-11
148 .6181831E-11
149 .6227989E-11
150 .6281495E-11
151 .6343303E-11
152 .6413599E-11
153 .6492380E-11
154 .6579636E-11
155 .6675366E-11
156 .6779566E-11
157 .6892233E-11
158 .7013356E-11
159 .7142930E-11
160 .7280929E-11
161 .7427338E-11
162 .7582116E-11
163 .7745223E-11
164 .7916596E-11
165 .8096166E-11
166 .8283833E-11
167 .8479493E-11
168 .8683006E-11
169 .8894215E-11
170 .9112927E-11
171 .9338929E-11
172 .9571969E-11
173 .9811759E-11
174 .1005798E-10
175 .1031025E-10
176 .1056822E-10
177 .1083159E-10
178 .1110008E-10
179 .1137338E-10
180 .1165112E-10
181 .1193292E-10
182 .1221832E-10
183 .1250687E-10
184 .1279804E-10
185 .1309128E-10
186 .1338597E-10
187 .1368147E-10
188 .1397708E-10
189 .1427209E-10
190 .1456568E-10
191 .1485706E-10
192 .1514534E-10
193 .1542962E-10
194 .1570896E-10
195 .1598237E-10
196 .1624884E-10
197 .1650731E-10
198 .1675670E-10
199 .1699592E-10
200 .1722383E-10
201 .1743947E-10
202 .1764246E-10
203 .1783266E-10
204 .1800991E-10
205 .1817414E-10
206 .1832527E-10
207 .1846327E-10
208 .1858815E-10
209 .1869993E-10
210 .1879868E-10
211 .1888450E-10
212 .1895749E-10
213 .1901781E-10
214 .1906561E-10
215 .1910111E-10
216 .1912451E-10
217 .1913605E-10
218 .1913598E-10
219 .1912458E-10
220 .1910213E-10
221 .1906895E-10
222 .1902533E-10
223 .1897163E-10
224 .1890816E-10
225 .1883528E-10
226 .1875360E-10
227 .1866476E-10
228 .1857067E-10
229 .1847321E-10
230 .1837428E-10
231 .1827577E-10
232 .1817954E-10
233 .1808746E-10
234 .1800140E-10
235 .1792319E-10
236 .1785470E-10
237 .1779776E-10
238 .1775424E-10
239 .1772600E-10
240 .1771496E-10
241 .1772303E-10
242 .1775220E-10
243 .1780447E-10
244 .1788195E-10
245 .1798681E-10
246 .1812133E-10
247 .1828790E-10
248 .1848906E-10
249 .1872748E-10
250 .1900605E-10
251 .1734590E-10
252 .1921292E-10
253 .2229487E-10
254 .2629404E-10
255 .2940093E-10
256 .3044143E-10
257 .3434153E-10
258 .3134666E-10
259 .3446323E-10
260 .3621962E-10
261 .3285548E-10
262 .3369502E-10
263 .3149031E-10
264 .2840269E-10
265 .2993365E-10
266 .2906011E-10
267 .3145275E-10
268 .3765023E-10
269 .5143620E-10
270 .7000790E-10
271 .9077532E-10
272 .1060251E-09
273 .1093428E-09
274 .1067688E-09
275 .1112138E-09
276 .1095544E-09
277 .1136036E-09
278 .1116332E-09
279 .1241859E-09
280 .1235767E-09
281 .1212548E-09
282 .1221909E-09
283 .1189761E-09
284 .1150482E-09
285 .1203259E-09
286 .1199002E-09
287 .1235935E-09
288 .1268334E-09
289 .1318912E-09
290 .1462842E-09
291 .1542071E-09
292 .1654734E-09
293 .1695694E-09
294 .1715746E-09
295 .1746658E-09
296 .1689341E-09
297 .1658187E-09
298 .1632318E-09
299 .1565487E-09
300 .1485373E-09
301 .1452807E-09
302 .1353627E-09
303 .1370361E-09
304 .1434420E-09
305 .1424761E-09
306 .1441654E-09
307 .1406449E-09
308 .1456971E-09
309 .1468677E-09
310 .1365837E-09
311 .1422678E-09
312 .1535187E-09
313 .1508177E-09
314 .1565570E-09
315 .1561182E-09
316 .1596909E-09
317 .1610692E-09
318 .1738426E-09
319 .1744780E-09
320 .1826804E-09
321 .1714146E-09
322 .1667299E-09
323 .1534705E-09
324 .1506434E-09
325 .1452724E-09
326 .1395322E-09
327 .1343361E-09
328 .1315494E-09
329 .1277347E-09
330 .1313601E-09
331 .1326377E-09
332 .1415531E-09
333 .1414068E-09
334 .1473607E-09
335 .1445397E-09
336 .1457249E-09
337 .1487087E-09
338 .1476657E-09
339 .1507439E-09
340 .1577829E-09
341 .1579041E-09
342 .1676527E-09
343 .1760163E-09
344 .1787124E-09
345 .1826774E-09
346 .1765820E-09
347 .1843842E-09
348 .1847001E-09
349 .1858793E-09
350 .1825549E-09
351 .1878086E-09
352 .1959504E-09
353 .2098203E-09
354 .2227916E-09
355 .2303621E-09
356 .2269207E-09
357 .2282467E-09
358 .2392058E-09
359 .2459637E-09
360 .2497962E-09
361 .2480149E-09
362 .2498053E-09
363 .2434714E-09
364 .2363572E-09
365 .2432852E-09
366 .2536543E-09
367 .2683170E-09
368 .2818985E-09
369 .3025710E-09
370 .3210036E-09
371 .3334472E-09
372 .3392930E-09
373 .3394172E-09
374 .3246933E-09
375 .2978971E-09
376 .2788203E-09
377 .2485706E-09
378 .2192128E-09
379 .1866187E-09
380 .1686110E-09
381 .1517058E-09
382 .1450128E-09
383 .1398340E-09
384 .1501353E-09
385 .1646956E-09
386 .1839299E-09
387 .2074548E-09
388 .2425366E-09
389 .2783718E-09
390 .3117937E-09
391 .3341708E-09
392 .3667009E-09
393 .3883551E-09
394 .4173737E-09
395 .4324722E-09
396 .4508449E-09
397 .4623904E-09
398 .4785991E-09
399 .4851790E-09
400 .4725548E-09
401 .4596577E-09
402 .4304200E-09
403 .4103254E-09
404 .3782891E-09
405 .3559605E-09
406 .3263743E-09
407 .3280594E-09
408 .3118747E-09
409 .3044971E-09
410 .2991123E-09
411 .2846465E-09
412 .2706013E-09
413 .2671853E-09
414 .2661245E-09
415 .2655314E-09
416 .2663682E-09
417 .2592133E-09
418 .2599768E-09
419 .2674659E-09
420 .2732058E-09
421 .2775609E-09
422 .2943146E-09
423 .2873497E-09
424 .2861530E-09
425 .2921443E-09
426 .3083102E-09
427 .2989519E-09
428 .3050224E-09
429 .3055017E-09
430 .3031232E-09
431 .3135853E-09
432 .3040267E-09
433 .3145146E-09
434 .3043572E-09
435 .3019397E-09
436 .2998083E-09
437 .2784366E-09
438 .2479673E-09
439 .2338647E-09
440 .2234613E-09
441 .2028673E-09
442 .1948462E-09
443 .1833436E-09
444 .1826939E-09
445 .1832291E-09
446 .1854923E-09
447 .1910164E-09
448 .2006602E-09
449 .2137376E-09
450 .2314350E-09
451 .2500880E-09
452 .2714726E-09
453 .2998360E-09
454 .3188345E-09
455 .3419463E-09
456 .3684485E-09
457 .3901127E-09
458 .4236633E-09
459 .4420139E-09
460 .4756102E-09
461 .4866160E-09
462 .4891997E-09
463 .4821590E-09
464 .4877183E-09
465 .4836115E-09
466 .4734375E-09
467 .4589307E-09
468 .4271745E-09
469 .4002442E-09
470 .3455098E-09
471 .3234685E-09
472 .2862901E-09
473 .2612469E-09
474 .2460398E-09
475 .2383450E-09
476 .2303014E-09
477 .2224021E-09
478 .2183205E-09
479 .2276880E-09
480 .2332377E-09
481 .2369223E-09
482 .2451794E-09
483 .2556319E-09
484 .2678658E-09
485 .2770459E-09
486 .2755527E-09
487 .2793724E-09
488 .2836707E-09
489 .2892403E-09
490 .2985786E-09
491 .3092953E-09
492 .3243154E-09
493 .3371859E-09
494 .3633509E-09
495 .3702111E-09
496 .3729676E-09
497 .3758189E-09
498 .3634830E-09
499 .3441076E-09
500 .3248629E-09
501 .2976733E-09
502 .2769752E-09
503 .2469227E-09
504 .2363538E-09
505 .2289135E-09
506 .2262328E-09
507 .2209460E-09
508 .2180793E-09
509 .2160415E-09
510 .2160632E-09
511 .2217313E-09
512 .2225645E-09
513 .2194062E-09
514 .2196830E-09
515 .2187783E-09
516 .2239102E-09
517 .2311641E-09
518 .2470408E-09
519 .2592119E-09
520 .2720725E-09
521 .2706309E-09
522 .2872210E-09
523 .3209598E-09
524 .3249004E-09
525 .3430509E-09
526 .3368607E-09
527 .3495000E-09
528 .3918246E-09
529 .3972291E-09
530 .3780367E-09
531 .4258209E-09
532 .4257149E-09
533 .4197852E-09
534 .4160506E-09
535 .4152982E-09
536 .3982157E-09
537 .3997805E-09
538 .3991845E-09
539 .3826220E-09
540 .4283966E-09
541 .4260736E-09
542 .4120777E-09
543 .4120865E-09
544 .4603023E-09
545 .4852689E-09
546 .4931550E-09
547 .5522929E-09
548 .5459710E-09
549 .5647102E-09
550 .5931054E-09
551 .6036544E-09
552 .6025187E-09
553 .5528935E-09
554 .5613209E-09
555 .5524062E-09
556 .5395367E-09
557 .5338352E-09
558 .4803974E-09
559 .4613146E-09
560 .4340032E-09
561 .3946992E-09
562 .3677991E-09
563 .3499089E-09
564 .3241385E-09
565 .2944757E-09
566 .2731091E-09
567 .2385200E-09
568 .2305374E-09
569 .2211131E-09
570 .2324425E-09
571 .2293720E-09
572 .2356503E-09
573 .2498065E-09
574 .2489659E-09
575 .2592525E-09
576 .2581637E-09
577 .2862254E-09
578 .3176746E-09
579 .3270133E-09
580 .3566722E-09
581 .3750166E-09
582 .4005374E-09
583 .4010050E-09
584 .4154330E-09
585 .4118436E-09
586 .4405233E-09
587 .4332925E-09
588 .3951206E-09
589 .2915755E-09
590 .3729275E-09
591 .3880286E-09
592 .3911201E-09
593 .3399939E-09
594 .3304675E-09
595 .3189982E-09
596 .3105863E-09
597 .2920975E-09
598 .2917022E-09
599 .2892855E-09
600 .2610871E-09
601 .2712532E-09
602 .2688106E-09
603 .2707996E-09
604 .2700591E-09
605 .2860398E-09
606 .3023137E-09
607 .2965982E-09
608 .3075594E-09
609 .2947143E-09
610 .2989161E-09
611 .2977670E-09
612 .2872394E-09
613 .2877492E-09
614 .3149168E-09
615 .3066170E-09
616 .2971131E-09
617 .2758992E-09
618 .2857666E-09
619 .2963361E-09
620 .2879439E-09
621 .2781614E-09
622 .2984756E-09
623 .2960741E-09
624 .2867667E-09
625 .3074004E-09
626 .2935754E-09
627 .2780726E-09
628 .2730606E-09
629 .2699984E-09
630 .2656120E-09
631 .2645947E-09
632 .2675736E-09
633 .2747448E-09
634 .2874860E-09
635 .3001718E-09
636 .3101801E-09
637 .3284699E-09
638 .3378558E-09
639 .3598867E-09
640 .3808234E-09
641 .3982419E-09
642 .4200463E-09
643 .4435577E-09
644 .4633141E-09
645 .4795986E-09
646 .5003515E-09
647 .5156165E-09
648 .5237198E-09
649 .5399883E-09
650 .5541392E-09
651 .5578646E-09
652 .5602766E-09
653 .5634401E-09
654 .5662237E-09
655 .5645504E-09
656 .5593648E-09
657 .5521138E-09
658 .5479012E-09
659 .5415550E-09
660 .5271937E-09
661 .5126164E-09
662 .4947507E-09
663 .4843167E-09
664 .4655623E-09
665 .4456485E-09
666 .4284714E-09
667 .4110701E-09
668 .3996183E-09
669 .3804539E-09
670 .3648966E-09
671 .3523171E-09
672 .3417039E-09
673 .3332426E-09
674 .3221525E-09
675 .3099975E-09
676 .3006864E-09
677 .2834946E-09
678 .2845891E-09
679 .2742159E-09
680 .2662796E-09
681 .2691204E-09
682 .2633609E-09
683 .2597729E-09
684 .2660544E-09
685 .2659779E-09
686 .2484857E-09
687 .2443683E-09
688 .2418300E-09
689 .2506366E-09
690 .2561863E-09
691 .2631474E-09
692 .2707250E-09
693 .2776543E-09
694 .2788655E-09
695 .2806029E-09
696 .2840281E-09
697 .2867764E-09
698 .2881649E-09
699 .2870104E-09
700 .2944208E-09
701 .3008070E-09
702 .2987259E-09
703 .3025882E-09
704 .2972056E-09
705 .2951239E-09
706 .3039221E-09
707 .2982227E-09
708 .3005082E-09
709 .3065427E-09
710 .3092817E-09
711 .3091643E-09
712 .3194392E-09
713 .3258330E-09
714 .3324990E-09
715 .3377058E-09
716 .3367204E-09
717 .3409935E-09
718 .3603876E-09
719 .3763690E-09
720 .3877717E-09
721 .3846033E-09
722 .3832131E-09
723 .3902779E-09
724 .4067888E-09
725 .4198459E-09
726 .4458282E-09
727 .4423123E-09
728 .4308018E-09
729 .4245518E-09
730 .4287432E-09
731 .4321594E-09
732 .4311801E-09
733 .4236385E-09
734 .4201728E-09
735 .4155490E-09
736 .4097420E-09
737 .4073567E-09
738 .4017791E-09
739 .3972679E-09
740 .3933326E-09
741 .3854032E-09
742 .3883656E-09
743 .3827261E-09
744 .3707634E-09
745 .3670220E-09
746 .3627081E-09
747 .3571266E-09
748 .3471331E-09
749 .3080702E-09
750 .2964730E-09
751 .3050187E-09
752 .2783949E-09
753 .2706863E-09
754 .2643370E-09
755 .2568726E-09
756 .2481038E-09
757 .2336090E-09
758 .2298144E-09
759 .2282474E-09
760 .2254784E-09
761 .1998836E-09
762 .1387030E-09
763 .1727622E-09
764 .1935608E-09
765 .1772441E-09
766 .1952990E-09
767 .2135151E-09
768 .2388174E-09
769 .2456371E-09
770 .2489138E-09
771 .2573836E-09
772 .2564741E-09
773 .2471335E-09
774 .2539996E-09
775 .2489052E-09
776 .2372539E-09
777 .2380258E-09
778 .2352582E-09
779 .2318310E-09
780 .2167465E-09
781 .2116054E-09
782 .2104506E-09
783 .1950538E-09
784 .1913457E-09
785 .1882778E-09
786 .1788890E-09
787 .1670164E-09
788 .1628860E-09
789 .1537531E-09
790 .1456163E-09
791 .1400060E-09
792 .1368158E-09
793 .1286155E-09
794 .1218520E-09
795 .1142727E-09
796 .1134636E-09
797 .1106153E-09
798 .1023325E-09
799 .9746985E-10
800 .9657384E-10
801 .9565106E-10
802 .8852417E-10
803 .8765199E-10
804 .8393689E-10
805 .8253450E-10
806 .8279530E-10
807 .7949204E-10
808 .7441511E-10
809 .6899473E-10
810 .7044531E-10
811 .6548675E-10
812 .6604873E-10
813 .6245494E-10
814 .6399950E-10
815 .6005322E-10
816 .5665800E-10
817 .5961655E-10
818 .5431892E-10
819 .5196883E-10
820 .5010979E-10
821 .4635010E-10
822 .4247334E-10
823 .3860110E-10
824 .3501999E-10
825 .2774775E-10
826 .2707891E-10
827 .2551807E-10
828 .2698030E-10
829 .2821700E-10
830 .2547794E-10
831 .2657366E-10
832 .3020623E-10
833 .3044706E-10
834 .3438727E-10
835 .4066759E-10
836 .4114533E-10
837 .4614324E-10
838 .5224410E-10
839 .5493446E-10
840 .5983055E-10
841 .6734469E-10
842 .7130068E-10
843 .7569872E-10
844 .7894144E-10
845 .8291639E-10
846 .8628304E-10
847 .9370588E-10
848 .1061438E-09
849 .1126349E-09
850 .1174548E-09
851 .1210630E-09
852 .1253387E-09
853 .1335669E-09
854 .1493985E-09
855 .1656592E-09
856 .1724810E-09
857 .1691011E-09
858 .1667684E-09
859 .1661465E-09
860 .1764050E-09
861 .1829579E-09
862 .1884175E-09
863 .1860534E-09
864 .1854815E-09
865 .1867762E-09
866 .1836058E-09
867 .1824558E-09
868 .1926960E-09
869 .1964479E-09
870 .1911345E-09
871 .1882068E-09
872 .1933564E-09
873 .1957913E-09
874 .1962806E-09
875 .2085867E-09
876 .2092797E-09
877 .1988046E-09
878 .1936167E-09
879 .2066285E-09
880 .2195463E-09
881 .2151021E-09
882 .2083912E-09
883 .1987415E-09
884 .1866377E-09
885 .1890705E-09
886 .1898675E-09
887 .2009735E-09
888 .1991025E-09
889 .1826497E-09
890 .1701861E-09
891 .1702540E-09
892 .1755872E-09
893 .1745345E-09
894 .1693913E-09
895 .1704152E-09
896 .1667799E-09
897 .1626807E-09
898 .1588621E-09
899 .1570093E-09
900 .1590420E-09
901 .1491960E-09
902 .1450903E-09
903 .1483571E-09
904 .1461031E-09
905 .1433905E-09
906 .1476386E-09
907 .1476728E-09
908 .1443468E-09
909 .1460349E-09
910 .1428961E-09
911 .1405201E-09
912 .1442529E-09
913 .1451636E-09
914 .1455742E-09
915 .1409820E-09
916 .1400090E-09
917 .1379159E-09
918 .1276300E-09
919 .1282009E-09
920 .1277378E-09
921 .1302419E-09
922 .1333582E-09
923 .1446340E-09
924 .1530456E-09
925 .1403954E-09
926 .1279061E-09
927 .1243963E-09
928 .1212713E-09
929 .1220103E-09
930 .1289320E-09
931 .1392200E-09
932 .1311701E-09
933 .1219389E-09
934 .1095458E-09
935 .1118524E-09
936 .1112862E-09
937 .1199311E-09
938 .1279933E-09
939 .1563500E-09
940 .1435648E-09
941 .1130189E-09
942 .1155426E-09
943 .1133347E-09
944 .1166254E-09
945 .1274356E-09
946 .1296193E-09
947 .1320129E-09
948 .1287251E-09
949 .1289961E-09
950 .1261698E-09
951 .1295735E-09
952 .1177506E-09
953 .1282925E-09
954 .1533139E-09
955 .1424622E-09
956 .1368830E-09
957 .1363116E-09
958 .1262672E-09
959 .1252590E-09
960 .1290453E-09
961 .1313854E-09
962 .1295253E-09
963 .1215818E-09
964 .1181615E-09
965 .1172900E-09
966 .1154276E-09
967 .1170591E-09
968 .1141587E-09
969 .1120060E-09
970 .1160326E-09
971 .1246705E-09
972 .1303182E-09
973 .1205666E-09
974 .1169493E-09
975 .1248689E-09
976 .1221033E-09
977 .1291093E-09
978 .1332835E-09
979 .1289978E-09
980 .1464536E-09
981 .1446185E-09
982 .1322687E-09
983 .1392695E-09
984 .1482532E-09
985 .1596865E-09
986 .1565267E-09
987 .1547529E-09
988 .1800876E-09
989 .1753019E-09
990 .1621094E-09
991 .1616636E-09
992 .1684508E-09
993 .1736878E-09
994 .1753813E-09
995 .1733824E-09
996 .1728016E-09
997 .1836976E-09
998 .1676987E-09
999 .1707245E-09
1000 .1731412E-09
1001 .1720093E-09
1002 .1708761E-09
1003 .1697410E-09
1004 .1686045E-09
1005 .1674666E-09
1006 .1663270E-09
1007 .1651861E-09
1008 .1640437E-09
1009 .1628997E-09
1010 .1617544E-09
1011 .1606075E-09
1012 .1594593E-09
1013 .1583098E-09
1014 .1571586E-09
1015 .1560063E-09
1016 .1548526E-09
1017 .1536975E-09
1018 .1525410E-09
1019 .1513834E-09
1020 .1502243E-09
1021 .1490640E-09
1022 .1479023E-09
1023 .1467395E-09
1024 .1455753E-09
1025 .1444101E-09
1026 .1432435E-09
1027 .1420757E-09
1028 .1409068E-09
1029 .1397367E-09
1030 .1385655E-09
1031 .1373930E-09
1032 .1362195E-09
1033 .1350450E-09
1034 .1338690E-09
1035 .1326921E-09
1036 .1315142E-09
1037 .1303352E-09
1038 .1291551E-09
1039 .1279741E-09
1040 .1267919E-09
1041 .1256088E-09
1042 .1244247E-09
1043 .1232396E-09
1044 .1220534E-09
1045 .1208664E-09
1046 .1196785E-09
1047 .1184895E-09
1048 .1172997E-09
1049 .1161090E-09
1050 .1149174E-09
1051 .1137250E-09
1052 .1125316E-09
1053 .1113376E-09
1054 .1101426E-09
1055 .1089468E-09
1056 .1077503E-09
1057 .1065529E-09
1058 .1053549E-09
1059 .1041559E-09
1060 .1029563E-09
1061 .1017559E-09
1062 .1005549E-09
1063 .9935324E-10
1064 .9815079E-10
1065 .9694769E-10
1066 .9574390E-10
1067 .9453948E-10
1068 .9333449E-10
1069 .9212874E-10
1070 .9092243E-10
1071 .8971553E-10
1072 .8850800E-10
1073 .8730000E-10
1074 .8609127E-10
1075 .8488209E-10
1076 .8367234E-10
1077 .8246201E-10
1078 .8125120E-10
1079 .8003984E-10
1080 .7882800E-10
1081 .7761561E-10
1082 .7640277E-10
1083 .7518946E-10
1084 .7397561E-10
1085 .7276137E-10
1086 .7154665E-10
1087 .7033148E-10
1088 .6911590E-10
1089 .6789988E-10
1090 .6668344E-10
1091 .6546656E-10
1092 .6424935E-10
1093 .6303168E-10
1094 .6181362E-10
1095 .6059523E-10
1096 .5937643E-10
1097 .5815729E-10
1098 .5693776E-10
1099 .5571790E-10
1100 .5449770E-10
1101 .5327712E-10
1102 .5205627E-10
1103 .5083506E-10
1104 .4961354E-10
1105 .4839172E-10
1106 .4716958E-10
1107 .4594711E-10
1108 .4472438E-10
1109 .4350133E-10
1110 .4227801E-10
1111 .4105440E-10
1112 .3983053E-10
1113 .3860641E-10
1114 .3738197E-10
1115 .3615729E-10
1116 .3493234E-10
1117 .3370714E-10
1118 .3248167E-10
1119 .3125598E-10
1120 .3003003E-10
1121 .2880383E-10
1122 .2757740E-10
1123 .2635075E-10
1124 .2512384E-10
1125 .2389671E-10
1126 .2266935E-10
1127 .2144177E-10
1128 .2021394E-10
1129 .1898591E-10
1130 .1775765E-10
1131 .1775733E-10
1132 .1775701E-10
1133 .1775670E-10
1134 .1775637E-10
1135 .1775605E-10
1136 .1775576E-10
1137 .1775546E-10
1138 .1775516E-10
1139 .1775488E-10
1140 .1775458E-10
1141 .1775431E-10
1142 .1775404E-10
1143 .1775378E-10
1144 .1775352E-10
1145 .1775329E-10
1146 .1775305E-10
1147 .1775282E-10
1148 .1775263E-10
1149 .1775243E-10
1150 .1775226E-10
1151 .1775209E-10
1152 .1775195E-10
1153 .1775180E-10
1154 .1775169E-10
1155 .1775158E-10
1156 .1775150E-10
1157 .1775144E-10
1158 .1775139E-10
1159 .1775137E-10
1160 .1775136E-10
1161 .1775137E-10
1162 .1775141E-10
1163 .1775147E-10
1164 .1775156E-10
1165 .1775166E-10
1166 .1775180E-10
1167 .1775196E-10
1168 .1775215E-10
1169 .1775235E-10
1170 .1775261E-10
1171 .1775287E-10
1172 .1775316E-10
1173 .1775349E-10
1174 .1775383E-10
1175 .1775423E-10
1176 .1775463E-10
1177 .1775510E-10
1178 .1775558E-10
1179 .1775610E-10
1180 .1775665E-10
1181 .1775723E-10
1182 .1775786E-10
1183 .1775853E-10
1184 .1775922E-10
1185 .1775995E-10
1186 .1776072E-10
1187 .1776154E-10
1188 .1776240E-10
1189 .1776331E-10
1190 .1776424E-10
1191 .1776521E-10
1192 .1776623E-10
1193 .1776730E-10
1194 .1776841E-10
1195 .1776956E-10
1196 .1777076E-10
1197 .1777200E-10
1198 .1777330E-10
1199 .1777463E-10
1200 .1777602E-10
1201 .1777746E-10
1202 .1777894E-10
1203 .1778049E-10
1204 .1778208E-10
1205 .1778372E-10
1206 .1778542E-10
1207 .1778716E-10
1208 .1778898E-10
1209 .1779083E-10
1210 .1779274E-10
1211 .1779471E-10
1212 .1779673E-10
1213 .1779881E-10
1214 .1780096E-10
1215 .1780315E-10
1216 .1780541E-10
1217 .1780773E-10
1218 .1781012E-10
1219 .1781256E-10
1220 .1781507E-10
1221 .1781765E-10
1222 .1782028E-10
1223 .1782298E-10
1224 .1782574E-10
1225 .1782858E-10
1226 .1783147E-10
1227 .1783443E-10
1228 .1783747E-10
1229 .1784056E-10
1230 .1784373E-10
1231 .1784699E-10
1232 .1785029E-10
1233 .1785368E-10
1234 .1785713E-10
1235 .1786066E-10
1236 .1786427E-10
1237 .1786795E-10
1238 .1787170E-10
1239 .1787555E-10
1240 .1787945E-10
1241 .1788344E-10
1242 .1788750E-10
1243 .1789164E-10
1244 .1789588E-10
1245 .1790017E-10
1246 .1790456E-10
1247 .1790902E-10
1248 .1791358E-10
1249 .1791822E-10
1250 .1792291E-10
1251 .1792876E-10
1252 .1793468E-10
1253 .1794069E-10
1254 .1794679E-10
1255 .1795296E-10
1256 .1795923E-10
1257 .1796558E-10
1258 .1797203E-10
1259 .1797858E-10
1260 .1798520E-10
1261 .1799191E-10
1262 .1799871E-10
1263 .1800561E-10
1264 .1801261E-10
1265 .1801969E-10
1266 .1802688E-10
1267 .1803415E-10
1268 .1804153E-10
1269 .1804900E-10
1270 .1805657E-10
1271 .1806425E-10
1272 .1807201E-10
1273 .1807987E-10
1274 .1808786E-10
1275 .1809592E-10
1276 .1810411E-10
1277 .1811239E-10
1278 .1812077E-10
1279 .1812927E-10
1280 .1813786E-10
1281 .1814657E-10
1282 .1815537E-10
1283 .1816430E-10
1284 .1817334E-10
1285 .1818248E-10
1286 .1819173E-10
1287 .1820109E-10
1288 .1821057E-10
1289 .1822014E-10
1290 .1822983E-10
1291 .1823963E-10
1292 .1824953E-10
1293 .1825956E-10
1294 .1826967E-10
1295 .1827990E-10
1296 .1829022E-10
1297 .1830066E-10
1298 .1831120E-10
1299 .1832185E-10
1300 .1833259E-10
1301 .1834344E-10
1302 .1835440E-10
1303 .1836546E-10
1304 .1837661E-10
1305 .1838787E-10
1306 .1839922E-10
1307 .1841069E-10
1308 .1842224E-10
1309 .1843390E-10
1310 .1844566E-10
1311 .1845751E-10
1312 .1846946E-10
1313 .1848151E-10
1314 .1849366E-10
1315 .1850590E-10
1316 .1851824E-10
1317 .1853068E-10
1318 .1854320E-10
1319 .1855582E-10
1320 .1856854E-10
1321 .1858135E-10
1322 .1859425E-10
1323 .1860724E-10
1324 .1862033E-10
1325 .1863350E-10
1326 .1864677E-10
1327 .1866013E-10
1328 .1867359E-10
1329 .1868710E-10
1330 .1870073E-10
1331 .1871444E-10
1332 .1872826E-10
1333 .1874214E-10
1334 .1875613E-10
1335 .1877016E-10
1336 .1878432E-10
1337 .1879854E-10
1338 .1881286E-10
1339 .1882725E-10
1340 .1884174E-10
1341 .1885631E-10
1342 .1887096E-10
1343 .1888568E-10
1344 .1890050E-10
1345 .1891537E-10
1346 .1893035E-10
1347 .1894540E-10
1348 .1896054E-10
1349 .1897574E-10
1350 .1899104E-10
1351 .1900639E-10
1352 .1902183E-10
1353 .1903733E-10
1354 .1905294E-10
1355 .1906862E-10
1356 .1908435E-10
1357 .1910017E-10
1358 .1911607E-10
1359 .1913204E-10
1360 .1914807E-10
1361 .1916418E-10
1362 .1918035E-10
1363 .1919662E-10
1364 .1921294E-10
1365 .1922933E-10
1366 .1924579E-10
1367 .1926232E-10
1368 .1927891E-10
1369 .1929557E-10
1370 .1931231E-10
1371 .1932287E-10
1372 .1933348E-10
1373 .1934414E-10
1374 .1935483E-10
1375 .1936557E-10
1376 .1937636E-10
1377 .1938717E-10
1378 .1939802E-10
1379 .1940891E-10
1380 .1941985E-10
1381 .1943081E-10
1382 .1944183E-10
1383 .1945287E-10
1384 .1946394E-10
1385 .1947505E-10
1386 .1948619E-10
1387 .1949736E-10
1388 .1950856E-10
1389 .1951980E-10
1390 .1953107E-10
1391 .1954237E-10
1392 .1955368E-10
1393 .1956504E-10
1394 .1957641E-10
1395 .1958783E-10
1396 .1959926E-10
1397 .1961070E-10
1398 .1962219E-10
1399 .1963369E-10
1400 .1964522E-10
1401 .1965675E-10
1402 .1966833E-10
1403 .1967990E-10
1404 .1969150E-10
1405 .1970311E-10
1406 .1971475E-10
1407 .1972642E-10
1408 .1973810E-10
1409 .1974977E-10
1410 .1976147E-10
1411 .1977319E-10
1412 .1978492E-10
1413 .1979666E-10
1414 .1980841E-10
1415 .1982017E-10
1416 .1983194E-10
1417 .1984372E-10
1418 .1985551E-10
1419 .1986731E-10
1420 .1987912E-10
1421 .1989091E-10
1422 .1990273E-10
1423 .1991455E-10
1424 .1992637E-10
1425 .1993819E-10
1426 .1995002E-10
1427 .1996185E-10
1428 .1997368E-10
1429 .1998551E-10
1430 .1999733E-10
1431 .2000916E-10
1432 .2002099E-10
1433 .2003280E-10
1434 .2004462E-10
1435 .2005644E-10
1436 .2006825E-10
1437 .2008004E-10
1438 .2009183E-10
1439 .2010362E-10
1440 .2011538E-10
1441 .2012715E-10
1442 .2013891E-10
1443 .2015066E-10
1444 .2016239E-10
1445 .2017412E-10
1446 .2018582E-10
1447 .2019751E-10
1448 .2020919E-10
1449 .2022088E-10
1450 .2023250E-10
1451 .2024414E-10
1452 .2025576E-10
1453 .2026734E-10
1454 .2027894E-10
1455 .2029049E-10
1456 .2030203E-10
1457 .2031354E-10
1458 .2032502E-10
1459 .2033651E-10
1460 .2034796E-10
1461 .2035938E-10
1462 .2037077E-10
1463 .2038215E-10
1464 .2039350E-10
1465 .2040481E-10
1466 .2041610E-10
1467 .2042737E-10
1468 .2043860E-10
1469 .2044980E-10
1470 .2046098E-10
1471 .2047212E-10
1472 .2048322E-10
1473 .2049429E-10
1474 .2050533E-10
1475 .2051635E-10
1476 .2052732E-10
1477 .2053824E-10
1478 .2054914E-10
1479 .2056000E-10
1480 .2057083E-10
1481 .2058162E-10
1482 .2059236E-10
1483 .2060305E-10
1484 .2061372E-10
1485 .2062435E-10
1486 .2063492E-10
1487 .2064546E-10
1488 .2065596E-10
1489 .2066642E-10
1490 .2067684E-10
1491 .2068721E-10
1492 .2069752E-10
1493 .2070782E-10
1494 .2071807E-10
1495 .2072826E-10
1496 .2073843E-10
1497 .2074853E-10
1498 .2075861E-10
1499 .2076863E-10
1500 .2077861E-10
1501 .2079659E-10
1502 .2081454E-10
1503 .2083248E-10
1504 .2085041E-10
1505 .2086832E-10
1506 .2088622E-10
1507 .2090408E-10
1508 .2092195E-10
1509 .2093981E-10
1510 .2095762E-10
1511 .2097543E-10
1512 .2099321E-10
1513 .2101100E-10
1514 .2102876E-10
1515 .2104650E-10
1516 .2106422E-10
1517 .2108193E-10
1518 .2109960E-10
1519 .2111730E-10
1520 .2113493E-10
1521 .2115256E-10
1522 .2117017E-10
1523 .2118776E-10
1524 .2120532E-10
1525 .2122286E-10
1526 .2124038E-10
1527 .2125790E-10
1528 .2127539E-10
1529 .2129285E-10
1530 .2131028E-10
1531 .2132770E-10
1532 .2134510E-10
1533 .2136247E-10
1534 .2137983E-10
1535 .2139715E-10
1536 .2141447E-10
1537 .2143174E-10
1538 .2144899E-10
1539 .2146622E-10
1540 .2148344E-10
1541 .2150063E-10
1542 .2151778E-10
1543 .2153492E-10
1544 .2155203E-10
1545 .2156911E-10
1546 .2158617E-10
1547 .2160320E-10
1548 .2162020E-10
1549 .2163718E-10
1550 .2165414E-10
1551 .2167106E-10
1552 .2168795E-10
1553 .2170482E-10
1554 .2172166E-10
1555 .2173847E-10
1556 .2175526E-10
1557 .2177201E-10
1558 .2178874E-10
1559 .2180544E-10
1560 .2182211E-10
1561 .2183873E-10
1562 .2185533E-10
1563 .2187191E-10
1564 .2188846E-10
1565 .2190498E-10
1566 .2192146E-10
1567 .2193790E-10
1568 .2195433E-10
1569 .2197071E-10
1570 .2198707E-10
1571 .2200338E-10
1572 .2201967E-10
1573 .2203592E-10
1574 .2205215E-10
1575 .2206833E-10
1576 .2208448E-10
1577 .2210061E-10
1578 .2211668E-10
1579 .2213272E-10
1580 .2214875E-10
1581 .2216472E-10
1582 .2218068E-10
1583 .2219656E-10
1584 .2221244E-10
1585 .2222828E-10
1586 .2224407E-10
1587 .2225984E-10
1588 .2227555E-10
1589 .2229124E-10
1590 .2230688E-10
1591 .2232248E-10
1592 .2233804E-10
1593 .2235357E-10
1594 .2236906E-10
1595 .2238451E-10
1596 .2239991E-10
1597 .2241529E-10
1598 .2243060E-10
1599 .2244590E-10
1600 .2246115E-10
1601 .2247634E-10
1602 .2249152E-10
1603 .2250663E-10
1604 .2252171E-10
1605 .2253675E-10
1606 .2255173E-10
1607 .2256669E-10
1608 .2258160E-10
1609 .2259646E-10
1610 .2261128E-10
1611 .2262605E-10
1612 .2264077E-10
1613 .2265546E-10
1614 .2267010E-10
1615 .2268470E-10
1616 .2269924E-10
1617 .2271374E-10
1618 .2272820E-10
1619 .2274261E-10
1620 .2275695E-10
1621 .2277127E-10
1622 .2278554E-10
1623 .2279976E-10
1624 .2281394E-10
1625 .2282806E-10
1626 .2283350E-10
1627 .2283890E-10
1628 .2284426E-10
1629 .2284958E-10
1630 .2285485E-10
1631 .2286008E-10
1632 .2286525E-10
1633 .2287039E-10
1634 .2287548E-10
1635 .2288053E-10
1636 .2288554E-10
1637 .2289049E-10
1638 .2289541E-10
1639 .2290028E-10
1640 .2290510E-10
1641 .2290988E-10
1642 .2291461E-10
1643 .2291931E-10
1644 .2292393E-10
1645 .2292851E-10
1646 .2293305E-10
1647 .2293755E-10
1648 .2294199E-10
1649 .2294640E-10
1650 .2295073E-10
1651 .2295503E-10
1652 .2295928E-10
1653 .2296348E-10
1654 .2296764E-10
1655 .2297174E-10
1656 .2297578E-10
1657 .2297977E-10
1658 .2298374E-10
1659 .2298764E-10
1660 .2299149E-10
1661 .2299529E-10
1662 .2299902E-10
1663 .2300270E-10
1664 .2300635E-10
1665 .2300994E-10
1666 .2301345E-10
1667 .2301694E-10
1668 .2302037E-10
1669 .2302374E-10
1670 .2302706E-10
1671 .2303032E-10
1672 .2303354E-10
1673 .2303669E-10
1674 .2303978E-10
1675 .2304284E-10
1676 .2304582E-10
1677 .2304877E-10
1678 .2305164E-10
1679 .2305446E-10
1680 .2305722E-10
1681 .2305993E-10
1682 .2306258E-10
1683 .2306518E-10
1684 .2306771E-10
1685 .2307020E-10
1686 .2307262E-10
1687 .2307501E-10
1688 .2307732E-10
1689 .2307959E-10
1690 .2308180E-10
1691 .2308395E-10
1692 .2308604E-10
1693 .2308809E-10
1694 .2309008E-10
1695 .2309201E-10
1696 .2309389E-10
1697 .2309574E-10
1698 .2309751E-10
1699 .2309925E-10
1700 .2310091E-10
1701 .2310253E-10
1702 .2310410E-10
1703 .2310561E-10
1704 .2310710E-10
1705 .2310851E-10
1706 .2310987E-10
1707 .2311118E-10
1708 .2311245E-10
1709 .2311367E-10
1710 .2311483E-10
1711 .2311595E-10
1712 .2311701E-10
1713 .2311804E-10
1714 .2311899E-10
1715 .2311992E-10
1716 .2312078E-10
1717 .2312161E-10
1718 .2312238E-10
1719 .2312312E-10
1720 .2312379E-10
1721 .2312442E-10
1722 .2312501E-10
1723 .2312556E-10
1724 .2312605E-10
1725 .2312650E-10
1726 .2312690E-10
1727 .2312724E-10
1728 .2312754E-10
1729 .2312782E-10
1730 .2312804E-10
1731 .2312822E-10
1732 .2312835E-10
1733 .2312845E-10
1734 .2312849E-10
1735 .2312849E-10
1736 .2312844E-10
1737 .2312836E-10
1738 .2312824E-10
1739 .2312805E-10
1740 .2312785E-10
1741 .2312759E-10
1742 .2312729E-10
1743 .2312696E-10
1744 .2312657E-10
1745 .2312616E-10
1746 .2312570E-10
1747 .2312520E-10
1748 .2312465E-10
1749 .2312408E-10
1750 .2312344E-10
1751 .2312280E-10
1752 .2312209E-10
1753 .2312135E-10
1754 .2312058E-10
1755 .2311975E-10
1756 .2311891E-10
1757 .2311801E-10
1758 .2311709E-10
1759 .2311610E-10
1760 .2311509E-10
1761 .2311407E-10
1762 .2311299E-10
1763 .2311187E-10
1764 .2311072E-10
1765 .2310953E-10
1766 .2310833E-10
1767 .2310706E-10
1768 .2310577E-10
1769 .2310444E-10
1770 .2310309E-10
1771 .2310168E-10
1772 .2310025E-10
1773 .2309881E-10
1774 .2309730E-10
1775 .2309577E-10
1776 .2309420E-10
1777 .2309262E-10
1778 .2309099E-10
1779 .2308932E-10
1780 .2308764E-10
1781 .2308591E-10
1782 .2308415E-10
1783 .2308237E-10
1784 .2308056E-10
1785 .2307870E-10
1786 .2307682E-10
1787 .2307493E-10
1788 .2307298E-10
1789 .2307101E-10
1790 .2306902E-10
1791 .2306700E-10
1792 .2306492E-10
1793 .2306286E-10
1794 .2306076E-10
1795 .2305862E-10
1796 .2305644E-10
1797 .2305425E-10
1798 .2305202E-10
1799 .2304978E-10
1800 .2304751E-10
1801 .2296908E-10
1802 .2289062E-10
1803 .2281218E-10
1804 .2273372E-10
1805 .2265522E-10
1806 .2257675E-10
1807 .2249826E-10
1808 .2241977E-10
1809 .2234126E-10
1810 .2226275E-10
1811 .2218426E-10
1812 .2210571E-10
1813 .2202718E-10
1814 .2194864E-10
1815 .2187011E-10
1816 .2179159E-10
1817 .2171302E-10
1818 .2163448E-10
1819 .2155593E-10
1820 .2147737E-10
1821 .2139883E-10
1822 .2132028E-10
1823 .2124172E-10
1824 .2116316E-10
1825 .2108460E-10
1826 .2100605E-10
1827 .2092750E-10
1828 .2084894E-10
1829 .2077039E-10
1830 .2069185E-10
1831 .2061330E-10
1832 .2053477E-10
1833 .2045622E-10
1834 .2037770E-10
1835 .2029916E-10
1836 .2022065E-10
1837 .2014213E-10
1838 .2006362E-10
1839 .1998510E-10
1840 .1990661E-10
1841 .1982810E-10
1842 .1974962E-10
1843 .1967113E-10
1844 .1959266E-10
1845 .1951421E-10
1846 .1943576E-10
1847 .1935730E-10
1848 .1927887E-10
1849 .1920046E-10
1850 .1912203E-10
1851 .1904363E-10
1852 .1896523E-10
1853 .1888686E-10
1854 .1880848E-10
1855 .1873012E-10
1856 .1865178E-10
1857 .1857344E-10
1858 .1849514E-10
1859 .1841682E-10
1860 .1833851E-10
1861 .1826025E-10
1862 .1818197E-10
1863 .1810373E-10
1864 .1802548E-10
1865 .1794726E-10
1866 .1786905E-10
1867 .1779086E-10
1868 .1771268E-10
1869 .1763453E-10
1870 .1755639E-10
1871 .1747827E-10
1872 .1740015E-10
1873 .1732205E-10
1874 .1724399E-10
1875 .1716593E-10
1876 .1708789E-10
1877 .1700987E-10
1878 .1693188E-10
1879 .1685388E-10
1880 .1677592E-10
1881 .1669798E-10
1882 .1662006E-10
1883 .1654214E-10
1884 .1646427E-10
1885 .1638639E-10
1886 .1630856E-10
1887 .1623074E-10
1888 .1615294E-10
1889 .1607516E-10
1890 .1599741E-10
1891 .1591967E-10
1892 .1584195E-10
1893 .1576427E-10
1894 .1568659E-10
1895 .1560893E-10
1896 .1553132E-10
1897 .1545372E-10
1898 .1537614E-10
1899 .1529857E-10
1900 .1522104E-10
1901 .1514354E-10
1902 .1506605E-10
1903 .1498858E-10
1904 .1491114E-10
1905 .1483373E-10
1906 .1475634E-10
1907 .1467897E-10
1908 .1460162E-10
1909 .1452432E-10
1910 .1444703E-10
1911 .1436977E-10
1912 .1429254E-10
1913 .1421531E-10
1914 .1413813E-10
1915 .1406096E-10
1916 .1398383E-10
1917 .1390671E-10
1918 .1382964E-10
1919 .1375257E-10
1920 .1367554E-10
1921 .1359852E-10
1922 .1352155E-10
1923 .1344459E-10
1924 .1336767E-10
1925 .1329077E-10
1926 .1321391E-10
1927 .1313705E-10
1928 .1306024E-10
1929 .1298345E-10
1930 .1290667E-10
1931 .1282995E-10
1932 .1275323E-10
1933 .1267656E-10
1934 .1259990E-10
1935 .1252327E-10
1936 .1244667E-10
1937 .1237010E-10
1938 .1229355E-10
1939 .1221704E-10
1940 .1214056E-10
1941 .1206409E-10
1942 .1198766E-10
1943 .1191126E-10
1944 .1183487E-10
1945 .1175852E-10
1946 .1168220E-10
1947 .1160592E-10
1948 .1152964E-10
1949 .1145341E-10
1950 .1137721E-10
1951 .1130102E-10
1952 .1122487E-10
1953 .1114874E-10
1954 .1107264E-10
1955 .1099658E-10
1956 .1092055E-10
1957 .1084453E-10
1958 .1076854E-10
1959 .1069258E-10
1960 .1061666E-10
1961 .1054076E-10
1962 .1046487E-10
1963 .1038905E-10
1964 .1031322E-10
1965 .1023743E-10
1966 .1016168E-10
1967 .1008593E-10
1968 .1001022E-10
1969 .9934533E-11
1970 .9858877E-11
1971 .9783250E-11
1972 .9707646E-11
1973 .9632073E-11
1974 .9556523E-11
1975 .9481001E-11
1976 .9405496E-11
1977 .9330023E-11
1978 .9254568E-11
1979 .9179153E-11
1980 .9103755E-11
1981 .9028377E-11
1982 .8953026E-11
1983 .8877704E-11
1984 .8802403E-11
1985 .8727134E-11
1986 .8651878E-11
1987 .8576655E-11
1988 .8501449E-11
1989 .8426278E-11
1990 .8351122E-11
1991 .8275992E-11
1992 .8200882E-11
1993 .8125803E-11
1994 .8050736E-11
1995 .7975703E-11
1996 .7900684E-11
1997 .7825701E-11
1998 .7750724E-11
1999 .7675774E-11
2000 .7600848E-11
2001 .7525953E-11
2002 .7451072E-11
2003 .7376219E-11
2004 .7301379E-11
2005 .7226567E-11
2006 .7151769E-11
2007 .7077001E-11
2008 .7002252E-11
2009 .6927524E-11
2010 .6852817E-11
2011 .6852033E-11
2012 .6851254E-11
2013 .6850480E-11
2014 .6849704E-11
2015 .6848942E-11
2016 .6848177E-11
2017 .6847419E-11
2018 .6846664E-11
2019 .6845914E-11
2020 .6845169E-11
2021 .6844421E-11
2022 .6843689E-11
2023 .6842946E-11
2024 .6842226E-11
2025 .6841490E-11
2026 .6840768E-11
2027 .6840049E-11
2028 .6839328E-11
2029 .6838629E-11
2030 .6837914E-11
2031 .6837215E-11
2032 .6836509E-11
2033 .6835816E-11
2034 .6835122E-11
2035 .6834430E-11
2036 .6833753E-11
2037 .6833069E-11
2038 .6832386E-11
2039 .6831717E-11
2040 .6831043E-11
2041 .6830383E-11
2042 .6829718E-11
2043 .6829059E-11
2044 .6828405E-11
2045 .6827759E-11
2046 .6827106E-11
2047 .6826466E-11
2048 .6825832E-11
2049 .6825198E-11
2050 .6824563E-11
2051 .6823940E-11
2052 .6823313E-11
2053 .6822693E-11
2054 .6822077E-11
2055 .6821468E-11
2056 .6820859E-11
2057 .6820253E-11
2058 .6819648E-11
2059 .6819052E-11
2060 .6818461E-11
2061 .6817868E-11
2062 .6817289E-11
2063 .6816702E-11
2064 .6816124E-11
2065 .6815548E-11
2066 .6814974E-11
2067 .6814412E-11
2068 .6813848E-11
2069 .6813289E-11
2070 .6812730E-11
2071 .6812173E-11
2072 .6811632E-11
2073 .6811085E-11
2074 .6810544E-11
2075 .6810008E-11
2076 .6809478E-11
2077 .6808946E-11
2078 .6808417E-11
2079 .6807893E-11
2080 .6807378E-11
2081 .6806862E-11
2082 .6806353E-11
2083 .6805839E-11
2084 .6805339E-11
2085 .6804841E-11
2086 .6804338E-11
2087 .6803847E-11
2088 .6803357E-11
2089 .6802872E-11
2090 .6802390E-11
2091 .6801915E-11
2092 .6801438E-11
2093 .6800967E-11
2094 .6800502E-11
2095 .6800037E-11
2096 .6799572E-11
2097 .6799116E-11
2098 .6798667E-11
2099 .6798218E-11
2100 .6797771E-11
2101 .6797329E-11
2102 .6796885E-11
2103 .6796457E-11
2104 .6796023E-11
2105 .6795591E-11
2106 .6795170E-11
2107 .6794750E-11
2108 .6794335E-11
2109 .6793923E-11
2110 .6793513E-11
2111 .6793104E-11
2112 .6792701E-11
2113 .6792302E-11
2114 .6791909E-11
2115 .6791518E-11
2116 .6791127E-11
2117 .6790745E-11
2118 .6790364E-11
2119 .6789985E-11
2120 .6789611E-11
2121 .6789243E-11
2122 .6788873E-11
2123 .6788510E-11
2124 .6788152E-11
2125 .6787796E-11
2126 .6787444E-11
2127 .6787095E-11
2128 .6786747E-11
2129 .6786408E-11
2130 .6786068E-11
2131 .6785735E-11
2132 .6785400E-11
2133 .6785070E-11
2134 .6784751E-11
2135 .6784429E-11
2136 .6784109E-11
2137 .6783799E-11
2138 .6783483E-11
2139 .6783185E-11
2140 .6782881E-11
2141 .6782574E-11
2142 .6782279E-11
2143 .6781987E-11
2144 .6781697E-11
2145 .6781408E-11
2146 .6781134E-11
2147 .6780857E-11
2148 .6780572E-11
2149 .6780307E-11
2150 .6780035E-11
2151 .6779774E-11
2152 .6779505E-11
2153 .6779248E-11
2154 .6778997E-11
2155 .6778746E-11
2156 .6778499E-11
2157 .6778254E-11
2158 .6778013E-11
2159 .6777776E-11
2160 .6777542E-11
2161 .6777316E-11
2162 .6777084E-11
2163 .6776859E-11
2164 .6776642E-11
2165 .6776426E-11
2166 .6776212E-11
2167 .6775998E-11
2168 .6775792E-11
2169 .6775592E-11
2170 .6775395E-11
2171 .6775195E-11
2172 .6775004E-11
2173 .6774818E-11
2174 .6774624E-11
2175 .6774444E-11
2176 .6774267E-11
2177 .6774091E-11
2178 .6773917E-11
2179 .6773749E-11
2180 .6773582E-11
2181 .6773419E-11
2182 .6773264E-11
2183 .6773103E-11
2184 .6772954E-11
2185 .6772806E-11
2186 .6772658E-11
2187 .6772516E-11
2188 .6772380E-11
2189 .6772241E-11
2190 .6772112E-11
2191 .6771983E-11
2192 .6771856E-11
2193 .6771736E-11
2194 .6771616E-11
2195 .6771504E-11
2196 .6771388E-11
2197 .6771283E-11
2198 .6771176E-11
2199 .6771073E-11
2200 .6770979E-11
2201 .6770884E-11
2202 .6770788E-11
2203 .6770703E-11
2204 .6770619E-11
2205 .6770536E-11
2206 .6770456E-11
2207 .6770380E-11
2208 .6770308E-11
2209 .6770240E-11
2210 .6770176E-11
2211 .6770116E-11
2212 .6770054E-11
2213 .6770000E-11
2214 .6769948E-11
2215 .6769898E-11
2216 .6769857E-11
2217 .6769813E-11
2218 .6769769E-11
2219 .6769738E-11
2220 .6769704E-11
2221 .6769676E-11
2222 .6769654E-11
2223 .6769626E-11
2224 .6769609E-11
2225 .6769598E-11
2226 .6769585E-11
2227 .6769572E-11
2228 .6769567E-11
2229 .6769561E-11
2230 .6769566E-11
2231 .6769567E-11
2232 .6769578E-11
2233 .6769587E-11
2234 .6769601E-11
2235 .6769624E-11
2236 .6769639E-11
2237 .6769662E-11
2238 .6769689E-11
2239 .6769719E-11
2240 .6769751E-11
2241 .6769792E-11
2242 .6769825E-11
2243 .6769867E-11
2244 .6769911E-11
2245 .6769964E-11
2246 .6770016E-11
2247 .6770069E-11
2248 .6770126E-11
2249 .6770190E-11
2250 .6770259E-11
2251 .6770321E-11
2252 .6770396E-11
2253 .6770463E-11
2254 .6770544E-11
2255 .6770620E-11
2256 .6770705E-11
2257 .6770792E-11
2258 .6770881E-11
2259 .6770971E-11
2260 .6771062E-11
2261 .6771160E-11
2262 .6771265E-11
2263 .6771368E-11
2264 .6771473E-11
2265 .6771585E-11
2266 .6771692E-11
2267 .6771811E-11
2268 .6771929E-11
2269 .6772047E-11
2270 .6772174E-11
2271 .6772299E-11
2272 .6772427E-11
2273 .6772563E-11
2274 .6772700E-11
2275 .6772841E-11
2276 .6772976E-11
2277 .6773124E-11
2278 .6773265E-11
2279 .6773417E-11
2280 .6773569E-11
2281 .6773725E-11
2282 .6773881E-11
2283 .6774042E-11
2284 .6774203E-11
2285 .6774368E-11
2286 .6774538E-11
2287 .6774707E-11
2288 .6774879E-11
2289 .6775056E-11
2290 .6775232E-11
2291 .6775414E-11
2292 .6775600E-11
2293 .6775788E-11
2294 .6775976E-11
2295 .6776169E-11
2296 .6776363E-11
2297 .6776559E-11
2298 .6776753E-11
2299 .6776962E-11
2300 .6777164E-11
2301 .6777373E-11
2302 .6777582E-11
2303 .6777794E-11
2304 .6778007E-11
2305 .6778222E-11
2306 .6778442E-11
2307 .6778665E-11
2308 .6778889E-11
2309 .6779118E-11
2310 .6779341E-11
2311 .6779578E-11
2312 .6779810E-11
2313 .6780043E-11
2314 .6780284E-11
2315 .6780525E-11
2316 .6780769E-11
2317 .6781014E-11
2318 .6781257E-11
2319 .6781513E-11
2320 .6781763E-11
2321 .6782021E-11
2322 .6782277E-11
2323 .6782533E-11
2324 .6782800E-11
2325 .6783057E-11
2326 .6783325E-11
2327 .6783587E-11
2328 .6783862E-11
2329 .6784136E-11
2330 .6784410E-11
2331 .6784685E-11
2332 .6784961E-11
2333 .6785246E-11
2334 .6785530E-11
2335 .6785814E-11
2336 .6786100E-11
2337 .6786390E-11
2338 .6786684E-11
2339 .6786977E-11
2340 .6787266E-11
2341 .6787569E-11
2342 .6787870E-11
2343 .6788171E-11
2344 .6788476E-11
2345 .6788784E-11
2346 .6789088E-11
2347 .6789402E-11
2348 .6789716E-11
2349 .6790024E-11
2350 .6790338E-11
2351 .6790657E-11
2352 .6790976E-11
2353 .6791296E-11
2354 .6791623E-11
2355 .6791954E-11
2356 .6792271E-11
2357 .6792603E-11
2358 .6792930E-11
2359 .6793262E-11
2360 .6793601E-11
2361 .6793939E-11
2362 .6794279E-11
2363 .6794610E-11
2364 .6794957E-11
2365 .6795299E-11
2366 .6795647E-11
2367 .6795995E-11
2368 .6796342E-11
2369 .6796688E-11
2370 .6797049E-11
2371 .6797398E-11
2372 .6797754E-11
2373 .6798112E-11
2374 .6798471E-11
2375 .6798833E-11
2376 .6799191E-11
2377 .6799556E-11
2378 .6799919E-11
2379 .6800293E-11
2380 .6800656E-11
2381 .6801030E-11
2382 .6801402E-11
2383 .6801774E-11
2384 .6802151E-11
2385 .6802529E-11
2386 .6802906E-11
2387 .6803283E-11
2388 .6803665E-11
2389 .6804050E-11
2390 .6804437E-11
2391 .6804819E-11
2392 .6805203E-11
2393 .6805593E-11
2394 .6805986E-11
2395 .6806373E-11
2396 .6806767E-11
2397 .6807165E-11
2398 .6807560E-11
2399 .6807955E-11
2400 .6808359E-11
2401 .6808759E-11
2402 .6809149E-11
2403 .6809561E-11
2404 .6809965E-11
2405 .6810371E-11
2406 .6810771E-11
2407 .6811182E-11
2408 .6811596E-11
2409 .6812001E-11
2410 .6812416E-11
2411 .6812825E-11
2412 .6813240E-11
2413 .6813663E-11
2414 .6814071E-11
2415 .6814488E-11
2416 .6814911E-11
2417 .6815330E-11
2418 .6815750E-11
2419 .6816173E-11
2420 .6816594E-11
2421 .6817025E-11
2422 .6817448E-11
2423 .6817878E-11
2424 .6818304E-11
2425 .6818734E-11
2426 .6819164E-11
2427 .6819596E-11
2428 .6820029E-11
2429 .6820463E-11
2430 .6820896E-11
2431 .6821333E-11
2432 .6821767E-11
2433 .6822206E-11
2434 .6822644E-11
2435 .6823086E-11
2436 .6823526E-11
2437 .6823967E-11
2438 .6824408E-11
2439 .6824858E-11
2440 .6825295E-11
2441 .6825743E-11
2442 .6826190E-11
2443 .6826638E-11
2444 .6827087E-11
2445 .6827534E-11
2446 .6827982E-11
2447 .6828435E-11
2448 .6828886E-11
2449 .6829333E-11
2450 .6829793E-11
2451 .6830240E-11
2452 .6830698E-11
2453 .6831148E-11
2454 .6831610E-11
2455 .6832060E-11
2456 .6832521E-11
2457 .6832983E-11
2458 .6833442E-11
2459 .6833899E-11
2460 .6834363E-11
2461 .6834815E-11
2462 .6835281E-11
2463 .6835748E-11
2464 .6836209E-11
2465 .6836669E-11
2466 .6837139E-11
2467 .6837601E-11
2468 .6838071E-11
2469 .6838531E-11
2470 .6839001E-11
2471 .6839466E-11
2472 .6839932E-11
2473 .6840406E-11
2474 .6840873E-11
2475 .6841344E-11
2476 .6841816E-11
2477 .6842281E-11
2478 .6842752E-11
2479 .6843222E-11
2480 .6843697E-11
2481 .6844169E-11
2482 .6844642E-11
2483 .6845114E-11
2484 .6845588E-11
2485 .6846063E-11
2486 .6846538E-11
2487 .6847013E-11
2488 .6847490E-11
2489 .6847961E-11
2490 .6848439E-11
2491 .6848914E-11
2492 .6849389E-11
2493 .6849871E-11
2494 .6850347E-11
2495 .6850825E-11
2496 .6851300E-11
2497 .6851780E-11
2498 .6852258E-11
2499 .6852734E-11
2500 .6853218E-11
