 71.0    1000.00   .4214715E-15
 71.0    1010.00   .1624936E-14
 71.0    1020.00   .4378444E-14
 71.0    1030.00   .9678719E-14
 71.0    1040.00   .1881097E-13
 71.0    1050.00   .3335326E-13
 71.0    1060.00   .5516501E-13
 71.0    1070.00   .8635791E-13
 71.0    1080.00   .1292487E-12
 71.0    1090.00   .1862932E-12
 71.0    1100.00   .2600019E-12
 71.0    1110.00   .3528401E-12
 71.0    1120.00   .4671122E-12
 71.0    1130.00   .6048367E-12
 71.0    1140.00   .7676125E-12
 71.0    1150.00   .9564854E-12
 71.0    1160.00   .1171814E-11
 71.0    1170.00   .1413153E-11
 71.0    1180.00   .1679141E-11
 71.0    1190.00   .1967423E-11
 71.0    1200.00   .2274595E-11
 71.0    1210.00   .2596182E-11
 71.0    1220.00   .2926668E-11
 71.0    1230.00   .3259554E-11
 71.0    1240.00   .3587479E-11
 71.0    1250.00   .3902384E-11
 71.0    1260.00   .4196536E-11
 71.0    1270.00   .4465602E-11
 71.0    1280.00   .4707033E-11
 71.0    1290.00   .4919369E-11
 71.0    1300.00   .5102213E-11
 71.0    1310.00   .5256161E-11
 71.0    1320.00   .5382716E-11
 71.0    1330.00   .5484180E-11
 71.0    1340.00   .5563519E-11
 71.0    1350.00   .5624270E-11
 71.0    1360.00   .5670389E-11
 71.0    1370.00   .5706185E-11
 71.0    1380.00   .5736113E-11
 71.0    1390.00   .5762955E-11
 71.0    1400.00   .5787659E-11
 71.0    1410.00   .5811101E-11
 71.0    1420.00   .5834139E-11
 71.0    1430.00   .5857644E-11
 71.0    1440.00   .5882495E-11
 71.0    1450.00   .5909573E-11
 71.0    1460.00   .5939792E-11
 71.0    1470.00   .5974085E-11
 71.0    1480.00   .6013413E-11
 71.0    1490.00   .6058796E-11
 71.0    1500.00   .6111285E-11
 71.0    1510.00   .6171811E-11
 71.0    1520.00   .6240546E-11
 71.0    1530.00   .6317489E-11
 71.0    1540.00   .6402626E-11
 71.0    1550.00   .6495958E-11
 71.0    1560.00   .6597470E-11
 71.0    1570.00   .6707162E-11
 71.0    1580.00   .6825015E-11
 71.0    1590.00   .6951021E-11
 71.0    1600.00   .7085153E-11
 71.0    1610.00   .7227387E-11
 71.0    1620.00   .7377680E-11
 71.0    1630.00   .7535988E-11
 71.0    1640.00   .7702241E-11
 71.0    1650.00   .7876370E-11
 71.0    1660.00   .8058269E-11
 71.0    1670.00   .8247830E-11
 71.0    1680.00   .8444909E-11
 71.0    1690.00   .8649349E-11
 71.0    1700.00   .8860953E-11
 71.0    1710.00   .9079511E-11
 71.0    1720.00   .9304763E-11
 71.0    1730.00   .9536431E-11
 71.0    1740.00   .9774185E-11
 71.0    1750.00   .1001767E-10
 71.0    1760.00   .1026651E-10
 71.0    1770.00   .1052045E-10
 71.0    1780.00   .1077924E-10
 71.0    1790.00   .1104257E-10
 71.0    1800.00   .1131013E-10
 71.0    1810.00   .1158157E-10
 71.0    1820.00   .1185647E-10
 71.0    1830.00   .1213440E-10
 71.0    1840.00   .1241490E-10
 71.0    1850.00   .1269745E-10
 71.0    1860.00   .1298151E-10
 71.0    1870.00   .1326646E-10
 71.0    1880.00   .1355169E-10
 71.0    1890.00   .1383652E-10
 71.0    1900.00   .1412022E-10
 71.0    1910.00   .1440205E-10
 71.0    1920.00   .1468122E-10
 71.0    1930.00   .1495689E-10
 71.0    1940.00   .1522818E-10
 71.0    1950.00   .1549420E-10
 71.0    1960.00   .1575402E-10
 71.0    1970.00   .1600666E-10
 71.0    1980.00   .1625113E-10
 71.0    1990.00   .1648641E-10
 71.0    2000.00   .1671146E-10
 71.0    2010.00   .1692537E-10
 71.0    2020.00   .1712776E-10
 71.0    2030.00   .1731846E-10
 71.0    2040.00   .1749725E-10
 71.0    2050.00   .1766403E-10
 71.0    2060.00   .1781866E-10
 71.0    2070.00   .1796107E-10
 71.0    2080.00   .1809119E-10
 71.0    2090.00   .1820900E-10
 71.0    2100.00   .1831451E-10
 71.0    2110.00   .1840773E-10
 71.0    2120.00   .1848872E-10
 71.0    2130.00   .1855756E-10
 71.0    2140.00   .1861433E-10
 71.0    2150.00   .1865918E-10
 71.0    2160.00   .1869223E-10
 71.0    2170.00   .1871366E-10
 71.0    2180.00   .1872364E-10
 71.0    2190.00   .1872238E-10
 71.0    2200.00   .1871008E-10
 71.0    2210.00   .1868700E-10
 71.0    2220.00   .1865335E-10
 71.0    2230.00   .1860942E-10
 71.0    2240.00   .1855546E-10
 71.0    2250.00   .1849176E-10
 71.0    2260.00   .1841886E-10
 71.0    2270.00   .1833846E-10
 71.0    2280.00   .1825249E-10
 71.0    2290.00   .1816290E-10
 71.0    2300.00   .1807163E-10
 71.0    2310.00   .1798062E-10
 71.0    2320.00   .1789179E-10
 71.0    2330.00   .1780704E-10
 71.0    2340.00   .1772829E-10
 71.0    2350.00   .1765743E-10
 71.0    2360.00   .1759637E-10
 71.0    2370.00   .1754699E-10
 71.0    2380.00   .1751122E-10
 71.0    2390.00   .1749097E-10
 71.0    2400.00   .1748820E-10
 71.0    2410.00   .1750489E-10
 71.0    2420.00   .1754307E-10
 71.0    2430.00   .1760482E-10
 71.0    2440.00   .1769231E-10
 71.0    2450.00   .1780779E-10
 71.0    2460.00   .1795361E-10
 71.0    2470.00   .1813223E-10
 71.0    2480.00   .1834630E-10
 71.0    2490.00   .1859860E-10
 71.0    2500.00   .1889212E-10
 71.0    2510.00   .1620535E-10
 71.0    2520.00   .1794821E-10
 71.0    2530.00   .2046241E-10
 71.0    2540.00   .2543534E-10
 71.0    2550.00   .2924511E-10
 71.0    2560.00   .3058745E-10
 71.0    2570.00   .3622713E-10
 71.0    2580.00   .3248604E-10
 71.0    2590.00   .3754915E-10
 71.0    2600.00   .3947635E-10
 71.0    2610.00   .3570118E-10
 71.0    2620.00   .3649460E-10
 71.0    2630.00   .3173698E-10
 71.0    2640.00   .2514753E-10
 71.0    2650.00   .2462812E-10
 71.0    2660.00   .2205601E-10
 71.0    2670.00   .2258216E-10
 71.0    2680.00   .2616798E-10
 71.0    2690.00   .3994138E-10
 71.0    2700.00   .6195435E-10
 71.0    2710.00   .8896186E-10
 71.0    2720.00   .1062045E-09
 71.0    2730.00   .1084190E-09
 71.0    2740.00   .1075129E-09
 71.0    2750.00   .1125929E-09
 71.0    2760.00   .1111031E-09
 71.0    2770.00   .1145262E-09
 71.0    2780.00   .1109998E-09
 71.0    2790.00   .1279310E-09
 71.0    2800.00   .1273656E-09
 71.0    2810.00   .1245961E-09
 71.0    2820.00   .1246188E-09
 71.0    2830.00   .1185419E-09
 71.0    2840.00   .1103938E-09
 71.0    2850.00   .1155624E-09
 71.0    2860.00   .1137253E-09
 71.0    2870.00   .1161614E-09
 71.0    2880.00   .1164382E-09
 71.0    2890.00   .1228647E-09
 71.0    2900.00   .1394820E-09
 71.0    2910.00   .1487404E-09
 71.0    2920.00   .1633865E-09
 71.0    2930.00   .1701761E-09
 71.0    2940.00   .1746787E-09
 71.0    2950.00   .1805609E-09
 71.0    2960.00   .1736743E-09
 71.0    2970.00   .1688076E-09
 71.0    2980.00   .1666072E-09
 71.0    2990.00   .1613647E-09
 71.0    3000.00   .1488704E-09
 71.0    3010.00   .1439637E-09
 71.0    3020.00   .1334864E-09
 71.0    3030.00   .1356105E-09
 71.0    3040.00   .1408164E-09
 71.0    3050.00   .1399198E-09
 71.0    3060.00   .1412595E-09
 71.0    3070.00   .1361333E-09
 71.0    3080.00   .1434579E-09
 71.0    3090.00   .1430566E-09
 71.0    3100.00   .1263518E-09
 71.0    3110.00   .1297525E-09
 71.0    3120.00   .1437496E-09
 71.0    3130.00   .1412894E-09
 71.0    3140.00   .1471068E-09
 71.0    3150.00   .1465264E-09
 71.0    3160.00   .1519988E-09
 71.0    3170.00   .1554441E-09
 71.0    3180.00   .1727864E-09
 71.0    3190.00   .1761848E-09
 71.0    3200.00   .1890821E-09
 71.0    3210.00   .1773240E-09
 71.0    3220.00   .1732761E-09
 71.0    3230.00   .1555582E-09
 71.0    3240.00   .1516057E-09
 71.0    3250.00   .1451829E-09
 71.0    3260.00   .1364750E-09
 71.0    3270.00   .1317771E-09
 71.0    3280.00   .1261235E-09
 71.0    3290.00   .1220232E-09
 71.0    3300.00   .1271693E-09
 71.0    3310.00   .1256495E-09
 71.0    3320.00   .1359278E-09
 71.0    3330.00   .1346790E-09
 71.0    3340.00   .1377197E-09
 71.0    3350.00   .1353293E-09
 71.0    3360.00   .1348328E-09
 71.0    3370.00   .1391000E-09
 71.0    3380.00   .1381210E-09
 71.0    3390.00   .1402091E-09
 71.0    3400.00   .1469305E-09
 71.0    3410.00   .1471960E-09
 71.0    3420.00   .1634160E-09
 71.0    3430.00   .1737212E-09
 71.0    3440.00   .1733178E-09
 71.0    3450.00   .1756522E-09
 71.0    3460.00   .1654700E-09
 71.0    3470.00   .1706587E-09
 71.0    3480.00   .1704786E-09
 71.0    3490.00   .1694686E-09
 71.0    3500.00   .1619516E-09
 71.0    3510.00   .1710755E-09
 71.0    3520.00   .1791912E-09
 71.0    3530.00   .1937533E-09
 71.0    3540.00   .2084683E-09
 71.0    3550.00   .2205225E-09
 71.0    3560.00   .2223499E-09
 71.0    3570.00   .2212313E-09
 71.0    3580.00   .2292143E-09
 71.0    3590.00   .2288522E-09
 71.0    3600.00   .2382446E-09
 71.0    3610.00   .2374022E-09
 71.0    3620.00   .2402678E-09
 71.0    3630.00   .2310544E-09
 71.0    3640.00   .2182614E-09
 71.0    3650.00   .2229037E-09
 71.0    3660.00   .2319047E-09
 71.0    3670.00   .2532584E-09
 71.0    3680.00   .2741622E-09
 71.0    3690.00   .3022532E-09
 71.0    3700.00   .3367177E-09
 71.0    3710.00   .3601420E-09
 71.0    3720.00   .3722212E-09
 71.0    3730.00   .3789910E-09
 71.0    3740.00   .3648005E-09
 71.0    3750.00   .3398617E-09
 71.0    3760.00   .3194349E-09
 71.0    3770.00   .2847770E-09
 71.0    3780.00   .2447301E-09
 71.0    3790.00   .2015711E-09
 71.0    3800.00   .1732004E-09
 71.0    3810.00   .1485608E-09
 71.0    3820.00   .1345824E-09
 71.0    3830.00   .1206807E-09
 71.0    3840.00   .1279185E-09
 71.0    3850.00   .1358751E-09
 71.0    3860.00   .1567264E-09
 71.0    3870.00   .1840727E-09
 71.0    3880.00   .2260593E-09
 71.0    3890.00   .2620736E-09
 71.0    3900.00   .2964735E-09
 71.0    3910.00   .3215873E-09
 71.0    3920.00   .3617287E-09
 71.0    3930.00   .3810965E-09
 71.0    3940.00   .4175682E-09
 71.0    3950.00   .4398491E-09
 71.0    3960.00   .4648149E-09
 71.0    3970.00   .4854648E-09
 71.0    3980.00   .5099021E-09
 71.0    3990.00   .5266399E-09
 71.0    4000.00   .5123606E-09
 71.0    4010.00   .4992569E-09
 71.0    4020.00   .4629446E-09
 71.0    4030.00   .4460722E-09
 71.0    4040.00   .3984822E-09
 71.0    4050.00   .3795894E-09
 71.0    4060.00   .3480041E-09
 71.0    4070.00   .3434195E-09
 71.0    4080.00   .3263051E-09
 71.0    4090.00   .3198608E-09
 71.0    4100.00   .3105242E-09
 71.0    4110.00   .2953188E-09
 71.0    4120.00   .2784823E-09
 71.0    4130.00   .2725855E-09
 71.0    4140.00   .2643503E-09
 71.0    4150.00   .2644289E-09
 71.0    4160.00   .2620139E-09
 71.0    4170.00   .2567390E-09
 71.0    4180.00   .2587544E-09
 71.0    4190.00   .2660951E-09
 71.0    4200.00   .2713450E-09
 71.0    4210.00   .2751856E-09
 71.0    4220.00   .2916169E-09
 71.0    4230.00   .2818389E-09
 71.0    4240.00   .2840530E-09
 71.0    4250.00   .2891839E-09
 71.0    4260.00   .3002113E-09
 71.0    4270.00   .2869634E-09
 71.0    4280.00   .2950842E-09
 71.0    4290.00   .2954317E-09
 71.0    4300.00   .2944096E-09
 71.0    4310.00   .3119603E-09
 71.0    4320.00   .3047844E-09
 71.0    4330.00   .3221064E-09
 71.0    4340.00   .3132577E-09
 71.0    4350.00   .3128263E-09
 71.0    4360.00   .3171863E-09
 71.0    4370.00   .2928659E-09
 71.0    4380.00   .2595227E-09
 71.0    4390.00   .2409750E-09
 71.0    4400.00   .2297920E-09
 71.0    4410.00   .2046416E-09
 71.0    4420.00   .1919872E-09
 71.0    4430.00   .1757359E-09
 71.0    4440.00   .1708459E-09
 71.0    4450.00   .1687139E-09
 71.0    4460.00   .1683994E-09
 71.0    4470.00   .1732813E-09
 71.0    4480.00   .1781181E-09
 71.0    4490.00   .1871617E-09
 71.0    4500.00   .1993524E-09
 71.0    4510.00   .2134827E-09
 71.0    4520.00   .2262127E-09
 71.0    4530.00   .2515522E-09
 71.0    4540.00   .2685491E-09
 71.0    4550.00   .2905815E-09
 71.0    4560.00   .3182479E-09
 71.0    4570.00   .3363852E-09
 71.0    4580.00   .3759711E-09
 71.0    4590.00   .4002162E-09
 71.0    4600.00   .4440855E-09
 71.0    4610.00   .4598004E-09
 71.0    4620.00   .4743600E-09
 71.0    4630.00   .4772748E-09
 71.0    4640.00   .4970953E-09
 71.0    4650.00   .5059280E-09
 71.0    4660.00   .5021233E-09
 71.0    4670.00   .4939551E-09
 71.0    4680.00   .4597940E-09
 71.0    4690.00   .4331767E-09
 71.0    4700.00   .3686935E-09
 71.0    4710.00   .3488008E-09
 71.0    4720.00   .3027059E-09
 71.0    4730.00   .2731605E-09
 71.0    4740.00   .2461774E-09
 71.0    4750.00   .2327655E-09
 71.0    4760.00   .2184058E-09
 71.0    4770.00   .2041288E-09
 71.0    4780.00   .1973982E-09
 71.0    4790.00   .2085842E-09
 71.0    4800.00   .2165711E-09
 71.0    4810.00   .2239984E-09
 71.0    4820.00   .2336641E-09
 71.0    4830.00   .2442544E-09
 71.0    4840.00   .2560328E-09
 71.0    4850.00   .2606328E-09
 71.0    4860.00   .2573343E-09
 71.0    4870.00   .2557333E-09
 71.0    4880.00   .2543701E-09
 71.0    4890.00   .2563627E-09
 71.0    4900.00   .2640667E-09
 71.0    4910.00   .2758354E-09
 71.0    4920.00   .2942346E-09
 71.0    4930.00   .3166704E-09
 71.0    4940.00   .3556486E-09
 71.0    4950.00   .3725248E-09
 71.0    4960.00   .3836067E-09
 71.0    4970.00   .3906377E-09
 71.0    4980.00   .3808065E-09
 71.0    4990.00   .3632011E-09
 71.0    5000.00   .3421359E-09
 71.0    5010.00   .3149205E-09
 71.0    5020.00   .2911634E-09
 71.0    5030.00   .2541643E-09
 71.0    5040.00   .2413896E-09
 71.0    5050.00   .2323762E-09
 71.0    5060.00   .2281786E-09
 71.0    5070.00   .2234989E-09
 71.0    5080.00   .2207971E-09
 71.0    5090.00   .2198151E-09
 71.0    5100.00   .2203090E-09
 71.0    5110.00   .2236184E-09
 71.0    5120.00   .2251756E-09
 71.0    5130.00   .2200847E-09
 71.0    5140.00   .2187497E-09
 71.0    5150.00   .2166246E-09
 71.0    5160.00   .2196390E-09
 71.0    5170.00   .2258127E-09
 71.0    5180.00   .2413604E-09
 71.0    5190.00   .2553921E-09
 71.0    5200.00   .2688592E-09
 71.0    5210.00   .2626486E-09
 71.0    5220.00   .2794923E-09
 71.0    5230.00   .3210143E-09
 71.0    5240.00   .3200701E-09
 71.0    5250.00   .3386016E-09
 71.0    5260.00   .3306765E-09
 71.0    5270.00   .3459383E-09
 71.0    5280.00   .4012079E-09
 71.0    5290.00   .4084217E-09
 71.0    5300.00   .3810017E-09
 71.0    5310.00   .4431645E-09
 71.0    5320.00   .4423081E-09
 71.0    5330.00   .4315092E-09
 71.0    5340.00   .4231296E-09
 71.0    5350.00   .4220982E-09
 71.0    5360.00   .3973114E-09
 71.0    5370.00   .3996045E-09
 71.0    5380.00   .3941665E-09
 71.0    5390.00   .3664040E-09
 71.0    5400.00   .4235010E-09
 71.0    5410.00   .4147474E-09
 71.0    5420.00   .3880600E-09
 71.0    5430.00   .3779912E-09
 71.0    5440.00   .4378377E-09
 71.0    5450.00   .4658873E-09
 71.0    5460.00   .4720998E-09
 71.0    5470.00   .5478609E-09
 71.0    5480.00   .5370966E-09
 71.0    5490.00   .5573962E-09
 71.0    5500.00   .5991999E-09
 71.0    5510.00   .6159479E-09
 71.0    5520.00   .6152699E-09
 71.0    5530.00   .5492341E-09
 71.0    5540.00   .5683308E-09
 71.0    5550.00   .5634008E-09
 71.0    5560.00   .5485462E-09
 71.0    5570.00   .5455629E-09
 71.0    5580.00   .4842484E-09
 71.0    5590.00   .4650537E-09
 71.0    5600.00   .4381869E-09
 71.0    5610.00   .3924931E-09
 71.0    5620.00   .3627203E-09
 71.0    5630.00   .3452165E-09
 71.0    5640.00   .3209152E-09
 71.0    5650.00   .2848907E-09
 71.0    5660.00   .2595382E-09
 71.0    5670.00   .2145582E-09
 71.0    5680.00   .2034561E-09
 71.0    5690.00   .1892502E-09
 71.0    5700.00   .2005275E-09
 71.0    5710.00   .1922984E-09
 71.0    5720.00   .1969987E-09
 71.0    5730.00   .2078120E-09
 71.0    5740.00   .2039896E-09
 71.0    5750.00   .2147641E-09
 71.0    5760.00   .2089704E-09
 71.0    5770.00   .2420606E-09
 71.0    5780.00   .2824673E-09
 71.0    5790.00   .2923694E-09
 71.0    5800.00   .3322133E-09
 71.0    5810.00   .3567068E-09
 71.0    5820.00   .3894310E-09
 71.0    5830.00   .3942396E-09
 71.0    5840.00   .4151967E-09
 71.0    5850.00   .4073566E-09
 71.0    5860.00   .4457457E-09
 71.0    5870.00   .4405315E-09
 71.0    5880.00   .3940938E-09
 71.0    5890.00   .2675823E-09
 71.0    5900.00   .3730840E-09
 71.0    5910.00   .3961952E-09
 71.0    5920.00   .4071981E-09
 71.0    5930.00   .3410562E-09
 71.0    5940.00   .3323294E-09
 71.0    5950.00   .3210329E-09
 71.0    5960.00   .3106987E-09
 71.0    5970.00   .2865960E-09
 71.0    5980.00   .2897520E-09
 71.0    5990.00   .2881367E-09
 71.0    6000.00   .2503738E-09
 71.0    6010.00   .2648146E-09
 71.0    6020.00   .2623834E-09
 71.0    6030.00   .2654057E-09
 71.0    6040.00   .2631642E-09
 71.0    6050.00   .2832827E-09
 71.0    6060.00   .3052030E-09
 71.0    6070.00   .2950271E-09
 71.0    6080.00   .3093494E-09
 71.0    6090.00   .2932451E-09
 71.0    6100.00   .2969845E-09
 71.0    6110.00   .2939329E-09
 71.0    6120.00   .2807078E-09
 71.0    6130.00   .2760896E-09
 71.0    6140.00   .3095489E-09
 71.0    6150.00   .2969280E-09
 71.0    6160.00   .2825975E-09
 71.0    6170.00   .2545925E-09
 71.0    6180.00   .2709425E-09
 71.0    6190.00   .2890615E-09
 71.0    6200.00   .2782894E-09
 71.0    6210.00   .2658500E-09
 71.0    6220.00   .2926916E-09
 71.0    6230.00   .2890556E-09
 71.0    6240.00   .2765753E-09
 71.0    6250.00   .3016450E-09
 71.0    6260.00   .2814346E-09
 71.0    6270.00   .2611059E-09
 71.0    6280.00   .2550379E-09
 71.0    6290.00   .2442495E-09
 71.0    6300.00   .2371026E-09
 71.0    6310.00   .2329658E-09
 71.0    6320.00   .2312933E-09
 71.0    6330.00   .2350582E-09
 71.0    6340.00   .2441528E-09
 71.0    6350.00   .2538629E-09
 71.0    6360.00   .2615055E-09
 71.0    6370.00   .2744809E-09
 71.0    6380.00   .2837259E-09
 71.0    6390.00   .3024079E-09
 71.0    6400.00   .3233658E-09
 71.0    6410.00   .3449089E-09
 71.0    6420.00   .3694356E-09
 71.0    6430.00   .3915495E-09
 71.0    6440.00   .4156597E-09
 71.0    6450.00   .4381603E-09
 71.0    6460.00   .4597698E-09
 71.0    6470.00   .4785237E-09
 71.0    6480.00   .4911480E-09
 71.0    6490.00   .5102459E-09
 71.0    6500.00   .5247496E-09
 71.0    6510.00   .5357795E-09
 71.0    6520.00   .5432935E-09
 71.0    6530.00   .5491744E-09
 71.0    6540.00   .5554172E-09
 71.0    6550.00   .5605428E-09
 71.0    6560.00   .5617509E-09
 71.0    6570.00   .5592422E-09
 71.0    6580.00   .5579950E-09
 71.0    6590.00   .5542784E-09
 71.0    6600.00   .5461999E-09
 71.0    6610.00   .5350311E-09
 71.0    6620.00   .5196104E-09
 71.0    6630.00   .5092634E-09
 71.0    6640.00   .4918545E-09
 71.0    6650.00   .4727322E-09
 71.0    6660.00   .4533315E-09
 71.0    6670.00   .4328955E-09
 71.0    6680.00   .4198525E-09
 71.0    6690.00   .4010561E-09
 71.0    6700.00   .3825011E-09
 71.0    6710.00   .3653802E-09
 71.0    6720.00   .3506761E-09
 71.0    6730.00   .3382631E-09
 71.0    6740.00   .3238010E-09
 71.0    6750.00   .3086924E-09
 71.0    6760.00   .2994759E-09
 71.0    6770.00   .2896404E-09
 71.0    6780.00   .2812853E-09
 71.0    6790.00   .2735502E-09
 71.0    6800.00   .2675047E-09
 71.0    6810.00   .2631566E-09
 71.0    6820.00   .2580460E-09
 71.0    6830.00   .2557539E-09
 71.0    6840.00   .2614915E-09
 71.0    6850.00   .2554158E-09
 71.0    6860.00   .2363432E-09
 71.0    6870.00   .2292280E-09
 71.0    6880.00   .2256138E-09
 71.0    6890.00   .2378804E-09
 71.0    6900.00   .2466399E-09
 71.0    6910.00   .2542939E-09
 71.0    6920.00   .2635258E-09
 71.0    6930.00   .2696225E-09
 71.0    6940.00   .2722359E-09
 71.0    6950.00   .2744676E-09
 71.0    6960.00   .2799947E-09
 71.0    6970.00   .2835650E-09
 71.0    6980.00   .2837658E-09
 71.0    6990.00   .2835673E-09
 71.0    7000.00   .2955587E-09
 71.0    7010.00   .3091561E-09
 71.0    7020.00   .3060803E-09
 71.0    7030.00   .3088222E-09
 71.0    7040.00   .3024541E-09
 71.0    7050.00   .2989735E-09
 71.0    7060.00   .3058864E-09
 71.0    7070.00   .2965470E-09
 71.0    7080.00   .2965559E-09
 71.0    7090.00   .3051482E-09
 71.0    7100.00   .3077062E-09
 71.0    7110.00   .3046899E-09
 71.0    7120.00   .3133413E-09
 71.0    7130.00   .3156269E-09
 71.0    7140.00   .3175516E-09
 71.0    7150.00   .3247636E-09
 71.0    7160.00   .3235162E-09
 71.0    7170.00   .3285828E-09
 71.0    7180.00   .3509430E-09
 71.0    7190.00   .3664715E-09
 71.0    7200.00   .3806945E-09
 71.0    7210.00   .3759199E-09
 71.0    7220.00   .3741019E-09
 71.0    7230.00   .3823801E-09
 71.0    7240.00   .4019873E-09
 71.0    7250.00   .4168742E-09
 71.0    7260.00   .4525887E-09
 71.0    7270.00   .4458032E-09
 71.0    7280.00   .4294180E-09
 71.0    7290.00   .4203885E-09
 71.0    7300.00   .4254131E-09
 71.0    7310.00   .4287403E-09
 71.0    7320.00   .4244944E-09
 71.0    7330.00   .4132545E-09
 71.0    7340.00   .4078869E-09
 71.0    7350.00   .4022900E-09
 71.0    7360.00   .3968272E-09
 71.0    7370.00   .3962138E-09
 71.0    7380.00   .3928367E-09
 71.0    7390.00   .3911090E-09
 71.0    7400.00   .3908745E-09
 71.0    7410.00   .3898092E-09
 71.0    7420.00   .3963056E-09
 71.0    7430.00   .3948521E-09
 71.0    7440.00   .3919371E-09
 71.0    7450.00   .3903649E-09
 71.0    7460.00   .3883983E-09
 71.0    7470.00   .3848776E-09
 71.0    7480.00   .3758582E-09
 71.0    7490.00   .3585213E-09
 71.0    7500.00   .3441346E-09
 71.0    7510.00   .3334979E-09
 71.0    7520.00   .3088839E-09
 71.0    7530.00   .2913589E-09
 71.0    7540.00   .2747566E-09
 71.0    7550.00   .2642873E-09
 71.0    7560.00   .2459534E-09
 71.0    7570.00   .2175877E-09
 71.0    7580.00   .2110058E-09
 71.0    7590.00   .2069344E-09
 71.0    7600.00   .2024723E-09
 71.0    7610.00   .1602582E-09
 71.0    7620.00   .7995453E-10
 71.0    7630.00   .1268295E-09
 71.0    7640.00   .1516361E-09
 71.0    7650.00   .1303133E-09
 71.0    7660.00   .1550780E-09
 71.0    7670.00   .1813749E-09
 71.0    7680.00   .2155249E-09
 71.0    7690.00   .2265288E-09
 71.0    7700.00   .2355261E-09
 71.0    7710.00   .2472351E-09
 71.0    7720.00   .2474901E-09
 71.0    7730.00   .2398196E-09
 71.0    7740.00   .2522614E-09
 71.0    7750.00   .2468735E-09
 71.0    7760.00   .2361177E-09
 71.0    7770.00   .2410968E-09
 71.0    7780.00   .2385732E-09
 71.0    7790.00   .2365027E-09
 71.0    7800.00   .2217492E-09
 71.0    7810.00   .2192416E-09
 71.0    7820.00   .2182525E-09
 71.0    7830.00   .2006589E-09
 71.0    7840.00   .1983404E-09
 71.0    7850.00   .1966541E-09
 71.0    7860.00   .1873256E-09
 71.0    7870.00   .1731599E-09
 71.0    7880.00   .1689523E-09
 71.0    7890.00   .1597820E-09
 71.0    7900.00   .1492383E-09
 71.0    7910.00   .1430030E-09
 71.0    7920.00   .1405261E-09
 71.0    7930.00   .1299331E-09
 71.0    7940.00   .1205082E-09
 71.0    7950.00   .1130967E-09
 71.0    7960.00   .1118605E-09
 71.0    7970.00   .1084582E-09
 71.0    7980.00   .9878263E-10
 71.0    7990.00   .9410683E-10
 71.0    8000.00   .9075855E-10
 71.0    8010.00   .9154715E-10
 71.0    8020.00   .8435354E-10
 71.0    8030.00   .8225342E-10
 71.0    8040.00   .7967146E-10
 71.0    8050.00   .7936556E-10
 71.0    8060.00   .7846295E-10
 71.0    8070.00   .7952308E-10
 71.0    8080.00   .7626576E-10
 71.0    8090.00   .7005074E-10
 71.0    8100.00   .7408057E-10
 71.0    8110.00   .7052058E-10
 71.0    8120.00   .7194425E-10
 71.0    8130.00   .6871568E-10
 71.0    8140.00   .7217818E-10
 71.0    8150.00   .6717395E-10
 71.0    8160.00   .6494911E-10
 71.0    8170.00   .6894920E-10
 71.0    8180.00   .6185221E-10
 71.0    8190.00   .5943832E-10
 71.0    8200.00   .5698907E-10
 71.0    8210.00   .5079315E-10
 71.0    8220.00   .4667108E-10
 71.0    8230.00   .4097773E-10
 71.0    8240.00   .3542975E-10
 71.0    8250.00   .2596548E-10
 71.0    8260.00   .2519976E-10
 71.0    8270.00   .2229531E-10
 71.0    8280.00   .2268694E-10
 71.0    8290.00   .2316788E-10
 71.0    8300.00   .1840265E-10
 71.0    8310.00   .1920694E-10
 71.0    8320.00   .2266406E-10
 71.0    8330.00   .2158318E-10
 71.0    8340.00   .2299232E-10
 71.0    8350.00   .2785108E-10
 71.0    8360.00   .2538839E-10
 71.0    8370.00   .2924527E-10
 71.0    8380.00   .3408977E-10
 71.0    8390.00   .3427165E-10
 71.0    8400.00   .3514206E-10
 71.0    8410.00   .3807586E-10
 71.0    8420.00   .4013468E-10
 71.0    8430.00   .4591022E-10
 71.0    8440.00   .5036277E-10
 71.0    8450.00   .5453028E-10
 71.0    8460.00   .5775322E-10
 71.0    8470.00   .6335665E-10
 71.0    8480.00   .7435392E-10
 71.0    8490.00   .8379399E-10
 71.0    8500.00   .9233154E-10
 71.0    8510.00   .9902048E-10
 71.0    8520.00   .1061418E-09
 71.0    8530.00   .1154507E-09
 71.0    8540.00   .1286903E-09
 71.0    8550.00   .1480537E-09
 71.0    8560.00   .1600220E-09
 71.0    8570.00   .1581638E-09
 71.0    8580.00   .1550261E-09
 71.0    8590.00   .1536705E-09
 71.0    8600.00   .1580152E-09
 71.0    8610.00   .1613378E-09
 71.0    8620.00   .1731265E-09
 71.0    8630.00   .1750763E-09
 71.0    8640.00   .1704665E-09
 71.0    8650.00   .1659200E-09
 71.0    8660.00   .1604488E-09
 71.0    8670.00   .1580465E-09
 71.0    8680.00   .1728088E-09
 71.0    8690.00   .1851470E-09
 71.0    8700.00   .1800304E-09
 71.0    8710.00   .1733873E-09
 71.0    8720.00   .1736230E-09
 71.0    8730.00   .1763476E-09
 71.0    8740.00   .1833027E-09
 71.0    8750.00   .2047585E-09
 71.0    8760.00   .2079213E-09
 71.0    8770.00   .1924456E-09
 71.0    8780.00   .1840708E-09
 71.0    8790.00   .2016308E-09
 71.0    8800.00   .2178756E-09
 71.0    8810.00   .2157666E-09
 71.0    8820.00   .2106233E-09
 71.0    8830.00   .2002310E-09
 71.0    8840.00   .1842767E-09
 71.0    8850.00   .1848359E-09
 71.0    8860.00   .1906750E-09
 71.0    8870.00   .2059869E-09
 71.0    8880.00   .2032967E-09
 71.0    8890.00   .1843645E-09
 71.0    8900.00   .1693389E-09
 71.0    8910.00   .1677633E-09
 71.0    8920.00   .1745347E-09
 71.0    8930.00   .1764508E-09
 71.0    8940.00   .1703060E-09
 71.0    8950.00   .1716083E-09
 71.0    8960.00   .1658572E-09
 71.0    8970.00   .1589778E-09
 71.0    8980.00   .1536201E-09
 71.0    8990.00   .1525720E-09
 71.0    9000.00   .1583897E-09
 71.0    9010.00   .1455336E-09
 71.0    9020.00   .1412847E-09
 71.0    9030.00   .1452493E-09
 71.0    9040.00   .1418224E-09
 71.0    9050.00   .1382100E-09
 71.0    9060.00   .1427817E-09
 71.0    9070.00   .1426018E-09
 71.0    9080.00   .1367856E-09
 71.0    9090.00   .1352526E-09
 71.0    9100.00   .1348220E-09
 71.0    9110.00   .1355031E-09
 71.0    9120.00   .1415186E-09
 71.0    9130.00   .1443803E-09
 71.0    9140.00   .1428099E-09
 71.0    9150.00   .1356119E-09
 71.0    9160.00   .1336202E-09
 71.0    9170.00   .1336626E-09
 71.0    9180.00   .1273928E-09
 71.0    9190.00   .1290972E-09
 71.0    9200.00   .1275241E-09
 71.0    9210.00   .1293109E-09
 71.0    9220.00   .1340928E-09
 71.0    9230.00   .1379032E-09
 71.0    9240.00   .1475234E-09
 71.0    9250.00   .1480577E-09
 71.0    9260.00   .1309786E-09
 71.0    9270.00   .1263839E-09
 71.0    9280.00   .1218369E-09
 71.0    9290.00   .1199438E-09
 71.0    9300.00   .1267919E-09
 71.0    9310.00   .1336658E-09
 71.0    9320.00   .1274777E-09
 71.0    9330.00   .1165517E-09
 71.0    9340.00   .1001054E-09
 71.0    9350.00   .1025117E-09
 71.0    9360.00   .1054591E-09
 71.0    9370.00   .1108871E-09
 71.0    9380.00   .1104667E-09
 71.0    9390.00   .1512614E-09
 71.0    9400.00   .1366456E-09
 71.0    9410.00   .9708830E-10
 71.0    9420.00   .1053978E-09
 71.0    9430.00   .1023047E-09
 71.0    9440.00   .1035354E-09
 71.0    9450.00   .1157296E-09
 71.0    9460.00   .1199801E-09
 71.0    9470.00   .1281476E-09
 71.0    9480.00   .1260833E-09
 71.0    9490.00   .1258828E-09
 71.0    9500.00   .1240836E-09
 71.0    9510.00   .1274225E-09
 71.0    9520.00   .1154362E-09
 71.0    9530.00   .1310348E-09
 71.0    9540.00   .1614603E-09
 71.0    9550.00   .1475892E-09
 71.0    9560.00   .1408165E-09
 71.0    9570.00   .1421286E-09
 71.0    9580.00   .1282426E-09
 71.0    9590.00   .1264118E-09
 71.0    9600.00   .1351978E-09
 71.0    9610.00   .1335914E-09
 71.0    9620.00   .1313690E-09
 71.0    9630.00   .1214788E-09
 71.0    9640.00   .1121095E-09
 71.0    9650.00   .1139100E-09
 71.0    9660.00   .1127259E-09
 71.0    9670.00   .1130738E-09
 71.0    9680.00   .1057989E-09
 71.0    9690.00   .9877022E-10
 71.0    9700.00   .1059634E-09
 71.0    9710.00   .1108881E-09
 71.0    9720.00   .1140122E-09
 71.0    9730.00   .1062304E-09
 71.0    9740.00   .1037489E-09
 71.0    9750.00   .1114128E-09
 71.0    9760.00   .1042869E-09
 71.0    9770.00   .1118652E-09
 71.0    9780.00   .1187278E-09
 71.0    9790.00   .1133387E-09
 71.0    9800.00   .1280136E-09
 71.0    9810.00   .1286104E-09
 71.0    9820.00   .1166498E-09
 71.0    9830.00   .1224215E-09
 71.0    9840.00   .1308694E-09
 71.0    9850.00   .1436022E-09
 71.0    9860.00   .1454784E-09
 71.0    9870.00   .1455915E-09
 71.0    9880.00   .1722532E-09
 71.0    9890.00   .1691985E-09
 71.0    9900.00   .1550146E-09
 71.0    9910.00   .1541382E-09
 71.0    9920.00   .1647608E-09
 71.0    9930.00   .1706920E-09
 71.0    9940.00   .1699063E-09
 71.0    9950.00   .1649593E-09
 71.0    9960.00   .1699186E-09
 71.0    9970.00   .1911321E-09
 71.0    9980.00   .1713391E-09
 71.0    9990.00   .1698145E-09
 71.0   10000.00   .1747206E-09
 71.0   10010.00   .1736181E-09
 71.0   10020.00   .1725138E-09
 71.0   10030.00   .1714068E-09
 71.0   10040.00   .1702976E-09
 71.0   10050.00   .1691865E-09
 71.0   10060.00   .1680728E-09
 71.0   10070.00   .1669572E-09
 71.0   10080.00   .1658394E-09
 71.0   10090.00   .1647192E-09
 71.0   10100.00   .1635970E-09
 71.0   10110.00   .1624726E-09
 71.0   10120.00   .1613460E-09
 71.0   10130.00   .1602174E-09
 71.0   10140.00   .1590865E-09
 71.0   10150.00   .1579536E-09
 71.0   10160.00   .1568187E-09
 71.0   10170.00   .1556815E-09
 71.0   10180.00   .1545421E-09
 71.0   10190.00   .1534010E-09
 71.0   10200.00   .1522576E-09
 71.0   10210.00   .1511122E-09
 71.0   10220.00   .1499647E-09
 71.0   10230.00   .1488153E-09
 71.0   10240.00   .1476637E-09
 71.0   10250.00   .1465103E-09
 71.0   10260.00   .1453546E-09
 71.0   10270.00   .1441970E-09
 71.0   10280.00   .1430377E-09
 71.0   10290.00   .1418761E-09
 71.0   10300.00   .1407129E-09
 71.0   10310.00   .1395473E-09
 71.0   10320.00   .1383800E-09
 71.0   10330.00   .1372110E-09
 71.0   10340.00   .1360395E-09
 71.0   10350.00   .1348665E-09
 71.0   10360.00   .1336916E-09
 71.0   10370.00   .1325147E-09
 71.0   10380.00   .1313359E-09
 71.0   10390.00   .1301554E-09
 71.0   10400.00   .1289728E-09
 71.0   10410.00   .1277885E-09
 71.0   10420.00   .1266023E-09
 71.0   10430.00   .1254144E-09
 71.0   10440.00   .1242245E-09
 71.0   10450.00   .1230329E-09
 71.0   10460.00   .1218395E-09
 71.0   10470.00   .1206443E-09
 71.0   10480.00   .1194474E-09
 71.0   10490.00   .1182486E-09
 71.0   10500.00   .1170483E-09
 71.0   10510.00   .1158461E-09
 71.0   10520.00   .1146421E-09
 71.0   10530.00   .1134367E-09
 71.0   10540.00   .1122293E-09
 71.0   10550.00   .1110202E-09
 71.0   10560.00   .1098096E-09
 71.0   10570.00   .1085973E-09
 71.0   10580.00   .1073834E-09
 71.0   10590.00   .1061676E-09
 71.0   10600.00   .1049504E-09
 71.0   10610.00   .1037313E-09
 71.0   10620.00   .1025108E-09
 71.0   10630.00   .1012889E-09
 71.0   10640.00   .1000651E-09
 71.0   10650.00   .9883983E-10
 71.0   10660.00   .9761297E-10
 71.0   10670.00   .9638459E-10
 71.0   10680.00   .9515470E-10
 71.0   10690.00   .9392314E-10
 71.0   10700.00   .9269008E-10
 71.0   10710.00   .9145555E-10
 71.0   10720.00   .9021950E-10
 71.0   10730.00   .8898206E-10
 71.0   10740.00   .8774291E-10
 71.0   10750.00   .8650242E-10
 71.0   10760.00   .8526047E-10
 71.0   10770.00   .8401697E-10
 71.0   10780.00   .8277208E-10
 71.0   10790.00   .8152573E-10
 71.0   10800.00   .8027799E-10
 71.0   10810.00   .7902873E-10
 71.0   10820.00   .7777809E-10
 71.0   10830.00   .7652609E-10
 71.0   10840.00   .7527260E-10
 71.0   10850.00   .7401779E-10
 71.0   10860.00   .7276155E-10
 71.0   10870.00   .7150398E-10
 71.0   10880.00   .7024508E-10
 71.0   10890.00   .6898475E-10
 71.0   10900.00   .6772307E-10
 71.0   10910.00   .6646007E-10
 71.0   10920.00   .6519577E-10
 71.0   10930.00   .6393010E-10
 71.0   10940.00   .6266307E-10
 71.0   10950.00   .6139481E-10
 71.0   10960.00   .6012524E-10
 71.0   10970.00   .5885434E-10
 71.0   10980.00   .5758217E-10
 71.0   10990.00   .5630867E-10
 71.0   11000.00   .5503397E-10
 71.0   11010.00   .5375792E-10
 71.0   11020.00   .5248069E-10
 71.0   11030.00   .5120216E-10
 71.0   11040.00   .4992244E-10
 71.0   11050.00   .4864146E-10
 71.0   11060.00   .4735922E-10
 71.0   11070.00   .4607570E-10
 71.0   11080.00   .4479105E-10
 71.0   11090.00   .4350515E-10
 71.0   11100.00   .4221803E-10
 71.0   11110.00   .4092974E-10
 71.0   11120.00   .3964025E-10
 71.0   11130.00   .3834959E-10
 71.0   11140.00   .3705770E-10
 71.0   11150.00   .3576466E-10
 71.0   11160.00   .3447044E-10
 71.0   11170.00   .3317504E-10
 71.0   11180.00   .3187848E-10
 71.0   11190.00   .3058079E-10
 71.0   11200.00   .2928193E-10
 71.0   11210.00   .2798193E-10
 71.0   11220.00   .2668076E-10
 71.0   11230.00   .2537852E-10
 71.0   11240.00   .2407509E-10
 71.0   11250.00   .2277055E-10
 71.0   11260.00   .2146489E-10
 71.0   11270.00   .2015813E-10
 71.0   11280.00   .1885023E-10
 71.0   11290.00   .1754124E-10
 71.0   11300.00   .1623114E-10
 71.0   11310.00   .1623780E-10
 71.0   11320.00   .1624446E-10
 71.0   11330.00   .1625110E-10
 71.0   11340.00   .1625771E-10
 71.0   11350.00   .1626432E-10
 71.0   11360.00   .1627093E-10
 71.0   11370.00   .1627753E-10
 71.0   11380.00   .1628409E-10
 71.0   11390.00   .1629067E-10
 71.0   11400.00   .1629720E-10
 71.0   11410.00   .1630374E-10
 71.0   11420.00   .1631026E-10
 71.0   11430.00   .1631677E-10
 71.0   11440.00   .1632325E-10
 71.0   11450.00   .1632975E-10
 71.0   11460.00   .1633622E-10
 71.0   11470.00   .1634267E-10
 71.0   11480.00   .1634914E-10
 71.0   11490.00   .1635558E-10
 71.0   11500.00   .1636203E-10
 71.0   11510.00   .1636845E-10
 71.0   11520.00   .1637487E-10
 71.0   11530.00   .1638126E-10
 71.0   11540.00   .1638768E-10
 71.0   11550.00   .1639407E-10
 71.0   11560.00   .1640045E-10
 71.0   11570.00   .1640683E-10
 71.0   11580.00   .1641320E-10
 71.0   11590.00   .1641956E-10
 71.0   11600.00   .1642590E-10
 71.0   11610.00   .1643225E-10
 71.0   11620.00   .1643860E-10
 71.0   11630.00   .1644495E-10
 71.0   11640.00   .1645128E-10
 71.0   11650.00   .1645759E-10
 71.0   11660.00   .1646393E-10
 71.0   11670.00   .1647024E-10
 71.0   11680.00   .1647657E-10
 71.0   11690.00   .1648287E-10
 71.0   11700.00   .1648921E-10
 71.0   11710.00   .1649550E-10
 71.0   11720.00   .1650179E-10
 71.0   11730.00   .1650810E-10
 71.0   11740.00   .1651438E-10
 71.0   11750.00   .1652069E-10
 71.0   11760.00   .1652697E-10
 71.0   11770.00   .1653328E-10
 71.0   11780.00   .1653956E-10
 71.0   11790.00   .1654586E-10
 71.0   11800.00   .1655214E-10
 71.0   11810.00   .1655844E-10
 71.0   11820.00   .1656472E-10
 71.0   11830.00   .1657103E-10
 71.0   11840.00   .1657732E-10
 71.0   11850.00   .1658360E-10
 71.0   11860.00   .1658990E-10
 71.0   11870.00   .1659621E-10
 71.0   11880.00   .1660252E-10
 71.0   11890.00   .1660883E-10
 71.0   11900.00   .1661513E-10
 71.0   11910.00   .1662145E-10
 71.0   11920.00   .1662775E-10
 71.0   11930.00   .1663409E-10
 71.0   11940.00   .1664042E-10
 71.0   11950.00   .1664673E-10
 71.0   11960.00   .1665307E-10
 71.0   11970.00   .1665941E-10
 71.0   11980.00   .1666576E-10
 71.0   11990.00   .1667208E-10
 71.0   12000.00   .1667845E-10
 71.0   12010.00   .1668482E-10
 71.0   12020.00   .1669117E-10
 71.0   12030.00   .1669756E-10
 71.0   12040.00   .1670396E-10
 71.0   12050.00   .1671034E-10
 71.0   12060.00   .1671674E-10
 71.0   12070.00   .1672315E-10
 71.0   12080.00   .1672958E-10
 71.0   12090.00   .1673601E-10
 71.0   12100.00   .1674244E-10
 71.0   12110.00   .1674890E-10
 71.0   12120.00   .1675534E-10
 71.0   12130.00   .1676181E-10
 71.0   12140.00   .1676830E-10
 71.0   12150.00   .1677478E-10
 71.0   12160.00   .1678129E-10
 71.0   12170.00   .1678779E-10
 71.0   12180.00   .1679433E-10
 71.0   12190.00   .1680087E-10
 71.0   12200.00   .1680742E-10
 71.0   12210.00   .1681399E-10
 71.0   12220.00   .1682057E-10
 71.0   12230.00   .1682716E-10
 71.0   12240.00   .1683377E-10
 71.0   12250.00   .1684040E-10
 71.0   12260.00   .1684704E-10
 71.0   12270.00   .1685368E-10
 71.0   12280.00   .1686035E-10
 71.0   12290.00   .1686702E-10
 71.0   12300.00   .1687372E-10
 71.0   12310.00   .1688046E-10
 71.0   12320.00   .1688717E-10
 71.0   12330.00   .1689393E-10
 71.0   12340.00   .1690069E-10
 71.0   12350.00   .1690748E-10
 71.0   12360.00   .1691428E-10
 71.0   12370.00   .1692111E-10
 71.0   12380.00   .1692795E-10
 71.0   12390.00   .1693482E-10
 71.0   12400.00   .1694169E-10
 71.0   12410.00   .1694859E-10
 71.0   12420.00   .1695551E-10
 71.0   12430.00   .1696246E-10
 71.0   12440.00   .1696944E-10
 71.0   12450.00   .1697641E-10
 71.0   12460.00   .1698341E-10
 71.0   12470.00   .1699043E-10
 71.0   12480.00   .1699749E-10
 71.0   12490.00   .1700457E-10
 71.0   12500.00   .1701163E-10
 71.0   12510.00   .1701962E-10
 71.0   12520.00   .1702764E-10
 71.0   12530.00   .1703567E-10
 71.0   12540.00   .1704373E-10
 71.0   12550.00   .1705180E-10
 71.0   12560.00   .1705991E-10
 71.0   12570.00   .1706803E-10
 71.0   12580.00   .1707620E-10
 71.0   12590.00   .1708439E-10
 71.0   12600.00   .1709258E-10
 71.0   12610.00   .1710081E-10
 71.0   12620.00   .1710906E-10
 71.0   12630.00   .1711733E-10
 71.0   12640.00   .1712565E-10
 71.0   12650.00   .1713398E-10
 71.0   12660.00   .1714236E-10
 71.0   12670.00   .1715074E-10
 71.0   12680.00   .1715917E-10
 71.0   12690.00   .1716761E-10
 71.0   12700.00   .1717608E-10
 71.0   12710.00   .1718460E-10
 71.0   12720.00   .1719313E-10
 71.0   12730.00   .1720169E-10
 71.0   12740.00   .1721030E-10
 71.0   12750.00   .1721892E-10
 71.0   12760.00   .1722758E-10
 71.0   12770.00   .1723627E-10
 71.0   12780.00   .1724499E-10
 71.0   12790.00   .1725375E-10
 71.0   12800.00   .1726253E-10
 71.0   12810.00   .1727136E-10
 71.0   12820.00   .1728020E-10
 71.0   12830.00   .1728909E-10
 71.0   12840.00   .1729803E-10
 71.0   12850.00   .1730698E-10
 71.0   12860.00   .1731596E-10
 71.0   12870.00   .1732500E-10
 71.0   12880.00   .1733405E-10
 71.0   12890.00   .1734313E-10
 71.0   12900.00   .1735226E-10
 71.0   12910.00   .1736142E-10
 71.0   12920.00   .1737061E-10
 71.0   12930.00   .1737985E-10
 71.0   12940.00   .1738911E-10
 71.0   12950.00   .1739840E-10
 71.0   12960.00   .1740772E-10
 71.0   12970.00   .1741708E-10
 71.0   12980.00   .1742647E-10
 71.0   12990.00   .1743590E-10
 71.0   13000.00   .1744536E-10
 71.0   13010.00   .1745483E-10
 71.0   13020.00   .1746436E-10
 71.0   13030.00   .1747391E-10
 71.0   13040.00   .1748350E-10
 71.0   13050.00   .1749310E-10
 71.0   13060.00   .1750275E-10
 71.0   13070.00   .1751243E-10
 71.0   13080.00   .1752212E-10
 71.0   13090.00   .1753187E-10
 71.0   13100.00   .1754163E-10
 71.0   13110.00   .1755142E-10
 71.0   13120.00   .1756126E-10
 71.0   13130.00   .1757111E-10
 71.0   13140.00   .1758100E-10
 71.0   13150.00   .1759093E-10
 71.0   13160.00   .1760087E-10
 71.0   13170.00   .1761086E-10
 71.0   13180.00   .1762086E-10
 71.0   13190.00   .1763088E-10
 71.0   13200.00   .1764096E-10
 71.0   13210.00   .1765105E-10
 71.0   13220.00   .1766117E-10
 71.0   13230.00   .1767131E-10
 71.0   13240.00   .1768148E-10
 71.0   13250.00   .1769169E-10
 71.0   13260.00   .1770192E-10
 71.0   13270.00   .1771219E-10
 71.0   13280.00   .1772248E-10
 71.0   13290.00   .1773277E-10
 71.0   13300.00   .1774312E-10
 71.0   13310.00   .1775349E-10
 71.0   13320.00   .1776390E-10
 71.0   13330.00   .1777432E-10
 71.0   13340.00   .1778478E-10
 71.0   13350.00   .1779523E-10
 71.0   13360.00   .1780574E-10
 71.0   13370.00   .1781625E-10
 71.0   13380.00   .1782681E-10
 71.0   13390.00   .1783738E-10
 71.0   13400.00   .1784799E-10
 71.0   13410.00   .1785861E-10
 71.0   13420.00   .1786927E-10
 71.0   13430.00   .1787994E-10
 71.0   13440.00   .1789065E-10
 71.0   13450.00   .1790135E-10
 71.0   13460.00   .1791210E-10
 71.0   13470.00   .1792287E-10
 71.0   13480.00   .1793369E-10
 71.0   13490.00   .1794448E-10
 71.0   13500.00   .1795534E-10
 71.0   13510.00   .1796620E-10
 71.0   13520.00   .1797708E-10
 71.0   13530.00   .1798798E-10
 71.0   13540.00   .1799892E-10
 71.0   13550.00   .1800990E-10
 71.0   13560.00   .1802086E-10
 71.0   13570.00   .1803185E-10
 71.0   13580.00   .1804289E-10
 71.0   13590.00   .1805393E-10
 71.0   13600.00   .1806498E-10
 71.0   13610.00   .1807606E-10
 71.0   13620.00   .1808716E-10
 71.0   13630.00   .1809830E-10
 71.0   13640.00   .1810945E-10
 71.0   13650.00   .1812061E-10
 71.0   13660.00   .1813180E-10
 71.0   13670.00   .1814300E-10
 71.0   13680.00   .1815422E-10
 71.0   13690.00   .1816546E-10
 71.0   13700.00   .1817673E-10
 71.0   13710.00   .1819439E-10
 71.0   13720.00   .1821207E-10
 71.0   13730.00   .1822980E-10
 71.0   13740.00   .1824754E-10
 71.0   13750.00   .1826531E-10
 71.0   13760.00   .1828312E-10
 71.0   13770.00   .1830092E-10
 71.0   13780.00   .1831877E-10
 71.0   13790.00   .1833664E-10
 71.0   13800.00   .1835454E-10
 71.0   13810.00   .1837246E-10
 71.0   13820.00   .1839040E-10
 71.0   13830.00   .1840838E-10
 71.0   13840.00   .1842637E-10
 71.0   13850.00   .1844439E-10
 71.0   13860.00   .1846244E-10
 71.0   13870.00   .1848049E-10
 71.0   13880.00   .1849857E-10
 71.0   13890.00   .1851670E-10
 71.0   13900.00   .1853483E-10
 71.0   13910.00   .1855300E-10
 71.0   13920.00   .1857116E-10
 71.0   13930.00   .1858938E-10
 71.0   13940.00   .1860760E-10
 71.0   13950.00   .1862586E-10
 71.0   13960.00   .1864414E-10
 71.0   13970.00   .1866241E-10
 71.0   13980.00   .1868074E-10
 71.0   13990.00   .1869908E-10
 71.0   14000.00   .1871744E-10
 71.0   14010.00   .1873580E-10
 71.0   14020.00   .1875422E-10
 71.0   14030.00   .1877261E-10
 71.0   14040.00   .1879106E-10
 71.0   14050.00   .1880949E-10
 71.0   14060.00   .1882798E-10
 71.0   14070.00   .1884649E-10
 71.0   14080.00   .1886502E-10
 71.0   14090.00   .1888353E-10
 71.0   14100.00   .1890209E-10
 71.0   14110.00   .1892067E-10
 71.0   14120.00   .1893928E-10
 71.0   14130.00   .1895787E-10
 71.0   14140.00   .1897650E-10
 71.0   14150.00   .1899515E-10
 71.0   14160.00   .1901380E-10
 71.0   14170.00   .1903249E-10
 71.0   14180.00   .1905119E-10
 71.0   14190.00   .1906991E-10
 71.0   14200.00   .1908864E-10
 71.0   14210.00   .1910736E-10
 71.0   14220.00   .1912614E-10
 71.0   14230.00   .1914492E-10
 71.0   14240.00   .1916370E-10
 71.0   14250.00   .1918251E-10
 71.0   14260.00   .1920134E-10
 71.0   14270.00   .1922018E-10
 71.0   14280.00   .1923903E-10
 71.0   14290.00   .1925790E-10
 71.0   14300.00   .1927679E-10
 71.0   14310.00   .1929568E-10
 71.0   14320.00   .1931459E-10
 71.0   14330.00   .1933350E-10
 71.0   14340.00   .1935245E-10
 71.0   14350.00   .1937140E-10
 71.0   14360.00   .1939037E-10
 71.0   14370.00   .1940933E-10
 71.0   14380.00   .1942831E-10
 71.0   14390.00   .1944731E-10
 71.0   14400.00   .1946630E-10
 71.0   14410.00   .1948532E-10
 71.0   14420.00   .1950436E-10
 71.0   14430.00   .1952341E-10
 71.0   14440.00   .1954246E-10
 71.0   14450.00   .1956153E-10
 71.0   14460.00   .1958059E-10
 71.0   14470.00   .1959967E-10
 71.0   14480.00   .1961875E-10
 71.0   14490.00   .1963789E-10
 71.0   14500.00   .1965698E-10
 71.0   14510.00   .1967609E-10
 71.0   14520.00   .1969522E-10
 71.0   14530.00   .1971434E-10
 71.0   14540.00   .1973351E-10
 71.0   14550.00   .1975263E-10
 71.0   14560.00   .1977181E-10
 71.0   14570.00   .1979097E-10
 71.0   14580.00   .1981012E-10
 71.0   14590.00   .1982932E-10
 71.0   14600.00   .1984850E-10
 71.0   14610.00   .1986770E-10
 71.0   14620.00   .1988689E-10
 71.0   14630.00   .1990609E-10
 71.0   14640.00   .1992530E-10
 71.0   14650.00   .1994450E-10
 71.0   14660.00   .1996371E-10
 71.0   14670.00   .1998294E-10
 71.0   14680.00   .2000216E-10
 71.0   14690.00   .2002139E-10
 71.0   14700.00   .2004063E-10
 71.0   14710.00   .2005987E-10
 71.0   14720.00   .2007909E-10
 71.0   14730.00   .2009833E-10
 71.0   14740.00   .2011757E-10
 71.0   14750.00   .2013682E-10
 71.0   14760.00   .2015606E-10
 71.0   14770.00   .2017530E-10
 71.0   14780.00   .2019455E-10
 71.0   14790.00   .2021379E-10
 71.0   14800.00   .2023306E-10
 71.0   14810.00   .2025230E-10
 71.0   14820.00   .2027154E-10
 71.0   14830.00   .2029078E-10
 71.0   14840.00   .2031004E-10
 71.0   14850.00   .2032929E-10
 71.0   14860.00   .2034853E-10
 71.0   14870.00   .2036778E-10
 71.0   14880.00   .2038702E-10
 71.0   14890.00   .2040626E-10
 71.0   14900.00   .2042550E-10
 71.0   14910.00   .2044475E-10
 71.0   14920.00   .2046397E-10
 71.0   14930.00   .2048322E-10
 71.0   14940.00   .2050245E-10
 71.0   14950.00   .2052168E-10
 71.0   14960.00   .2054092E-10
 71.0   14970.00   .2056012E-10
 71.0   14980.00   .2057936E-10
 71.0   14990.00   .2059857E-10
 71.0   15000.00   .2061780E-10
 71.0   15010.00   .2063009E-10
 71.0   15020.00   .2064239E-10
 71.0   15030.00   .2065465E-10
 71.0   15040.00   .2066692E-10
 71.0   15050.00   .2067917E-10
 71.0   15060.00   .2069142E-10
 71.0   15070.00   .2070363E-10
 71.0   15080.00   .2071584E-10
 71.0   15090.00   .2072807E-10
 71.0   15100.00   .2074025E-10
 71.0   15110.00   .2075241E-10
 71.0   15120.00   .2076457E-10
 71.0   15130.00   .2077675E-10
 71.0   15140.00   .2078889E-10
 71.0   15150.00   .2080101E-10
 71.0   15160.00   .2081313E-10
 71.0   15170.00   .2082525E-10
 71.0   15180.00   .2083731E-10
 71.0   15190.00   .2084943E-10
 71.0   15200.00   .2086148E-10
 71.0   15210.00   .2087354E-10
 71.0   15220.00   .2088557E-10
 71.0   15230.00   .2089759E-10
 71.0   15240.00   .2090961E-10
 71.0   15250.00   .2092159E-10
 71.0   15260.00   .2093357E-10
 71.0   15270.00   .2094555E-10
 71.0   15280.00   .2095751E-10
 71.0   15290.00   .2096944E-10
 71.0   15300.00   .2098136E-10
 71.0   15310.00   .2099328E-10
 71.0   15320.00   .2100518E-10
 71.0   15330.00   .2101705E-10
 71.0   15340.00   .2102893E-10
 71.0   15350.00   .2104078E-10
 71.0   15360.00   .2105263E-10
 71.0   15370.00   .2106445E-10
 71.0   15380.00   .2107624E-10
 71.0   15390.00   .2108802E-10
 71.0   15400.00   .2109980E-10
 71.0   15410.00   .2111157E-10
 71.0   15420.00   .2112330E-10
 71.0   15430.00   .2113505E-10
 71.0   15440.00   .2114676E-10
 71.0   15450.00   .2115844E-10
 71.0   15460.00   .2117013E-10
 71.0   15470.00   .2118178E-10
 71.0   15480.00   .2119343E-10
 71.0   15490.00   .2120506E-10
 71.0   15500.00   .2121668E-10
 71.0   15510.00   .2122826E-10
 71.0   15520.00   .2123984E-10
 71.0   15530.00   .2125140E-10
 71.0   15540.00   .2126295E-10
 71.0   15550.00   .2127447E-10
 71.0   15560.00   .2128598E-10
 71.0   15570.00   .2129747E-10
 71.0   15580.00   .2130894E-10
 71.0   15590.00   .2132040E-10
 71.0   15600.00   .2133185E-10
 71.0   15610.00   .2134324E-10
 71.0   15620.00   .2135463E-10
 71.0   15630.00   .2136603E-10
 71.0   15640.00   .2137739E-10
 71.0   15650.00   .2138874E-10
 71.0   15660.00   .2140005E-10
 71.0   15670.00   .2141136E-10
 71.0   15680.00   .2142264E-10
 71.0   15690.00   .2143390E-10
 71.0   15700.00   .2144517E-10
 71.0   15710.00   .2145638E-10
 71.0   15720.00   .2146759E-10
 71.0   15730.00   .2147877E-10
 71.0   15740.00   .2148995E-10
 71.0   15750.00   .2150109E-10
 71.0   15760.00   .2151220E-10
 71.0   15770.00   .2152333E-10
 71.0   15780.00   .2153440E-10
 71.0   15790.00   .2154546E-10
 71.0   15800.00   .2155652E-10
 71.0   15810.00   .2156753E-10
 71.0   15820.00   .2157856E-10
 71.0   15830.00   .2158950E-10
 71.0   15840.00   .2160047E-10
 71.0   15850.00   .2161142E-10
 71.0   15860.00   .2162233E-10
 71.0   15870.00   .2163324E-10
 71.0   15880.00   .2164410E-10
 71.0   15890.00   .2165497E-10
 71.0   15900.00   .2166579E-10
 71.0   15910.00   .2167658E-10
 71.0   15920.00   .2168736E-10
 71.0   15930.00   .2169812E-10
 71.0   15940.00   .2170887E-10
 71.0   15950.00   .2171958E-10
 71.0   15960.00   .2173026E-10
 71.0   15970.00   .2174094E-10
 71.0   15980.00   .2175158E-10
 71.0   15990.00   .2176221E-10
 71.0   16000.00   .2177281E-10
 71.0   16010.00   .2178337E-10
 71.0   16020.00   .2179394E-10
 71.0   16030.00   .2180446E-10
 71.0   16040.00   .2181496E-10
 71.0   16050.00   .2182543E-10
 71.0   16060.00   .2183588E-10
 71.0   16070.00   .2184632E-10
 71.0   16080.00   .2185674E-10
 71.0   16090.00   .2186711E-10
 71.0   16100.00   .2187747E-10
 71.0   16110.00   .2188779E-10
 71.0   16120.00   .2189809E-10
 71.0   16130.00   .2190837E-10
 71.0   16140.00   .2191862E-10
 71.0   16150.00   .2192886E-10
 71.0   16160.00   .2193906E-10
 71.0   16170.00   .2194923E-10
 71.0   16180.00   .2195938E-10
 71.0   16190.00   .2196951E-10
 71.0   16200.00   .2197960E-10
 71.0   16210.00   .2198967E-10
 71.0   16220.00   .2199972E-10
 71.0   16230.00   .2200974E-10
 71.0   16240.00   .2201974E-10
 71.0   16250.00   .2202970E-10
 71.0   16260.00   .2203109E-10
 71.0   16270.00   .2203246E-10
 71.0   16280.00   .2203382E-10
 71.0   16290.00   .2203514E-10
 71.0   16300.00   .2203647E-10
 71.0   16310.00   .2203777E-10
 71.0   16320.00   .2203903E-10
 71.0   16330.00   .2204028E-10
 71.0   16340.00   .2204152E-10
 71.0   16350.00   .2204274E-10
 71.0   16360.00   .2204394E-10
 71.0   16370.00   .2204512E-10
 71.0   16380.00   .2204629E-10
 71.0   16390.00   .2204744E-10
 71.0   16400.00   .2204856E-10
 71.0   16410.00   .2204966E-10
 71.0   16420.00   .2205074E-10
 71.0   16430.00   .2205182E-10
 71.0   16440.00   .2205284E-10
 71.0   16450.00   .2205388E-10
 71.0   16460.00   .2205487E-10
 71.0   16470.00   .2205586E-10
 71.0   16480.00   .2205680E-10
 71.0   16490.00   .2205775E-10
 71.0   16500.00   .2205865E-10
 71.0   16510.00   .2205955E-10
 71.0   16520.00   .2206043E-10
 71.0   16530.00   .2206128E-10
 71.0   16540.00   .2206212E-10
 71.0   16550.00   .2206293E-10
 71.0   16560.00   .2206371E-10
 71.0   16570.00   .2206447E-10
 71.0   16580.00   .2206523E-10
 71.0   16590.00   .2206596E-10
 71.0   16600.00   .2206665E-10
 71.0   16610.00   .2206734E-10
 71.0   16620.00   .2206799E-10
 71.0   16630.00   .2206861E-10
 71.0   16640.00   .2206923E-10
 71.0   16650.00   .2206981E-10
 71.0   16660.00   .2207035E-10
 71.0   16670.00   .2207091E-10
 71.0   16680.00   .2207141E-10
 71.0   16690.00   .2207190E-10
 71.0   16700.00   .2207238E-10
 71.0   16710.00   .2207281E-10
 71.0   16720.00   .2207324E-10
 71.0   16730.00   .2207363E-10
 71.0   16740.00   .2207399E-10
 71.0   16750.00   .2207434E-10
 71.0   16760.00   .2207467E-10
 71.0   16770.00   .2207497E-10
 71.0   16780.00   .2207523E-10
 71.0   16790.00   .2207548E-10
 71.0   16800.00   .2207569E-10
 71.0   16810.00   .2207589E-10
 71.0   16820.00   .2207606E-10
 71.0   16830.00   .2207621E-10
 71.0   16840.00   .2207633E-10
 71.0   16850.00   .2207643E-10
 71.0   16860.00   .2207649E-10
 71.0   16870.00   .2207656E-10
 71.0   16880.00   .2207657E-10
 71.0   16890.00   .2207658E-10
 71.0   16900.00   .2207655E-10
 71.0   16910.00   .2207650E-10
 71.0   16920.00   .2207642E-10
 71.0   16930.00   .2207632E-10
 71.0   16940.00   .2207620E-10
 71.0   16950.00   .2207605E-10
 71.0   16960.00   .2207587E-10
 71.0   16970.00   .2207569E-10
 71.0   16980.00   .2207548E-10
 71.0   16990.00   .2207525E-10
 71.0   17000.00   .2207495E-10
 71.0   17010.00   .2207468E-10
 71.0   17020.00   .2207437E-10
 71.0   17030.00   .2207402E-10
 71.0   17040.00   .2207369E-10
 71.0   17050.00   .2207331E-10
 71.0   17060.00   .2207290E-10
 71.0   17070.00   .2207248E-10
 71.0   17080.00   .2207203E-10
 71.0   17090.00   .2207158E-10
 71.0   17100.00   .2207109E-10
 71.0   17110.00   .2207058E-10
 71.0   17120.00   .2207004E-10
 71.0   17130.00   .2206949E-10
 71.0   17140.00   .2206891E-10
 71.0   17150.00   .2206833E-10
 71.0   17160.00   .2206769E-10
 71.0   17170.00   .2206706E-10
 71.0   17180.00   .2206639E-10
 71.0   17190.00   .2206572E-10
 71.0   17200.00   .2206500E-10
 71.0   17210.00   .2206428E-10
 71.0   17220.00   .2206353E-10
 71.0   17230.00   .2206280E-10
 71.0   17240.00   .2206199E-10
 71.0   17250.00   .2206119E-10
 71.0   17260.00   .2206036E-10
 71.0   17270.00   .2205949E-10
 71.0   17280.00   .2205862E-10
 71.0   17290.00   .2205774E-10
 71.0   17300.00   .2205683E-10
 71.0   17310.00   .2205592E-10
 71.0   17320.00   .2205497E-10
 71.0   17330.00   .2205402E-10
 71.0   17340.00   .2205303E-10
 71.0   17350.00   .2205203E-10
 71.0   17360.00   .2205100E-10
 71.0   17370.00   .2204996E-10
 71.0   17380.00   .2204890E-10
 71.0   17390.00   .2204781E-10
 71.0   17400.00   .2204671E-10
 71.0   17410.00   .2204560E-10
 71.0   17420.00   .2204446E-10
 71.0   17430.00   .2204331E-10
 71.0   17440.00   .2204214E-10
 71.0   17450.00   .2204096E-10
 71.0   17460.00   .2203975E-10
 71.0   17470.00   .2203851E-10
 71.0   17480.00   .2203727E-10
 71.0   17490.00   .2203602E-10
 71.0   17500.00   .2203472E-10
 71.0   17510.00   .2203345E-10
 71.0   17520.00   .2203212E-10
 71.0   17530.00   .2203081E-10
 71.0   17540.00   .2202946E-10
 71.0   17550.00   .2202807E-10
 71.0   17560.00   .2202671E-10
 71.0   17570.00   .2202530E-10
 71.0   17580.00   .2202389E-10
 71.0   17590.00   .2202244E-10
 71.0   17600.00   .2202098E-10
 71.0   17610.00   .2201954E-10
 71.0   17620.00   .2201807E-10
 71.0   17630.00   .2201656E-10
 71.0   17640.00   .2201504E-10
 71.0   17650.00   .2201351E-10
 71.0   17660.00   .2201199E-10
 71.0   17670.00   .2201041E-10
 71.0   17680.00   .2200885E-10
 71.0   17690.00   .2200725E-10
 71.0   17700.00   .2200566E-10
 71.0   17710.00   .2200402E-10
 71.0   17720.00   .2200238E-10
 71.0   17730.00   .2200075E-10
 71.0   17740.00   .2199908E-10
 71.0   17750.00   .2199740E-10
 71.0   17760.00   .2199569E-10
 71.0   17770.00   .2199398E-10
 71.0   17780.00   .2199227E-10
 71.0   17790.00   .2199052E-10
 71.0   17800.00   .2198878E-10
 71.0   17810.00   .2198701E-10
 71.0   17820.00   .2198523E-10
 71.0   17830.00   .2198344E-10
 71.0   17840.00   .2198163E-10
 71.0   17850.00   .2197980E-10
 71.0   17860.00   .2197796E-10
 71.0   17870.00   .2197613E-10
 71.0   17880.00   .2197427E-10
 71.0   17890.00   .2197238E-10
 71.0   17900.00   .2197049E-10
 71.0   17910.00   .2196860E-10
 71.0   17920.00   .2196666E-10
 71.0   17930.00   .2196476E-10
 71.0   17940.00   .2196283E-10
 71.0   17950.00   .2196087E-10
 71.0   17960.00   .2195890E-10
 71.0   17970.00   .2195693E-10
 71.0   17980.00   .2195494E-10
 71.0   17990.00   .2195294E-10
 71.0   18000.00   .2195094E-10
 71.0   18010.00   .2187660E-10
 71.0   18020.00   .2180229E-10
 71.0   18030.00   .2172798E-10
 71.0   18040.00   .2165366E-10
 71.0   18050.00   .2157932E-10
 71.0   18060.00   .2150504E-10
 71.0   18070.00   .2143072E-10
 71.0   18080.00   .2135641E-10
 71.0   18090.00   .2128212E-10
 71.0   18100.00   .2120782E-10
 71.0   18110.00   .2113354E-10
 71.0   18120.00   .2105923E-10
 71.0   18130.00   .2098494E-10
 71.0   18140.00   .2091065E-10
 71.0   18150.00   .2083639E-10
 71.0   18160.00   .2076215E-10
 71.0   18170.00   .2068784E-10
 71.0   18180.00   .2061358E-10
 71.0   18190.00   .2053934E-10
 71.0   18200.00   .2046508E-10
 71.0   18210.00   .2039085E-10
 71.0   18220.00   .2031661E-10
 71.0   18230.00   .2024237E-10
 71.0   18240.00   .2016815E-10
 71.0   18250.00   .2009392E-10
 71.0   18260.00   .2001970E-10
 71.0   18270.00   .1994551E-10
 71.0   18280.00   .1987130E-10
 71.0   18290.00   .1979711E-10
 71.0   18300.00   .1972293E-10
 71.0   18310.00   .1964875E-10
 71.0   18320.00   .1957459E-10
 71.0   18330.00   .1950042E-10
 71.0   18340.00   .1942628E-10
 71.0   18350.00   .1935214E-10
 71.0   18360.00   .1927801E-10
 71.0   18370.00   .1920388E-10
 71.0   18380.00   .1912976E-10
 71.0   18390.00   .1905564E-10
 71.0   18400.00   .1898156E-10
 71.0   18410.00   .1890745E-10
 71.0   18420.00   .1883338E-10
 71.0   18430.00   .1875930E-10
 71.0   18440.00   .1868524E-10
 71.0   18450.00   .1861120E-10
 71.0   18460.00   .1853717E-10
 71.0   18470.00   .1846313E-10
 71.0   18480.00   .1838911E-10
 71.0   18490.00   .1831512E-10
 71.0   18500.00   .1824111E-10
 71.0   18510.00   .1816713E-10
 71.0   18520.00   .1809315E-10
 71.0   18530.00   .1801921E-10
 71.0   18540.00   .1794525E-10
 71.0   18550.00   .1787131E-10
 71.0   18560.00   .1779737E-10
 71.0   18570.00   .1772346E-10
 71.0   18580.00   .1764957E-10
 71.0   18590.00   .1757567E-10
 71.0   18600.00   .1750178E-10
 71.0   18610.00   .1742794E-10
 71.0   18620.00   .1735406E-10
 71.0   18630.00   .1728024E-10
 71.0   18640.00   .1720640E-10
 71.0   18650.00   .1713259E-10
 71.0   18660.00   .1705880E-10
 71.0   18670.00   .1698502E-10
 71.0   18680.00   .1691123E-10
 71.0   18690.00   .1683747E-10
 71.0   18700.00   .1676374E-10
 71.0   18710.00   .1669001E-10
 71.0   18720.00   .1661629E-10
 71.0   18730.00   .1654256E-10
 71.0   18740.00   .1646889E-10
 71.0   18750.00   .1639522E-10
 71.0   18760.00   .1632155E-10
 71.0   18770.00   .1624790E-10
 71.0   18780.00   .1617428E-10
 71.0   18790.00   .1610065E-10
 71.0   18800.00   .1602706E-10
 71.0   18810.00   .1595347E-10
 71.0   18820.00   .1587990E-10
 71.0   18830.00   .1580633E-10
 71.0   18840.00   .1573280E-10
 71.0   18850.00   .1565926E-10
 71.0   18860.00   .1558576E-10
 71.0   18870.00   .1551226E-10
 71.0   18880.00   .1543879E-10
 71.0   18890.00   .1536532E-10
 71.0   18900.00   .1529189E-10
 71.0   18910.00   .1521846E-10
 71.0   18920.00   .1514504E-10
 71.0   18930.00   .1507166E-10
 71.0   18940.00   .1499827E-10
 71.0   18950.00   .1492488E-10
 71.0   18960.00   .1485156E-10
 71.0   18970.00   .1477823E-10
 71.0   18980.00   .1470492E-10
 71.0   18990.00   .1463161E-10
 71.0   19000.00   .1455832E-10
 71.0   19010.00   .1448507E-10
 71.0   19020.00   .1441180E-10
 71.0   19030.00   .1433858E-10
 71.0   19040.00   .1426536E-10
 71.0   19050.00   .1419217E-10
 71.0   19060.00   .1411899E-10
 71.0   19070.00   .1404583E-10
 71.0   19080.00   .1397267E-10
 71.0   19090.00   .1389956E-10
 71.0   19100.00   .1382645E-10
 71.0   19110.00   .1375336E-10
 71.0   19120.00   .1368029E-10
 71.0   19130.00   .1360723E-10
 71.0   19140.00   .1353420E-10
 71.0   19150.00   .1346118E-10
 71.0   19160.00   .1338818E-10
 71.0   19170.00   .1331518E-10
 71.0   19180.00   .1324224E-10
 71.0   19190.00   .1316928E-10
 71.0   19200.00   .1309636E-10
 71.0   19210.00   .1302342E-10
 71.0   19220.00   .1295055E-10
 71.0   19230.00   .1287766E-10
 71.0   19240.00   .1280482E-10
 71.0   19250.00   .1273197E-10
 71.0   19260.00   .1265917E-10
 71.0   19270.00   .1258635E-10
 71.0   19280.00   .1251358E-10
 71.0   19290.00   .1244081E-10
 71.0   19300.00   .1236806E-10
 71.0   19310.00   .1229535E-10
 71.0   19320.00   .1222263E-10
 71.0   19330.00   .1214995E-10
 71.0   19340.00   .1207728E-10
 71.0   19350.00   .1200463E-10
 71.0   19360.00   .1193199E-10
 71.0   19370.00   .1185939E-10
 71.0   19380.00   .1178679E-10
 71.0   19390.00   .1171422E-10
 71.0   19400.00   .1164167E-10
 71.0   19410.00   .1156912E-10
 71.0   19420.00   .1149661E-10
 71.0   19430.00   .1142411E-10
 71.0   19440.00   .1135162E-10
 71.0   19450.00   .1127916E-10
 71.0   19460.00   .1120671E-10
 71.0   19470.00   .1113431E-10
 71.0   19480.00   .1106188E-10
 71.0   19490.00   .1098950E-10
 71.0   19500.00   .1091715E-10
 71.0   19510.00   .1084480E-10
 71.0   19520.00   .1077247E-10
 71.0   19530.00   .1070015E-10
 71.0   19540.00   .1062787E-10
 71.0   19550.00   .1055560E-10
 71.0   19560.00   .1048336E-10
 71.0   19570.00   .1041111E-10
 71.0   19580.00   .1033890E-10
 71.0   19590.00   .1026670E-10
 71.0   19600.00   .1019454E-10
 71.0   19610.00   .1012238E-10
 71.0   19620.00   .1005022E-10
 71.0   19630.00   .9978127E-11
 71.0   19640.00   .9906019E-11
 71.0   19650.00   .9833939E-11
 71.0   19660.00   .9761887E-11
 71.0   19670.00   .9689837E-11
 71.0   19680.00   .9617809E-11
 71.0   19690.00   .9545799E-11
 71.0   19700.00   .9473806E-11
 71.0   19710.00   .9401847E-11
 71.0   19720.00   .9329897E-11
 71.0   19730.00   .9257972E-11
 71.0   19740.00   .9186051E-11
 71.0   19750.00   .9114169E-11
 71.0   19760.00   .9042281E-11
 71.0   19770.00   .8970426E-11
 71.0   19780.00   .8898574E-11
 71.0   19790.00   .8826762E-11
 71.0   19800.00   .8754959E-11
 71.0   19810.00   .8683166E-11
 71.0   19820.00   .8611398E-11
 71.0   19830.00   .8539647E-11
 71.0   19840.00   .8467913E-11
 71.0   19850.00   .8396203E-11
 71.0   19860.00   .8324504E-11
 71.0   19870.00   .8252828E-11
 71.0   19880.00   .8181163E-11
 71.0   19890.00   .8109522E-11
 71.0   19900.00   .8037897E-11
 71.0   19910.00   .7966282E-11
 71.0   19920.00   .7894692E-11
 71.0   19930.00   .7823118E-11
 71.0   19940.00   .7751561E-11
 71.0   19950.00   .7680024E-11
 71.0   19960.00   .7608499E-11
 71.0   19970.00   .7536995E-11
 71.0   19980.00   .7465500E-11
 71.0   19990.00   .7394031E-11
 71.0   20000.00   .7322570E-11
 71.0   20010.00   .7251137E-11
 71.0   20020.00   .7179717E-11
 71.0   20030.00   .7108316E-11
 71.0   20040.00   .7036923E-11
 71.0   20050.00   .6965557E-11
 71.0   20060.00   .6894197E-11
 71.0   20070.00   .6822862E-11
 71.0   20080.00   .6751540E-11
 71.0   20090.00   .6680235E-11
 71.0   20100.00   .6608951E-11
 71.0   20110.00   .6608285E-11
 71.0   20120.00   .6607623E-11
 71.0   20130.00   .6606963E-11
 71.0   20140.00   .6606304E-11
 71.0   20150.00   .6605657E-11
 71.0   20160.00   .6605003E-11
 71.0   20170.00   .6604354E-11
 71.0   20180.00   .6603703E-11
 71.0   20190.00   .6603062E-11
 71.0   20200.00   .6602422E-11
 71.0   20210.00   .6601778E-11
 71.0   20220.00   .6601141E-11
 71.0   20230.00   .6600500E-11
 71.0   20240.00   .6599877E-11
 71.0   20250.00   .6599237E-11
 71.0   20260.00   .6598610E-11
 71.0   20270.00   .6597979E-11
 71.0   20280.00   .6597348E-11
 71.0   20290.00   .6596740E-11
 71.0   20300.00   .6596114E-11
 71.0   20310.00   .6595495E-11
 71.0   20320.00   .6594876E-11
 71.0   20330.00   .6594267E-11
 71.0   20340.00   .6593653E-11
 71.0   20350.00   .6593041E-11
 71.0   20360.00   .6592437E-11
 71.0   20370.00   .6591827E-11
 71.0   20380.00   .6591223E-11
 71.0   20390.00   .6590623E-11
 71.0   20400.00   .6590022E-11
 71.0   20410.00   .6589430E-11
 71.0   20420.00   .6588834E-11
 71.0   20430.00   .6588242E-11
 71.0   20440.00   .6587652E-11
 71.0   20450.00   .6587067E-11
 71.0   20460.00   .6586482E-11
 71.0   20470.00   .6585897E-11
 71.0   20480.00   .6585321E-11
 71.0   20490.00   .6584742E-11
 71.0   20500.00   .6584167E-11
 71.0   20510.00   .6583599E-11
 71.0   20520.00   .6583022E-11
 71.0   20530.00   .6582454E-11
 71.0   20540.00   .6581885E-11
 71.0   20550.00   .6581325E-11
 71.0   20560.00   .6580764E-11
 71.0   20570.00   .6580207E-11
 71.0   20580.00   .6579640E-11
 71.0   20590.00   .6579092E-11
 71.0   20600.00   .6578541E-11
 71.0   20610.00   .6577986E-11
 71.0   20620.00   .6577447E-11
 71.0   20630.00   .6576898E-11
 71.0   20640.00   .6576354E-11
 71.0   20650.00   .6575813E-11
 71.0   20660.00   .6575274E-11
 71.0   20670.00   .6574740E-11
 71.0   20680.00   .6574208E-11
 71.0   20690.00   .6573682E-11
 71.0   20700.00   .6573149E-11
 71.0   20710.00   .6572622E-11
 71.0   20720.00   .6572103E-11
 71.0   20730.00   .6571579E-11
 71.0   20740.00   .6571065E-11
 71.0   20750.00   .6570548E-11
 71.0   20760.00   .6570043E-11
 71.0   20770.00   .6569530E-11
 71.0   20780.00   .6569015E-11
 71.0   20790.00   .6568511E-11
 71.0   20800.00   .6568009E-11
 71.0   20810.00   .6567509E-11
 71.0   20820.00   .6567010E-11
 71.0   20830.00   .6566512E-11
 71.0   20840.00   .6566022E-11
 71.0   20850.00   .6565533E-11
 71.0   20860.00   .6565041E-11
 71.0   20870.00   .6564556E-11
 71.0   20880.00   .6564072E-11
 71.0   20890.00   .6563593E-11
 71.0   20900.00   .6563116E-11
 71.0   20910.00   .6562642E-11
 71.0   20920.00   .6562169E-11
 71.0   20930.00   .6561701E-11
 71.0   20940.00   .6561234E-11
 71.0   20950.00   .6560766E-11
 71.0   20960.00   .6560302E-11
 71.0   20970.00   .6559841E-11
 71.0   20980.00   .6559388E-11
 71.0   20990.00   .6558934E-11
 71.0   21000.00   .6558482E-11
 71.0   21010.00   .6558036E-11
 71.0   21020.00   .6557584E-11
 71.0   21030.00   .6557140E-11
 71.0   21040.00   .6556700E-11
 71.0   21050.00   .6556258E-11
 71.0   21060.00   .6555828E-11
 71.0   21070.00   .6555392E-11
 71.0   21080.00   .6554961E-11
 71.0   21090.00   .6554536E-11
 71.0   21100.00   .6554106E-11
 71.0   21110.00   .6553682E-11
 71.0   21120.00   .6553267E-11
 71.0   21130.00   .6552848E-11
 71.0   21140.00   .6552436E-11
 71.0   21150.00   .6552024E-11
 71.0   21160.00   .6551614E-11
 71.0   21170.00   .6551204E-11
 71.0   21180.00   .6550806E-11
 71.0   21190.00   .6550405E-11
 71.0   21200.00   .6550004E-11
 71.0   21210.00   .6549610E-11
 71.0   21220.00   .6549215E-11
 71.0   21230.00   .6548826E-11
 71.0   21240.00   .6548440E-11
 71.0   21250.00   .6548055E-11
 71.0   21260.00   .6547673E-11
 71.0   21270.00   .6547298E-11
 71.0   21280.00   .6546917E-11
 71.0   21290.00   .6546547E-11
 71.0   21300.00   .6546174E-11
 71.0   21310.00   .6545811E-11
 71.0   21320.00   .6545443E-11
 71.0   21330.00   .6545081E-11
 71.0   21340.00   .6544720E-11
 71.0   21350.00   .6544365E-11
 71.0   21360.00   .6544010E-11
 71.0   21370.00   .6543663E-11
 71.0   21380.00   .6543310E-11
 71.0   21390.00   .6542973E-11
 71.0   21400.00   .6542630E-11
 71.0   21410.00   .6542286E-11
 71.0   21420.00   .6541952E-11
 71.0   21430.00   .6541618E-11
 71.0   21440.00   .6541288E-11
 71.0   21450.00   .6540957E-11
 71.0   21460.00   .6540640E-11
 71.0   21470.00   .6540317E-11
 71.0   21480.00   .6539993E-11
 71.0   21490.00   .6539680E-11
 71.0   21500.00   .6539366E-11
 71.0   21510.00   .6539059E-11
 71.0   21520.00   .6538747E-11
 71.0   21530.00   .6538444E-11
 71.0   21540.00   .6538143E-11
 71.0   21550.00   .6537845E-11
 71.0   21560.00   .6537549E-11
 71.0   21570.00   .6537255E-11
 71.0   21580.00   .6536966E-11
 71.0   21590.00   .6536682E-11
 71.0   21600.00   .6536396E-11
 71.0   21610.00   .6536124E-11
 71.0   21620.00   .6535838E-11
 71.0   21630.00   .6535560E-11
 71.0   21640.00   .6535293E-11
 71.0   21650.00   .6535028E-11
 71.0   21660.00   .6534763E-11
 71.0   21670.00   .6534498E-11
 71.0   21680.00   .6534236E-11
 71.0   21690.00   .6533984E-11
 71.0   21700.00   .6533731E-11
 71.0   21710.00   .6533478E-11
 71.0   21720.00   .6533232E-11
 71.0   21730.00   .6532987E-11
 71.0   21740.00   .6532744E-11
 71.0   21750.00   .6532505E-11
 71.0   21760.00   .6532275E-11
 71.0   21770.00   .6532047E-11
 71.0   21780.00   .6531814E-11
 71.0   21790.00   .6531589E-11
 71.0   21800.00   .6531363E-11
 71.0   21810.00   .6531144E-11
 71.0   21820.00   .6530934E-11
 71.0   21830.00   .6530714E-11
 71.0   21840.00   .6530508E-11
 71.0   21850.00   .6530300E-11
 71.0   21860.00   .6530095E-11
 71.0   21870.00   .6529894E-11
 71.0   21880.00   .6529699E-11
 71.0   21890.00   .6529502E-11
 71.0   21900.00   .6529309E-11
 71.0   21910.00   .6529128E-11
 71.0   21920.00   .6528941E-11
 71.0   21930.00   .6528758E-11
 71.0   21940.00   .6528579E-11
 71.0   21950.00   .6528402E-11
 71.0   21960.00   .6528230E-11
 71.0   21970.00   .6528065E-11
 71.0   21980.00   .6527898E-11
 71.0   21990.00   .6527733E-11
 71.0   22000.00   .6527583E-11
 71.0   22010.00   .6527423E-11
 71.0   22020.00   .6527269E-11
 71.0   22030.00   .6527120E-11
 71.0   22040.00   .6526976E-11
 71.0   22050.00   .6526833E-11
 71.0   22060.00   .6526689E-11
 71.0   22070.00   .6526558E-11
 71.0   22080.00   .6526423E-11
 71.0   22090.00   .6526294E-11
 71.0   22100.00   .6526168E-11
 71.0   22110.00   .6526048E-11
 71.0   22120.00   .6525922E-11
 71.0   22130.00   .6525809E-11
 71.0   22140.00   .6525693E-11
 71.0   22150.00   .6525584E-11
 71.0   22160.00   .6525483E-11
 71.0   22170.00   .6525376E-11
 71.0   22180.00   .6525274E-11
 71.0   22190.00   .6525184E-11
 71.0   22200.00   .6525087E-11
 71.0   22210.00   .6524999E-11
 71.0   22220.00   .6524912E-11
 71.0   22230.00   .6524827E-11
 71.0   22240.00   .6524748E-11
 71.0   22250.00   .6524679E-11
 71.0   22260.00   .6524602E-11
 71.0   22270.00   .6524534E-11
 71.0   22280.00   .6524467E-11
 71.0   22290.00   .6524398E-11
 71.0   22300.00   .6524347E-11
 71.0   22310.00   .6524289E-11
 71.0   22320.00   .6524244E-11
 71.0   22330.00   .6524192E-11
 71.0   22340.00   .6524146E-11
 71.0   22350.00   .6524109E-11
 71.0   22360.00   .6524065E-11
 71.0   22370.00   .6524032E-11
 71.0   22380.00   .6524002E-11
 71.0   22390.00   .6523973E-11
 71.0   22400.00   .6523943E-11
 71.0   22410.00   .6523929E-11
 71.0   22420.00   .6523908E-11
 71.0   22430.00   .6523896E-11
 71.0   22440.00   .6523883E-11
 71.0   22450.00   .6523877E-11
 71.0   22460.00   .6523873E-11
 71.0   22470.00   .6523871E-11
 71.0   22480.00   .6523870E-11
 71.0   22490.00   .6523883E-11
 71.0   22500.00   .6523894E-11
 71.0   22510.00   .6523900E-11
 71.0   22520.00   .6523917E-11
 71.0   22530.00   .6523934E-11
 71.0   22540.00   .6523960E-11
 71.0   22550.00   .6523986E-11
 71.0   22560.00   .6524014E-11
 71.0   22570.00   .6524047E-11
 71.0   22580.00   .6524085E-11
 71.0   22590.00   .6524118E-11
 71.0   22600.00   .6524160E-11
 71.0   22610.00   .6524205E-11
 71.0   22620.00   .6524253E-11
 71.0   22630.00   .6524307E-11
 71.0   22640.00   .6524359E-11
 71.0   22650.00   .6524421E-11
 71.0   22660.00   .6524478E-11
 71.0   22670.00   .6524541E-11
 71.0   22680.00   .6524610E-11
 71.0   22690.00   .6524677E-11
 71.0   22700.00   .6524756E-11
 71.0   22710.00   .6524827E-11
 71.0   22720.00   .6524903E-11
 71.0   22730.00   .6524992E-11
 71.0   22740.00   .6525079E-11
 71.0   22750.00   .6525168E-11
 71.0   22760.00   .6525255E-11
 71.0   22770.00   .6525355E-11
 71.0   22780.00   .6525443E-11
 71.0   22790.00   .6525548E-11
 71.0   22800.00   .6525655E-11
 71.0   22810.00   .6525759E-11
 71.0   22820.00   .6525870E-11
 71.0   22830.00   .6525979E-11
 71.0   22840.00   .6526091E-11
 71.0   22850.00   .6526208E-11
 71.0   22860.00   .6526329E-11
 71.0   22870.00   .6526455E-11
 71.0   22880.00   .6526577E-11
 71.0   22890.00   .6526711E-11
 71.0   22900.00   .6526840E-11
 71.0   22910.00   .6526973E-11
 71.0   22920.00   .6527113E-11
 71.0   22930.00   .6527257E-11
 71.0   22940.00   .6527399E-11
 71.0   22950.00   .6527543E-11
 71.0   22960.00   .6527694E-11
 71.0   22970.00   .6527840E-11
 71.0   22980.00   .6527994E-11
 71.0   22990.00   .6528154E-11
 71.0   23000.00   .6528311E-11
 71.0   23010.00   .6528476E-11
 71.0   23020.00   .6528642E-11
 71.0   23030.00   .6528806E-11
 71.0   23040.00   .6528975E-11
 71.0   23050.00   .6529148E-11
 71.0   23060.00   .6529324E-11
 71.0   23070.00   .6529503E-11
 71.0   23080.00   .6529683E-11
 71.0   23090.00   .6529868E-11
 71.0   23100.00   .6530052E-11
 71.0   23110.00   .6530240E-11
 71.0   23120.00   .6530432E-11
 71.0   23130.00   .6530624E-11
 71.0   23140.00   .6530821E-11
 71.0   23150.00   .6531018E-11
 71.0   23160.00   .6531219E-11
 71.0   23170.00   .6531421E-11
 71.0   23180.00   .6531630E-11
 71.0   23190.00   .6531838E-11
 71.0   23200.00   .6532045E-11
 71.0   23210.00   .6532262E-11
 71.0   23220.00   .6532479E-11
 71.0   23230.00   .6532692E-11
 71.0   23240.00   .6532918E-11
 71.0   23250.00   .6533137E-11
 71.0   23260.00   .6533366E-11
 71.0   23270.00   .6533588E-11
 71.0   23280.00   .6533819E-11
 71.0   23290.00   .6534051E-11
 71.0   23300.00   .6534288E-11
 71.0   23310.00   .6534526E-11
 71.0   23320.00   .6534756E-11
 71.0   23330.00   .6535004E-11
 71.0   23340.00   .6535247E-11
 71.0   23350.00   .6535493E-11
 71.0   23360.00   .6535737E-11
 71.0   23370.00   .6535990E-11
 71.0   23380.00   .6536245E-11
 71.0   23390.00   .6536504E-11
 71.0   23400.00   .6536752E-11
 71.0   23410.00   .6537013E-11
 71.0   23420.00   .6537279E-11
 71.0   23430.00   .6537540E-11
 71.0   23440.00   .6537807E-11
 71.0   23450.00   .6538078E-11
 71.0   23460.00   .6538344E-11
 71.0   23470.00   .6538620E-11
 71.0   23480.00   .6538895E-11
 71.0   23490.00   .6539166E-11
 71.0   23500.00   .6539445E-11
 71.0   23510.00   .6539724E-11
 71.0   23520.00   .6540008E-11
 71.0   23530.00   .6540290E-11
 71.0   23540.00   .6540583E-11
 71.0   23550.00   .6540873E-11
 71.0   23560.00   .6541158E-11
 71.0   23570.00   .6541453E-11
 71.0   23580.00   .6541741E-11
 71.0   23590.00   .6542040E-11
 71.0   23600.00   .6542342E-11
 71.0   23610.00   .6542643E-11
 71.0   23620.00   .6542949E-11
 71.0   23630.00   .6543242E-11
 71.0   23640.00   .6543553E-11
 71.0   23650.00   .6543864E-11
 71.0   23660.00   .6544174E-11
 71.0   23670.00   .6544484E-11
 71.0   23680.00   .6544800E-11
 71.0   23690.00   .6545112E-11
 71.0   23700.00   .6545434E-11
 71.0   23710.00   .6545755E-11
 71.0   23720.00   .6546071E-11
 71.0   23730.00   .6546394E-11
 71.0   23740.00   .6546719E-11
 71.0   23750.00   .6547047E-11
 71.0   23760.00   .6547370E-11
 71.0   23770.00   .6547705E-11
 71.0   23780.00   .6548032E-11
 71.0   23790.00   .6548373E-11
 71.0   23800.00   .6548701E-11
 71.0   23810.00   .6549041E-11
 71.0   23820.00   .6549378E-11
 71.0   23830.00   .6549720E-11
 71.0   23840.00   .6550060E-11
 71.0   23850.00   .6550403E-11
 71.0   23860.00   .6550749E-11
 71.0   23870.00   .6551094E-11
 71.0   23880.00   .6551439E-11
 71.0   23890.00   .6551795E-11
 71.0   23900.00   .6552150E-11
 71.0   23910.00   .6552497E-11
 71.0   23920.00   .6552849E-11
 71.0   23930.00   .6553207E-11
 71.0   23940.00   .6553569E-11
 71.0   23950.00   .6553925E-11
 71.0   23960.00   .6554286E-11
 71.0   23970.00   .6554649E-11
 71.0   23980.00   .6555011E-11
 71.0   23990.00   .6555377E-11
 71.0   24000.00   .6555745E-11
 71.0   24010.00   .6556115E-11
 71.0   24020.00   .6556478E-11
 71.0   24030.00   .6556853E-11
 71.0   24040.00   .6557228E-11
 71.0   24050.00   .6557603E-11
 71.0   24060.00   .6557971E-11
 71.0   24070.00   .6558351E-11
 71.0   24080.00   .6558734E-11
 71.0   24090.00   .6559107E-11
 71.0   24100.00   .6559491E-11
 71.0   24110.00   .6559869E-11
 71.0   24120.00   .6560255E-11
 71.0   24130.00   .6560645E-11
 71.0   24140.00   .6561025E-11
 71.0   24150.00   .6561412E-11
 71.0   24160.00   .6561801E-11
 71.0   24170.00   .6562192E-11
 71.0   24180.00   .6562578E-11
 71.0   24190.00   .6562973E-11
 71.0   24200.00   .6563362E-11
 71.0   24210.00   .6563760E-11
 71.0   24220.00   .6564155E-11
 71.0   24230.00   .6564553E-11
 71.0   24240.00   .6564954E-11
 71.0   24250.00   .6565355E-11
 71.0   24260.00   .6565756E-11
 71.0   24270.00   .6566156E-11
 71.0   24280.00   .6566554E-11
 71.0   24290.00   .6566959E-11
 71.0   24300.00   .6567366E-11
 71.0   24310.00   .6567773E-11
 71.0   24320.00   .6568177E-11
 71.0   24330.00   .6568589E-11
 71.0   24340.00   .6568996E-11
 71.0   24350.00   .6569408E-11
 71.0   24360.00   .6569816E-11
 71.0   24370.00   .6570227E-11
 71.0   24380.00   .6570644E-11
 71.0   24390.00   .6571057E-11
 71.0   24400.00   .6571470E-11
 71.0   24410.00   .6571886E-11
 71.0   24420.00   .6572310E-11
 71.0   24430.00   .6572724E-11
 71.0   24440.00   .6573145E-11
 71.0   24450.00   .6573563E-11
 71.0   24460.00   .6573985E-11
 71.0   24470.00   .6574404E-11
 71.0   24480.00   .6574829E-11
 71.0   24490.00   .6575248E-11
 71.0   24500.00   .6575676E-11
 71.0   24510.00   .6576099E-11
 71.0   24520.00   .6576528E-11
 71.0   24530.00   .6576949E-11
 71.0   24540.00   .6577381E-11
 71.0   24550.00   .6577803E-11
 71.0   24560.00   .6578238E-11
 71.0   24570.00   .6578669E-11
 71.0   24580.00   .6579097E-11
 71.0   24590.00   .6579530E-11
 71.0   24600.00   .6579962E-11
 71.0   24610.00   .6580388E-11
 71.0   24620.00   .6580825E-11
 71.0   24630.00   .6581264E-11
 71.0   24640.00   .6581697E-11
 71.0   24650.00   .6582133E-11
 71.0   24660.00   .6582573E-11
 71.0   24670.00   .6583008E-11
 71.0   24680.00   .6583445E-11
 71.0   24690.00   .6583880E-11
 71.0   24700.00   .6584319E-11
 71.0   24710.00   .6584758E-11
 71.0   24720.00   .6585195E-11
 71.0   24730.00   .6585643E-11
 71.0   24740.00   .6586081E-11
 71.0   24750.00   .6586522E-11
 71.0   24760.00   .6586965E-11
 71.0   24770.00   .6587406E-11
 71.0   24780.00   .6587848E-11
 71.0   24790.00   .6588291E-11
 71.0   24800.00   .6588732E-11
 71.0   24810.00   .6589182E-11
 71.0   24820.00   .6589625E-11
 71.0   24830.00   .6590069E-11
 71.0   24840.00   .6590514E-11
 71.0   24850.00   .6590966E-11
 71.0   24860.00   .6591412E-11
 71.0   24870.00   .6591857E-11
 71.0   24880.00   .6592309E-11
 71.0   24890.00   .6592751E-11
 71.0   24900.00   .6593204E-11
 71.0   24910.00   .6593650E-11
 71.0   24920.00   .6594097E-11
 71.0   24930.00   .6594551E-11
 71.0   24940.00   .6595000E-11
 71.0   24950.00   .6595446E-11
 71.0   24960.00   .6595897E-11
 71.0   24970.00   .6596347E-11
 71.0   24980.00   .6596801E-11
 71.0   24990.00   .6597250E-11
 71.0   25000.00   .6597702E-11
