 35.0    1000.00   .1168969E-14
 35.0    1010.00   .4508307E-14
 35.0    1020.00   .1212669E-13
 35.0    1030.00   .2675549E-13
 35.0    1040.00   .5191175E-13
 35.0    1050.00   .9191162E-13
 35.0    1060.00   .1518416E-12
 35.0    1070.00   .2374855E-12
 35.0    1080.00   .3552020E-12
 35.0    1090.00   .5117552E-12
 35.0    1100.00   .7140977E-12
 35.0    1110.00   .9691106E-12
 35.0    1120.00   .1283304E-11
 35.0    1130.00   .1662493E-11
 35.0    1140.00   .2111446E-11
 35.0    1150.00   .2633530E-11
 35.0    1160.00   .3230363E-11
 35.0    1170.00   .3901480E-11
 35.0    1180.00   .4644044E-11
 35.0    1190.00   .5452598E-11
 35.0    1200.00   .6318897E-11
 35.0    1210.00   .7231822E-11
 35.0    1220.00   .8177386E-11
 35.0    1230.00   .9138839E-11
 35.0    1240.00   .1009696E-10
 35.0    1250.00   .1103034E-10
 35.0    1260.00   .1191814E-10
 35.0    1270.00   .1274835E-10
 35.0    1280.00   .1351351E-10
 35.0    1290.00   .1420890E-10
 35.0    1300.00   .1483254E-10
 35.0    1310.00   .1538509E-10
 35.0    1320.00   .1586957E-10
 35.0    1330.00   .1629128E-10
 35.0    1340.00   .1665744E-10
 35.0    1350.00   .1697695E-10
 35.0    1360.00   .1726016E-10
 35.0    1370.00   .1751857E-10
 35.0    1380.00   .1776443E-10
 35.0    1390.00   .1800473E-10
 35.0    1400.00   .1824070E-10
 35.0    1410.00   .1847326E-10
 35.0    1420.00   .1870333E-10
 35.0    1430.00   .1893188E-10
 35.0    1440.00   .1915986E-10
 35.0    1450.00   .1938834E-10
 35.0    1460.00   .1961846E-10
 35.0    1470.00   .1985141E-10
 35.0    1480.00   .2008853E-10
 35.0    1490.00   .2033126E-10
 35.0    1500.00   .2058117E-10
 35.0    1510.00   .2083973E-10
 35.0    1520.00   .2110752E-10
 35.0    1530.00   .2138487E-10
 35.0    1540.00   .2167208E-10
 35.0    1550.00   .2196945E-10
 35.0    1560.00   .2227723E-10
 35.0    1570.00   .2259568E-10
 35.0    1580.00   .2292501E-10
 35.0    1590.00   .2326542E-10
 35.0    1600.00   .2361709E-10
 35.0    1610.00   .2398018E-10
 35.0    1620.00   .2435483E-10
 35.0    1630.00   .2474115E-10
 35.0    1640.00   .2513921E-10
 35.0    1650.00   .2554910E-10
 35.0    1660.00   .2597084E-10
 35.0    1670.00   .2640446E-10
 35.0    1680.00   .2684994E-10
 35.0    1690.00   .2730722E-10
 35.0    1700.00   .2777626E-10
 35.0    1710.00   .2825696E-10
 35.0    1720.00   .2874916E-10
 35.0    1730.00   .2925273E-10
 35.0    1740.00   .2976747E-10
 35.0    1750.00   .3029314E-10
 35.0    1760.00   .3082949E-10
 35.0    1770.00   .3137634E-10
 35.0    1780.00   .3193349E-10
 35.0    1790.00   .3250070E-10
 35.0    1800.00   .3307773E-10
 35.0    1810.00   .3366429E-10
 35.0    1820.00   .3426005E-10
 35.0    1830.00   .3486466E-10
 35.0    1840.00   .3547774E-10
 35.0    1850.00   .3609887E-10
 35.0    1860.00   .3672758E-10
 35.0    1870.00   .3736339E-10
 35.0    1880.00   .3800576E-10
 35.0    1890.00   .3865414E-10
 35.0    1900.00   .3930791E-10
 35.0    1910.00   .3996643E-10
 35.0    1920.00   .4062902E-10
 35.0    1930.00   .4129495E-10
 35.0    1940.00   .4196347E-10
 35.0    1950.00   .4263376E-10
 35.0    1960.00   .4330498E-10
 35.0    1970.00   .4397625E-10
 35.0    1980.00   .4464662E-10
 35.0    1990.00   .4531514E-10
 35.0    2000.00   .4598077E-10
 35.0    2010.00   .4664265E-10
 35.0    2020.00   .4730056E-10
 35.0    2030.00   .4795444E-10
 35.0    2040.00   .4860429E-10
 35.0    2050.00   .4925008E-10
 35.0    2060.00   .4989183E-10
 35.0    2070.00   .5052953E-10
 35.0    2080.00   .5116326E-10
 35.0    2090.00   .5179298E-10
 35.0    2100.00   .5241884E-10
 35.0    2110.00   .5304088E-10
 35.0    2120.00   .5365918E-10
 35.0    2130.00   .5427386E-10
 35.0    2140.00   .5488503E-10
 35.0    2150.00   .5549282E-10
 35.0    2160.00   .5609739E-10
 35.0    2170.00   .5669891E-10
 35.0    2180.00   .5729754E-10
 35.0    2190.00   .5789349E-10
 35.0    2200.00   .5848697E-10
 35.0    2210.00   .5907819E-10
 35.0    2220.00   .5966744E-10
 35.0    2230.00   .6025496E-10
 35.0    2240.00   .6084102E-10
 35.0    2250.00   .6142592E-10
 35.0    2260.00   .6200993E-10
 35.0    2270.00   .6259313E-10
 35.0    2280.00   .6317557E-10
 35.0    2290.00   .6375731E-10
 35.0    2300.00   .6433841E-10
 35.0    2310.00   .6491893E-10
 35.0    2320.00   .6549894E-10
 35.0    2330.00   .6607850E-10
 35.0    2340.00   .6665775E-10
 35.0    2350.00   .6723675E-10
 35.0    2360.00   .6781562E-10
 35.0    2370.00   .6839444E-10
 35.0    2380.00   .6897332E-10
 35.0    2390.00   .6955241E-10
 35.0    2400.00   .7013180E-10
 35.0    2410.00   .7071166E-10
 35.0    2420.00   .7129210E-10
 35.0    2430.00   .7187328E-10
 35.0    2440.00   .7245536E-10
 35.0    2450.00   .7303846E-10
 35.0    2460.00   .7362283E-10
 35.0    2470.00   .7420860E-10
 35.0    2480.00   .7479598E-10
 35.0    2490.00   .7538515E-10
 35.0    2500.00   .7597633E-10
 35.0    2510.00   .7779282E-10
 35.0    2520.00   .8152869E-10
 35.0    2530.00   .9249769E-10
 35.0    2540.00   .9270999E-10
 35.0    2550.00   .9103170E-10
 35.0    2560.00   .8913691E-10
 35.0    2570.00   .8791746E-10
 35.0    2580.00   .8626380E-10
 35.0    2590.00   .8731517E-10
 35.0    2600.00   .8800481E-10
 35.0    2610.00   .8852586E-10
 35.0    2620.00   .8435172E-10
 35.0    2630.00   .7770415E-10
 35.0    2640.00   .8108818E-10
 35.0    2650.00   .9268046E-10
 35.0    2660.00   .1039619E-09
 35.0    2670.00   .1160987E-09
 35.0    2680.00   .1373236E-09
 35.0    2690.00   .1639555E-09
 35.0    2700.00   .1902667E-09
 35.0    2710.00   .2164959E-09
 35.0    2720.00   .2296416E-09
 35.0    2730.00   .2398054E-09
 35.0    2740.00   .2528321E-09
 35.0    2750.00   .2671453E-09
 35.0    2760.00   .2761862E-09
 35.0    2770.00   .2966330E-09
 35.0    2780.00   .3014351E-09
 35.0    2790.00   .2934469E-09
 35.0    2800.00   .2815470E-09
 35.0    2810.00   .2951563E-09
 35.0    2820.00   .3078899E-09
 35.0    2830.00   .3221733E-09
 35.0    2840.00   .3342277E-09
 35.0    2850.00   .3440578E-09
 35.0    2860.00   .3819349E-09
 35.0    2870.00   .4376743E-09
 35.0    2880.00   .4862116E-09
 35.0    2890.00   .5456280E-09
 35.0    2900.00   .6045064E-09
 35.0    2910.00   .6547009E-09
 35.0    2920.00   .6769343E-09
 35.0    2930.00   .6888997E-09
 35.0    2940.00   .6954782E-09
 35.0    2950.00   .6878176E-09
 35.0    2960.00   .6707521E-09
 35.0    2970.00   .6358591E-09
 35.0    2980.00   .6021266E-09
 35.0    2990.00   .5670942E-09
 35.0    3000.00   .5459800E-09
 35.0    3010.00   .5419373E-09
 35.0    3020.00   .5536565E-09
 35.0    3030.00   .5492669E-09
 35.0    3040.00   .5304173E-09
 35.0    3050.00   .4743998E-09
 35.0    3060.00   .4491176E-09
 35.0    3070.00   .5270186E-09
 35.0    3080.00   .5732859E-09
 35.0    3090.00   .5783918E-09
 35.0    3100.00   .5714146E-09
 35.0    3110.00   .5719976E-09
 35.0    3120.00   .5992487E-09
 35.0    3130.00   .6605440E-09
 35.0    3140.00   .7234596E-09
 35.0    3150.00   .7934337E-09
 35.0    3160.00   .8414893E-09
 35.0    3170.00   .8878444E-09
 35.0    3180.00   .8850544E-09
 35.0    3190.00   .8715920E-09
 35.0    3200.00   .8700176E-09
 35.0    3210.00   .8177136E-09
 35.0    3220.00   .8397763E-09
 35.0    3230.00   .7821630E-09
 35.0    3240.00   .7111168E-09
 35.0    3250.00   .6198039E-09
 35.0    3260.00   .5346436E-09
 35.0    3270.00   .5676644E-09
 35.0    3280.00   .6025672E-09
 35.0    3290.00   .5703737E-09
 35.0    3300.00   .5681207E-09
 35.0    3310.00   .6554189E-09
 35.0    3320.00   .6664598E-09
 35.0    3330.00   .7014910E-09
 35.0    3340.00   .7231734E-09
 35.0    3350.00   .7315822E-09
 35.0    3360.00   .7284527E-09
 35.0    3370.00   .7044857E-09
 35.0    3380.00   .7394909E-09
 35.0    3390.00   .7389990E-09
 35.0    3400.00   .7708338E-09
 35.0    3410.00   .8001940E-09
 35.0    3420.00   .8028687E-09
 35.0    3430.00   .8148680E-09
 35.0    3440.00   .8522580E-09
 35.0    3450.00   .8774651E-09
 35.0    3460.00   .8606801E-09
 35.0    3470.00   .9162941E-09
 35.0    3480.00   .9383812E-09
 35.0    3490.00   .9520993E-09
 35.0    3500.00   .1043696E-08
 35.0    3510.00   .1134787E-08
 35.0    3520.00   .1170589E-08
 35.0    3530.00   .1261880E-08
 35.0    3540.00   .1328599E-08
 35.0    3550.00   .1358448E-08
 35.0    3560.00   .1421180E-08
 35.0    3570.00   .1440472E-08
 35.0    3580.00   .1433257E-08
 35.0    3590.00   .1424077E-08
 35.0    3600.00   .1399745E-08
 35.0    3610.00   .1415604E-08
 35.0    3620.00   .1387173E-08
 35.0    3630.00   .1384223E-08
 35.0    3640.00   .1452935E-08
 35.0    3650.00   .1554354E-08
 35.0    3660.00   .1640478E-08
 35.0    3670.00   .1691213E-08
 35.0    3680.00   .1708340E-08
 35.0    3690.00   .1683021E-08
 35.0    3700.00   .1574345E-08
 35.0    3710.00   .1461082E-08
 35.0    3720.00   .1341973E-08
 35.0    3730.00   .1263293E-08
 35.0    3740.00   .1257529E-08
 35.0    3750.00   .1224400E-08
 35.0    3760.00   .1161030E-08
 35.0    3770.00   .1148235E-08
 35.0    3780.00   .1158322E-08
 35.0    3790.00   .1148951E-08
 35.0    3800.00   .1106312E-08
 35.0    3810.00   .1155120E-08
 35.0    3820.00   .1254298E-08
 35.0    3830.00   .1354531E-08
 35.0    3840.00   .1475414E-08
 35.0    3850.00   .1652601E-08
 35.0    3860.00   .1854806E-08
 35.0    3870.00   .2061374E-08
 35.0    3880.00   .2219322E-08
 35.0    3890.00   .2417607E-08
 35.0    3900.00   .2590347E-08
 35.0    3910.00   .2748858E-08
 35.0    3920.00   .2850587E-08
 35.0    3930.00   .2885800E-08
 35.0    3940.00   .2895608E-08
 35.0    3950.00   .2902982E-08
 35.0    3960.00   .2853647E-08
 35.0    3970.00   .2703229E-08
 35.0    3980.00   .2570913E-08
 35.0    3990.00   .2422816E-08
 35.0    4000.00   .2275980E-08
 35.0    4010.00   .2202793E-08
 35.0    4020.00   .2167251E-08
 35.0    4030.00   .2148764E-08
 35.0    4040.00   .2188180E-08
 35.0    4050.00   .2220826E-08
 35.0    4060.00   .2264353E-08
 35.0    4070.00   .2310195E-08
 35.0    4080.00   .2335772E-08
 35.0    4090.00   .2285283E-08
 35.0    4100.00   .2276719E-08
 35.0    4110.00   .2264266E-08
 35.0    4120.00   .2276879E-08
 35.0    4130.00   .2303546E-08
 35.0    4140.00   .2356851E-08
 35.0    4150.00   .2405760E-08
 35.0    4160.00   .2439061E-08
 35.0    4170.00   .2457374E-08
 35.0    4180.00   .2489720E-08
 35.0    4190.00   .2525210E-08
 35.0    4200.00   .2521646E-08
 35.0    4210.00   .2512489E-08
 35.0    4220.00   .2479472E-08
 35.0    4230.00   .2416648E-08
 35.0    4240.00   .2365538E-08
 35.0    4250.00   .2352692E-08
 35.0    4260.00   .2327143E-08
 35.0    4270.00   .2323824E-08
 35.0    4280.00   .2283245E-08
 35.0    4290.00   .2244456E-08
 35.0    4300.00   .2183618E-08
 35.0    4310.00   .2125554E-08
 35.0    4320.00   .2058760E-08
 35.0    4330.00   .1993056E-08
 35.0    4340.00   .1949576E-08
 35.0    4350.00   .1887408E-08
 35.0    4360.00   .1808487E-08
 35.0    4370.00   .1733289E-08
 35.0    4380.00   .1679728E-08
 35.0    4390.00   .1641574E-08
 35.0    4400.00   .1617632E-08
 35.0    4410.00   .1639164E-08
 35.0    4420.00   .1664049E-08
 35.0    4430.00   .1688161E-08
 35.0    4440.00   .1755414E-08
 35.0    4450.00   .1837730E-08
 35.0    4460.00   .1914828E-08
 35.0    4470.00   .1992524E-08
 35.0    4480.00   .2091158E-08
 35.0    4490.00   .2223353E-08
 35.0    4500.00   .2381564E-08
 35.0    4510.00   .2535414E-08
 35.0    4520.00   .2702394E-08
 35.0    4530.00   .2859584E-08
 35.0    4540.00   .3006772E-08
 35.0    4550.00   .3159566E-08
 35.0    4560.00   .3317586E-08
 35.0    4570.00   .3460983E-08
 35.0    4580.00   .3548653E-08
 35.0    4590.00   .3623409E-08
 35.0    4600.00   .3667902E-08
 35.0    4610.00   .3669393E-08
 35.0    4620.00   .3642436E-08
 35.0    4630.00   .3583231E-08
 35.0    4640.00   .3473768E-08
 35.0    4650.00   .3307785E-08
 35.0    4660.00   .3097661E-08
 35.0    4670.00   .2885044E-08
 35.0    4680.00   .2682207E-08
 35.0    4690.00   .2539136E-08
 35.0    4700.00   .2424735E-08
 35.0    4710.00   .2313407E-08
 35.0    4720.00   .2192667E-08
 35.0    4730.00   .2118018E-08
 35.0    4740.00   .2067491E-08
 35.0    4750.00   .1996091E-08
 35.0    4760.00   .1939406E-08
 35.0    4770.00   .1947804E-08
 35.0    4780.00   .1978722E-08
 35.0    4790.00   .2024082E-08
 35.0    4800.00   .2033632E-08
 35.0    4810.00   .2062245E-08
 35.0    4820.00   .2097986E-08
 35.0    4830.00   .2097468E-08
 35.0    4840.00   .2051564E-08
 35.0    4850.00   .1994272E-08
 35.0    4860.00   .1973965E-08
 35.0    4870.00   .2001459E-08
 35.0    4880.00   .2021488E-08
 35.0    4890.00   .2060597E-08
 35.0    4900.00   .2170111E-08
 35.0    4910.00   .2272299E-08
 35.0    4920.00   .2363780E-08
 35.0    4930.00   .2447715E-08
 35.0    4940.00   .2474986E-08
 35.0    4950.00   .2462603E-08
 35.0    4960.00   .2422303E-08
 35.0    4970.00   .2358505E-08
 35.0    4980.00   .2259435E-08
 35.0    4990.00   .2156981E-08
 35.0    5000.00   .2066557E-08
 35.0    5010.00   .2007743E-08
 35.0    5020.00   .1962240E-08
 35.0    5030.00   .1952944E-08
 35.0    5040.00   .1970811E-08
 35.0    5050.00   .1981866E-08
 35.0    5060.00   .1994978E-08
 35.0    5070.00   .2041346E-08
 35.0    5080.00   .2077589E-08
 35.0    5090.00   .2102130E-08
 35.0    5100.00   .2123772E-08
 35.0    5110.00   .2178935E-08
 35.0    5120.00   .2229712E-08
 35.0    5130.00   .2282596E-08
 35.0    5140.00   .2337454E-08
 35.0    5150.00   .2413519E-08
 35.0    5160.00   .2505939E-08
 35.0    5170.00   .2589441E-08
 35.0    5180.00   .2661186E-08
 35.0    5190.00   .2743394E-08
 35.0    5200.00   .2818097E-08
 35.0    5210.00   .2898113E-08
 35.0    5220.00   .2988559E-08
 35.0    5230.00   .3032479E-08
 35.0    5240.00   .3033669E-08
 35.0    5250.00   .3024484E-08
 35.0    5260.00   .2996750E-08
 35.0    5270.00   .2968142E-08
 35.0    5280.00   .2931837E-08
 35.0    5290.00   .2882165E-08
 35.0    5300.00   .2825034E-08
 35.0    5310.00   .2770744E-08
 35.0    5320.00   .2744143E-08
 35.0    5330.00   .2711723E-08
 35.0    5340.00   .2686981E-08
 35.0    5350.00   .2662919E-08
 35.0    5360.00   .2645223E-08
 35.0    5370.00   .2634089E-08
 35.0    5380.00   .2617212E-08
 35.0    5390.00   .2608650E-08
 35.0    5400.00   .2614297E-08
 35.0    5410.00   .2616036E-08
 35.0    5420.00   .2597076E-08
 35.0    5430.00   .2558243E-08
 35.0    5440.00   .2522849E-08
 35.0    5450.00   .2484371E-08
 35.0    5460.00   .2455875E-08
 35.0    5470.00   .2405798E-08
 35.0    5480.00   .2361918E-08
 35.0    5490.00   .2334155E-08
 35.0    5500.00   .2301728E-08
 35.0    5510.00   .2273701E-08
 35.0    5520.00   .2261078E-08
 35.0    5530.00   .2269683E-08
 35.0    5540.00   .2276279E-08
 35.0    5550.00   .2270913E-08
 35.0    5560.00   .2247074E-08
 35.0    5570.00   .2243109E-08
 35.0    5580.00   .2226736E-08
 35.0    5590.00   .2161406E-08
 35.0    5600.00   .2103375E-08
 35.0    5610.00   .2061102E-08
 35.0    5620.00   .2015320E-08
 35.0    5630.00   .1960087E-08
 35.0    5640.00   .1907833E-08
 35.0    5650.00   .1862973E-08
 35.0    5660.00   .1818741E-08
 35.0    5670.00   .1780020E-08
 35.0    5680.00   .1739824E-08
 35.0    5690.00   .1700132E-08
 35.0    5700.00   .1670522E-08
 35.0    5710.00   .1637686E-08
 35.0    5720.00   .1610776E-08
 35.0    5730.00   .1600582E-08
 35.0    5740.00   .1582388E-08
 35.0    5750.00   .1582313E-08
 35.0    5760.00   .1611029E-08
 35.0    5770.00   .1635692E-08
 35.0    5780.00   .1682786E-08
 35.0    5790.00   .1736958E-08
 35.0    5800.00   .1783983E-08
 35.0    5810.00   .1854618E-08
 35.0    5820.00   .1930782E-08
 35.0    5830.00   .2005388E-08
 35.0    5840.00   .2082785E-08
 35.0    5850.00   .2139732E-08
 35.0    5860.00   .2197656E-08
 35.0    5870.00   .2243439E-08
 35.0    5880.00   .2258241E-08
 35.0    5890.00   .2214904E-08
 35.0    5900.00   .2165413E-08
 35.0    5910.00   .2159828E-08
 35.0    5920.00   .2152253E-08
 35.0    5930.00   .2122655E-08
 35.0    5940.00   .2059370E-08
 35.0    5950.00   .1995036E-08
 35.0    5960.00   .1933000E-08
 35.0    5970.00   .1868374E-08
 35.0    5980.00   .1816408E-08
 35.0    5990.00   .1777974E-08
 35.0    6000.00   .1746311E-08
 35.0    6010.00   .1714425E-08
 35.0    6020.00   .1673037E-08
 35.0    6030.00   .1611635E-08
 35.0    6040.00   .1551019E-08
 35.0    6050.00   .1478037E-08
 35.0    6060.00   .1369594E-08
 35.0    6070.00   .1248147E-08
 35.0    6080.00   .1155609E-08
 35.0    6090.00   .1062145E-08
 35.0    6100.00   .9838740E-09
 35.0    6110.00   .8993542E-09
 35.0    6120.00   .8359945E-09
 35.0    6130.00   .8004156E-09
 35.0    6140.00   .7758411E-09
 35.0    6150.00   .7672218E-09
 35.0    6160.00   .7840866E-09
 35.0    6170.00   .8269074E-09
 35.0    6180.00   .8691085E-09
 35.0    6190.00   .9220005E-09
 35.0    6200.00   .9944159E-09
 35.0    6210.00   .1081374E-08
 35.0    6220.00   .1143304E-08
 35.0    6230.00   .1203137E-08
 35.0    6240.00   .1255077E-08
 35.0    6250.00   .1307451E-08
 35.0    6260.00   .1369124E-08
 35.0    6270.00   .1418050E-08
 35.0    6280.00   .1437392E-08
 35.0    6290.00   .1480859E-08
 35.0    6300.00   .1535530E-08
 35.0    6310.00   .1570628E-08
 35.0    6320.00   .1574278E-08
 35.0    6330.00   .1593490E-08
 35.0    6340.00   .1610548E-08
 35.0    6350.00   .1632926E-08
 35.0    6360.00   .1639547E-08
 35.0    6370.00   .1646443E-08
 35.0    6380.00   .1656538E-08
 35.0    6390.00   .1662605E-08
 35.0    6400.00   .1665528E-08
 35.0    6410.00   .1660938E-08
 35.0    6420.00   .1656070E-08
 35.0    6430.00   .1658377E-08
 35.0    6440.00   .1668193E-08
 35.0    6450.00   .1651833E-08
 35.0    6460.00   .1640913E-08
 35.0    6470.00   .1647510E-08
 35.0    6480.00   .1641836E-08
 35.0    6490.00   .1622009E-08
 35.0    6500.00   .1622951E-08
 35.0    6510.00   .1606527E-08
 35.0    6520.00   .1596401E-08
 35.0    6530.00   .1568230E-08
 35.0    6540.00   .1531705E-08
 35.0    6550.00   .1513798E-08
 35.0    6560.00   .1461847E-08
 35.0    6570.00   .1432833E-08
 35.0    6580.00   .1392719E-08
 35.0    6590.00   .1374242E-08
 35.0    6600.00   .1325937E-08
 35.0    6610.00   .1280547E-08
 35.0    6620.00   .1249729E-08
 35.0    6630.00   .1210721E-08
 35.0    6640.00   .1157693E-08
 35.0    6650.00   .1119384E-08
 35.0    6660.00   .1101100E-08
 35.0    6670.00   .1070468E-08
 35.0    6680.00   .1036399E-08
 35.0    6690.00   .9949361E-09
 35.0    6700.00   .9574185E-09
 35.0    6710.00   .9250671E-09
 35.0    6720.00   .9115787E-09
 35.0    6730.00   .8820140E-09
 35.0    6740.00   .8533514E-09
 35.0    6750.00   .8351177E-09
 35.0    6760.00   .8067654E-09
 35.0    6770.00   .8090166E-09
 35.0    6780.00   .7851708E-09
 35.0    6790.00   .7704623E-09
 35.0    6800.00   .7673496E-09
 35.0    6810.00   .7556409E-09
 35.0    6820.00   .7488518E-09
 35.0    6830.00   .7527889E-09
 35.0    6840.00   .7353977E-09
 35.0    6850.00   .7357778E-09
 35.0    6860.00   .7218020E-09
 35.0    6870.00   .6511677E-09
 35.0    6880.00   .7063147E-09
 35.0    6890.00   .6935462E-09
 35.0    6900.00   .6952789E-09
 35.0    6910.00   .7069001E-09
 35.0    6920.00   .7040153E-09
 35.0    6930.00   .7179888E-09
 35.0    6940.00   .7097734E-09
 35.0    6950.00   .7158321E-09
 35.0    6960.00   .6898619E-09
 35.0    6970.00   .6888132E-09
 35.0    6980.00   .6774590E-09
 35.0    6990.00   .6784457E-09
 35.0    7000.00   .6736866E-09
 35.0    7010.00   .6614675E-09
 35.0    7020.00   .6668881E-09
 35.0    7030.00   .6661212E-09
 35.0    7040.00   .6565646E-09
 35.0    7050.00   .6550749E-09
 35.0    7060.00   .6567876E-09
 35.0    7070.00   .6493460E-09
 35.0    7080.00   .6483056E-09
 35.0    7090.00   .6592340E-09
 35.0    7100.00   .6595514E-09
 35.0    7110.00   .6561651E-09
 35.0    7120.00   .6645539E-09
 35.0    7130.00   .6591707E-09
 35.0    7140.00   .6576026E-09
 35.0    7150.00   .6534145E-09
 35.0    7160.00   .6490112E-09
 35.0    7170.00   .6291438E-09
 35.0    7180.00   .6361633E-09
 35.0    7190.00   .6222528E-09
 35.0    7200.00   .6257170E-09
 35.0    7210.00   .6263344E-09
 35.0    7220.00   .6310026E-09
 35.0    7230.00   .6255243E-09
 35.0    7240.00   .6150593E-09
 35.0    7250.00   .6273095E-09
 35.0    7260.00   .6323813E-09
 35.0    7270.00   .6213679E-09
 35.0    7280.00   .6255624E-09
 35.0    7290.00   .6162126E-09
 35.0    7300.00   .6122935E-09
 35.0    7310.00   .6023371E-09
 35.0    7320.00   .5980583E-09
 35.0    7330.00   .5910255E-09
 35.0    7340.00   .5811642E-09
 35.0    7350.00   .5691463E-09
 35.0    7360.00   .5392224E-09
 35.0    7370.00   .5336453E-09
 35.0    7380.00   .5177870E-09
 35.0    7390.00   .5070759E-09
 35.0    7400.00   .5079147E-09
 35.0    7410.00   .4893624E-09
 35.0    7420.00   .4840744E-09
 35.0    7430.00   .4779678E-09
 35.0    7440.00   .4647178E-09
 35.0    7450.00   .4423622E-09
 35.0    7460.00   .4282611E-09
 35.0    7470.00   .4097569E-09
 35.0    7480.00   .4028690E-09
 35.0    7490.00   .3865620E-09
 35.0    7500.00   .3938749E-09
 35.0    7510.00   .4008862E-09
 35.0    7520.00   .4126314E-09
 35.0    7530.00   .4123170E-09
 35.0    7540.00   .4091045E-09
 35.0    7550.00   .4080131E-09
 35.0    7560.00   .4083696E-09
 35.0    7570.00   .4086694E-09
 35.0    7580.00   .4183305E-09
 35.0    7590.00   .4018895E-09
 35.0    7600.00   .4005454E-09
 35.0    7610.00   .4224097E-09
 35.0    7620.00   .4119041E-09
 35.0    7630.00   .4197469E-09
 35.0    7640.00   .4208704E-09
 35.0    7650.00   .4154069E-09
 35.0    7660.00   .4189131E-09
 35.0    7670.00   .4174922E-09
 35.0    7680.00   .4262682E-09
 35.0    7690.00   .4227243E-09
 35.0    7700.00   .4386833E-09
 35.0    7710.00   .4388878E-09
 35.0    7720.00   .4375254E-09
 35.0    7730.00   .4381582E-09
 35.0    7740.00   .4304030E-09
 35.0    7750.00   .4466499E-09
 35.0    7760.00   .4517805E-09
 35.0    7770.00   .4522920E-09
 35.0    7780.00   .4594769E-09
 35.0    7790.00   .4623469E-09
 35.0    7800.00   .4718229E-09
 35.0    7810.00   .4839183E-09
 35.0    7820.00   .4838579E-09
 35.0    7830.00   .4899130E-09
 35.0    7840.00   .4963012E-09
 35.0    7850.00   .4984158E-09
 35.0    7860.00   .5076671E-09
 35.0    7870.00   .5057971E-09
 35.0    7880.00   .4952490E-09
 35.0    7890.00   .5017219E-09
 35.0    7900.00   .4917033E-09
 35.0    7910.00   .4858179E-09
 35.0    7920.00   .4745488E-09
 35.0    7930.00   .4690652E-09
 35.0    7940.00   .4572464E-09
 35.0    7950.00   .4412725E-09
 35.0    7960.00   .4369202E-09
 35.0    7970.00   .4346715E-09
 35.0    7980.00   .4286672E-09
 35.0    7990.00   .4150431E-09
 35.0    8000.00   .4145843E-09
 35.0    8010.00   .4138290E-09
 35.0    8020.00   .4013416E-09
 35.0    8030.00   .4038501E-09
 35.0    8040.00   .3966923E-09
 35.0    8050.00   .3993466E-09
 35.0    8060.00   .3877750E-09
 35.0    8070.00   .3920264E-09
 35.0    8080.00   .3876953E-09
 35.0    8090.00   .3943541E-09
 35.0    8100.00   .3898502E-09
 35.0    8110.00   .3831480E-09
 35.0    8120.00   .3778493E-09
 35.0    8130.00   .3636724E-09
 35.0    8140.00   .3557195E-09
 35.0    8150.00   .3404118E-09
 35.0    8160.00   .3117795E-09
 35.0    8170.00   .3041492E-09
 35.0    8180.00   .2733441E-09
 35.0    8190.00   .2538447E-09
 35.0    8200.00   .2367110E-09
 35.0    8210.00   .2288105E-09
 35.0    8220.00   .2235021E-09
 35.0    8230.00   .2141533E-09
 35.0    8240.00   .2191395E-09
 35.0    8250.00   .2279263E-09
 35.0    8260.00   .2304090E-09
 35.0    8270.00   .2372184E-09
 35.0    8280.00   .2401872E-09
 35.0    8290.00   .2405505E-09
 35.0    8300.00   .2530603E-09
 35.0    8310.00   .2457597E-09
 35.0    8320.00   .2488846E-09
 35.0    8330.00   .2560745E-09
 35.0    8340.00   .2582448E-09
 35.0    8350.00   .2634748E-09
 35.0    8360.00   .2594791E-09
 35.0    8370.00   .2726529E-09
 35.0    8380.00   .2666356E-09
 35.0    8390.00   .2774819E-09
 35.0    8400.00   .2907746E-09
 35.0    8410.00   .2994289E-09
 35.0    8420.00   .3169361E-09
 35.0    8430.00   .3420535E-09
 35.0    8440.00   .3680161E-09
 35.0    8450.00   .4043639E-09
 35.0    8460.00   .4408105E-09
 35.0    8470.00   .4576824E-09
 35.0    8480.00   .4754112E-09
 35.0    8490.00   .4967903E-09
 35.0    8500.00   .5214769E-09
 35.0    8510.00   .5297826E-09
 35.0    8520.00   .5438534E-09
 35.0    8530.00   .5454944E-09
 35.0    8540.00   .5651768E-09
 35.0    8550.00   .5583456E-09
 35.0    8560.00   .5749036E-09
 35.0    8570.00   .5808681E-09
 35.0    8580.00   .5834097E-09
 35.0    8590.00   .6084872E-09
 35.0    8600.00   .6124925E-09
 35.0    8610.00   .6310213E-09
 35.0    8620.00   .6280210E-09
 35.0    8630.00   .6272023E-09
 35.0    8640.00   .6284633E-09
 35.0    8650.00   .6353310E-09
 35.0    8660.00   .6303111E-09
 35.0    8670.00   .6321414E-09
 35.0    8680.00   .6248972E-09
 35.0    8690.00   .6259265E-09
 35.0    8700.00   .6238569E-09
 35.0    8710.00   .6118578E-09
 35.0    8720.00   .6115264E-09
 35.0    8730.00   .6163928E-09
 35.0    8740.00   .6158387E-09
 35.0    8750.00   .6125554E-09
 35.0    8760.00   .5966395E-09
 35.0    8770.00   .5984379E-09
 35.0    8780.00   .5862233E-09
 35.0    8790.00   .5875928E-09
 35.0    8800.00   .5795942E-09
 35.0    8810.00   .5853975E-09
 35.0    8820.00   .5787853E-09
 35.0    8830.00   .5649488E-09
 35.0    8840.00   .5628510E-09
 35.0    8850.00   .5580797E-09
 35.0    8860.00   .5482095E-09
 35.0    8870.00   .5295122E-09
 35.0    8880.00   .5094207E-09
 35.0    8890.00   .5057014E-09
 35.0    8900.00   .4955680E-09
 35.0    8910.00   .4895494E-09
 35.0    8920.00   .4672427E-09
 35.0    8930.00   .4769377E-09
 35.0    8940.00   .4788978E-09
 35.0    8950.00   .4567357E-09
 35.0    8960.00   .4443095E-09
 35.0    8970.00   .4541681E-09
 35.0    8980.00   .4435802E-09
 35.0    8990.00   .4306114E-09
 35.0    9000.00   .4319163E-09
 35.0    9010.00   .4361635E-09
 35.0    9020.00   .4271170E-09
 35.0    9030.00   .4239055E-09
 35.0    9040.00   .4189758E-09
 35.0    9050.00   .4128644E-09
 35.0    9060.00   .3937508E-09
 35.0    9070.00   .3794253E-09
 35.0    9080.00   .3751210E-09
 35.0    9090.00   .3666263E-09
 35.0    9100.00   .3713335E-09
 35.0    9110.00   .3681553E-09
 35.0    9120.00   .3481214E-09
 35.0    9130.00   .3431515E-09
 35.0    9140.00   .3448170E-09
 35.0    9150.00   .3387590E-09
 35.0    9160.00   .3398204E-09
 35.0    9170.00   .3348632E-09
 35.0    9180.00   .3276422E-09
 35.0    9190.00   .3347751E-09
 35.0    9200.00   .2738049E-09
 35.0    9210.00   .2729473E-09
 35.0    9220.00   .2768140E-09
 35.0    9230.00   .2714430E-09
 35.0    9240.00   .2677273E-09
 35.0    9250.00   .2740309E-09
 35.0    9260.00   .2675379E-09
 35.0    9270.00   .2614282E-09
 35.0    9280.00   .2502609E-09
 35.0    9290.00   .2420094E-09
 35.0    9300.00   .2387250E-09
 35.0    9310.00   .2207389E-09
 35.0    9320.00   .1989701E-09
 35.0    9330.00   .2033353E-09
 35.0    9340.00   .2173337E-09
 35.0    9350.00   .2085639E-09
 35.0    9360.00   .1989844E-09
 35.0    9370.00   .1907523E-09
 35.0    9380.00   .2046102E-09
 35.0    9390.00   .2201170E-09
 35.0    9400.00   .2134380E-09
 35.0    9410.00   .2308491E-09
 35.0    9420.00   .1770148E-09
 35.0    9430.00   .1868203E-09
 35.0    9440.00   .1980229E-09
 35.0    9450.00   .1691234E-09
 35.0    9460.00   .1936838E-09
 35.0    9470.00   .2092198E-09
 35.0    9480.00   .1814583E-09
 35.0    9490.00   .1796316E-09
 35.0    9500.00   .2003525E-09
 35.0    9510.00   .1646618E-09
 35.0    9520.00   .1578366E-09
 35.0    9530.00   .1718522E-09
 35.0    9540.00   .1814065E-09
 35.0    9550.00   .1719532E-09
 35.0    9560.00   .1914827E-09
 35.0    9570.00   .1901105E-09
 35.0    9580.00   .1603578E-09
 35.0    9590.00   .1834464E-09
 35.0    9600.00   .2042608E-09
 35.0    9610.00   .1686926E-09
 35.0    9620.00   .1921530E-09
 35.0    9630.00   .1754950E-09
 35.0    9640.00   .1640202E-09
 35.0    9650.00   .1998738E-09
 35.0    9660.00   .1894413E-09
 35.0    9670.00   .1927988E-09
 35.0    9680.00   .1941561E-09
 35.0    9690.00   .1895740E-09
 35.0    9700.00   .1802855E-09
 35.0    9710.00   .2070352E-09
 35.0    9720.00   .1732211E-09
 35.0    9730.00   .1706273E-09
 35.0    9740.00   .1488506E-09
 35.0    9750.00   .1633036E-09
 35.0    9760.00   .1625850E-09
 35.0    9770.00   .1630300E-09
 35.0    9780.00   .1574507E-09
 35.0    9790.00   .1538393E-09
 35.0    9800.00   .1497046E-09
 35.0    9810.00   .1498384E-09
 35.0    9820.00   .1468656E-09
 35.0    9830.00   .1442297E-09
 35.0    9840.00   .1441911E-09
 35.0    9850.00   .1429998E-09
 35.0    9860.00   .1423140E-09
 35.0    9870.00   .1385143E-09
 35.0    9880.00   .1391525E-09
 35.0    9890.00   .1393760E-09
 35.0    9900.00   .1362332E-09
 35.0    9910.00   .1360539E-09
 35.0    9920.00   .1349278E-09
 35.0    9930.00   .1294039E-09
 35.0    9940.00   .1304405E-09
 35.0    9950.00   .1298712E-09
 35.0    9960.00   .1265692E-09
 35.0    9970.00   .1240166E-09
 35.0    9980.00   .1236747E-09
 35.0    9990.00   .1241014E-09
 35.0   10000.00   .1234339E-09
 35.0   10010.00   .1228462E-09
 35.0   10020.00   .1222586E-09
 35.0   10030.00   .1216709E-09
 35.0   10040.00   .1210830E-09
 35.0   10050.00   .1204951E-09
 35.0   10060.00   .1199071E-09
 35.0   10070.00   .1193190E-09
 35.0   10080.00   .1187308E-09
 35.0   10090.00   .1181425E-09
 35.0   10100.00   .1175540E-09
 35.0   10110.00   .1169655E-09
 35.0   10120.00   .1163769E-09
 35.0   10130.00   .1157880E-09
 35.0   10140.00   .1151990E-09
 35.0   10150.00   .1146099E-09
 35.0   10160.00   .1140206E-09
 35.0   10170.00   .1134311E-09
 35.0   10180.00   .1128414E-09
 35.0   10190.00   .1122516E-09
 35.0   10200.00   .1116616E-09
 35.0   10210.00   .1110714E-09
 35.0   10220.00   .1104809E-09
 35.0   10230.00   .1098903E-09
 35.0   10240.00   .1092995E-09
 35.0   10250.00   .1087084E-09
 35.0   10260.00   .1081172E-09
 35.0   10270.00   .1075256E-09
 35.0   10280.00   .1069338E-09
 35.0   10290.00   .1063419E-09
 35.0   10300.00   .1057496E-09
 35.0   10310.00   .1051570E-09
 35.0   10320.00   .1045643E-09
 35.0   10330.00   .1039713E-09
 35.0   10340.00   .1033780E-09
 35.0   10350.00   .1027843E-09
 35.0   10360.00   .1021905E-09
 35.0   10370.00   .1015962E-09
 35.0   10380.00   .1010019E-09
 35.0   10390.00   .1004070E-09
 35.0   10400.00   .9981204E-10
 35.0   10410.00   .9921658E-10
 35.0   10420.00   .9862083E-10
 35.0   10430.00   .9802492E-10
 35.0   10440.00   .9742853E-10
 35.0   10450.00   .9683202E-10
 35.0   10460.00   .9623496E-10
 35.0   10470.00   .9563771E-10
 35.0   10480.00   .9504013E-10
 35.0   10490.00   .9444230E-10
 35.0   10500.00   .9384407E-10
 35.0   10510.00   .9324552E-10
 35.0   10520.00   .9264671E-10
 35.0   10530.00   .9204762E-10
 35.0   10540.00   .9144817E-10
 35.0   10550.00   .9084845E-10
 35.0   10560.00   .9024844E-10
 35.0   10570.00   .8964804E-10
 35.0   10580.00   .8904734E-10
 35.0   10590.00   .8844645E-10
 35.0   10600.00   .8784520E-10
 35.0   10610.00   .8724361E-10
 35.0   10620.00   .8664173E-10
 35.0   10630.00   .8603961E-10
 35.0   10640.00   .8543707E-10
 35.0   10650.00   .8483434E-10
 35.0   10660.00   .8423137E-10
 35.0   10670.00   .8362791E-10
 35.0   10680.00   .8302426E-10
 35.0   10690.00   .8242035E-10
 35.0   10700.00   .8181610E-10
 35.0   10710.00   .8121150E-10
 35.0   10720.00   .8060678E-10
 35.0   10730.00   .8000163E-10
 35.0   10740.00   .7939621E-10
 35.0   10750.00   .7879052E-10
 35.0   10760.00   .7818448E-10
 35.0   10770.00   .7757813E-10
 35.0   10780.00   .7697159E-10
 35.0   10790.00   .7636469E-10
 35.0   10800.00   .7575751E-10
 35.0   10810.00   .7515008E-10
 35.0   10820.00   .7454220E-10
 35.0   10830.00   .7393418E-10
 35.0   10840.00   .7332589E-10
 35.0   10850.00   .7271730E-10
 35.0   10860.00   .7210841E-10
 35.0   10870.00   .7149916E-10
 35.0   10880.00   .7088967E-10
 35.0   10890.00   .7027992E-10
 35.0   10900.00   .6966977E-10
 35.0   10910.00   .6905950E-10
 35.0   10920.00   .6844885E-10
 35.0   10930.00   .6783785E-10
 35.0   10940.00   .6722665E-10
 35.0   10950.00   .6661520E-10
 35.0   10960.00   .6600342E-10
 35.0   10970.00   .6539124E-10
 35.0   10980.00   .6477890E-10
 35.0   10990.00   .6416626E-10
 35.0   11000.00   .6355328E-10
 35.0   11010.00   .6294007E-10
 35.0   11020.00   .6232653E-10
 35.0   11030.00   .6171272E-10
 35.0   11040.00   .6109869E-10
 35.0   11050.00   .6048426E-10
 35.0   11060.00   .5986955E-10
 35.0   11070.00   .5925456E-10
 35.0   11080.00   .5863932E-10
 35.0   11090.00   .5802376E-10
 35.0   11100.00   .5740789E-10
 35.0   11110.00   .5679173E-10
 35.0   11120.00   .5617533E-10
 35.0   11130.00   .5555862E-10
 35.0   11140.00   .5494156E-10
 35.0   11150.00   .5432426E-10
 35.0   11160.00   .5370669E-10
 35.0   11170.00   .5308876E-10
 35.0   11180.00   .5247057E-10
 35.0   11190.00   .5185204E-10
 35.0   11200.00   .5123324E-10
 35.0   11210.00   .5061421E-10
 35.0   11220.00   .4999479E-10
 35.0   11230.00   .4937508E-10
 35.0   11240.00   .4875507E-10
 35.0   11250.00   .4813478E-10
 35.0   11260.00   .4751417E-10
 35.0   11270.00   .4689327E-10
 35.0   11280.00   .4627205E-10
 35.0   11290.00   .4565053E-10
 35.0   11300.00   .4502869E-10
 35.0   11310.00   .4501637E-10
 35.0   11320.00   .4500425E-10
 35.0   11330.00   .4499232E-10
 35.0   11340.00   .4498063E-10
 35.0   11350.00   .4496912E-10
 35.0   11360.00   .4495778E-10
 35.0   11370.00   .4494672E-10
 35.0   11380.00   .4493586E-10
 35.0   11390.00   .4492520E-10
 35.0   11400.00   .4491476E-10
 35.0   11410.00   .4490455E-10
 35.0   11420.00   .4489452E-10
 35.0   11430.00   .4488475E-10
 35.0   11440.00   .4487518E-10
 35.0   11450.00   .4486587E-10
 35.0   11460.00   .4485678E-10
 35.0   11470.00   .4484793E-10
 35.0   11480.00   .4483930E-10
 35.0   11490.00   .4483091E-10
 35.0   11500.00   .4482277E-10
 35.0   11510.00   .4481484E-10
 35.0   11520.00   .4480716E-10
 35.0   11530.00   .4479979E-10
 35.0   11540.00   .4479260E-10
 35.0   11550.00   .4478571E-10
 35.0   11560.00   .4477905E-10
 35.0   11570.00   .4477260E-10
 35.0   11580.00   .4476645E-10
 35.0   11590.00   .4476053E-10
 35.0   11600.00   .4475487E-10
 35.0   11610.00   .4474953E-10
 35.0   11620.00   .4474441E-10
 35.0   11630.00   .4473955E-10
 35.0   11640.00   .4473498E-10
 35.0   11650.00   .4473066E-10
 35.0   11660.00   .4472666E-10
 35.0   11670.00   .4472288E-10
 35.0   11680.00   .4471939E-10
 35.0   11690.00   .4471618E-10
 35.0   11700.00   .4471328E-10
 35.0   11710.00   .4471069E-10
 35.0   11720.00   .4470830E-10
 35.0   11730.00   .4470627E-10
 35.0   11740.00   .4470450E-10
 35.0   11750.00   .4470302E-10
 35.0   11760.00   .4470184E-10
 35.0   11770.00   .4470101E-10
 35.0   11780.00   .4470040E-10
 35.0   11790.00   .4470016E-10
 35.0   11800.00   .4470017E-10
 35.0   11810.00   .4470056E-10
 35.0   11820.00   .4470118E-10
 35.0   11830.00   .4470215E-10
 35.0   11840.00   .4470343E-10
 35.0   11850.00   .4470503E-10
 35.0   11860.00   .4470699E-10
 35.0   11870.00   .4470920E-10
 35.0   11880.00   .4471178E-10
 35.0   11890.00   .4471467E-10
 35.0   11900.00   .4471788E-10
 35.0   11910.00   .4472146E-10
 35.0   11920.00   .4472536E-10
 35.0   11930.00   .4472958E-10
 35.0   11940.00   .4473415E-10
 35.0   11950.00   .4473905E-10
 35.0   11960.00   .4474430E-10
 35.0   11970.00   .4474989E-10
 35.0   11980.00   .4475584E-10
 35.0   11990.00   .4476213E-10
 35.0   12000.00   .4476879E-10
 35.0   12010.00   .4477582E-10
 35.0   12020.00   .4478316E-10
 35.0   12030.00   .4479092E-10
 35.0   12040.00   .4479902E-10
 35.0   12050.00   .4480747E-10
 35.0   12060.00   .4481630E-10
 35.0   12070.00   .4482553E-10
 35.0   12080.00   .4483507E-10
 35.0   12090.00   .4484506E-10
 35.0   12100.00   .4485540E-10
 35.0   12110.00   .4486612E-10
 35.0   12120.00   .4487720E-10
 35.0   12130.00   .4488869E-10
 35.0   12140.00   .4490058E-10
 35.0   12150.00   .4491283E-10
 35.0   12160.00   .4492555E-10
 35.0   12170.00   .4493859E-10
 35.0   12180.00   .4495209E-10
 35.0   12190.00   .4496595E-10
 35.0   12200.00   .4498023E-10
 35.0   12210.00   .4499493E-10
 35.0   12220.00   .4501003E-10
 35.0   12230.00   .4502555E-10
 35.0   12240.00   .4504147E-10
 35.0   12250.00   .4505783E-10
 35.0   12260.00   .4507463E-10
 35.0   12270.00   .4509181E-10
 35.0   12280.00   .4510950E-10
 35.0   12290.00   .4512753E-10
 35.0   12300.00   .4514604E-10
 35.0   12310.00   .4516497E-10
 35.0   12320.00   .4518440E-10
 35.0   12330.00   .4520421E-10
 35.0   12340.00   .4522445E-10
 35.0   12350.00   .4524517E-10
 35.0   12360.00   .4526637E-10
 35.0   12370.00   .4528797E-10
 35.0   12380.00   .4531007E-10
 35.0   12390.00   .4533263E-10
 35.0   12400.00   .4535562E-10
 35.0   12410.00   .4537912E-10
 35.0   12420.00   .4540305E-10
 35.0   12430.00   .4542749E-10
 35.0   12440.00   .4545237E-10
 35.0   12450.00   .4547777E-10
 35.0   12460.00   .4550362E-10
 35.0   12470.00   .4552995E-10
 35.0   12480.00   .4555679E-10
 35.0   12490.00   .4558415E-10
 35.0   12500.00   .4561195E-10
 35.0   12510.00   .4565398E-10
 35.0   12520.00   .4569657E-10
 35.0   12530.00   .4573964E-10
 35.0   12540.00   .4578322E-10
 35.0   12550.00   .4582729E-10
 35.0   12560.00   .4587187E-10
 35.0   12570.00   .4591702E-10
 35.0   12580.00   .4596261E-10
 35.0   12590.00   .4600876E-10
 35.0   12600.00   .4605544E-10
 35.0   12610.00   .4610264E-10
 35.0   12620.00   .4615036E-10
 35.0   12630.00   .4619865E-10
 35.0   12640.00   .4624748E-10
 35.0   12650.00   .4629683E-10
 35.0   12660.00   .4634677E-10
 35.0   12670.00   .4639721E-10
 35.0   12680.00   .4644825E-10
 35.0   12690.00   .4649982E-10
 35.0   12700.00   .4655198E-10
 35.0   12710.00   .4660468E-10
 35.0   12720.00   .4665798E-10
 35.0   12730.00   .4671185E-10
 35.0   12740.00   .4676629E-10
 35.0   12750.00   .4682136E-10
 35.0   12760.00   .4687694E-10
 35.0   12770.00   .4693316E-10
 35.0   12780.00   .4698999E-10
 35.0   12790.00   .4704738E-10
 35.0   12800.00   .4710541E-10
 35.0   12810.00   .4716401E-10
 35.0   12820.00   .4722327E-10
 35.0   12830.00   .4728309E-10
 35.0   12840.00   .4734355E-10
 35.0   12850.00   .4740467E-10
 35.0   12860.00   .4746639E-10
 35.0   12870.00   .4752874E-10
 35.0   12880.00   .4759170E-10
 35.0   12890.00   .4765531E-10
 35.0   12900.00   .4771953E-10
 35.0   12910.00   .4778437E-10
 35.0   12920.00   .4784978E-10
 35.0   12930.00   .4791586E-10
 35.0   12940.00   .4798257E-10
 35.0   12950.00   .4804982E-10
 35.0   12960.00   .4811769E-10
 35.0   12970.00   .4818622E-10
 35.0   12980.00   .4825527E-10
 35.0   12990.00   .4832498E-10
 35.0   13000.00   .4839531E-10
 35.0   13010.00   .4846619E-10
 35.0   13020.00   .4853767E-10
 35.0   13030.00   .4860979E-10
 35.0   13040.00   .4868248E-10
 35.0   13050.00   .4875575E-10
 35.0   13060.00   .4882964E-10
 35.0   13070.00   .4890408E-10
 35.0   13080.00   .4897911E-10
 35.0   13090.00   .4905476E-10
 35.0   13100.00   .4913099E-10
 35.0   13110.00   .4920775E-10
 35.0   13120.00   .4928513E-10
 35.0   13130.00   .4936307E-10
 35.0   13140.00   .4944160E-10
 35.0   13150.00   .4952068E-10
 35.0   13160.00   .4960036E-10
 35.0   13170.00   .4968057E-10
 35.0   13180.00   .4976137E-10
 35.0   13190.00   .4984276E-10
 35.0   13200.00   .4992466E-10
 35.0   13210.00   .5000718E-10
 35.0   13220.00   .5009020E-10
 35.0   13230.00   .5017381E-10
 35.0   13240.00   .5025799E-10
 35.0   13250.00   .5034270E-10
 35.0   13260.00   .5042798E-10
 35.0   13270.00   .5051382E-10
 35.0   13280.00   .5060015E-10
 35.0   13290.00   .5068708E-10
 35.0   13300.00   .5077453E-10
 35.0   13310.00   .5086252E-10
 35.0   13320.00   .5095106E-10
 35.0   13330.00   .5104012E-10
 35.0   13340.00   .5112972E-10
 35.0   13350.00   .5121988E-10
 35.0   13360.00   .5131051E-10
 35.0   13370.00   .5140174E-10
 35.0   13380.00   .5149350E-10
 35.0   13390.00   .5158573E-10
 35.0   13400.00   .5167849E-10
 35.0   13410.00   .5177176E-10
 35.0   13420.00   .5186554E-10
 35.0   13430.00   .5195991E-10
 35.0   13440.00   .5205474E-10
 35.0   13450.00   .5215012E-10
 35.0   13460.00   .5224594E-10
 35.0   13470.00   .5234234E-10
 35.0   13480.00   .5243919E-10
 35.0   13490.00   .5253654E-10
 35.0   13500.00   .5263444E-10
 35.0   13510.00   .5273281E-10
 35.0   13520.00   .5283171E-10
 35.0   13530.00   .5293103E-10
 35.0   13540.00   .5303090E-10
 35.0   13550.00   .5313124E-10
 35.0   13560.00   .5323207E-10
 35.0   13570.00   .5333336E-10
 35.0   13580.00   .5343518E-10
 35.0   13590.00   .5353741E-10
 35.0   13600.00   .5364017E-10
 35.0   13610.00   .5374340E-10
 35.0   13620.00   .5384709E-10
 35.0   13630.00   .5395124E-10
 35.0   13640.00   .5405587E-10
 35.0   13650.00   .5416097E-10
 35.0   13660.00   .5426652E-10
 35.0   13670.00   .5437254E-10
 35.0   13680.00   .5447896E-10
 35.0   13690.00   .5458586E-10
 35.0   13700.00   .5469325E-10
 35.0   13710.00   .5458840E-10
 35.0   13720.00   .5448308E-10
 35.0   13730.00   .5437724E-10
 35.0   13740.00   .5427093E-10
 35.0   13750.00   .5416411E-10
 35.0   13760.00   .5405677E-10
 35.0   13770.00   .5394891E-10
 35.0   13780.00   .5384049E-10
 35.0   13790.00   .5373160E-10
 35.0   13800.00   .5362211E-10
 35.0   13810.00   .5351206E-10
 35.0   13820.00   .5340148E-10
 35.0   13830.00   .5329029E-10
 35.0   13840.00   .5317856E-10
 35.0   13850.00   .5306621E-10
 35.0   13860.00   .5295323E-10
 35.0   13870.00   .5283965E-10
 35.0   13880.00   .5272545E-10
 35.0   13890.00   .5261068E-10
 35.0   13900.00   .5249524E-10
 35.0   13910.00   .5237913E-10
 35.0   13920.00   .5226233E-10
 35.0   13930.00   .5214493E-10
 35.0   13940.00   .5202683E-10
 35.0   13950.00   .5190806E-10
 35.0   13960.00   .5178864E-10
 35.0   13970.00   .5166846E-10
 35.0   13980.00   .5154764E-10
 35.0   13990.00   .5142602E-10
 35.0   14000.00   .5130373E-10
 35.0   14010.00   .5118074E-10
 35.0   14020.00   .5105693E-10
 35.0   14030.00   .5093243E-10
 35.0   14040.00   .5080716E-10
 35.0   14050.00   .5068116E-10
 35.0   14060.00   .5055433E-10
 35.0   14070.00   .5042672E-10
 35.0   14080.00   .5029833E-10
 35.0   14090.00   .5016913E-10
 35.0   14100.00   .5003919E-10
 35.0   14110.00   .4990841E-10
 35.0   14120.00   .4977682E-10
 35.0   14130.00   .4964435E-10
 35.0   14140.00   .4951112E-10
 35.0   14150.00   .4937695E-10
 35.0   14160.00   .4924198E-10
 35.0   14170.00   .4910622E-10
 35.0   14180.00   .4896946E-10
 35.0   14190.00   .4883193E-10
 35.0   14200.00   .4869347E-10
 35.0   14210.00   .4855416E-10
 35.0   14220.00   .4841388E-10
 35.0   14230.00   .4827276E-10
 35.0   14240.00   .4813071E-10
 35.0   14250.00   .4798774E-10
 35.0   14260.00   .4784388E-10
 35.0   14270.00   .4769901E-10
 35.0   14280.00   .4755326E-10
 35.0   14290.00   .4740656E-10
 35.0   14300.00   .4725888E-10
 35.0   14310.00   .4711024E-10
 35.0   14320.00   .4696062E-10
 35.0   14330.00   .4681007E-10
 35.0   14340.00   .4665850E-10
 35.0   14350.00   .4650598E-10
 35.0   14360.00   .4635242E-10
 35.0   14370.00   .4619787E-10
 35.0   14380.00   .4604233E-10
 35.0   14390.00   .4588575E-10
 35.0   14400.00   .4572816E-10
 35.0   14410.00   .4556953E-10
 35.0   14420.00   .4540989E-10
 35.0   14430.00   .4524920E-10
 35.0   14440.00   .4508743E-10
 35.0   14450.00   .4492463E-10
 35.0   14460.00   .4476078E-10
 35.0   14470.00   .4459584E-10
 35.0   14480.00   .4442986E-10
 35.0   14490.00   .4426278E-10
 35.0   14500.00   .4409463E-10
 35.0   14510.00   .4392536E-10
 35.0   14520.00   .4375501E-10
 35.0   14530.00   .4358359E-10
 35.0   14540.00   .4341103E-10
 35.0   14550.00   .4323736E-10
 35.0   14560.00   .4306258E-10
 35.0   14570.00   .4288667E-10
 35.0   14580.00   .4270963E-10
 35.0   14590.00   .4253147E-10
 35.0   14600.00   .4235214E-10
 35.0   14610.00   .4217169E-10
 35.0   14620.00   .4199012E-10
 35.0   14630.00   .4180734E-10
 35.0   14640.00   .4162343E-10
 35.0   14650.00   .4143835E-10
 35.0   14660.00   .4125209E-10
 35.0   14670.00   .4106468E-10
 35.0   14680.00   .4087608E-10
 35.0   14690.00   .4068629E-10
 35.0   14700.00   .4049532E-10
 35.0   14710.00   .4030316E-10
 35.0   14720.00   .4010981E-10
 35.0   14730.00   .3991523E-10
 35.0   14740.00   .3971946E-10
 35.0   14750.00   .3952251E-10
 35.0   14760.00   .3932430E-10
 35.0   14770.00   .3912490E-10
 35.0   14780.00   .3892430E-10
 35.0   14790.00   .3872243E-10
 35.0   14800.00   .3851935E-10
 35.0   14810.00   .3831505E-10
 35.0   14820.00   .3810954E-10
 35.0   14830.00   .3790274E-10
 35.0   14840.00   .3769473E-10
 35.0   14850.00   .3748546E-10
 35.0   14860.00   .3727495E-10
 35.0   14870.00   .3706320E-10
 35.0   14880.00   .3685021E-10
 35.0   14890.00   .3663595E-10
 35.0   14900.00   .3642045E-10
 35.0   14910.00   .3620369E-10
 35.0   14920.00   .3598567E-10
 35.0   14930.00   .3576641E-10
 35.0   14940.00   .3554588E-10
 35.0   14950.00   .3532410E-10
 35.0   14960.00   .3510105E-10
 35.0   14970.00   .3487675E-10
 35.0   14980.00   .3465116E-10
 35.0   14990.00   .3442432E-10
 35.0   15000.00   .3419619E-10
 35.0   15010.00   .3425232E-10
 35.0   15020.00   .3430839E-10
 35.0   15030.00   .3436440E-10
 35.0   15040.00   .3442039E-10
 35.0   15050.00   .3447626E-10
 35.0   15060.00   .3453211E-10
 35.0   15070.00   .3458790E-10
 35.0   15080.00   .3464364E-10
 35.0   15090.00   .3469929E-10
 35.0   15100.00   .3475490E-10
 35.0   15110.00   .3481045E-10
 35.0   15120.00   .3486593E-10
 35.0   15130.00   .3492135E-10
 35.0   15140.00   .3497669E-10
 35.0   15150.00   .3503198E-10
 35.0   15160.00   .3508720E-10
 35.0   15170.00   .3514234E-10
 35.0   15180.00   .3519738E-10
 35.0   15190.00   .3525240E-10
 35.0   15200.00   .3530731E-10
 35.0   15210.00   .3536217E-10
 35.0   15220.00   .3541692E-10
 35.0   15230.00   .3547162E-10
 35.0   15240.00   .3552624E-10
 35.0   15250.00   .3558076E-10
 35.0   15260.00   .3563520E-10
 35.0   15270.00   .3568956E-10
 35.0   15280.00   .3574385E-10
 35.0   15290.00   .3579801E-10
 35.0   15300.00   .3585212E-10
 35.0   15310.00   .3590613E-10
 35.0   15320.00   .3596003E-10
 35.0   15330.00   .3601387E-10
 35.0   15340.00   .3606758E-10
 35.0   15350.00   .3612122E-10
 35.0   15360.00   .3617477E-10
 35.0   15370.00   .3622820E-10
 35.0   15380.00   .3628153E-10
 35.0   15390.00   .3633475E-10
 35.0   15400.00   .3638789E-10
 35.0   15410.00   .3644093E-10
 35.0   15420.00   .3649383E-10
 35.0   15430.00   .3654666E-10
 35.0   15440.00   .3659938E-10
 35.0   15450.00   .3665194E-10
 35.0   15460.00   .3670443E-10
 35.0   15470.00   .3675682E-10
 35.0   15480.00   .3680907E-10
 35.0   15490.00   .3686121E-10
 35.0   15500.00   .3691322E-10
 35.0   15510.00   .3696512E-10
 35.0   15520.00   .3701691E-10
 35.0   15530.00   .3706856E-10
 35.0   15540.00   .3712010E-10
 35.0   15550.00   .3717149E-10
 35.0   15560.00   .3722278E-10
 35.0   15570.00   .3727394E-10
 35.0   15580.00   .3732497E-10
 35.0   15590.00   .3737585E-10
 35.0   15600.00   .3742663E-10
 35.0   15610.00   .3747725E-10
 35.0   15620.00   .3752772E-10
 35.0   15630.00   .3757807E-10
 35.0   15640.00   .3762830E-10
 35.0   15650.00   .3767838E-10
 35.0   15660.00   .3772831E-10
 35.0   15670.00   .3777809E-10
 35.0   15680.00   .3782776E-10
 35.0   15690.00   .3787724E-10
 35.0   15700.00   .3792659E-10
 35.0   15710.00   .3797578E-10
 35.0   15720.00   .3802486E-10
 35.0   15730.00   .3807373E-10
 35.0   15740.00   .3812248E-10
 35.0   15750.00   .3817107E-10
 35.0   15760.00   .3821949E-10
 35.0   15770.00   .3826778E-10
 35.0   15780.00   .3831588E-10
 35.0   15790.00   .3836383E-10
 35.0   15800.00   .3841160E-10
 35.0   15810.00   .3845922E-10
 35.0   15820.00   .3850669E-10
 35.0   15830.00   .3855398E-10
 35.0   15840.00   .3860109E-10
 35.0   15850.00   .3864803E-10
 35.0   15860.00   .3869480E-10
 35.0   15870.00   .3874140E-10
 35.0   15880.00   .3878783E-10
 35.0   15890.00   .3883408E-10
 35.0   15900.00   .3888012E-10
 35.0   15910.00   .3892602E-10
 35.0   15920.00   .3897171E-10
 35.0   15930.00   .3901721E-10
 35.0   15940.00   .3906257E-10
 35.0   15950.00   .3910770E-10
 35.0   15960.00   .3915267E-10
 35.0   15970.00   .3919743E-10
 35.0   15980.00   .3924199E-10
 35.0   15990.00   .3928637E-10
 35.0   16000.00   .3933057E-10
 35.0   16010.00   .3937455E-10
 35.0   16020.00   .3941832E-10
 35.0   16030.00   .3946193E-10
 35.0   16040.00   .3950531E-10
 35.0   16050.00   .3954849E-10
 35.0   16060.00   .3959149E-10
 35.0   16070.00   .3963426E-10
 35.0   16080.00   .3967681E-10
 35.0   16090.00   .3971916E-10
 35.0   16100.00   .3976132E-10
 35.0   16110.00   .3980325E-10
 35.0   16120.00   .3984496E-10
 35.0   16130.00   .3988646E-10
 35.0   16140.00   .3992774E-10
 35.0   16150.00   .3996883E-10
 35.0   16160.00   .4000966E-10
 35.0   16170.00   .4005029E-10
 35.0   16180.00   .4009068E-10
 35.0   16190.00   .4013084E-10
 35.0   16200.00   .4017079E-10
 35.0   16210.00   .4021052E-10
 35.0   16220.00   .4025002E-10
 35.0   16230.00   .4028925E-10
 35.0   16240.00   .4032826E-10
 35.0   16250.00   .4036706E-10
 35.0   16260.00   .4039332E-10
 35.0   16270.00   .4041934E-10
 35.0   16280.00   .4044511E-10
 35.0   16290.00   .4047064E-10
 35.0   16300.00   .4049595E-10
 35.0   16310.00   .4052100E-10
 35.0   16320.00   .4054582E-10
 35.0   16330.00   .4057039E-10
 35.0   16340.00   .4059471E-10
 35.0   16350.00   .4061877E-10
 35.0   16360.00   .4064261E-10
 35.0   16370.00   .4066618E-10
 35.0   16380.00   .4068951E-10
 35.0   16390.00   .4071258E-10
 35.0   16400.00   .4073540E-10
 35.0   16410.00   .4075794E-10
 35.0   16420.00   .4078026E-10
 35.0   16430.00   .4080229E-10
 35.0   16440.00   .4082407E-10
 35.0   16450.00   .4084561E-10
 35.0   16460.00   .4086687E-10
 35.0   16470.00   .4088787E-10
 35.0   16480.00   .4090861E-10
 35.0   16490.00   .4092905E-10
 35.0   16500.00   .4094925E-10
 35.0   16510.00   .4096918E-10
 35.0   16520.00   .4098883E-10
 35.0   16530.00   .4100824E-10
 35.0   16540.00   .4102734E-10
 35.0   16550.00   .4104618E-10
 35.0   16560.00   .4106474E-10
 35.0   16570.00   .4108300E-10
 35.0   16580.00   .4110099E-10
 35.0   16590.00   .4111873E-10
 35.0   16600.00   .4113619E-10
 35.0   16610.00   .4115331E-10
 35.0   16620.00   .4117021E-10
 35.0   16630.00   .4118680E-10
 35.0   16640.00   .4120309E-10
 35.0   16650.00   .4121910E-10
 35.0   16660.00   .4123483E-10
 35.0   16670.00   .4125026E-10
 35.0   16680.00   .4126542E-10
 35.0   16690.00   .4128026E-10
 35.0   16700.00   .4129480E-10
 35.0   16710.00   .4130906E-10
 35.0   16720.00   .4132303E-10
 35.0   16730.00   .4133670E-10
 35.0   16740.00   .4135005E-10
 35.0   16750.00   .4136311E-10
 35.0   16760.00   .4137588E-10
 35.0   16770.00   .4138830E-10
 35.0   16780.00   .4140049E-10
 35.0   16790.00   .4141232E-10
 35.0   16800.00   .4142384E-10
 35.0   16810.00   .4143506E-10
 35.0   16820.00   .4144600E-10
 35.0   16830.00   .4145661E-10
 35.0   16840.00   .4146692E-10
 35.0   16850.00   .4147692E-10
 35.0   16860.00   .4148666E-10
 35.0   16870.00   .4149604E-10
 35.0   16880.00   .4150513E-10
 35.0   16890.00   .4151395E-10
 35.0   16900.00   .4152244E-10
 35.0   16910.00   .4153067E-10
 35.0   16920.00   .4153858E-10
 35.0   16930.00   .4154621E-10
 35.0   16940.00   .4155352E-10
 35.0   16950.00   .4156056E-10
 35.0   16960.00   .4156733E-10
 35.0   16970.00   .4157381E-10
 35.0   16980.00   .4157998E-10
 35.0   16990.00   .4158587E-10
 35.0   17000.00   .4159148E-10
 35.0   17010.00   .4159681E-10
 35.0   17020.00   .4160185E-10
 35.0   17030.00   .4160663E-10
 35.0   17040.00   .4161110E-10
 35.0   17050.00   .4161535E-10
 35.0   17060.00   .4161929E-10
 35.0   17070.00   .4162295E-10
 35.0   17080.00   .4162634E-10
 35.0   17090.00   .4162946E-10
 35.0   17100.00   .4163231E-10
 35.0   17110.00   .4163490E-10
 35.0   17120.00   .4163723E-10
 35.0   17130.00   .4163928E-10
 35.0   17140.00   .4164108E-10
 35.0   17150.00   .4164260E-10
 35.0   17160.00   .4164387E-10
 35.0   17170.00   .4164487E-10
 35.0   17180.00   .4164565E-10
 35.0   17190.00   .4164614E-10
 35.0   17200.00   .4164639E-10
 35.0   17210.00   .4164637E-10
 35.0   17220.00   .4164611E-10
 35.0   17230.00   .4164559E-10
 35.0   17240.00   .4164483E-10
 35.0   17250.00   .4164381E-10
 35.0   17260.00   .4164257E-10
 35.0   17270.00   .4164106E-10
 35.0   17280.00   .4163931E-10
 35.0   17290.00   .4163734E-10
 35.0   17300.00   .4163514E-10
 35.0   17310.00   .4163268E-10
 35.0   17320.00   .4162996E-10
 35.0   17330.00   .4162704E-10
 35.0   17340.00   .4162388E-10
 35.0   17350.00   .4162046E-10
 35.0   17360.00   .4161685E-10
 35.0   17370.00   .4161300E-10
 35.0   17380.00   .4160891E-10
 35.0   17390.00   .4160458E-10
 35.0   17400.00   .4160006E-10
 35.0   17410.00   .4159528E-10
 35.0   17420.00   .4159031E-10
 35.0   17430.00   .4158513E-10
 35.0   17440.00   .4157970E-10
 35.0   17450.00   .4157406E-10
 35.0   17460.00   .4156822E-10
 35.0   17470.00   .4156215E-10
 35.0   17480.00   .4155586E-10
 35.0   17490.00   .4154938E-10
 35.0   17500.00   .4154267E-10
 35.0   17510.00   .4153581E-10
 35.0   17520.00   .4152866E-10
 35.0   17530.00   .4152137E-10
 35.0   17540.00   .4151384E-10
 35.0   17550.00   .4150613E-10
 35.0   17560.00   .4149822E-10
 35.0   17570.00   .4149009E-10
 35.0   17580.00   .4148179E-10
 35.0   17590.00   .4147329E-10
 35.0   17600.00   .4146457E-10
 35.0   17610.00   .4145568E-10
 35.0   17620.00   .4144663E-10
 35.0   17630.00   .4143731E-10
 35.0   17640.00   .4142786E-10
 35.0   17650.00   .4141825E-10
 35.0   17660.00   .4140840E-10
 35.0   17670.00   .4139838E-10
 35.0   17680.00   .4138820E-10
 35.0   17690.00   .4137783E-10
 35.0   17700.00   .4136725E-10
 35.0   17710.00   .4135655E-10
 35.0   17720.00   .4134564E-10
 35.0   17730.00   .4133458E-10
 35.0   17740.00   .4132333E-10
 35.0   17750.00   .4131193E-10
 35.0   17760.00   .4130033E-10
 35.0   17770.00   .4128859E-10
 35.0   17780.00   .4127667E-10
 35.0   17790.00   .4126460E-10
 35.0   17800.00   .4125234E-10
 35.0   17810.00   .4123994E-10
 35.0   17820.00   .4122738E-10
 35.0   17830.00   .4121468E-10
 35.0   17840.00   .4120178E-10
 35.0   17850.00   .4118877E-10
 35.0   17860.00   .4117560E-10
 35.0   17870.00   .4116226E-10
 35.0   17880.00   .4114879E-10
 35.0   17890.00   .4113515E-10
 35.0   17900.00   .4112137E-10
 35.0   17910.00   .4110748E-10
 35.0   17920.00   .4109341E-10
 35.0   17930.00   .4107919E-10
 35.0   17940.00   .4106486E-10
 35.0   17950.00   .4105038E-10
 35.0   17960.00   .4103575E-10
 35.0   17970.00   .4102099E-10
 35.0   17980.00   .4100612E-10
 35.0   17990.00   .4099108E-10
 35.0   18000.00   .4097594E-10
 35.0   18010.00   .4083827E-10
 35.0   18020.00   .4070055E-10
 35.0   18030.00   .4056282E-10
 35.0   18040.00   .4042504E-10
 35.0   18050.00   .4028725E-10
 35.0   18060.00   .4014942E-10
 35.0   18070.00   .4001156E-10
 35.0   18080.00   .3987368E-10
 35.0   18090.00   .3973578E-10
 35.0   18100.00   .3959790E-10
 35.0   18110.00   .3945994E-10
 35.0   18120.00   .3932205E-10
 35.0   18130.00   .3918408E-10
 35.0   18140.00   .3904615E-10
 35.0   18150.00   .3890821E-10
 35.0   18160.00   .3877025E-10
 35.0   18170.00   .3863230E-10
 35.0   18180.00   .3849436E-10
 35.0   18190.00   .3835640E-10
 35.0   18200.00   .3821848E-10
 35.0   18210.00   .3808058E-10
 35.0   18220.00   .3794268E-10
 35.0   18230.00   .3780477E-10
 35.0   18240.00   .3766689E-10
 35.0   18250.00   .3752904E-10
 35.0   18260.00   .3739121E-10
 35.0   18270.00   .3725342E-10
 35.0   18280.00   .3711563E-10
 35.0   18290.00   .3697789E-10
 35.0   18300.00   .3684016E-10
 35.0   18310.00   .3670247E-10
 35.0   18320.00   .3656484E-10
 35.0   18330.00   .3642721E-10
 35.0   18340.00   .3628964E-10
 35.0   18350.00   .3615210E-10
 35.0   18360.00   .3601459E-10
 35.0   18370.00   .3587715E-10
 35.0   18380.00   .3573973E-10
 35.0   18390.00   .3560239E-10
 35.0   18400.00   .3546509E-10
 35.0   18410.00   .3532785E-10
 35.0   18420.00   .3519065E-10
 35.0   18430.00   .3505353E-10
 35.0   18440.00   .3491646E-10
 35.0   18450.00   .3477942E-10
 35.0   18460.00   .3464248E-10
 35.0   18470.00   .3450558E-10
 35.0   18480.00   .3436877E-10
 35.0   18490.00   .3423202E-10
 35.0   18500.00   .3409534E-10
 35.0   18510.00   .3395870E-10
 35.0   18520.00   .3382219E-10
 35.0   18530.00   .3368571E-10
 35.0   18540.00   .3354931E-10
 35.0   18550.00   .3341301E-10
 35.0   18560.00   .3327678E-10
 35.0   18570.00   .3314061E-10
 35.0   18580.00   .3300455E-10
 35.0   18590.00   .3286856E-10
 35.0   18600.00   .3273266E-10
 35.0   18610.00   .3259685E-10
 35.0   18620.00   .3246112E-10
 35.0   18630.00   .3232550E-10
 35.0   18640.00   .3218996E-10
 35.0   18650.00   .3205452E-10
 35.0   18660.00   .3191915E-10
 35.0   18670.00   .3178391E-10
 35.0   18680.00   .3164875E-10
 35.0   18690.00   .3151366E-10
 35.0   18700.00   .3137870E-10
 35.0   18710.00   .3124387E-10
 35.0   18720.00   .3110911E-10
 35.0   18730.00   .3097444E-10
 35.0   18740.00   .3083991E-10
 35.0   18750.00   .3070546E-10
 35.0   18760.00   .3057113E-10
 35.0   18770.00   .3043692E-10
 35.0   18780.00   .3030281E-10
 35.0   18790.00   .3016879E-10
 35.0   18800.00   .3003493E-10
 35.0   18810.00   .2990116E-10
 35.0   18820.00   .2976753E-10
 35.0   18830.00   .2963398E-10
 35.0   18840.00   .2950055E-10
 35.0   18850.00   .2936726E-10
 35.0   18860.00   .2923406E-10
 35.0   18870.00   .2910102E-10
 35.0   18880.00   .2896808E-10
 35.0   18890.00   .2883527E-10
 35.0   18900.00   .2870255E-10
 35.0   18910.00   .2856998E-10
 35.0   18920.00   .2843756E-10
 35.0   18930.00   .2830524E-10
 35.0   18940.00   .2817308E-10
 35.0   18950.00   .2804100E-10
 35.0   18960.00   .2790907E-10
 35.0   18970.00   .2777729E-10
 35.0   18980.00   .2764561E-10
 35.0   18990.00   .2751408E-10
 35.0   19000.00   .2738268E-10
 35.0   19010.00   .2725142E-10
 35.0   19020.00   .2712028E-10
 35.0   19030.00   .2698928E-10
 35.0   19040.00   .2685841E-10
 35.0   19050.00   .2672770E-10
 35.0   19060.00   .2659712E-10
 35.0   19070.00   .2646665E-10
 35.0   19080.00   .2633635E-10
 35.0   19090.00   .2620618E-10
 35.0   19100.00   .2607615E-10
 35.0   19110.00   .2594627E-10
 35.0   19120.00   .2581652E-10
 35.0   19130.00   .2568692E-10
 35.0   19140.00   .2555745E-10
 35.0   19150.00   .2542812E-10
 35.0   19160.00   .2529895E-10
 35.0   19170.00   .2516993E-10
 35.0   19180.00   .2504104E-10
 35.0   19190.00   .2491229E-10
 35.0   19200.00   .2478370E-10
 35.0   19210.00   .2465525E-10
 35.0   19220.00   .2452696E-10
 35.0   19230.00   .2439879E-10
 35.0   19240.00   .2427078E-10
 35.0   19250.00   .2414293E-10
 35.0   19260.00   .2401519E-10
 35.0   19270.00   .2388765E-10
 35.0   19280.00   .2376022E-10
 35.0   19290.00   .2363297E-10
 35.0   19300.00   .2350586E-10
 35.0   19310.00   .2337889E-10
 35.0   19320.00   .2325208E-10
 35.0   19330.00   .2312540E-10
 35.0   19340.00   .2299888E-10
 35.0   19350.00   .2287252E-10
 35.0   19360.00   .2274631E-10
 35.0   19370.00   .2262024E-10
 35.0   19380.00   .2249433E-10
 35.0   19390.00   .2236857E-10
 35.0   19400.00   .2224299E-10
 35.0   19410.00   .2211752E-10
 35.0   19420.00   .2199220E-10
 35.0   19430.00   .2186705E-10
 35.0   19440.00   .2174208E-10
 35.0   19450.00   .2161721E-10
 35.0   19460.00   .2149251E-10
 35.0   19470.00   .2136798E-10
 35.0   19480.00   .2124358E-10
 35.0   19490.00   .2111933E-10
 35.0   19500.00   .2099525E-10
 35.0   19510.00   .2087132E-10
 35.0   19520.00   .2074754E-10
 35.0   19530.00   .2062391E-10
 35.0   19540.00   .2050042E-10
 35.0   19550.00   .2037711E-10
 35.0   19560.00   .2025393E-10
 35.0   19570.00   .2013091E-10
 35.0   19580.00   .2000805E-10
 35.0   19590.00   .1988531E-10
 35.0   19600.00   .1976275E-10
 35.0   19610.00   .1964033E-10
 35.0   19620.00   .1951805E-10
 35.0   19630.00   .1939594E-10
 35.0   19640.00   .1927396E-10
 35.0   19650.00   .1915214E-10
 35.0   19660.00   .1903046E-10
 35.0   19670.00   .1890892E-10
 35.0   19680.00   .1878752E-10
 35.0   19690.00   .1866626E-10
 35.0   19700.00   .1854514E-10
 35.0   19710.00   .1842418E-10
 35.0   19720.00   .1830334E-10
 35.0   19730.00   .1818266E-10
 35.0   19740.00   .1806208E-10
 35.0   19750.00   .1794167E-10
 35.0   19760.00   .1782138E-10
 35.0   19770.00   .1770123E-10
 35.0   19780.00   .1758121E-10
 35.0   19790.00   .1746133E-10
 35.0   19800.00   .1734159E-10
 35.0   19810.00   .1722194E-10
 35.0   19820.00   .1710247E-10
 35.0   19830.00   .1698311E-10
 35.0   19840.00   .1686388E-10
 35.0   19850.00   .1674477E-10
 35.0   19860.00   .1662578E-10
 35.0   19870.00   .1650693E-10
 35.0   19880.00   .1638820E-10
 35.0   19890.00   .1626960E-10
 35.0   19900.00   .1615110E-10
 35.0   19910.00   .1603275E-10
 35.0   19920.00   .1591449E-10
 35.0   19930.00   .1579638E-10
 35.0   19940.00   .1567837E-10
 35.0   19950.00   .1556048E-10
 35.0   19960.00   .1544273E-10
 35.0   19970.00   .1532506E-10
 35.0   19980.00   .1520755E-10
 35.0   19990.00   .1509011E-10
 35.0   20000.00   .1497281E-10
 35.0   20010.00   .1485561E-10
 35.0   20020.00   .1473853E-10
 35.0   20030.00   .1462157E-10
 35.0   20040.00   .1450470E-10
 35.0   20050.00   .1438795E-10
 35.0   20060.00   .1427131E-10
 35.0   20070.00   .1415480E-10
 35.0   20080.00   .1403835E-10
 35.0   20090.00   .1392203E-10
 35.0   20100.00   .1380582E-10
 35.0   20110.00   .1380096E-10
 35.0   20120.00   .1379613E-10
 35.0   20130.00   .1379133E-10
 35.0   20140.00   .1378657E-10
 35.0   20150.00   .1378183E-10
 35.0   20160.00   .1377713E-10
 35.0   20170.00   .1377245E-10
 35.0   20180.00   .1376781E-10
 35.0   20190.00   .1376319E-10
 35.0   20200.00   .1375861E-10
 35.0   20210.00   .1375406E-10
 35.0   20220.00   .1374954E-10
 35.0   20230.00   .1374504E-10
 35.0   20240.00   .1374057E-10
 35.0   20250.00   .1373613E-10
 35.0   20260.00   .1373173E-10
 35.0   20270.00   .1372735E-10
 35.0   20280.00   .1372302E-10
 35.0   20290.00   .1371869E-10
 35.0   20300.00   .1371440E-10
 35.0   20310.00   .1371015E-10
 35.0   20320.00   .1370592E-10
 35.0   20330.00   .1370172E-10
 35.0   20340.00   .1369755E-10
 35.0   20350.00   .1369342E-10
 35.0   20360.00   .1368930E-10
 35.0   20370.00   .1368521E-10
 35.0   20380.00   .1368114E-10
 35.0   20390.00   .1367712E-10
 35.0   20400.00   .1367313E-10
 35.0   20410.00   .1366917E-10
 35.0   20420.00   .1366522E-10
 35.0   20430.00   .1366130E-10
 35.0   20440.00   .1365742E-10
 35.0   20450.00   .1365356E-10
 35.0   20460.00   .1364972E-10
 35.0   20470.00   .1364592E-10
 35.0   20480.00   .1364215E-10
 35.0   20490.00   .1363841E-10
 35.0   20500.00   .1363468E-10
 35.0   20510.00   .1363098E-10
 35.0   20520.00   .1362732E-10
 35.0   20530.00   .1362367E-10
 35.0   20540.00   .1362006E-10
 35.0   20550.00   .1361648E-10
 35.0   20560.00   .1361293E-10
 35.0   20570.00   .1360939E-10
 35.0   20580.00   .1360589E-10
 35.0   20590.00   .1360242E-10
 35.0   20600.00   .1359896E-10
 35.0   20610.00   .1359554E-10
 35.0   20620.00   .1359214E-10
 35.0   20630.00   .1358876E-10
 35.0   20640.00   .1358541E-10
 35.0   20650.00   .1358211E-10
 35.0   20660.00   .1357881E-10
 35.0   20670.00   .1357554E-10
 35.0   20680.00   .1357230E-10
 35.0   20690.00   .1356909E-10
 35.0   20700.00   .1356589E-10
 35.0   20710.00   .1356273E-10
 35.0   20720.00   .1355959E-10
 35.0   20730.00   .1355648E-10
 35.0   20740.00   .1355340E-10
 35.0   20750.00   .1355033E-10
 35.0   20760.00   .1354728E-10
 35.0   20770.00   .1354428E-10
 35.0   20780.00   .1354130E-10
 35.0   20790.00   .1353833E-10
 35.0   20800.00   .1353540E-10
 35.0   20810.00   .1353248E-10
 35.0   20820.00   .1352961E-10
 35.0   20830.00   .1352673E-10
 35.0   20840.00   .1352389E-10
 35.0   20850.00   .1352108E-10
 35.0   20860.00   .1351829E-10
 35.0   20870.00   .1351553E-10
 35.0   20880.00   .1351278E-10
 35.0   20890.00   .1351007E-10
 35.0   20900.00   .1350737E-10
 35.0   20910.00   .1350470E-10
 35.0   20920.00   .1350206E-10
 35.0   20930.00   .1349945E-10
 35.0   20940.00   .1349685E-10
 35.0   20950.00   .1349428E-10
 35.0   20960.00   .1349173E-10
 35.0   20970.00   .1348920E-10
 35.0   20980.00   .1348671E-10
 35.0   20990.00   .1348421E-10
 35.0   21000.00   .1348176E-10
 35.0   21010.00   .1347932E-10
 35.0   21020.00   .1347690E-10
 35.0   21030.00   .1347452E-10
 35.0   21040.00   .1347216E-10
 35.0   21050.00   .1346982E-10
 35.0   21060.00   .1346751E-10
 35.0   21070.00   .1346521E-10
 35.0   21080.00   .1346295E-10
 35.0   21090.00   .1346069E-10
 35.0   21100.00   .1345847E-10
 35.0   21110.00   .1345625E-10
 35.0   21120.00   .1345406E-10
 35.0   21130.00   .1345191E-10
 35.0   21140.00   .1344977E-10
 35.0   21150.00   .1344765E-10
 35.0   21160.00   .1344554E-10
 35.0   21170.00   .1344348E-10
 35.0   21180.00   .1344144E-10
 35.0   21190.00   .1343940E-10
 35.0   21200.00   .1343739E-10
 35.0   21210.00   .1343541E-10
 35.0   21220.00   .1343344E-10
 35.0   21230.00   .1343151E-10
 35.0   21240.00   .1342958E-10
 35.0   21250.00   .1342768E-10
 35.0   21260.00   .1342579E-10
 35.0   21270.00   .1342394E-10
 35.0   21280.00   .1342211E-10
 35.0   21290.00   .1342029E-10
 35.0   21300.00   .1341850E-10
 35.0   21310.00   .1341671E-10
 35.0   21320.00   .1341495E-10
 35.0   21330.00   .1341323E-10
 35.0   21340.00   .1341152E-10
 35.0   21350.00   .1340982E-10
 35.0   21360.00   .1340816E-10
 35.0   21370.00   .1340651E-10
 35.0   21380.00   .1340487E-10
 35.0   21390.00   .1340326E-10
 35.0   21400.00   .1340167E-10
 35.0   21410.00   .1340010E-10
 35.0   21420.00   .1339856E-10
 35.0   21430.00   .1339702E-10
 35.0   21440.00   .1339552E-10
 35.0   21450.00   .1339401E-10
 35.0   21460.00   .1339255E-10
 35.0   21470.00   .1339109E-10
 35.0   21480.00   .1338966E-10
 35.0   21490.00   .1338826E-10
 35.0   21500.00   .1338687E-10
 35.0   21510.00   .1338549E-10
 35.0   21520.00   .1338413E-10
 35.0   21530.00   .1338279E-10
 35.0   21540.00   .1338148E-10
 35.0   21550.00   .1338019E-10
 35.0   21560.00   .1337891E-10
 35.0   21570.00   .1337765E-10
 35.0   21580.00   .1337640E-10
 35.0   21590.00   .1337519E-10
 35.0   21600.00   .1337397E-10
 35.0   21610.00   .1337280E-10
 35.0   21620.00   .1337163E-10
 35.0   21630.00   .1337048E-10
 35.0   21640.00   .1336936E-10
 35.0   21650.00   .1336826E-10
 35.0   21660.00   .1336716E-10
 35.0   21670.00   .1336608E-10
 35.0   21680.00   .1336503E-10
 35.0   21690.00   .1336399E-10
 35.0   21700.00   .1336296E-10
 35.0   21710.00   .1336196E-10
 35.0   21720.00   .1336099E-10
 35.0   21730.00   .1336002E-10
 35.0   21740.00   .1335907E-10
 35.0   21750.00   .1335813E-10
 35.0   21760.00   .1335721E-10
 35.0   21770.00   .1335632E-10
 35.0   21780.00   .1335544E-10
 35.0   21790.00   .1335458E-10
 35.0   21800.00   .1335374E-10
 35.0   21810.00   .1335291E-10
 35.0   21820.00   .1335209E-10
 35.0   21830.00   .1335130E-10
 35.0   21840.00   .1335052E-10
 35.0   21850.00   .1334977E-10
 35.0   21860.00   .1334903E-10
 35.0   21870.00   .1334831E-10
 35.0   21880.00   .1334758E-10
 35.0   21890.00   .1334690E-10
 35.0   21900.00   .1334622E-10
 35.0   21910.00   .1334556E-10
 35.0   21920.00   .1334492E-10
 35.0   21930.00   .1334429E-10
 35.0   21940.00   .1334368E-10
 35.0   21950.00   .1334308E-10
 35.0   21960.00   .1334251E-10
 35.0   21970.00   .1334195E-10
 35.0   21980.00   .1334140E-10
 35.0   21990.00   .1334087E-10
 35.0   22000.00   .1334036E-10
 35.0   22010.00   .1333986E-10
 35.0   22020.00   .1333937E-10
 35.0   22030.00   .1333892E-10
 35.0   22040.00   .1333846E-10
 35.0   22050.00   .1333801E-10
 35.0   22060.00   .1333759E-10
 35.0   22070.00   .1333720E-10
 35.0   22080.00   .1333679E-10
 35.0   22090.00   .1333643E-10
 35.0   22100.00   .1333606E-10
 35.0   22110.00   .1333571E-10
 35.0   22120.00   .1333539E-10
 35.0   22130.00   .1333506E-10
 35.0   22140.00   .1333476E-10
 35.0   22150.00   .1333449E-10
 35.0   22160.00   .1333421E-10
 35.0   22170.00   .1333396E-10
 35.0   22180.00   .1333372E-10
 35.0   22190.00   .1333349E-10
 35.0   22200.00   .1333327E-10
 35.0   22210.00   .1333309E-10
 35.0   22220.00   .1333290E-10
 35.0   22230.00   .1333272E-10
 35.0   22240.00   .1333257E-10
 35.0   22250.00   .1333243E-10
 35.0   22260.00   .1333230E-10
 35.0   22270.00   .1333218E-10
 35.0   22280.00   .1333209E-10
 35.0   22290.00   .1333200E-10
 35.0   22300.00   .1333193E-10
 35.0   22310.00   .1333187E-10
 35.0   22320.00   .1333182E-10
 35.0   22330.00   .1333180E-10
 35.0   22340.00   .1333177E-10
 35.0   22350.00   .1333177E-10
 35.0   22360.00   .1333179E-10
 35.0   22370.00   .1333180E-10
 35.0   22380.00   .1333184E-10
 35.0   22390.00   .1333189E-10
 35.0   22400.00   .1333195E-10
 35.0   22410.00   .1333202E-10
 35.0   22420.00   .1333211E-10
 35.0   22430.00   .1333221E-10
 35.0   22440.00   .1333232E-10
 35.0   22450.00   .1333245E-10
 35.0   22460.00   .1333259E-10
 35.0   22470.00   .1333274E-10
 35.0   22480.00   .1333291E-10
 35.0   22490.00   .1333308E-10
 35.0   22500.00   .1333328E-10
 35.0   22510.00   .1333348E-10
 35.0   22520.00   .1333369E-10
 35.0   22530.00   .1333394E-10
 35.0   22540.00   .1333417E-10
 35.0   22550.00   .1333442E-10
 35.0   22560.00   .1333469E-10
 35.0   22570.00   .1333497E-10
 35.0   22580.00   .1333525E-10
 35.0   22590.00   .1333556E-10
 35.0   22600.00   .1333587E-10
 35.0   22610.00   .1333620E-10
 35.0   22620.00   .1333654E-10
 35.0   22630.00   .1333690E-10
 35.0   22640.00   .1333725E-10
 35.0   22650.00   .1333763E-10
 35.0   22660.00   .1333802E-10
 35.0   22670.00   .1333842E-10
 35.0   22680.00   .1333882E-10
 35.0   22690.00   .1333925E-10
 35.0   22700.00   .1333969E-10
 35.0   22710.00   .1334012E-10
 35.0   22720.00   .1334059E-10
 35.0   22730.00   .1334106E-10
 35.0   22740.00   .1334153E-10
 35.0   22750.00   .1334203E-10
 35.0   22760.00   .1334254E-10
 35.0   22770.00   .1334304E-10
 35.0   22780.00   .1334357E-10
 35.0   22790.00   .1334411E-10
 35.0   22800.00   .1334467E-10
 35.0   22810.00   .1334522E-10
 35.0   22820.00   .1334579E-10
 35.0   22830.00   .1334637E-10
 35.0   22840.00   .1334696E-10
 35.0   22850.00   .1334758E-10
 35.0   22860.00   .1334819E-10
 35.0   22870.00   .1334882E-10
 35.0   22880.00   .1334944E-10
 35.0   22890.00   .1335009E-10
 35.0   22900.00   .1335075E-10
 35.0   22910.00   .1335143E-10
 35.0   22920.00   .1335210E-10
 35.0   22930.00   .1335279E-10
 35.0   22940.00   .1335350E-10
 35.0   22950.00   .1335421E-10
 35.0   22960.00   .1335492E-10
 35.0   22970.00   .1335566E-10
 35.0   22980.00   .1335639E-10
 35.0   22990.00   .1335715E-10
 35.0   23000.00   .1335792E-10
 35.0   23010.00   .1335870E-10
 35.0   23020.00   .1335949E-10
 35.0   23030.00   .1336027E-10
 35.0   23040.00   .1336108E-10
 35.0   23050.00   .1336188E-10
 35.0   23060.00   .1336271E-10
 35.0   23070.00   .1336354E-10
 35.0   23080.00   .1336438E-10
 35.0   23090.00   .1336523E-10
 35.0   23100.00   .1336609E-10
 35.0   23110.00   .1336697E-10
 35.0   23120.00   .1336784E-10
 35.0   23130.00   .1336873E-10
 35.0   23140.00   .1336965E-10
 35.0   23150.00   .1337055E-10
 35.0   23160.00   .1337148E-10
 35.0   23170.00   .1337240E-10
 35.0   23180.00   .1337335E-10
 35.0   23190.00   .1337428E-10
 35.0   23200.00   .1337526E-10
 35.0   23210.00   .1337621E-10
 35.0   23220.00   .1337720E-10
 35.0   23230.00   .1337819E-10
 35.0   23240.00   .1337916E-10
 35.0   23250.00   .1338017E-10
 35.0   23260.00   .1338119E-10
 35.0   23270.00   .1338220E-10
 35.0   23280.00   .1338324E-10
 35.0   23290.00   .1338428E-10
 35.0   23300.00   .1338533E-10
 35.0   23310.00   .1338639E-10
 35.0   23320.00   .1338744E-10
 35.0   23330.00   .1338851E-10
 35.0   23340.00   .1338960E-10
 35.0   23350.00   .1339069E-10
 35.0   23360.00   .1339180E-10
 35.0   23370.00   .1339289E-10
 35.0   23380.00   .1339402E-10
 35.0   23390.00   .1339514E-10
 35.0   23400.00   .1339626E-10
 35.0   23410.00   .1339741E-10
 35.0   23420.00   .1339857E-10
 35.0   23430.00   .1339973E-10
 35.0   23440.00   .1340089E-10
 35.0   23450.00   .1340206E-10
 35.0   23460.00   .1340326E-10
 35.0   23470.00   .1340443E-10
 35.0   23480.00   .1340564E-10
 35.0   23490.00   .1340684E-10
 35.0   23500.00   .1340805E-10
 35.0   23510.00   .1340928E-10
 35.0   23520.00   .1341051E-10
 35.0   23530.00   .1341174E-10
 35.0   23540.00   .1341299E-10
 35.0   23550.00   .1341423E-10
 35.0   23560.00   .1341550E-10
 35.0   23570.00   .1341675E-10
 35.0   23580.00   .1341804E-10
 35.0   23590.00   .1341932E-10
 35.0   23600.00   .1342061E-10
 35.0   23610.00   .1342191E-10
 35.0   23620.00   .1342321E-10
 35.0   23630.00   .1342452E-10
 35.0   23640.00   .1342583E-10
 35.0   23650.00   .1342716E-10
 35.0   23660.00   .1342850E-10
 35.0   23670.00   .1342984E-10
 35.0   23680.00   .1343118E-10
 35.0   23690.00   .1343253E-10
 35.0   23700.00   .1343390E-10
 35.0   23710.00   .1343527E-10
 35.0   23720.00   .1343663E-10
 35.0   23730.00   .1343801E-10
 35.0   23740.00   .1343941E-10
 35.0   23750.00   .1344079E-10
 35.0   23760.00   .1344220E-10
 35.0   23770.00   .1344360E-10
 35.0   23780.00   .1344501E-10
 35.0   23790.00   .1344644E-10
 35.0   23800.00   .1344787E-10
 35.0   23810.00   .1344930E-10
 35.0   23820.00   .1345074E-10
 35.0   23830.00   .1345218E-10
 35.0   23840.00   .1345363E-10
 35.0   23850.00   .1345510E-10
 35.0   23860.00   .1345656E-10
 35.0   23870.00   .1345801E-10
 35.0   23880.00   .1345949E-10
 35.0   23890.00   .1346097E-10
 35.0   23900.00   .1346247E-10
 35.0   23910.00   .1346396E-10
 35.0   23920.00   .1346546E-10
 35.0   23930.00   .1346695E-10
 35.0   23940.00   .1346848E-10
 35.0   23950.00   .1347000E-10
 35.0   23960.00   .1347152E-10
 35.0   23970.00   .1347304E-10
 35.0   23980.00   .1347457E-10
 35.0   23990.00   .1347611E-10
 35.0   24000.00   .1347766E-10
 35.0   24010.00   .1347921E-10
 35.0   24020.00   .1348075E-10
 35.0   24030.00   .1348232E-10
 35.0   24040.00   .1348389E-10
 35.0   24050.00   .1348545E-10
 35.0   24060.00   .1348704E-10
 35.0   24070.00   .1348862E-10
 35.0   24080.00   .1349021E-10
 35.0   24090.00   .1349180E-10
 35.0   24100.00   .1349339E-10
 35.0   24110.00   .1349499E-10
 35.0   24120.00   .1349659E-10
 35.0   24130.00   .1349821E-10
 35.0   24140.00   .1349982E-10
 35.0   24150.00   .1350144E-10
 35.0   24160.00   .1350307E-10
 35.0   24170.00   .1350470E-10
 35.0   24180.00   .1350634E-10
 35.0   24190.00   .1350797E-10
 35.0   24200.00   .1350961E-10
 35.0   24210.00   .1351125E-10
 35.0   24220.00   .1351290E-10
 35.0   24230.00   .1351455E-10
 35.0   24240.00   .1351622E-10
 35.0   24250.00   .1351788E-10
 35.0   24260.00   .1351956E-10
 35.0   24270.00   .1352122E-10
 35.0   24280.00   .1352290E-10
 35.0   24290.00   .1352459E-10
 35.0   24300.00   .1352626E-10
 35.0   24310.00   .1352795E-10
 35.0   24320.00   .1352965E-10
 35.0   24330.00   .1353134E-10
 35.0   24340.00   .1353303E-10
 35.0   24350.00   .1353474E-10
 35.0   24360.00   .1353645E-10
 35.0   24370.00   .1353817E-10
 35.0   24380.00   .1353987E-10
 35.0   24390.00   .1354159E-10
 35.0   24400.00   .1354332E-10
 35.0   24410.00   .1354504E-10
 35.0   24420.00   .1354678E-10
 35.0   24430.00   .1354850E-10
 35.0   24440.00   .1355023E-10
 35.0   24450.00   .1355198E-10
 35.0   24460.00   .1355372E-10
 35.0   24470.00   .1355546E-10
 35.0   24480.00   .1355720E-10
 35.0   24490.00   .1355897E-10
 35.0   24500.00   .1356070E-10
 35.0   24510.00   .1356246E-10
 35.0   24520.00   .1356423E-10
 35.0   24530.00   .1356599E-10
 35.0   24540.00   .1356775E-10
 35.0   24550.00   .1356952E-10
 35.0   24560.00   .1357129E-10
 35.0   24570.00   .1357306E-10
 35.0   24580.00   .1357484E-10
 35.0   24590.00   .1357661E-10
 35.0   24600.00   .1357841E-10
 35.0   24610.00   .1358018E-10
 35.0   24620.00   .1358197E-10
 35.0   24630.00   .1358375E-10
 35.0   24640.00   .1358553E-10
 35.0   24650.00   .1358734E-10
 35.0   24660.00   .1358913E-10
 35.0   24670.00   .1359092E-10
 35.0   24680.00   .1359273E-10
 35.0   24690.00   .1359453E-10
 35.0   24700.00   .1359632E-10
 35.0   24710.00   .1359814E-10
 35.0   24720.00   .1359994E-10
 35.0   24730.00   .1360176E-10
 35.0   24740.00   .1360356E-10
 35.0   24750.00   .1360537E-10
 35.0   24760.00   .1360719E-10
 35.0   24770.00   .1360900E-10
 35.0   24780.00   .1361082E-10
 35.0   24790.00   .1361265E-10
 35.0   24800.00   .1361445E-10
 35.0   24810.00   .1361628E-10
 35.0   24820.00   .1361810E-10
 35.0   24830.00   .1361992E-10
 35.0   24840.00   .1362175E-10
 35.0   24850.00   .1362358E-10
 35.0   24860.00   .1362539E-10
 35.0   24870.00   .1362725E-10
 35.0   24880.00   .1362907E-10
 35.0   24890.00   .1363090E-10
 35.0   24900.00   .1363273E-10
 35.0   24910.00   .1363456E-10
 35.0   24920.00   .1363640E-10
 35.0   24930.00   .1363824E-10
 35.0   24940.00   .1364008E-10
 35.0   24950.00   .1364191E-10
 35.0   24960.00   .1364374E-10
 35.0   24970.00   .1364558E-10
 35.0   24980.00   .1364743E-10
 35.0   24990.00   .1364926E-10
 35.0   25000.00   .1365110E-10
