100 .7761449E-15
101 .2998172E-14
102 .8088273E-14
103 .1789393E-13
104 .3479798E-13
105 .6172637E-13
106 .1021263E-12
107 .1599113E-12
108 .2393724E-12
109 .3450534E-12
110 .4815939E-12
111 .6535384E-12
112 .8651235E-12
113 .1120039E-11
114 .1421181E-11
115 .1770399E-11
116 .2168252E-11
117 .2613783E-11
118 .3104320E-11
119 .3635330E-11
120 .4200325E-11
121 .4790825E-11
122 .5396420E-11
123 .6004899E-11
124 .6602472E-11
125 .7174100E-11
126 .7705417E-11
127 .8188454E-11
128 .8618618E-11
129 .8993383E-11
130 .9312217E-11
131 .9576460E-11
132 .9789134E-11
133 .9954726E-11
134 .1007896E-10
135 .1016857E-10
136 .1023104E-10
137 .1027444E-10
138 .1030711E-10
139 .1033421E-10
140 .1035757E-10
141 .1037881E-10
142 .1039955E-10
143 .1042137E-10
144 .1044590E-10
145 .1047473E-10
146 .1050950E-10
147 .1055187E-10
148 .1060357E-10
149 .1066637E-10
150 .1074213E-10
151 .1083245E-10
152 .1093756E-10
153 .1105734E-10
154 .1119167E-10
155 .1134045E-10
156 .1150356E-10
157 .1168090E-10
158 .1187233E-10
159 .1207774E-10
160 .1229697E-10
161 .1252986E-10
162 .1277623E-10
163 .1303586E-10
164 .1330852E-10
165 .1359392E-10
166 .1389176E-10
167 .1420169E-10
168 .1452330E-10
169 .1485612E-10
170 .1519965E-10
171 .1555330E-10
172 .1591644E-10
173 .1628834E-10
174 .1666823E-10
175 .1705523E-10
176 .1744852E-10
177 .1784775E-10
178 .1825266E-10
179 .1866297E-10
180 .1907836E-10
181 .1949849E-10
182 .1992296E-10
183 .2035138E-10
184 .2078329E-10
185 .2121821E-10
186 .2165564E-10
187 .2209502E-10
188 .2253576E-10
189 .2297726E-10
190 .2341887E-10
191 .2385987E-10
192 .2429958E-10
193 .2473724E-10
194 .2517205E-10
195 .2560321E-10
196 .2602986E-10
197 .2645114E-10
198 .2686612E-10
199 .2727391E-10
200 .2767351E-10
201 .2806412E-10
202 .2844546E-10
203 .2881746E-10
204 .2918003E-10
205 .2953314E-10
206 .2987677E-10
207 .3021092E-10
208 .3053563E-10
209 .3085093E-10
210 .3115690E-10
211 .3145365E-10
212 .3174126E-10
213 .3201988E-10
214 .3228967E-10
215 .3255081E-10
216 .3280347E-10
217 .3304789E-10
218 .3328428E-10
219 .3351289E-10
220 .3373398E-10
221 .3394784E-10
222 .3415474E-10
223 .3435501E-10
224 .3454897E-10
225 .3473695E-10
226 .3491942E-10
227 .3509724E-10
228 .3527143E-10
229 .3544302E-10
230 .3561305E-10
231 .3578260E-10
232 .3595274E-10
233 .3612459E-10
234 .3629924E-10
235 .3647784E-10
236 .3666155E-10
237 .3685154E-10
238 .3704901E-10
239 .3725517E-10
240 .3747130E-10
241 .3769864E-10
242 .3793854E-10
243 .3819232E-10
244 .3846137E-10
245 .3874713E-10
246 .3905106E-10
247 .3937474E-10
248 .3971973E-10
249 .4008771E-10
250 .4048042E-10
251 .3760516E-10
252 .5053027E-10
253 .5423958E-10
254 .4616119E-10
255 .4712435E-10
256 .4533026E-10
257 .4776022E-10
258 .4633445E-10
259 .3551962E-10
260 .2443782E-10
261 .2935171E-10
262 .3930934E-10
263 .3385856E-10
264 .3483972E-10
265 .4310614E-10
266 .4423537E-10
267 .5199311E-10
268 .6598011E-10
269 .7788917E-10
270 .1042070E-09
271 .1234000E-09
272 .1195976E-09
273 .1322789E-09
274 .1445821E-09
275 .1472750E-09
276 .1513830E-09
277 .1509835E-09
278 .1474993E-09
279 .1485786E-09
280 .1521142E-09
281 .1522110E-09
282 .1569941E-09
283 .1672258E-09
284 .1514050E-09
285 .1350951E-09
286 .1531281E-09
287 .1890482E-09
288 .2237499E-09
289 .2578556E-09
290 .2716975E-09
291 .2760216E-09
292 .2844652E-09
293 .2847150E-09
294 .2868039E-09
295 .2847547E-09
296 .2714356E-09
297 .2476473E-09
298 .2424738E-09
299 .2487043E-09
300 .2265057E-09
301 .2037938E-09
302 .2111451E-09
303 .2276874E-09
304 .2169793E-09
305 .1448882E-09
306 .1404919E-09
307 .2460140E-09
308 .2976901E-09
309 .2931829E-09
310 .2422272E-09
311 .2071361E-09
312 .1933020E-09
313 .2117587E-09
314 .2656824E-09
315 .2981564E-09
316 .3192238E-09
317 .3322402E-09
318 .3365717E-09
319 .3925132E-09
320 .4531622E-09
321 .4111812E-09
322 .3492888E-09
323 .2795011E-09
324 .2349259E-09
325 .2823958E-09
326 .2824171E-09
327 .2831274E-09
328 .3574697E-09
329 .2573003E-09
330 .2348553E-09
331 .2835181E-09
332 .2814610E-09
333 .2964268E-09
334 .3101521E-09
335 .2809503E-09
336 .3185890E-09
337 .2812764E-09
338 .2867712E-09
339 .2923963E-09
340 .3074624E-09
341 .3161365E-09
342 .3130826E-09
343 .3067981E-09
344 .3015891E-09
345 .2963615E-09
346 .2936723E-09
347 .2971711E-09
348 .2954530E-09
349 .2878365E-09
350 .2988700E-09
351 .3162961E-09
352 .3304350E-09
353 .3418050E-09
354 .3393900E-09
355 .3367247E-09
356 .3388950E-09
357 .3393024E-09
358 .3392077E-09
359 .3408979E-09
360 .3420569E-09
361 .3393274E-09
362 .3229083E-09
363 .3293716E-09
364 .3468851E-09
365 .3636256E-09
366 .3873970E-09
367 .4113924E-09
368 .4356992E-09
369 .4588092E-09
370 .4643795E-09
371 .4488970E-09
372 .4239327E-09
373 .4035857E-09
374 .3722284E-09
375 .3327714E-09
376 .2953179E-09
377 .2702364E-09
378 .2501816E-09
379 .2419261E-09
380 .2343264E-09
381 .2361929E-09
382 .2538543E-09
383 .2837672E-09
384 .3165984E-09
385 .3481597E-09
386 .4111443E-09
387 .4547175E-09
388 .4746586E-09
389 .5411890E-09
390 .5720601E-09
391 .6007599E-09
392 .6512339E-09
393 .6698279E-09
394 .6835433E-09
395 .7257064E-09
396 .7318287E-09
397 .7232113E-09
398 .7178242E-09
399 .6891276E-09
400 .6608905E-09
401 .6331238E-09
402 .6138640E-09
403 .5851138E-09
404 .5789383E-09
405 .5713819E-09
406 .5801563E-09
407 .5567548E-09
408 .5417520E-09
409 .5357814E-09
410 .5277458E-09
411 .5123627E-09
412 .4990708E-09
413 .5047678E-09
414 .5110211E-09
415 .5060611E-09
416 .5185008E-09
417 .5280739E-09
418 .5440205E-09
419 .5636166E-09
420 .5650118E-09
421 .5694627E-09
422 .5699917E-09
423 .5645697E-09
424 .5667714E-09
425 .5800470E-09
426 .5825569E-09
427 .5971510E-09
428 .6132231E-09
429 .6373788E-09
430 .6323695E-09
431 .6389313E-09
432 .6409438E-09
433 .6331699E-09
434 .6204440E-09
435 .5933257E-09
436 .5748636E-09
437 .5348081E-09
438 .4977336E-09
439 .4653948E-09
440 .4400288E-09
441 .4353857E-09
442 .4179898E-09
443 .4119278E-09
444 .4330199E-09
445 .4378922E-09
446 .4412516E-09
447 .4596054E-09
448 .4800829E-09
449 .5129040E-09
450 .5383337E-09
451 .5685332E-09
452 .6499151E-09
453 .7117113E-09
454 .7765508E-09
455 .8671752E-09
456 .9707138E-09
457 .1038581E-08
458 .1090304E-08
459 .1152037E-08
460 .1174449E-08
461 .1192343E-08
462 .1214334E-08
463 .1217867E-08
464 .1209351E-08
465 .1170510E-08
466 .1086686E-08
467 .1003822E-08
468 .9118415E-09
469 .8339426E-09
470 .7649878E-09
471 .7077187E-09
472 .6555807E-09
473 .6111782E-09
474 .5952206E-09
475 .5795427E-09
476 .5711748E-09
477 .5964509E-09
478 .6246647E-09
479 .6532177E-09
480 .6815136E-09
481 .7170252E-09
482 .7394472E-09
483 .7543657E-09
484 .7501341E-09
485 .7435742E-09
486 .7428963E-09
487 .7648314E-09
488 .8045230E-09
489 .8435878E-09
490 .9009070E-09
491 .9647983E-09
492 .1016165E-08
493 .1087512E-08
494 .1098320E-08
495 .1092316E-08
496 .1076592E-08
497 .1005035E-08
498 .9397498E-09
499 .8738050E-09
500 .7946435E-09
501 .7311324E-09
502 .6878453E-09
503 .6585029E-09
504 .6367357E-09
505 .6116219E-09
506 .5952590E-09
507 .5806476E-09
508 .5675645E-09
509 .5665275E-09
510 .5612474E-09
511 .5508436E-09
512 .5522208E-09
513 .5523583E-09
514 .5464176E-09
515 .5589615E-09
516 .5765092E-09
517 .5893659E-09
518 .6064452E-09
519 .6436736E-09
520 .6708833E-09
521 .7020839E-09
522 .7463827E-09
523 .7918228E-09
524 .8400193E-09
525 .8675914E-09
526 .8991527E-09
527 .9345021E-09
528 .9624777E-09
529 .9979545E-09
530 .1016187E-08
531 .1032306E-08
532 .1027115E-08
533 .1027961E-08
534 .1031255E-08
535 .1023978E-08
536 .1014827E-08
537 .1011671E-08
538 .1015334E-08
539 .1047884E-08
540 .1096390E-08
541 .1140564E-08
542 .1198387E-08
543 .1258342E-08
544 .1310808E-08
545 .1362744E-08
546 .1406238E-08
547 .1424738E-08
548 .1455311E-08
549 .1463054E-08
550 .1468194E-08
551 .1472817E-08
552 .1459020E-08
553 .1445535E-08
554 .1442182E-08
555 .1409520E-08
556 .1390954E-08
557 .1359569E-08
558 .1316565E-08
559 .1280235E-08
560 .1241706E-08
561 .1203610E-08
562 .1165169E-08
563 .1125445E-08
564 .1075899E-08
565 .1016812E-08
566 .9813535E-09
567 .9388454E-09
568 .9051019E-09
569 .8998066E-09
570 .8657788E-09
571 .8440972E-09
572 .8466230E-09
573 .8592012E-09
574 .8614555E-09
575 .8730826E-09
576 .9028703E-09
577 .9264026E-09
578 .9645319E-09
579 .9911892E-09
580 .1020736E-08
581 .1054474E-08
582 .1085315E-08
583 .1112739E-08
584 .1120287E-08
585 .1137373E-08
586 .1149624E-08
587 .1156721E-08
588 .1141751E-08
589 .1114702E-08
590 .1098832E-08
591 .1087569E-08
592 .1058637E-08
593 .1013260E-08
594 .9750548E-09
595 .9298720E-09
596 .8808447E-09
597 .8424510E-09
598 .8212445E-09
599 .7923851E-09
600 .7831641E-09
601 .7747217E-09
602 .7798948E-09
603 .7880985E-09
604 .7713635E-09
605 .7677345E-09
606 .7581309E-09
607 .7438101E-09
608 .7331738E-09
609 .7348052E-09
610 .7317616E-09
611 .7101345E-09
612 .7044554E-09
613 .6928096E-09
614 .6675131E-09
615 .6512862E-09
616 .6597345E-09
617 .6647515E-09
618 .6494400E-09
619 .6609119E-09
620 .6873330E-09
621 .6901530E-09
622 .7077706E-09
623 .7148972E-09
624 .7205167E-09
625 .7084391E-09
626 .7198065E-09
627 .7307066E-09
628 .7249944E-09
629 .7527456E-09
630 .7761631E-09
631 .8107858E-09
632 .8456188E-09
633 .8654270E-09
634 .9012212E-09
635 .9578003E-09
636 .1030543E-08
637 .1053727E-08
638 .1086936E-08
639 .1132902E-08
640 .1175146E-08
641 .1195625E-08
642 .1222561E-08
643 .1267215E-08
644 .1263041E-08
645 .1273963E-08
646 .1287643E-08
647 .1284700E-08
648 .1311434E-08
649 .1320683E-08
650 .1334162E-08
651 .1354515E-08
652 .1310355E-08
653 .1293752E-08
654 .1306690E-08
655 .1303647E-08
656 .1316546E-08
657 .1311916E-08
658 .1260034E-08
659 .1205963E-08
660 .1188445E-08
661 .1133481E-08
662 .1091182E-08
663 .1062074E-08
664 .9946747E-09
665 .9726823E-09
666 .9372987E-09
667 .9184666E-09
668 .8843218E-09
669 .8322592E-09
670 .8215315E-09
671 .7985321E-09
672 .8033888E-09
673 .8121834E-09
674 .7503378E-09
675 .7181860E-09
676 .7149736E-09
677 .6960256E-09
678 .6811424E-09
679 .6631137E-09
680 .6557314E-09
681 .6486735E-09
682 .6356553E-09
683 .6287146E-09
684 .6220048E-09
685 .6258949E-09
686 .6045644E-09
687 .5828750E-09
688 .5702344E-09
689 .5808302E-09
690 .5879106E-09
691 .5936284E-09
692 .5959553E-09
693 .5963661E-09
694 .5985889E-09
695 .5986504E-09
696 .5867458E-09
697 .5770546E-09
698 .5730361E-09
699 .5649478E-09
700 .5581310E-09
701 .5510235E-09
702 .5393632E-09
703 .5417498E-09
704 .5438621E-09
705 .5442189E-09
706 .5422294E-09
707 .5454523E-09
708 .5456550E-09
709 .5498363E-09
710 .5557607E-09
711 .5636267E-09
712 .5806445E-09
713 .5905749E-09
714 .5997136E-09
715 .6119009E-09
716 .6246851E-09
717 .6213777E-09
718 .6195122E-09
719 .6157527E-09
720 .6194890E-09
721 .6359196E-09
722 .6437279E-09
723 .6324541E-09
724 .6223174E-09
725 .6243749E-09
726 .6318572E-09
727 .6394035E-09
728 .6441153E-09
729 .6482800E-09
730 .6525642E-09
731 .6653480E-09
732 .6827616E-09
733 .6974966E-09
734 .7153746E-09
735 .7215452E-09
736 .7336934E-09
737 .7406110E-09
738 .7423263E-09
739 .7467205E-09
740 .7358791E-09
741 .7284641E-09
742 .7058905E-09
743 .6879778E-09
744 .6753430E-09
745 .6477329E-09
746 .6308534E-09
747 .6165190E-09
748 .6123527E-09
749 .5857468E-09
750 .5509521E-09
751 .5768491E-09
752 .5619322E-09
753 .5635878E-09
754 .5799428E-09
755 .5912062E-09
756 .5988846E-09
757 .6097041E-09
758 .6322148E-09
759 .5733707E-09
760 .4942298E-09
761 .4490925E-09
762 .5119832E-09
763 .5215446E-09
764 .5167550E-09
765 .5775785E-09
766 .6079377E-09
767 .6324762E-09
768 .6466346E-09
769 .6473889E-09
770 .6451913E-09
771 .6387622E-09
772 .6316672E-09
773 .6239088E-09
774 .6206953E-09
775 .6027482E-09
776 .6018234E-09
777 .5942952E-09
778 .5771171E-09
779 .5684608E-09
780 .5642527E-09
781 .5551224E-09
782 .5513106E-09
783 .5528028E-09
784 .5502916E-09
785 .5398342E-09
786 .5342232E-09
787 .5241646E-09
788 .5167644E-09
789 .5109036E-09
790 .4965598E-09
791 .4790669E-09
792 .4831080E-09
793 .4801253E-09
794 .4709825E-09
795 .4585957E-09
796 .4513905E-09
797 .4492148E-09
798 .4327678E-09
799 .4287468E-09
800 .4289710E-09
801 .4206569E-09
802 .4169332E-09
803 .4030933E-09
804 .3890874E-09
805 .3879488E-09
806 .4149184E-09
807 .3541292E-09
808 .3326743E-09
809 .3188021E-09
810 .3064132E-09
811 .2917301E-09
812 .2809318E-09
813 .2652785E-09
814 .2360206E-09
815 .2097915E-09
816 .1968472E-09
817 .1827831E-09
818 .1644245E-09
819 .1543001E-09
820 .1480494E-09
821 .1429135E-09
822 .1334217E-09
823 .1271920E-09
824 .1258075E-09
825 .1266084E-09
826 .1304659E-09
827 .1382788E-09
828 .1413270E-09
829 .1489755E-09
830 .1447958E-09
831 .1525665E-09
832 .1669157E-09
833 .1811965E-09
834 .1923578E-09
835 .2115825E-09
836 .2319228E-09
837 .2530815E-09
838 .2702750E-09
839 .2875163E-09
840 .3070990E-09
841 .3427810E-09
842 .3577750E-09
843 .3635753E-09
844 .3801034E-09
845 .4111331E-09
846 .4418683E-09
847 .5007978E-09
848 .5382703E-09
849 .5496207E-09
850 .5848165E-09
851 .5920655E-09
852 .5959899E-09
853 .6194304E-09
854 .6474880E-09
855 .6620182E-09
856 .6637734E-09
857 .6648337E-09
858 .6651500E-09
859 .6699911E-09
860 .7027199E-09
861 .7188038E-09
862 .7044225E-09
863 .6905859E-09
864 .6999925E-09
865 .7336614E-09
866 .7523553E-09
867 .7654868E-09
868 .7674107E-09
869 .7541826E-09
870 .7835415E-09
871 .7826619E-09
872 .8026518E-09
873 .8338797E-09
874 .7986946E-09
875 .7791070E-09
876 .7625087E-09
877 .7820276E-09
878 .7942657E-09
879 .7936680E-09
880 .8017111E-09
881 .7935453E-09
882 .7858638E-09
883 .7421240E-09
884 .7561909E-09
885 .7731752E-09
886 .7537885E-09
887 .7446877E-09
888 .7433855E-09
889 .7142392E-09
890 .7100183E-09
891 .7058229E-09
892 .6866147E-09
893 .6619402E-09
894 .6411559E-09
895 .6289800E-09
896 .6084459E-09
897 .6083120E-09
898 .6051779E-09
899 .5792356E-09
900 .5658478E-09
901 .5665732E-09
902 .5630590E-09
903 .5687420E-09
904 .5700225E-09
905 .5715053E-09
906 .5733607E-09
907 .5595458E-09
908 .5583115E-09
909 .5745442E-09
910 .5522375E-09
911 .5378905E-09
912 .5471053E-09
913 .5130005E-09
914 .5162448E-09
915 .5162399E-09
916 .5097524E-09
917 .4995998E-09
918 .4697942E-09
919 .4850269E-09
920 .4919427E-09
921 .4998383E-09
922 .4762381E-09
923 .5167715E-09
924 .5251418E-09
925 .4614009E-09
926 .4548735E-09
927 .4431251E-09
928 .4197856E-09
929 .4134333E-09
930 .3970283E-09
931 .3904227E-09
932 .3298051E-09
933 .3290639E-09
934 .3277446E-09
935 .3461988E-09
936 .3232421E-09
937 .3448707E-09
938 .3769748E-09
939 .4136592E-09
940 .4148815E-09
941 .4274000E-09
942 .3794263E-09
943 .3739982E-09
944 .3752909E-09
945 .3797216E-09
946 .3704178E-09
947 .3542452E-09
948 .3599935E-09
949 .3691604E-09
950 .3716572E-09
951 .3743347E-09
952 .3417937E-09
953 .3416744E-09
954 .3699154E-09
955 .3531343E-09
956 .3552842E-09
957 .3453680E-09
958 .3412022E-09
959 .3437692E-09
960 .3328908E-09
961 .3480003E-09
962 .3444006E-09
963 .3394697E-09
964 .3684120E-09
965 .3495748E-09
966 .3413170E-09
967 .3544686E-09
968 .3648064E-09
969 .3840878E-09
970 .3869466E-09
971 .3968048E-09
972 .4158105E-09
973 .4026079E-09
974 .3978926E-09
975 .4191517E-09
976 .4364411E-09
977 .4588334E-09
978 .4358857E-09
979 .4250437E-09
980 .4604238E-09
981 .4783942E-09
982 .4625819E-09
983 .4746852E-09
984 .5001414E-09
985 .5126817E-09
986 .4901279E-09
987 .4605767E-09
988 .4926184E-09
989 .4881677E-09
990 .4632374E-09
991 .4684792E-09
992 .4585692E-09
993 .4318467E-09
994 .4646050E-09
995 .4785560E-09
996 .4345423E-09
997 .4023760E-09
998 .4022256E-09
999 .4317598E-09
1000 .4349839E-09
1001 .4324294E-09
1002 .4298696E-09
1003 .4273042E-09
1004 .4247339E-09
1005 .4221575E-09
1006 .4195761E-09
1007 .4169895E-09
1008 .4143973E-09
1009 .4117998E-09
1010 .4091968E-09
1011 .4065885E-09
1012 .4039749E-09
1013 .4013556E-09
1014 .3987313E-09
1015 .3961010E-09
1016 .3934661E-09
1017 .3908254E-09
1018 .3881788E-09
1019 .3855277E-09
1020 .3828707E-09
1021 .3802084E-09
1022 .3775407E-09
1023 .3748680E-09
1024 .3721889E-09
1025 .3695050E-09
1026 .3668158E-09
1027 .3641209E-09
1028 .3614206E-09
1029 .3587150E-09
1030 .3560038E-09
1031 .3532874E-09
1032 .3505654E-09
1033 .3478384E-09
1034 .3451054E-09
1035 .3423669E-09
1036 .3396235E-09
1037 .3368741E-09
1038 .3341197E-09
1039 .3313596E-09
1040 .3285940E-09
1041 .3258232E-09
1042 .3230469E-09
1043 .3202651E-09
1044 .3174776E-09
1045 .3146850E-09
1046 .3118867E-09
1047 .3090833E-09
1048 .3062738E-09
1049 .3034590E-09
1050 .3006385E-09
1051 .2978128E-09
1052 .2949815E-09
1053 .2921445E-09
1054 .2893020E-09
1055 .2864538E-09
1056 .2836001E-09
1057 .2807410E-09
1058 .2778760E-09
1059 .2750058E-09
1060 .2721297E-09
1061 .2692481E-09
1062 .2663605E-09
1063 .2634676E-09
1064 .2605691E-09
1065 .2576649E-09
1066 .2547551E-09
1067 .2518397E-09
1068 .2489186E-09
1069 .2459918E-09
1070 .2430594E-09
1071 .2401213E-09
1072 .2371773E-09
1073 .2342282E-09
1074 .2312732E-09
1075 .2283124E-09
1076 .2253461E-09
1077 .2223740E-09
1078 .2193964E-09
1079 .2164129E-09
1080 .2134240E-09
1081 .2104291E-09
1082 .2074290E-09
1083 .2044231E-09
1084 .2014114E-09
1085 .1983939E-09
1086 .1953712E-09
1087 .1923426E-09
1088 .1893086E-09
1089 .1862686E-09
1090 .1832232E-09
1091 .1801722E-09
1092 .1771155E-09
1093 .1740534E-09
1094 .1709854E-09
1095 .1679119E-09
1096 .1648329E-09
1097 .1617482E-09
1098 .1586580E-09
1099 .1555621E-09
1100 .1524608E-09
1101 .1493540E-09
1102 .1462417E-09
1103 .1431236E-09
1104 .1400001E-09
1105 .1368712E-09
1106 .1337368E-09
1107 .1305968E-09
1108 .1274515E-09
1109 .1243005E-09
1110 .1211442E-09
1111 .1179824E-09
1112 .1148154E-09
1113 .1116429E-09
1114 .1084648E-09
1115 .1052814E-09
1116 .1020927E-09
1117 .9889879E-10
1118 .9569925E-10
1119 .9249465E-10
1120 .8928474E-10
1121 .8606943E-10
1122 .8284892E-10
1123 .7962317E-10
1124 .7639213E-10
1125 .7315594E-10
1126 .6991455E-10
1127 .6666798E-10
1128 .6341625E-10
1129 .6015945E-10
1130 .5689749E-10
1131 .5693950E-10
1132 .5698136E-10
1133 .5702313E-10
1134 .5706473E-10
1135 .5710621E-10
1136 .5714750E-10
1137 .5718877E-10
1138 .5722979E-10
1139 .5727071E-10
1140 .5731144E-10
1141 .5735207E-10
1142 .5739254E-10
1143 .5743286E-10
1144 .5747300E-10
1145 .5751303E-10
1146 .5755288E-10
1147 .5759258E-10
1148 .5763212E-10
1149 .5767150E-10
1150 .5771074E-10
1151 .5774978E-10
1152 .5778865E-10
1153 .5782735E-10
1154 .5786594E-10
1155 .5790430E-10
1156 .5794250E-10
1157 .5798056E-10
1158 .5801839E-10
1159 .5805608E-10
1160 .5809360E-10
1161 .5813089E-10
1162 .5816804E-10
1163 .5820498E-10
1164 .5824175E-10
1165 .5827836E-10
1166 .5831473E-10
1167 .5835093E-10
1168 .5838696E-10
1169 .5842273E-10
1170 .5845835E-10
1171 .5849379E-10
1172 .5852901E-10
1173 .5856404E-10
1174 .5859881E-10
1175 .5863345E-10
1176 .5866784E-10
1177 .5870205E-10
1178 .5873606E-10
1179 .5876985E-10
1180 .5880342E-10
1181 .5883677E-10
1182 .5886991E-10
1183 .5890280E-10
1184 .5893551E-10
1185 .5896797E-10
1186 .5900022E-10
1187 .5903225E-10
1188 .5906407E-10
1189 .5909563E-10
1190 .5912698E-10
1191 .5915810E-10
1192 .5918898E-10
1193 .5921961E-10
1194 .5925004E-10
1195 .5928024E-10
1196 .5931014E-10
1197 .5933982E-10
1198 .5936926E-10
1199 .5939848E-10
1200 .5942741E-10
1201 .5945615E-10
1202 .5948462E-10
1203 .5951282E-10
1204 .5954076E-10
1205 .5956848E-10
1206 .5959591E-10
1207 .5962312E-10
1208 .5965002E-10
1209 .5967670E-10
1210 .5970310E-10
1211 .5972925E-10
1212 .5975509E-10
1213 .5978074E-10
1214 .5980608E-10
1215 .5983110E-10
1216 .5985589E-10
1217 .5988043E-10
1218 .5990466E-10
1219 .5992863E-10
1220 .5995232E-10
1221 .5997572E-10
1222 .5999884E-10
1223 .6002166E-10
1224 .6004420E-10
1225 .6006648E-10
1226 .6008847E-10
1227 .6011017E-10
1228 .6013154E-10
1229 .6015266E-10
1230 .6017347E-10
1231 .6019396E-10
1232 .6021419E-10
1233 .6023404E-10
1234 .6025365E-10
1235 .6027297E-10
1236 .6029199E-10
1237 .6031066E-10
1238 .6032902E-10
1239 .6034713E-10
1240 .6036486E-10
1241 .6038232E-10
1242 .6039944E-10
1243 .6041625E-10
1244 .6043275E-10
1245 .6044892E-10
1246 .6046477E-10
1247 .6048031E-10
1248 .6049555E-10
1249 .6051042E-10
1250 .6052500E-10
1251 .6056978E-10
1252 .6061416E-10
1253 .6065823E-10
1254 .6070189E-10
1255 .6074520E-10
1256 .6078813E-10
1257 .6083072E-10
1258 .6087291E-10
1259 .6091470E-10
1260 .6095615E-10
1261 .6099719E-10
1262 .6103782E-10
1263 .6107812E-10
1264 .6111800E-10
1265 .6115748E-10
1266 .6119659E-10
1267 .6123525E-10
1268 .6127364E-10
1269 .6131154E-10
1270 .6134905E-10
1271 .6138615E-10
1272 .6142284E-10
1273 .6145914E-10
1274 .6149507E-10
1275 .6153054E-10
1276 .6156559E-10
1277 .6160025E-10
1278 .6163448E-10
1279 .6166827E-10
1280 .6170170E-10
1281 .6173467E-10
1282 .6176724E-10
1283 .6179934E-10
1284 .6183103E-10
1285 .6186231E-10
1286 .6189311E-10
1287 .6192350E-10
1288 .6195350E-10
1289 .6198301E-10
1290 .6201217E-10
1291 .6204088E-10
1292 .6206915E-10
1293 .6209707E-10
1294 .6212450E-10
1295 .6215158E-10
1296 .6217821E-10
1297 .6220444E-10
1298 .6223028E-10
1299 .6225570E-10
1300 .6228073E-10
1301 .6230538E-10
1302 .6232954E-10
1303 .6235344E-10
1304 .6237689E-10
1305 .6239992E-10
1306 .6242262E-10
1307 .6244490E-10
1308 .6246682E-10
1309 .6248837E-10
1310 .6250950E-10
1311 .6253025E-10
1312 .6255064E-10
1313 .6257069E-10
1314 .6259034E-10
1315 .6260962E-10
1316 .6262860E-10
1317 .6264717E-10
1318 .6266532E-10
1319 .6268320E-10
1320 .6270070E-10
1321 .6271784E-10
1322 .6273464E-10
1323 .6275111E-10
1324 .6276722E-10
1325 .6278300E-10
1326 .6279839E-10
1327 .6281351E-10
1328 .6282822E-10
1329 .6284266E-10
1330 .6285674E-10
1331 .6287051E-10
1332 .6288394E-10
1333 .6289704E-10
1334 .6290985E-10
1335 .6292232E-10
1336 .6293445E-10
1337 .6294632E-10
1338 .6295782E-10
1339 .6296906E-10
1340 .6297996E-10
1341 .6299057E-10
1342 .6300091E-10
1343 .6301094E-10
1344 .6302061E-10
1345 .6303006E-10
1346 .6303917E-10
1347 .6304804E-10
1348 .6305657E-10
1349 .6306485E-10
1350 .6307287E-10
1351 .6308055E-10
1352 .6308801E-10
1353 .6309517E-10
1354 .6310206E-10
1355 .6310870E-10
1356 .6311506E-10
1357 .6312112E-10
1358 .6312704E-10
1359 .6313259E-10
1360 .6313787E-10
1361 .6314294E-10
1362 .6314776E-10
1363 .6315236E-10
1364 .6315667E-10
1365 .6316075E-10
1366 .6316457E-10
1367 .6316820E-10
1368 .6317157E-10
1369 .6317469E-10
1370 .6317761E-10
1371 .6321172E-10
1372 .6324561E-10
1373 .6327922E-10
1374 .6331262E-10
1375 .6334571E-10
1376 .6337858E-10
1377 .6341125E-10
1378 .6344366E-10
1379 .6347578E-10
1380 .6350772E-10
1381 .6353940E-10
1382 .6357084E-10
1383 .6360210E-10
1384 .6363308E-10
1385 .6366388E-10
1386 .6369437E-10
1387 .6372471E-10
1388 .6375481E-10
1389 .6378471E-10
1390 .6381436E-10
1391 .6384386E-10
1392 .6387307E-10
1393 .6390211E-10
1394 .6393092E-10
1395 .6395954E-10
1396 .6398799E-10
1397 .6401619E-10
1398 .6404417E-10
1399 .6407198E-10
1400 .6409960E-10
1401 .6412706E-10
1402 .6415432E-10
1403 .6418137E-10
1404 .6420825E-10
1405 .6423493E-10
1406 .6426145E-10
1407 .6428778E-10
1408 .6431389E-10
1409 .6433992E-10
1410 .6436572E-10
1411 .6439138E-10
1412 .6441683E-10
1413 .6444217E-10
1414 .6446728E-10
1415 .6449230E-10
1416 .6451710E-10
1417 .6454180E-10
1418 .6456635E-10
1419 .6459071E-10
1420 .6461494E-10
1421 .6463903E-10
1422 .6466300E-10
1423 .6468681E-10
1424 .6471044E-10
1425 .6473400E-10
1426 .6475739E-10
1427 .6478068E-10
1428 .6480384E-10
1429 .6482689E-10
1430 .6484976E-10
1431 .6487259E-10
1432 .6489527E-10
1433 .6491781E-10
1434 .6494023E-10
1435 .6496258E-10
1436 .6498483E-10
1437 .6500693E-10
1438 .6502900E-10
1439 .6505094E-10
1440 .6507275E-10
1441 .6509449E-10
1442 .6511619E-10
1443 .6513775E-10
1444 .6515928E-10
1445 .6518066E-10
1446 .6520199E-10
1447 .6522329E-10
1448 .6524447E-10
1449 .6526558E-10
1450 .6528663E-10
1451 .6530762E-10
1452 .6532858E-10
1453 .6534944E-10
1454 .6537025E-10
1455 .6539106E-10
1456 .6541175E-10
1457 .6543246E-10
1458 .6545307E-10
1459 .6547366E-10
1460 .6549420E-10
1461 .6551466E-10
1462 .6553518E-10
1463 .6555566E-10
1464 .6557610E-10
1465 .6559653E-10
1466 .6561692E-10
1467 .6563732E-10
1468 .6565766E-10
1469 .6567804E-10
1470 .6569837E-10
1471 .6571873E-10
1472 .6573906E-10
1473 .6575941E-10
1474 .6577981E-10
1475 .6580012E-10
1476 .6582054E-10
1477 .6584094E-10
1478 .6586135E-10
1479 .6588181E-10
1480 .6590223E-10
1481 .6592274E-10
1482 .6594323E-10
1483 .6596385E-10
1484 .6598441E-10
1485 .6600502E-10
1486 .6602571E-10
1487 .6604640E-10
1488 .6606715E-10
1489 .6608793E-10
1490 .6610869E-10
1491 .6612958E-10
1492 .6615048E-10
1493 .6617141E-10
1494 .6619234E-10
1495 .6621332E-10
1496 .6623438E-10
1497 .6625548E-10
1498 .6627660E-10
1499 .6629776E-10
1500 .6631893E-10
1501 .6631145E-10
1502 .6630406E-10
1503 .6629678E-10
1504 .6628956E-10
1505 .6628240E-10
1506 .6627537E-10
1507 .6626833E-10
1508 .6626148E-10
1509 .6625466E-10
1510 .6624790E-10
1511 .6624126E-10
1512 .6623466E-10
1513 .6622819E-10
1514 .6622175E-10
1515 .6621543E-10
1516 .6620924E-10
1517 .6620306E-10
1518 .6619695E-10
1519 .6619094E-10
1520 .6618503E-10
1521 .6617917E-10
1522 .6617342E-10
1523 .6616772E-10
1524 .6616213E-10
1525 .6615657E-10
1526 .6615115E-10
1527 .6614580E-10
1528 .6614051E-10
1529 .6613533E-10
1530 .6613022E-10
1531 .6612517E-10
1532 .6612019E-10
1533 .6611536E-10
1534 .6611053E-10
1535 .6610583E-10
1536 .6610119E-10
1537 .6609665E-10
1538 .6609214E-10
1539 .6608781E-10
1540 .6608346E-10
1541 .6607922E-10
1542 .6607506E-10
1543 .6607100E-10
1544 .6606700E-10
1545 .6606309E-10
1546 .6605924E-10
1547 .6605546E-10
1548 .6605181E-10
1549 .6604821E-10
1550 .6604468E-10
1551 .6604124E-10
1552 .6603793E-10
1553 .6603464E-10
1554 .6603144E-10
1555 .6602832E-10
1556 .6602526E-10
1557 .6602231E-10
1558 .6601942E-10
1559 .6601666E-10
1560 .6601392E-10
1561 .6601129E-10
1562 .6600872E-10
1563 .6600624E-10
1564 .6600381E-10
1565 .6600152E-10
1566 .6599925E-10
1567 .6599710E-10
1568 .6599501E-10
1569 .6599299E-10
1570 .6599106E-10
1571 .6598921E-10
1572 .6598741E-10
1573 .6598571E-10
1574 .6598413E-10
1575 .6598260E-10
1576 .6598110E-10
1577 .6597971E-10
1578 .6597841E-10
1579 .6597721E-10
1580 .6597601E-10
1581 .6597501E-10
1582 .6597402E-10
1583 .6597307E-10
1584 .6597223E-10
1585 .6597147E-10
1586 .6597084E-10
1587 .6597023E-10
1588 .6596967E-10
1589 .6596926E-10
1590 .6596889E-10
1591 .6596858E-10
1592 .6596839E-10
1593 .6596827E-10
1594 .6596822E-10
1595 .6596823E-10
1596 .6596832E-10
1597 .6596849E-10
1598 .6596873E-10
1599 .6596911E-10
1600 .6596947E-10
1601 .6596995E-10
1602 .6597049E-10
1603 .6597116E-10
1604 .6597189E-10
1605 .6597271E-10
1606 .6597355E-10
1607 .6597449E-10
1608 .6597551E-10
1609 .6597663E-10
1610 .6597781E-10
1611 .6597908E-10
1612 .6598042E-10
1613 .6598180E-10
1614 .6598328E-10
1615 .6598489E-10
1616 .6598651E-10
1617 .6598822E-10
1618 .6599004E-10
1619 .6599188E-10
1620 .6599380E-10
1621 .6599584E-10
1622 .6599793E-10
1623 .6600011E-10
1624 .6600234E-10
1625 .6600467E-10
1626 .6598050E-10
1627 .6595642E-10
1628 .6593250E-10
1629 .6590869E-10
1630 .6588496E-10
1631 .6586141E-10
1632 .6583797E-10
1633 .6581469E-10
1634 .6579147E-10
1635 .6576839E-10
1636 .6574551E-10
1637 .6572271E-10
1638 .6570002E-10
1639 .6567747E-10
1640 .6565501E-10
1641 .6563268E-10
1642 .6561052E-10
1643 .6558844E-10
1644 .6556653E-10
1645 .6554468E-10
1646 .6552300E-10
1647 .6550142E-10
1648 .6547993E-10
1649 .6545864E-10
1650 .6543744E-10
1651 .6541633E-10
1652 .6539537E-10
1653 .6537453E-10
1654 .6535377E-10
1655 .6533316E-10
1656 .6531269E-10
1657 .6529230E-10
1658 .6527211E-10
1659 .6525193E-10
1660 .6523190E-10
1661 .6521204E-10
1662 .6519226E-10
1663 .6517258E-10
1664 .6515307E-10
1665 .6513359E-10
1666 .6511428E-10
1667 .6509512E-10
1668 .6507601E-10
1669 .6505710E-10
1670 .6503825E-10
1671 .6501950E-10
1672 .6500086E-10
1673 .6498239E-10
1674 .6496398E-10
1675 .6494573E-10
1676 .6492755E-10
1677 .6490952E-10
1678 .6489160E-10
1679 .6487378E-10
1680 .6485607E-10
1681 .6483851E-10
1682 .6482102E-10
1683 .6480364E-10
1684 .6478637E-10
1685 .6476920E-10
1686 .6475218E-10
1687 .6473528E-10
1688 .6471847E-10
1689 .6470171E-10
1690 .6468511E-10
1691 .6466865E-10
1692 .6465228E-10
1693 .6463599E-10
1694 .6461982E-10
1695 .6460373E-10
1696 .6458776E-10
1697 .6457187E-10
1698 .6455610E-10
1699 .6454044E-10
1700 .6452491E-10
1701 .6450944E-10
1702 .6449407E-10
1703 .6447879E-10
1704 .6446365E-10
1705 .6444859E-10
1706 .6443359E-10
1707 .6441872E-10
1708 .6440392E-10
1709 .6438925E-10
1710 .6437466E-10
1711 .6436016E-10
1712 .6434576E-10
1713 .6433142E-10
1714 .6431726E-10
1715 .6430312E-10
1716 .6428910E-10
1717 .6427515E-10
1718 .6426129E-10
1719 .6424755E-10
1720 .6423388E-10
1721 .6422030E-10
1722 .6420678E-10
1723 .6419336E-10
1724 .6418004E-10
1725 .6416682E-10
1726 .6415367E-10
1727 .6414055E-10
1728 .6412760E-10
1729 .6411466E-10
1730 .6410188E-10
1731 .6408909E-10
1732 .6407646E-10
1733 .6406391E-10
1734 .6405140E-10
1735 .6403900E-10
1736 .6402662E-10
1737 .6401439E-10
1738 .6400221E-10
1739 .6399010E-10
1740 .6397807E-10
1741 .6396612E-10
1742 .6395424E-10
1743 .6394247E-10
1744 .6393073E-10
1745 .6391907E-10
1746 .6390750E-10
1747 .6389597E-10
1748 .6388455E-10
1749 .6387318E-10
1750 .6386188E-10
1751 .6385064E-10
1752 .6383952E-10
1753 .6382843E-10
1754 .6381741E-10
1755 .6380647E-10
1756 .6379557E-10
1757 .6378475E-10
1758 .6377402E-10
1759 .6376336E-10
1760 .6375276E-10
1761 .6374217E-10
1762 .6373172E-10
1763 .6372126E-10
1764 .6371091E-10
1765 .6370060E-10
1766 .6369037E-10
1767 .6368019E-10
1768 .6367008E-10
1769 .6366000E-10
1770 .6365004E-10
1771 .6364008E-10
1772 .6363019E-10
1773 .6362038E-10
1774 .6361060E-10
1775 .6360088E-10
1776 .6359122E-10
1777 .6358164E-10
1778 .6357207E-10
1779 .6356260E-10
1780 .6355312E-10
1781 .6354377E-10
1782 .6353442E-10
1783 .6352513E-10
1784 .6351588E-10
1785 .6350672E-10
1786 .6349758E-10
1787 .6348851E-10
1788 .6347950E-10
1789 .6347046E-10
1790 .6346159E-10
1791 .6345267E-10
1792 .6344385E-10
1793 .6343503E-10
1794 .6342630E-10
1795 .6341759E-10
1796 .6340888E-10
1797 .6340029E-10
1798 .6339170E-10
1799 .6338316E-10
1800 .6337469E-10
1801 .6316673E-10
1802 .6295882E-10
1803 .6275111E-10
1804 .6254338E-10
1805 .6233580E-10
1806 .6212826E-10
1807 .6192083E-10
1808 .6171350E-10
1809 .6150627E-10
1810 .6129912E-10
1811 .6109205E-10
1812 .6088504E-10
1813 .6067816E-10
1814 .6047132E-10
1815 .6026459E-10
1816 .6005797E-10
1817 .5985137E-10
1818 .5964486E-10
1819 .5943842E-10
1820 .5923207E-10
1821 .5902582E-10
1822 .5881965E-10
1823 .5861350E-10
1824 .5840748E-10
1825 .5820151E-10
1826 .5799565E-10
1827 .5778980E-10
1828 .5758403E-10
1829 .5737836E-10
1830 .5717276E-10
1831 .5696723E-10
1832 .5676175E-10
1833 .5655631E-10
1834 .5635097E-10
1835 .5614573E-10
1836 .5594055E-10
1837 .5573542E-10
1838 .5553033E-10
1839 .5532530E-10
1840 .5512038E-10
1841 .5491549E-10
1842 .5471064E-10
1843 .5450591E-10
1844 .5430122E-10
1845 .5409654E-10
1846 .5389200E-10
1847 .5368743E-10
1848 .5348301E-10
1849 .5327859E-10
1850 .5307426E-10
1851 .5286992E-10
1852 .5266567E-10
1853 .5246153E-10
1854 .5225738E-10
1855 .5205330E-10
1856 .5184928E-10
1857 .5164531E-10
1858 .5144139E-10
1859 .5123752E-10
1860 .5103370E-10
1861 .5082995E-10
1862 .5062622E-10
1863 .5042256E-10
1864 .5021895E-10
1865 .5001536E-10
1866 .4981186E-10
1867 .4960840E-10
1868 .4940496E-10
1869 .4920159E-10
1870 .4899825E-10
1871 .4879495E-10
1872 .4859170E-10
1873 .4838850E-10
1874 .4818536E-10
1875 .4798227E-10
1876 .4777920E-10
1877 .4757617E-10
1878 .4737319E-10
1879 .4717025E-10
1880 .4696735E-10
1881 .4676450E-10
1882 .4656170E-10
1883 .4635892E-10
1884 .4615618E-10
1885 .4595351E-10
1886 .4575083E-10
1887 .4554822E-10
1888 .4534567E-10
1889 .4514312E-10
1890 .4494064E-10
1891 .4473815E-10
1892 .4453574E-10
1893 .4433337E-10
1894 .4413101E-10
1895 .4392868E-10
1896 .4372641E-10
1897 .4352419E-10
1898 .4332198E-10
1899 .4311983E-10
1900 .4291767E-10
1901 .4271559E-10
1902 .4251356E-10
1903 .4231151E-10
1904 .4210952E-10
1905 .4190757E-10
1906 .4170561E-10
1907 .4150376E-10
1908 .4130191E-10
1909 .4110008E-10
1910 .4089829E-10
1911 .4069655E-10
1912 .4049481E-10
1913 .4029312E-10
1914 .4009148E-10
1915 .3988986E-10
1916 .3968829E-10
1917 .3948667E-10
1918 .3928517E-10
1919 .3908368E-10
1920 .3888222E-10
1921 .3868078E-10
1922 .3847937E-10
1923 .3827800E-10
1924 .3807668E-10
1925 .3787536E-10
1926 .3767409E-10
1927 .3747285E-10
1928 .3727165E-10
1929 .3707047E-10
1930 .3686933E-10
1931 .3666822E-10
1932 .3646712E-10
1933 .3626604E-10
1934 .3606504E-10
1935 .3586404E-10
1936 .3566308E-10
1937 .3546215E-10
1938 .3526123E-10
1939 .3506035E-10
1940 .3485955E-10
1941 .3465870E-10
1942 .3445794E-10
1943 .3425719E-10
1944 .3405648E-10
1945 .3385580E-10
1946 .3365512E-10
1947 .3345452E-10
1948 .3325390E-10
1949 .3305335E-10
1950 .3285284E-10
1951 .3265235E-10
1952 .3245188E-10
1953 .3225141E-10
1954 .3205105E-10
1955 .3185064E-10
1956 .3165033E-10
1957 .3145002E-10
1958 .3124975E-10
1959 .3104951E-10
1960 .3084930E-10
1961 .3064914E-10
1962 .3044896E-10
1963 .3024889E-10
1964 .3004880E-10
1965 .2984879E-10
1966 .2964878E-10
1967 .2944882E-10
1968 .2924889E-10
1969 .2904900E-10
1970 .2884916E-10
1971 .2864936E-10
1972 .2844960E-10
1973 .2824988E-10
1974 .2805021E-10
1975 .2785056E-10
1976 .2765097E-10
1977 .2745140E-10
1978 .2725190E-10
1979 .2705243E-10
1980 .2685301E-10
1981 .2665362E-10
1982 .2645430E-10
1983 .2625504E-10
1984 .2605577E-10
1985 .2585659E-10
1986 .2565746E-10
1987 .2545834E-10
1988 .2525929E-10
1989 .2506032E-10
1990 .2486138E-10
1991 .2466246E-10
1992 .2446363E-10
1993 .2426484E-10
1994 .2406610E-10
1995 .2386740E-10
1996 .2366878E-10
1997 .2347020E-10
1998 .2327166E-10
1999 .2307320E-10
2000 .2287477E-10
2001 .2267642E-10
2002 .2247810E-10
2003 .2227983E-10
2004 .2208164E-10
2005 .2188352E-10
2006 .2168541E-10
2007 .2148739E-10
2008 .2128942E-10
2009 .2109152E-10
2010 .2089367E-10
2011 .2089003E-10
2012 .2088639E-10
2013 .2088275E-10
2014 .2087910E-10
2015 .2087544E-10
2016 .2087180E-10
2017 .2086811E-10
2018 .2086443E-10
2019 .2086075E-10
2020 .2085706E-10
2021 .2085337E-10
2022 .2084967E-10
2023 .2084595E-10
2024 .2084224E-10
2025 .2083851E-10
2026 .2083480E-10
2027 .2083106E-10
2028 .2082733E-10
2029 .2082359E-10
2030 .2081985E-10
2031 .2081611E-10
2032 .2081235E-10
2033 .2080858E-10
2034 .2080483E-10
2035 .2080106E-10
2036 .2079729E-10
2037 .2079350E-10
2038 .2078973E-10
2039 .2078594E-10
2040 .2078217E-10
2041 .2077837E-10
2042 .2077460E-10
2043 .2077079E-10
2044 .2076701E-10
2045 .2076322E-10
2046 .2075940E-10
2047 .2075559E-10
2048 .2075180E-10
2049 .2074798E-10
2050 .2074418E-10
2051 .2074038E-10
2052 .2073656E-10
2053 .2073277E-10
2054 .2072895E-10
2055 .2072514E-10
2056 .2072132E-10
2057 .2071751E-10
2058 .2071369E-10
2059 .2070987E-10
2060 .2070606E-10
2061 .2070225E-10
2062 .2069842E-10
2063 .2069461E-10
2064 .2069080E-10
2065 .2068700E-10
2066 .2068318E-10
2067 .2067936E-10
2068 .2067556E-10
2069 .2067175E-10
2070 .2066795E-10
2071 .2066414E-10
2072 .2066032E-10
2073 .2065653E-10
2074 .2065272E-10
2075 .2064892E-10
2076 .2064513E-10
2077 .2064134E-10
2078 .2063755E-10
2079 .2063377E-10
2080 .2062997E-10
2081 .2062619E-10
2082 .2062242E-10
2083 .2061864E-10
2084 .2061488E-10
2085 .2061111E-10
2086 .2060735E-10
2087 .2060359E-10
2088 .2059983E-10
2089 .2059609E-10
2090 .2059232E-10
2091 .2058859E-10
2092 .2058486E-10
2093 .2058112E-10
2094 .2057739E-10
2095 .2057369E-10
2096 .2056996E-10
2097 .2056626E-10
2098 .2056255E-10
2099 .2055887E-10
2100 .2055516E-10
2101 .2055147E-10
2102 .2054780E-10
2103 .2054412E-10
2104 .2054046E-10
2105 .2053680E-10
2106 .2053314E-10
2107 .2052950E-10
2108 .2052586E-10
2109 .2052223E-10
2110 .2051862E-10
2111 .2051499E-10
2112 .2051139E-10
2113 .2050780E-10
2114 .2050421E-10
2115 .2050062E-10
2116 .2049704E-10
2117 .2049349E-10
2118 .2048992E-10
2119 .2048637E-10
2120 .2048282E-10
2121 .2047930E-10
2122 .2047578E-10
2123 .2047228E-10
2124 .2046878E-10
2125 .2046527E-10
2126 .2046179E-10
2127 .2045835E-10
2128 .2045485E-10
2129 .2045142E-10
2130 .2044798E-10
2131 .2044457E-10
2132 .2044113E-10
2133 .2043773E-10
2134 .2043431E-10
2135 .2043095E-10
2136 .2042757E-10
2137 .2042421E-10
2138 .2042087E-10
2139 .2041752E-10
2140 .2041421E-10
2141 .2041088E-10
2142 .2040759E-10
2143 .2040431E-10
2144 .2040102E-10
2145 .2039777E-10
2146 .2039451E-10
2147 .2039128E-10
2148 .2038806E-10
2149 .2038485E-10
2150 .2038165E-10
2151 .2037848E-10
2152 .2037529E-10
2153 .2037216E-10
2154 .2036901E-10
2155 .2036589E-10
2156 .2036277E-10
2157 .2035968E-10
2158 .2035660E-10
2159 .2035352E-10
2160 .2035047E-10
2161 .2034742E-10
2162 .2034443E-10
2163 .2034142E-10
2164 .2033843E-10
2165 .2033545E-10
2166 .2033249E-10
2167 .2032955E-10
2168 .2032663E-10
2169 .2032372E-10
2170 .2032082E-10
2171 .2031794E-10
2172 .2031509E-10
2173 .2031224E-10
2174 .2030942E-10
2175 .2030662E-10
2176 .2030383E-10
2177 .2030104E-10
2178 .2029829E-10
2179 .2029557E-10
2180 .2029285E-10
2181 .2029015E-10
2182 .2028747E-10
2183 .2028479E-10
2184 .2028216E-10
2185 .2027953E-10
2186 .2027691E-10
2187 .2027434E-10
2188 .2027177E-10
2189 .2026921E-10
2190 .2026669E-10
2191 .2026417E-10
2192 .2026169E-10
2193 .2025921E-10
2194 .2025677E-10
2195 .2025433E-10
2196 .2025192E-10
2197 .2024953E-10
2198 .2024717E-10
2199 .2024482E-10
2200 .2024249E-10
2201 .2024017E-10
2202 .2023791E-10
2203 .2023564E-10
2204 .2023341E-10
2205 .2023117E-10
2206 .2022898E-10
2207 .2022681E-10
2208 .2022466E-10
2209 .2022252E-10
2210 .2022043E-10
2211 .2021834E-10
2212 .2021625E-10
2213 .2021423E-10
2214 .2021221E-10
2215 .2021022E-10
2216 .2020826E-10
2217 .2020630E-10
2218 .2020438E-10
2219 .2020247E-10
2220 .2020060E-10
2221 .2019875E-10
2222 .2019693E-10
2223 .2019513E-10
2224 .2019336E-10
2225 .2019159E-10
2226 .2018986E-10
2227 .2018816E-10
2228 .2018648E-10
2229 .2018484E-10
2230 .2018321E-10
2231 .2018160E-10
2232 .2018004E-10
2233 .2017849E-10
2234 .2017695E-10
2235 .2017545E-10
2236 .2017399E-10
2237 .2017254E-10
2238 .2017112E-10
2239 .2016973E-10
2240 .2016837E-10
2241 .2016701E-10
2242 .2016572E-10
2243 .2016443E-10
2244 .2016316E-10
2245 .2016193E-10
2246 .2016073E-10
2247 .2015955E-10
2248 .2015837E-10
2249 .2015726E-10
2250 .2015615E-10
2251 .2015507E-10
2252 .2015403E-10
2253 .2015297E-10
2254 .2015198E-10
2255 .2015099E-10
2256 .2015005E-10
2257 .2014911E-10
2258 .2014820E-10
2259 .2014733E-10
2260 .2014647E-10
2261 .2014563E-10
2262 .2014482E-10
2263 .2014404E-10
2264 .2014327E-10
2265 .2014254E-10
2266 .2014183E-10
2267 .2014114E-10
2268 .2014049E-10
2269 .2013984E-10
2270 .2013921E-10
2271 .2013862E-10
2272 .2013805E-10
2273 .2013750E-10
2274 .2013697E-10
2275 .2013647E-10
2276 .2013599E-10
2277 .2013554E-10
2278 .2013509E-10
2279 .2013468E-10
2280 .2013429E-10
2281 .2013393E-10
2282 .2013358E-10
2283 .2013325E-10
2284 .2013295E-10
2285 .2013267E-10
2286 .2013242E-10
2287 .2013218E-10
2288 .2013196E-10
2289 .2013177E-10
2290 .2013159E-10
2291 .2013146E-10
2292 .2013132E-10
2293 .2013122E-10
2294 .2013112E-10
2295 .2013106E-10
2296 .2013101E-10
2297 .2013100E-10
2298 .2013099E-10
2299 .2013101E-10
2300 .2013104E-10
2301 .2013109E-10
2302 .2013118E-10
2303 .2013128E-10
2304 .2013140E-10
2305 .2013153E-10
2306 .2013169E-10
2307 .2013187E-10
2308 .2013207E-10
2309 .2013228E-10
2310 .2013252E-10
2311 .2013277E-10
2312 .2013306E-10
2313 .2013334E-10
2314 .2013366E-10
2315 .2013399E-10
2316 .2013433E-10
2317 .2013470E-10
2318 .2013509E-10
2319 .2013549E-10
2320 .2013592E-10
2321 .2013636E-10
2322 .2013683E-10
2323 .2013731E-10
2324 .2013780E-10
2325 .2013831E-10
2326 .2013885E-10
2327 .2013941E-10
2328 .2013997E-10
2329 .2014055E-10
2330 .2014118E-10
2331 .2014177E-10
2332 .2014241E-10
2333 .2014308E-10
2334 .2014375E-10
2335 .2014444E-10
2336 .2014514E-10
2337 .2014587E-10
2338 .2014660E-10
2339 .2014737E-10
2340 .2014814E-10
2341 .2014893E-10
2342 .2014972E-10
2343 .2015055E-10
2344 .2015140E-10
2345 .2015225E-10
2346 .2015311E-10
2347 .2015401E-10
2348 .2015488E-10
2349 .2015580E-10
2350 .2015674E-10
2351 .2015770E-10
2352 .2015866E-10
2353 .2015963E-10
2354 .2016062E-10
2355 .2016164E-10
2356 .2016266E-10
2357 .2016369E-10
2358 .2016475E-10
2359 .2016581E-10
2360 .2016690E-10
2361 .2016798E-10
2362 .2016911E-10
2363 .2017022E-10
2364 .2017137E-10
2365 .2017253E-10
2366 .2017368E-10
2367 .2017489E-10
2368 .2017607E-10
2369 .2017727E-10
2370 .2017850E-10
2371 .2017973E-10
2372 .2018098E-10
2373 .2018225E-10
2374 .2018351E-10
2375 .2018480E-10
2376 .2018611E-10
2377 .2018742E-10
2378 .2018874E-10
2379 .2019009E-10
2380 .2019144E-10
2381 .2019280E-10
2382 .2019418E-10
2383 .2019556E-10
2384 .2019696E-10
2385 .2019839E-10
2386 .2019981E-10
2387 .2020123E-10
2388 .2020270E-10
2389 .2020415E-10
2390 .2020564E-10
2391 .2020712E-10
2392 .2020860E-10
2393 .2021011E-10
2394 .2021162E-10
2395 .2021316E-10
2396 .2021468E-10
2397 .2021625E-10
2398 .2021780E-10
2399 .2021939E-10
2400 .2022095E-10
2401 .2022255E-10
2402 .2022416E-10
2403 .2022578E-10
2404 .2022741E-10
2405 .2022904E-10
2406 .2023068E-10
2407 .2023233E-10
2408 .2023400E-10
2409 .2023567E-10
2410 .2023736E-10
2411 .2023905E-10
2412 .2024073E-10
2413 .2024246E-10
2414 .2024418E-10
2415 .2024591E-10
2416 .2024765E-10
2417 .2024940E-10
2418 .2025115E-10
2419 .2025293E-10
2420 .2025470E-10
2421 .2025650E-10
2422 .2025828E-10
2423 .2026008E-10
2424 .2026189E-10
2425 .2026371E-10
2426 .2026553E-10
2427 .2026735E-10
2428 .2026921E-10
2429 .2027105E-10
2430 .2027291E-10
2431 .2027478E-10
2432 .2027665E-10
2433 .2027853E-10
2434 .2028041E-10
2435 .2028229E-10
2436 .2028420E-10
2437 .2028611E-10
2438 .2028803E-10
2439 .2028995E-10
2440 .2029188E-10
2441 .2029381E-10
2442 .2029577E-10
2443 .2029770E-10
2444 .2029963E-10
2445 .2030160E-10
2446 .2030357E-10
2447 .2030553E-10
2448 .2030753E-10
2449 .2030950E-10
2450 .2031151E-10
2451 .2031350E-10
2452 .2031550E-10
2453 .2031751E-10
2454 .2031951E-10
2455 .2032154E-10
2456 .2032357E-10
2457 .2032558E-10
2458 .2032762E-10
2459 .2032965E-10
2460 .2033171E-10
2461 .2033374E-10
2462 .2033580E-10
2463 .2033785E-10
2464 .2033991E-10
2465 .2034197E-10
2466 .2034405E-10
2467 .2034612E-10
2468 .2034818E-10
2469 .2035027E-10
2470 .2035236E-10
2471 .2035443E-10
2472 .2035654E-10
2473 .2035863E-10
2474 .2036073E-10
2475 .2036284E-10
2476 .2036494E-10
2477 .2036705E-10
2478 .2036917E-10
2479 .2037128E-10
2480 .2037341E-10
2481 .2037551E-10
2482 .2037762E-10
2483 .2037977E-10
2484 .2038187E-10
2485 .2038402E-10
2486 .2038614E-10
2487 .2038829E-10
2488 .2039042E-10
2489 .2039257E-10
2490 .2039471E-10
2491 .2039683E-10
2492 .2039899E-10
2493 .2040113E-10
2494 .2040328E-10
2495 .2040542E-10
2496 .2040755E-10
2497 .2040972E-10
2498 .2041187E-10
2499 .2041403E-10
2500 .2041618E-10
