100 .2934945E-15
101 .1131067E-14
102 .3046638E-14
103 .6732894E-14
104 .1308295E-13
105 .2319336E-13
106 .3835636E-13
107 .6003972E-13
108 .8985420E-13
109 .1295078E-12
110 .1807481E-12
111 .2452919E-12
112 .3247470E-12
113 .4205239E-12
114 .5337449E-12
115 .6651502E-12
116 .8150068E-12
117 .9830233E-12
118 .1168278E-11
119 .1369160E-11
120 .1583330E-11
121 .1807708E-11
122 .2038487E-11
123 .2271176E-11
124 .2500684E-11
125 .2721425E-11
126 .2928032E-11
127 .3117485E-11
128 .3287994E-11
129 .3438521E-11
130 .3568757E-11
131 .3679085E-11
132 .3770516E-11
133 .3844611E-11
134 .3903407E-11
135 .3949326E-11
136 .3985102E-11
137 .4013706E-11
138 .4038233E-11
139 .4060604E-11
140 .4081477E-11
141 .4101452E-11
142 .4121135E-11
143 .4141124E-11
144 .4162031E-11
145 .4184478E-11
146 .4209102E-11
147 .4236557E-11
148 .4267530E-11
149 .4302735E-11
150 .4342921E-11
151 .4388741E-11
152 .4440333E-11
153 .4497692E-11
154 .4560819E-11
155 .4629711E-11
156 .4704372E-11
157 .4784798E-11
158 .4870984E-11
159 .4962922E-11
160 .5060601E-11
161 .5164004E-11
162 .5273107E-11
163 .5387877E-11
164 .5508272E-11
165 .5634238E-11
166 .5765713E-11
167 .5902616E-11
168 .6044851E-11
169 .6192309E-11
170 .6344853E-11
171 .6502337E-11
172 .6664587E-11
173 .6831400E-11
174 .7002553E-11
175 .7177796E-11
176 .7356874E-11
177 .7539615E-11
178 .7725848E-11
179 .7915388E-11
180 .8108019E-11
181 .8303503E-11
182 .8501577E-11
183 .8701947E-11
184 .8904304E-11
185 .9108301E-11
186 .9313568E-11
187 .9519705E-11
188 .9726281E-11
189 .9932845E-11
190 .1013891E-10
191 .1034397E-10
192 .1054748E-10
193 .1074887E-10
194 .1094754E-10
195 .1114290E-10
196 .1133427E-10
197 .1152102E-10
198 .1170244E-10
199 .1187784E-10
200 .1204651E-10
201 .1220778E-10
202 .1236137E-10
203 .1250710E-10
204 .1264479E-10
205 .1277427E-10
206 .1289543E-10
207 .1300815E-10
208 .1311232E-10
209 .1320788E-10
210 .1329476E-10
211 .1337293E-10
212 .1344235E-10
213 .1350302E-10
214 .1355497E-10
215 .1359821E-10
216 .1363278E-10
217 .1365876E-10
218 .1367620E-10
219 .1368520E-10
220 .1368586E-10
221 .1367828E-10
222 .1366260E-10
223 .1363894E-10
224 .1360744E-10
225 .1356827E-10
226 .1352180E-10
227 .1346932E-10
228 .1341236E-10
229 .1335244E-10
230 .1329107E-10
231 .1322976E-10
232 .1317001E-10
233 .1311333E-10
234 .1306120E-10
235 .1301510E-10
236 .1297652E-10
237 .1294693E-10
238 .1292786E-10
239 .1292079E-10
240 .1292725E-10
241 .1294880E-10
242 .1298704E-10
243 .1304359E-10
244 .1312017E-10
245 .1321855E-10
246 .1334057E-10
247 .1348820E-10
248 .1366352E-10
249 .1386875E-10
250 .1410624E-10
251 .1177214E-10
252 .1302738E-10
253 .1421999E-10
254 .1828866E-10
255 .2145994E-10
256 .2253046E-10
257 .2757766E-10
258 .2404490E-10
259 .2895457E-10
260 .3049111E-10
261 .2762204E-10
262 .2895056E-10
263 .2481920E-10
264 .1937516E-10
265 .1840325E-10
266 .1590655E-10
267 .1507434E-10
268 .1555030E-10
269 .2466390E-10
270 .4239968E-10
271 .6633175E-10
272 .8160405E-10
273 .8277857E-10
274 .8269891E-10
275 .8702800E-10
276 .8641335E-10
277 .8723897E-10
278 .8418460E-10
279 .9962397E-10
280 .9931599E-10
281 .9773315E-10
282 .9859437E-10
283 .9234487E-10
284 .8468263E-10
285 .8912540E-10
286 .8760612E-10
287 .8907978E-10
288 .8696336E-10
289 .9194623E-10
290 .1053039E-09
291 .1129634E-09
292 .1259469E-09
293 .1314002E-09
294 .1368171E-09
295 .1428500E-09
296 .1370275E-09
297 .1335727E-09
298 .1323480E-09
299 .1291122E-09
300 .1182767E-09
301 .1136370E-09
302 .1036139E-09
303 .1063877E-09
304 .1107232E-09
305 .1093701E-09
306 .1107029E-09
307 .1054758E-09
308 .1142705E-09
309 .1135537E-09
310 .9740263E-10
311 .9962306E-10
312 .1127497E-09
313 .1097965E-09
314 .1144800E-09
315 .1124300E-09
316 .1174517E-09
317 .1185278E-09
318 .1354832E-09
319 .1406506E-09
320 .1536170E-09
321 .1445204E-09
322 .1420167E-09
323 .1269762E-09
324 .1228809E-09
325 .1174442E-09
326 .1100951E-09
327 .1064845E-09
328 .1007063E-09
329 .9648434E-10
330 .1014679E-09
331 .9902780E-10
332 .1083707E-09
333 .1082108E-09
334 .1097794E-09
335 .1068635E-09
336 .1072244E-09
337 .1114085E-09
338 .1094520E-09
339 .1114758E-09
340 .1163783E-09
341 .1169325E-09
342 .1336437E-09
343 .1424509E-09
344 .1404329E-09
345 .1428735E-09
346 .1325274E-09
347 .1365618E-09
348 .1360975E-09
349 .1353902E-09
350 .1272331E-09
351 .1357510E-09
352 .1427877E-09
353 .1554540E-09
354 .1671771E-09
355 .1796019E-09
356 .1807947E-09
357 .1792480E-09
358 .1864625E-09
359 .1830889E-09
360 .1923987E-09
361 .1917498E-09
362 .1960412E-09
363 .1891114E-09
364 .1750209E-09
365 .1783999E-09
366 .1847881E-09
367 .2068434E-09
368 .2263806E-09
369 .2523125E-09
370 .2884010E-09
371 .3118824E-09
372 .3239487E-09
373 .3328412E-09
374 .3192073E-09
375 .2974725E-09
376 .2753102E-09
377 .2465060E-09
378 .2087279E-09
379 .1679499E-09
380 .1422791E-09
381 .1201807E-09
382 .1089938E-09
383 .9534983E-10
384 .1013686E-09
385 .1075539E-09
386 .1271390E-09
387 .1517526E-09
388 .1904356E-09
389 .2201740E-09
390 .2503494E-09
391 .2711117E-09
392 .3088686E-09
393 .3248716E-09
394 .3603229E-09
395 .3801557E-09
396 .4043039E-09
397 .4260470E-09
398 .4485470E-09
399 .4661115E-09
400 .4514974E-09
401 .4419098E-09
402 .4053643E-09
403 .3963315E-09
404 .3486603E-09
405 .3358197E-09
406 .3091850E-09
407 .2989944E-09
408 .2834976E-09
409 .2811170E-09
410 .2696233E-09
411 .2561178E-09
412 .2418204E-09
413 .2363534E-09
414 .2246902E-09
415 .2267239E-09
416 .2228687E-09
417 .2202374E-09
418 .2245254E-09
419 .2299382E-09
420 .2326865E-09
421 .2348197E-09
422 .2469687E-09
423 .2363068E-09
424 .2424290E-09
425 .2472289E-09
426 .2522953E-09
427 .2392358E-09
428 .2486945E-09
429 .2499242E-09
430 .2483089E-09
431 .2666998E-09
432 .2600685E-09
433 .2751852E-09
434 .2674724E-09
435 .2670698E-09
436 .2739645E-09
437 .2519367E-09
438 .2249865E-09
439 .2051742E-09
440 .1963904E-09
441 .1737822E-09
442 .1611718E-09
443 .1466212E-09
444 .1406718E-09
445 .1374678E-09
446 .1368419E-09
447 .1413360E-09
448 .1441300E-09
449 .1509567E-09
450 .1588457E-09
451 .1694326E-09
452 .1756659E-09
453 .1971398E-09
454 .2117146E-09
455 .2296560E-09
456 .2529633E-09
457 .2630204E-09
458 .2970898E-09
459 .3199122E-09
460 .3615752E-09
461 .3736533E-09
462 .3906700E-09
463 .3950789E-09
464 .4177359E-09
465 .4289295E-09
466 .4254374E-09
467 .4197650E-09
468 .3890228E-09
469 .3671375E-09
470 .3101792E-09
471 .2972781E-09
472 .2550766E-09
473 .2299523E-09
474 .2007278E-09
475 .1873334E-09
476 .1721535E-09
477 .1577992E-09
478 .1509572E-09
479 .1611908E-09
480 .1674295E-09
481 .1740860E-09
482 .1810238E-09
483 .1878901E-09
484 .1957957E-09
485 .1960670E-09
486 .1953580E-09
487 .1931906E-09
488 .1908890E-09
489 .1926419E-09
490 .1982594E-09
491 .2078124E-09
492 .2215834E-09
493 .2385814E-09
494 .2724687E-09
495 .2873717E-09
496 .2976121E-09
497 .3021383E-09
498 .2939757E-09
499 .2825012E-09
500 .2664371E-09
501 .2477486E-09
502 .2293138E-09
503 .1982626E-09
504 .1873027E-09
505 .1796775E-09
506 .1748275E-09
507 .1720539E-09
508 .1704388E-09
509 .1705927E-09
510 .1706989E-09
511 .1710801E-09
512 .1730411E-09
513 .1686000E-09
514 .1661454E-09
515 .1653047E-09
516 .1662206E-09
517 .1710558E-09
518 .1835611E-09
519 .1951730E-09
520 .2058776E-09
521 .1978411E-09
522 .2101034E-09
523 .2457623E-09
524 .2415362E-09
525 .2550459E-09
526 .2475470E-09
527 .2601489E-09
528 .3078402E-09
529 .3128473E-09
530 .2857291E-09
531 .3397653E-09
532 .3385959E-09
533 .3264125E-09
534 .3176293E-09
535 .3166837E-09
536 .2939678E-09
537 .2970233E-09
538 .2912929E-09
539 .2650178E-09
540 .3156054E-09
541 .3073781E-09
542 .2805113E-09
543 .2677729E-09
544 .3185919E-09
545 .3405086E-09
546 .3416991E-09
547 .4050190E-09
548 .3930250E-09
549 .4067533E-09
550 .4444613E-09
551 .4590557E-09
552 .4578239E-09
553 .3975731E-09
554 .4171215E-09
555 .4153205E-09
556 .3999833E-09
557 .3987737E-09
558 .3499582E-09
559 .3355108E-09
560 .3163614E-09
561 .2790858E-09
562 .2548167E-09
563 .2431526E-09
564 .2263804E-09
565 .1967436E-09
566 .1783068E-09
567 .1415990E-09
568 .1333457E-09
569 .1226841E-09
570 .1330215E-09
571 .1263762E-09
572 .1294998E-09
573 .1371557E-09
574 .1336042E-09
575 .1420202E-09
576 .1350416E-09
577 .1605682E-09
578 .1935429E-09
579 .1995590E-09
580 .2320416E-09
581 .2503479E-09
582 .2755972E-09
583 .2804768E-09
584 .2978590E-09
585 .2895170E-09
586 .3228221E-09
587 .3210234E-09
588 .2829003E-09
589 .1815443E-09
590 .2675232E-09
591 .2877513E-09
592 .3004475E-09
593 .2445871E-09
594 .2377840E-09
595 .2288504E-09
596 .2213748E-09
597 .2022551E-09
598 .2066522E-09
599 .2071340E-09
600 .1752933E-09
601 .1889002E-09
602 .1883277E-09
603 .1904630E-09
604 .1879584E-09
605 .2047053E-09
606 .2234362E-09
607 .2135729E-09
608 .2259047E-09
609 .2132606E-09
610 .2158283E-09
611 .2126163E-09
612 .2019979E-09
613 .1951025E-09
614 .2224168E-09
615 .2117710E-09
616 .1998202E-09
617 .1755091E-09
618 .1900523E-09
619 .2060704E-09
620 .1962927E-09
621 .1836111E-09
622 .2060841E-09
623 .2026560E-09
624 .1911286E-09
625 .2116708E-09
626 .1960998E-09
627 .1801590E-09
628 .1762405E-09
629 .1663490E-09
630 .1612169E-09
631 .1567308E-09
632 .1555480E-09
633 .1574735E-09
634 .1623751E-09
635 .1681049E-09
636 .1738219E-09
637 .1807550E-09
638 .1875157E-09
639 .1994939E-09
640 .2145139E-09
641 .2324739E-09
642 .2515489E-09
643 .2653944E-09
644 .2838738E-09
645 .3014681E-09
646 .3176105E-09
647 .3313316E-09
648 .3414297E-09
649 .3547189E-09
650 .3672892E-09
651 .3773185E-09
652 .3840756E-09
653 .3901733E-09
654 .3962025E-09
655 .4013056E-09
656 .4041127E-09
657 .4050235E-09
658 .4061412E-09
659 .4043089E-09
660 .4006320E-09
661 .3932142E-09
662 .3836658E-09
663 .3774094E-09
664 .3653359E-09
665 .3518515E-09
666 .3373082E-09
667 .3219635E-09
668 .3130132E-09
669 .2988471E-09
670 .2845575E-09
671 .2710114E-09
672 .2578516E-09
673 .2502914E-09
674 .2379583E-09
675 .2264660E-09
676 .2182677E-09
677 .2131741E-09
678 .2049636E-09
679 .1987877E-09
680 .1940831E-09
681 .1899187E-09
682 .1885740E-09
683 .1865903E-09
684 .1901160E-09
685 .1853692E-09
686 .1692916E-09
687 .1615948E-09
688 .1589001E-09
689 .1685147E-09
690 .1758510E-09
691 .1821893E-09
692 .1888153E-09
693 .1936628E-09
694 .1959494E-09
695 .1983383E-09
696 .2030429E-09
697 .2059471E-09
698 .2064470E-09
699 .2067157E-09
700 .2163471E-09
701 .2284446E-09
702 .2261432E-09
703 .2273531E-09
704 .2227648E-09
705 .2199796E-09
706 .2241637E-09
707 .2167766E-09
708 .2160205E-09
709 .2234272E-09
710 .2256433E-09
711 .2224319E-09
712 .2280688E-09
713 .2283417E-09
714 .2284259E-09
715 .2354266E-09
716 .2340797E-09
717 .2377178E-09
718 .2554391E-09
719 .2648312E-09
720 .2757190E-09
721 .2718124E-09
722 .2706840E-09
723 .2768901E-09
724 .2920369E-09
725 .3034839E-09
726 .3338790E-09
727 .3279523E-09
728 .3141191E-09
729 .3064772E-09
730 .3104405E-09
731 .3129475E-09
732 .3084341E-09
733 .2986429E-09
734 .2937740E-09
735 .2888754E-09
736 .2844204E-09
737 .2834844E-09
738 .2809283E-09
739 .2797765E-09
740 .2799182E-09
741 .2803174E-09
742 .2861897E-09
743 .2861600E-09
744 .2862820E-09
745 .2859473E-09
746 .2853316E-09
747 .2845166E-09
748 .2780309E-09
749 .2698497E-09
750 .2599336E-09
751 .2484852E-09
752 .2304235E-09
753 .2153450E-09
754 .2020234E-09
755 .1999353E-09
756 .1829944E-09
757 .1548535E-09
758 .1511521E-09
759 .1459217E-09
760 .1404200E-09
761 .1031885E-09
762 .3837305E-10
763 .7517545E-10
764 .9357056E-10
765 .7636982E-10
766 .9653101E-10
767 .1166244E-09
768 .1437103E-09
769 .1530691E-09
770 .1603736E-09
771 .1694142E-09
772 .1696447E-09
773 .1648437E-09
774 .1749154E-09
775 .1706091E-09
776 .1636481E-09
777 .1679802E-09
778 .1660123E-09
779 .1651238E-09
780 .1547774E-09
781 .1534180E-09
782 .1530938E-09
783 .1403609E-09
784 .1390398E-09
785 .1379392E-09
786 .1316289E-09
787 .1213644E-09
788 .1184582E-09
789 .1117404E-09
790 .1036871E-09
791 .9947684E-10
792 .9799486E-10
793 .8994359E-10
794 .8244688E-10
795 .7756977E-10
796 .7653952E-10
797 .7394241E-10
798 .6678169E-10
799 .6330573E-10
800 .6022559E-10
801 .6127449E-10
802 .5635946E-10
803 .5433000E-10
804 .5267386E-10
805 .5274732E-10
806 .5213217E-10
807 .5324766E-10
808 .5143210E-10
809 .4679769E-10
810 .4997209E-10
811 .4806879E-10
812 .4911624E-10
813 .4697523E-10
814 .5033024E-10
815 .4647524E-10
816 .4550760E-10
817 .4883605E-10
818 .4388281E-10
819 .4220531E-10
820 .4037841E-10
821 .3557310E-10
822 .3278283E-10
823 .2846966E-10
824 .2419236E-10
825 .1723781E-10
826 .1646637E-10
827 .1425181E-10
828 .1406485E-10
829 .1446464E-10
830 .1061226E-10
831 .1100389E-10
832 .1321620E-10
833 .1255603E-10
834 .1295097E-10
835 .1595416E-10
836 .1364516E-10
837 .1575276E-10
838 .1885865E-10
839 .1840535E-10
840 .1804527E-10
841 .1880461E-10
842 .1939264E-10
843 .2308480E-10
844 .2595923E-10
845 .2829041E-10
846 .2989848E-10
847 .3248859E-10
848 .3884874E-10
849 .4553493E-10
850 .5206294E-10
851 .5718501E-10
852 .6233212E-10
853 .6881496E-10
854 .7685214E-10
855 .9009153E-10
856 .9923920E-10
857 .9845063E-10
858 .9642560E-10
859 .9559461E-10
860 .9705690E-10
861 .9770135E-10
862 .1066053E-09
863 .1089583E-09
864 .1053708E-09
865 .1011683E-09
866 .9669101E-10
867 .9341746E-10
868 .1033495E-09
869 .1137253E-09
870 .1109428E-09
871 .1050007E-09
872 .1032299E-09
873 .1048392E-09
874 .1105711E-09
875 .1267499E-09
876 .1302674E-09
877 .1190798E-09
878 .1125304E-09
879 .1240262E-09
880 .1351680E-09
881 .1352030E-09
882 .1327371E-09
883 .1256347E-09
884 .1138641E-09
885 .1136372E-09
886 .1185408E-09
887 .1292481E-09
888 .1275595E-09
889 .1148449E-09
890 .1046902E-09
891 .1033580E-09
892 .1075678E-09
893 .1099821E-09
894 .1058991E-09
895 .1064864E-09
896 .1025119E-09
897 .9767689E-10
898 .9351373E-10
899 .9282596E-10
900 .9753649E-10
901 .8861056E-10
902 .8572671E-10
903 .8821783E-10
904 .8532473E-10
905 .8264303E-10
906 .8582789E-10
907 .8609883E-10
908 .8193626E-10
909 .8038848E-10
910 .8056079E-10
911 .8133311E-10
912 .8559287E-10
913 .8750914E-10
914 .8588905E-10
915 .8050356E-10
916 .7820485E-10
917 .7883546E-10
918 .7617952E-10
919 .7758257E-10
920 .7669881E-10
921 .7754624E-10
922 .8058139E-10
923 .8183332E-10
924 .8842370E-10
925 .9162347E-10
926 .8046352E-10
927 .7685657E-10
928 .7344247E-10
929 .7164898E-10
930 .7547967E-10
931 .7705651E-10
932 .7592125E-10
933 .6945665E-10
934 .5783602E-10
935 .5943527E-10
936 .6163121E-10
937 .6421035E-10
938 .6203545E-10
939 .8974114E-10
940 .8033462E-10
941 .5325821E-10
942 .5929418E-10
943 .5767315E-10
944 .5815065E-10
945 .6367902E-10
946 .6667271E-10
947 .7375695E-10
948 .7223037E-10
949 .7247479E-10
950 .7218388E-10
951 .7364711E-10
952 .6570429E-10
953 .7656278E-10
954 .9723159E-10
955 .8858438E-10
956 .8413186E-10
957 .8508012E-10
958 .7574437E-10
959 .7443940E-10
960 .8163428E-10
961 .7969286E-10
962 .7779939E-10
963 .7103301E-10
964 .6430712E-10
965 .6618488E-10
966 .6515089E-10
967 .6526186E-10
968 .6018338E-10
969 .5405095E-10
970 .5952600E-10
971 .6147282E-10
972 .6249105E-10
973 .5857111E-10
974 .5699532E-10
975 .6136491E-10
976 .5538345E-10
977 .5974538E-10
978 .6459196E-10
979 .5958613E-10
980 .6800643E-10
981 .6954049E-10
982 .6235303E-10
983 .6513961E-10
984 .6988437E-10
985 .7783439E-10
986 .7999295E-10
987 .8041500E-10
988 .9553535E-10
989 .9446870E-10
990 .8616385E-10
991 .8493439E-10
992 .9149747E-10
993 .9478895E-10
994 .9495626E-10
995 .9179043E-10
996 .9473575E-10
997 .1099182E-09
998 .9748104E-10
999 .9576152E-10
1000 .9958215E-10
1001 .9893484E-10
1002 .9828635E-10
1003 .9763685E-10
1004 .9698612E-10
1005 .9633438E-10
1006 .9568136E-10
1007 .9502759E-10
1008 .9437243E-10
1009 .9371631E-10
1010 .9305912E-10
1011 .9240084E-10
1012 .9174166E-10
1013 .9108128E-10
1014 .9041989E-10
1015 .8975745E-10
1016 .8909405E-10
1017 .8842956E-10
1018 .8776408E-10
1019 .8709757E-10
1020 .8643005E-10
1021 .8576163E-10
1022 .8509214E-10
1023 .8442161E-10
1024 .8375020E-10
1025 .8307785E-10
1026 .8240446E-10
1027 .8173016E-10
1028 .8105479E-10
1029 .8037869E-10
1030 .7970145E-10
1031 .7902343E-10
1032 .7834430E-10
1033 .7766442E-10
1034 .7698358E-10
1035 .7630187E-10
1036 .7561921E-10
1037 .7493566E-10
1038 .7425116E-10
1039 .7356589E-10
1040 .7287967E-10
1041 .7219263E-10
1042 .7150466E-10
1043 .7081591E-10
1044 .7012631E-10
1045 .6943579E-10
1046 .6874451E-10
1047 .6805243E-10
1048 .6735946E-10
1049 .6666569E-10
1050 .6597115E-10
1051 .6527583E-10
1052 .6457970E-10
1053 .6388277E-10
1054 .6318510E-10
1055 .6248664E-10
1056 .6178746E-10
1057 .6108749E-10
1058 .6038678E-10
1059 .5968535E-10
1060 .5898321E-10
1061 .5828033E-10
1062 .5757672E-10
1063 .5687239E-10
1064 .5616741E-10
1065 .5546169E-10
1066 .5475531E-10
1067 .5404821E-10
1068 .5334043E-10
1069 .5263199E-10
1070 .5192293E-10
1071 .5121317E-10
1072 .5050277E-10
1073 .4979166E-10
1074 .4908004E-10
1075 .4836769E-10
1076 .4765474E-10
1077 .4694117E-10
1078 .4622696E-10
1079 .4551215E-10
1080 .4479676E-10
1081 .4408071E-10
1082 .4336412E-10
1083 .4264688E-10
1084 .4192911E-10
1085 .4121076E-10
1086 .4049178E-10
1087 .3977226E-10
1088 .3905218E-10
1089 .3833154E-10
1090 .3761034E-10
1091 .3688857E-10
1092 .3616627E-10
1093 .3544345E-10
1094 .3472007E-10
1095 .3399615E-10
1096 .3327168E-10
1097 .3254673E-10
1098 .3182125E-10
1099 .3109523E-10
1100 .3036872E-10
1101 .2964168E-10
1102 .2891416E-10
1103 .2818610E-10
1104 .2745758E-10
1105 .2672855E-10
1106 .2599904E-10
1107 .2526903E-10
1108 .2453854E-10
1109 .2380759E-10
1110 .2307613E-10
1111 .2234421E-10
1112 .2161183E-10
1113 .2087896E-10
1114 .2014564E-10
1115 .1941185E-10
1116 .1867762E-10
1117 .1794291E-10
1118 .1720776E-10
1119 .1647215E-10
1120 .1573609E-10
1121 .1499959E-10
1122 .1426264E-10
1123 .1352526E-10
1124 .1278743E-10
1125 .1204917E-10
1126 .1131046E-10
1127 .1057133E-10
1128 .9831763E-11
1129 .9091774E-11
1130 .8351345E-11
1131 .8353611E-11
1132 .8355886E-11
1133 .8358144E-11
1134 .8360389E-11
1135 .8362647E-11
1136 .8364897E-11
1137 .8367149E-11
1138 .8369388E-11
1139 .8371621E-11
1140 .8373865E-11
1141 .8376101E-11
1142 .8378334E-11
1143 .8380558E-11
1144 .8382781E-11
1145 .8385012E-11
1146 .8387233E-11
1147 .8389458E-11
1148 .8391677E-11
1149 .8393903E-11
1150 .8396117E-11
1151 .8398334E-11
1152 .8400553E-11
1153 .8402774E-11
1154 .8404990E-11
1155 .8407215E-11
1156 .8409435E-11
1157 .8411654E-11
1158 .8413873E-11
1159 .8416094E-11
1160 .8418335E-11
1161 .8420558E-11
1162 .8422788E-11
1163 .8425018E-11
1164 .8427252E-11
1165 .8429489E-11
1166 .8431730E-11
1167 .8433976E-11
1168 .8436223E-11
1169 .8438479E-11
1170 .8440732E-11
1171 .8442992E-11
1172 .8445251E-11
1173 .8447525E-11
1174 .8449790E-11
1175 .8452078E-11
1176 .8454354E-11
1177 .8456655E-11
1178 .8458948E-11
1179 .8461248E-11
1180 .8463553E-11
1181 .8465873E-11
1182 .8468194E-11
1183 .8470524E-11
1184 .8472850E-11
1185 .8475200E-11
1186 .8477549E-11
1187 .8479912E-11
1188 .8482276E-11
1189 .8484652E-11
1190 .8487027E-11
1191 .8489427E-11
1192 .8491831E-11
1193 .8494241E-11
1194 .8496666E-11
1195 .8499095E-11
1196 .8501543E-11
1197 .8503992E-11
1198 .8506463E-11
1199 .8508923E-11
1200 .8511415E-11
1201 .8513910E-11
1202 .8516413E-11
1203 .8518934E-11
1204 .8521468E-11
1205 .8524014E-11
1206 .8526567E-11
1207 .8529129E-11
1208 .8531711E-11
1209 .8534313E-11
1210 .8536920E-11
1211 .8539542E-11
1212 .8542184E-11
1213 .8544833E-11
1214 .8547494E-11
1215 .8550181E-11
1216 .8552873E-11
1217 .8555580E-11
1218 .8558305E-11
1219 .8561047E-11
1220 .8563809E-11
1221 .8566577E-11
1222 .8569369E-11
1223 .8572171E-11
1224 .8575001E-11
1225 .8577839E-11
1226 .8580698E-11
1227 .8583571E-11
1228 .8586459E-11
1229 .8589372E-11
1230 .8592309E-11
1231 .8595250E-11
1232 .8598218E-11
1233 .8601205E-11
1234 .8604214E-11
1235 .8607230E-11
1236 .8610282E-11
1237 .8613346E-11
1238 .8616430E-11
1239 .8619531E-11
1240 .8622668E-11
1241 .8625812E-11
1242 .8628983E-11
1243 .8632173E-11
1244 .8635389E-11
1245 .8638625E-11
1246 .8641875E-11
1247 .8645157E-11
1248 .8648465E-11
1249 .8651788E-11
1250 .8655136E-11
1251 .8659439E-11
1252 .8663763E-11
1253 .8668114E-11
1254 .8672482E-11
1255 .8676878E-11
1256 .8681296E-11
1257 .8685744E-11
1258 .8690216E-11
1259 .8694703E-11
1260 .8699213E-11
1261 .8703762E-11
1262 .8708325E-11
1263 .8712919E-11
1264 .8717544E-11
1265 .8722178E-11
1266 .8726860E-11
1267 .8731553E-11
1268 .8736275E-11
1269 .8741033E-11
1270 .8745812E-11
1271 .8750626E-11
1272 .8755464E-11
1273 .8760333E-11
1274 .8765227E-11
1275 .8770141E-11
1276 .8775093E-11
1277 .8780078E-11
1278 .8785083E-11
1279 .8790126E-11
1280 .8795205E-11
1281 .8800306E-11
1282 .8805431E-11
1283 .8810605E-11
1284 .8815794E-11
1285 .8821020E-11
1286 .8826274E-11
1287 .8831572E-11
1288 .8836891E-11
1289 .8842245E-11
1290 .8847628E-11
1291 .8853043E-11
1292 .8858491E-11
1293 .8863965E-11
1294 .8869485E-11
1295 .8875014E-11
1296 .8880581E-11
1297 .8886181E-11
1298 .8891809E-11
1299 .8897466E-11
1300 .8903158E-11
1301 .8908874E-11
1302 .8914623E-11
1303 .8920397E-11
1304 .8926205E-11
1305 .8932039E-11
1306 .8937912E-11
1307 .8943794E-11
1308 .8949719E-11
1309 .8955673E-11
1310 .8961649E-11
1311 .8967656E-11
1312 .8973684E-11
1313 .8979752E-11
1314 .8985842E-11
1315 .8991961E-11
1316 .8998099E-11
1317 .9004271E-11
1318 .9010473E-11
1319 .9016690E-11
1320 .9022950E-11
1321 .9029232E-11
1322 .9035537E-11
1323 .9041871E-11
1324 .9048233E-11
1325 .9054617E-11
1326 .9061030E-11
1327 .9067455E-11
1328 .9073919E-11
1329 .9080414E-11
1330 .9086926E-11
1331 .9093461E-11
1332 .9100021E-11
1333 .9106619E-11
1334 .9113222E-11
1335 .9119859E-11
1336 .9126517E-11
1337 .9133208E-11
1338 .9139912E-11
1339 .9146640E-11
1340 .9153407E-11
1341 .9160186E-11
1342 .9166987E-11
1343 .9173818E-11
1344 .9180666E-11
1345 .9187541E-11
1346 .9194434E-11
1347 .9201347E-11
1348 .9208292E-11
1349 .9215255E-11
1350 .9222235E-11
1351 .9229244E-11
1352 .9236267E-11
1353 .9243324E-11
1354 .9250394E-11
1355 .9257482E-11
1356 .9264600E-11
1357 .9271728E-11
1358 .9278877E-11
1359 .9286059E-11
1360 .9293261E-11
1361 .9300475E-11
1362 .9307708E-11
1363 .9314957E-11
1364 .9322239E-11
1365 .9329531E-11
1366 .9336843E-11
1367 .9344173E-11
1368 .9351520E-11
1369 .9358903E-11
1370 .9366287E-11
1371 .9393009E-11
1372 .9419755E-11
1373 .9446568E-11
1374 .9473417E-11
1375 .9500318E-11
1376 .9527268E-11
1377 .9554250E-11
1378 .9581289E-11
1379 .9608376E-11
1380 .9635510E-11
1381 .9662680E-11
1382 .9689907E-11
1383 .9717178E-11
1384 .9744491E-11
1385 .9771854E-11
1386 .9799262E-11
1387 .9826722E-11
1388 .9854212E-11
1389 .9881758E-11
1390 .9909336E-11
1391 .9936969E-11
1392 .9964652E-11
1393 .9992372E-11
1394 .1002015E-10
1395 .1004794E-10
1396 .1007581E-10
1397 .1010371E-10
1398 .1013165E-10
1399 .1015963E-10
1400 .1018767E-10
1401 .1021574E-10
1402 .1024386E-10
1403 .1027202E-10
1404 .1030023E-10
1405 .1032847E-10
1406 .1035676E-10
1407 .1038510E-10
1408 .1041346E-10
1409 .1044189E-10
1410 .1047036E-10
1411 .1049884E-10
1412 .1052739E-10
1413 .1055598E-10
1414 .1058461E-10
1415 .1061328E-10
1416 .1064199E-10
1417 .1067073E-10
1418 .1069952E-10
1419 .1072836E-10
1420 .1075724E-10
1421 .1078614E-10
1422 .1081509E-10
1423 .1084407E-10
1424 .1087312E-10
1425 .1090219E-10
1426 .1093129E-10
1427 .1096045E-10
1428 .1098965E-10
1429 .1101886E-10
1430 .1104813E-10
1431 .1107744E-10
1432 .1110679E-10
1433 .1113616E-10
1434 .1116558E-10
1435 .1119503E-10
1436 .1122453E-10
1437 .1125405E-10
1438 .1128362E-10
1439 .1131322E-10
1440 .1134286E-10
1441 .1137254E-10
1442 .1140225E-10
1443 .1143199E-10
1444 .1146177E-10
1445 .1149159E-10
1446 .1152143E-10
1447 .1155132E-10
1448 .1158125E-10
1449 .1161121E-10
1450 .1164119E-10
1451 .1167120E-10
1452 .1170126E-10
1453 .1173137E-10
1454 .1176148E-10
1455 .1179164E-10
1456 .1182183E-10
1457 .1185203E-10
1458 .1188228E-10
1459 .1191257E-10
1460 .1194288E-10
1461 .1197323E-10
1462 .1200360E-10
1463 .1203401E-10
1464 .1206445E-10
1465 .1209490E-10
1466 .1212540E-10
1467 .1215592E-10
1468 .1218647E-10
1469 .1221706E-10
1470 .1224766E-10
1471 .1227829E-10
1472 .1230896E-10
1473 .1233965E-10
1474 .1237038E-10
1475 .1240112E-10
1476 .1243189E-10
1477 .1246269E-10
1478 .1249352E-10
1479 .1252437E-10
1480 .1255523E-10
1481 .1258614E-10
1482 .1261706E-10
1483 .1264801E-10
1484 .1267898E-10
1485 .1270998E-10
1486 .1274099E-10
1487 .1277204E-10
1488 .1280311E-10
1489 .1283419E-10
1490 .1286532E-10
1491 .1289644E-10
1492 .1292761E-10
1493 .1295879E-10
1494 .1298998E-10
1495 .1302122E-10
1496 .1305247E-10
1497 .1308375E-10
1498 .1311503E-10
1499 .1314635E-10
1500 .1317769E-10
1501 .1318774E-10
1502 .1319779E-10
1503 .1320783E-10
1504 .1321786E-10
1505 .1322787E-10
1506 .1323790E-10
1507 .1324789E-10
1508 .1325788E-10
1509 .1326787E-10
1510 .1327785E-10
1511 .1328780E-10
1512 .1329776E-10
1513 .1330768E-10
1514 .1331761E-10
1515 .1332754E-10
1516 .1333745E-10
1517 .1334735E-10
1518 .1335723E-10
1519 .1336710E-10
1520 .1337697E-10
1521 .1338683E-10
1522 .1339667E-10
1523 .1340649E-10
1524 .1341631E-10
1525 .1342612E-10
1526 .1343590E-10
1527 .1344569E-10
1528 .1345546E-10
1529 .1346521E-10
1530 .1347495E-10
1531 .1348467E-10
1532 .1349440E-10
1533 .1350410E-10
1534 .1351380E-10
1535 .1352347E-10
1536 .1353314E-10
1537 .1354279E-10
1538 .1355243E-10
1539 .1356205E-10
1540 .1357167E-10
1541 .1358127E-10
1542 .1359085E-10
1543 .1360041E-10
1544 .1360996E-10
1545 .1361951E-10
1546 .1362903E-10
1547 .1363855E-10
1548 .1364804E-10
1549 .1365752E-10
1550 .1366699E-10
1551 .1367643E-10
1552 .1368588E-10
1553 .1369529E-10
1554 .1370471E-10
1555 .1371409E-10
1556 .1372345E-10
1557 .1373282E-10
1558 .1374216E-10
1559 .1375148E-10
1560 .1376079E-10
1561 .1377009E-10
1562 .1377936E-10
1563 .1378862E-10
1564 .1379785E-10
1565 .1380709E-10
1566 .1381630E-10
1567 .1382548E-10
1568 .1383466E-10
1569 .1384382E-10
1570 .1385295E-10
1571 .1386207E-10
1572 .1387117E-10
1573 .1388026E-10
1574 .1388932E-10
1575 .1389838E-10
1576 .1390740E-10
1577 .1391642E-10
1578 .1392541E-10
1579 .1393437E-10
1580 .1394334E-10
1581 .1395227E-10
1582 .1396119E-10
1583 .1397008E-10
1584 .1397897E-10
1585 .1398782E-10
1586 .1399667E-10
1587 .1400547E-10
1588 .1401428E-10
1589 .1402305E-10
1590 .1403181E-10
1591 .1404055E-10
1592 .1404927E-10
1593 .1405796E-10
1594 .1406664E-10
1595 .1407529E-10
1596 .1408393E-10
1597 .1409254E-10
1598 .1410113E-10
1599 .1410970E-10
1600 .1411824E-10
1601 .1412677E-10
1602 .1413528E-10
1603 .1414375E-10
1604 .1415220E-10
1605 .1416064E-10
1606 .1416907E-10
1607 .1417745E-10
1608 .1418583E-10
1609 .1419417E-10
1610 .1420249E-10
1611 .1421079E-10
1612 .1421907E-10
1613 .1422732E-10
1614 .1423557E-10
1615 .1424376E-10
1616 .1425194E-10
1617 .1426010E-10
1618 .1426824E-10
1619 .1427634E-10
1620 .1428444E-10
1621 .1429249E-10
1622 .1430051E-10
1623 .1430853E-10
1624 .1431651E-10
1625 .1432448E-10
1626 .1432649E-10
1627 .1432850E-10
1628 .1433050E-10
1629 .1433246E-10
1630 .1433439E-10
1631 .1433632E-10
1632 .1433821E-10
1633 .1434010E-10
1634 .1434197E-10
1635 .1434379E-10
1636 .1434560E-10
1637 .1434741E-10
1638 .1434919E-10
1639 .1435094E-10
1640 .1435267E-10
1641 .1435438E-10
1642 .1435608E-10
1643 .1435774E-10
1644 .1435939E-10
1645 .1436101E-10
1646 .1436261E-10
1647 .1436418E-10
1648 .1436573E-10
1649 .1436727E-10
1650 .1436878E-10
1651 .1437026E-10
1652 .1437172E-10
1653 .1437317E-10
1654 .1437458E-10
1655 .1437598E-10
1656 .1437734E-10
1657 .1437869E-10
1658 .1438001E-10
1659 .1438131E-10
1660 .1438258E-10
1661 .1438384E-10
1662 .1438506E-10
1663 .1438626E-10
1664 .1438745E-10
1665 .1438860E-10
1666 .1438974E-10
1667 .1439083E-10
1668 .1439190E-10
1669 .1439295E-10
1670 .1439398E-10
1671 .1439498E-10
1672 .1439596E-10
1673 .1439690E-10
1674 .1439783E-10
1675 .1439873E-10
1676 .1439960E-10
1677 .1440045E-10
1678 .1440126E-10
1679 .1440206E-10
1680 .1440282E-10
1681 .1440357E-10
1682 .1440428E-10
1683 .1440498E-10
1684 .1440564E-10
1685 .1440626E-10
1686 .1440689E-10
1687 .1440746E-10
1688 .1440803E-10
1689 .1440856E-10
1690 .1440906E-10
1691 .1440954E-10
1692 .1441000E-10
1693 .1441043E-10
1694 .1441083E-10
1695 .1441121E-10
1696 .1441156E-10
1697 .1441189E-10
1698 .1441220E-10
1699 .1441247E-10
1700 .1441274E-10
1701 .1441298E-10
1702 .1441317E-10
1703 .1441337E-10
1704 .1441352E-10
1705 .1441367E-10
1706 .1441378E-10
1707 .1441386E-10
1708 .1441394E-10
1709 .1441398E-10
1710 .1441399E-10
1711 .1441399E-10
1712 .1441397E-10
1713 .1441392E-10
1714 .1441385E-10
1715 .1441374E-10
1716 .1441363E-10
1717 .1441349E-10
1718 .1441334E-10
1719 .1441315E-10
1720 .1441294E-10
1721 .1441271E-10
1722 .1441247E-10
1723 .1441219E-10
1724 .1441191E-10
1725 .1441160E-10
1726 .1441126E-10
1727 .1441090E-10
1728 .1441053E-10
1729 .1441013E-10
1730 .1440971E-10
1731 .1440927E-10
1732 .1440881E-10
1733 .1440834E-10
1734 .1440784E-10
1735 .1440731E-10
1736 .1440677E-10
1737 .1440622E-10
1738 .1440564E-10
1739 .1440503E-10
1740 .1440442E-10
1741 .1440378E-10
1742 .1440311E-10
1743 .1440244E-10
1744 .1440174E-10
1745 .1440103E-10
1746 .1440030E-10
1747 .1439954E-10
1748 .1439878E-10
1749 .1439799E-10
1750 .1439718E-10
1751 .1439636E-10
1752 .1439549E-10
1753 .1439466E-10
1754 .1439376E-10
1755 .1439287E-10
1756 .1439196E-10
1757 .1439103E-10
1758 .1439007E-10
1759 .1438911E-10
1760 .1438812E-10
1761 .1438712E-10
1762 .1438611E-10
1763 .1438507E-10
1764 .1438403E-10
1765 .1438297E-10
1766 .1438187E-10
1767 .1438078E-10
1768 .1437965E-10
1769 .1437853E-10
1770 .1437739E-10
1771 .1437622E-10
1772 .1437505E-10
1773 .1437385E-10
1774 .1437264E-10
1775 .1437142E-10
1776 .1437018E-10
1777 .1436892E-10
1778 .1436764E-10
1779 .1436636E-10
1780 .1436506E-10
1781 .1436374E-10
1782 .1436243E-10
1783 .1436108E-10
1784 .1435973E-10
1785 .1435835E-10
1786 .1435697E-10
1787 .1435557E-10
1788 .1435416E-10
1789 .1435274E-10
1790 .1435130E-10
1791 .1434984E-10
1792 .1434839E-10
1793 .1434690E-10
1794 .1434542E-10
1795 .1434392E-10
1796 .1434239E-10
1797 .1434087E-10
1798 .1433933E-10
1799 .1433777E-10
1800 .1433621E-10
1801 .1428742E-10
1802 .1423863E-10
1803 .1418983E-10
1804 .1414103E-10
1805 .1409223E-10
1806 .1404343E-10
1807 .1399463E-10
1808 .1394584E-10
1809 .1389703E-10
1810 .1384823E-10
1811 .1379944E-10
1812 .1375064E-10
1813 .1370183E-10
1814 .1365304E-10
1815 .1360425E-10
1816 .1355546E-10
1817 .1350668E-10
1818 .1345788E-10
1819 .1340910E-10
1820 .1336033E-10
1821 .1331153E-10
1822 .1326277E-10
1823 .1321399E-10
1824 .1316523E-10
1825 .1311645E-10
1826 .1306769E-10
1827 .1301892E-10
1828 .1297017E-10
1829 .1292142E-10
1830 .1287269E-10
1831 .1282394E-10
1832 .1277521E-10
1833 .1272649E-10
1834 .1267775E-10
1835 .1262903E-10
1836 .1258033E-10
1837 .1253162E-10
1838 .1248292E-10
1839 .1243422E-10
1840 .1238555E-10
1841 .1233685E-10
1842 .1228816E-10
1843 .1223951E-10
1844 .1219086E-10
1845 .1214221E-10
1846 .1209355E-10
1847 .1204492E-10
1848 .1199629E-10
1849 .1194767E-10
1850 .1189905E-10
1851 .1185045E-10
1852 .1180185E-10
1853 .1175326E-10
1854 .1170469E-10
1855 .1165611E-10
1856 .1160755E-10
1857 .1155901E-10
1858 .1151047E-10
1859 .1146193E-10
1860 .1141340E-10
1861 .1136490E-10
1862 .1131640E-10
1863 .1126790E-10
1864 .1121942E-10
1865 .1117095E-10
1866 .1112249E-10
1867 .1107404E-10
1868 .1102560E-10
1869 .1097717E-10
1870 .1092875E-10
1871 .1088035E-10
1872 .1083195E-10
1873 .1078357E-10
1874 .1073518E-10
1875 .1068684E-10
1876 .1063850E-10
1877 .1059015E-10
1878 .1054182E-10
1879 .1049351E-10
1880 .1044522E-10
1881 .1039692E-10
1882 .1034865E-10
1883 .1030039E-10
1884 .1025213E-10
1885 .1020389E-10
1886 .1015568E-10
1887 .1010747E-10
1888 .1005926E-10
1889 .1001108E-10
1890 .9962916E-11
1891 .9914765E-11
1892 .9866612E-11
1893 .9818476E-11
1894 .9770363E-11
1895 .9722265E-11
1896 .9674174E-11
1897 .9626104E-11
1898 .9578036E-11
1899 .9529982E-11
1900 .9481965E-11
1901 .9433931E-11
1902 .9385944E-11
1903 .9337952E-11
1904 .9289967E-11
1905 .9242008E-11
1906 .9194060E-11
1907 .9146137E-11
1908 .9098225E-11
1909 .9050316E-11
1910 .9002437E-11
1911 .8954559E-11
1912 .8906705E-11
1913 .8858862E-11
1914 .8811028E-11
1915 .8763221E-11
1916 .8715429E-11
1917 .8667642E-11
1918 .8619891E-11
1919 .8572135E-11
1920 .8524404E-11
1921 .8476681E-11
1922 .8428987E-11
1923 .8381292E-11
1924 .8333618E-11
1925 .8285973E-11
1926 .8238335E-11
1927 .8190699E-11
1928 .8143097E-11
1929 .8095506E-11
1930 .8047932E-11
1931 .8000360E-11
1932 .7952827E-11
1933 .7905296E-11
1934 .7857782E-11
1935 .7810294E-11
1936 .7762810E-11
1937 .7715339E-11
1938 .7667895E-11
1939 .7620466E-11
1940 .7573053E-11
1941 .7525644E-11
1942 .7478267E-11
1943 .7430898E-11
1944 .7383552E-11
1945 .7336213E-11
1946 .7288895E-11
1947 .7241593E-11
1948 .7194309E-11
1949 .7147041E-11
1950 .7099785E-11
1951 .7052549E-11
1952 .7005326E-11
1953 .6958124E-11
1954 .6910933E-11
1955 .6863761E-11
1956 .6816609E-11
1957 .6769468E-11
1958 .6722344E-11
1959 .6675237E-11
1960 .6628147E-11
1961 .6581075E-11
1962 .6534012E-11
1963 .6486968E-11
1964 .6439941E-11
1965 .6392929E-11
1966 .6345940E-11
1967 .6298956E-11
1968 .6251992E-11
1969 .6205041E-11
1970 .6158110E-11
1971 .6111192E-11
1972 .6064288E-11
1973 .6017401E-11
1974 .5970532E-11
1975 .5923674E-11
1976 .5876832E-11
1977 .5830007E-11
1978 .5783193E-11
1979 .5736397E-11
1980 .5689615E-11
1981 .5642851E-11
1982 .5596094E-11
1983 .5549361E-11
1984 .5502633E-11
1985 .5455926E-11
1986 .5409229E-11
1987 .5362548E-11
1988 .5315882E-11
1989 .5269231E-11
1990 .5222596E-11
1991 .5175968E-11
1992 .5129358E-11
1993 .5082761E-11
1994 .5036183E-11
1995 .4989614E-11
1996 .4943058E-11
1997 .4896514E-11
1998 .4849991E-11
1999 .4803475E-11
2000 .4756976E-11
2001 .4710488E-11
2002 .4664014E-11
2003 .4617554E-11
2004 .4571104E-11
2005 .4524670E-11
2006 .4478250E-11
2007 .4431841E-11
2008 .4385445E-11
2009 .4339059E-11
2010 .4292690E-11
2011 .4292196E-11
2012 .4291703E-11
2013 .4291211E-11
2014 .4290723E-11
2015 .4290239E-11
2016 .4289756E-11
2017 .4289273E-11
2018 .4288793E-11
2019 .4288313E-11
2020 .4287840E-11
2021 .4287363E-11
2022 .4286891E-11
2023 .4286422E-11
2024 .4285955E-11
2025 .4285488E-11
2026 .4285026E-11
2027 .4284565E-11
2028 .4284105E-11
2029 .4283644E-11
2030 .4283189E-11
2031 .4282736E-11
2032 .4282289E-11
2033 .4281836E-11
2034 .4281390E-11
2035 .4280947E-11
2036 .4280502E-11
2037 .4280061E-11
2038 .4279623E-11
2039 .4279186E-11
2040 .4278749E-11
2041 .4278318E-11
2042 .4277888E-11
2043 .4277458E-11
2044 .4277032E-11
2045 .4276609E-11
2046 .4276184E-11
2047 .4275764E-11
2048 .4275347E-11
2049 .4274929E-11
2050 .4274515E-11
2051 .4274104E-11
2052 .4273695E-11
2053 .4273285E-11
2054 .4272879E-11
2055 .4272478E-11
2056 .4272072E-11
2057 .4271673E-11
2058 .4271275E-11
2059 .4270877E-11
2060 .4270486E-11
2061 .4270095E-11
2062 .4269706E-11
2063 .4269317E-11
2064 .4268932E-11
2065 .4268546E-11
2066 .4268165E-11
2067 .4267788E-11
2068 .4267408E-11
2069 .4267033E-11
2070 .4266660E-11
2071 .4266285E-11
2072 .4265917E-11
2073 .4265552E-11
2074 .4265188E-11
2075 .4264822E-11
2076 .4264461E-11
2077 .4264102E-11
2078 .4263743E-11
2079 .4263392E-11
2080 .4263037E-11
2081 .4262684E-11
2082 .4262338E-11
2083 .4261992E-11
2084 .4261644E-11
2085 .4261301E-11
2086 .4260960E-11
2087 .4260619E-11
2088 .4260283E-11
2089 .4259948E-11
2090 .4259616E-11
2091 .4259285E-11
2092 .4258956E-11
2093 .4258631E-11
2094 .4258303E-11
2095 .4257982E-11
2096 .4257659E-11
2097 .4257341E-11
2098 .4257025E-11
2099 .4256712E-11
2100 .4256398E-11
2101 .4256086E-11
2102 .4255778E-11
2103 .4255472E-11
2104 .4255166E-11
2105 .4254863E-11
2106 .4254561E-11
2107 .4254263E-11
2108 .4253968E-11
2109 .4253674E-11
2110 .4253381E-11
2111 .4253090E-11
2112 .4252803E-11
2113 .4252515E-11
2114 .4252229E-11
2115 .4251945E-11
2116 .4251665E-11
2117 .4251388E-11
2118 .4251114E-11
2119 .4250838E-11
2120 .4250560E-11
2121 .4250295E-11
2122 .4250023E-11
2123 .4249760E-11
2124 .4249495E-11
2125 .4249232E-11
2126 .4248971E-11
2127 .4248712E-11
2128 .4248456E-11
2129 .4248198E-11
2130 .4247947E-11
2131 .4247697E-11
2132 .4247448E-11
2133 .4247200E-11
2134 .4246956E-11
2135 .4246713E-11
2136 .4246474E-11
2137 .4246236E-11
2138 .4245999E-11
2139 .4245762E-11
2140 .4245530E-11
2141 .4245300E-11
2142 .4245074E-11
2143 .4244846E-11
2144 .4244618E-11
2145 .4244398E-11
2146 .4244175E-11
2147 .4243958E-11
2148 .4243742E-11
2149 .4243527E-11
2150 .4243315E-11
2151 .4243104E-11
2152 .4242895E-11
2153 .4242687E-11
2154 .4242483E-11
2155 .4242281E-11
2156 .4242081E-11
2157 .4241885E-11
2158 .4241684E-11
2159 .4241490E-11
2160 .4241294E-11
2161 .4241104E-11
2162 .4240917E-11
2163 .4240730E-11
2164 .4240546E-11
2165 .4240364E-11
2166 .4240180E-11
2167 .4240005E-11
2168 .4239826E-11
2169 .4239651E-11
2170 .4239478E-11
2171 .4239308E-11
2172 .4239137E-11
2173 .4238969E-11
2174 .4238806E-11
2175 .4238641E-11
2176 .4238481E-11
2177 .4238323E-11
2178 .4238167E-11
2179 .4238010E-11
2180 .4237856E-11
2181 .4237706E-11
2182 .4237554E-11
2183 .4237409E-11
2184 .4237264E-11
2185 .4237121E-11
2186 .4236978E-11
2187 .4236841E-11
2188 .4236701E-11
2189 .4236568E-11
2190 .4236436E-11
2191 .4236304E-11
2192 .4236171E-11
2193 .4236046E-11
2194 .4235920E-11
2195 .4235796E-11
2196 .4235674E-11
2197 .4235557E-11
2198 .4235438E-11
2199 .4235321E-11
2200 .4235210E-11
2201 .4235097E-11
2202 .4234988E-11
2203 .4234880E-11
2204 .4234774E-11
2205 .4234671E-11
2206 .4234570E-11
2207 .4234468E-11
2208 .4234372E-11
2209 .4234277E-11
2210 .4234180E-11
2211 .4234088E-11
2212 .4233996E-11
2213 .4233915E-11
2214 .4233825E-11
2215 .4233740E-11
2216 .4233660E-11
2217 .4233580E-11
2218 .4233502E-11
2219 .4233426E-11
2220 .4233354E-11
2221 .4233281E-11
2222 .4233209E-11
2223 .4233143E-11
2224 .4233077E-11
2225 .4233012E-11
2226 .4232950E-11
2227 .4232889E-11
2228 .4232832E-11
2229 .4232772E-11
2230 .4232719E-11
2231 .4232664E-11
2232 .4232616E-11
2233 .4232568E-11
2234 .4232523E-11
2235 .4232476E-11
2236 .4232434E-11
2237 .4232392E-11
2238 .4232355E-11
2239 .4232318E-11
2240 .4232285E-11
2241 .4232251E-11
2242 .4232221E-11
2243 .4232193E-11
2244 .4232165E-11
2245 .4232138E-11
2246 .4232116E-11
2247 .4232096E-11
2248 .4232075E-11
2249 .4232056E-11
2250 .4232041E-11
2251 .4232029E-11
2252 .4232018E-11
2253 .4232008E-11
2254 .4231999E-11
2255 .4231991E-11
2256 .4231989E-11
2257 .4231986E-11
2258 .4231985E-11
2259 .4231987E-11
2260 .4231989E-11
2261 .4231993E-11
2262 .4231999E-11
2263 .4232008E-11
2264 .4232018E-11
2265 .4232029E-11
2266 .4232045E-11
2267 .4232060E-11
2268 .4232076E-11
2269 .4232097E-11
2270 .4232118E-11
2271 .4232139E-11
2272 .4232162E-11
2273 .4232188E-11
2274 .4232217E-11
2275 .4232245E-11
2276 .4232275E-11
2277 .4232307E-11
2278 .4232342E-11
2279 .4232378E-11
2280 .4232415E-11
2281 .4232455E-11
2282 .4232495E-11
2283 .4232537E-11
2284 .4232583E-11
2285 .4232633E-11
2286 .4232677E-11
2287 .4232726E-11
2288 .4232778E-11
2289 .4232829E-11
2290 .4232881E-11
2291 .4232939E-11
2292 .4232996E-11
2293 .4233051E-11
2294 .4233113E-11
2295 .4233173E-11
2296 .4233237E-11
2297 .4233303E-11
2298 .4233369E-11
2299 .4233439E-11
2300 .4233508E-11
2301 .4233579E-11
2302 .4233653E-11
2303 .4233725E-11
2304 .4233802E-11
2305 .4233879E-11
2306 .4233957E-11
2307 .4234036E-11
2308 .4234118E-11
2309 .4234200E-11
2310 .4234288E-11
2311 .4234374E-11
2312 .4234460E-11
2313 .4234549E-11
2314 .4234636E-11
2315 .4234728E-11
2316 .4234823E-11
2317 .4234919E-11
2318 .4235010E-11
2319 .4235109E-11
2320 .4235206E-11
2321 .4235307E-11
2322 .4235408E-11
2323 .4235512E-11
2324 .4235618E-11
2325 .4235724E-11
2326 .4235831E-11
2327 .4235939E-11
2328 .4236050E-11
2329 .4236158E-11
2330 .4236271E-11
2331 .4236386E-11
2332 .4236499E-11
2333 .4236614E-11
2334 .4236732E-11
2335 .4236851E-11
2336 .4236973E-11
2337 .4237093E-11
2338 .4237215E-11
2339 .4237341E-11
2340 .4237463E-11
2341 .4237589E-11
2342 .4237718E-11
2343 .4237849E-11
2344 .4237974E-11
2345 .4238109E-11
2346 .4238241E-11
2347 .4238377E-11
2348 .4238510E-11
2349 .4238648E-11
2350 .4238783E-11
2351 .4238922E-11
2352 .4239060E-11
2353 .4239200E-11
2354 .4239345E-11
2355 .4239487E-11
2356 .4239632E-11
2357 .4239777E-11
2358 .4239924E-11
2359 .4240073E-11
2360 .4240219E-11
2361 .4240370E-11
2362 .4240518E-11
2363 .4240670E-11
2364 .4240825E-11
2365 .4240979E-11
2366 .4241131E-11
2367 .4241289E-11
2368 .4241447E-11
2369 .4241606E-11
2370 .4241764E-11
2371 .4241928E-11
2372 .4242089E-11
2373 .4242251E-11
2374 .4242414E-11
2375 .4242581E-11
2376 .4242745E-11
2377 .4242910E-11
2378 .4243077E-11
2379 .4243246E-11
2380 .4243417E-11
2381 .4243589E-11
2382 .4243758E-11
2383 .4243932E-11
2384 .4244105E-11
2385 .4244277E-11
2386 .4244456E-11
2387 .4244631E-11
2388 .4244808E-11
2389 .4244986E-11
2390 .4245163E-11
2391 .4245346E-11
2392 .4245524E-11
2393 .4245706E-11
2394 .4245890E-11
2395 .4246074E-11
2396 .4246258E-11
2397 .4246442E-11
2398 .4246626E-11
2399 .4246815E-11
2400 .4247003E-11
2401 .4247191E-11
2402 .4247382E-11
2403 .4247571E-11
2404 .4247764E-11
2405 .4247954E-11
2406 .4248148E-11
2407 .4248340E-11
2408 .4248533E-11
2409 .4248729E-11
2410 .4248924E-11
2411 .4249122E-11
2412 .4249317E-11
2413 .4249517E-11
2414 .4249717E-11
2415 .4249916E-11
2416 .4250116E-11
2417 .4250316E-11
2418 .4250516E-11
2419 .4250719E-11
2420 .4250923E-11
2421 .4251127E-11
2422 .4251330E-11
2423 .4251536E-11
2424 .4251745E-11
2425 .4251949E-11
2426 .4252155E-11
2427 .4252362E-11
2428 .4252573E-11
2429 .4252781E-11
2430 .4252990E-11
2431 .4253202E-11
2432 .4253413E-11
2433 .4253625E-11
2434 .4253835E-11
2435 .4254050E-11
2436 .4254263E-11
2437 .4254474E-11
2438 .4254692E-11
2439 .4254907E-11
2440 .4255124E-11
2441 .4255339E-11
2442 .4255556E-11
2443 .4255774E-11
2444 .4255990E-11
2445 .4256211E-11
2446 .4256427E-11
2447 .4256647E-11
2448 .4256865E-11
2449 .4257088E-11
2450 .4257309E-11
2451 .4257530E-11
2452 .4257752E-11
2453 .4257975E-11
2454 .4258196E-11
2455 .4258419E-11
2456 .4258646E-11
2457 .4258870E-11
2458 .4259093E-11
2459 .4259319E-11
2460 .4259546E-11
2461 .4259773E-11
2462 .4259998E-11
2463 .4260225E-11
2464 .4260452E-11
2465 .4260680E-11
2466 .4260908E-11
2467 .4261138E-11
2468 .4261365E-11
2469 .4261593E-11
2470 .4261824E-11
2471 .4262052E-11
2472 .4262282E-11
2473 .4262513E-11
2474 .4262744E-11
2475 .4262976E-11
2476 .4263208E-11
2477 .4263439E-11
2478 .4263671E-11
2479 .4263904E-11
2480 .4264138E-11
2481 .4264368E-11
2482 .4264603E-11
2483 .4264838E-11
2484 .4265069E-11
2485 .4265303E-11
2486 .4265539E-11
2487 .4265773E-11
2488 .4266008E-11
2489 .4266242E-11
2490 .4266477E-11
2491 .4266714E-11
2492 .4266950E-11
2493 .4267185E-11
2494 .4267422E-11
2495 .4267656E-11
2496 .4267894E-11
2497 .4268132E-11
2498 .4268368E-11
2499 .4268606E-11
2500 .4268843E-11
