100 .6342964E-14
101 .2415945E-13
102 .6444987E-13
103 .1413553E-12
104 .2730447E-12
105 .4817997E-12
106 .7939069E-12
107 .1239333E-11
108 .1851186E-11
109 .2664947E-11
110 .3717486E-11
111 .5045882E-11
112 .6686044E-11
113 .8671208E-11
114 .1103031E-10
115 .1378628E-10
116 .1695437E-10
117 .2054051E-10
118 .2453971E-10
119 .2893478E-10
120 .3369519E-10
121 .3877629E-10
122 .4411877E-10
123 .4964887E-10
124 .5527879E-10
125 .6090757E-10
126 .6643394E-10
127 .7179690E-10
128 .7695578E-10
129 .8188159E-10
130 .8655719E-10
131 .9097777E-10
132 .9515016E-10
133 .9909258E-10
134 .1028341E-09
135 .1064136E-09
136 .1098794E-09
137 .1132882E-09
138 .1167033E-09
139 .1201540E-09
140 .1236304E-09
141 .1271196E-09
142 .1306082E-09
143 .1340821E-09
144 .1375267E-09
145 .1409276E-09
146 .1442699E-09
147 .1475395E-09
148 .1507225E-09
149 .1538052E-09
150 .1567747E-09
151 .1596210E-09
152 .1623463E-09
153 .1649560E-09
154 .1674558E-09
155 .1698517E-09
156 .1721501E-09
157 .1743575E-09
158 .1764808E-09
159 .1785272E-09
160 .1805040E-09
161 .1824189E-09
162 .1842797E-09
163 .1860946E-09
164 .1878721E-09
165 .1896208E-09
166 .1913499E-09
167 .1930685E-09
168 .1947864E-09
169 .1965137E-09
170 .1982608E-09
171 .2000385E-09
172 .2018580E-09
173 .2037312E-09
174 .2056704E-09
175 .2076884E-09
176 .2097961E-09
177 .2119952E-09
178 .2142847E-09
179 .2166637E-09
180 .2191310E-09
181 .2216853E-09
182 .2243255E-09
183 .2270500E-09
184 .2298573E-09
185 .2327457E-09
186 .2357133E-09
187 .2387582E-09
188 .2418781E-09
189 .2450707E-09
190 .2483334E-09
191 .2516636E-09
192 .2550583E-09
193 .2585143E-09
194 .2620283E-09
195 .2655965E-09
196 .2692153E-09
197 .2728804E-09
198 .2765876E-09
199 .2803320E-09
200 .2841089E-09
201 .2879136E-09
202 .2917447E-09
203 .2956012E-09
204 .2994824E-09
205 .3033868E-09
206 .3073138E-09
207 .3112618E-09
208 .3152298E-09
209 .3192162E-09
210 .3232196E-09
211 .3272388E-09
212 .3312718E-09
213 .3353173E-09
214 .3393733E-09
215 .3434382E-09
216 .3475101E-09
217 .3515872E-09
218 .3556673E-09
219 .3597486E-09
220 .3638289E-09
221 .3679060E-09
222 .3719778E-09
223 .3760422E-09
224 .3800965E-09
225 .3841387E-09
226 .3881668E-09
227 .3921810E-09
228 .3961818E-09
229 .4001699E-09
230 .4041464E-09
231 .4081118E-09
232 .4120672E-09
233 .4160135E-09
234 .4199519E-09
235 .4238833E-09
236 .4278093E-09
237 .4317307E-09
238 .4356491E-09
239 .4395658E-09
240 .4434824E-09
241 .4474003E-09
242 .4513212E-09
243 .4552467E-09
244 .4591784E-09
245 .4631185E-09
246 .4670685E-09
247 .4710306E-09
248 .4750066E-09
249 .4789986E-09
250 .4830089E-09
251 .5568447E-09
252 .6367755E-09
253 .6760725E-09
254 .6554430E-09
255 .6485044E-09
256 .6188388E-09
257 .5514963E-09
258 .5187315E-09
259 .5338636E-09
260 .5607881E-09
261 .5800152E-09
262 .5477225E-09
263 .5263836E-09
264 .5774397E-09
265 .6613447E-09
266 .6780331E-09
267 .7123964E-09
268 .8177508E-09
269 .9129783E-09
270 .9788228E-09
271 .1065758E-08
272 .1151324E-08
273 .1222617E-08
274 .1299445E-08
275 .1299124E-08
276 .1200449E-08
277 .1169431E-08
278 .1212930E-08
279 .1266850E-08
280 .1340694E-08
281 .1542176E-08
282 .1718811E-08
283 .1849957E-08
284 .1989385E-08
285 .2068645E-08
286 .2247249E-08
287 .2487634E-08
288 .2752619E-08
289 .2981038E-08
290 .3244698E-08
291 .3476960E-08
292 .3595083E-08
293 .3712565E-08
294 .3818283E-08
295 .3820338E-08
296 .3788038E-08
297 .3710170E-08
298 .3514576E-08
299 .3281111E-08
300 .3069438E-08
301 .2918033E-08
302 .2828243E-08
303 .2854328E-08
304 .2870396E-08
305 .2679746E-08
306 .2690142E-08
307 .2928400E-08
308 .3068011E-08
309 .3091653E-08
310 .3096616E-08
311 .3333538E-08
312 .3571717E-08
313 .3850144E-08
314 .4063277E-08
315 .4218671E-08
316 .4460432E-08
317 .4606799E-08
318 .4439314E-08
319 .4173146E-08
320 .3894647E-08
321 .3611568E-08
322 .3476212E-08
323 .3303567E-08
324 .3164031E-08
325 .3010698E-08
326 .2982754E-08
327 .2984290E-08
328 .2950905E-08
329 .3012875E-08
330 .3081746E-08
331 .3154654E-08
332 .3289664E-08
333 .3487224E-08
334 .3602100E-08
335 .3724650E-08
336 .3838164E-08
337 .3881172E-08
338 .3887896E-08
339 .3862237E-08
340 .3976374E-08
341 .4058551E-08
342 .4160159E-08
343 .4280127E-08
344 .4472410E-08
345 .4605677E-08
346 .4821592E-08
347 .5029073E-08
348 .5177197E-08
349 .5398582E-08
350 .5691211E-08
351 .6016211E-08
352 .6231703E-08
353 .6428441E-08
354 .6583149E-08
355 .6652459E-08
356 .6710179E-08
357 .6678895E-08
358 .6637317E-08
359 .6554522E-08
360 .6403364E-08
361 .6263021E-08
362 .6117278E-08
363 .6025683E-08
364 .5946418E-08
365 .5790317E-08
366 .5530598E-08
367 .5226676E-08
368 .4787937E-08
369 .4321243E-08
370 .3874241E-08
371 .3543891E-08
372 .3344289E-08
373 .3226996E-08
374 .3262189E-08
375 .3272031E-08
376 .3230754E-08
377 .3225957E-08
378 .3218013E-08
379 .3206501E-08
380 .3281563E-08
381 .3445641E-08
382 .3716667E-08
383 .4106338E-08
384 .4572257E-08
385 .5086750E-08
386 .5576450E-08
387 .6083398E-08
388 .6642083E-08
389 .6964793E-08
390 .7307862E-08
391 .7535286E-08
392 .7819236E-08
393 .7975632E-08
394 .7877688E-08
395 .7731217E-08
396 .7431593E-08
397 .6993282E-08
398 .6645835E-08
399 .6428274E-08
400 .6279766E-08
401 .6267664E-08
402 .6389565E-08
403 .6567745E-08
404 .6805688E-08
405 .7102750E-08
406 .7378973E-08
407 .7678759E-08
408 .7862573E-08
409 .7899344E-08
410 .7956734E-08
411 .7894192E-08
412 .7794258E-08
413 .7658523E-08
414 .7555755E-08
415 .7458856E-08
416 .7357551E-08
417 .7241828E-08
418 .7110813E-08
419 .6963134E-08
420 .6755963E-08
421 .6557643E-08
422 .6343238E-08
423 .6124301E-08
424 .5905385E-08
425 .5723687E-08
426 .5454404E-08
427 .5270209E-08
428 .5012709E-08
429 .4813609E-08
430 .4669502E-08
431 .4635640E-08
432 .4619211E-08
433 .4715216E-08
434 .4855270E-08
435 .4976823E-08
436 .5101707E-08
437 .5203399E-08
438 .5236146E-08
439 .5185802E-08
440 .5126120E-08
441 .5108240E-08
442 .5090794E-08
443 .5146159E-08
444 .5273428E-08
445 .5458881E-08
446 .5655311E-08
447 .5883560E-08
448 .6051919E-08
449 .6187898E-08
450 .6345928E-08
451 .6459392E-08
452 .6495127E-08
453 .6491788E-08
454 .6483834E-08
455 .6460681E-08
456 .6437701E-08
457 .6390428E-08
458 .6374196E-08
459 .6342246E-08
460 .6309898E-08
461 .6244408E-08
462 .6078871E-08
463 .5864125E-08
464 .5631398E-08
465 .5413680E-08
466 .5216282E-08
467 .5033929E-08
468 .4878112E-08
469 .4847862E-08
470 .4832612E-08
471 .4737794E-08
472 .4638616E-08
473 .4519789E-08
474 .4401571E-08
475 .4290126E-08
476 .4240397E-08
477 .4224528E-08
478 .4216906E-08
479 .4181867E-08
480 .4102034E-08
481 .3988727E-08
482 .3848165E-08
483 .3673551E-08
484 .3496692E-08
485 .3341274E-08
486 .3247796E-08
487 .3213989E-08
488 .3228241E-08
489 .3267917E-08
490 .3317030E-08
491 .3389964E-08
492 .3484668E-08
493 .3563959E-08
494 .3586465E-08
495 .3579152E-08
496 .3570440E-08
497 .3566822E-08
498 .3559045E-08
499 .3565643E-08
500 .3585425E-08
501 .3605711E-08
502 .3655626E-08
503 .3724994E-08
504 .3810645E-08
505 .3911197E-08
506 .4021105E-08
507 .4131737E-08
508 .4240204E-08
509 .4343919E-08
510 .4404320E-08
511 .4447828E-08
512 .4446997E-08
513 .4440817E-08
514 .4414708E-08
515 .4388371E-08
516 .4386034E-08
517 .4369628E-08
518 .4360602E-08
519 .4350077E-08
520 .4318875E-08
521 .4237028E-08
522 .4102184E-08
523 .3925572E-08
524 .3723492E-08
525 .3540955E-08
526 .3377078E-08
527 .3226947E-08
528 .3128937E-08
529 .3056047E-08
530 .3027777E-08
531 .3034852E-08
532 .3090889E-08
533 .3163023E-08
534 .3218366E-08
535 .3250073E-08
536 .3284364E-08
537 .3308334E-08
538 .3285932E-08
539 .3240980E-08
540 .3199292E-08
541 .3121939E-08
542 .3017687E-08
543 .2917895E-08
544 .2824531E-08
545 .2768788E-08
546 .2744324E-08
547 .2761181E-08
548 .2820107E-08
549 .2928723E-08
550 .3039741E-08
551 .3178247E-08
552 .3333001E-08
553 .3452738E-08
554 .3540287E-08
555 .3602770E-08
556 .3651838E-08
557 .3674679E-08
558 .3701069E-08
559 .3720057E-08
560 .3714389E-08
561 .3717891E-08
562 .3711830E-08
563 .3700623E-08
564 .3691887E-08
565 .3684540E-08
566 .3671723E-08
567 .3656143E-08
568 .3645382E-08
569 .3611375E-08
570 .3559496E-08
571 .3485676E-08
572 .3388185E-08
573 .3302954E-08
574 .3217116E-08
575 .3154820E-08
576 .3108016E-08
577 .3085115E-08
578 .3084018E-08
579 .3092380E-08
580 .3110124E-08
581 .3157361E-08
582 .3222764E-08
583 .3263398E-08
584 .3301991E-08
585 .3338544E-08
586 .3362106E-08
587 .3419261E-08
588 .3442092E-08
589 .3434375E-08
590 .3409655E-08
591 .3437788E-08
592 .3478530E-08
593 .3492647E-08
594 .3493029E-08
595 .3486944E-08
596 .3479865E-08
597 .3454720E-08
598 .3409689E-08
599 .3368790E-08
600 .3284337E-08
601 .3184860E-08
602 .3055571E-08
603 .2918496E-08
604 .2765835E-08
605 .2557431E-08
606 .2349308E-08
607 .2086825E-08
608 .1856184E-08
609 .1652016E-08
610 .1495374E-08
611 .1384599E-08
612 .1304924E-08
613 .1281918E-08
614 .1289604E-08
615 .1341876E-08
616 .1420965E-08
617 .1531234E-08
618 .1661853E-08
619 .1813337E-08
620 .1974846E-08
621 .2136542E-08
622 .2274781E-08
623 .2418269E-08
624 .2530131E-08
625 .2672009E-08
626 .2775239E-08
627 .2855442E-08
628 .2895152E-08
629 .2985564E-08
630 .3032598E-08
631 .3063558E-08
632 .3083607E-08
633 .3091656E-08
634 .3097602E-08
635 .3102552E-08
636 .3094694E-08
637 .3080333E-08
638 .3050964E-08
639 .3032569E-08
640 .3001513E-08
641 .2977972E-08
642 .2940059E-08
643 .2890791E-08
644 .2856646E-08
645 .2818216E-08
646 .2784423E-08
647 .2745222E-08
648 .2699937E-08
649 .2671563E-08
650 .2635043E-08
651 .2653019E-08
652 .2619949E-08
653 .2597295E-08
654 .2592638E-08
655 .2559001E-08
656 .2528444E-08
657 .2459074E-08
658 .2439910E-08
659 .2381157E-08
660 .2336079E-08
661 .2285714E-08
662 .2245631E-08
663 .2188856E-08
664 .2150529E-08
665 .2120573E-08
666 .2063724E-08
667 .2024796E-08
668 .1992873E-08
669 .1952066E-08
670 .1897749E-08
671 .1859963E-08
672 .1831210E-08
673 .1777574E-08
674 .1718368E-08
675 .1724864E-08
676 .1672219E-08
677 .1659842E-08
678 .1638521E-08
679 .1611226E-08
680 .1605636E-08
681 .1600397E-08
682 .1584717E-08
683 .1571910E-08
684 .1567894E-08
685 .1543768E-08
686 .1530219E-08
687 .1490375E-08
688 .1458374E-08
689 .1426494E-08
690 .1394735E-08
691 .1363099E-08
692 .1356956E-08
693 .1364865E-08
694 .1344218E-08
695 .1348462E-08
696 .1316979E-08
697 .1319015E-08
698 .1292924E-08
699 .1263296E-08
700 .1252032E-08
701 .1249658E-08
702 .1221458E-08
703 .1216817E-08
704 .1214868E-08
705 .1194484E-08
706 .1202539E-08
707 .1186624E-08
708 .1183322E-08
709 .1182333E-08
710 .1171537E-08
711 .1156461E-08
712 .1152814E-08
713 .1152425E-08
714 .1139688E-08
715 .1145924E-08
716 .1136435E-08
717 .1081366E-08
718 .1051765E-08
719 .1019900E-08
720 .1018122E-08
721 .1068563E-08
722 .1078782E-08
723 .1050256E-08
724 .9966658E-09
725 .1010118E-08
726 .1006943E-08
727 .9988843E-09
728 .9839693E-09
729 .9566475E-09
730 .9575387E-09
731 .9293482E-09
732 .9230837E-09
733 .9169228E-09
734 .9031259E-09
735 .8761901E-09
736 .8590269E-09
737 .8320031E-09
738 .8317816E-09
739 .8141862E-09
740 .7961509E-09
741 .7864496E-09
742 .7770478E-09
743 .7249949E-09
744 .6814769E-09
745 .6512681E-09
746 .6222036E-09
747 .6128813E-09
748 .6101263E-09
749 .6196055E-09
750 .6311213E-09
751 .6493003E-09
752 .6570364E-09
753 .6628938E-09
754 .6671146E-09
755 .6733818E-09
756 .6747564E-09
757 .6839766E-09
758 .6881681E-09
759 .6587258E-09
760 .6628875E-09
761 .6670392E-09
762 .6711813E-09
763 .6753136E-09
764 .6794364E-09
765 .6835498E-09
766 .6876537E-09
767 .6917485E-09
768 .7062279E-09
769 .7254689E-09
770 .7534061E-09
771 .7633401E-09
772 .7756920E-09
773 .7802732E-09
774 .7892375E-09
775 .8012675E-09
776 .8090115E-09
777 .8118485E-09
778 .8253525E-09
779 .8347298E-09
780 .8394834E-09
781 .8452844E-09
782 .8521180E-09
783 .8493188E-09
784 .8597449E-09
785 .8672604E-09
786 .8561188E-09
787 .8627862E-09
788 .8564939E-09
789 .8477045E-09
790 .8446378E-09
791 .8423157E-09
792 .8360940E-09
793 .8336578E-09
794 .8344828E-09
795 .8310636E-09
796 .8204249E-09
797 .8298835E-09
798 .8190658E-09
799 .8202095E-09
800 .8106989E-09
801 .8071002E-09
802 .7879765E-09
803 .7759228E-09
804 .7557577E-09
805 .7555374E-09
806 .7435628E-09
807 .7407112E-09
808 .7334876E-09
809 .7601676E-09
810 .7553515E-09
811 .7558004E-09
812 .7491614E-09
813 .7443737E-09
814 .7383374E-09
815 .7395104E-09
816 .7270480E-09
817 .7031842E-09
818 .6760771E-09
819 .6398504E-09
820 .6253542E-09
821 .5795302E-09
822 .5602845E-09
823 .5361788E-09
824 .5261341E-09
825 .5072371E-09
826 .4871992E-09
827 .4863065E-09
828 .5002159E-09
829 .4995080E-09
830 .5121455E-09
831 .5035090E-09
832 .5135953E-09
833 .5166062E-09
834 .5213567E-09
835 .4900508E-09
836 .5053969E-09
837 .5034719E-09
838 .5133412E-09
839 .5192160E-09
840 .5445164E-09
841 .5625403E-09
842 .5867899E-09
843 .6099711E-09
844 .6286768E-09
845 .6503747E-09
846 .6725803E-09
847 .6912117E-09
848 .7102731E-09
849 .7249988E-09
850 .7415715E-09
851 .7431902E-09
852 .7450772E-09
853 .7550931E-09
854 .7548618E-09
855 .7606307E-09
856 .7528207E-09
857 .7610546E-09
858 .7595350E-09
859 .7625185E-09
860 .7555559E-09
861 .7552393E-09
862 .7483289E-09
863 .7437836E-09
864 .7408050E-09
865 .7371032E-09
866 .7387601E-09
867 .7349967E-09
868 .7404007E-09
869 .7419878E-09
870 .7372942E-09
871 .7324714E-09
872 .7252617E-09
873 .7243617E-09
874 .7210169E-09
875 .7263068E-09
876 .7242894E-09
877 .7208655E-09
878 .7079930E-09
879 .7088594E-09
880 .6966188E-09
881 .7010911E-09
882 .6889940E-09
883 .6835541E-09
884 .6712008E-09
885 .6396758E-09
886 .6296084E-09
887 .5957635E-09
888 .5750836E-09
889 .5641037E-09
890 .5443113E-09
891 .5408253E-09
892 .5326476E-09
893 .5320267E-09
894 .5390129E-09
895 .5386568E-09
896 .5330688E-09
897 .5428983E-09
898 .5259051E-09
899 .5149304E-09
900 .5075869E-09
901 .4960140E-09
902 .4897302E-09
903 .4974664E-09
904 .4995156E-09
905 .4919031E-09
906 .4901122E-09
907 .4810881E-09
908 .4729646E-09
909 .4712389E-09
910 .4644161E-09
911 .4638125E-09
912 .4617544E-09
913 .4589826E-09
914 .4586467E-09
915 .4568303E-09
916 .4480711E-09
917 .4572369E-09
918 .4571039E-09
919 .4657548E-09
920 .4611271E-09
921 .4699710E-09
922 .4711795E-09
923 .4702623E-09
924 .4621958E-09
925 .4626766E-09
926 .4642549E-09
927 .4580859E-09
928 .4434144E-09
929 .4346874E-09
930 .4137026E-09
931 .3851810E-09
932 .3502133E-09
933 .3386753E-09
934 .3126276E-09
935 .3105580E-09
936 .3019361E-09
937 .3105641E-09
938 .3084317E-09
939 .3348071E-09
940 .3437802E-09
941 .3377326E-09
942 .3349302E-09
943 .3214402E-09
944 .3111770E-09
945 .3080504E-09
946 .2957143E-09
947 .2955652E-09
948 .2957809E-09
949 .2966486E-09
950 .2762334E-09
951 .2940653E-09
952 .2763062E-09
953 .2783909E-09
954 .2822730E-09
955 .2773525E-09
956 .2734579E-09
957 .2664133E-09
958 .2703782E-09
959 .2568656E-09
960 .2613744E-09
961 .2614266E-09
962 .2605250E-09
963 .2589345E-09
964 .2570430E-09
965 .2530294E-09
966 .2581419E-09
967 .2478634E-09
968 .2513712E-09
969 .2487531E-09
970 .2486049E-09
971 .2524664E-09
972 .2464593E-09
973 .2478704E-09
974 .2402902E-09
975 .2370968E-09
976 .2311522E-09
977 .2335064E-09
978 .2280934E-09
979 .2260391E-09
980 .2273688E-09
981 .2220295E-09
982 .2225811E-09
983 .2232864E-09
984 .2236568E-09
985 .2203740E-09
986 .2176552E-09
987 .2147623E-09
988 .2173386E-09
989 .2105385E-09
990 .2106380E-09
991 .2048118E-09
992 .2094882E-09
993 .2011846E-09
994 .2016373E-09
995 .2069694E-09
996 .1992952E-09
997 .1960986E-09
998 .1929322E-09
999 .1905291E-09
1000 .1888827E-09
1001 .1886476E-09
1002 .1884126E-09
1003 .1881777E-09
1004 .1879429E-09
1005 .1877084E-09
1006 .1874741E-09
1007 .1872396E-09
1008 .1870053E-09
1009 .1867711E-09
1010 .1865372E-09
1011 .1863034E-09
1012 .1860695E-09
1013 .1858356E-09
1014 .1856018E-09
1015 .1853683E-09
1016 .1851347E-09
1017 .1849012E-09
1018 .1846676E-09
1019 .1844344E-09
1020 .1842009E-09
1021 .1839679E-09
1022 .1837345E-09
1023 .1835012E-09
1024 .1832680E-09
1025 .1830350E-09
1026 .1828018E-09
1027 .1825684E-09
1028 .1823353E-09
1029 .1821022E-09
1030 .1818692E-09
1031 .1816358E-09
1032 .1814026E-09
1033 .1811697E-09
1034 .1809362E-09
1035 .1807031E-09
1036 .1804699E-09
1037 .1802365E-09
1038 .1800031E-09
1039 .1797699E-09
1040 .1795364E-09
1041 .1793030E-09
1042 .1790695E-09
1043 .1788359E-09
1044 .1786022E-09
1045 .1783685E-09
1046 .1781350E-09
1047 .1779012E-09
1048 .1776675E-09
1049 .1774335E-09
1050 .1771997E-09
1051 .1769658E-09
1052 .1767319E-09
1053 .1764982E-09
1054 .1762640E-09
1055 .1760302E-09
1056 .1757964E-09
1057 .1755624E-09
1058 .1753286E-09
1059 .1750944E-09
1060 .1748606E-09
1061 .1746270E-09
1062 .1743934E-09
1063 .1741594E-09
1064 .1739260E-09
1065 .1736923E-09
1066 .1734587E-09
1067 .1732250E-09
1068 .1729917E-09
1069 .1727584E-09
1070 .1725249E-09
1071 .1722915E-09
1072 .1720584E-09
1073 .1718254E-09
1074 .1715925E-09
1075 .1713593E-09
1076 .1711266E-09
1077 .1708937E-09
1078 .1706614E-09
1079 .1704287E-09
1080 .1701965E-09
1081 .1699642E-09
1082 .1697322E-09
1083 .1695001E-09
1084 .1692682E-09
1085 .1690364E-09
1086 .1688047E-09
1087 .1685735E-09
1088 .1683421E-09
1089 .1681112E-09
1090 .1678800E-09
1091 .1676493E-09
1092 .1674186E-09
1093 .1671882E-09
1094 .1669580E-09
1095 .1667277E-09
1096 .1664979E-09
1097 .1662682E-09
1098 .1660385E-09
1099 .1658093E-09
1100 .1655801E-09
1101 .1653513E-09
1102 .1651225E-09
1103 .1648941E-09
1104 .1646656E-09
1105 .1644376E-09
1106 .1642098E-09
1107 .1639822E-09
1108 .1637546E-09
1109 .1635277E-09
1110 .1633008E-09
1111 .1630741E-09
1112 .1628478E-09
1113 .1626216E-09
1114 .1623958E-09
1115 .1621703E-09
1116 .1619447E-09
1117 .1617197E-09
1118 .1614950E-09
1119 .1612705E-09
1120 .1610464E-09
1121 .1608222E-09
1122 .1605986E-09
1123 .1603752E-09
1124 .1601521E-09
1125 .1599295E-09
1126 .1597070E-09
1127 .1594848E-09
1128 .1592630E-09
1129 .1590416E-09
1130 .1588203E-09
1131 .1586655E-09
1132 .1585109E-09
1133 .1583565E-09
1134 .1582023E-09
1135 .1580481E-09
1136 .1578942E-09
1137 .1577408E-09
1138 .1575873E-09
1139 .1574343E-09
1140 .1572813E-09
1141 .1571287E-09
1142 .1569765E-09
1143 .1568240E-09
1144 .1566722E-09
1145 .1565205E-09
1146 .1563690E-09
1147 .1562179E-09
1148 .1560670E-09
1149 .1559163E-09
1150 .1557660E-09
1151 .1556157E-09
1152 .1554661E-09
1153 .1553165E-09
1154 .1551673E-09
1155 .1550182E-09
1156 .1548697E-09
1157 .1547211E-09
1158 .1545733E-09
1159 .1544254E-09
1160 .1542780E-09
1161 .1541309E-09
1162 .1539840E-09
1163 .1538375E-09
1164 .1536915E-09
1165 .1535455E-09
1166 .1533998E-09
1167 .1532547E-09
1168 .1531099E-09
1169 .1529655E-09
1170 .1528213E-09
1171 .1526775E-09
1172 .1525341E-09
1173 .1523909E-09
1174 .1522483E-09
1175 .1521058E-09
1176 .1519639E-09
1177 .1518222E-09
1178 .1516809E-09
1179 .1515402E-09
1180 .1513997E-09
1181 .1512595E-09
1182 .1511199E-09
1183 .1509805E-09
1184 .1508416E-09
1185 .1507032E-09
1186 .1505649E-09
1187 .1504273E-09
1188 .1502901E-09
1189 .1501531E-09
1190 .1500168E-09
1191 .1498807E-09
1192 .1497450E-09
1193 .1496097E-09
1194 .1494751E-09
1195 .1493409E-09
1196 .1492069E-09
1197 .1490736E-09
1198 .1489407E-09
1199 .1488083E-09
1200 .1486761E-09
1201 .1485444E-09
1202 .1484132E-09
1203 .1482826E-09
1204 .1481524E-09
1205 .1480227E-09
1206 .1478935E-09
1207 .1477647E-09
1208 .1476366E-09
1209 .1475087E-09
1210 .1473812E-09
1211 .1472545E-09
1212 .1471280E-09
1213 .1470023E-09
1214 .1468770E-09
1215 .1467523E-09
1216 .1466280E-09
1217 .1465041E-09
1218 .1463807E-09
1219 .1462582E-09
1220 .1461358E-09
1221 .1460142E-09
1222 .1458932E-09
1223 .1457724E-09
1224 .1456524E-09
1225 .1455328E-09
1226 .1454139E-09
1227 .1452952E-09
1228 .1451774E-09
1229 .1450601E-09
1230 .1449434E-09
1231 .1448272E-09
1232 .1447115E-09
1233 .1445965E-09
1234 .1444820E-09
1235 .1443679E-09
1236 .1442545E-09
1237 .1441417E-09
1238 .1440296E-09
1239 .1439180E-09
1240 .1438069E-09
1241 .1436966E-09
1242 .1435868E-09
1243 .1434777E-09
1244 .1433690E-09
1245 .1432610E-09
1246 .1431535E-09
1247 .1430467E-09
1248 .1429405E-09
1249 .1428350E-09
1250 .1427303E-09
1251 .1426926E-09
1252 .1426556E-09
1253 .1426190E-09
1254 .1425827E-09
1255 .1425468E-09
1256 .1425114E-09
1257 .1424764E-09
1258 .1424422E-09
1259 .1424081E-09
1260 .1423746E-09
1261 .1423413E-09
1262 .1423087E-09
1263 .1422766E-09
1264 .1422450E-09
1265 .1422139E-09
1266 .1421833E-09
1267 .1421531E-09
1268 .1421234E-09
1269 .1420941E-09
1270 .1420655E-09
1271 .1420376E-09
1272 .1420100E-09
1273 .1419829E-09
1274 .1419564E-09
1275 .1419303E-09
1276 .1419047E-09
1277 .1418798E-09
1278 .1418555E-09
1279 .1418315E-09
1280 .1418084E-09
1281 .1417858E-09
1282 .1417637E-09
1283 .1417420E-09
1284 .1417211E-09
1285 .1417004E-09
1286 .1416807E-09
1287 .1416615E-09
1288 .1416429E-09
1289 .1416247E-09
1290 .1416072E-09
1291 .1415903E-09
1292 .1415740E-09
1293 .1415581E-09
1294 .1415429E-09
1295 .1415283E-09
1296 .1415142E-09
1297 .1415007E-09
1298 .1414878E-09
1299 .1414754E-09
1300 .1414634E-09
1301 .1414522E-09
1302 .1414415E-09
1303 .1414314E-09
1304 .1414218E-09
1305 .1414129E-09
1306 .1414044E-09
1307 .1413965E-09
1308 .1413892E-09
1309 .1413823E-09
1310 .1413760E-09
1311 .1413705E-09
1312 .1413654E-09
1313 .1413605E-09
1314 .1413565E-09
1315 .1413530E-09
1316 .1413499E-09
1317 .1413478E-09
1318 .1413457E-09
1319 .1413442E-09
1320 .1413435E-09
1321 .1413432E-09
1322 .1413434E-09
1323 .1413442E-09
1324 .1413454E-09
1325 .1413472E-09
1326 .1413496E-09
1327 .1413524E-09
1328 .1413560E-09
1329 .1413597E-09
1330 .1413644E-09
1331 .1413693E-09
1332 .1413747E-09
1333 .1413806E-09
1334 .1413873E-09
1335 .1413942E-09
1336 .1414017E-09
1337 .1414098E-09
1338 .1414183E-09
1339 .1414275E-09
1340 .1414371E-09
1341 .1414470E-09
1342 .1414576E-09
1343 .1414688E-09
1344 .1414803E-09
1345 .1414924E-09
1346 .1415050E-09
1347 .1415181E-09
1348 .1415315E-09
1349 .1415455E-09
1350 .1415600E-09
1351 .1415752E-09
1352 .1415906E-09
1353 .1416066E-09
1354 .1416231E-09
1355 .1416400E-09
1356 .1416575E-09
1357 .1416752E-09
1358 .1416936E-09
1359 .1417125E-09
1360 .1417320E-09
1361 .1417517E-09
1362 .1417720E-09
1363 .1417927E-09
1364 .1418139E-09
1365 .1418356E-09
1366 .1418576E-09
1367 .1418804E-09
1368 .1419034E-09
1369 .1419269E-09
1370 .1419507E-09
1371 .1412280E-09
1372 .1405053E-09
1373 .1397830E-09
1374 .1390607E-09
1375 .1383385E-09
1376 .1376166E-09
1377 .1368947E-09
1378 .1361730E-09
1379 .1354513E-09
1380 .1347299E-09
1381 .1340086E-09
1382 .1332873E-09
1383 .1325663E-09
1384 .1318453E-09
1385 .1311243E-09
1386 .1304035E-09
1387 .1296824E-09
1388 .1289617E-09
1389 .1282410E-09
1390 .1275204E-09
1391 .1267996E-09
1392 .1260791E-09
1393 .1253584E-09
1394 .1246376E-09
1395 .1239170E-09
1396 .1231963E-09
1397 .1224758E-09
1398 .1217550E-09
1399 .1210342E-09
1400 .1203135E-09
1401 .1195927E-09
1402 .1188719E-09
1403 .1181509E-09
1404 .1174298E-09
1405 .1167086E-09
1406 .1159873E-09
1407 .1152660E-09
1408 .1145446E-09
1409 .1138231E-09
1410 .1131015E-09
1411 .1123796E-09
1412 .1116578E-09
1413 .1109355E-09
1414 .1102133E-09
1415 .1094910E-09
1416 .1087684E-09
1417 .1080458E-09
1418 .1073228E-09
1419 .1065996E-09
1420 .1058763E-09
1421 .1051528E-09
1422 .1044291E-09
1423 .1037052E-09
1424 .1029811E-09
1425 .1022567E-09
1426 .1015320E-09
1427 .1008072E-09
1428 .1000820E-09
1429 .9935667E-10
1430 .9863104E-10
1431 .9790508E-10
1432 .9717901E-10
1433 .9645251E-10
1434 .9572570E-10
1435 .9499856E-10
1436 .9427124E-10
1437 .9354343E-10
1438 .9281549E-10
1439 .9208704E-10
1440 .9135853E-10
1441 .9062935E-10
1442 .8990001E-10
1443 .8917028E-10
1444 .8844031E-10
1445 .8770977E-10
1446 .8697899E-10
1447 .8624771E-10
1448 .8551631E-10
1449 .8478425E-10
1450 .8405198E-10
1451 .8331919E-10
1452 .8258602E-10
1453 .8185246E-10
1454 .8111843E-10
1455 .8038401E-10
1456 .7964918E-10
1457 .7891395E-10
1458 .7817822E-10
1459 .7744206E-10
1460 .7670547E-10
1461 .7596829E-10
1462 .7523080E-10
1463 .7449282E-10
1464 .7375429E-10
1465 .7301537E-10
1466 .7227593E-10
1467 .7153595E-10
1468 .7079552E-10
1469 .7005457E-10
1470 .6931313E-10
1471 .6857115E-10
1472 .6782873E-10
1473 .6708566E-10
1474 .6634215E-10
1475 .6559813E-10
1476 .6485351E-10
1477 .6410840E-10
1478 .6336274E-10
1479 .6261646E-10
1480 .6186974E-10
1481 .6112241E-10
1482 .6037445E-10
1483 .5962598E-10
1484 .5887694E-10
1485 .5812725E-10
1486 .5737703E-10
1487 .5662627E-10
1488 .5587487E-10
1489 .5512288E-10
1490 .5437031E-10
1491 .5361716E-10
1492 .5286331E-10
1493 .5210890E-10
1494 .5135385E-10
1495 .5059821E-10
1496 .4984193E-10
1497 .4908503E-10
1498 .4832752E-10
1499 .4756931E-10
1500 .4681050E-10
1501 .4683164E-10
1502 .4685287E-10
1503 .4687413E-10
1504 .4689546E-10
1505 .4691682E-10
1506 .4693830E-10
1507 .4695978E-10
1508 .4698133E-10
1509 .4700294E-10
1510 .4702460E-10
1511 .4704631E-10
1512 .4706805E-10
1513 .4708989E-10
1514 .4711173E-10
1515 .4713367E-10
1516 .4715564E-10
1517 .4717766E-10
1518 .4719970E-10
1519 .4722181E-10
1520 .4724398E-10
1521 .4726619E-10
1522 .4728845E-10
1523 .4731075E-10
1524 .4733307E-10
1525 .4735544E-10
1526 .4737788E-10
1527 .4740034E-10
1528 .4742282E-10
1529 .4744538E-10
1530 .4746798E-10
1531 .4749061E-10
1532 .4751325E-10
1533 .4753595E-10
1534 .4755871E-10
1535 .4758146E-10
1536 .4760423E-10
1537 .4762708E-10
1538 .4764997E-10
1539 .4767283E-10
1540 .4769580E-10
1541 .4771878E-10
1542 .4774176E-10
1543 .4776479E-10
1544 .4778784E-10
1545 .4781091E-10
1546 .4783406E-10
1547 .4785717E-10
1548 .4788031E-10
1549 .4790353E-10
1550 .4792674E-10
1551 .4794996E-10
1552 .4797321E-10
1553 .4799649E-10
1554 .4801983E-10
1555 .4804310E-10
1556 .4806646E-10
1557 .4808982E-10
1558 .4811316E-10
1559 .4813659E-10
1560 .4816000E-10
1561 .4818342E-10
1562 .4820688E-10
1563 .4823029E-10
1564 .4825377E-10
1565 .4827726E-10
1566 .4830075E-10
1567 .4832423E-10
1568 .4834777E-10
1569 .4837130E-10
1570 .4839481E-10
1571 .4841833E-10
1572 .4844189E-10
1573 .4846545E-10
1574 .4848900E-10
1575 .4851255E-10
1576 .4853612E-10
1577 .4855971E-10
1578 .4858326E-10
1579 .4860681E-10
1580 .4863039E-10
1581 .4865397E-10
1582 .4867756E-10
1583 .4870111E-10
1584 .4872470E-10
1585 .4874824E-10
1586 .4877179E-10
1587 .4879536E-10
1588 .4881890E-10
1589 .4884245E-10
1590 .4886599E-10
1591 .4888948E-10
1592 .4891302E-10
1593 .4893654E-10
1594 .4896001E-10
1595 .4898354E-10
1596 .4900698E-10
1597 .4903043E-10
1598 .4905384E-10
1599 .4907730E-10
1600 .4910071E-10
1601 .4912412E-10
1602 .4914750E-10
1603 .4917085E-10
1604 .4919421E-10
1605 .4921754E-10
1606 .4924083E-10
1607 .4926409E-10
1608 .4928738E-10
1609 .4931062E-10
1610 .4933382E-10
1611 .4935698E-10
1612 .4938016E-10
1613 .4940330E-10
1614 .4942639E-10
1615 .4944948E-10
1616 .4947254E-10
1617 .4949556E-10
1618 .4951853E-10
1619 .4954148E-10
1620 .4956441E-10
1621 .4958734E-10
1622 .4961022E-10
1623 .4963300E-10
1624 .4965581E-10
1625 .4967858E-10
1626 .4968881E-10
1627 .4969906E-10
1628 .4970925E-10
1629 .4971943E-10
1630 .4972952E-10
1631 .4973963E-10
1632 .4974973E-10
1633 .4975981E-10
1634 .4976981E-10
1635 .4977977E-10
1636 .4978972E-10
1637 .4979961E-10
1638 .4980952E-10
1639 .4981935E-10
1640 .4982915E-10
1641 .4983891E-10
1642 .4984863E-10
1643 .4985832E-10
1644 .4986794E-10
1645 .4987754E-10
1646 .4988713E-10
1647 .4989663E-10
1648 .4990610E-10
1649 .4991554E-10
1650 .4992492E-10
1651 .4993424E-10
1652 .4994352E-10
1653 .4995276E-10
1654 .4996196E-10
1655 .4997108E-10
1656 .4998018E-10
1657 .4998924E-10
1658 .4999821E-10
1659 .5000714E-10
1660 .5001602E-10
1661 .5002488E-10
1662 .5003357E-10
1663 .5004231E-10
1664 .5005096E-10
1665 .5005953E-10
1666 .5006806E-10
1667 .5007654E-10
1668 .5008495E-10
1669 .5009329E-10
1670 .5010160E-10
1671 .5010980E-10
1672 .5011797E-10
1673 .5012604E-10
1674 .5013405E-10
1675 .5014206E-10
1676 .5014992E-10
1677 .5015774E-10
1678 .5016548E-10
1679 .5017318E-10
1680 .5018078E-10
1681 .5018832E-10
1682 .5019578E-10
1683 .5020319E-10
1684 .5021053E-10
1685 .5021776E-10
1686 .5022493E-10
1687 .5023204E-10
1688 .5023906E-10
1689 .5024606E-10
1690 .5025290E-10
1691 .5025977E-10
1692 .5026650E-10
1693 .5027320E-10
1694 .5027981E-10
1695 .5028633E-10
1696 .5029282E-10
1697 .5029923E-10
1698 .5030556E-10
1699 .5031183E-10
1700 .5031801E-10
1701 .5032413E-10
1702 .5033020E-10
1703 .5033621E-10
1704 .5034211E-10
1705 .5034796E-10
1706 .5035375E-10
1707 .5035946E-10
1708 .5036508E-10
1709 .5037069E-10
1710 .5037622E-10
1711 .5038163E-10
1712 .5038700E-10
1713 .5039232E-10
1714 .5039757E-10
1715 .5040275E-10
1716 .5040788E-10
1717 .5041290E-10
1718 .5041791E-10
1719 .5042280E-10
1720 .5042765E-10
1721 .5043242E-10
1722 .5043714E-10
1723 .5044179E-10
1724 .5044636E-10
1725 .5045089E-10
1726 .5045536E-10
1727 .5045972E-10
1728 .5046406E-10
1729 .5046829E-10
1730 .5047251E-10
1731 .5047666E-10
1732 .5048072E-10
1733 .5048472E-10
1734 .5048867E-10
1735 .5049257E-10
1736 .5049633E-10
1737 .5050007E-10
1738 .5050376E-10
1739 .5050742E-10
1740 .5051095E-10
1741 .5051448E-10
1742 .5051786E-10
1743 .5052130E-10
1744 .5052460E-10
1745 .5052790E-10
1746 .5053106E-10
1747 .5053418E-10
1748 .5053723E-10
1749 .5054027E-10
1750 .5054319E-10
1751 .5054608E-10
1752 .5054891E-10
1753 .5055168E-10
1754 .5055436E-10
1755 .5055703E-10
1756 .5055962E-10
1757 .5056209E-10
1758 .5056459E-10
1759 .5056698E-10
1760 .5056934E-10
1761 .5057162E-10
1762 .5057388E-10
1763 .5057600E-10
1764 .5057811E-10
1765 .5058017E-10
1766 .5058217E-10
1767 .5058412E-10
1768 .5058600E-10
1769 .5058778E-10
1770 .5058958E-10
1771 .5059125E-10
1772 .5059294E-10
1773 .5059454E-10
1774 .5059603E-10
1775 .5059753E-10
1776 .5059893E-10
1777 .5060032E-10
1778 .5060160E-10
1779 .5060286E-10
1780 .5060410E-10
1781 .5060517E-10
1782 .5060626E-10
1783 .5060732E-10
1784 .5060830E-10
1785 .5060925E-10
1786 .5061012E-10
1787 .5061088E-10
1788 .5061163E-10
1789 .5061237E-10
1790 .5061297E-10
1791 .5061360E-10
1792 .5061413E-10
1793 .5061457E-10
1794 .5061506E-10
1795 .5061545E-10
1796 .5061575E-10
1797 .5061604E-10
1798 .5061629E-10
1799 .5061642E-10
1800 .5061653E-10
1801 .5047350E-10
1802 .5033045E-10
1803 .5018731E-10
1804 .5004416E-10
1805 .4990091E-10
1806 .4975763E-10
1807 .4961434E-10
1808 .4947099E-10
1809 .4932757E-10
1810 .4918413E-10
1811 .4904057E-10
1812 .4889699E-10
1813 .4875342E-10
1814 .4860978E-10
1815 .4846606E-10
1816 .4832236E-10
1817 .4817858E-10
1818 .4803473E-10
1819 .4789092E-10
1820 .4774696E-10
1821 .4760302E-10
1822 .4745904E-10
1823 .4731502E-10
1824 .4717094E-10
1825 .4702686E-10
1826 .4688269E-10
1827 .4673852E-10
1828 .4659431E-10
1829 .4645006E-10
1830 .4630575E-10
1831 .4616144E-10
1832 .4601711E-10
1833 .4587271E-10
1834 .4572829E-10
1835 .4558380E-10
1836 .4543934E-10
1837 .4529479E-10
1838 .4515024E-10
1839 .4500562E-10
1840 .4486102E-10
1841 .4471642E-10
1842 .4457173E-10
1843 .4442702E-10
1844 .4428230E-10
1845 .4413756E-10
1846 .4399276E-10
1847 .4384796E-10
1848 .4370311E-10
1849 .4355825E-10
1850 .4341335E-10
1851 .4326845E-10
1852 .4312351E-10
1853 .4297854E-10
1854 .4283353E-10
1855 .4268856E-10
1856 .4254352E-10
1857 .4239850E-10
1858 .4225342E-10
1859 .4210833E-10
1860 .4196320E-10
1861 .4181807E-10
1862 .4167293E-10
1863 .4152778E-10
1864 .4138257E-10
1865 .4123740E-10
1866 .4109216E-10
1867 .4094695E-10
1868 .4080170E-10
1869 .4065642E-10
1870 .4051112E-10
1871 .4036585E-10
1872 .4022055E-10
1873 .4007524E-10
1874 .3992988E-10
1875 .3978452E-10
1876 .3963917E-10
1877 .3949378E-10
1878 .3934842E-10
1879 .3920302E-10
1880 .3905764E-10
1881 .3891219E-10
1882 .3876681E-10
1883 .3862135E-10
1884 .3847595E-10
1885 .3833045E-10
1886 .3818503E-10
1887 .3803955E-10
1888 .3789407E-10
1889 .3774860E-10
1890 .3760313E-10
1891 .3745766E-10
1892 .3731216E-10
1893 .3716667E-10
1894 .3702117E-10
1895 .3687565E-10
1896 .3673014E-10
1897 .3658466E-10
1898 .3643914E-10
1899 .3629363E-10
1900 .3614813E-10
1901 .3600262E-10
1902 .3585709E-10
1903 .3571155E-10
1904 .3556608E-10
1905 .3542057E-10
1906 .3527503E-10
1907 .3512955E-10
1908 .3498400E-10
1909 .3483852E-10
1910 .3469302E-10
1911 .3454752E-10
1912 .3440201E-10
1913 .3425651E-10
1914 .3411103E-10
1915 .3396556E-10
1916 .3382008E-10
1917 .3367460E-10
1918 .3352913E-10
1919 .3338368E-10
1920 .3323824E-10
1921 .3309277E-10
1922 .3294734E-10
1923 .3280192E-10
1924 .3265649E-10
1925 .3251105E-10
1926 .3236565E-10
1927 .3222025E-10
1928 .3207488E-10
1929 .3192951E-10
1930 .3178413E-10
1931 .3163879E-10
1932 .3149347E-10
1933 .3134813E-10
1934 .3120279E-10
1935 .3105751E-10
1936 .3091220E-10
1937 .3076690E-10
1938 .3062163E-10
1939 .3047640E-10
1940 .3033115E-10
1941 .3018593E-10
1942 .3004072E-10
1943 .2989550E-10
1944 .2975032E-10
1945 .2960518E-10
1946 .2946001E-10
1947 .2931488E-10
1948 .2916976E-10
1949 .2902467E-10
1950 .2887958E-10
1951 .2873453E-10
1952 .2858947E-10
1953 .2844444E-10
1954 .2829943E-10
1955 .2815444E-10
1956 .2800947E-10
1957 .2786451E-10
1958 .2771960E-10
1959 .2757468E-10
1960 .2742980E-10
1961 .2728490E-10
1962 .2714006E-10
1963 .2699525E-10
1964 .2685041E-10
1965 .2670566E-10
1966 .2656090E-10
1967 .2641617E-10
1968 .2627143E-10
1969 .2612673E-10
1970 .2598210E-10
1971 .2583746E-10
1972 .2569284E-10
1973 .2554825E-10
1974 .2540371E-10
1975 .2525914E-10
1976 .2511463E-10
1977 .2497016E-10
1978 .2482569E-10
1979 .2468127E-10
1980 .2453686E-10
1981 .2439250E-10
1982 .2424816E-10
1983 .2410383E-10
1984 .2395955E-10
1985 .2381529E-10
1986 .2367108E-10
1987 .2352687E-10
1988 .2338272E-10
1989 .2323857E-10
1990 .2309445E-10
1991 .2295039E-10
1992 .2280633E-10
1993 .2266234E-10
1994 .2251835E-10
1995 .2237441E-10
1996 .2223052E-10
1997 .2208663E-10
1998 .2194278E-10
1999 .2179896E-10
2000 .2165519E-10
2001 .2151144E-10
2002 .2136773E-10
2003 .2122404E-10
2004 .2108040E-10
2005 .2093678E-10
2006 .2079322E-10
2007 .2064968E-10
2008 .2050618E-10
2009 .2036271E-10
2010 .2021927E-10
2011 .2021648E-10
2012 .2021373E-10
2013 .2021095E-10
2014 .2020818E-10
2015 .2020539E-10
2016 .2020261E-10
2017 .2019982E-10
2018 .2019706E-10
2019 .2019424E-10
2020 .2019147E-10
2021 .2018869E-10
2022 .2018589E-10
2023 .2018309E-10
2024 .2018031E-10
2025 .2017751E-10
2026 .2017471E-10
2027 .2017194E-10
2028 .2016913E-10
2029 .2016635E-10
2030 .2016355E-10
2031 .2016078E-10
2032 .2015798E-10
2033 .2015519E-10
2034 .2015238E-10
2035 .2014961E-10
2036 .2014682E-10
2037 .2014403E-10
2038 .2014126E-10
2039 .2013848E-10
2040 .2013568E-10
2041 .2013291E-10
2042 .2013012E-10
2043 .2012736E-10
2044 .2012459E-10
2045 .2012182E-10
2046 .2011905E-10
2047 .2011629E-10
2048 .2011353E-10
2049 .2011077E-10
2050 .2010801E-10
2051 .2010524E-10
2052 .2010251E-10
2053 .2009974E-10
2054 .2009701E-10
2055 .2009429E-10
2056 .2009154E-10
2057 .2008880E-10
2058 .2008609E-10
2059 .2008337E-10
2060 .2008065E-10
2061 .2007794E-10
2062 .2007523E-10
2063 .2007252E-10
2064 .2006984E-10
2065 .2006712E-10
2066 .2006445E-10
2067 .2006178E-10
2068 .2005910E-10
2069 .2005641E-10
2070 .2005375E-10
2071 .2005109E-10
2072 .2004844E-10
2073 .2004580E-10
2074 .2004316E-10
2075 .2004053E-10
2076 .2003791E-10
2077 .2003530E-10
2078 .2003266E-10
2079 .2003007E-10
2080 .2002746E-10
2081 .2002490E-10
2082 .2002230E-10
2083 .2001973E-10
2084 .2001717E-10
2085 .2001463E-10
2086 .2001207E-10
2087 .2000953E-10
2088 .2000700E-10
2089 .2000447E-10
2090 .2000195E-10
2091 .1999945E-10
2092 .1999696E-10
2093 .1999448E-10
2094 .1999198E-10
2095 .1998952E-10
2096 .1998707E-10
2097 .1998461E-10
2098 .1998218E-10
2099 .1997976E-10
2100 .1997733E-10
2101 .1997494E-10
2102 .1997254E-10
2103 .1997015E-10
2104 .1996777E-10
2105 .1996542E-10
2106 .1996306E-10
2107 .1996070E-10
2108 .1995838E-10
2109 .1995604E-10
2110 .1995375E-10
2111 .1995147E-10
2112 .1994918E-10
2113 .1994688E-10
2114 .1994464E-10
2115 .1994241E-10
2116 .1994014E-10
2117 .1993795E-10
2118 .1993574E-10
2119 .1993351E-10
2120 .1993136E-10
2121 .1992918E-10
2122 .1992702E-10
2123 .1992488E-10
2124 .1992274E-10
2125 .1992062E-10
2126 .1991852E-10
2127 .1991643E-10
2128 .1991437E-10
2129 .1991230E-10
2130 .1991025E-10
2131 .1990822E-10
2132 .1990621E-10
2133 .1990421E-10
2134 .1990222E-10
2135 .1990026E-10
2136 .1989830E-10
2137 .1989636E-10
2138 .1989442E-10
2139 .1989252E-10
2140 .1989062E-10
2141 .1988876E-10
2142 .1988689E-10
2143 .1988505E-10
2144 .1988321E-10
2145 .1988142E-10
2146 .1987962E-10
2147 .1987783E-10
2148 .1987609E-10
2149 .1987435E-10
2150 .1987260E-10
2151 .1987090E-10
2152 .1986919E-10
2153 .1986752E-10
2154 .1986584E-10
2155 .1986422E-10
2156 .1986260E-10
2157 .1986100E-10
2158 .1985941E-10
2159 .1985784E-10
2160 .1985630E-10
2161 .1985479E-10
2162 .1985326E-10
2163 .1985179E-10
2164 .1985030E-10
2165 .1984886E-10
2166 .1984742E-10
2167 .1984600E-10
2168 .1984460E-10
2169 .1984323E-10
2170 .1984189E-10
2171 .1984057E-10
2172 .1983925E-10
2173 .1983795E-10
2174 .1983667E-10
2175 .1983543E-10
2176 .1983421E-10
2177 .1983298E-10
2178 .1983181E-10
2179 .1983062E-10
2180 .1982951E-10
2181 .1982837E-10
2182 .1982727E-10
2183 .1982619E-10
2184 .1982512E-10
2185 .1982411E-10
2186 .1982309E-10
2187 .1982210E-10
2188 .1982113E-10
2189 .1982018E-10
2190 .1981924E-10
2191 .1981837E-10
2192 .1981748E-10
2193 .1981663E-10
2194 .1981581E-10
2195 .1981500E-10
2196 .1981422E-10
2197 .1981344E-10
2198 .1981271E-10
2199 .1981200E-10
2200 .1981131E-10
2201 .1981067E-10
2202 .1981002E-10
2203 .1980940E-10
2204 .1980881E-10
2205 .1980825E-10
2206 .1980772E-10
2207 .1980721E-10
2208 .1980671E-10
2209 .1980625E-10
2210 .1980582E-10
2211 .1980541E-10
2212 .1980502E-10
2213 .1980467E-10
2214 .1980431E-10
2215 .1980404E-10
2216 .1980374E-10
2217 .1980350E-10
2218 .1980327E-10
2219 .1980305E-10
2220 .1980290E-10
2221 .1980275E-10
2222 .1980264E-10
2223 .1980254E-10
2224 .1980248E-10
2225 .1980245E-10
2226 .1980243E-10
2227 .1980245E-10
2228 .1980250E-10
2229 .1980259E-10
2230 .1980270E-10
2231 .1980284E-10
2232 .1980300E-10
2233 .1980320E-10
2234 .1980342E-10
2235 .1980366E-10
2236 .1980397E-10
2237 .1980426E-10
2238 .1980460E-10
2239 .1980496E-10
2240 .1980536E-10
2241 .1980578E-10
2242 .1980624E-10
2243 .1980673E-10
2244 .1980725E-10
2245 .1980780E-10
2246 .1980837E-10
2247 .1980896E-10
2248 .1980959E-10
2249 .1981026E-10
2250 .1981094E-10
2251 .1981165E-10
2252 .1981238E-10
2253 .1981315E-10
2254 .1981396E-10
2255 .1981478E-10
2256 .1981565E-10
2257 .1981651E-10
2258 .1981741E-10
2259 .1981836E-10
2260 .1981931E-10
2261 .1982031E-10
2262 .1982132E-10
2263 .1982235E-10
2264 .1982343E-10
2265 .1982452E-10
2266 .1982566E-10
2267 .1982679E-10
2268 .1982799E-10
2269 .1982918E-10
2270 .1983039E-10
2271 .1983164E-10
2272 .1983292E-10
2273 .1983423E-10
2274 .1983556E-10
2275 .1983693E-10
2276 .1983830E-10
2277 .1983970E-10
2278 .1984113E-10
2279 .1984259E-10
2280 .1984407E-10
2281 .1984558E-10
2282 .1984711E-10
2283 .1984867E-10
2284 .1985023E-10
2285 .1985185E-10
2286 .1985348E-10
2287 .1985513E-10
2288 .1985683E-10
2289 .1985852E-10
2290 .1986023E-10
2291 .1986198E-10
2292 .1986375E-10
2293 .1986554E-10
2294 .1986735E-10
2295 .1986919E-10
2296 .1987109E-10
2297 .1987297E-10
2298 .1987491E-10
2299 .1987680E-10
2300 .1987877E-10
2301 .1988074E-10
2302 .1988276E-10
2303 .1988477E-10
2304 .1988682E-10
2305 .1988889E-10
2306 .1989099E-10
2307 .1989311E-10
2308 .1989523E-10
2309 .1989740E-10
2310 .1989956E-10
2311 .1990177E-10
2312 .1990399E-10
2313 .1990622E-10
2314 .1990850E-10
2315 .1991079E-10
2316 .1991310E-10
2317 .1991542E-10
2318 .1991778E-10
2319 .1992014E-10
2320 .1992253E-10
2321 .1992494E-10
2322 .1992736E-10
2323 .1992983E-10
2324 .1993231E-10
2325 .1993480E-10
2326 .1993731E-10
2327 .1993984E-10
2328 .1994239E-10
2329 .1994496E-10
2330 .1994754E-10
2331 .1995016E-10
2332 .1995280E-10
2333 .1995544E-10
2334 .1995812E-10
2335 .1996079E-10
2336 .1996350E-10
2337 .1996625E-10
2338 .1996898E-10
2339 .1997173E-10
2340 .1997453E-10
2341 .1997733E-10
2342 .1998014E-10
2343 .1998297E-10
2344 .1998583E-10
2345 .1998870E-10
2346 .1999159E-10
2347 .1999451E-10
2348 .1999742E-10
2349 .2000039E-10
2350 .2000333E-10
2351 .2000632E-10
2352 .2000930E-10
2353 .2001232E-10
2354 .2001536E-10
2355 .2001840E-10
2356 .2002146E-10
2357 .2002454E-10
2358 .2002764E-10
2359 .2003075E-10
2360 .2003387E-10
2361 .2003702E-10
2362 .2004020E-10
2363 .2004336E-10
2364 .2004655E-10
2365 .2004977E-10
2366 .2005299E-10
2367 .2005625E-10
2368 .2005950E-10
2369 .2006276E-10
2370 .2006605E-10
2371 .2006937E-10
2372 .2007268E-10
2373 .2007602E-10
2374 .2007936E-10
2375 .2008271E-10
2376 .2008609E-10
2377 .2008949E-10
2378 .2009289E-10
2379 .2009631E-10
2380 .2009975E-10
2381 .2010319E-10
2382 .2010666E-10
2383 .2011014E-10
2384 .2011363E-10
2385 .2011712E-10
2386 .2012066E-10
2387 .2012417E-10
2388 .2012773E-10
2389 .2013128E-10
2390 .2013484E-10
2391 .2013841E-10
2392 .2014202E-10
2393 .2014565E-10
2394 .2014928E-10
2395 .2015291E-10
2396 .2015656E-10
2397 .2016022E-10
2398 .2016390E-10
2399 .2016757E-10
2400 .2017127E-10
2401 .2017498E-10
2402 .2017869E-10
2403 .2018242E-10
2404 .2018619E-10
2405 .2018993E-10
2406 .2019370E-10
2407 .2019748E-10
2408 .2020127E-10
2409 .2020507E-10
2410 .2020889E-10
2411 .2021270E-10
2412 .2021654E-10
2413 .2022039E-10
2414 .2022424E-10
2415 .2022811E-10
2416 .2023199E-10
2417 .2023588E-10
2418 .2023978E-10
2419 .2024368E-10
2420 .2024759E-10
2421 .2025152E-10
2422 .2025544E-10
2423 .2025939E-10
2424 .2026336E-10
2425 .2026732E-10
2426 .2027128E-10
2427 .2027526E-10
2428 .2027926E-10
2429 .2028327E-10
2430 .2028729E-10
2431 .2029130E-10
2432 .2029533E-10
2433 .2029936E-10
2434 .2030340E-10
2435 .2030746E-10
2436 .2031152E-10
2437 .2031558E-10
2438 .2031963E-10
2439 .2032374E-10
2440 .2032784E-10
2441 .2033194E-10
2442 .2033605E-10
2443 .2034014E-10
2444 .2034427E-10
2445 .2034841E-10
2446 .2035251E-10
2447 .2035669E-10
2448 .2036083E-10
2449 .2036498E-10
2450 .2036916E-10
2451 .2037332E-10
2452 .2037749E-10
2453 .2038168E-10
2454 .2038587E-10
2455 .2039004E-10
2456 .2039424E-10
2457 .2039847E-10
2458 .2040266E-10
2459 .2040689E-10
2460 .2041114E-10
2461 .2041533E-10
2462 .2041958E-10
2463 .2042380E-10
2464 .2042807E-10
2465 .2043232E-10
2466 .2043657E-10
2467 .2044082E-10
2468 .2044507E-10
2469 .2044934E-10
2470 .2045361E-10
2471 .2045790E-10
2472 .2046216E-10
2473 .2046645E-10
2474 .2047075E-10
2475 .2047503E-10
2476 .2047933E-10
2477 .2048363E-10
2478 .2048794E-10
2479 .2049225E-10
2480 .2049657E-10
2481 .2050087E-10
2482 .2050517E-10
2483 .2050950E-10
2484 .2051382E-10
2485 .2051815E-10
2486 .2052246E-10
2487 .2052678E-10
2488 .2053114E-10
2489 .2053547E-10
2490 .2053980E-10
2491 .2054415E-10
2492 .2054848E-10
2493 .2055284E-10
2494 .2055717E-10
2495 .2056151E-10
2496 .2056586E-10
2497 .2057022E-10
2498 .2057456E-10
2499 .2057889E-10
2500 .2058325E-10
