 22.0    1000.00   .9880275E-14
 22.0    1010.00   .3767335E-13
 22.0    1020.00   .1006404E-12
 22.0    1030.00   .2210000E-12
 22.0    1040.00   .4273168E-12
 22.0    1050.00   .7546264E-12
 22.0    1060.00   .1244251E-11
 22.0    1070.00   .1943266E-11
 22.0    1080.00   .2903608E-11
 22.0    1090.00   .4180833E-11
 22.0    1100.00   .5832507E-11
 22.0    1110.00   .7916281E-11
 22.0    1120.00   .1048767E-10
 22.0    1130.00   .1359759E-10
 22.0    1140.00   .1728977E-10
 22.0    1150.00   .2159797E-10
 22.0    1160.00   .2654336E-10
 22.0    1170.00   .3213180E-10
 22.0    1180.00   .3835152E-10
 22.0    1190.00   .4517097E-10
 22.0    1200.00   .5253722E-10
 22.0    1210.00   .6037483E-10
 22.0    1220.00   .6858520E-10
 22.0    1230.00   .7704712E-10
 22.0    1240.00   .8561778E-10
 22.0    1250.00   .9413439E-10
 22.0    1260.00   .1024352E-09
 22.0    1270.00   .1104236E-09
 22.0    1280.00   .1180369E-09
 22.0    1290.00   .1252314E-09
 22.0    1300.00   .1319833E-09
 22.0    1310.00   .1382883E-09
 22.0    1320.00   .1441612E-09
 22.0    1330.00   .1496345E-09
 22.0    1340.00   .1547578E-09
 22.0    1350.00   .1595951E-09
 22.0    1360.00   .1642250E-09
 22.0    1370.00   .1687378E-09
 22.0    1380.00   .1732336E-09
 22.0    1390.00   .1777604E-09
 22.0    1400.00   .1823081E-09
 22.0    1410.00   .1868620E-09
 22.0    1420.00   .1914070E-09
 22.0    1430.00   .1959273E-09
 22.0    1440.00   .2004065E-09
 22.0    1450.00   .2048284E-09
 22.0    1460.00   .2091770E-09
 22.0    1470.00   .2134367E-09
 22.0    1480.00   .2175928E-09
 22.0    1490.00   .2216309E-09
 22.0    1500.00   .2255379E-09
 22.0    1510.00   .2293041E-09
 22.0    1520.00   .2329334E-09
 22.0    1530.00   .2364333E-09
 22.0    1540.00   .2398117E-09
 22.0    1550.00   .2430765E-09
 22.0    1560.00   .2462363E-09
 22.0    1570.00   .2492994E-09
 22.0    1580.00   .2522748E-09
 22.0    1590.00   .2551717E-09
 22.0    1600.00   .2579992E-09
 22.0    1610.00   .2607671E-09
 22.0    1620.00   .2634853E-09
 22.0    1630.00   .2661637E-09
 22.0    1640.00   .2688131E-09
 22.0    1650.00   .2714440E-09
 22.0    1660.00   .2740675E-09
 22.0    1670.00   .2766953E-09
 22.0    1680.00   .2793391E-09
 22.0    1690.00   .2820114E-09
 22.0    1700.00   .2847249E-09
 22.0    1710.00   .2874929E-09
 22.0    1720.00   .2903292E-09
 22.0    1730.00   .2932484E-09
 22.0    1740.00   .2962655E-09
 22.0    1750.00   .2993964E-09
 22.0    1760.00   .3026542E-09
 22.0    1770.00   .3060400E-09
 22.0    1780.00   .3095513E-09
 22.0    1790.00   .3131856E-09
 22.0    1800.00   .3169401E-09
 22.0    1810.00   .3208116E-09
 22.0    1820.00   .3247970E-09
 22.0    1830.00   .3288927E-09
 22.0    1840.00   .3330948E-09
 22.0    1850.00   .3373993E-09
 22.0    1860.00   .3418017E-09
 22.0    1870.00   .3462975E-09
 22.0    1880.00   .3508813E-09
 22.0    1890.00   .3555480E-09
 22.0    1900.00   .3602916E-09
 22.0    1910.00   .3651061E-09
 22.0    1920.00   .3699850E-09
 22.0    1930.00   .3749213E-09
 22.0    1940.00   .3799079E-09
 22.0    1950.00   .3849367E-09
 22.0    1960.00   .3899999E-09
 22.0    1970.00   .3950887E-09
 22.0    1980.00   .4001942E-09
 22.0    1990.00   .4053067E-09
 22.0    2000.00   .4104164E-09
 22.0    2010.00   .4155145E-09
 22.0    2020.00   .4205989E-09
 22.0    2030.00   .4256687E-09
 22.0    2040.00   .4307235E-09
 22.0    2050.00   .4357625E-09
 22.0    2060.00   .4407852E-09
 22.0    2070.00   .4457910E-09
 22.0    2080.00   .4507792E-09
 22.0    2090.00   .4557491E-09
 22.0    2100.00   .4607001E-09
 22.0    2110.00   .4656318E-09
 22.0    2120.00   .4705432E-09
 22.0    2130.00   .4754341E-09
 22.0    2140.00   .4803036E-09
 22.0    2150.00   .4851513E-09
 22.0    2160.00   .4899767E-09
 22.0    2170.00   .4947790E-09
 22.0    2180.00   .4995578E-09
 22.0    2190.00   .5043127E-09
 22.0    2200.00   .5090430E-09
 22.0    2210.00   .5137482E-09
 22.0    2220.00   .5184280E-09
 22.0    2230.00   .5230820E-09
 22.0    2240.00   .5277094E-09
 22.0    2250.00   .5323103E-09
 22.0    2260.00   .5368844E-09
 22.0    2270.00   .5414326E-09
 22.0    2280.00   .5459564E-09
 22.0    2290.00   .5504571E-09
 22.0    2300.00   .5549364E-09
 22.0    2310.00   .5593957E-09
 22.0    2320.00   .5638368E-09
 22.0    2330.00   .5682613E-09
 22.0    2340.00   .5726710E-09
 22.0    2350.00   .5770680E-09
 22.0    2360.00   .5814543E-09
 22.0    2370.00   .5858316E-09
 22.0    2380.00   .5902024E-09
 22.0    2390.00   .5945688E-09
 22.0    2400.00   .5989329E-09
 22.0    2410.00   .6032974E-09
 22.0    2420.00   .6076645E-09
 22.0    2430.00   .6120368E-09
 22.0    2440.00   .6164167E-09
 22.0    2450.00   .6208073E-09
 22.0    2460.00   .6252109E-09
 22.0    2470.00   .6296306E-09
 22.0    2480.00   .6340690E-09
 22.0    2490.00   .6385294E-09
 22.0    2500.00   .6430145E-09
 22.0    2510.00   .7403347E-09
 22.0    2520.00   .8455079E-09
 22.0    2530.00   .8965415E-09
 22.0    2540.00   .8680927E-09
 22.0    2550.00   .8578383E-09
 22.0    2560.00   .8175959E-09
 22.0    2570.00   .7277449E-09
 22.0    2580.00   .6836925E-09
 22.0    2590.00   .7028070E-09
 22.0    2600.00   .7373905E-09
 22.0    2610.00   .7617915E-09
 22.0    2620.00   .7185548E-09
 22.0    2630.00   .6897766E-09
 22.0    2640.00   .7558287E-09
 22.0    2650.00   .8646861E-09
 22.0    2660.00   .8855200E-09
 22.0    2670.00   .9293700E-09
 22.0    2680.00   .1065637E-08
 22.0    2690.00   .1188426E-08
 22.0    2700.00   .1272742E-08
 22.0    2710.00   .1384269E-08
 22.0    2720.00   .1493776E-08
 22.0    2730.00   .1584545E-08
 22.0    2740.00   .1682280E-08
 22.0    2750.00   .1680028E-08
 22.0    2760.00   .1550724E-08
 22.0    2770.00   .1508999E-08
 22.0    2780.00   .1563408E-08
 22.0    2790.00   .1631106E-08
 22.0    2800.00   .1724271E-08
 22.0    2810.00   .1981188E-08
 22.0    2820.00   .2205635E-08
 22.0    2830.00   .2371253E-08
 22.0    2840.00   .2547080E-08
 22.0    2850.00   .2645536E-08
 22.0    2860.00   .2870643E-08
 22.0    2870.00   .3174028E-08
 22.0    2880.00   .3508022E-08
 22.0    2890.00   .3794645E-08
 22.0    2900.00   .4125346E-08
 22.0    2910.00   .4415329E-08
 22.0    2920.00   .4559782E-08
 22.0    2930.00   .4703006E-08
 22.0    2940.00   .4830919E-08
 22.0    2950.00   .4827447E-08
 22.0    2960.00   .4780547E-08
 22.0    2970.00   .4676257E-08
 22.0    2980.00   .4423978E-08
 22.0    2990.00   .4124685E-08
 22.0    3000.00   .3853479E-08
 22.0    3010.00   .3658504E-08
 22.0    3020.00   .3541151E-08
 22.0    3030.00   .3568957E-08
 22.0    3040.00   .3584138E-08
 22.0    3050.00   .3341472E-08
 22.0    3060.00   .3349786E-08
 22.0    3070.00   .3641381E-08
 22.0    3080.00   .3809635E-08
 22.0    3090.00   .3833584E-08
 22.0    3100.00   .3834303E-08
 22.0    3110.00   .4121800E-08
 22.0    3120.00   .4409999E-08
 22.0    3130.00   .4746968E-08
 22.0    3140.00   .5002555E-08
 22.0    3150.00   .5186396E-08
 22.0    3160.00   .5475706E-08
 22.0    3170.00   .5647217E-08
 22.0    3180.00   .5434033E-08
 22.0    3190.00   .5100826E-08
 22.0    3200.00   .4753516E-08
 22.0    3210.00   .4401620E-08
 22.0    3220.00   .4230511E-08
 22.0    3230.00   .4014577E-08
 22.0    3240.00   .3839439E-08
 22.0    3250.00   .3648089E-08
 22.0    3260.00   .3609007E-08
 22.0    3270.00   .3605658E-08
 22.0    3280.00   .3560189E-08
 22.0    3290.00   .3629734E-08
 22.0    3300.00   .3707389E-08
 22.0    3310.00   .3789681E-08
 22.0    3320.00   .3946246E-08
 22.0    3330.00   .4177306E-08
 22.0    3340.00   .4308821E-08
 22.0    3350.00   .4449147E-08
 22.0    3360.00   .4578314E-08
 22.0    3370.00   .4623146E-08
 22.0    3380.00   .4624707E-08
 22.0    3390.00   .4587807E-08
 22.0    3400.00   .4716848E-08
 22.0    3410.00   .4807684E-08
 22.0    3420.00   .4921265E-08
 22.0    3430.00   .5056232E-08
 22.0    3440.00   .5276149E-08
 22.0    3450.00   .5425944E-08
 22.0    3460.00   .5672575E-08
 22.0    3470.00   .5908632E-08
 22.0    3480.00   .6074412E-08
 22.0    3490.00   .6325590E-08
 22.0    3500.00   .6659459E-08
 22.0    3510.00   .7030261E-08
 22.0    3520.00   .7272275E-08
 22.0    3530.00   .7491790E-08
 22.0    3540.00   .7661802E-08
 22.0    3550.00   .7732106E-08
 22.0    3560.00   .7788773E-08
 22.0    3570.00   .7742119E-08
 22.0    3580.00   .7683677E-08
 22.0    3590.00   .7577741E-08
 22.0    3600.00   .7393159E-08
 22.0    3610.00   .7221538E-08
 22.0    3620.00   .7044158E-08
 22.0    3630.00   .6929519E-08
 22.0    3640.00   .6829346E-08
 22.0    3650.00   .6641313E-08
 22.0    3660.00   .6335087E-08
 22.0    3670.00   .5979102E-08
 22.0    3680.00   .5470032E-08
 22.0    3690.00   .4930401E-08
 22.0    3700.00   .4414622E-08
 22.0    3710.00   .4032941E-08
 22.0    3720.00   .3800853E-08
 22.0    3730.00   .3662794E-08
 22.0    3740.00   .3697952E-08
 22.0    3750.00   .3704320E-08
 22.0    3760.00   .3652876E-08
 22.0    3770.00   .3642760E-08
 22.0    3780.00   .3629122E-08
 22.0    3790.00   .3611500E-08
 22.0    3800.00   .3691306E-08
 22.0    3810.00   .3870910E-08
 22.0    3820.00   .4170046E-08
 22.0    3830.00   .4601362E-08
 22.0    3840.00   .5116904E-08
 22.0    3850.00   .5685412E-08
 22.0    3860.00   .6224785E-08
 22.0    3870.00   .6781999E-08
 22.0    3880.00   .7395379E-08
 22.0    3890.00   .7744773E-08
 22.0    3900.00   .8115862E-08
 22.0    3910.00   .8357707E-08
 22.0    3920.00   .8661518E-08
 22.0    3930.00   .8823402E-08
 22.0    3940.00   .8703820E-08
 22.0    3950.00   .8530956E-08
 22.0    3960.00   .8189721E-08
 22.0    3970.00   .7696702E-08
 22.0    3980.00   .7304819E-08
 22.0    3990.00   .7056528E-08
 22.0    4000.00   .6884588E-08
 22.0    4010.00   .6862460E-08
 22.0    4020.00   .6986947E-08
 22.0    4030.00   .7172615E-08
 22.0    4040.00   .7423043E-08
 22.0    4050.00   .7737300E-08
 22.0    4060.00   .8028172E-08
 22.0    4070.00   .8344016E-08
 22.0    4080.00   .8533322E-08
 22.0    4090.00   .8562893E-08
 22.0    4100.00   .8614847E-08
 22.0    4110.00   .8537120E-08
 22.0    4120.00   .8419336E-08
 22.0    4130.00   .8263355E-08
 22.0    4140.00   .8143423E-08
 22.0    4150.00   .8030251E-08
 22.0    4160.00   .7912769E-08
 22.0    4170.00   .7780239E-08
 22.0    4180.00   .7631766E-08
 22.0    4190.00   .7465930E-08
 22.0    4200.00   .7236897E-08
 22.0    4210.00   .7017978E-08
 22.0    4220.00   .6782459E-08
 22.0    4230.00   .6542702E-08
 22.0    4240.00   .6303551E-08
 22.0    4250.00   .6104654E-08
 22.0    4260.00   .5812888E-08
 22.0    4270.00   .5612324E-08
 22.0    4280.00   .5334187E-08
 22.0    4290.00   .5118675E-08
 22.0    4300.00   .4962016E-08
 22.0    4310.00   .4922747E-08
 22.0    4320.00   .4902132E-08
 22.0    4330.00   .5000887E-08
 22.0    4340.00   .5146304E-08
 22.0    4350.00   .5272042E-08
 22.0    4360.00   .5401254E-08
 22.0    4370.00   .5505872E-08
 22.0    4380.00   .5537549E-08
 22.0    4390.00   .5481451E-08
 22.0    4400.00   .5415624E-08
 22.0    4410.00   .5394078E-08
 22.0    4420.00   .5373083E-08
 22.0    4430.00   .5428987E-08
 22.0    4440.00   .5560724E-08
 22.0    4450.00   .5753731E-08
 22.0    4460.00   .5958193E-08
 22.0    4470.00   .6196048E-08
 22.0    4480.00   .6370713E-08
 22.0    4490.00   .6511215E-08
 22.0    4500.00   .6674849E-08
 22.0    4510.00   .6791541E-08
 22.0    4520.00   .6826490E-08
 22.0    4530.00   .6820398E-08
 22.0    4540.00   .6809496E-08
 22.0    4550.00   .6782674E-08
 22.0    4560.00   .6756077E-08
 22.0    4570.00   .6704030E-08
 22.0    4580.00   .6684590E-08
 22.0    4590.00   .6648694E-08
 22.0    4600.00   .6612413E-08
 22.0    4610.00   .6541439E-08
 22.0    4620.00   .6365742E-08
 22.0    4630.00   .6138651E-08
 22.0    4640.00   .5892897E-08
 22.0    4650.00   .5663004E-08
 22.0    4660.00   .5454510E-08
 22.0    4670.00   .5261874E-08
 22.0    4680.00   .5097084E-08
 22.0    4690.00   .5063545E-08
 22.0    4700.00   .5045663E-08
 22.0    4710.00   .4944719E-08
 22.0    4720.00   .4839269E-08
 22.0    4730.00   .4713376E-08
 22.0    4740.00   .4588180E-08
 22.0    4750.00   .4470104E-08
 22.0    4760.00   .4416363E-08
 22.0    4770.00   .4397877E-08
 22.0    4780.00   .4387949E-08
 22.0    4790.00   .4349475E-08
 22.0    4800.00   .4264434E-08
 22.0    4810.00   .4144657E-08
 22.0    4820.00   .3996658E-08
 22.0    4830.00   .3813427E-08
 22.0    4840.00   .3628024E-08
 22.0    4850.00   .3465018E-08
 22.0    4860.00   .3366361E-08
 22.0    4870.00   .3329602E-08
 22.0    4880.00   .3342628E-08
 22.0    4890.00   .3381935E-08
 22.0    4900.00   .3430949E-08
 22.0    4910.00   .3504524E-08
 22.0    4920.00   .3600504E-08
 22.0    4930.00   .3680453E-08
 22.0    4940.00   .3701697E-08
 22.0    4950.00   .3692152E-08
 22.0    4960.00   .3681168E-08
 22.0    4970.00   .3675441E-08
 22.0    4980.00   .3665434E-08
 22.0    4990.00   .3670233E-08
 22.0    5000.00   .3688591E-08
 22.0    5010.00   .3707449E-08
 22.0    5020.00   .3756739E-08
 22.0    5030.00   .3825960E-08
 22.0    5040.00   .3911829E-08
 22.0    5050.00   .4012902E-08
 22.0    5060.00   .4123474E-08
 22.0    5070.00   .4234680E-08
 22.0    5080.00   .4343567E-08
 22.0    5090.00   .4447492E-08
 22.0    5100.00   .4507004E-08
 22.0    5110.00   .4549197E-08
 22.0    5120.00   .4546044E-08
 22.0    5130.00   .4537453E-08
 22.0    5140.00   .4508545E-08
 22.0    5150.00   .4479461E-08
 22.0    5160.00   .4474922E-08
 22.0    5170.00   .4456072E-08
 22.0    5180.00   .4444794E-08
 22.0    5190.00   .4432036E-08
 22.0    5200.00   .4398269E-08
 22.0    5210.00   .4313018E-08
 22.0    5220.00   .4173956E-08
 22.0    5230.00   .3992571E-08
 22.0    5240.00   .3785486E-08
 22.0    5250.00   .3598468E-08
 22.0    5260.00   .3430594E-08
 22.0    5270.00   .3276844E-08
 22.0    5280.00   .3176155E-08
 22.0    5290.00   .3101066E-08
 22.0    5300.00   .3071331E-08
 22.0    5310.00   .3077497E-08
 22.0    5320.00   .3133330E-08
 22.0    5330.00   .3205480E-08
 22.0    5340.00   .3260612E-08
 22.0    5350.00   .3291808E-08
 22.0    5360.00   .3325638E-08
 22.0    5370.00   .3349034E-08
 22.0    5380.00   .3325518E-08
 22.0    5390.00   .3279227E-08
 22.0    5400.00   .3236287E-08
 22.0    5410.00   .3157323E-08
 22.0    5420.00   .3051219E-08
 22.0    5430.00   .2949690E-08
 22.0    5440.00   .2854719E-08
 22.0    5450.00   .2797817E-08
 22.0    5460.00   .2772555E-08
 22.0    5470.00   .2789053E-08
 22.0    5480.00   .2848041E-08
 22.0    5490.00   .2957192E-08
 22.0    5500.00   .3068736E-08
 22.0    5510.00   .3207994E-08
 22.0    5520.00   .3363607E-08
 22.0    5530.00   .3483838E-08
 22.0    5540.00   .3571559E-08
 22.0    5550.00   .3633968E-08
 22.0    5560.00   .3682827E-08
 22.0    5570.00   .3705221E-08
 22.0    5580.00   .3731182E-08
 22.0    5590.00   .3749667E-08
 22.0    5600.00   .3743289E-08
 22.0    5610.00   .3746143E-08
 22.0    5620.00   .3739351E-08
 22.0    5630.00   .3727364E-08
 22.0    5640.00   .3717854E-08
 22.0    5650.00   .3709727E-08
 22.0    5660.00   .3696079E-08
 22.0    5670.00   .3679639E-08
 22.0    5680.00   .3668037E-08
 22.0    5690.00   .3633041E-08
 22.0    5700.00   .3580073E-08
 22.0    5710.00   .3505055E-08
 22.0    5720.00   .3406263E-08
 22.0    5730.00   .3319833E-08
 22.0    5740.00   .3232827E-08
 22.0    5750.00   .3169508E-08
 22.0    5760.00   .3121777E-08
 22.0    5770.00   .3098071E-08
 22.0    5780.00   .3096267E-08
 22.0    5790.00   .3103962E-08
 22.0    5800.00   .3121073E-08
 22.0    5810.00   .3167772E-08
 22.0    5820.00   .3232678E-08
 22.0    5830.00   .3272726E-08
 22.0    5840.00   .3310719E-08
 22.0    5850.00   .3346665E-08
 22.0    5860.00   .3369589E-08
 22.0    5870.00   .3426180E-08
 22.0    5880.00   .3448378E-08
 22.0    5890.00   .3439988E-08
 22.0    5900.00   .3414593E-08
 22.0    5910.00   .3442150E-08
 22.0    5920.00   .3482343E-08
 22.0    5930.00   .3495897E-08
 22.0    5940.00   .3495727E-08
 22.0    5950.00   .3489114E-08
 22.0    5960.00   .3481539E-08
 22.0    5970.00   .3455924E-08
 22.0    5980.00   .3410457E-08
 22.0    5990.00   .3369166E-08
 22.0    6000.00   .3284364E-08
 22.0    6010.00   .3184591E-08
 22.0    6020.00   .3055060E-08
 22.0    6030.00   .2917798E-08
 22.0    6040.00   .2765002E-08
 22.0    6050.00   .2556528E-08
 22.0    6060.00   .2348379E-08
 22.0    6070.00   .2085932E-08
 22.0    6080.00   .1855348E-08
 22.0    6090.00   .1651250E-08
 22.0    6100.00   .1494674E-08
 22.0    6110.00   .1383957E-08
 22.0    6120.00   .1304337E-08
 22.0    6130.00   .1281370E-08
 22.0    6140.00   .1289094E-08
 22.0    6150.00   .1341399E-08
 22.0    6160.00   .1420529E-08
 22.0    6170.00   .1530851E-08
 22.0    6180.00   .1661547E-08
 22.0    6190.00   .1813135E-08
 22.0    6200.00   .1974787E-08
 22.0    6210.00   .2136669E-08
 22.0    6220.00   .2275137E-08
 22.0    6230.00   .2418900E-08
 22.0    6240.00   .2531076E-08
 22.0    6250.00   .2673326E-08
 22.0    6260.00   .2776960E-08
 22.0    6270.00   .2857595E-08
 22.0    6280.00   .2897745E-08
 22.0    6290.00   .2988680E-08
 22.0    6300.00   .3036234E-08
 22.0    6310.00   .3067727E-08
 22.0    6320.00   .3088324E-08
 22.0    6330.00   .3096928E-08
 22.0    6340.00   .3103446E-08
 22.0    6350.00   .3108989E-08
 22.0    6360.00   .3101717E-08
 22.0    6370.00   .3087940E-08
 22.0    6380.00   .3059129E-08
 22.0    6390.00   .3041330E-08
 22.0    6400.00   .3010840E-08
 22.0    6410.00   .2987894E-08
 22.0    6420.00   .2950529E-08
 22.0    6430.00   .2901766E-08
 22.0    6440.00   .2868180E-08
 22.0    6450.00   .2830289E-08
 22.0    6460.00   .2797051E-08
 22.0    6470.00   .2758376E-08
 22.0    6480.00   .2713581E-08
 22.0    6490.00   .2685776E-08
 22.0    6500.00   .2649777E-08
 22.0    6510.00   .2668586E-08
 22.0    6520.00   .2636057E-08
 22.0    6530.00   .2614005E-08
 22.0    6540.00   .2610069E-08
 22.0    6550.00   .2576958E-08
 22.0    6560.00   .2546940E-08
 22.0    6570.00   .2477806E-08
 22.0    6580.00   .2459244E-08
 22.0    6590.00   .2400763E-08
 22.0    6600.00   .2356048E-08
 22.0    6610.00   .2305978E-08
 22.0    6620.00   .2266261E-08
 22.0    6630.00   .2209675E-08
 22.0    6640.00   .2171688E-08
 22.0    6650.00   .2142140E-08
 22.0    6660.00   .2085402E-08
 22.0    6670.00   .2046748E-08
 22.0    6680.00   .2015156E-08
 22.0    6690.00   .1974563E-08
 22.0    6700.00   .1920274E-08
 22.0    6710.00   .1882687E-08
 22.0    6720.00   .1854224E-08
 22.0    6730.00   .1800542E-08
 22.0    6740.00   .1741180E-08
 22.0    6750.00   .1748377E-08
 22.0    6760.00   .1695614E-08
 22.0    6770.00   .1683662E-08
 22.0    6780.00   .1662628E-08
 22.0    6790.00   .1635518E-08
 22.0    6800.00   .1630429E-08
 22.0    6810.00   .1625695E-08
 22.0    6820.00   .1610349E-08
 22.0    6830.00   .1597914E-08
 22.0    6840.00   .1594410E-08
 22.0    6850.00   .1570446E-08
 22.0    6860.00   .1557230E-08
 22.0    6870.00   .1517235E-08
 22.0    6880.00   .1485199E-08
 22.0    6890.00   .1453262E-08
 22.0    6900.00   .1421424E-08
 22.0    6910.00   .1389687E-08
 22.0    6920.00   .1383927E-08
 22.0    6930.00   .1392499E-08
 22.0    6940.00   .1371930E-08
 22.0    6950.00   .1376759E-08
 22.0    6960.00   .1345100E-08
 22.0    6970.00   .1347663E-08
 22.0    6980.00   .1321478E-08
 22.0    6990.00   .1291656E-08
 22.0    7000.00   .1280592E-08
 22.0    7010.00   .1278615E-08
 22.0    7020.00   .1250201E-08
 22.0    7030.00   .1245885E-08
 22.0    7040.00   .1244321E-08
 22.0    7050.00   .1223865E-08
 22.0    7060.00   .1232542E-08
 22.0    7070.00   .1216646E-08
 22.0    7080.00   .1213673E-08
 22.0    7090.00   .1213068E-08
 22.0    7100.00   .1202395E-08
 22.0    7110.00   .1187319E-08
 22.0    7120.00   .1183967E-08
 22.0    7130.00   .1183959E-08
 22.0    7140.00   .1171258E-08
 22.0    7150.00   .1178050E-08
 22.0    7160.00   .1168674E-08
 22.0    7170.00   .1112402E-08
 22.0    7180.00   .1082299E-08
 22.0    7190.00   .1049843E-08
 22.0    7200.00   .1048345E-08
 22.0    7210.00   .1100628E-08
 22.0    7220.00   .1111502E-08
 22.0    7230.00   .1082446E-08
 22.0    7240.00   .1027531E-08
 22.0    7250.00   .1041720E-08
 22.0    7260.00   .1038761E-08
 22.0    7270.00   .1030760E-08
 22.0    7280.00   .1015674E-08
 22.0    7290.00   .9877667E-09
 22.0    7300.00   .9889800E-09
 22.0    7310.00   .9601464E-09
 22.0    7320.00   .9539530E-09
 22.0    7330.00   .9478612E-09
 22.0    7340.00   .9338677E-09
 22.0    7350.00   .9062742E-09
 22.0    7360.00   .8887741E-09
 22.0    7370.00   .8610571E-09
 22.0    7380.00   .8610687E-09
 22.0    7390.00   .8430879E-09
 22.0    7400.00   .8246395E-09
 22.0    7410.00   .8148138E-09
 22.0    7420.00   .8052913E-09
 22.0    7430.00   .7515488E-09
 22.0    7440.00   .7066255E-09
 22.0    7450.00   .6754809E-09
 22.0    7460.00   .6455053E-09
 22.0    7470.00   .6359996E-09
 22.0    7480.00   .6333044E-09
 22.0    7490.00   .6433087E-09
 22.0    7500.00   .6554315E-09
 22.0    7510.00   .6744807E-09
 22.0    7520.00   .6826873E-09
 22.0    7530.00   .6889439E-09
 22.0    7540.00   .6935009E-09
 22.0    7550.00   .7001863E-09
 22.0    7560.00   .7017848E-09
 22.0    7570.00   .7115443E-09
 22.0    7580.00   .7160742E-09
 22.0    7590.00   .6855988E-09
 22.0    7600.00   .6900906E-09
 22.0    7610.00   .6945726E-09
 22.0    7620.00   .6990449E-09
 22.0    7630.00   .7035076E-09
 22.0    7640.00   .7079608E-09
 22.0    7650.00   .7124045E-09
 22.0    7660.00   .7168388E-09
 22.0    7670.00   .7212637E-09
 22.0    7680.00   .7365191E-09
 22.0    7690.00   .7567461E-09
 22.0    7700.00   .7860531E-09
 22.0    7710.00   .7965833E-09
 22.0    7720.00   .8096397E-09
 22.0    7730.00   .8145872E-09
 22.0    7740.00   .8241117E-09
 22.0    7750.00   .8368400E-09
 22.0    7760.00   .8450942E-09
 22.0    7770.00   .8482228E-09
 22.0    7780.00   .8624978E-09
 22.0    7790.00   .8724631E-09
 22.0    7800.00   .8775966E-09
 22.0    7810.00   .8838251E-09
 22.0    7820.00   .8911338E-09
 22.0    7830.00   .8883675E-09
 22.0    7840.00   .8994339E-09
 22.0    7850.00   .9074569E-09
 22.0    7860.00   .8959553E-09
 22.0    7870.00   .9030885E-09
 22.0    7880.00   .8966548E-09
 22.0    7890.00   .8876022E-09
 22.0    7900.00   .8845377E-09
 22.0    7910.00   .8822499E-09
 22.0    7920.00   .8758745E-09
 22.0    7930.00   .8734611E-09
 22.0    7940.00   .8744624E-09
 22.0    7950.00   .8710140E-09
 22.0    7960.00   .8599947E-09
 22.0    7970.00   .8700400E-09
 22.0    7980.00   .8588256E-09
 22.0    7990.00   .8601501E-09
 22.0    8000.00   .8502980E-09
 22.0    8010.00   .8466429E-09
 22.0    8020.00   .8266970E-09
 22.0    8030.00   .8141621E-09
 22.0    8040.00   .7931098E-09
 22.0    8050.00   .7929834E-09
 22.0    8060.00   .7805168E-09
 22.0    8070.00   .7776227E-09
 22.0    8080.00   .7701359E-09
 22.0    8090.00   .7982473E-09
 22.0    8100.00   .7932862E-09
 22.0    8110.00   .7938522E-09
 22.0    8120.00   .7869710E-09
 22.0    8130.00   .7820315E-09
 22.0    8140.00   .7757772E-09
 22.0    8150.00   .7770956E-09
 22.0    8160.00   .7640827E-09
 22.0    8170.00   .7390819E-09
 22.0    8180.00   .7106651E-09
 22.0    8190.00   .6726538E-09
 22.0    8200.00   .6574802E-09
 22.0    8210.00   .6093620E-09
 22.0    8220.00   .5891821E-09
 22.0    8230.00   .5638862E-09
 22.0    8240.00   .5533733E-09
 22.0    8250.00   .5335459E-09
 22.0    8260.00   .5125138E-09
 22.0    8270.00   .5116187E-09
 22.0    8280.00   .5262963E-09
 22.0    8290.00   .5255945E-09
 22.0    8300.00   .5389351E-09
 22.0    8310.00   .5298882E-09
 22.0    8320.00   .5405440E-09
 22.0    8330.00   .5437533E-09
 22.0    8340.00   .5487931E-09
 22.0    8350.00   .5158759E-09
 22.0    8360.00   .5320671E-09
 22.0    8370.00   .5300759E-09
 22.0    8380.00   .5405016E-09
 22.0    8390.00   .5467215E-09
 22.0    8400.00   .5733972E-09
 22.0    8410.00   .5924120E-09
 22.0    8420.00   .6179846E-09
 22.0    8430.00   .6424337E-09
 22.0    8440.00   .6621703E-09
 22.0    8450.00   .6850597E-09
 22.0    8460.00   .7084849E-09
 22.0    8470.00   .7281459E-09
 22.0    8480.00   .7482606E-09
 22.0    8490.00   .7638079E-09
 22.0    8500.00   .7813011E-09
 22.0    8510.00   .7830387E-09
 22.0    8520.00   .7850578E-09
 22.0    8530.00   .7956411E-09
 22.0    8540.00   .7954259E-09
 22.0    8550.00   .8015323E-09
 22.0    8560.00   .7933280E-09
 22.0    8570.00   .8020297E-09
 22.0    8580.00   .8004517E-09
 22.0    8590.00   .8036181E-09
 22.0    8600.00   .7963008E-09
 22.0    8610.00   .7959864E-09
 22.0    8620.00   .7887210E-09
 22.0    8630.00   .7839469E-09
 22.0    8640.00   .7808226E-09
 22.0    8650.00   .7769346E-09
 22.0    8660.00   .7786938E-09
 22.0    8670.00   .7747383E-09
 22.0    8680.00   .7804447E-09
 22.0    8690.00   .7821268E-09
 22.0    8700.00   .7771871E-09
 22.0    8710.00   .7721099E-09
 22.0    8720.00   .7645156E-09
 22.0    8730.00   .7635710E-09
 22.0    8740.00   .7600484E-09
 22.0    8750.00   .7656265E-09
 22.0    8760.00   .7635008E-09
 22.0    8770.00   .7598914E-09
 22.0    8780.00   .7463207E-09
 22.0    8790.00   .7472317E-09
 22.0    8800.00   .7343251E-09
 22.0    8810.00   .7390351E-09
 22.0    8820.00   .7262780E-09
 22.0    8830.00   .7205375E-09
 22.0    8840.00   .7075087E-09
 22.0    8850.00   .6742707E-09
 22.0    8860.00   .6636503E-09
 22.0    8870.00   .6279667E-09
 22.0    8880.00   .6061597E-09
 22.0    8890.00   .5945766E-09
 22.0    8900.00   .5737047E-09
 22.0    8910.00   .5700195E-09
 22.0    8920.00   .5613888E-09
 22.0    8930.00   .5607223E-09
 22.0    8940.00   .5680723E-09
 22.0    8950.00   .5676832E-09
 22.0    8960.00   .5617798E-09
 22.0    8970.00   .5721235E-09
 22.0    8980.00   .5542002E-09
 22.0    8990.00   .5426193E-09
 22.0    9000.00   .5348648E-09
 22.0    9010.00   .5226536E-09
 22.0    9020.00   .5160156E-09
 22.0    9030.00   .5241494E-09
 22.0    9040.00   .5262903E-09
 22.0    9050.00   .5182513E-09
 22.0    9060.00   .5163454E-09
 22.0    9070.00   .5068190E-09
 22.0    9080.00   .4982417E-09
 22.0    9090.00   .4964038E-09
 22.0    9100.00   .4891966E-09
 22.0    9110.00   .4885403E-09
 22.0    9120.00   .4863515E-09
 22.0    9130.00   .4834107E-09
 22.0    9140.00   .4830351E-09
 22.0    9150.00   .4811000E-09
 22.0    9160.00   .4718533E-09
 22.0    9170.00   .4814824E-09
 22.0    9180.00   .4813187E-09
 22.0    9190.00   .4904036E-09
 22.0    9200.00   .4855063E-09
 22.0    9210.00   .4947922E-09
 22.0    9220.00   .4960385E-09
 22.0    9230.00   .4950464E-09
 22.0    9240.00   .4865283E-09
 22.0    9250.00   .4870076E-09
 22.0    9260.00   .4886416E-09
 22.0    9270.00   .4821211E-09
 22.0    9280.00   .4666529E-09
 22.0    9290.00   .4574418E-09
 22.0    9300.00   .4353328E-09
 22.0    9310.00   .4052956E-09
 22.0    9320.00   .3684795E-09
 22.0    9330.00   .3563178E-09
 22.0    9340.00   .3288928E-09
 22.0    9350.00   .3266949E-09
 22.0    9360.00   .3176048E-09
 22.0    9370.00   .3266595E-09
 22.0    9380.00   .3243955E-09
 22.0    9390.00   .3521129E-09
 22.0    9400.00   .3615258E-09
 22.0    9410.00   .3551422E-09
 22.0    9420.00   .3521716E-09
 22.0    9430.00   .3379640E-09
 22.0    9440.00   .3271507E-09
 22.0    9450.00   .3238411E-09
 22.0    9460.00   .3108509E-09
 22.0    9470.00   .3106722E-09
 22.0    9480.00   .3108767E-09
 22.0    9490.00   .3117663E-09
 22.0    9500.00   .2902897E-09
 22.0    9510.00   .3090065E-09
 22.0    9520.00   .2903238E-09
 22.0    9530.00   .2924927E-09
 22.0    9540.00   .2965494E-09
 22.0    9550.00   .2913582E-09
 22.0    9560.00   .2872453E-09
 22.0    9570.00   .2798243E-09
 22.0    9580.00   .2839672E-09
 22.0    9590.00   .2697548E-09
 22.0    9600.00   .2744688E-09
 22.0    9610.00   .2745023E-09
 22.0    9620.00   .2735343E-09
 22.0    9630.00   .2718431E-09
 22.0    9640.00   .2698362E-09
 22.0    9650.00   .2656018E-09
 22.0    9660.00   .2709469E-09
 22.0    9670.00   .2601378E-09
 22.0    9680.00   .2637982E-09
 22.0    9690.00   .2610299E-09
 22.0    9700.00   .2608533E-09
 22.0    9710.00   .2648837E-09
 22.0    9720.00   .2585602E-09
 22.0    9730.00   .2600195E-09
 22.0    9740.00   .2520471E-09
 22.0    9750.00   .2486772E-09
 22.0    9760.00   .2424224E-09
 22.0    9770.00   .2448713E-09
 22.0    9780.00   .2391751E-09
 22.0    9790.00   .2370014E-09
 22.0    9800.00   .2383760E-09
 22.0    9810.00   .2327589E-09
 22.0    9820.00   .2333178E-09
 22.0    9830.00   .2340377E-09
 22.0    9840.00   .2344064E-09
 22.0    9850.00   .2309465E-09
 22.0    9860.00   .2280783E-09
 22.0    9870.00   .2250281E-09
 22.0    9880.00   .2277086E-09
 22.0    9890.00   .2205655E-09
 22.0    9900.00   .2206513E-09
 22.0    9910.00   .2145302E-09
 22.0    9920.00   .2194101E-09
 22.0    9930.00   .2106956E-09
 22.0    9940.00   .2111519E-09
 22.0    9950.00   .2167175E-09
 22.0    9960.00   .2086645E-09
 22.0    9970.00   .2053004E-09
 22.0    9980.00   .2019686E-09
 22.0    9990.00   .1994363E-09
 22.0   10000.00   .1976963E-09
 22.0   10010.00   .1974338E-09
 22.0   10020.00   .1971715E-09
 22.0   10030.00   .1969092E-09
 22.0   10040.00   .1966473E-09
 22.0   10050.00   .1963856E-09
 22.0   10060.00   .1961242E-09
 22.0   10070.00   .1958628E-09
 22.0   10080.00   .1956015E-09
 22.0   10090.00   .1953405E-09
 22.0   10100.00   .1950799E-09
 22.0   10110.00   .1948194E-09
 22.0   10120.00   .1945589E-09
 22.0   10130.00   .1942986E-09
 22.0   10140.00   .1940383E-09
 22.0   10150.00   .1937786E-09
 22.0   10160.00   .1935188E-09
 22.0   10170.00   .1932592E-09
 22.0   10180.00   .1929997E-09
 22.0   10190.00   .1927405E-09
 22.0   10200.00   .1924812E-09
 22.0   10210.00   .1922225E-09
 22.0   10220.00   .1919635E-09
 22.0   10230.00   .1917047E-09
 22.0   10240.00   .1914462E-09
 22.0   10250.00   .1911879E-09
 22.0   10260.00   .1909295E-09
 22.0   10270.00   .1906711E-09
 22.0   10280.00   .1904131E-09
 22.0   10290.00   .1901553E-09
 22.0   10300.00   .1898976E-09
 22.0   10310.00   .1896396E-09
 22.0   10320.00   .1893819E-09
 22.0   10330.00   .1891247E-09
 22.0   10340.00   .1888672E-09
 22.0   10350.00   .1886100E-09
 22.0   10360.00   .1883528E-09
 22.0   10370.00   .1880956E-09
 22.0   10380.00   .1878386E-09
 22.0   10390.00   .1875818E-09
 22.0   10400.00   .1873249E-09
 22.0   10410.00   .1870683E-09
 22.0   10420.00   .1868117E-09
 22.0   10430.00   .1865551E-09
 22.0   10440.00   .1862987E-09
 22.0   10450.00   .1860422E-09
 22.0   10460.00   .1857862E-09
 22.0   10470.00   .1855300E-09
 22.0   10480.00   .1852740E-09
 22.0   10490.00   .1850179E-09
 22.0   10500.00   .1847621E-09
 22.0   10510.00   .1845063E-09
 22.0   10520.00   .1842507E-09
 22.0   10530.00   .1839954E-09
 22.0   10540.00   .1837398E-09
 22.0   10550.00   .1834847E-09
 22.0   10560.00   .1832296E-09
 22.0   10570.00   .1829746E-09
 22.0   10580.00   .1827199E-09
 22.0   10590.00   .1824648E-09
 22.0   10600.00   .1822104E-09
 22.0   10610.00   .1819562E-09
 22.0   10620.00   .1817022E-09
 22.0   10630.00   .1814480E-09
 22.0   10640.00   .1811944E-09
 22.0   10650.00   .1809406E-09
 22.0   10660.00   .1806871E-09
 22.0   10670.00   .1804337E-09
 22.0   10680.00   .1801807E-09
 22.0   10690.00   .1799279E-09
 22.0   10700.00   .1796750E-09
 22.0   10710.00   .1794223E-09
 22.0   10720.00   .1791700E-09
 22.0   10730.00   .1789180E-09
 22.0   10740.00   .1786660E-09
 22.0   10750.00   .1784141E-09
 22.0   10760.00   .1781627E-09
 22.0   10770.00   .1779112E-09
 22.0   10780.00   .1776604E-09
 22.0   10790.00   .1774094E-09
 22.0   10800.00   .1771590E-09
 22.0   10810.00   .1769086E-09
 22.0   10820.00   .1766586E-09
 22.0   10830.00   .1764086E-09
 22.0   10840.00   .1761589E-09
 22.0   10850.00   .1759095E-09
 22.0   10860.00   .1756602E-09
 22.0   10870.00   .1754116E-09
 22.0   10880.00   .1751628E-09
 22.0   10890.00   .1749148E-09
 22.0   10900.00   .1746664E-09
 22.0   10910.00   .1744187E-09
 22.0   10920.00   .1741711E-09
 22.0   10930.00   .1739240E-09
 22.0   10940.00   .1736771E-09
 22.0   10950.00   .1734303E-09
 22.0   10960.00   .1731839E-09
 22.0   10970.00   .1729379E-09
 22.0   10980.00   .1726919E-09
 22.0   10990.00   .1724466E-09
 22.0   11000.00   .1722014E-09
 22.0   11010.00   .1719567E-09
 22.0   11020.00   .1717120E-09
 22.0   11030.00   .1714678E-09
 22.0   11040.00   .1712236E-09
 22.0   11050.00   .1709802E-09
 22.0   11060.00   .1707369E-09
 22.0   11070.00   .1704939E-09
 22.0   11080.00   .1702511E-09
 22.0   11090.00   .1700091E-09
 22.0   11100.00   .1697671E-09
 22.0   11110.00   .1695255E-09
 22.0   11120.00   .1692843E-09
 22.0   11130.00   .1690434E-09
 22.0   11140.00   .1688030E-09
 22.0   11150.00   .1685629E-09
 22.0   11160.00   .1683228E-09
 22.0   11170.00   .1680834E-09
 22.0   11180.00   .1678444E-09
 22.0   11190.00   .1676057E-09
 22.0   11200.00   .1673675E-09
 22.0   11210.00   .1671293E-09
 22.0   11220.00   .1668917E-09
 22.0   11230.00   .1666546E-09
 22.0   11240.00   .1664177E-09
 22.0   11250.00   .1661815E-09
 22.0   11260.00   .1659453E-09
 22.0   11270.00   .1657097E-09
 22.0   11280.00   .1654745E-09
 22.0   11290.00   .1652398E-09
 22.0   11300.00   .1650053E-09
 22.0   11310.00   .1648399E-09
 22.0   11320.00   .1646748E-09
 22.0   11330.00   .1645100E-09
 22.0   11340.00   .1643454E-09
 22.0   11350.00   .1641810E-09
 22.0   11360.00   .1640168E-09
 22.0   11370.00   .1638534E-09
 22.0   11380.00   .1636898E-09
 22.0   11390.00   .1635268E-09
 22.0   11400.00   .1633639E-09
 22.0   11410.00   .1632015E-09
 22.0   11420.00   .1630395E-09
 22.0   11430.00   .1628774E-09
 22.0   11440.00   .1627160E-09
 22.0   11450.00   .1625547E-09
 22.0   11460.00   .1623938E-09
 22.0   11470.00   .1622332E-09
 22.0   11480.00   .1620730E-09
 22.0   11490.00   .1619130E-09
 22.0   11500.00   .1617535E-09
 22.0   11510.00   .1615941E-09
 22.0   11520.00   .1614355E-09
 22.0   11530.00   .1612769E-09
 22.0   11540.00   .1611188E-09
 22.0   11550.00   .1609608E-09
 22.0   11560.00   .1608035E-09
 22.0   11570.00   .1606462E-09
 22.0   11580.00   .1604897E-09
 22.0   11590.00   .1603332E-09
 22.0   11600.00   .1601772E-09
 22.0   11610.00   .1600217E-09
 22.0   11620.00   .1598664E-09
 22.0   11630.00   .1597117E-09
 22.0   11640.00   .1595573E-09
 22.0   11650.00   .1594031E-09
 22.0   11660.00   .1592492E-09
 22.0   11670.00   .1590960E-09
 22.0   11680.00   .1589431E-09
 22.0   11690.00   .1587909E-09
 22.0   11700.00   .1586387E-09
 22.0   11710.00   .1584871E-09
 22.0   11720.00   .1583359E-09
 22.0   11730.00   .1581850E-09
 22.0   11740.00   .1580348E-09
 22.0   11750.00   .1578847E-09
 22.0   11760.00   .1577352E-09
 22.0   11770.00   .1575860E-09
 22.0   11780.00   .1574373E-09
 22.0   11790.00   .1572892E-09
 22.0   11800.00   .1571413E-09
 22.0   11810.00   .1569938E-09
 22.0   11820.00   .1568471E-09
 22.0   11830.00   .1567006E-09
 22.0   11840.00   .1565545E-09
 22.0   11850.00   .1564091E-09
 22.0   11860.00   .1562639E-09
 22.0   11870.00   .1561193E-09
 22.0   11880.00   .1559752E-09
 22.0   11890.00   .1558315E-09
 22.0   11900.00   .1556883E-09
 22.0   11910.00   .1555455E-09
 22.0   11920.00   .1554031E-09
 22.0   11930.00   .1552613E-09
 22.0   11940.00   .1551201E-09
 22.0   11950.00   .1549794E-09
 22.0   11960.00   .1548390E-09
 22.0   11970.00   .1546993E-09
 22.0   11980.00   .1545600E-09
 22.0   11990.00   .1544212E-09
 22.0   12000.00   .1542828E-09
 22.0   12010.00   .1541449E-09
 22.0   12020.00   .1540076E-09
 22.0   12030.00   .1538709E-09
 22.0   12040.00   .1537347E-09
 22.0   12050.00   .1535990E-09
 22.0   12060.00   .1534639E-09
 22.0   12070.00   .1533290E-09
 22.0   12080.00   .1531951E-09
 22.0   12090.00   .1530614E-09
 22.0   12100.00   .1529282E-09
 22.0   12110.00   .1527958E-09
 22.0   12120.00   .1526636E-09
 22.0   12130.00   .1525323E-09
 22.0   12140.00   .1524014E-09
 22.0   12150.00   .1522712E-09
 22.0   12160.00   .1521414E-09
 22.0   12170.00   .1520120E-09
 22.0   12180.00   .1518832E-09
 22.0   12190.00   .1517554E-09
 22.0   12200.00   .1516277E-09
 22.0   12210.00   .1515009E-09
 22.0   12220.00   .1513746E-09
 22.0   12230.00   .1512486E-09
 22.0   12240.00   .1511235E-09
 22.0   12250.00   .1509988E-09
 22.0   12260.00   .1508749E-09
 22.0   12270.00   .1507512E-09
 22.0   12280.00   .1506283E-09
 22.0   12290.00   .1505062E-09
 22.0   12300.00   .1503845E-09
 22.0   12310.00   .1502636E-09
 22.0   12320.00   .1501430E-09
 22.0   12330.00   .1500232E-09
 22.0   12340.00   .1499040E-09
 22.0   12350.00   .1497852E-09
 22.0   12360.00   .1496672E-09
 22.0   12370.00   .1495498E-09
 22.0   12380.00   .1494331E-09
 22.0   12390.00   .1493170E-09
 22.0   12400.00   .1492014E-09
 22.0   12410.00   .1490867E-09
 22.0   12420.00   .1489724E-09
 22.0   12430.00   .1488590E-09
 22.0   12440.00   .1487460E-09
 22.0   12450.00   .1486337E-09
 22.0   12460.00   .1485219E-09
 22.0   12470.00   .1484109E-09
 22.0   12480.00   .1483005E-09
 22.0   12490.00   .1481908E-09
 22.0   12500.00   .1480820E-09
 22.0   12510.00   .1480428E-09
 22.0   12520.00   .1480042E-09
 22.0   12530.00   .1479660E-09
 22.0   12540.00   .1479283E-09
 22.0   12550.00   .1478908E-09
 22.0   12560.00   .1478540E-09
 22.0   12570.00   .1478177E-09
 22.0   12580.00   .1477820E-09
 22.0   12590.00   .1477465E-09
 22.0   12600.00   .1477117E-09
 22.0   12610.00   .1476771E-09
 22.0   12620.00   .1476433E-09
 22.0   12630.00   .1476098E-09
 22.0   12640.00   .1475771E-09
 22.0   12650.00   .1475448E-09
 22.0   12660.00   .1475130E-09
 22.0   12670.00   .1474816E-09
 22.0   12680.00   .1474508E-09
 22.0   12690.00   .1474204E-09
 22.0   12700.00   .1473907E-09
 22.0   12710.00   .1473617E-09
 22.0   12720.00   .1473331E-09
 22.0   12730.00   .1473049E-09
 22.0   12740.00   .1472775E-09
 22.0   12750.00   .1472504E-09
 22.0   12760.00   .1472239E-09
 22.0   12770.00   .1471980E-09
 22.0   12780.00   .1471728E-09
 22.0   12790.00   .1471480E-09
 22.0   12800.00   .1471240E-09
 22.0   12810.00   .1471005E-09
 22.0   12820.00   .1470776E-09
 22.0   12830.00   .1470551E-09
 22.0   12840.00   .1470335E-09
 22.0   12850.00   .1470120E-09
 22.0   12860.00   .1469916E-09
 22.0   12870.00   .1469717E-09
 22.0   12880.00   .1469525E-09
 22.0   12890.00   .1469336E-09
 22.0   12900.00   .1469155E-09
 22.0   12910.00   .1468979E-09
 22.0   12920.00   .1468810E-09
 22.0   12930.00   .1468645E-09
 22.0   12940.00   .1468487E-09
 22.0   12950.00   .1468336E-09
 22.0   12960.00   .1468190E-09
 22.0   12970.00   .1468051E-09
 22.0   12980.00   .1467916E-09
 22.0   12990.00   .1467788E-09
 22.0   13000.00   .1467664E-09
 22.0   13010.00   .1467547E-09
 22.0   13020.00   .1467437E-09
 22.0   13030.00   .1467332E-09
 22.0   13040.00   .1467233E-09
 22.0   13050.00   .1467141E-09
 22.0   13060.00   .1467052E-09
 22.0   13070.00   .1466971E-09
 22.0   13080.00   .1466895E-09
 22.0   13090.00   .1466823E-09
 22.0   13100.00   .1466759E-09
 22.0   13110.00   .1466701E-09
 22.0   13120.00   .1466648E-09
 22.0   13130.00   .1466597E-09
 22.0   13140.00   .1466556E-09
 22.0   13150.00   .1466520E-09
 22.0   13160.00   .1466488E-09
 22.0   13170.00   .1466466E-09
 22.0   13180.00   .1466444E-09
 22.0   13190.00   .1466429E-09
 22.0   13200.00   .1466422E-09
 22.0   13210.00   .1466419E-09
 22.0   13220.00   .1466421E-09
 22.0   13230.00   .1466430E-09
 22.0   13240.00   .1466442E-09
 22.0   13250.00   .1466461E-09
 22.0   13260.00   .1466486E-09
 22.0   13270.00   .1466515E-09
 22.0   13280.00   .1466552E-09
 22.0   13290.00   .1466590E-09
 22.0   13300.00   .1466639E-09
 22.0   13310.00   .1466690E-09
 22.0   13320.00   .1466746E-09
 22.0   13330.00   .1466808E-09
 22.0   13340.00   .1466876E-09
 22.0   13350.00   .1466948E-09
 22.0   13360.00   .1467026E-09
 22.0   13370.00   .1467111E-09
 22.0   13380.00   .1467198E-09
 22.0   13390.00   .1467294E-09
 22.0   13400.00   .1467393E-09
 22.0   13410.00   .1467496E-09
 22.0   13420.00   .1467606E-09
 22.0   13430.00   .1467722E-09
 22.0   13440.00   .1467842E-09
 22.0   13450.00   .1467967E-09
 22.0   13460.00   .1468098E-09
 22.0   13470.00   .1468233E-09
 22.0   13480.00   .1468373E-09
 22.0   13490.00   .1468517E-09
 22.0   13500.00   .1468668E-09
 22.0   13510.00   .1468826E-09
 22.0   13520.00   .1468986E-09
 22.0   13530.00   .1469152E-09
 22.0   13540.00   .1469323E-09
 22.0   13550.00   .1469498E-09
 22.0   13560.00   .1469680E-09
 22.0   13570.00   .1469863E-09
 22.0   13580.00   .1470055E-09
 22.0   13590.00   .1470250E-09
 22.0   13600.00   .1470453E-09
 22.0   13610.00   .1470657E-09
 22.0   13620.00   .1470867E-09
 22.0   13630.00   .1471082E-09
 22.0   13640.00   .1471302E-09
 22.0   13650.00   .1471528E-09
 22.0   13660.00   .1471756E-09
 22.0   13670.00   .1471991E-09
 22.0   13680.00   .1472231E-09
 22.0   13690.00   .1472474E-09
 22.0   13700.00   .1472721E-09
 22.0   13710.00   .1465223E-09
 22.0   13720.00   .1457726E-09
 22.0   13730.00   .1450231E-09
 22.0   13740.00   .1442738E-09
 22.0   13750.00   .1435245E-09
 22.0   13760.00   .1427754E-09
 22.0   13770.00   .1420265E-09
 22.0   13780.00   .1412778E-09
 22.0   13790.00   .1405290E-09
 22.0   13800.00   .1397805E-09
 22.0   13810.00   .1390322E-09
 22.0   13820.00   .1382839E-09
 22.0   13830.00   .1375358E-09
 22.0   13840.00   .1367877E-09
 22.0   13850.00   .1360398E-09
 22.0   13860.00   .1352919E-09
 22.0   13870.00   .1345438E-09
 22.0   13880.00   .1337960E-09
 22.0   13890.00   .1330484E-09
 22.0   13900.00   .1323007E-09
 22.0   13910.00   .1315529E-09
 22.0   13920.00   .1308054E-09
 22.0   13930.00   .1300577E-09
 22.0   13940.00   .1293099E-09
 22.0   13950.00   .1285622E-09
 22.0   13960.00   .1278145E-09
 22.0   13970.00   .1270670E-09
 22.0   13980.00   .1263192E-09
 22.0   13990.00   .1255713E-09
 22.0   14000.00   .1248236E-09
 22.0   14010.00   .1240757E-09
 22.0   14020.00   .1233279E-09
 22.0   14030.00   .1225799E-09
 22.0   14040.00   .1218318E-09
 22.0   14050.00   .1210835E-09
 22.0   14060.00   .1203352E-09
 22.0   14070.00   .1195868E-09
 22.0   14080.00   .1188384E-09
 22.0   14090.00   .1180898E-09
 22.0   14100.00   .1173411E-09
 22.0   14110.00   .1165922E-09
 22.0   14120.00   .1158433E-09
 22.0   14130.00   .1150939E-09
 22.0   14140.00   .1143446E-09
 22.0   14150.00   .1135953E-09
 22.0   14160.00   .1128455E-09
 22.0   14170.00   .1120958E-09
 22.0   14180.00   .1113457E-09
 22.0   14190.00   .1105954E-09
 22.0   14200.00   .1098450E-09
 22.0   14210.00   .1090944E-09
 22.0   14220.00   .1083435E-09
 22.0   14230.00   .1075925E-09
 22.0   14240.00   .1068413E-09
 22.0   14250.00   .1060896E-09
 22.0   14260.00   .1053379E-09
 22.0   14270.00   .1045858E-09
 22.0   14280.00   .1038334E-09
 22.0   14290.00   .1030809E-09
 22.0   14300.00   .1023281E-09
 22.0   14310.00   .1015749E-09
 22.0   14320.00   .1008216E-09
 22.0   14330.00   .1000679E-09
 22.0   14340.00   .9931381E-10
 22.0   14350.00   .9855941E-10
 22.0   14360.00   .9780484E-10
 22.0   14370.00   .9704972E-10
 22.0   14380.00   .9629450E-10
 22.0   14390.00   .9553873E-10
 22.0   14400.00   .9478291E-10
 22.0   14410.00   .9402638E-10
 22.0   14420.00   .9326970E-10
 22.0   14430.00   .9251261E-10
 22.0   14440.00   .9175527E-10
 22.0   14450.00   .9099735E-10
 22.0   14460.00   .9023917E-10
 22.0   14470.00   .8948047E-10
 22.0   14480.00   .8872165E-10
 22.0   14490.00   .8796214E-10
 22.0   14500.00   .8720241E-10
 22.0   14510.00   .8644214E-10
 22.0   14520.00   .8568149E-10
 22.0   14530.00   .8492043E-10
 22.0   14540.00   .8415888E-10
 22.0   14550.00   .8339693E-10
 22.0   14560.00   .8263455E-10
 22.0   14570.00   .8187175E-10
 22.0   14580.00   .8110843E-10
 22.0   14590.00   .8034467E-10
 22.0   14600.00   .7958047E-10
 22.0   14610.00   .7881565E-10
 22.0   14620.00   .7805051E-10
 22.0   14630.00   .7728486E-10
 22.0   14640.00   .7651865E-10
 22.0   14650.00   .7575203E-10
 22.0   14660.00   .7498487E-10
 22.0   14670.00   .7421715E-10
 22.0   14680.00   .7344896E-10
 22.0   14690.00   .7268023E-10
 22.0   14700.00   .7191100E-10
 22.0   14710.00   .7114120E-10
 22.0   14720.00   .7037095E-10
 22.0   14730.00   .6960003E-10
 22.0   14740.00   .6882864E-10
 22.0   14750.00   .6805673E-10
 22.0   14760.00   .6728420E-10
 22.0   14770.00   .6651116E-10
 22.0   14780.00   .6573755E-10
 22.0   14790.00   .6496329E-10
 22.0   14800.00   .6418858E-10
 22.0   14810.00   .6341324E-10
 22.0   14820.00   .6263724E-10
 22.0   14830.00   .6186071E-10
 22.0   14840.00   .6108359E-10
 22.0   14850.00   .6030579E-10
 22.0   14860.00   .5952746E-10
 22.0   14870.00   .5874855E-10
 22.0   14880.00   .5796898E-10
 22.0   14890.00   .5718880E-10
 22.0   14900.00   .5640803E-10
 22.0   14910.00   .5562665E-10
 22.0   14920.00   .5484454E-10
 22.0   14930.00   .5406185E-10
 22.0   14940.00   .5327850E-10
 22.0   14950.00   .5249454E-10
 22.0   14960.00   .5170991E-10
 22.0   14970.00   .5092464E-10
 22.0   14980.00   .5013873E-10
 22.0   14990.00   .4935211E-10
 22.0   15000.00   .4856485E-10
 22.0   15010.00   .4858678E-10
 22.0   15020.00   .4860880E-10
 22.0   15030.00   .4863085E-10
 22.0   15040.00   .4865298E-10
 22.0   15050.00   .4867515E-10
 22.0   15060.00   .4869742E-10
 22.0   15070.00   .4871970E-10
 22.0   15080.00   .4874205E-10
 22.0   15090.00   .4876448E-10
 22.0   15100.00   .4878695E-10
 22.0   15110.00   .4880946E-10
 22.0   15120.00   .4883201E-10
 22.0   15130.00   .4885467E-10
 22.0   15140.00   .4887733E-10
 22.0   15150.00   .4890008E-10
 22.0   15160.00   .4892288E-10
 22.0   15170.00   .4894571E-10
 22.0   15180.00   .4896858E-10
 22.0   15190.00   .4899152E-10
 22.0   15200.00   .4901452E-10
 22.0   15210.00   .4903756E-10
 22.0   15220.00   .4906065E-10
 22.0   15230.00   .4908378E-10
 22.0   15240.00   .4910693E-10
 22.0   15250.00   .4913014E-10
 22.0   15260.00   .4915342E-10
 22.0   15270.00   .4917672E-10
 22.0   15280.00   .4920003E-10
 22.0   15290.00   .4922344E-10
 22.0   15300.00   .4924688E-10
 22.0   15310.00   .4927035E-10
 22.0   15320.00   .4929384E-10
 22.0   15330.00   .4931739E-10
 22.0   15340.00   .4934100E-10
 22.0   15350.00   .4936459E-10
 22.0   15360.00   .4938822E-10
 22.0   15370.00   .4941193E-10
 22.0   15380.00   .4943567E-10
 22.0   15390.00   .4945939E-10
 22.0   15400.00   .4948321E-10
 22.0   15410.00   .4950705E-10
 22.0   15420.00   .4953089E-10
 22.0   15430.00   .4955478E-10
 22.0   15440.00   .4957869E-10
 22.0   15450.00   .4960262E-10
 22.0   15460.00   .4962663E-10
 22.0   15470.00   .4965061E-10
 22.0   15480.00   .4967461E-10
 22.0   15490.00   .4969870E-10
 22.0   15500.00   .4972278E-10
 22.0   15510.00   .4974686E-10
 22.0   15520.00   .4977098E-10
 22.0   15530.00   .4979514E-10
 22.0   15540.00   .4981935E-10
 22.0   15550.00   .4984349E-10
 22.0   15560.00   .4986772E-10
 22.0   15570.00   .4989196E-10
 22.0   15580.00   .4991617E-10
 22.0   15590.00   .4994047E-10
 22.0   15600.00   .4996476E-10
 22.0   15610.00   .4998905E-10
 22.0   15620.00   .5001339E-10
 22.0   15630.00   .5003768E-10
 22.0   15640.00   .5006204E-10
 22.0   15650.00   .5008641E-10
 22.0   15660.00   .5011077E-10
 22.0   15670.00   .5013513E-10
 22.0   15680.00   .5015955E-10
 22.0   15690.00   .5018396E-10
 22.0   15700.00   .5020836E-10
 22.0   15710.00   .5023275E-10
 22.0   15720.00   .5025719E-10
 22.0   15730.00   .5028163E-10
 22.0   15740.00   .5030607E-10
 22.0   15750.00   .5033049E-10
 22.0   15760.00   .5035494E-10
 22.0   15770.00   .5037942E-10
 22.0   15780.00   .5040385E-10
 22.0   15790.00   .5042828E-10
 22.0   15800.00   .5045274E-10
 22.0   15810.00   .5047721E-10
 22.0   15820.00   .5050168E-10
 22.0   15830.00   .5052611E-10
 22.0   15840.00   .5055058E-10
 22.0   15850.00   .5057500E-10
 22.0   15860.00   .5059943E-10
 22.0   15870.00   .5062388E-10
 22.0   15880.00   .5064830E-10
 22.0   15890.00   .5067274E-10
 22.0   15900.00   .5069715E-10
 22.0   15910.00   .5072152E-10
 22.0   15920.00   .5074594E-10
 22.0   15930.00   .5077034E-10
 22.0   15940.00   .5079470E-10
 22.0   15950.00   .5081911E-10
 22.0   15960.00   .5084342E-10
 22.0   15970.00   .5086775E-10
 22.0   15980.00   .5089203E-10
 22.0   15990.00   .5091637E-10
 22.0   16000.00   .5094066E-10
 22.0   16010.00   .5096495E-10
 22.0   16020.00   .5098920E-10
 22.0   16030.00   .5101343E-10
 22.0   16040.00   .5103766E-10
 22.0   16050.00   .5106186E-10
 22.0   16060.00   .5108602E-10
 22.0   16070.00   .5111016E-10
 22.0   16080.00   .5113432E-10
 22.0   16090.00   .5115843E-10
 22.0   16100.00   .5118249E-10
 22.0   16110.00   .5120652E-10
 22.0   16120.00   .5123057E-10
 22.0   16130.00   .5125457E-10
 22.0   16140.00   .5127853E-10
 22.0   16150.00   .5130248E-10
 22.0   16160.00   .5132641E-10
 22.0   16170.00   .5135029E-10
 22.0   16180.00   .5137412E-10
 22.0   16190.00   .5139793E-10
 22.0   16200.00   .5142172E-10
 22.0   16210.00   .5144550E-10
 22.0   16220.00   .5146924E-10
 22.0   16230.00   .5149288E-10
 22.0   16240.00   .5151655E-10
 22.0   16250.00   .5154016E-10
 22.0   16260.00   .5155077E-10
 22.0   16270.00   .5156141E-10
 22.0   16280.00   .5157198E-10
 22.0   16290.00   .5158255E-10
 22.0   16300.00   .5159301E-10
 22.0   16310.00   .5160350E-10
 22.0   16320.00   .5161399E-10
 22.0   16330.00   .5162444E-10
 22.0   16340.00   .5163481E-10
 22.0   16350.00   .5164515E-10
 22.0   16360.00   .5165547E-10
 22.0   16370.00   .5166573E-10
 22.0   16380.00   .5167602E-10
 22.0   16390.00   .5168621E-10
 22.0   16400.00   .5169638E-10
 22.0   16410.00   .5170651E-10
 22.0   16420.00   .5171659E-10
 22.0   16430.00   .5172664E-10
 22.0   16440.00   .5173663E-10
 22.0   16450.00   .5174659E-10
 22.0   16460.00   .5175653E-10
 22.0   16470.00   .5176639E-10
 22.0   16480.00   .5177622E-10
 22.0   16490.00   .5178601E-10
 22.0   16500.00   .5179575E-10
 22.0   16510.00   .5180541E-10
 22.0   16520.00   .5181504E-10
 22.0   16530.00   .5182463E-10
 22.0   16540.00   .5183417E-10
 22.0   16550.00   .5184364E-10
 22.0   16560.00   .5185308E-10
 22.0   16570.00   .5186248E-10
 22.0   16580.00   .5187178E-10
 22.0   16590.00   .5188105E-10
 22.0   16600.00   .5189026E-10
 22.0   16610.00   .5189946E-10
 22.0   16620.00   .5190848E-10
 22.0   16630.00   .5191754E-10
 22.0   16640.00   .5192652E-10
 22.0   16650.00   .5193541E-10
 22.0   16660.00   .5194426E-10
 22.0   16670.00   .5195305E-10
 22.0   16680.00   .5196178E-10
 22.0   16690.00   .5197044E-10
 22.0   16700.00   .5197906E-10
 22.0   16710.00   .5198757E-10
 22.0   16720.00   .5199605E-10
 22.0   16730.00   .5200443E-10
 22.0   16740.00   .5201274E-10
 22.0   16750.00   .5202104E-10
 22.0   16760.00   .5202920E-10
 22.0   16770.00   .5203732E-10
 22.0   16780.00   .5204535E-10
 22.0   16790.00   .5205334E-10
 22.0   16800.00   .5206122E-10
 22.0   16810.00   .5206905E-10
 22.0   16820.00   .5207680E-10
 22.0   16830.00   .5208448E-10
 22.0   16840.00   .5209210E-10
 22.0   16850.00   .5209960E-10
 22.0   16860.00   .5210704E-10
 22.0   16870.00   .5211442E-10
 22.0   16880.00   .5212171E-10
 22.0   16890.00   .5212898E-10
 22.0   16900.00   .5213607E-10
 22.0   16910.00   .5214320E-10
 22.0   16920.00   .5215018E-10
 22.0   16930.00   .5215714E-10
 22.0   16940.00   .5216400E-10
 22.0   16950.00   .5217076E-10
 22.0   16960.00   .5217749E-10
 22.0   16970.00   .5218415E-10
 22.0   16980.00   .5219073E-10
 22.0   16990.00   .5219723E-10
 22.0   17000.00   .5220364E-10
 22.0   17010.00   .5221000E-10
 22.0   17020.00   .5221629E-10
 22.0   17030.00   .5222253E-10
 22.0   17040.00   .5222865E-10
 22.0   17050.00   .5223473E-10
 22.0   17060.00   .5224074E-10
 22.0   17070.00   .5224666E-10
 22.0   17080.00   .5225250E-10
 22.0   17090.00   .5225832E-10
 22.0   17100.00   .5226406E-10
 22.0   17110.00   .5226967E-10
 22.0   17120.00   .5227525E-10
 22.0   17130.00   .5228077E-10
 22.0   17140.00   .5228622E-10
 22.0   17150.00   .5229160E-10
 22.0   17160.00   .5229692E-10
 22.0   17170.00   .5230214E-10
 22.0   17180.00   .5230733E-10
 22.0   17190.00   .5231242E-10
 22.0   17200.00   .5231745E-10
 22.0   17210.00   .5232240E-10
 22.0   17220.00   .5232730E-10
 22.0   17230.00   .5233212E-10
 22.0   17240.00   .5233687E-10
 22.0   17250.00   .5234158E-10
 22.0   17260.00   .5234622E-10
 22.0   17270.00   .5235075E-10
 22.0   17280.00   .5235525E-10
 22.0   17290.00   .5235964E-10
 22.0   17300.00   .5236403E-10
 22.0   17310.00   .5236833E-10
 22.0   17320.00   .5237254E-10
 22.0   17330.00   .5237669E-10
 22.0   17340.00   .5238080E-10
 22.0   17350.00   .5238485E-10
 22.0   17360.00   .5238875E-10
 22.0   17370.00   .5239264E-10
 22.0   17380.00   .5239647E-10
 22.0   17390.00   .5240027E-10
 22.0   17400.00   .5240394E-10
 22.0   17410.00   .5240761E-10
 22.0   17420.00   .5241111E-10
 22.0   17430.00   .5241469E-10
 22.0   17440.00   .5241812E-10
 22.0   17450.00   .5242154E-10
 22.0   17460.00   .5242482E-10
 22.0   17470.00   .5242806E-10
 22.0   17480.00   .5243123E-10
 22.0   17490.00   .5243439E-10
 22.0   17500.00   .5243742E-10
 22.0   17510.00   .5244043E-10
 22.0   17520.00   .5244337E-10
 22.0   17530.00   .5244624E-10
 22.0   17540.00   .5244903E-10
 22.0   17550.00   .5245180E-10
 22.0   17560.00   .5245450E-10
 22.0   17570.00   .5245706E-10
 22.0   17580.00   .5245966E-10
 22.0   17590.00   .5246214E-10
 22.0   17600.00   .5246459E-10
 22.0   17610.00   .5246696E-10
 22.0   17620.00   .5246931E-10
 22.0   17630.00   .5247152E-10
 22.0   17640.00   .5247371E-10
 22.0   17650.00   .5247585E-10
 22.0   17660.00   .5247792E-10
 22.0   17670.00   .5247996E-10
 22.0   17680.00   .5248191E-10
 22.0   17690.00   .5248377E-10
 22.0   17700.00   .5248563E-10
 22.0   17710.00   .5248737E-10
 22.0   17720.00   .5248913E-10
 22.0   17730.00   .5249079E-10
 22.0   17740.00   .5249235E-10
 22.0   17750.00   .5249390E-10
 22.0   17760.00   .5249536E-10
 22.0   17770.00   .5249681E-10
 22.0   17780.00   .5249814E-10
 22.0   17790.00   .5249945E-10
 22.0   17800.00   .5250074E-10
 22.0   17810.00   .5250186E-10
 22.0   17820.00   .5250299E-10
 22.0   17830.00   .5250410E-10
 22.0   17840.00   .5250511E-10
 22.0   17850.00   .5250611E-10
 22.0   17860.00   .5250701E-10
 22.0   17870.00   .5250781E-10
 22.0   17880.00   .5250859E-10
 22.0   17890.00   .5250936E-10
 22.0   17900.00   .5250999E-10
 22.0   17910.00   .5251065E-10
 22.0   17920.00   .5251121E-10
 22.0   17930.00   .5251166E-10
 22.0   17940.00   .5251217E-10
 22.0   17950.00   .5251259E-10
 22.0   17960.00   .5251290E-10
 22.0   17970.00   .5251320E-10
 22.0   17980.00   .5251346E-10
 22.0   17990.00   .5251361E-10
 22.0   18000.00   .5251373E-10
 22.0   18010.00   .5236534E-10
 22.0   18020.00   .5221694E-10
 22.0   18030.00   .5206843E-10
 22.0   18040.00   .5191992E-10
 22.0   18050.00   .5177131E-10
 22.0   18060.00   .5162266E-10
 22.0   18070.00   .5147401E-10
 22.0   18080.00   .5132529E-10
 22.0   18090.00   .5117649E-10
 22.0   18100.00   .5102768E-10
 22.0   18110.00   .5087874E-10
 22.0   18120.00   .5072979E-10
 22.0   18130.00   .5058084E-10
 22.0   18140.00   .5043182E-10
 22.0   18150.00   .5028272E-10
 22.0   18160.00   .5013364E-10
 22.0   18170.00   .4998447E-10
 22.0   18180.00   .4983524E-10
 22.0   18190.00   .4968604E-10
 22.0   18200.00   .4953669E-10
 22.0   18210.00   .4938735E-10
 22.0   18220.00   .4923798E-10
 22.0   18230.00   .4908857E-10
 22.0   18240.00   .4893910E-10
 22.0   18250.00   .4878961E-10
 22.0   18260.00   .4864005E-10
 22.0   18270.00   .4849048E-10
 22.0   18280.00   .4834086E-10
 22.0   18290.00   .4819122E-10
 22.0   18300.00   .4804150E-10
 22.0   18310.00   .4789179E-10
 22.0   18320.00   .4774204E-10
 22.0   18330.00   .4759223E-10
 22.0   18340.00   .4744241E-10
 22.0   18350.00   .4729251E-10
 22.0   18360.00   .4714264E-10
 22.0   18370.00   .4699267E-10
 22.0   18380.00   .4684271E-10
 22.0   18390.00   .4669267E-10
 22.0   18400.00   .4654266E-10
 22.0   18410.00   .4639264E-10
 22.0   18420.00   .4624252E-10
 22.0   18430.00   .4609239E-10
 22.0   18440.00   .4594226E-10
 22.0   18450.00   .4579209E-10
 22.0   18460.00   .4564187E-10
 22.0   18470.00   .4549164E-10
 22.0   18480.00   .4534137E-10
 22.0   18490.00   .4519108E-10
 22.0   18500.00   .4504076E-10
 22.0   18510.00   .4489043E-10
 22.0   18520.00   .4474006E-10
 22.0   18530.00   .4458966E-10
 22.0   18540.00   .4443922E-10
 22.0   18550.00   .4428882E-10
 22.0   18560.00   .4413834E-10
 22.0   18570.00   .4398789E-10
 22.0   18580.00   .4383738E-10
 22.0   18590.00   .4368685E-10
 22.0   18600.00   .4353628E-10
 22.0   18610.00   .4338572E-10
 22.0   18620.00   .4323514E-10
 22.0   18630.00   .4308455E-10
 22.0   18640.00   .4293391E-10
 22.0   18650.00   .4278329E-10
 22.0   18660.00   .4263261E-10
 22.0   18670.00   .4248196E-10
 22.0   18680.00   .4233127E-10
 22.0   18690.00   .4218055E-10
 22.0   18700.00   .4202980E-10
 22.0   18710.00   .4187909E-10
 22.0   18720.00   .4172834E-10
 22.0   18730.00   .4157759E-10
 22.0   18740.00   .4142679E-10
 22.0   18750.00   .4127598E-10
 22.0   18760.00   .4112518E-10
 22.0   18770.00   .4097435E-10
 22.0   18780.00   .4082354E-10
 22.0   18790.00   .4067270E-10
 22.0   18800.00   .4052187E-10
 22.0   18810.00   .4037097E-10
 22.0   18820.00   .4022014E-10
 22.0   18830.00   .4006923E-10
 22.0   18840.00   .3991838E-10
 22.0   18850.00   .3976743E-10
 22.0   18860.00   .3961656E-10
 22.0   18870.00   .3946562E-10
 22.0   18880.00   .3931470E-10
 22.0   18890.00   .3916378E-10
 22.0   18900.00   .3901285E-10
 22.0   18910.00   .3886194E-10
 22.0   18920.00   .3871099E-10
 22.0   18930.00   .3856004E-10
 22.0   18940.00   .3840909E-10
 22.0   18950.00   .3825812E-10
 22.0   18960.00   .3810715E-10
 22.0   18970.00   .3795622E-10
 22.0   18980.00   .3780525E-10
 22.0   18990.00   .3765430E-10
 22.0   19000.00   .3750333E-10
 22.0   19010.00   .3735238E-10
 22.0   19020.00   .3720139E-10
 22.0   19030.00   .3705040E-10
 22.0   19040.00   .3689948E-10
 22.0   19050.00   .3674852E-10
 22.0   19060.00   .3659751E-10
 22.0   19070.00   .3644658E-10
 22.0   19080.00   .3629559E-10
 22.0   19090.00   .3614466E-10
 22.0   19100.00   .3599371E-10
 22.0   19110.00   .3584275E-10
 22.0   19120.00   .3569179E-10
 22.0   19130.00   .3554083E-10
 22.0   19140.00   .3538990E-10
 22.0   19150.00   .3523897E-10
 22.0   19160.00   .3508804E-10
 22.0   19170.00   .3493712E-10
 22.0   19180.00   .3478619E-10
 22.0   19190.00   .3463530E-10
 22.0   19200.00   .3448440E-10
 22.0   19210.00   .3433348E-10
 22.0   19220.00   .3418260E-10
 22.0   19230.00   .3403172E-10
 22.0   19240.00   .3388085E-10
 22.0   19250.00   .3372996E-10
 22.0   19260.00   .3357910E-10
 22.0   19270.00   .3342826E-10
 22.0   19280.00   .3327744E-10
 22.0   19290.00   .3312662E-10
 22.0   19300.00   .3297579E-10
 22.0   19310.00   .3282501E-10
 22.0   19320.00   .3267424E-10
 22.0   19330.00   .3252345E-10
 22.0   19340.00   .3237267E-10
 22.0   19350.00   .3222194E-10
 22.0   19360.00   .3207118E-10
 22.0   19370.00   .3192044E-10
 22.0   19380.00   .3176972E-10
 22.0   19390.00   .3161904E-10
 22.0   19400.00   .3146835E-10
 22.0   19410.00   .3131769E-10
 22.0   19420.00   .3116703E-10
 22.0   19430.00   .3101637E-10
 22.0   19440.00   .3086575E-10
 22.0   19450.00   .3071517E-10
 22.0   19460.00   .3056456E-10
 22.0   19470.00   .3041399E-10
 22.0   19480.00   .3026343E-10
 22.0   19490.00   .3011291E-10
 22.0   19500.00   .2996237E-10
 22.0   19510.00   .2981188E-10
 22.0   19520.00   .2966138E-10
 22.0   19530.00   .2951092E-10
 22.0   19540.00   .2936048E-10
 22.0   19550.00   .2921005E-10
 22.0   19560.00   .2905965E-10
 22.0   19570.00   .2890926E-10
 22.0   19580.00   .2875891E-10
 22.0   19590.00   .2860856E-10
 22.0   19600.00   .2845824E-10
 22.0   19610.00   .2830791E-10
 22.0   19620.00   .2815764E-10
 22.0   19630.00   .2800740E-10
 22.0   19640.00   .2785714E-10
 22.0   19650.00   .2770695E-10
 22.0   19660.00   .2755677E-10
 22.0   19670.00   .2740661E-10
 22.0   19680.00   .2725645E-10
 22.0   19690.00   .2710633E-10
 22.0   19700.00   .2695627E-10
 22.0   19710.00   .2680621E-10
 22.0   19720.00   .2665617E-10
 22.0   19730.00   .2650616E-10
 22.0   19740.00   .2635620E-10
 22.0   19750.00   .2620621E-10
 22.0   19760.00   .2605628E-10
 22.0   19770.00   .2590639E-10
 22.0   19780.00   .2575651E-10
 22.0   19790.00   .2560667E-10
 22.0   19800.00   .2545686E-10
 22.0   19810.00   .2530708E-10
 22.0   19820.00   .2515733E-10
 22.0   19830.00   .2500759E-10
 22.0   19840.00   .2485790E-10
 22.0   19850.00   .2470823E-10
 22.0   19860.00   .2455861E-10
 22.0   19870.00   .2440900E-10
 22.0   19880.00   .2425944E-10
 22.0   19890.00   .2410989E-10
 22.0   19900.00   .2396037E-10
 22.0   19910.00   .2381090E-10
 22.0   19920.00   .2366145E-10
 22.0   19930.00   .2351206E-10
 22.0   19940.00   .2336266E-10
 22.0   19950.00   .2321332E-10
 22.0   19960.00   .2306405E-10
 22.0   19970.00   .2291475E-10
 22.0   19980.00   .2276552E-10
 22.0   19990.00   .2261630E-10
 22.0   20000.00   .2246714E-10
 22.0   20010.00   .2231800E-10
 22.0   20020.00   .2216891E-10
 22.0   20030.00   .2201983E-10
 22.0   20040.00   .2187081E-10
 22.0   20050.00   .2172179E-10
 22.0   20060.00   .2157285E-10
 22.0   20070.00   .2142393E-10
 22.0   20080.00   .2127505E-10
 22.0   20090.00   .2112620E-10
 22.0   20100.00   .2097739E-10
 22.0   20110.00   .2097450E-10
 22.0   20120.00   .2097164E-10
 22.0   20130.00   .2096876E-10
 22.0   20140.00   .2096588E-10
 22.0   20150.00   .2096299E-10
 22.0   20160.00   .2096011E-10
 22.0   20170.00   .2095721E-10
 22.0   20180.00   .2095435E-10
 22.0   20190.00   .2095142E-10
 22.0   20200.00   .2094855E-10
 22.0   20210.00   .2094567E-10
 22.0   20220.00   .2094276E-10
 22.0   20230.00   .2093986E-10
 22.0   20240.00   .2093697E-10
 22.0   20250.00   .2093406E-10
 22.0   20260.00   .2093116E-10
 22.0   20270.00   .2092828E-10
 22.0   20280.00   .2092537E-10
 22.0   20290.00   .2092249E-10
 22.0   20300.00   .2091959E-10
 22.0   20310.00   .2091670E-10
 22.0   20320.00   .2091381E-10
 22.0   20330.00   .2091091E-10
 22.0   20340.00   .2090799E-10
 22.0   20350.00   .2090512E-10
 22.0   20360.00   .2090222E-10
 22.0   20370.00   .2089933E-10
 22.0   20380.00   .2089646E-10
 22.0   20390.00   .2089357E-10
 22.0   20400.00   .2089067E-10
 22.0   20410.00   .2088779E-10
 22.0   20420.00   .2088490E-10
 22.0   20430.00   .2088204E-10
 22.0   20440.00   .2087916E-10
 22.0   20450.00   .2087629E-10
 22.0   20460.00   .2087341E-10
 22.0   20470.00   .2087055E-10
 22.0   20480.00   .2086769E-10
 22.0   20490.00   .2086483E-10
 22.0   20500.00   .2086196E-10
 22.0   20510.00   .2085909E-10
 22.0   20520.00   .2085625E-10
 22.0   20530.00   .2085339E-10
 22.0   20540.00   .2085055E-10
 22.0   20550.00   .2084773E-10
 22.0   20560.00   .2084488E-10
 22.0   20570.00   .2084203E-10
 22.0   20580.00   .2083922E-10
 22.0   20590.00   .2083640E-10
 22.0   20600.00   .2083357E-10
 22.0   20610.00   .2083077E-10
 22.0   20620.00   .2082796E-10
 22.0   20630.00   .2082514E-10
 22.0   20640.00   .2082236E-10
 22.0   20650.00   .2081954E-10
 22.0   20660.00   .2081677E-10
 22.0   20670.00   .2081400E-10
 22.0   20680.00   .2081122E-10
 22.0   20690.00   .2080844E-10
 22.0   20700.00   .2080568E-10
 22.0   20710.00   .2080292E-10
 22.0   20720.00   .2080016E-10
 22.0   20730.00   .2079742E-10
 22.0   20740.00   .2079468E-10
 22.0   20750.00   .2079196E-10
 22.0   20760.00   .2078924E-10
 22.0   20770.00   .2078654E-10
 22.0   20780.00   .2078380E-10
 22.0   20790.00   .2078111E-10
 22.0   20800.00   .2077841E-10
 22.0   20810.00   .2077574E-10
 22.0   20820.00   .2077306E-10
 22.0   20830.00   .2077039E-10
 22.0   20840.00   .2076774E-10
 22.0   20850.00   .2076509E-10
 22.0   20860.00   .2076244E-10
 22.0   20870.00   .2075981E-10
 22.0   20880.00   .2075718E-10
 22.0   20890.00   .2075456E-10
 22.0   20900.00   .2075194E-10
 22.0   20910.00   .2074935E-10
 22.0   20920.00   .2074676E-10
 22.0   20930.00   .2074420E-10
 22.0   20940.00   .2074161E-10
 22.0   20950.00   .2073905E-10
 22.0   20960.00   .2073651E-10
 22.0   20970.00   .2073396E-10
 22.0   20980.00   .2073144E-10
 22.0   20990.00   .2072892E-10
 22.0   21000.00   .2072641E-10
 22.0   21010.00   .2072392E-10
 22.0   21020.00   .2072145E-10
 22.0   21030.00   .2071895E-10
 22.0   21040.00   .2071649E-10
 22.0   21050.00   .2071405E-10
 22.0   21060.00   .2071160E-10
 22.0   21070.00   .2070916E-10
 22.0   21080.00   .2070675E-10
 22.0   21090.00   .2070432E-10
 22.0   21100.00   .2070195E-10
 22.0   21110.00   .2069958E-10
 22.0   21120.00   .2069721E-10
 22.0   21130.00   .2069483E-10
 22.0   21140.00   .2069250E-10
 22.0   21150.00   .2069019E-10
 22.0   21160.00   .2068784E-10
 22.0   21170.00   .2068556E-10
 22.0   21180.00   .2068327E-10
 22.0   21190.00   .2068096E-10
 22.0   21200.00   .2067873E-10
 22.0   21210.00   .2067647E-10
 22.0   21220.00   .2067423E-10
 22.0   21230.00   .2067201E-10
 22.0   21240.00   .2066979E-10
 22.0   21250.00   .2066760E-10
 22.0   21260.00   .2066542E-10
 22.0   21270.00   .2066326E-10
 22.0   21280.00   .2066111E-10
 22.0   21290.00   .2065896E-10
 22.0   21300.00   .2065685E-10
 22.0   21310.00   .2065474E-10
 22.0   21320.00   .2065265E-10
 22.0   21330.00   .2065057E-10
 22.0   21340.00   .2064852E-10
 22.0   21350.00   .2064648E-10
 22.0   21360.00   .2064445E-10
 22.0   21370.00   .2064244E-10
 22.0   21380.00   .2064043E-10
 22.0   21390.00   .2063846E-10
 22.0   21400.00   .2063650E-10
 22.0   21410.00   .2063456E-10
 22.0   21420.00   .2063262E-10
 22.0   21430.00   .2063072E-10
 22.0   21440.00   .2062881E-10
 22.0   21450.00   .2062695E-10
 22.0   21460.00   .2062509E-10
 22.0   21470.00   .2062324E-10
 22.0   21480.00   .2062142E-10
 22.0   21490.00   .2061962E-10
 22.0   21500.00   .2061782E-10
 22.0   21510.00   .2061604E-10
 22.0   21520.00   .2061427E-10
 22.0   21530.00   .2061254E-10
 22.0   21540.00   .2061081E-10
 22.0   21550.00   .2060913E-10
 22.0   21560.00   .2060745E-10
 22.0   21570.00   .2060579E-10
 22.0   21580.00   .2060415E-10
 22.0   21590.00   .2060251E-10
 22.0   21600.00   .2060092E-10
 22.0   21610.00   .2059935E-10
 22.0   21620.00   .2059777E-10
 22.0   21630.00   .2059625E-10
 22.0   21640.00   .2059470E-10
 22.0   21650.00   .2059321E-10
 22.0   21660.00   .2059172E-10
 22.0   21670.00   .2059024E-10
 22.0   21680.00   .2058879E-10
 22.0   21690.00   .2058738E-10
 22.0   21700.00   .2058600E-10
 22.0   21710.00   .2058463E-10
 22.0   21720.00   .2058326E-10
 22.0   21730.00   .2058191E-10
 22.0   21740.00   .2058059E-10
 22.0   21750.00   .2057930E-10
 22.0   21760.00   .2057804E-10
 22.0   21770.00   .2057677E-10
 22.0   21780.00   .2057555E-10
 22.0   21790.00   .2057433E-10
 22.0   21800.00   .2057317E-10
 22.0   21810.00   .2057199E-10
 22.0   21820.00   .2057086E-10
 22.0   21830.00   .2056974E-10
 22.0   21840.00   .2056863E-10
 22.0   21850.00   .2056758E-10
 22.0   21860.00   .2056652E-10
 22.0   21870.00   .2056551E-10
 22.0   21880.00   .2056450E-10
 22.0   21890.00   .2056352E-10
 22.0   21900.00   .2056255E-10
 22.0   21910.00   .2056164E-10
 22.0   21920.00   .2056072E-10
 22.0   21930.00   .2055985E-10
 22.0   21940.00   .2055900E-10
 22.0   21950.00   .2055816E-10
 22.0   21960.00   .2055736E-10
 22.0   21970.00   .2055656E-10
 22.0   21980.00   .2055580E-10
 22.0   21990.00   .2055507E-10
 22.0   22000.00   .2055435E-10
 22.0   22010.00   .2055370E-10
 22.0   22020.00   .2055303E-10
 22.0   22030.00   .2055238E-10
 22.0   22040.00   .2055178E-10
 22.0   22050.00   .2055119E-10
 22.0   22060.00   .2055065E-10
 22.0   22070.00   .2055012E-10
 22.0   22080.00   .2054961E-10
 22.0   22090.00   .2054914E-10
 22.0   22100.00   .2054869E-10
 22.0   22110.00   .2054827E-10
 22.0   22120.00   .2054788E-10
 22.0   22130.00   .2054751E-10
 22.0   22140.00   .2054714E-10
 22.0   22150.00   .2054686E-10
 22.0   22160.00   .2054656E-10
 22.0   22170.00   .2054631E-10
 22.0   22180.00   .2054608E-10
 22.0   22190.00   .2054586E-10
 22.0   22200.00   .2054570E-10
 22.0   22210.00   .2054556E-10
 22.0   22220.00   .2054544E-10
 22.0   22230.00   .2054534E-10
 22.0   22240.00   .2054529E-10
 22.0   22250.00   .2054526E-10
 22.0   22260.00   .2054525E-10
 22.0   22270.00   .2054527E-10
 22.0   22280.00   .2054532E-10
 22.0   22290.00   .2054543E-10
 22.0   22300.00   .2054554E-10
 22.0   22310.00   .2054569E-10
 22.0   22320.00   .2054586E-10
 22.0   22330.00   .2054607E-10
 22.0   22340.00   .2054630E-10
 22.0   22350.00   .2054656E-10
 22.0   22360.00   .2054688E-10
 22.0   22370.00   .2054720E-10
 22.0   22380.00   .2054755E-10
 22.0   22390.00   .2054793E-10
 22.0   22400.00   .2054835E-10
 22.0   22410.00   .2054880E-10
 22.0   22420.00   .2054927E-10
 22.0   22430.00   .2054979E-10
 22.0   22440.00   .2055033E-10
 22.0   22450.00   .2055091E-10
 22.0   22460.00   .2055150E-10
 22.0   22470.00   .2055212E-10
 22.0   22480.00   .2055278E-10
 22.0   22490.00   .2055348E-10
 22.0   22500.00   .2055419E-10
 22.0   22510.00   .2055493E-10
 22.0   22520.00   .2055570E-10
 22.0   22530.00   .2055650E-10
 22.0   22540.00   .2055735E-10
 22.0   22550.00   .2055820E-10
 22.0   22560.00   .2055911E-10
 22.0   22570.00   .2056001E-10
 22.0   22580.00   .2056095E-10
 22.0   22590.00   .2056194E-10
 22.0   22600.00   .2056294E-10
 22.0   22610.00   .2056398E-10
 22.0   22620.00   .2056503E-10
 22.0   22630.00   .2056611E-10
 22.0   22640.00   .2056723E-10
 22.0   22650.00   .2056837E-10
 22.0   22660.00   .2056956E-10
 22.0   22670.00   .2057074E-10
 22.0   22680.00   .2057199E-10
 22.0   22690.00   .2057323E-10
 22.0   22700.00   .2057449E-10
 22.0   22710.00   .2057579E-10
 22.0   22720.00   .2057713E-10
 22.0   22730.00   .2057849E-10
 22.0   22740.00   .2057988E-10
 22.0   22750.00   .2058131E-10
 22.0   22760.00   .2058274E-10
 22.0   22770.00   .2058419E-10
 22.0   22780.00   .2058569E-10
 22.0   22790.00   .2058721E-10
 22.0   22800.00   .2058875E-10
 22.0   22810.00   .2059033E-10
 22.0   22820.00   .2059192E-10
 22.0   22830.00   .2059355E-10
 22.0   22840.00   .2059518E-10
 22.0   22850.00   .2059686E-10
 22.0   22860.00   .2059856E-10
 22.0   22870.00   .2060028E-10
 22.0   22880.00   .2060204E-10
 22.0   22890.00   .2060380E-10
 22.0   22900.00   .2060559E-10
 22.0   22910.00   .2060741E-10
 22.0   22920.00   .2060925E-10
 22.0   22930.00   .2061112E-10
 22.0   22940.00   .2061300E-10
 22.0   22950.00   .2061492E-10
 22.0   22960.00   .2061690E-10
 22.0   22970.00   .2061886E-10
 22.0   22980.00   .2062087E-10
 22.0   22990.00   .2062285E-10
 22.0   23000.00   .2062490E-10
 22.0   23010.00   .2062695E-10
 22.0   23020.00   .2062905E-10
 22.0   23030.00   .2063115E-10
 22.0   23040.00   .2063328E-10
 22.0   23050.00   .2063543E-10
 22.0   23060.00   .2063762E-10
 22.0   23070.00   .2063983E-10
 22.0   23080.00   .2064203E-10
 22.0   23090.00   .2064430E-10
 22.0   23100.00   .2064655E-10
 22.0   23110.00   .2064884E-10
 22.0   23120.00   .2065115E-10
 22.0   23130.00   .2065348E-10
 22.0   23140.00   .2065585E-10
 22.0   23150.00   .2065823E-10
 22.0   23160.00   .2066064E-10
 22.0   23170.00   .2066306E-10
 22.0   23180.00   .2066551E-10
 22.0   23190.00   .2066797E-10
 22.0   23200.00   .2067045E-10
 22.0   23210.00   .2067297E-10
 22.0   23220.00   .2067549E-10
 22.0   23230.00   .2067805E-10
 22.0   23240.00   .2068063E-10
 22.0   23250.00   .2068322E-10
 22.0   23260.00   .2068584E-10
 22.0   23270.00   .2068847E-10
 22.0   23280.00   .2069113E-10
 22.0   23290.00   .2069380E-10
 22.0   23300.00   .2069650E-10
 22.0   23310.00   .2069921E-10
 22.0   23320.00   .2070196E-10
 22.0   23330.00   .2070471E-10
 22.0   23340.00   .2070751E-10
 22.0   23350.00   .2071028E-10
 22.0   23360.00   .2071311E-10
 22.0   23370.00   .2071596E-10
 22.0   23380.00   .2071880E-10
 22.0   23390.00   .2072167E-10
 22.0   23400.00   .2072458E-10
 22.0   23410.00   .2072750E-10
 22.0   23420.00   .2073042E-10
 22.0   23430.00   .2073336E-10
 22.0   23440.00   .2073634E-10
 22.0   23450.00   .2073932E-10
 22.0   23460.00   .2074234E-10
 22.0   23470.00   .2074537E-10
 22.0   23480.00   .2074840E-10
 22.0   23490.00   .2075149E-10
 22.0   23500.00   .2075455E-10
 22.0   23510.00   .2075766E-10
 22.0   23520.00   .2076076E-10
 22.0   23530.00   .2076390E-10
 22.0   23540.00   .2076707E-10
 22.0   23550.00   .2077023E-10
 22.0   23560.00   .2077341E-10
 22.0   23570.00   .2077663E-10
 22.0   23580.00   .2077985E-10
 22.0   23590.00   .2078309E-10
 22.0   23600.00   .2078633E-10
 22.0   23610.00   .2078961E-10
 22.0   23620.00   .2079292E-10
 22.0   23630.00   .2079620E-10
 22.0   23640.00   .2079952E-10
 22.0   23650.00   .2080287E-10
 22.0   23660.00   .2080623E-10
 22.0   23670.00   .2080961E-10
 22.0   23680.00   .2081299E-10
 22.0   23690.00   .2081639E-10
 22.0   23700.00   .2081981E-10
 22.0   23710.00   .2082326E-10
 22.0   23720.00   .2082671E-10
 22.0   23730.00   .2083019E-10
 22.0   23740.00   .2083366E-10
 22.0   23750.00   .2083715E-10
 22.0   23760.00   .2084066E-10
 22.0   23770.00   .2084420E-10
 22.0   23780.00   .2084774E-10
 22.0   23790.00   .2085130E-10
 22.0   23800.00   .2085488E-10
 22.0   23810.00   .2085846E-10
 22.0   23820.00   .2086206E-10
 22.0   23830.00   .2086568E-10
 22.0   23840.00   .2086932E-10
 22.0   23850.00   .2087295E-10
 22.0   23860.00   .2087663E-10
 22.0   23870.00   .2088028E-10
 22.0   23880.00   .2088398E-10
 22.0   23890.00   .2088768E-10
 22.0   23900.00   .2089138E-10
 22.0   23910.00   .2089510E-10
 22.0   23920.00   .2089886E-10
 22.0   23930.00   .2090263E-10
 22.0   23940.00   .2090641E-10
 22.0   23950.00   .2091018E-10
 22.0   23960.00   .2091399E-10
 22.0   23970.00   .2091779E-10
 22.0   23980.00   .2092161E-10
 22.0   23990.00   .2092543E-10
 22.0   24000.00   .2092928E-10
 22.0   24010.00   .2093315E-10
 22.0   24020.00   .2093701E-10
 22.0   24030.00   .2094089E-10
 22.0   24040.00   .2094480E-10
 22.0   24050.00   .2094869E-10
 22.0   24060.00   .2095261E-10
 22.0   24070.00   .2095655E-10
 22.0   24080.00   .2096049E-10
 22.0   24090.00   .2096445E-10
 22.0   24100.00   .2096842E-10
 22.0   24110.00   .2097238E-10
 22.0   24120.00   .2097638E-10
 22.0   24130.00   .2098038E-10
 22.0   24140.00   .2098438E-10
 22.0   24150.00   .2098841E-10
 22.0   24160.00   .2099245E-10
 22.0   24170.00   .2099650E-10
 22.0   24180.00   .2100055E-10
 22.0   24190.00   .2100462E-10
 22.0   24200.00   .2100868E-10
 22.0   24210.00   .2101277E-10
 22.0   24220.00   .2101685E-10
 22.0   24230.00   .2102096E-10
 22.0   24240.00   .2102509E-10
 22.0   24250.00   .2102920E-10
 22.0   24260.00   .2103332E-10
 22.0   24270.00   .2103746E-10
 22.0   24280.00   .2104163E-10
 22.0   24290.00   .2104579E-10
 22.0   24300.00   .2104998E-10
 22.0   24310.00   .2105414E-10
 22.0   24320.00   .2105834E-10
 22.0   24330.00   .2106253E-10
 22.0   24340.00   .2106673E-10
 22.0   24350.00   .2107096E-10
 22.0   24360.00   .2107519E-10
 22.0   24370.00   .2107940E-10
 22.0   24380.00   .2108362E-10
 22.0   24390.00   .2108790E-10
 22.0   24400.00   .2109216E-10
 22.0   24410.00   .2109642E-10
 22.0   24420.00   .2110070E-10
 22.0   24430.00   .2110496E-10
 22.0   24440.00   .2110924E-10
 22.0   24450.00   .2111356E-10
 22.0   24460.00   .2111782E-10
 22.0   24470.00   .2112216E-10
 22.0   24480.00   .2112648E-10
 22.0   24490.00   .2113080E-10
 22.0   24500.00   .2113514E-10
 22.0   24510.00   .2113947E-10
 22.0   24520.00   .2114380E-10
 22.0   24530.00   .2114817E-10
 22.0   24540.00   .2115253E-10
 22.0   24550.00   .2115687E-10
 22.0   24560.00   .2116123E-10
 22.0   24570.00   .2116562E-10
 22.0   24580.00   .2116999E-10
 22.0   24590.00   .2117439E-10
 22.0   24600.00   .2117880E-10
 22.0   24610.00   .2118316E-10
 22.0   24620.00   .2118759E-10
 22.0   24630.00   .2119198E-10
 22.0   24640.00   .2119642E-10
 22.0   24650.00   .2120084E-10
 22.0   24660.00   .2120526E-10
 22.0   24670.00   .2120969E-10
 22.0   24680.00   .2121411E-10
 22.0   24690.00   .2121854E-10
 22.0   24700.00   .2122299E-10
 22.0   24710.00   .2122745E-10
 22.0   24720.00   .2123188E-10
 22.0   24730.00   .2123634E-10
 22.0   24740.00   .2124082E-10
 22.0   24750.00   .2124526E-10
 22.0   24760.00   .2124975E-10
 22.0   24770.00   .2125421E-10
 22.0   24780.00   .2125870E-10
 22.0   24790.00   .2126318E-10
 22.0   24800.00   .2126766E-10
 22.0   24810.00   .2127215E-10
 22.0   24820.00   .2127662E-10
 22.0   24830.00   .2128112E-10
 22.0   24840.00   .2128561E-10
 22.0   24850.00   .2129012E-10
 22.0   24860.00   .2129461E-10
 22.0   24870.00   .2129910E-10
 22.0   24880.00   .2130364E-10
 22.0   24890.00   .2130814E-10
 22.0   24900.00   .2131264E-10
 22.0   24910.00   .2131717E-10
 22.0   24920.00   .2132168E-10
 22.0   24930.00   .2132620E-10
 22.0   24940.00   .2133071E-10
 22.0   24950.00   .2133522E-10
 22.0   24960.00   .2133975E-10
 22.0   24970.00   .2134428E-10
 22.0   24980.00   .2134879E-10
 22.0   24990.00   .2135330E-10
 22.0   25000.00   .2135784E-10
