100 .3023882E-15
101 .1165352E-14
102 .3139036E-14
103 .6937185E-14
104 .1348007E-13
105 .2389761E-13
106 .3952128E-13
107 .6186350E-13
108 .9258394E-13
109 .1334425E-12
110 .1862395E-12
111 .2527440E-12
112 .3346121E-12
113 .4332968E-12
114 .5499537E-12
115 .6853447E-12
116 .8397437E-12
117 .1012849E-11
118 .1203711E-11
119 .1410666E-11
120 .1631304E-11
121 .1862447E-11
122 .2100171E-11
123 .2339849E-11
124 .2576232E-11
125 .2803564E-11
126 .3016314E-11
127 .3211370E-11
128 .3386891E-11
129 .3541805E-11
130 .3675799E-11
131 .3789270E-11
132 .3883261E-11
133 .3959382E-11
134 .4019734E-11
135 .4066817E-11
136 .4103448E-11
137 .4132687E-11
138 .4157728E-11
139 .4180549E-11
140 .4201828E-11
141 .4222180E-11
142 .4242232E-11
143 .4262599E-11
144 .4283911E-11
145 .4306808E-11
146 .4331944E-11
147 .4359992E-11
148 .4391662E-11
149 .4427684E-11
150 .4468830E-11
151 .4515771E-11
152 .4568650E-11
153 .4627460E-11
154 .4692201E-11
155 .4762870E-11
156 .4839471E-11
157 .4921999E-11
158 .5010448E-11
159 .5104811E-11
160 .5205071E-11
161 .5311217E-11
162 .5423218E-11
163 .5541042E-11
164 .5664645E-11
165 .5793969E-11
166 .5928952E-11
167 .6069509E-11
168 .6215541E-11
169 .6366934E-11
170 .6523546E-11
171 .6685230E-11
172 .6851801E-11
173 .7023054E-11
174 .7198755E-11
175 .7378651E-11
176 .7562477E-11
177 .7750056E-11
178 .7941210E-11
179 .8135753E-11
180 .8333461E-11
181 .8534089E-11
182 .8737367E-11
183 .8942994E-11
184 .9150652E-11
185 .9359985E-11
186 .9570615E-11
187 .9782125E-11
188 .9994078E-11
189 .1020601E-10
190 .1041743E-10
191 .1062780E-10
192 .1083657E-10
193 .1104315E-10
194 .1124694E-10
195 .1144731E-10
196 .1164360E-10
197 .1183512E-10
198 .1202117E-10
199 .1220103E-10
200 .1237397E-10
201 .1253932E-10
202 .1269678E-10
203 .1284615E-10
204 .1298726E-10
205 .1311993E-10
206 .1324404E-10
207 .1335947E-10
208 .1346611E-10
209 .1356388E-10
210 .1365273E-10
211 .1373259E-10
212 .1380346E-10
213 .1386532E-10
214 .1391819E-10
215 .1396208E-10
216 .1399704E-10
217 .1402314E-10
218 .1404045E-10
219 .1404905E-10
220 .1404903E-10
221 .1404053E-10
222 .1402366E-10
223 .1399855E-10
224 .1396535E-10
225 .1392422E-10
226 .1387555E-10
227 .1382067E-10
228 .1376117E-10
229 .1369860E-10
230 .1363454E-10
231 .1357055E-10
232 .1350818E-10
233 .1344896E-10
234 .1339446E-10
235 .1334618E-10
236 .1330567E-10
237 .1327445E-10
238 .1325408E-10
239 .1324610E-10
240 .1325209E-10
241 .1327366E-10
242 .1331244E-10
243 .1337014E-10
244 .1344851E-10
245 .1354936E-10
246 .1367463E-10
247 .1382632E-10
248 .1400660E-10
249 .1421773E-10
250 .1446218E-10
251 .1206655E-10
252 .1335059E-10
253 .1457028E-10
254 .1873632E-10
255 .2198230E-10
256 .2307619E-10
257 .2824279E-10
258 .2462270E-10
259 .2964814E-10
260 .3121954E-10
261 .2828046E-10
262 .2963938E-10
263 .2540883E-10
264 .1983492E-10
265 .1883954E-10
266 .1628340E-10
267 .1543132E-10
268 .1591845E-10
269 .2524775E-10
270 .4340338E-10
271 .6790217E-10
272 .8353650E-10
273 .8473939E-10
274 .8465854E-10
275 .8909100E-10
276 .8846254E-10
277 .8930844E-10
278 .8618218E-10
279 .1019885E-09
280 .1016735E-09
281 .1000531E-09
282 .1009344E-09
283 .9453590E-10
284 .8669091E-10
285 .9123762E-10
286 .8968048E-10
287 .9118659E-10
288 .8901720E-10
289 .9411406E-10
290 .1077816E-09
291 .1156152E-09
292 .1288955E-09
293 .1344670E-09
294 .1399992E-09
295 .1461595E-09
296 .1401882E-09
297 .1366390E-09
298 .1353702E-09
299 .1320439E-09
300 .1209459E-09
301 .1161850E-09
302 .1059211E-09
303 .1087394E-09
304 .1131518E-09
305 .1117492E-09
306 .1130897E-09
307 .1077283E-09
308 .1166864E-09
309 .1159290E-09
310 .9941756E-10
311 .1016601E-09
312 .1150274E-09
313 .1119869E-09
314 .1167343E-09
315 .1146145E-09
316 .1197025E-09
317 .1207672E-09
318 .1380058E-09
319 .1432305E-09
320 .1563921E-09
321 .1470906E-09
322 .1445022E-09
323 .1291626E-09
324 .1249617E-09
325 .1193996E-09
326 .1118968E-09
327 .1081968E-09
328 .1022971E-09
329 .9798109E-10
330 .1030134E-09
331 .1005084E-09
332 .1099608E-09
333 .1097686E-09
334 .1113297E-09
335 .1083436E-09
336 .1086807E-09
337 .1128921E-09
338 .1108809E-09
339 .1129023E-09
340 .1178380E-09
341 .1183698E-09
342 .1352536E-09
343 .1441325E-09
344 .1420573E-09
345 .1444931E-09
346 .1339996E-09
347 .1380486E-09
348 .1375500E-09
349 .1368068E-09
350 .1285384E-09
351 .1371168E-09
352 .1441971E-09
353 .1569597E-09
354 .1687667E-09
355 .1812791E-09
356 .1824536E-09
357 .1808648E-09
358 .1881169E-09
359 .1846879E-09
360 .1940536E-09
361 .1933756E-09
362 .1976811E-09
363 .1906733E-09
364 .1764497E-09
365 .1798408E-09
366 .1862663E-09
367 .2084839E-09
368 .2281632E-09
369 .2542874E-09
370 .2906480E-09
371 .3143042E-09
372 .3264593E-09
373 .3354188E-09
374 .3216807E-09
375 .2997812E-09
376 .2774528E-09
377 .2484314E-09
378 .2103659E-09
379 .1692752E-09
380 .1434090E-09
381 .1211419E-09
382 .1098722E-09
383 .9612469E-10
384 .1021996E-09
385 .1084438E-09
386 .1282009E-09
387 .1530329E-09
388 .1920586E-09
389 .2220699E-09
390 .2525277E-09
391 .2734956E-09
392 .3116130E-09
393 .3277887E-09
394 .3635920E-09
395 .3836404E-09
396 .4080474E-09
397 .4300310E-09
398 .4527817E-09
399 .4705531E-09
400 .4558387E-09
401 .4461960E-09
402 .4093286E-09
403 .4002380E-09
404 .3521226E-09
405 .3391779E-09
406 .3122969E-09
407 .3020216E-09
408 .2863834E-09
409 .2839927E-09
410 .2723930E-09
411 .2587584E-09
412 .2443209E-09
413 .2388028E-09
414 .2270224E-09
415 .2290789E-09
416 .2251839E-09
417 .2225233E-09
418 .2268519E-09
419 .2323147E-09
420 .2350830E-09
421 .2372273E-09
422 .2494870E-09
423 .2387008E-09
424 .2448669E-09
425 .2496942E-09
426 .2547875E-09
427 .2415745E-09
428 .2510980E-09
429 .2523097E-09
430 .2506470E-09
431 .2691748E-09
432 .2624444E-09
433 .2776570E-09
434 .2698321E-09
435 .2693812E-09
436 .2762876E-09
437 .2540271E-09
438 .2268107E-09
439 .2067974E-09
440 .1979043E-09
441 .1750853E-09
442 .1623456E-09
443 .1476564E-09
444 .1416328E-09
445 .1383749E-09
446 .1377121E-09
447 .1422002E-09
448 .1449750E-09
449 .1518032E-09
450 .1596950E-09
451 .1702936E-09
452 .1765111E-09
453 .1980342E-09
454 .2126161E-09
455 .2305690E-09
456 .2538964E-09
457 .2639142E-09
458 .2980121E-09
459 .3208102E-09
460 .3624812E-09
461 .3746610E-09
462 .3917962E-09
463 .3962898E-09
464 .4190906E-09
465 .4303954E-09
466 .4269641E-09
467 .4213417E-09
468 .3905479E-09
469 .3686358E-09
470 .3114939E-09
471 .2985842E-09
472 .2562361E-09
473 .2310319E-09
474 .2016996E-09
475 .1882675E-09
476 .1730363E-09
477 .1586306E-09
478 .1517734E-09
479 .1620844E-09
480 .1683803E-09
481 .1750978E-09
482 .1820998E-09
483 .1890317E-09
484 .1970110E-09
485 .1973095E-09
486 .1966214E-09
487 .1944649E-09
488 .1921729E-09
489 .1939624E-09
490 .1996440E-09
491 .2092908E-09
492 .2231887E-09
493 .2403411E-09
494 .2745146E-09
495 .2895679E-09
496 .2999265E-09
497 .3045293E-09
498 .2963425E-09
499 .2848154E-09
500 .2686574E-09
501 .2498491E-09
502 .2312915E-09
503 .2000022E-09
504 .1889746E-09
505 .1813093E-09
506 .1764429E-09
507 .1736715E-09
508 .1720696E-09
509 .1722538E-09
510 .1723906E-09
511 .1728060E-09
512 .1748182E-09
513 .1703630E-09
514 .1679145E-09
515 .1670972E-09
516 .1680565E-09
517 .1729805E-09
518 .1856655E-09
519 .1974530E-09
520 .2083288E-09
521 .2002421E-09
522 .2127028E-09
523 .2488624E-09
524 .2446434E-09
525 .2583920E-09
526 .2508601E-09
527 .2637010E-09
528 .3121291E-09
529 .3172954E-09
530 .2898755E-09
531 .3447983E-09
532 .3437165E-09
533 .3314523E-09
534 .3226361E-09
535 .3217805E-09
536 .2987982E-09
537 .3020059E-09
538 .2962811E-09
539 .2696502E-09
540 .3212357E-09
541 .3129740E-09
542 .2857217E-09
543 .2728469E-09
544 .3247495E-09
545 .3472198E-09
546 .3485657E-09
547 .4133154E-09
548 .4012295E-09
549 .4154046E-09
550 .4540910E-09
551 .4691844E-09
552 .4681085E-09
553 .4066638E-09
554 .4268273E-09
555 .4251518E-09
556 .4096129E-09
557 .4085355E-09
558 .3586662E-09
559 .3439946E-09
560 .3244886E-09
561 .2863674E-09
562 .2615672E-09
563 .2496909E-09
564 .2325578E-09
565 .2021899E-09
566 .1833128E-09
567 .1456297E-09
568 .1371930E-09
569 .1262710E-09
570 .1369614E-09
571 .1301671E-09
572 .1334330E-09
573 .1413724E-09
574 .1377610E-09
575 .1464906E-09
576 .1393411E-09
577 .1657380E-09
578 .1998429E-09
579 .2061246E-09
580 .2397560E-09
581 .2587564E-09
582 .2849465E-09
583 .2900850E-09
584 .3081602E-09
585 .2996233E-09
586 .3340670E-09
587 .3321809E-09
588 .2927097E-09
589 .1878237E-09
590 .2767528E-09
591 .2976519E-09
592 .3107558E-09
593 .2529540E-09
594 .2458930E-09
595 .2366293E-09
596 .2288739E-09
597 .2090821E-09
598 .2136015E-09
599 .2140725E-09
600 .1811413E-09
601 .1951751E-09
602 .1945558E-09
603 .1967326E-09
604 .1941157E-09
605 .2113777E-09
606 .2306814E-09
607 .2204610E-09
608 .2331500E-09
609 .2200609E-09
610 .2226696E-09
611 .2193144E-09
612 .2083212E-09
613 .2011701E-09
614 .2292876E-09
615 .2182676E-09
616 .2059067E-09
617 .1808159E-09
618 .1957557E-09
619 .2122068E-09
620 .2020916E-09
621 .1889914E-09
622 .2120725E-09
623 .2084945E-09
624 .1965865E-09
625 .2176613E-09
626 .2015984E-09
627 .1851631E-09
628 .1810885E-09
629 .1708797E-09
630 .1655634E-09
631 .1609126E-09
632 .1596543E-09
633 .1615857E-09
634 .1665682E-09
635 .1723967E-09
636 .1782083E-09
637 .1852621E-09
638 .1921348E-09
639 .2043470E-09
640 .2196663E-09
641 .2379852E-09
642 .2574335E-09
643 .2715186E-09
644 .2903338E-09
645 .3082312E-09
646 .3246325E-09
647 .3385484E-09
648 .3487541E-09
649 .3622104E-09
650 .3749231E-09
651 .3850336E-09
652 .3917986E-09
653 .3978860E-09
654 .4038981E-09
655 .4089620E-09
656 .4116823E-09
657 .4124689E-09
658 .4134647E-09
659 .4114567E-09
660 .4075729E-09
661 .3998869E-09
662 .3900394E-09
663 .3835436E-09
664 .3711425E-09
665 .3573166E-09
666 .3424252E-09
667 .3267307E-09
668 .3175338E-09
669 .3030538E-09
670 .2884587E-09
671 .2746272E-09
672 .2611970E-09
673 .2534464E-09
674 .2408699E-09
675 .2291532E-09
676 .2207767E-09
677 .2155454E-09
678 .2071674E-09
679 .2008514E-09
680 .1960255E-09
681 .1917490E-09
682 .1903210E-09
683 .1882496E-09
684 .1917359E-09
685 .1868796E-09
686 .1706082E-09
687 .1627915E-09
688 .1600179E-09
689 .1696377E-09
690 .1769578E-09
691 .1832687E-09
692 .1898643E-09
693 .1946675E-09
694 .1968939E-09
695 .1992217E-09
696 .2038731E-09
697 .2067141E-09
698 .2071408E-09
699 .2073356E-09
700 .2169176E-09
701 .2289651E-09
702 .2265774E-09
703 .2277084E-09
704 .2230336E-09
705 .2201672E-09
706 .2242757E-09
707 .2168086E-09
708 .2159768E-09
709 .2233039E-09
710 .2254401E-09
711 .2221546E-09
712 .2277058E-09
713 .2278996E-09
714 .2279054E-09
715 .2348096E-09
716 .2333867E-09
717 .2369336E-09
718 .2545100E-09
719 .2637790E-09
720 .2745312E-09
721 .2705505E-09
722 .2693373E-09
723 .2754208E-09
724 .2903908E-09
725 .3016735E-09
726 .3319998E-09
727 .3262172E-09
728 .3125635E-09
729 .3050638E-09
730 .3091147E-09
731 .3117181E-09
732 .3073284E-09
733 .2976750E-09
734 .2929236E-09
735 .2881392E-09
736 .2837945E-09
737 .2829595E-09
738 .2805062E-09
739 .2794542E-09
740 .2796940E-09
741 .2801918E-09
742 .2861627E-09
743 .2862344E-09
744 .2864581E-09
745 .2862250E-09
746 .2857104E-09
747 .2849962E-09
748 .2785992E-09
749 .2704984E-09
750 .2606521E-09
751 .2492617E-09
752 .2312268E-09
753 .2161741E-09
754 .2028743E-09
755 .2008503E-09
756 .1838986E-09
757 .1556752E-09
758 .1520095E-09
759 .1468029E-09
760 .1413195E-09
761 .1038875E-09
762 .3864709E-10
763 .7574005E-10
764 .9430788E-10
765 .7699985E-10
766 .9736317E-10
767 .1176729E-09
768 .1450558E-09
769 .1545591E-09
770 .1619945E-09
771 .1711895E-09
772 .1714858E-09
773 .1666942E-09
774 .1769443E-09
775 .1726520E-09
776 .1656689E-09
777 .1701174E-09
778 .1681866E-09
779 .1673485E-09
780 .1569209E-09
781 .1556003E-09
782 .1553290E-09
783 .1424629E-09
784 .1411744E-09
785 .1401089E-09
786 .1337488E-09
787 .1233648E-09
788 .1204553E-09
789 .1136664E-09
790 .1055134E-09
791 .1012664E-09
792 .9979477E-10
793 .9162951E-10
794 .8402333E-10
795 .7908224E-10
796 .7806074E-10
797 .7543990E-10
798 .6815928E-10
799 .6463545E-10
800 .6151329E-10
801 .6260767E-10
802 .5760690E-10
803 .5555296E-10
804 .5387931E-10
805 .5397429E-10
806 .5336438E-10
807 .5452621E-10
808 .5268632E-10
809 .4795645E-10
810 .5122811E-10
811 .4926921E-10
812 .5033493E-10
813 .4813331E-10
814 .5156309E-10
815 .4760638E-10
816 .4660811E-10
817 .5000955E-10
818 .4493056E-10
819 .4320658E-10
820 .4133028E-10
821 .3640638E-10
822 .3354590E-10
823 .2912815E-10
824 .2474840E-10
825 .1763151E-10
826 .1684009E-10
827 .1457325E-10
828 .1438009E-10
829 .1478682E-10
830 .1084716E-10
831 .1124596E-10
832 .1350513E-10
833 .1282883E-10
834 .1323063E-10
835 .1629654E-10
836 .1393620E-10
837 .1608669E-10
838 .1925600E-10
839 .1879079E-10
840 .1842089E-10
841 .1919366E-10
842 .1979145E-10
843 .2355669E-10
844 .2648670E-10
845 .2886180E-10
846 .3049878E-10
847 .3313703E-10
848 .3961955E-10
849 .4643308E-10
850 .5308383E-10
851 .5829978E-10
852 .6354017E-10
853 .7014090E-10
854 .7832439E-10
855 .9180747E-10
856 .1011186E-09
857 .1003044E-09
858 .9823089E-10
859 .9737420E-10
860 .9885357E-10
861 .9949985E-10
862 .1085567E-09
863 .1109417E-09
864 .1072783E-09
865 .1029896E-09
866 .9842220E-10
867 .9508088E-10
868 .1051799E-09
869 .1157284E-09
870 .1128865E-09
871 .1068304E-09
872 .1050191E-09
873 .1066468E-09
874 .1124674E-09
875 .1289123E-09
876 .1324783E-09
877 .1210903E-09
878 .1144206E-09
879 .1260988E-09
880 .1374154E-09
881 .1374396E-09
882 .1349218E-09
883 .1276923E-09
884 .1157196E-09
885 .1154799E-09
886 .1204536E-09
887 .1313236E-09
888 .1295980E-09
889 .1166713E-09
890 .1063473E-09
891 .1049862E-09
892 .1092543E-09
893 .1116985E-09
894 .1075441E-09
895 .1081329E-09
896 .1040898E-09
897 .9917359E-10
898 .9494017E-10
899 .9423558E-10
900 .9901115E-10
901 .8994440E-10
902 .8701152E-10
903 .8953433E-10
904 .8659258E-10
905 .8386583E-10
906 .8709252E-10
907 .8736217E-10
908 .8313357E-10
909 .8155835E-10
910 .8172683E-10
911 .8250539E-10
912 .8682131E-10
913 .8875985E-10
914 .8711150E-10
915 .8164453E-10
916 .7930867E-10
917 .7994354E-10
918 .7724587E-10
919 .7866411E-10
920 .7776365E-10
921 .7861837E-10
922 .8169097E-10
923 .8295553E-10
924 .8963140E-10
925 .9286977E-10
926 .8155357E-10
927 .7789359E-10
928 .7442939E-10
929 .7260795E-10
930 .7648584E-10
931 .7807962E-10
932 .7692523E-10
933 .7037150E-10
934 .5859477E-10
935 .6021190E-10
936 .6243333E-10
937 .6504273E-10
938 .6283647E-10
939 .9089536E-10
940 .8136374E-10
941 .5393778E-10
942 .6004779E-10
943 .5840326E-10
944 .5888394E-10
945 .6447884E-10
946 .6750687E-10
947 .7467609E-10
948 .7312696E-10
949 .7337091E-10
950 .7307287E-10
951 .7455052E-10
952 .6650714E-10
953 .7749464E-10
954 .9841028E-10
955 .8965409E-10
956 .8514374E-10
957 .8609935E-10
958 .7664818E-10
959 .7532417E-10
960 .8260076E-10
961 .8063257E-10
962 .7871311E-10
963 .7186396E-10
964 .6505641E-10
965 .6695295E-10
966 .6590393E-10
967 .6601316E-10
968 .6087342E-10
969 .5466816E-10
970 .6020299E-10
971 .6216911E-10
972 .6319599E-10
973 .5922915E-10
974 .5763303E-10
975 .6204867E-10
976 .5599803E-10
977 .6040559E-10
978 .6530276E-10
979 .6023909E-10
980 .6874849E-10
981 .7029610E-10
982 .6302767E-10
983 .6584137E-10
984 .7063401E-10
985 .7866567E-10
986 .8084364E-10
987 .8126646E-10
988 .9654247E-10
989 .9546013E-10
990 .8706407E-10
991 .8581783E-10
992 .9244491E-10
993 .9576596E-10
994 .9593053E-10
995 .9272794E-10
996 .9569884E-10
997 .1110303E-09
998 .9846279E-10
999 .9672126E-10
1000 .1005754E-09
1001 .9992586E-10
1002 .9927510E-10
1003 .9862318E-10
1004 .9797003E-10
1005 .9731576E-10
1006 .9666018E-10
1007 .9600387E-10
1008 .9534606E-10
1009 .9468716E-10
1010 .9402732E-10
1011 .9336615E-10
1012 .9270415E-10
1013 .9204084E-10
1014 .9137643E-10
1015 .9071099E-10
1016 .9004452E-10
1017 .8937690E-10
1018 .8870825E-10
1019 .8803845E-10
1020 .8736765E-10
1021 .8669589E-10
1022 .8602307E-10
1023 .8534903E-10
1024 .8467420E-10
1025 .8399831E-10
1026 .8332135E-10
1027 .8264340E-10
1028 .8196434E-10
1029 .8128455E-10
1030 .8060353E-10
1031 .7992172E-10
1032 .7923868E-10
1033 .7855493E-10
1034 .7787015E-10
1035 .7718447E-10
1036 .7649778E-10
1037 .7581012E-10
1038 .7512152E-10
1039 .7443210E-10
1040 .7374168E-10
1041 .7305038E-10
1042 .7235814E-10
1043 .7166511E-10
1044 .7097116E-10
1045 .7027628E-10
1046 .6958055E-10
1047 .6888406E-10
1048 .6818659E-10
1049 .6748830E-10
1050 .6678926E-10
1051 .6608939E-10
1052 .6538871E-10
1053 .6468719E-10
1054 .6398491E-10
1055 .6328181E-10
1056 .6257798E-10
1057 .6187336E-10
1058 .6116799E-10
1059 .6046185E-10
1060 .5975504E-10
1061 .5904748E-10
1062 .5833916E-10
1063 .5763011E-10
1064 .5692044E-10
1065 .5620998E-10
1066 .5549889E-10
1067 .5478708E-10
1068 .5407457E-10
1069 .5336140E-10
1070 .5264763E-10
1071 .5193319E-10
1072 .5121811E-10
1073 .5050229E-10
1074 .4978598E-10
1075 .4906898E-10
1076 .4835138E-10
1077 .4763316E-10
1078 .4691434E-10
1079 .4619493E-10
1080 .4547493E-10
1081 .4475429E-10
1082 .4403315E-10
1083 .4331137E-10
1084 .4258908E-10
1085 .4186624E-10
1086 .4114278E-10
1087 .4041883E-10
1088 .3969432E-10
1089 .3896929E-10
1090 .3824371E-10
1091 .3751761E-10
1092 .3679100E-10
1093 .3606392E-10
1094 .3533629E-10
1095 .3460816E-10
1096 .3387950E-10
1097 .3315042E-10
1098 .3242083E-10
1099 .3169073E-10
1100 .3096019E-10
1101 .3022914E-10
1102 .2949767E-10
1103 .2876567E-10
1104 .2803327E-10
1105 .2730041E-10
1106 .2656709E-10
1107 .2583333E-10
1108 .2509912E-10
1109 .2436449E-10
1110 .2362941E-10
1111 .2289391E-10
1112 .2215798E-10
1113 .2142162E-10
1114 .2068485E-10
1115 .1994765E-10
1116 .1921007E-10
1117 .1847206E-10
1118 .1773366E-10
1119 .1699483E-10
1120 .1625562E-10
1121 .1551600E-10
1122 .1477599E-10
1123 .1403559E-10
1124 .1329482E-10
1125 .1255364E-10
1126 .1181207E-10
1127 .1107014E-10
1128 .1032782E-10
1129 .9585127E-11
1130 .8842050E-11
1131 .8844221E-11
1132 .8846409E-11
1133 .8848576E-11
1134 .8850717E-11
1135 .8852881E-11
1136 .8855038E-11
1137 .8857194E-11
1138 .8859337E-11
1139 .8861467E-11
1140 .8863616E-11
1141 .8865759E-11
1142 .8867890E-11
1143 .8870016E-11
1144 .8872137E-11
1145 .8874271E-11
1146 .8876389E-11
1147 .8878521E-11
1148 .8880636E-11
1149 .8882766E-11
1150 .8884881E-11
1151 .8886998E-11
1152 .8889119E-11
1153 .8891243E-11
1154 .8893359E-11
1155 .8895492E-11
1156 .8897616E-11
1157 .8899739E-11
1158 .8901861E-11
1159 .8903988E-11
1160 .8906139E-11
1161 .8908271E-11
1162 .8910409E-11
1163 .8912548E-11
1164 .8914693E-11
1165 .8916838E-11
1166 .8918998E-11
1167 .8921158E-11
1168 .8923321E-11
1169 .8925497E-11
1170 .8927670E-11
1171 .8929851E-11
1172 .8932028E-11
1173 .8934228E-11
1174 .8936418E-11
1175 .8938637E-11
1176 .8940840E-11
1177 .8943079E-11
1178 .8945304E-11
1179 .8947540E-11
1180 .8949780E-11
1181 .8952045E-11
1182 .8954309E-11
1183 .8956585E-11
1184 .8958855E-11
1185 .8961156E-11
1186 .8963458E-11
1187 .8965779E-11
1188 .8968101E-11
1189 .8970437E-11
1190 .8972775E-11
1191 .8975145E-11
1192 .8977518E-11
1193 .8979900E-11
1194 .8982302E-11
1195 .8984709E-11
1196 .8987145E-11
1197 .8989576E-11
1198 .8992044E-11
1199 .8994490E-11
1200 .8996983E-11
1201 .8999477E-11
1202 .9001982E-11
1203 .9004510E-11
1204 .9007064E-11
1205 .9009624E-11
1206 .9012195E-11
1207 .9014780E-11
1208 .9017388E-11
1209 .9020024E-11
1210 .9022669E-11
1211 .9025331E-11
1212 .9028018E-11
1213 .9030723E-11
1214 .9033431E-11
1215 .9036182E-11
1216 .9038934E-11
1217 .9041714E-11
1218 .9044510E-11
1219 .9047332E-11
1220 .9050180E-11
1221 .9053030E-11
1222 .9055920E-11
1223 .9058816E-11
1224 .9061754E-11
1225 .9064701E-11
1226 .9067679E-11
1227 .9070670E-11
1228 .9073680E-11
1229 .9076721E-11
1230 .9079802E-11
1231 .9082885E-11
1232 .9086006E-11
1233 .9089144E-11
1234 .9092315E-11
1235 .9095492E-11
1236 .9098723E-11
1237 .9101967E-11
1238 .9105233E-11
1239 .9108527E-11
1240 .9111862E-11
1241 .9115210E-11
1242 .9118597E-11
1243 .9122011E-11
1244 .9125447E-11
1245 .9128918E-11
1246 .9132400E-11
1247 .9135928E-11
1248 .9139493E-11
1249 .9143073E-11
1250 .9146689E-11
1251 .9151110E-11
1252 .9155554E-11
1253 .9160035E-11
1254 .9164542E-11
1255 .9169080E-11
1256 .9173649E-11
1257 .9178264E-11
1258 .9182906E-11
1259 .9187572E-11
1260 .9192267E-11
1261 .9197008E-11
1262 .9201774E-11
1263 .9206576E-11
1264 .9211425E-11
1265 .9216282E-11
1266 .9221209E-11
1267 .9226140E-11
1268 .9231112E-11
1269 .9236139E-11
1270 .9241184E-11
1271 .9246280E-11
1272 .9251411E-11
1273 .9256580E-11
1274 .9261778E-11
1275 .9267008E-11
1276 .9272285E-11
1277 .9277611E-11
1278 .9282956E-11
1279 .9288359E-11
1280 .9293806E-11
1281 .9299280E-11
1282 .9304783E-11
1283 .9310360E-11
1284 .9315950E-11
1285 .9321588E-11
1286 .9327268E-11
1287 .9333004E-11
1288 .9338767E-11
1289 .9344575E-11
1290 .9350424E-11
1291 .9356318E-11
1292 .9362245E-11
1293 .9368216E-11
1294 .9374246E-11
1295 .9380288E-11
1296 .9386380E-11
1297 .9392513E-11
1298 .9398685E-11
1299 .9404894E-11
1300 .9411149E-11
1301 .9417437E-11
1302 .9423775E-11
1303 .9430134E-11
1304 .9436543E-11
1305 .9442990E-11
1306 .9449487E-11
1307 .9455991E-11
1308 .9462561E-11
1309 .9469163E-11
1310 .9475794E-11
1311 .9482468E-11
1312 .9489169E-11
1313 .9495927E-11
1314 .9502708E-11
1315 .9509531E-11
1316 .9516378E-11
1317 .9523267E-11
1318 .9530205E-11
1319 .9537155E-11
1320 .9544164E-11
1321 .9551204E-11
1322 .9558270E-11
1323 .9565384E-11
1324 .9572528E-11
1325 .9579702E-11
1326 .9586914E-11
1327 .9594144E-11
1328 .9601423E-11
1329 .9608748E-11
1330 .9616093E-11
1331 .9623472E-11
1332 .9630880E-11
1333 .9638340E-11
1334 .9645806E-11
1335 .9653317E-11
1336 .9660858E-11
1337 .9668440E-11
1338 .9676040E-11
1339 .9683677E-11
1340 .9691365E-11
1341 .9699063E-11
1342 .9706797E-11
1343 .9714566E-11
1344 .9722364E-11
1345 .9730195E-11
1346 .9738042E-11
1347 .9745930E-11
1348 .9753856E-11
1349 .9761800E-11
1350 .9769774E-11
1351 .9777787E-11
1352 .9785817E-11
1353 .9793887E-11
1354 .9801979E-11
1355 .9810096E-11
1356 .9818255E-11
1357 .9826431E-11
1358 .9834623E-11
1359 .9842867E-11
1360 .9851139E-11
1361 .9859420E-11
1362 .9867739E-11
1363 .9876070E-11
1364 .9884451E-11
1365 .9892841E-11
1366 .9901263E-11
1367 .9909705E-11
1368 .9918169E-11
1369 .9926688E-11
1370 .9935199E-11
1371 .9959953E-11
1372 .9984725E-11
1373 .1000957E-10
1374 .1003447E-10
1375 .1005941E-10
1376 .1008442E-10
1377 .1010946E-10
1378 .1013455E-10
1379 .1015971E-10
1380 .1018492E-10
1381 .1021017E-10
1382 .1023548E-10
1383 .1026084E-10
1384 .1028625E-10
1385 .1031172E-10
1386 .1033724E-10
1387 .1036281E-10
1388 .1038842E-10
1389 .1041409E-10
1390 .1043979E-10
1391 .1046556E-10
1392 .1049138E-10
1393 .1051725E-10
1394 .1054316E-10
1395 .1056911E-10
1396 .1059515E-10
1397 .1062122E-10
1398 .1064733E-10
1399 .1067349E-10
1400 .1069970E-10
1401 .1072596E-10
1402 .1075227E-10
1403 .1077862E-10
1404 .1080504E-10
1405 .1083148E-10
1406 .1085799E-10
1407 .1088454E-10
1408 .1091112E-10
1409 .1093777E-10
1410 .1096447E-10
1411 .1099119E-10
1412 .1101797E-10
1413 .1104481E-10
1414 .1107169E-10
1415 .1109861E-10
1416 .1112557E-10
1417 .1115258E-10
1418 .1117963E-10
1419 .1120675E-10
1420 .1123391E-10
1421 .1126109E-10
1422 .1128832E-10
1423 .1131559E-10
1424 .1134294E-10
1425 .1137030E-10
1426 .1139770E-10
1427 .1142517E-10
1428 .1145267E-10
1429 .1148020E-10
1430 .1150779E-10
1431 .1153543E-10
1432 .1156310E-10
1433 .1159080E-10
1434 .1161855E-10
1435 .1164634E-10
1436 .1167418E-10
1437 .1170205E-10
1438 .1172997E-10
1439 .1175791E-10
1440 .1178590E-10
1441 .1181396E-10
1442 .1184203E-10
1443 .1187012E-10
1444 .1189829E-10
1445 .1192648E-10
1446 .1195470E-10
1447 .1198297E-10
1448 .1201129E-10
1449 .1203963E-10
1450 .1206800E-10
1451 .1209639E-10
1452 .1212487E-10
1453 .1215336E-10
1454 .1218188E-10
1455 .1221044E-10
1456 .1223903E-10
1457 .1226764E-10
1458 .1229631E-10
1459 .1232502E-10
1460 .1235376E-10
1461 .1238253E-10
1462 .1241130E-10
1463 .1244015E-10
1464 .1246901E-10
1465 .1249790E-10
1466 .1252683E-10
1467 .1255578E-10
1468 .1258477E-10
1469 .1261381E-10
1470 .1264284E-10
1471 .1267192E-10
1472 .1270102E-10
1473 .1273017E-10
1474 .1275935E-10
1475 .1278854E-10
1476 .1281776E-10
1477 .1284702E-10
1478 .1287630E-10
1479 .1290562E-10
1480 .1293493E-10
1481 .1296429E-10
1482 .1299368E-10
1483 .1302309E-10
1484 .1305253E-10
1485 .1308199E-10
1486 .1311146E-10
1487 .1314098E-10
1488 .1317052E-10
1489 .1320006E-10
1490 .1322967E-10
1491 .1325925E-10
1492 .1328890E-10
1493 .1331855E-10
1494 .1334822E-10
1495 .1337793E-10
1496 .1340764E-10
1497 .1343740E-10
1498 .1346716E-10
1499 .1349696E-10
1500 .1352677E-10
1501 .1353841E-10
1502 .1355005E-10
1503 .1356167E-10
1504 .1357329E-10
1505 .1358488E-10
1506 .1359650E-10
1507 .1360808E-10
1508 .1361965E-10
1509 .1363123E-10
1510 .1364280E-10
1511 .1365433E-10
1512 .1366587E-10
1513 .1367737E-10
1514 .1368888E-10
1515 .1370039E-10
1516 .1371188E-10
1517 .1372335E-10
1518 .1373481E-10
1519 .1374627E-10
1520 .1375771E-10
1521 .1376914E-10
1522 .1378056E-10
1523 .1379195E-10
1524 .1380334E-10
1525 .1381472E-10
1526 .1382607E-10
1527 .1383742E-10
1528 .1384877E-10
1529 .1386008E-10
1530 .1387139E-10
1531 .1388267E-10
1532 .1389395E-10
1533 .1390522E-10
1534 .1391647E-10
1535 .1392770E-10
1536 .1393892E-10
1537 .1395013E-10
1538 .1396132E-10
1539 .1397249E-10
1540 .1398365E-10
1541 .1399479E-10
1542 .1400591E-10
1543 .1401702E-10
1544 .1402811E-10
1545 .1403919E-10
1546 .1405025E-10
1547 .1406130E-10
1548 .1407232E-10
1549 .1408333E-10
1550 .1409432E-10
1551 .1410529E-10
1552 .1411626E-10
1553 .1412719E-10
1554 .1413812E-10
1555 .1414901E-10
1556 .1415988E-10
1557 .1417075E-10
1558 .1418161E-10
1559 .1419243E-10
1560 .1420323E-10
1561 .1421404E-10
1562 .1422479E-10
1563 .1423553E-10
1564 .1424626E-10
1565 .1425698E-10
1566 .1426767E-10
1567 .1427833E-10
1568 .1428897E-10
1569 .1429962E-10
1570 .1431021E-10
1571 .1432080E-10
1572 .1433135E-10
1573 .1434190E-10
1574 .1435241E-10
1575 .1436292E-10
1576 .1437340E-10
1577 .1438386E-10
1578 .1439429E-10
1579 .1440469E-10
1580 .1441509E-10
1581 .1442544E-10
1582 .1443579E-10
1583 .1444609E-10
1584 .1445640E-10
1585 .1446667E-10
1586 .1447691E-10
1587 .1448712E-10
1588 .1449732E-10
1589 .1450750E-10
1590 .1451765E-10
1591 .1452777E-10
1592 .1453787E-10
1593 .1454794E-10
1594 .1455799E-10
1595 .1456801E-10
1596 .1457801E-10
1597 .1458797E-10
1598 .1459792E-10
1599 .1460784E-10
1600 .1461772E-10
1601 .1462759E-10
1602 .1463743E-10
1603 .1464724E-10
1604 .1465701E-10
1605 .1466677E-10
1606 .1467651E-10
1607 .1468620E-10
1608 .1469589E-10
1609 .1470553E-10
1610 .1471513E-10
1611 .1472472E-10
1612 .1473429E-10
1613 .1474381E-10
1614 .1475333E-10
1615 .1476278E-10
1616 .1477222E-10
1617 .1478164E-10
1618 .1479102E-10
1619 .1480037E-10
1620 .1480970E-10
1621 .1481898E-10
1622 .1482823E-10
1623 .1483746E-10
1624 .1484665E-10
1625 .1485584E-10
1626 .1485892E-10
1627 .1486199E-10
1628 .1486504E-10
1629 .1486806E-10
1630 .1487104E-10
1631 .1487400E-10
1632 .1487693E-10
1633 .1487986E-10
1634 .1488274E-10
1635 .1488556E-10
1636 .1488837E-10
1637 .1489117E-10
1638 .1489394E-10
1639 .1489667E-10
1640 .1489937E-10
1641 .1490205E-10
1642 .1490470E-10
1643 .1490732E-10
1644 .1490990E-10
1645 .1491247E-10
1646 .1491499E-10
1647 .1491747E-10
1648 .1491993E-10
1649 .1492237E-10
1650 .1492478E-10
1651 .1492713E-10
1652 .1492948E-10
1653 .1493180E-10
1654 .1493407E-10
1655 .1493633E-10
1656 .1493853E-10
1657 .1494073E-10
1658 .1494287E-10
1659 .1494499E-10
1660 .1494708E-10
1661 .1494914E-10
1662 .1495115E-10
1663 .1495314E-10
1664 .1495512E-10
1665 .1495703E-10
1666 .1495893E-10
1667 .1496078E-10
1668 .1496259E-10
1669 .1496438E-10
1670 .1496614E-10
1671 .1496785E-10
1672 .1496954E-10
1673 .1497119E-10
1674 .1497280E-10
1675 .1497439E-10
1676 .1497594E-10
1677 .1497744E-10
1678 .1497891E-10
1679 .1498035E-10
1680 .1498175E-10
1681 .1498312E-10
1682 .1498444E-10
1683 .1498576E-10
1684 .1498702E-10
1685 .1498823E-10
1686 .1498943E-10
1687 .1499059E-10
1688 .1499171E-10
1689 .1499279E-10
1690 .1499384E-10
1691 .1499485E-10
1692 .1499585E-10
1693 .1499680E-10
1694 .1499770E-10
1695 .1499858E-10
1696 .1499943E-10
1697 .1500024E-10
1698 .1500103E-10
1699 .1500176E-10
1700 .1500248E-10
1701 .1500318E-10
1702 .1500382E-10
1703 .1500445E-10
1704 .1500502E-10
1705 .1500559E-10
1706 .1500610E-10
1707 .1500658E-10
1708 .1500706E-10
1709 .1500749E-10
1710 .1500786E-10
1711 .1500824E-10
1712 .1500858E-10
1713 .1500888E-10
1714 .1500915E-10
1715 .1500938E-10
1716 .1500960E-10
1717 .1500978E-10
1718 .1500994E-10
1719 .1501006E-10
1720 .1501014E-10
1721 .1501019E-10
1722 .1501025E-10
1723 .1501024E-10
1724 .1501022E-10
1725 .1501017E-10
1726 .1501008E-10
1727 .1500997E-10
1728 .1500984E-10
1729 .1500966E-10
1730 .1500947E-10
1731 .1500924E-10
1732 .1500899E-10
1733 .1500872E-10
1734 .1500841E-10
1735 .1500808E-10
1736 .1500772E-10
1737 .1500734E-10
1738 .1500691E-10
1739 .1500648E-10
1740 .1500602E-10
1741 .1500552E-10
1742 .1500499E-10
1743 .1500445E-10
1744 .1500388E-10
1745 .1500328E-10
1746 .1500266E-10
1747 .1500201E-10
1748 .1500136E-10
1749 .1500065E-10
1750 .1499993E-10
1751 .1499918E-10
1752 .1499840E-10
1753 .1499763E-10
1754 .1499679E-10
1755 .1499596E-10
1756 .1499509E-10
1757 .1499421E-10
1758 .1499328E-10
1759 .1499235E-10
1760 .1499138E-10
1761 .1499041E-10
1762 .1498940E-10
1763 .1498839E-10
1764 .1498733E-10
1765 .1498627E-10
1766 .1498516E-10
1767 .1498406E-10
1768 .1498291E-10
1769 .1498175E-10
1770 .1498058E-10
1771 .1497938E-10
1772 .1497816E-10
1773 .1497691E-10
1774 .1497565E-10
1775 .1497437E-10
1776 .1497306E-10
1777 .1497173E-10
1778 .1497037E-10
1779 .1496902E-10
1780 .1496763E-10
1781 .1496622E-10
1782 .1496480E-10
1783 .1496337E-10
1784 .1496190E-10
1785 .1496040E-10
1786 .1495891E-10
1787 .1495740E-10
1788 .1495586E-10
1789 .1495430E-10
1790 .1495273E-10
1791 .1495113E-10
1792 .1494953E-10
1793 .1494790E-10
1794 .1494627E-10
1795 .1494460E-10
1796 .1494292E-10
1797 .1494123E-10
1798 .1493951E-10
1799 .1493779E-10
1800 .1493604E-10
1801 .1488509E-10
1802 .1483414E-10
1803 .1478317E-10
1804 .1473220E-10
1805 .1468123E-10
1806 .1463026E-10
1807 .1457929E-10
1808 .1452831E-10
1809 .1447732E-10
1810 .1442634E-10
1811 .1437537E-10
1812 .1432438E-10
1813 .1427337E-10
1814 .1422240E-10
1815 .1417141E-10
1816 .1412044E-10
1817 .1406945E-10
1818 .1401845E-10
1819 .1396748E-10
1820 .1391649E-10
1821 .1386549E-10
1822 .1381453E-10
1823 .1376355E-10
1824 .1371258E-10
1825 .1366159E-10
1826 .1361063E-10
1827 .1355964E-10
1828 .1350868E-10
1829 .1345772E-10
1830 .1340677E-10
1831 .1335581E-10
1832 .1330485E-10
1833 .1325392E-10
1834 .1320296E-10
1835 .1315204E-10
1836 .1310111E-10
1837 .1305019E-10
1838 .1299927E-10
1839 .1294835E-10
1840 .1289746E-10
1841 .1284655E-10
1842 .1279564E-10
1843 .1274478E-10
1844 .1269390E-10
1845 .1264303E-10
1846 .1259215E-10
1847 .1254131E-10
1848 .1249046E-10
1849 .1243961E-10
1850 .1238879E-10
1851 .1233797E-10
1852 .1228715E-10
1853 .1223635E-10
1854 .1218556E-10
1855 .1213477E-10
1856 .1208400E-10
1857 .1203325E-10
1858 .1198249E-10
1859 .1193174E-10
1860 .1188100E-10
1861 .1183030E-10
1862 .1177958E-10
1863 .1172888E-10
1864 .1167819E-10
1865 .1162753E-10
1866 .1157685E-10
1867 .1152620E-10
1868 .1147557E-10
1869 .1142493E-10
1870 .1137432E-10
1871 .1132372E-10
1872 .1127313E-10
1873 .1122255E-10
1874 .1117197E-10
1875 .1112143E-10
1876 .1107092E-10
1877 .1102038E-10
1878 .1096986E-10
1879 .1091936E-10
1880 .1086890E-10
1881 .1081842E-10
1882 .1076797E-10
1883 .1071754E-10
1884 .1066711E-10
1885 .1061669E-10
1886 .1056633E-10
1887 .1051594E-10
1888 .1046556E-10
1889 .1041522E-10
1890 .1036490E-10
1891 .1031459E-10
1892 .1026428E-10
1893 .1021399E-10
1894 .1016372E-10
1895 .1011347E-10
1896 .1006324E-10
1897 .1001303E-10
1898 .9962813E-11
1899 .9912618E-11
1900 .9862473E-11
1901 .9812300E-11
1902 .9762184E-11
1903 .9712060E-11
1904 .9661949E-11
1905 .9611867E-11
1906 .9561796E-11
1907 .9511756E-11
1908 .9461732E-11
1909 .9411708E-11
1910 .9361726E-11
1911 .9311736E-11
1912 .9261777E-11
1913 .9211829E-11
1914 .9161899E-11
1915 .9111994E-11
1916 .9062115E-11
1917 .9012232E-11
1918 .8962403E-11
1919 .8912558E-11
1920 .8862745E-11
1921 .8812944E-11
1922 .8763182E-11
1923 .8713411E-11
1924 .8663666E-11
1925 .8613961E-11
1926 .8564261E-11
1927 .8514559E-11
1928 .8464904E-11
1929 .8415261E-11
1930 .8365638E-11
1931 .8316012E-11
1932 .8266442E-11
1933 .8216869E-11
1934 .8167316E-11
1935 .8117796E-11
1936 .8068282E-11
1937 .8018781E-11
1938 .7969313E-11
1939 .7919865E-11
1940 .7870437E-11
1941 .7821008E-11
1942 .7771619E-11
1943 .7722243E-11
1944 .7672894E-11
1945 .7623551E-11
1946 .7574235E-11
1947 .7524939E-11
1948 .7475663E-11
1949 .7426406E-11
1950 .7377163E-11
1951 .7327946E-11
1952 .7278743E-11
1953 .7229567E-11
1954 .7180404E-11
1955 .7131261E-11
1956 .7082145E-11
1957 .7033042E-11
1958 .6983959E-11
1959 .6934896E-11
1960 .6885855E-11
1961 .6836831E-11
1962 .6787822E-11
1963 .6738832E-11
1964 .6689869E-11
1965 .6640920E-11
1966 .6592000E-11
1967 .6543084E-11
1968 .6494193E-11
1969 .6445317E-11
1970 .6396465E-11
1971 .6347629E-11
1972 .6298808E-11
1973 .6250008E-11
1974 .6201231E-11
1975 .6152465E-11
1976 .6103718E-11
1977 .6054993E-11
1978 .6006282E-11
1979 .5957589E-11
1980 .5908916E-11
1981 .5860263E-11
1982 .5811618E-11
1983 .5763000E-11
1984 .5714390E-11
1985 .5665805E-11
1986 .5617230E-11
1987 .5568674E-11
1988 .5520137E-11
1989 .5471618E-11
1990 .5423117E-11
1991 .5374626E-11
1992 .5326155E-11
1993 .5277698E-11
1994 .5229265E-11
1995 .5180842E-11
1996 .5132435E-11
1997 .5084038E-11
1998 .5035671E-11
1999 .4987310E-11
2000 .4938970E-11
2001 .4890641E-11
2002 .4842329E-11
2003 .4794033E-11
2004 .4745750E-11
2005 .4697488E-11
2006 .4649237E-11
2007 .4601000E-11
2008 .4552783E-11
2009 .4504572E-11
2010 .4456384E-11
2011 .4455820E-11
2012 .4455258E-11
2013 .4454698E-11
2014 .4454141E-11
2015 .4453590E-11
2016 .4453039E-11
2017 .4452488E-11
2018 .4451943E-11
2019 .4451396E-11
2020 .4450861E-11
2021 .4450321E-11
2022 .4449784E-11
2023 .4449252E-11
2024 .4448722E-11
2025 .4448194E-11
2026 .4447670E-11
2027 .4447148E-11
2028 .4446628E-11
2029 .4446106E-11
2030 .4445592E-11
2031 .4445079E-11
2032 .4444576E-11
2033 .4444064E-11
2034 .4443562E-11
2035 .4443062E-11
2036 .4442560E-11
2037 .4442064E-11
2038 .4441570E-11
2039 .4441080E-11
2040 .4440587E-11
2041 .4440104E-11
2042 .4439620E-11
2043 .4439137E-11
2044 .4438659E-11
2045 .4438185E-11
2046 .4437709E-11
2047 .4437237E-11
2048 .4436771E-11
2049 .4436304E-11
2050 .4435841E-11
2051 .4435380E-11
2052 .4434922E-11
2053 .4434465E-11
2054 .4434014E-11
2055 .4433566E-11
2056 .4433112E-11
2057 .4432668E-11
2058 .4432225E-11
2059 .4431780E-11
2060 .4431346E-11
2061 .4430911E-11
2062 .4430479E-11
2063 .4430046E-11
2064 .4429619E-11
2065 .4429190E-11
2066 .4428770E-11
2067 .4428351E-11
2068 .4427930E-11
2069 .4427515E-11
2070 .4427101E-11
2071 .4426687E-11
2072 .4426281E-11
2073 .4425877E-11
2074 .4425475E-11
2075 .4425070E-11
2076 .4424672E-11
2077 .4424278E-11
2078 .4423882E-11
2079 .4423494E-11
2080 .4423104E-11
2081 .4422715E-11
2082 .4422336E-11
2083 .4421957E-11
2084 .4421574E-11
2085 .4421198E-11
2086 .4420824E-11
2087 .4420449E-11
2088 .4420081E-11
2089 .4419715E-11
2090 .4419351E-11
2091 .4418989E-11
2092 .4418629E-11
2093 .4418275E-11
2094 .4417916E-11
2095 .4417566E-11
2096 .4417214E-11
2097 .4416866E-11
2098 .4416522E-11
2099 .4416184E-11
2100 .4415840E-11
2101 .4415501E-11
2102 .4415165E-11
2103 .4414835E-11
2104 .4414503E-11
2105 .4414175E-11
2106 .4413846E-11
2107 .4413524E-11
2108 .4413203E-11
2109 .4412886E-11
2110 .4412569E-11
2111 .4412253E-11
2112 .4411943E-11
2113 .4411633E-11
2114 .4411324E-11
2115 .4411019E-11
2116 .4410718E-11
2117 .4410417E-11
2118 .4410125E-11
2119 .4409828E-11
2120 .4409527E-11
2121 .4409244E-11
2122 .4408953E-11
2123 .4408670E-11
2124 .4408385E-11
2125 .4408105E-11
2126 .4407825E-11
2127 .4407548E-11
2128 .4407274E-11
2129 .4406998E-11
2130 .4406731E-11
2131 .4406462E-11
2132 .4406198E-11
2133 .4405932E-11
2134 .4405675E-11
2135 .4405414E-11
2136 .4405161E-11
2137 .4404909E-11
2138 .4404658E-11
2139 .4404405E-11
2140 .4404158E-11
2141 .4403913E-11
2142 .4403677E-11
2143 .4403434E-11
2144 .4403194E-11
2145 .4402962E-11
2146 .4402725E-11
2147 .4402495E-11
2148 .4402269E-11
2149 .4402044E-11
2150 .4401820E-11
2151 .4401597E-11
2152 .4401378E-11
2153 .4401159E-11
2154 .4400945E-11
2155 .4400733E-11
2156 .4400523E-11
2157 .4400318E-11
2158 .4400108E-11
2159 .4399905E-11
2160 .4399701E-11
2161 .4399502E-11
2162 .4399306E-11
2163 .4399111E-11
2164 .4398921E-11
2165 .4398731E-11
2166 .4398540E-11
2167 .4398358E-11
2168 .4398172E-11
2169 .4397991E-11
2170 .4397813E-11
2171 .4397635E-11
2172 .4397458E-11
2173 .4397286E-11
2174 .4397118E-11
2175 .4396946E-11
2176 .4396783E-11
2177 .4396621E-11
2178 .4396460E-11
2179 .4396297E-11
2180 .4396142E-11
2181 .4395987E-11
2182 .4395831E-11
2183 .4395684E-11
2184 .4395535E-11
2185 .4395388E-11
2186 .4395241E-11
2187 .4395105E-11
2188 .4394958E-11
2189 .4394823E-11
2190 .4394691E-11
2191 .4394559E-11
2192 .4394422E-11
2193 .4394296E-11
2194 .4394169E-11
2195 .4394043E-11
2196 .4393920E-11
2197 .4393804E-11
2198 .4393683E-11
2199 .4393567E-11
2200 .4393455E-11
2201 .4393343E-11
2202 .4393234E-11
2203 .4393127E-11
2204 .4393020E-11
2205 .4392920E-11
2206 .4392818E-11
2207 .4392716E-11
2208 .4392623E-11
2209 .4392529E-11
2210 .4392433E-11
2211 .4392344E-11
2212 .4392253E-11
2213 .4392174E-11
2214 .4392085E-11
2215 .4392002E-11
2216 .4391924E-11
2217 .4391847E-11
2218 .4391771E-11
2219 .4391697E-11
2220 .4391631E-11
2221 .4391560E-11
2222 .4391490E-11
2223 .4391427E-11
2224 .4391366E-11
2225 .4391303E-11
2226 .4391244E-11
2227 .4391188E-11
2228 .4391135E-11
2229 .4391077E-11
2230 .4391029E-11
2231 .4390979E-11
2232 .4390936E-11
2233 .4390891E-11
2234 .4390850E-11
2235 .4390807E-11
2236 .4390769E-11
2237 .4390732E-11
2238 .4390701E-11
2239 .4390669E-11
2240 .4390642E-11
2241 .4390611E-11
2242 .4390586E-11
2243 .4390565E-11
2244 .4390541E-11
2245 .4390521E-11
2246 .4390505E-11
2247 .4390489E-11
2248 .4390473E-11
2249 .4390461E-11
2250 .4390452E-11
2251 .4390445E-11
2252 .4390441E-11
2253 .4390437E-11
2254 .4390434E-11
2255 .4390433E-11
2256 .4390438E-11
2257 .4390442E-11
2258 .4390445E-11
2259 .4390455E-11
2260 .4390463E-11
2261 .4390475E-11
2262 .4390486E-11
2263 .4390504E-11
2264 .4390522E-11
2265 .4390537E-11
2266 .4390562E-11
2267 .4390583E-11
2268 .4390608E-11
2269 .4390637E-11
2270 .4390665E-11
2271 .4390694E-11
2272 .4390725E-11
2273 .4390759E-11
2274 .4390794E-11
2275 .4390831E-11
2276 .4390868E-11
2277 .4390909E-11
2278 .4390951E-11
2279 .4390997E-11
2280 .4391043E-11
2281 .4391091E-11
2282 .4391141E-11
2283 .4391191E-11
2284 .4391244E-11
2285 .4391305E-11
2286 .4391355E-11
2287 .4391415E-11
2288 .4391475E-11
2289 .4391536E-11
2290 .4391594E-11
2291 .4391665E-11
2292 .4391730E-11
2293 .4391794E-11
2294 .4391866E-11
2295 .4391936E-11
2296 .4392010E-11
2297 .4392085E-11
2298 .4392161E-11
2299 .4392241E-11
2300 .4392319E-11
2301 .4392399E-11
2302 .4392484E-11
2303 .4392566E-11
2304 .4392654E-11
2305 .4392741E-11
2306 .4392829E-11
2307 .4392917E-11
2308 .4393010E-11
2309 .4393104E-11
2310 .4393202E-11
2311 .4393300E-11
2312 .4393395E-11
2313 .4393496E-11
2314 .4393593E-11
2315 .4393696E-11
2316 .4393802E-11
2317 .4393909E-11
2318 .4394009E-11
2319 .4394119E-11
2320 .4394230E-11
2321 .4394343E-11
2322 .4394455E-11
2323 .4394570E-11
2324 .4394688E-11
2325 .4394806E-11
2326 .4394925E-11
2327 .4395044E-11
2328 .4395168E-11
2329 .4395287E-11
2330 .4395411E-11
2331 .4395539E-11
2332 .4395664E-11
2333 .4395791E-11
2334 .4395921E-11
2335 .4396052E-11
2336 .4396185E-11
2337 .4396320E-11
2338 .4396452E-11
2339 .4396592E-11
2340 .4396726E-11
2341 .4396863E-11
2342 .4397006E-11
2343 .4397150E-11
2344 .4397288E-11
2345 .4397435E-11
2346 .4397581E-11
2347 .4397730E-11
2348 .4397876E-11
2349 .4398027E-11
2350 .4398173E-11
2351 .4398326E-11
2352 .4398476E-11
2353 .4398632E-11
2354 .4398790E-11
2355 .4398944E-11
2356 .4399103E-11
2357 .4399262E-11
2358 .4399421E-11
2359 .4399585E-11
2360 .4399744E-11
2361 .4399910E-11
2362 .4400070E-11
2363 .4400235E-11
2364 .4400405E-11
2365 .4400572E-11
2366 .4400739E-11
2367 .4400910E-11
2368 .4401082E-11
2369 .4401254E-11
2370 .4401427E-11
2371 .4401606E-11
2372 .4401783E-11
2373 .4401957E-11
2374 .4402135E-11
2375 .4402318E-11
2376 .4402494E-11
2377 .4402673E-11
2378 .4402855E-11
2379 .4403038E-11
2380 .4403226E-11
2381 .4403412E-11
2382 .4403595E-11
2383 .4403784E-11
2384 .4403971E-11
2385 .4404156E-11
2386 .4404352E-11
2387 .4404541E-11
2388 .4404734E-11
2389 .4404926E-11
2390 .4405119E-11
2391 .4405317E-11
2392 .4405510E-11
2393 .4405706E-11
2394 .4405906E-11
2395 .4406104E-11
2396 .4406304E-11
2397 .4406504E-11
2398 .4406703E-11
2399 .4406908E-11
2400 .4407111E-11
2401 .4407314E-11
2402 .4407521E-11
2403 .4407725E-11
2404 .4407935E-11
2405 .4408139E-11
2406 .4408349E-11
2407 .4408557E-11
2408 .4408766E-11
2409 .4408977E-11
2410 .4409188E-11
2411 .4409403E-11
2412 .4409613E-11
2413 .4409828E-11
2414 .4410046E-11
2415 .4410259E-11
2416 .4410475E-11
2417 .4410691E-11
2418 .4410908E-11
2419 .4411127E-11
2420 .4411349E-11
2421 .4411568E-11
2422 .4411786E-11
2423 .4412008E-11
2424 .4412234E-11
2425 .4412454E-11
2426 .4412677E-11
2427 .4412899E-11
2428 .4413128E-11
2429 .4413351E-11
2430 .4413576E-11
2431 .4413805E-11
2432 .4414034E-11
2433 .4414261E-11
2434 .4414488E-11
2435 .4414719E-11
2436 .4414950E-11
2437 .4415175E-11
2438 .4415411E-11
2439 .4415644E-11
2440 .4415879E-11
2441 .4416109E-11
2442 .4416344E-11
2443 .4416578E-11
2444 .4416810E-11
2445 .4417047E-11
2446 .4417280E-11
2447 .4417518E-11
2448 .4417752E-11
2449 .4417992E-11
2450 .4418230E-11
2451 .4418467E-11
2452 .4418708E-11
2453 .4418947E-11
2454 .4419185E-11
2455 .4419425E-11
2456 .4419670E-11
2457 .4419911E-11
2458 .4420149E-11
2459 .4420392E-11
2460 .4420637E-11
2461 .4420882E-11
2462 .4421125E-11
2463 .4421368E-11
2464 .4421612E-11
2465 .4421859E-11
2466 .4422102E-11
2467 .4422350E-11
2468 .4422594E-11
2469 .4422840E-11
2470 .4423088E-11
2471 .4423333E-11
2472 .4423579E-11
2473 .4423828E-11
2474 .4424076E-11
2475 .4424326E-11
2476 .4424575E-11
2477 .4424824E-11
2478 .4425073E-11
2479 .4425323E-11
2480 .4425576E-11
2481 .4425822E-11
2482 .4426074E-11
2483 .4426328E-11
2484 .4426577E-11
2485 .4426827E-11
2486 .4427082E-11
2487 .4427331E-11
2488 .4427585E-11
2489 .4427835E-11
2490 .4428088E-11
2491 .4428344E-11
2492 .4428596E-11
2493 .4428849E-11
2494 .4429105E-11
2495 .4429356E-11
2496 .4429611E-11
2497 .4429870E-11
2498 .4430122E-11
2499 .4430377E-11
2500 .4430630E-11
