 45.0    1000.00   .8671549E-15
 45.0    1010.00   .3344137E-14
 45.0    1020.00   .9013630E-14
 45.0    1030.00   .1992991E-13
 45.0    1040.00   .3874191E-13
 45.0    1050.00   .6870192E-13
 45.0    1060.00   .1136415E-12
 45.0    1070.00   .1779114E-12
 45.0    1080.00   .2662825E-12
 45.0    1090.00   .3838104E-12
 45.0    1100.00   .5356595E-12
 45.0    1110.00   .7268962E-12
 45.0    1120.00   .9622512E-12
 45.0    1130.00   .1245857E-11
 45.0    1140.00   .1580977E-11
 45.0    1150.00   .1969724E-11
 45.0    1160.00   .2412790E-11
 45.0    1170.00   .2909197E-11
 45.0    1180.00   .3456076E-11
 45.0    1190.00   .4048503E-11
 45.0    1200.00   .4679387E-11
 45.0    1210.00   .5339431E-11
 45.0    1220.00   .6017188E-11
 45.0    1230.00   .6699200E-11
 45.0    1240.00   .7370234E-11
 45.0    1250.00   .8013641E-11
 45.0    1260.00   .8613469E-11
 45.0    1270.00   .9160825E-11
 45.0    1280.00   .9650528E-11
 45.0    1290.00   .1007966E-10
 45.0    1300.00   .1044750E-10
 45.0    1310.00   .1075539E-10
 45.0    1320.00   .1100656E-10
 45.0    1330.00   .1120587E-10
 45.0    1340.00   .1135953E-10
 45.0    1350.00   .1147494E-10
 45.0    1360.00   .1156035E-10
 45.0    1370.00   .1162468E-10
 45.0    1380.00   .1167722E-10
 45.0    1390.00   .1172363E-10
 45.0    1400.00   .1176581E-10
 45.0    1410.00   .1180541E-10
 45.0    1420.00   .1184411E-10
 45.0    1430.00   .1188358E-10
 45.0    1440.00   .1192550E-10
 45.0    1450.00   .1197155E-10
 45.0    1460.00   .1202348E-10
 45.0    1470.00   .1208304E-10
 45.0    1480.00   .1215210E-10
 45.0    1490.00   .1223252E-10
 45.0    1500.00   .1232634E-10
 45.0    1510.00   .1243526E-10
 45.0    1520.00   .1255958E-10
 45.0    1530.00   .1269923E-10
 45.0    1540.00   .1285412E-10
 45.0    1550.00   .1302415E-10
 45.0    1560.00   .1320926E-10
 45.0    1570.00   .1340931E-10
 45.0    1580.00   .1362423E-10
 45.0    1590.00   .1385385E-10
 45.0    1600.00   .1409803E-10
 45.0    1610.00   .1435661E-10
 45.0    1620.00   .1462940E-10
 45.0    1630.00   .1491616E-10
 45.0    1640.00   .1521664E-10
 45.0    1650.00   .1553056E-10
 45.0    1660.00   .1585759E-10
 45.0    1670.00   .1619735E-10
 45.0    1680.00   .1654943E-10
 45.0    1690.00   .1691334E-10
 45.0    1700.00   .1728857E-10
 45.0    1710.00   .1767453E-10
 45.0    1720.00   .1807055E-10
 45.0    1730.00   .1847594E-10
 45.0    1740.00   .1888988E-10
 45.0    1750.00   .1931153E-10
 45.0    1760.00   .1974006E-10
 45.0    1770.00   .2017509E-10
 45.0    1780.00   .2061638E-10
 45.0    1790.00   .2106361E-10
 45.0    1800.00   .2151644E-10
 45.0    1810.00   .2197454E-10
 45.0    1820.00   .2243747E-10
 45.0    1830.00   .2290483E-10
 45.0    1840.00   .2337615E-10
 45.0    1850.00   .2385093E-10
 45.0    1860.00   .2432862E-10
 45.0    1870.00   .2480867E-10
 45.0    1880.00   .2529046E-10
 45.0    1890.00   .2577337E-10
 45.0    1900.00   .2625672E-10
 45.0    1910.00   .2673978E-10
 45.0    1920.00   .2722182E-10
 45.0    1930.00   .2770207E-10
 45.0    1940.00   .2817969E-10
 45.0    1950.00   .2865386E-10
 45.0    1960.00   .2912368E-10
 45.0    1970.00   .2958825E-10
 45.0    1980.00   .3004663E-10
 45.0    1990.00   .3049785E-10
 45.0    2000.00   .3094089E-10
 45.0    2010.00   .3137493E-10
 45.0    2020.00   .3179984E-10
 45.0    2030.00   .3221573E-10
 45.0    2040.00   .3262271E-10
 45.0    2050.00   .3302093E-10
 45.0    2060.00   .3341059E-10
 45.0    2070.00   .3379189E-10
 45.0    2080.00   .3416504E-10
 45.0    2090.00   .3453034E-10
 45.0    2100.00   .3488806E-10
 45.0    2110.00   .3523852E-10
 45.0    2120.00   .3558207E-10
 45.0    2130.00   .3591905E-10
 45.0    2140.00   .3624988E-10
 45.0    2150.00   .3657494E-10
 45.0    2160.00   .3689467E-10
 45.0    2170.00   .3720955E-10
 45.0    2180.00   .3752002E-10
 45.0    2190.00   .3782662E-10
 45.0    2200.00   .3812984E-10
 45.0    2210.00   .3843022E-10
 45.0    2220.00   .3872831E-10
 45.0    2230.00   .3902470E-10
 45.0    2240.00   .3931997E-10
 45.0    2250.00   .3961475E-10
 45.0    2260.00   .3990956E-10
 45.0    2270.00   .4020451E-10
 45.0    2280.00   .4049967E-10
 45.0    2290.00   .4079504E-10
 45.0    2300.00   .4109068E-10
 45.0    2310.00   .4138662E-10
 45.0    2320.00   .4168289E-10
 45.0    2330.00   .4197956E-10
 45.0    2340.00   .4227666E-10
 45.0    2350.00   .4257421E-10
 45.0    2360.00   .4287231E-10
 45.0    2370.00   .4317099E-10
 45.0    2380.00   .4347028E-10
 45.0    2390.00   .4377028E-10
 45.0    2400.00   .4407103E-10
 45.0    2410.00   .4437259E-10
 45.0    2420.00   .4467505E-10
 45.0    2430.00   .4497845E-10
 45.0    2440.00   .4528286E-10
 45.0    2450.00   .4558838E-10
 45.0    2460.00   .4589505E-10
 45.0    2470.00   .4620299E-10
 45.0    2480.00   .4651223E-10
 45.0    2490.00   .4682285E-10
 45.0    2500.00   .4713496E-10
 45.0    2510.00   .4574080E-10
 45.0    2520.00   .5778331E-10
 45.0    2530.00   .5900499E-10
 45.0    2540.00   .5202695E-10
 45.0    2550.00   .5156005E-10
 45.0    2560.00   .4983075E-10
 45.0    2570.00   .5162001E-10
 45.0    2580.00   .5076633E-10
 45.0    2590.00   .3991000E-10
 45.0    2600.00   .3004577E-10
 45.0    2610.00   .3624800E-10
 45.0    2620.00   .4664096E-10
 45.0    2630.00   .4331998E-10
 45.0    2640.00   .4337362E-10
 45.0    2650.00   .5024425E-10
 45.0    2660.00   .4637734E-10
 45.0    2670.00   .4806292E-10
 45.0    2680.00   .5812930E-10
 45.0    2690.00   .7104149E-10
 45.0    2700.00   .1003231E-09
 45.0    2710.00   .1239338E-09
 45.0    2720.00   .1235950E-09
 45.0    2730.00   .1387309E-09
 45.0    2740.00   .1499075E-09
 45.0    2750.00   .1509608E-09
 45.0    2760.00   .1562800E-09
 45.0    2770.00   .1568412E-09
 45.0    2780.00   .1540832E-09
 45.0    2790.00   .1580485E-09
 45.0    2800.00   .1610087E-09
 45.0    2810.00   .1614329E-09
 45.0    2820.00   .1672694E-09
 45.0    2830.00   .1760114E-09
 45.0    2840.00   .1625362E-09
 45.0    2850.00   .1449948E-09
 45.0    2860.00   .1637101E-09
 45.0    2870.00   .1990674E-09
 45.0    2880.00   .2409953E-09
 45.0    2890.00   .2782710E-09
 45.0    2900.00   .2966906E-09
 45.0    2910.00   .3050578E-09
 45.0    2920.00   .3186929E-09
 45.0    2930.00   .3192344E-09
 45.0    2940.00   .3206678E-09
 45.0    2950.00   .3216075E-09
 45.0    2960.00   .3086834E-09
 45.0    2970.00   .2827797E-09
 45.0    2980.00   .2763342E-09
 45.0    2990.00   .2791054E-09
 45.0    3000.00   .2518972E-09
 45.0    3010.00   .2285570E-09
 45.0    3020.00   .2410577E-09
 45.0    3030.00   .2475713E-09
 45.0    3040.00   .2299267E-09
 45.0    3050.00   .1676301E-09
 45.0    3060.00   .1585782E-09
 45.0    3070.00   .2582973E-09
 45.0    3080.00   .3228449E-09
 45.0    3090.00   .3203270E-09
 45.0    3100.00   .2675365E-09
 45.0    3110.00   .2323631E-09
 45.0    3120.00   .2153418E-09
 45.0    3130.00   .2356274E-09
 45.0    3140.00   .2951073E-09
 45.0    3150.00   .3311641E-09
 45.0    3160.00   .3602453E-09
 45.0    3170.00   .3767035E-09
 45.0    3180.00   .3911743E-09
 45.0    3190.00   .4520896E-09
 45.0    3200.00   .5211363E-09
 45.0    3210.00   .4793239E-09
 45.0    3220.00   .4109588E-09
 45.0    3230.00   .3311751E-09
 45.0    3240.00   .2753394E-09
 45.0    3250.00   .3275180E-09
 45.0    3260.00   .3215973E-09
 45.0    3270.00   .3129006E-09
 45.0    3280.00   .4001342E-09
 45.0    3290.00   .2923808E-09
 45.0    3300.00   .2676472E-09
 45.0    3310.00   .3232469E-09
 45.0    3320.00   .3262156E-09
 45.0    3330.00   .3481823E-09
 45.0    3340.00   .3674595E-09
 45.0    3350.00   .3324921E-09
 45.0    3360.00   .3751158E-09
 45.0    3370.00   .3226914E-09
 45.0    3380.00   .3316717E-09
 45.0    3390.00   .3347355E-09
 45.0    3400.00   .3533119E-09
 45.0    3410.00   .3680791E-09
 45.0    3420.00   .3646699E-09
 45.0    3430.00   .3602400E-09
 45.0    3440.00   .3604735E-09
 45.0    3450.00   .3548284E-09
 45.0    3460.00   .3496902E-09
 45.0    3470.00   .3623903E-09
 45.0    3480.00   .3594076E-09
 45.0    3490.00   .3423834E-09
 45.0    3500.00   .3617589E-09
 45.0    3510.00   .3827807E-09
 45.0    3520.00   .3996405E-09
 45.0    3530.00   .4205765E-09
 45.0    3540.00   .4236831E-09
 45.0    3550.00   .4206792E-09
 45.0    3560.00   .4280829E-09
 45.0    3570.00   .4325885E-09
 45.0    3580.00   .4341016E-09
 45.0    3590.00   .4343459E-09
 45.0    3600.00   .4267341E-09
 45.0    3610.00   .4186819E-09
 45.0    3620.00   .4031498E-09
 45.0    3630.00   .3969535E-09
 45.0    3640.00   .4043151E-09
 45.0    3650.00   .4150280E-09
 45.0    3660.00   .4483970E-09
 45.0    3670.00   .4923018E-09
 45.0    3680.00   .5139825E-09
 45.0    3690.00   .5680013E-09
 45.0    3700.00   .5750285E-09
 45.0    3710.00   .5275584E-09
 45.0    3720.00   .4935656E-09
 45.0    3730.00   .4830373E-09
 45.0    3740.00   .4590117E-09
 45.0    3750.00   .4283562E-09
 45.0    3760.00   .4086471E-09
 45.0    3770.00   .3946401E-09
 45.0    3780.00   .3801164E-09
 45.0    3790.00   .3591217E-09
 45.0    3800.00   .3355160E-09
 45.0    3810.00   .3372582E-09
 45.0    3820.00   .3548971E-09
 45.0    3830.00   .3668140E-09
 45.0    3840.00   .4002114E-09
 45.0    3850.00   .4430065E-09
 45.0    3860.00   .5121818E-09
 45.0    3870.00   .5686164E-09
 45.0    3880.00   .6021335E-09
 45.0    3890.00   .6604079E-09
 45.0    3900.00   .6969859E-09
 45.0    3910.00   .7425987E-09
 45.0    3920.00   .7897018E-09
 45.0    3930.00   .7926975E-09
 45.0    3940.00   .8084596E-09
 45.0    3950.00   .8609303E-09
 45.0    3960.00   .8817051E-09
 45.0    3970.00   .8514584E-09
 45.0    3980.00   .8472230E-09
 45.0    3990.00   .8330678E-09
 45.0    4000.00   .7937833E-09
 45.0    4010.00   .7578329E-09
 45.0    4020.00   .7322749E-09
 45.0    4030.00   .7077010E-09
 45.0    4040.00   .6977241E-09
 45.0    4050.00   .6925853E-09
 45.0    4060.00   .7031414E-09
 45.0    4070.00   .7018421E-09
 45.0    4080.00   .6932994E-09
 45.0    4090.00   .6771512E-09
 45.0    4100.00   .6673737E-09
 45.0    4110.00   .6565363E-09
 45.0    4120.00   .6493908E-09
 45.0    4130.00   .6486554E-09
 45.0    4140.00   .6549380E-09
 45.0    4150.00   .6531347E-09
 45.0    4160.00   .6580529E-09
 45.0    4170.00   .6686412E-09
 45.0    4180.00   .6928121E-09
 45.0    4190.00   .7156746E-09
 45.0    4200.00   .7231556E-09
 45.0    4210.00   .7246306E-09
 45.0    4220.00   .7312743E-09
 45.0    4230.00   .7225073E-09
 45.0    4240.00   .7177858E-09
 45.0    4250.00   .7318723E-09
 45.0    4260.00   .7375558E-09
 45.0    4270.00   .7447450E-09
 45.0    4280.00   .7622286E-09
 45.0    4290.00   .7905687E-09
 45.0    4300.00   .8036381E-09
 45.0    4310.00   .8206721E-09
 45.0    4320.00   .8318808E-09
 45.0    4330.00   .8269658E-09
 45.0    4340.00   .8057231E-09
 45.0    4350.00   .7712090E-09
 45.0    4360.00   .7414337E-09
 45.0    4370.00   .6979715E-09
 45.0    4380.00   .6491204E-09
 45.0    4390.00   .6059498E-09
 45.0    4400.00   .5784468E-09
 45.0    4410.00   .5699052E-09
 45.0    4420.00   .5596858E-09
 45.0    4430.00   .5523629E-09
 45.0    4440.00   .5675301E-09
 45.0    4450.00   .5845768E-09
 45.0    4460.00   .5957567E-09
 45.0    4470.00   .6086502E-09
 45.0    4480.00   .6370016E-09
 45.0    4490.00   .6777245E-09
 45.0    4500.00   .7263383E-09
 45.0    4510.00   .7739870E-09
 45.0    4520.00   .8505251E-09
 45.0    4530.00   .9412024E-09
 45.0    4540.00   .1044390E-08
 45.0    4550.00   .1177460E-08
 45.0    4560.00   .1331505E-08
 45.0    4570.00   .1447579E-08
 45.0    4580.00   .1531139E-08
 45.0    4590.00   .1615256E-08
 45.0    4600.00   .1662439E-08
 45.0    4610.00   .1698201E-08
 45.0    4620.00   .1744119E-08
 45.0    4630.00   .1774760E-08
 45.0    4640.00   .1786659E-08
 45.0    4650.00   .1740878E-08
 45.0    4660.00   .1633436E-08
 45.0    4670.00   .1500099E-08
 45.0    4680.00   .1340007E-08
 45.0    4690.00   .1215188E-08
 45.0    4700.00   .1110821E-08
 45.0    4710.00   .1031979E-08
 45.0    4720.00   .9567413E-09
 45.0    4730.00   .8977842E-09
 45.0    4740.00   .8694378E-09
 45.0    4750.00   .8529659E-09
 45.0    4760.00   .8302239E-09
 45.0    4770.00   .8456775E-09
 45.0    4780.00   .8736552E-09
 45.0    4790.00   .9295265E-09
 45.0    4800.00   .9810969E-09
 45.0    4810.00   .1065986E-08
 45.0    4820.00   .1121280E-08
 45.0    4830.00   .1138609E-08
 45.0    4840.00   .1121258E-08
 45.0    4850.00   .1089581E-08
 45.0    4860.00   .1080761E-08
 45.0    4870.00   .1111396E-08
 45.0    4880.00   .1139296E-08
 45.0    4890.00   .1175746E-08
 45.0    4900.00   .1260583E-08
 45.0    4910.00   .1355557E-08
 45.0    4920.00   .1442405E-08
 45.0    4930.00   .1554855E-08
 45.0    4940.00   .1598268E-08
 45.0    4950.00   .1618842E-08
 45.0    4960.00   .1598588E-08
 45.0    4970.00   .1514852E-08
 45.0    4980.00   .1412868E-08
 45.0    4990.00   .1306484E-08
 45.0    5000.00   .1197886E-08
 45.0    5010.00   .1120642E-08
 45.0    5020.00   .1039174E-08
 45.0    5030.00   .9823201E-09
 45.0    5040.00   .9490310E-09
 45.0    5050.00   .9183146E-09
 45.0    5060.00   .8876472E-09
 45.0    5070.00   .8725215E-09
 45.0    5080.00   .8504715E-09
 45.0    5090.00   .8446481E-09
 45.0    5100.00   .8291304E-09
 45.0    5110.00   .8264722E-09
 45.0    5120.00   .8203030E-09
 45.0    5130.00   .8203658E-09
 45.0    5140.00   .8247015E-09
 45.0    5150.00   .8390015E-09
 45.0    5160.00   .8624314E-09
 45.0    5170.00   .8939817E-09
 45.0    5180.00   .9233412E-09
 45.0    5190.00   .9688677E-09
 45.0    5200.00   .1021622E-08
 45.0    5210.00   .1084119E-08
 45.0    5220.00   .1176255E-08
 45.0    5230.00   .1243912E-08
 45.0    5240.00   .1304013E-08
 45.0    5250.00   .1357007E-08
 45.0    5260.00   .1403555E-08
 45.0    5270.00   .1464713E-08
 45.0    5280.00   .1518835E-08
 45.0    5290.00   .1573836E-08
 45.0    5300.00   .1617418E-08
 45.0    5310.00   .1649557E-08
 45.0    5320.00   .1640303E-08
 45.0    5330.00   .1622253E-08
 45.0    5340.00   .1608022E-08
 45.0    5350.00   .1577490E-08
 45.0    5360.00   .1539158E-08
 45.0    5370.00   .1523550E-08
 45.0    5380.00   .1525422E-08
 45.0    5390.00   .1565887E-08
 45.0    5400.00   .1629098E-08
 45.0    5410.00   .1699486E-08
 45.0    5420.00   .1772040E-08
 45.0    5430.00   .1834175E-08
 45.0    5440.00   .1897902E-08
 45.0    5450.00   .1949301E-08
 45.0    5460.00   .1990703E-08
 45.0    5470.00   .2008987E-08
 45.0    5480.00   .2031065E-08
 45.0    5490.00   .2019051E-08
 45.0    5500.00   .2014259E-08
 45.0    5510.00   .1994187E-08
 45.0    5520.00   .1972876E-08
 45.0    5530.00   .1946526E-08
 45.0    5540.00   .1931727E-08
 45.0    5550.00   .1882996E-08
 45.0    5560.00   .1843168E-08
 45.0    5570.00   .1803329E-08
 45.0    5580.00   .1754885E-08
 45.0    5590.00   .1701023E-08
 45.0    5600.00   .1639672E-08
 45.0    5610.00   .1600810E-08
 45.0    5620.00   .1547923E-08
 45.0    5630.00   .1491569E-08
 45.0    5640.00   .1426357E-08
 45.0    5650.00   .1355982E-08
 45.0    5660.00   .1308441E-08
 45.0    5670.00   .1258540E-08
 45.0    5680.00   .1215354E-08
 45.0    5690.00   .1182549E-08
 45.0    5700.00   .1129892E-08
 45.0    5710.00   .1101705E-08
 45.0    5720.00   .1082237E-08
 45.0    5730.00   .1084028E-08
 45.0    5740.00   .1091478E-08
 45.0    5750.00   .1103779E-08
 45.0    5760.00   .1146741E-08
 45.0    5770.00   .1185902E-08
 45.0    5780.00   .1240292E-08
 45.0    5790.00   .1297648E-08
 45.0    5800.00   .1360404E-08
 45.0    5810.00   .1406410E-08
 45.0    5820.00   .1455575E-08
 45.0    5830.00   .1503689E-08
 45.0    5840.00   .1547405E-08
 45.0    5850.00   .1593369E-08
 45.0    5860.00   .1628590E-08
 45.0    5870.00   .1654320E-08
 45.0    5880.00   .1650027E-08
 45.0    5890.00   .1628696E-08
 45.0    5900.00   .1596770E-08
 45.0    5910.00   .1586378E-08
 45.0    5920.00   .1549968E-08
 45.0    5930.00   .1496721E-08
 45.0    5940.00   .1422496E-08
 45.0    5950.00   .1353847E-08
 45.0    5960.00   .1274844E-08
 45.0    5970.00   .1200202E-08
 45.0    5980.00   .1163422E-08
 45.0    5990.00   .1130174E-08
 45.0    6000.00   .1118277E-08
 45.0    6010.00   .1112988E-08
 45.0    6020.00   .1111327E-08
 45.0    6030.00   .1098891E-08
 45.0    6040.00   .1071286E-08
 45.0    6050.00   .1046795E-08
 45.0    6060.00   .1027697E-08
 45.0    6070.00   .1003798E-08
 45.0    6080.00   .9916203E-09
 45.0    6090.00   .9822543E-09
 45.0    6100.00   .9715460E-09
 45.0    6110.00   .9497388E-09
 45.0    6120.00   .9191976E-09
 45.0    6130.00   .8858136E-09
 45.0    6140.00   .8539024E-09
 45.0    6150.00   .8174993E-09
 45.0    6160.00   .8067376E-09
 45.0    6170.00   .8066955E-09
 45.0    6180.00   .8027833E-09
 45.0    6190.00   .8157220E-09
 45.0    6200.00   .8578100E-09
 45.0    6210.00   .8845829E-09
 45.0    6220.00   .9042391E-09
 45.0    6230.00   .9158415E-09
 45.0    6240.00   .9201066E-09
 45.0    6250.00   .9281180E-09
 45.0    6260.00   .9513382E-09
 45.0    6270.00   .9567684E-09
 45.0    6280.00   .9395853E-09
 45.0    6290.00   .9909304E-09
 45.0    6300.00   .1034024E-08
 45.0    6310.00   .1073573E-08
 45.0    6320.00   .1100210E-08
 45.0    6330.00   .1144837E-08
 45.0    6340.00   .1189234E-08
 45.0    6350.00   .1242568E-08
 45.0    6360.00   .1320535E-08
 45.0    6370.00   .1362861E-08
 45.0    6380.00   .1401590E-08
 45.0    6390.00   .1455654E-08
 45.0    6400.00   .1519142E-08
 45.0    6410.00   .1518680E-08
 45.0    6420.00   .1539857E-08
 45.0    6430.00   .1569758E-08
 45.0    6440.00   .1585631E-08
 45.0    6450.00   .1598291E-08
 45.0    6460.00   .1595249E-08
 45.0    6470.00   .1601312E-08
 45.0    6480.00   .1624564E-08
 45.0    6490.00   .1624138E-08
 45.0    6500.00   .1623143E-08
 45.0    6510.00   .1638986E-08
 45.0    6520.00   .1620821E-08
 45.0    6530.00   .1607853E-08
 45.0    6540.00   .1595927E-08
 45.0    6550.00   .1582686E-08
 45.0    6560.00   .1592478E-08
 45.0    6570.00   .1570125E-08
 45.0    6580.00   .1531411E-08
 45.0    6590.00   .1491203E-08
 45.0    6600.00   .1459424E-08
 45.0    6610.00   .1390920E-08
 45.0    6620.00   .1314704E-08
 45.0    6630.00   .1261969E-08
 45.0    6640.00   .1203751E-08
 45.0    6650.00   .1164457E-08
 45.0    6660.00   .1116769E-08
 45.0    6670.00   .1080956E-08
 45.0    6680.00   .1036229E-08
 45.0    6690.00   .9976909E-09
 45.0    6700.00   .9706704E-09
 45.0    6710.00   .9370965E-09
 45.0    6720.00   .9227891E-09
 45.0    6730.00   .9139075E-09
 45.0    6740.00   .8779285E-09
 45.0    6750.00   .8385748E-09
 45.0    6760.00   .8236084E-09
 45.0    6770.00   .7981509E-09
 45.0    6780.00   .7747388E-09
 45.0    6790.00   .7547022E-09
 45.0    6800.00   .7411127E-09
 45.0    6810.00   .7299169E-09
 45.0    6820.00   .7202330E-09
 45.0    6830.00   .7075116E-09
 45.0    6840.00   .6970589E-09
 45.0    6850.00   .6918290E-09
 45.0    6860.00   .6542863E-09
 45.0    6870.00   .6124304E-09
 45.0    6880.00   .6019098E-09
 45.0    6890.00   .6174653E-09
 45.0    6900.00   .6294001E-09
 45.0    6910.00   .6484843E-09
 45.0    6920.00   .6572952E-09
 45.0    6930.00   .6651165E-09
 45.0    6940.00   .6685684E-09
 45.0    6950.00   .6666495E-09
 45.0    6960.00   .6630038E-09
 45.0    6970.00   .6628320E-09
 45.0    6980.00   .6536730E-09
 45.0    6990.00   .6465965E-09
 45.0    7000.00   .6359642E-09
 45.0    7010.00   .6296887E-09
 45.0    7020.00   .6203005E-09
 45.0    7030.00   .6229413E-09
 45.0    7040.00   .6223541E-09
 45.0    7050.00   .6242711E-09
 45.0    7060.00   .6164892E-09
 45.0    7070.00   .6148733E-09
 45.0    7080.00   .6159916E-09
 45.0    7090.00   .6200368E-09
 45.0    7100.00   .6240542E-09
 45.0    7110.00   .6315612E-09
 45.0    7120.00   .6424774E-09
 45.0    7130.00   .6527805E-09
 45.0    7140.00   .6613959E-09
 45.0    7150.00   .6710286E-09
 45.0    7160.00   .6769802E-09
 45.0    7170.00   .6707909E-09
 45.0    7180.00   .6631890E-09
 45.0    7190.00   .6517777E-09
 45.0    7200.00   .6563683E-09
 45.0    7210.00   .6754925E-09
 45.0    7220.00   .6898444E-09
 45.0    7230.00   .6747993E-09
 45.0    7240.00   .6600486E-09
 45.0    7250.00   .6639056E-09
 45.0    7260.00   .6707980E-09
 45.0    7270.00   .6767294E-09
 45.0    7280.00   .6766822E-09
 45.0    7290.00   .6827335E-09
 45.0    7300.00   .6848930E-09
 45.0    7310.00   .6891813E-09
 45.0    7320.00   .7096956E-09
 45.0    7330.00   .7202132E-09
 45.0    7340.00   .7306532E-09
 45.0    7350.00   .7276824E-09
 45.0    7360.00   .7313496E-09
 45.0    7370.00   .7348030E-09
 45.0    7380.00   .7373510E-09
 45.0    7390.00   .7429004E-09
 45.0    7400.00   .7412009E-09
 45.0    7410.00   .7392188E-09
 45.0    7420.00   .7018753E-09
 45.0    7430.00   .6903451E-09
 45.0    7440.00   .6924714E-09
 45.0    7450.00   .6691367E-09
 45.0    7460.00   .6612433E-09
 45.0    7470.00   .6531468E-09
 45.0    7480.00   .6388452E-09
 45.0    7490.00   .6342809E-09
 45.0    7500.00   .6250398E-09
 45.0    7510.00   .6173949E-09
 45.0    7520.00   .6084658E-09
 45.0    7530.00   .6048131E-09
 45.0    7540.00   .6130550E-09
 45.0    7550.00   .6229997E-09
 45.0    7560.00   .6317136E-09
 45.0    7570.00   .6335089E-09
 45.0    7580.00   .6431958E-09
 45.0    7590.00   .5415254E-09
 45.0    7600.00   .3830945E-09
 45.0    7610.00   .3161277E-09
 45.0    7620.00   .3976294E-09
 45.0    7630.00   .4238685E-09
 45.0    7640.00   .4328147E-09
 45.0    7650.00   .5236790E-09
 45.0    7660.00   .5731065E-09
 45.0    7670.00   .6211120E-09
 45.0    7680.00   .6506227E-09
 45.0    7690.00   .6672543E-09
 45.0    7700.00   .6751643E-09
 45.0    7710.00   .6772654E-09
 45.0    7720.00   .6734742E-09
 45.0    7730.00   .6710858E-09
 45.0    7740.00   .6660782E-09
 45.0    7750.00   .6572609E-09
 45.0    7760.00   .6644793E-09
 45.0    7770.00   .6544836E-09
 45.0    7780.00   .6335943E-09
 45.0    7790.00   .6320922E-09
 45.0    7800.00   .6449732E-09
 45.0    7810.00   .6497795E-09
 45.0    7820.00   .6482564E-09
 45.0    7830.00   .6563132E-09
 45.0    7840.00   .6572248E-09
 45.0    7850.00   .6639540E-09
 45.0    7860.00   .6691683E-09
 45.0    7870.00   .6573978E-09
 45.0    7880.00   .6527223E-09
 45.0    7890.00   .6590669E-09
 45.0    7900.00   .6419440E-09
 45.0    7910.00   .6281377E-09
 45.0    7920.00   .6350946E-09
 45.0    7930.00   .6370718E-09
 45.0    7940.00   .6363170E-09
 45.0    7950.00   .6152114E-09
 45.0    7960.00   .5973056E-09
 45.0    7970.00   .5929700E-09
 45.0    7980.00   .5902748E-09
 45.0    7990.00   .5881262E-09
 45.0    8000.00   .5785483E-09
 45.0    8010.00   .5654253E-09
 45.0    8020.00   .5564426E-09
 45.0    8030.00   .5371575E-09
 45.0    8040.00   .5233719E-09
 45.0    8050.00   .5214792E-09
 45.0    8060.00   .5161497E-09
 45.0    8070.00   .4944187E-09
 45.0    8080.00   .4682353E-09
 45.0    8090.00   .4342629E-09
 45.0    8100.00   .4202335E-09
 45.0    8110.00   .3944056E-09
 45.0    8120.00   .3735076E-09
 45.0    8130.00   .3417846E-09
 45.0    8140.00   .3114998E-09
 45.0    8150.00   .2780599E-09
 45.0    8160.00   .2545525E-09
 45.0    8170.00   .2289955E-09
 45.0    8180.00   .2094501E-09
 45.0    8190.00   .1978658E-09
 45.0    8200.00   .1947582E-09
 45.0    8210.00   .1849610E-09
 45.0    8220.00   .1608221E-09
 45.0    8230.00   .1539541E-09
 45.0    8240.00   .1570417E-09
 45.0    8250.00   .1569967E-09
 45.0    8260.00   .1565837E-09
 45.0    8270.00   .1623907E-09
 45.0    8280.00   .1535229E-09
 45.0    8290.00   .1574356E-09
 45.0    8300.00   .1503078E-09
 45.0    8310.00   .1638157E-09
 45.0    8320.00   .1878192E-09
 45.0    8330.00   .2033970E-09
 45.0    8340.00   .2047771E-09
 45.0    8350.00   .2179293E-09
 45.0    8360.00   .2368145E-09
 45.0    8370.00   .2538966E-09
 45.0    8380.00   .2679716E-09
 45.0    8390.00   .2813646E-09
 45.0    8400.00   .2816266E-09
 45.0    8410.00   .2996069E-09
 45.0    8420.00   .3110726E-09
 45.0    8430.00   .3258290E-09
 45.0    8440.00   .3575333E-09
 45.0    8450.00   .4061786E-09
 45.0    8460.00   .4533481E-09
 45.0    8470.00   .5303762E-09
 45.0    8480.00   .5682865E-09
 45.0    8490.00   .5942068E-09
 45.0    8500.00   .6607791E-09
 45.0    8510.00   .6821552E-09
 45.0    8520.00   .6989637E-09
 45.0    8530.00   .7275611E-09
 45.0    8540.00   .7349073E-09
 45.0    8550.00   .7517526E-09
 45.0    8560.00   .7702224E-09
 45.0    8570.00   .7828194E-09
 45.0    8580.00   .7795193E-09
 45.0    8590.00   .7816534E-09
 45.0    8600.00   .7848115E-09
 45.0    8610.00   .7885639E-09
 45.0    8620.00   .7921397E-09
 45.0    8630.00   .7960553E-09
 45.0    8640.00   .7859143E-09
 45.0    8650.00   .8032300E-09
 45.0    8660.00   .8247635E-09
 45.0    8670.00   .8523191E-09
 45.0    8680.00   .8683784E-09
 45.0    8690.00   .8835543E-09
 45.0    8700.00   .9315369E-09
 45.0    8710.00   .9197947E-09
 45.0    8720.00   .9204908E-09
 45.0    8730.00   .9664883E-09
 45.0    8740.00   .9476998E-09
 45.0    8750.00   .9451816E-09
 45.0    8760.00   .9225004E-09
 45.0    8770.00   .9387751E-09
 45.0    8780.00   .9503086E-09
 45.0    8790.00   .9591895E-09
 45.0    8800.00   .9693589E-09
 45.0    8810.00   .9674256E-09
 45.0    8820.00   .9680320E-09
 45.0    8830.00   .9108297E-09
 45.0    8840.00   .9330066E-09
 45.0    8850.00   .9444293E-09
 45.0    8860.00   .9384809E-09
 45.0    8870.00   .9285247E-09
 45.0    8880.00   .9197793E-09
 45.0    8890.00   .8848686E-09
 45.0    8900.00   .8814042E-09
 45.0    8910.00   .8639058E-09
 45.0    8920.00   .8351363E-09
 45.0    8930.00   .8089211E-09
 45.0    8940.00   .7766098E-09
 45.0    8950.00   .7598664E-09
 45.0    8960.00   .7178102E-09
 45.0    8970.00   .7060210E-09
 45.0    8980.00   .6994704E-09
 45.0    8990.00   .6683662E-09
 45.0    9000.00   .6636458E-09
 45.0    9010.00   .6617062E-09
 45.0    9020.00   .6620269E-09
 45.0    9030.00   .6678169E-09
 45.0    9040.00   .6696188E-09
 45.0    9050.00   .6723538E-09
 45.0    9060.00   .6654670E-09
 45.0    9070.00   .6370209E-09
 45.0    9080.00   .6240786E-09
 45.0    9090.00   .6250187E-09
 45.0    9100.00   .6111013E-09
 45.0    9110.00   .6109002E-09
 45.0    9120.00   .6303960E-09
 45.0    9130.00   .5923510E-09
 45.0    9140.00   .5815095E-09
 45.0    9150.00   .5776111E-09
 45.0    9160.00   .5668803E-09
 45.0    9170.00   .5673757E-09
 45.0    9180.00   .5559101E-09
 45.0    9190.00   .5835605E-09
 45.0    9200.00   .5841151E-09
 45.0    9210.00   .5878500E-09
 45.0    9220.00   .5591445E-09
 45.0    9230.00   .5508282E-09
 45.0    9240.00   .5522216E-09
 45.0    9250.00   .5539302E-09
 45.0    9260.00   .5330043E-09
 45.0    9270.00   .5190446E-09
 45.0    9280.00   .4812792E-09
 45.0    9290.00   .4535886E-09
 45.0    9300.00   .4191167E-09
 45.0    9310.00   .3876732E-09
 45.0    9320.00   .3001928E-09
 45.0    9330.00   .2991396E-09
 45.0    9340.00   .2995417E-09
 45.0    9350.00   .3197939E-09
 45.0    9360.00   .3057152E-09
 45.0    9370.00   .3024853E-09
 45.0    9380.00   .2869703E-09
 45.0    9390.00   .3691009E-09
 45.0    9400.00   .3806064E-09
 45.0    9410.00   .4066360E-09
 45.0    9420.00   .3559363E-09
 45.0    9430.00   .3433400E-09
 45.0    9440.00   .3271965E-09
 45.0    9450.00   .3349563E-09
 45.0    9460.00   .3347938E-09
 45.0    9470.00   .3372950E-09
 45.0    9480.00   .3563179E-09
 45.0    9490.00   .3613520E-09
 45.0    9500.00   .3747289E-09
 45.0    9510.00   .3686509E-09
 45.0    9520.00   .3427528E-09
 45.0    9530.00   .3548534E-09
 45.0    9540.00   .3789175E-09
 45.0    9550.00   .3476121E-09
 45.0    9560.00   .3569594E-09
 45.0    9570.00   .3556845E-09
 45.0    9580.00   .3370510E-09
 45.0    9590.00   .3419679E-09
 45.0    9600.00   .3470851E-09
 45.0    9610.00   .3329045E-09
 45.0    9620.00   .3364999E-09
 45.0    9630.00   .3295975E-09
 45.0    9640.00   .3360461E-09
 45.0    9650.00   .3318427E-09
 45.0    9660.00   .3279784E-09
 45.0    9670.00   .3344472E-09
 45.0    9680.00   .3248630E-09
 45.0    9690.00   .3309771E-09
 45.0    9700.00   .3402661E-09
 45.0    9710.00   .3236604E-09
 45.0    9720.00   .3188004E-09
 45.0    9730.00   .3254280E-09
 45.0    9740.00   .3288293E-09
 45.0    9750.00   .3480158E-09
 45.0    9760.00   .3557601E-09
 45.0    9770.00   .3804676E-09
 45.0    9780.00   .3526784E-09
 45.0    9790.00   .3484700E-09
 45.0    9800.00   .3462462E-09
 45.0    9810.00   .3844037E-09
 45.0    9820.00   .3857637E-09
 45.0    9830.00   .3840614E-09
 45.0    9840.00   .4010531E-09
 45.0    9850.00   .4039512E-09
 45.0    9860.00   .4078868E-09
 45.0    9870.00   .3785557E-09
 45.0    9880.00   .3933407E-09
 45.0    9890.00   .4021688E-09
 45.0    9900.00   .3793901E-09
 45.0    9910.00   .3885659E-09
 45.0    9920.00   .3890877E-09
 45.0    9930.00   .3455436E-09
 45.0    9940.00   .3626136E-09
 45.0    9950.00   .3624210E-09
 45.0    9960.00   .3433900E-09
 45.0    9970.00   .3376742E-09
 45.0    9980.00   .3410609E-09
 45.0    9990.00   .3455562E-09
 45.0   10000.00   .3569008E-09
 45.0   10010.00   .3546230E-09
 45.0   10020.00   .3523433E-09
 45.0   10030.00   .3500616E-09
 45.0   10040.00   .3477774E-09
 45.0   10050.00   .3454909E-09
 45.0   10060.00   .3432021E-09
 45.0   10070.00   .3409117E-09
 45.0   10080.00   .3386184E-09
 45.0   10090.00   .3363230E-09
 45.0   10100.00   .3340257E-09
 45.0   10110.00   .3317266E-09
 45.0   10120.00   .3294247E-09
 45.0   10130.00   .3271206E-09
 45.0   10140.00   .3248148E-09
 45.0   10150.00   .3225066E-09
 45.0   10160.00   .3201964E-09
 45.0   10170.00   .3178842E-09
 45.0   10180.00   .3155695E-09
 45.0   10190.00   .3132529E-09
 45.0   10200.00   .3109343E-09
 45.0   10210.00   .3086134E-09
 45.0   10220.00   .3062902E-09
 45.0   10230.00   .3039656E-09
 45.0   10240.00   .3016381E-09
 45.0   10250.00   .2993090E-09
 45.0   10260.00   .2969778E-09
 45.0   10270.00   .2946442E-09
 45.0   10280.00   .2923088E-09
 45.0   10290.00   .2899712E-09
 45.0   10300.00   .2876316E-09
 45.0   10310.00   .2852900E-09
 45.0   10320.00   .2829464E-09
 45.0   10330.00   .2806009E-09
 45.0   10340.00   .2782530E-09
 45.0   10350.00   .2759029E-09
 45.0   10360.00   .2735512E-09
 45.0   10370.00   .2711967E-09
 45.0   10380.00   .2688410E-09
 45.0   10390.00   .2664828E-09
 45.0   10400.00   .2641226E-09
 45.0   10410.00   .2617604E-09
 45.0   10420.00   .2593960E-09
 45.0   10430.00   .2570297E-09
 45.0   10440.00   .2546615E-09
 45.0   10450.00   .2522910E-09
 45.0   10460.00   .2499183E-09
 45.0   10470.00   .2475438E-09
 45.0   10480.00   .2451668E-09
 45.0   10490.00   .2427881E-09
 45.0   10500.00   .2404070E-09
 45.0   10510.00   .2380236E-09
 45.0   10520.00   .2356387E-09
 45.0   10530.00   .2332510E-09
 45.0   10540.00   .2308614E-09
 45.0   10550.00   .2284695E-09
 45.0   10560.00   .2260753E-09
 45.0   10570.00   .2236790E-09
 45.0   10580.00   .2212804E-09
 45.0   10590.00   .2188802E-09
 45.0   10600.00   .2164769E-09
 45.0   10610.00   .2140717E-09
 45.0   10620.00   .2116641E-09
 45.0   10630.00   .2092542E-09
 45.0   10640.00   .2068423E-09
 45.0   10650.00   .2044279E-09
 45.0   10660.00   .2020113E-09
 45.0   10670.00   .1995926E-09
 45.0   10680.00   .1971711E-09
 45.0   10690.00   .1947475E-09
 45.0   10700.00   .1923217E-09
 45.0   10710.00   .1898935E-09
 45.0   10720.00   .1874631E-09
 45.0   10730.00   .1850302E-09
 45.0   10740.00   .1825949E-09
 45.0   10750.00   .1801574E-09
 45.0   10760.00   .1777172E-09
 45.0   10770.00   .1752751E-09
 45.0   10780.00   .1728305E-09
 45.0   10790.00   .1703835E-09
 45.0   10800.00   .1679342E-09
 45.0   10810.00   .1654821E-09
 45.0   10820.00   .1630282E-09
 45.0   10830.00   .1605717E-09
 45.0   10840.00   .1581127E-09
 45.0   10850.00   .1556514E-09
 45.0   10860.00   .1531878E-09
 45.0   10870.00   .1507217E-09
 45.0   10880.00   .1482534E-09
 45.0   10890.00   .1457825E-09
 45.0   10900.00   .1433092E-09
 45.0   10910.00   .1408335E-09
 45.0   10920.00   .1383553E-09
 45.0   10930.00   .1358749E-09
 45.0   10940.00   .1333920E-09
 45.0   10950.00   .1309069E-09
 45.0   10960.00   .1284191E-09
 45.0   10970.00   .1259290E-09
 45.0   10980.00   .1234366E-09
 45.0   10990.00   .1209416E-09
 45.0   11000.00   .1184443E-09
 45.0   11010.00   .1159448E-09
 45.0   11020.00   .1134428E-09
 45.0   11030.00   .1109383E-09
 45.0   11040.00   .1084314E-09
 45.0   11050.00   .1059222E-09
 45.0   11060.00   .1034107E-09
 45.0   11070.00   .1008967E-09
 45.0   11080.00   .9838030E-10
 45.0   11090.00   .9586151E-10
 45.0   11100.00   .9334046E-10
 45.0   11110.00   .9081703E-10
 45.0   11120.00   .8829121E-10
 45.0   11130.00   .8576305E-10
 45.0   11140.00   .8323249E-10
 45.0   11150.00   .8069962E-10
 45.0   11160.00   .7816441E-10
 45.0   11170.00   .7562686E-10
 45.0   11180.00   .7308693E-10
 45.0   11190.00   .7054475E-10
 45.0   11200.00   .6800031E-10
 45.0   11210.00   .6545347E-10
 45.0   11220.00   .6290433E-10
 45.0   11230.00   .6035295E-10
 45.0   11240.00   .5779921E-10
 45.0   11250.00   .5524322E-10
 45.0   11260.00   .5268499E-10
 45.0   11270.00   .5012447E-10
 45.0   11280.00   .4756165E-10
 45.0   11290.00   .4499667E-10
 45.0   11300.00   .4242942E-10
 45.0   11310.00   .4244719E-10
 45.0   11320.00   .4246483E-10
 45.0   11330.00   .4248251E-10
 45.0   11340.00   .4250007E-10
 45.0   11350.00   .4251757E-10
 45.0   11360.00   .4253505E-10
 45.0   11370.00   .4255244E-10
 45.0   11380.00   .4256974E-10
 45.0   11390.00   .4258698E-10
 45.0   11400.00   .4260415E-10
 45.0   11410.00   .4262128E-10
 45.0   11420.00   .4263828E-10
 45.0   11430.00   .4265532E-10
 45.0   11440.00   .4267218E-10
 45.0   11450.00   .4268901E-10
 45.0   11460.00   .4270578E-10
 45.0   11470.00   .4272242E-10
 45.0   11480.00   .4273905E-10
 45.0   11490.00   .4275559E-10
 45.0   11500.00   .4277202E-10
 45.0   11510.00   .4278840E-10
 45.0   11520.00   .4280466E-10
 45.0   11530.00   .4282089E-10
 45.0   11540.00   .4283698E-10
 45.0   11550.00   .4285304E-10
 45.0   11560.00   .4286896E-10
 45.0   11570.00   .4288483E-10
 45.0   11580.00   .4290062E-10
 45.0   11590.00   .4291630E-10
 45.0   11600.00   .4293193E-10
 45.0   11610.00   .4294742E-10
 45.0   11620.00   .4296288E-10
 45.0   11630.00   .4297818E-10
 45.0   11640.00   .4299346E-10
 45.0   11650.00   .4300855E-10
 45.0   11660.00   .4302361E-10
 45.0   11670.00   .4303856E-10
 45.0   11680.00   .4305346E-10
 45.0   11690.00   .4306818E-10
 45.0   11700.00   .4308282E-10
 45.0   11710.00   .4309741E-10
 45.0   11720.00   .4311189E-10
 45.0   11730.00   .4312619E-10
 45.0   11740.00   .4314044E-10
 45.0   11750.00   .4315458E-10
 45.0   11760.00   .4316865E-10
 45.0   11770.00   .4318261E-10
 45.0   11780.00   .4319640E-10
 45.0   11790.00   .4321013E-10
 45.0   11800.00   .4322373E-10
 45.0   11810.00   .4323725E-10
 45.0   11820.00   .4325063E-10
 45.0   11830.00   .4326387E-10
 45.0   11840.00   .4327703E-10
 45.0   11850.00   .4329007E-10
 45.0   11860.00   .4330299E-10
 45.0   11870.00   .4331583E-10
 45.0   11880.00   .4332850E-10
 45.0   11890.00   .4334108E-10
 45.0   11900.00   .4335355E-10
 45.0   11910.00   .4336589E-10
 45.0   11920.00   .4337807E-10
 45.0   11930.00   .4339015E-10
 45.0   11940.00   .4340215E-10
 45.0   11950.00   .4341397E-10
 45.0   11960.00   .4342566E-10
 45.0   11970.00   .4343726E-10
 45.0   11980.00   .4344874E-10
 45.0   11990.00   .4346006E-10
 45.0   12000.00   .4347124E-10
 45.0   12010.00   .4348230E-10
 45.0   12020.00   .4349323E-10
 45.0   12030.00   .4350405E-10
 45.0   12040.00   .4351470E-10
 45.0   12050.00   .4352523E-10
 45.0   12060.00   .4353563E-10
 45.0   12070.00   .4354590E-10
 45.0   12080.00   .4355603E-10
 45.0   12090.00   .4356598E-10
 45.0   12100.00   .4357582E-10
 45.0   12110.00   .4358556E-10
 45.0   12120.00   .4359509E-10
 45.0   12130.00   .4360452E-10
 45.0   12140.00   .4361377E-10
 45.0   12150.00   .4362289E-10
 45.0   12160.00   .4363184E-10
 45.0   12170.00   .4364069E-10
 45.0   12180.00   .4364937E-10
 45.0   12190.00   .4365790E-10
 45.0   12200.00   .4366629E-10
 45.0   12210.00   .4367446E-10
 45.0   12220.00   .4368256E-10
 45.0   12230.00   .4369049E-10
 45.0   12240.00   .4369826E-10
 45.0   12250.00   .4370589E-10
 45.0   12260.00   .4371334E-10
 45.0   12270.00   .4372065E-10
 45.0   12280.00   .4372777E-10
 45.0   12290.00   .4373478E-10
 45.0   12300.00   .4374159E-10
 45.0   12310.00   .4374824E-10
 45.0   12320.00   .4375475E-10
 45.0   12330.00   .4376109E-10
 45.0   12340.00   .4376725E-10
 45.0   12350.00   .4377325E-10
 45.0   12360.00   .4377910E-10
 45.0   12370.00   .4378477E-10
 45.0   12380.00   .4379027E-10
 45.0   12390.00   .4379563E-10
 45.0   12400.00   .4380079E-10
 45.0   12410.00   .4380577E-10
 45.0   12420.00   .4381063E-10
 45.0   12430.00   .4381528E-10
 45.0   12440.00   .4381975E-10
 45.0   12450.00   .4382405E-10
 45.0   12460.00   .4382815E-10
 45.0   12470.00   .4383214E-10
 45.0   12480.00   .4383591E-10
 45.0   12490.00   .4383949E-10
 45.0   12500.00   .4384291E-10
 45.0   12510.00   .4387408E-10
 45.0   12520.00   .4390489E-10
 45.0   12530.00   .4393563E-10
 45.0   12540.00   .4396605E-10
 45.0   12550.00   .4399629E-10
 45.0   12560.00   .4402629E-10
 45.0   12570.00   .4405610E-10
 45.0   12580.00   .4408565E-10
 45.0   12590.00   .4411501E-10
 45.0   12600.00   .4414413E-10
 45.0   12610.00   .4417298E-10
 45.0   12620.00   .4420161E-10
 45.0   12630.00   .4423004E-10
 45.0   12640.00   .4425823E-10
 45.0   12650.00   .4428615E-10
 45.0   12660.00   .4431391E-10
 45.0   12670.00   .4434135E-10
 45.0   12680.00   .4436863E-10
 45.0   12690.00   .4439559E-10
 45.0   12700.00   .4442238E-10
 45.0   12710.00   .4444889E-10
 45.0   12720.00   .4447516E-10
 45.0   12730.00   .4450119E-10
 45.0   12740.00   .4452701E-10
 45.0   12750.00   .4455253E-10
 45.0   12760.00   .4457780E-10
 45.0   12770.00   .4460286E-10
 45.0   12780.00   .4462765E-10
 45.0   12790.00   .4465219E-10
 45.0   12800.00   .4467646E-10
 45.0   12810.00   .4470051E-10
 45.0   12820.00   .4472429E-10
 45.0   12830.00   .4474781E-10
 45.0   12840.00   .4477107E-10
 45.0   12850.00   .4479407E-10
 45.0   12860.00   .4481680E-10
 45.0   12870.00   .4483927E-10
 45.0   12880.00   .4486153E-10
 45.0   12890.00   .4488349E-10
 45.0   12900.00   .4490525E-10
 45.0   12910.00   .4492667E-10
 45.0   12920.00   .4494792E-10
 45.0   12930.00   .4496889E-10
 45.0   12940.00   .4498963E-10
 45.0   12950.00   .4501009E-10
 45.0   12960.00   .4503030E-10
 45.0   12970.00   .4505030E-10
 45.0   12980.00   .4507005E-10
 45.0   12990.00   .4508954E-10
 45.0   13000.00   .4510878E-10
 45.0   13010.00   .4512783E-10
 45.0   13020.00   .4514661E-10
 45.0   13030.00   .4516517E-10
 45.0   13040.00   .4518348E-10
 45.0   13050.00   .4520152E-10
 45.0   13060.00   .4521938E-10
 45.0   13070.00   .4523701E-10
 45.0   13080.00   .4525440E-10
 45.0   13090.00   .4527159E-10
 45.0   13100.00   .4528852E-10
 45.0   13110.00   .4530519E-10
 45.0   13120.00   .4532167E-10
 45.0   13130.00   .4533793E-10
 45.0   13140.00   .4535396E-10
 45.0   13150.00   .4536977E-10
 45.0   13160.00   .4538542E-10
 45.0   13170.00   .4540084E-10
 45.0   13180.00   .4541595E-10
 45.0   13190.00   .4543092E-10
 45.0   13200.00   .4544567E-10
 45.0   13210.00   .4546020E-10
 45.0   13220.00   .4547451E-10
 45.0   13230.00   .4548865E-10
 45.0   13240.00   .4550257E-10
 45.0   13250.00   .4551627E-10
 45.0   13260.00   .4552971E-10
 45.0   13270.00   .4554307E-10
 45.0   13280.00   .4555615E-10
 45.0   13290.00   .4556905E-10
 45.0   13300.00   .4558176E-10
 45.0   13310.00   .4559424E-10
 45.0   13320.00   .4560653E-10
 45.0   13330.00   .4561866E-10
 45.0   13340.00   .4563059E-10
 45.0   13350.00   .4564231E-10
 45.0   13360.00   .4565385E-10
 45.0   13370.00   .4566521E-10
 45.0   13380.00   .4567638E-10
 45.0   13390.00   .4568737E-10
 45.0   13400.00   .4569817E-10
 45.0   13410.00   .4570878E-10
 45.0   13420.00   .4571923E-10
 45.0   13430.00   .4572949E-10
 45.0   13440.00   .4573953E-10
 45.0   13450.00   .4574947E-10
 45.0   13460.00   .4575925E-10
 45.0   13470.00   .4576878E-10
 45.0   13480.00   .4577813E-10
 45.0   13490.00   .4578741E-10
 45.0   13500.00   .4579642E-10
 45.0   13510.00   .4580528E-10
 45.0   13520.00   .4581401E-10
 45.0   13530.00   .4582254E-10
 45.0   13540.00   .4583093E-10
 45.0   13550.00   .4583919E-10
 45.0   13560.00   .4584726E-10
 45.0   13570.00   .4585515E-10
 45.0   13580.00   .4586297E-10
 45.0   13590.00   .4587052E-10
 45.0   13600.00   .4587794E-10
 45.0   13610.00   .4588524E-10
 45.0   13620.00   .4589238E-10
 45.0   13630.00   .4589941E-10
 45.0   13640.00   .4590627E-10
 45.0   13650.00   .4591296E-10
 45.0   13660.00   .4591951E-10
 45.0   13670.00   .4592597E-10
 45.0   13680.00   .4593220E-10
 45.0   13690.00   .4593836E-10
 45.0   13700.00   .4594432E-10
 45.0   13710.00   .4604104E-10
 45.0   13720.00   .4613773E-10
 45.0   13730.00   .4623425E-10
 45.0   13740.00   .4633060E-10
 45.0   13750.00   .4642689E-10
 45.0   13760.00   .4652307E-10
 45.0   13770.00   .4661918E-10
 45.0   13780.00   .4671516E-10
 45.0   13790.00   .4681101E-10
 45.0   13800.00   .4690676E-10
 45.0   13810.00   .4700239E-10
 45.0   13820.00   .4709793E-10
 45.0   13830.00   .4719336E-10
 45.0   13840.00   .4728874E-10
 45.0   13850.00   .4738397E-10
 45.0   13860.00   .4747910E-10
 45.0   13870.00   .4757413E-10
 45.0   13880.00   .4766908E-10
 45.0   13890.00   .4776393E-10
 45.0   13900.00   .4785869E-10
 45.0   13910.00   .4795335E-10
 45.0   13920.00   .4804792E-10
 45.0   13930.00   .4814239E-10
 45.0   13940.00   .4823680E-10
 45.0   13950.00   .4833104E-10
 45.0   13960.00   .4842525E-10
 45.0   13970.00   .4851933E-10
 45.0   13980.00   .4861332E-10
 45.0   13990.00   .4870727E-10
 45.0   14000.00   .4880112E-10
 45.0   14010.00   .4889486E-10
 45.0   14020.00   .4898857E-10
 45.0   14030.00   .4908216E-10
 45.0   14040.00   .4917564E-10
 45.0   14050.00   .4926910E-10
 45.0   14060.00   .4936248E-10
 45.0   14070.00   .4945574E-10
 45.0   14080.00   .4954890E-10
 45.0   14090.00   .4964207E-10
 45.0   14100.00   .4973508E-10
 45.0   14110.00   .4982811E-10
 45.0   14120.00   .4992100E-10
 45.0   14130.00   .5001385E-10
 45.0   14140.00   .5010660E-10
 45.0   14150.00   .5019934E-10
 45.0   14160.00   .5029196E-10
 45.0   14170.00   .5038450E-10
 45.0   14180.00   .5047706E-10
 45.0   14190.00   .5056950E-10
 45.0   14200.00   .5066188E-10
 45.0   14210.00   .5075423E-10
 45.0   14220.00   .5084651E-10
 45.0   14230.00   .5093876E-10
 45.0   14240.00   .5103093E-10
 45.0   14250.00   .5112303E-10
 45.0   14260.00   .5121505E-10
 45.0   14270.00   .5130709E-10
 45.0   14280.00   .5139909E-10
 45.0   14290.00   .5149096E-10
 45.0   14300.00   .5158286E-10
 45.0   14310.00   .5167469E-10
 45.0   14320.00   .5176649E-10
 45.0   14330.00   .5185823E-10
 45.0   14340.00   .5194995E-10
 45.0   14350.00   .5204159E-10
 45.0   14360.00   .5213326E-10
 45.0   14370.00   .5222483E-10
 45.0   14380.00   .5231643E-10
 45.0   14390.00   .5240800E-10
 45.0   14400.00   .5249950E-10
 45.0   14410.00   .5259095E-10
 45.0   14420.00   .5268241E-10
 45.0   14430.00   .5277390E-10
 45.0   14440.00   .5286531E-10
 45.0   14450.00   .5295671E-10
 45.0   14460.00   .5304808E-10
 45.0   14470.00   .5313941E-10
 45.0   14480.00   .5323078E-10
 45.0   14490.00   .5332215E-10
 45.0   14500.00   .5341344E-10
 45.0   14510.00   .5350479E-10
 45.0   14520.00   .5359610E-10
 45.0   14530.00   .5368737E-10
 45.0   14540.00   .5377871E-10
 45.0   14550.00   .5387002E-10
 45.0   14560.00   .5396131E-10
 45.0   14570.00   .5405259E-10
 45.0   14580.00   .5414393E-10
 45.0   14590.00   .5423525E-10
 45.0   14600.00   .5432651E-10
 45.0   14610.00   .5441789E-10
 45.0   14620.00   .5450922E-10
 45.0   14630.00   .5460058E-10
 45.0   14640.00   .5469197E-10
 45.0   14650.00   .5478337E-10
 45.0   14660.00   .5487477E-10
 45.0   14670.00   .5496623E-10
 45.0   14680.00   .5505766E-10
 45.0   14690.00   .5514917E-10
 45.0   14700.00   .5524070E-10
 45.0   14710.00   .5533226E-10
 45.0   14720.00   .5542383E-10
 45.0   14730.00   .5551541E-10
 45.0   14740.00   .5560708E-10
 45.0   14750.00   .5569884E-10
 45.0   14760.00   .5579052E-10
 45.0   14770.00   .5588230E-10
 45.0   14780.00   .5597416E-10
 45.0   14790.00   .5606598E-10
 45.0   14800.00   .5615795E-10
 45.0   14810.00   .5624992E-10
 45.0   14820.00   .5634197E-10
 45.0   14830.00   .5643408E-10
 45.0   14840.00   .5652621E-10
 45.0   14850.00   .5661843E-10
 45.0   14860.00   .5671068E-10
 45.0   14870.00   .5680304E-10
 45.0   14880.00   .5689544E-10
 45.0   14890.00   .5698786E-10
 45.0   14900.00   .5708037E-10
 45.0   14910.00   .5717296E-10
 45.0   14920.00   .5726560E-10
 45.0   14930.00   .5735829E-10
 45.0   14940.00   .5745103E-10
 45.0   14950.00   .5754382E-10
 45.0   14960.00   .5763672E-10
 45.0   14970.00   .5772967E-10
 45.0   14980.00   .5782266E-10
 45.0   14990.00   .5791574E-10
 45.0   15000.00   .5800883E-10
 45.0   15010.00   .5801075E-10
 45.0   15020.00   .5801274E-10
 45.0   15030.00   .5801476E-10
 45.0   15040.00   .5801689E-10
 45.0   15050.00   .5801899E-10
 45.0   15060.00   .5802123E-10
 45.0   15070.00   .5802346E-10
 45.0   15080.00   .5802578E-10
 45.0   15090.00   .5802816E-10
 45.0   15100.00   .5803058E-10
 45.0   15110.00   .5803308E-10
 45.0   15120.00   .5803555E-10
 45.0   15130.00   .5803818E-10
 45.0   15140.00   .5804083E-10
 45.0   15150.00   .5804353E-10
 45.0   15160.00   .5804633E-10
 45.0   15170.00   .5804912E-10
 45.0   15180.00   .5805199E-10
 45.0   15190.00   .5805485E-10
 45.0   15200.00   .5805788E-10
 45.0   15210.00   .5806092E-10
 45.0   15220.00   .5806400E-10
 45.0   15230.00   .5806712E-10
 45.0   15240.00   .5807030E-10
 45.0   15250.00   .5807359E-10
 45.0   15260.00   .5807690E-10
 45.0   15270.00   .5808026E-10
 45.0   15280.00   .5808368E-10
 45.0   15290.00   .5808712E-10
 45.0   15300.00   .5809064E-10
 45.0   15310.00   .5809424E-10
 45.0   15320.00   .5809782E-10
 45.0   15330.00   .5810154E-10
 45.0   15340.00   .5810526E-10
 45.0   15350.00   .5810908E-10
 45.0   15360.00   .5811294E-10
 45.0   15370.00   .5811683E-10
 45.0   15380.00   .5812077E-10
 45.0   15390.00   .5812481E-10
 45.0   15400.00   .5812882E-10
 45.0   15410.00   .5813294E-10
 45.0   15420.00   .5813712E-10
 45.0   15430.00   .5814135E-10
 45.0   15440.00   .5814563E-10
 45.0   15450.00   .5814994E-10
 45.0   15460.00   .5815434E-10
 45.0   15470.00   .5815873E-10
 45.0   15480.00   .5816323E-10
 45.0   15490.00   .5816778E-10
 45.0   15500.00   .5817239E-10
 45.0   15510.00   .5817701E-10
 45.0   15520.00   .5818174E-10
 45.0   15530.00   .5818648E-10
 45.0   15540.00   .5819127E-10
 45.0   15550.00   .5819609E-10
 45.0   15560.00   .5820101E-10
 45.0   15570.00   .5820597E-10
 45.0   15580.00   .5821097E-10
 45.0   15590.00   .5821606E-10
 45.0   15600.00   .5822117E-10
 45.0   15610.00   .5822634E-10
 45.0   15620.00   .5823156E-10
 45.0   15630.00   .5823682E-10
 45.0   15640.00   .5824215E-10
 45.0   15650.00   .5824756E-10
 45.0   15660.00   .5825291E-10
 45.0   15670.00   .5825843E-10
 45.0   15680.00   .5826394E-10
 45.0   15690.00   .5826953E-10
 45.0   15700.00   .5827515E-10
 45.0   15710.00   .5828086E-10
 45.0   15720.00   .5828656E-10
 45.0   15730.00   .5829231E-10
 45.0   15740.00   .5829815E-10
 45.0   15750.00   .5830406E-10
 45.0   15760.00   .5830997E-10
 45.0   15770.00   .5831598E-10
 45.0   15780.00   .5832200E-10
 45.0   15790.00   .5832807E-10
 45.0   15800.00   .5833423E-10
 45.0   15810.00   .5834043E-10
 45.0   15820.00   .5834663E-10
 45.0   15830.00   .5835292E-10
 45.0   15840.00   .5835926E-10
 45.0   15850.00   .5836566E-10
 45.0   15860.00   .5837209E-10
 45.0   15870.00   .5837858E-10
 45.0   15880.00   .5838509E-10
 45.0   15890.00   .5839167E-10
 45.0   15900.00   .5839831E-10
 45.0   15910.00   .5840500E-10
 45.0   15920.00   .5841175E-10
 45.0   15930.00   .5841852E-10
 45.0   15940.00   .5842536E-10
 45.0   15950.00   .5843224E-10
 45.0   15960.00   .5843915E-10
 45.0   15970.00   .5844611E-10
 45.0   15980.00   .5845314E-10
 45.0   15990.00   .5846023E-10
 45.0   16000.00   .5846732E-10
 45.0   16010.00   .5847452E-10
 45.0   16020.00   .5848172E-10
 45.0   16030.00   .5848900E-10
 45.0   16040.00   .5849631E-10
 45.0   16050.00   .5850367E-10
 45.0   16060.00   .5851110E-10
 45.0   16070.00   .5851857E-10
 45.0   16080.00   .5852605E-10
 45.0   16090.00   .5853360E-10
 45.0   16100.00   .5854125E-10
 45.0   16110.00   .5854887E-10
 45.0   16120.00   .5855655E-10
 45.0   16130.00   .5856429E-10
 45.0   16140.00   .5857205E-10
 45.0   16150.00   .5857994E-10
 45.0   16160.00   .5858785E-10
 45.0   16170.00   .5859574E-10
 45.0   16180.00   .5860376E-10
 45.0   16190.00   .5861180E-10
 45.0   16200.00   .5861984E-10
 45.0   16210.00   .5862797E-10
 45.0   16220.00   .5863612E-10
 45.0   16230.00   .5864434E-10
 45.0   16240.00   .5865259E-10
 45.0   16250.00   .5866091E-10
 45.0   16260.00   .5864433E-10
 45.0   16270.00   .5862783E-10
 45.0   16280.00   .5861142E-10
 45.0   16290.00   .5859508E-10
 45.0   16300.00   .5857885E-10
 45.0   16310.00   .5856269E-10
 45.0   16320.00   .5854663E-10
 45.0   16330.00   .5853068E-10
 45.0   16340.00   .5851478E-10
 45.0   16350.00   .5849896E-10
 45.0   16360.00   .5848326E-10
 45.0   16370.00   .5846767E-10
 45.0   16380.00   .5845214E-10
 45.0   16390.00   .5843669E-10
 45.0   16400.00   .5842130E-10
 45.0   16410.00   .5840600E-10
 45.0   16420.00   .5839082E-10
 45.0   16430.00   .5837571E-10
 45.0   16440.00   .5836067E-10
 45.0   16450.00   .5834574E-10
 45.0   16460.00   .5833091E-10
 45.0   16470.00   .5831611E-10
 45.0   16480.00   .5830143E-10
 45.0   16490.00   .5828685E-10
 45.0   16500.00   .5827232E-10
 45.0   16510.00   .5825790E-10
 45.0   16520.00   .5824352E-10
 45.0   16530.00   .5822927E-10
 45.0   16540.00   .5821510E-10
 45.0   16550.00   .5820092E-10
 45.0   16560.00   .5818696E-10
 45.0   16570.00   .5817301E-10
 45.0   16580.00   .5815916E-10
 45.0   16590.00   .5814536E-10
 45.0   16600.00   .5813165E-10
 45.0   16610.00   .5811806E-10
 45.0   16620.00   .5810453E-10
 45.0   16630.00   .5809106E-10
 45.0   16640.00   .5807767E-10
 45.0   16650.00   .5806438E-10
 45.0   16660.00   .5805115E-10
 45.0   16670.00   .5803802E-10
 45.0   16680.00   .5802493E-10
 45.0   16690.00   .5801196E-10
 45.0   16700.00   .5799907E-10
 45.0   16710.00   .5798620E-10
 45.0   16720.00   .5797347E-10
 45.0   16730.00   .5796080E-10
 45.0   16740.00   .5794820E-10
 45.0   16750.00   .5793570E-10
 45.0   16760.00   .5792324E-10
 45.0   16770.00   .5791087E-10
 45.0   16780.00   .5789859E-10
 45.0   16790.00   .5788638E-10
 45.0   16800.00   .5787423E-10
 45.0   16810.00   .5786219E-10
 45.0   16820.00   .5785021E-10
 45.0   16830.00   .5783827E-10
 45.0   16840.00   .5782643E-10
 45.0   16850.00   .5781466E-10
 45.0   16860.00   .5780297E-10
 45.0   16870.00   .5779138E-10
 45.0   16880.00   .5777984E-10
 45.0   16890.00   .5776834E-10
 45.0   16900.00   .5775692E-10
 45.0   16910.00   .5774560E-10
 45.0   16920.00   .5773437E-10
 45.0   16930.00   .5772316E-10
 45.0   16940.00   .5771207E-10
 45.0   16950.00   .5770101E-10
 45.0   16960.00   .5769002E-10
 45.0   16970.00   .5767911E-10
 45.0   16980.00   .5766824E-10
 45.0   16990.00   .5765748E-10
 45.0   17000.00   .5764679E-10
 45.0   17010.00   .5763614E-10
 45.0   17020.00   .5762558E-10
 45.0   17030.00   .5761507E-10
 45.0   17040.00   .5760461E-10
 45.0   17050.00   .5759426E-10
 45.0   17060.00   .5758391E-10
 45.0   17070.00   .5757366E-10
 45.0   17080.00   .5756347E-10
 45.0   17090.00   .5755336E-10
 45.0   17100.00   .5754330E-10
 45.0   17110.00   .5753332E-10
 45.0   17120.00   .5752339E-10
 45.0   17130.00   .5751348E-10
 45.0   17140.00   .5750373E-10
 45.0   17150.00   .5749403E-10
 45.0   17160.00   .5748432E-10
 45.0   17170.00   .5747470E-10
 45.0   17180.00   .5746510E-10
 45.0   17190.00   .5745559E-10
 45.0   17200.00   .5744613E-10
 45.0   17210.00   .5743676E-10
 45.0   17220.00   .5742745E-10
 45.0   17230.00   .5741816E-10
 45.0   17240.00   .5740895E-10
 45.0   17250.00   .5739980E-10
 45.0   17260.00   .5739067E-10
 45.0   17270.00   .5738161E-10
 45.0   17280.00   .5737264E-10
 45.0   17290.00   .5736371E-10
 45.0   17300.00   .5735484E-10
 45.0   17310.00   .5734601E-10
 45.0   17320.00   .5733726E-10
 45.0   17330.00   .5732853E-10
 45.0   17340.00   .5731985E-10
 45.0   17350.00   .5731125E-10
 45.0   17360.00   .5730270E-10
 45.0   17370.00   .5729418E-10
 45.0   17380.00   .5728575E-10
 45.0   17390.00   .5727734E-10
 45.0   17400.00   .5726902E-10
 45.0   17410.00   .5726067E-10
 45.0   17420.00   .5725247E-10
 45.0   17430.00   .5724427E-10
 45.0   17440.00   .5723606E-10
 45.0   17450.00   .5722799E-10
 45.0   17460.00   .5721996E-10
 45.0   17470.00   .5721199E-10
 45.0   17480.00   .5720401E-10
 45.0   17490.00   .5719609E-10
 45.0   17500.00   .5718821E-10
 45.0   17510.00   .5718040E-10
 45.0   17520.00   .5717264E-10
 45.0   17530.00   .5716488E-10
 45.0   17540.00   .5715721E-10
 45.0   17550.00   .5714960E-10
 45.0   17560.00   .5714197E-10
 45.0   17570.00   .5713445E-10
 45.0   17580.00   .5712693E-10
 45.0   17590.00   .5711950E-10
 45.0   17600.00   .5711208E-10
 45.0   17610.00   .5710472E-10
 45.0   17620.00   .5709737E-10
 45.0   17630.00   .5709009E-10
 45.0   17640.00   .5708282E-10
 45.0   17650.00   .5707560E-10
 45.0   17660.00   .5706847E-10
 45.0   17670.00   .5706132E-10
 45.0   17680.00   .5705426E-10
 45.0   17690.00   .5704721E-10
 45.0   17700.00   .5704023E-10
 45.0   17710.00   .5703322E-10
 45.0   17720.00   .5702626E-10
 45.0   17730.00   .5701937E-10
 45.0   17740.00   .5701256E-10
 45.0   17750.00   .5700569E-10
 45.0   17760.00   .5699893E-10
 45.0   17770.00   .5699217E-10
 45.0   17780.00   .5698546E-10
 45.0   17790.00   .5697880E-10
 45.0   17800.00   .5697215E-10
 45.0   17810.00   .5696553E-10
 45.0   17820.00   .5695894E-10
 45.0   17830.00   .5695242E-10
 45.0   17840.00   .5694588E-10
 45.0   17850.00   .5693944E-10
 45.0   17860.00   .5693296E-10
 45.0   17870.00   .5692660E-10
 45.0   17880.00   .5692018E-10
 45.0   17890.00   .5691386E-10
 45.0   17900.00   .5690756E-10
 45.0   17910.00   .5690127E-10
 45.0   17920.00   .5689502E-10
 45.0   17930.00   .5688881E-10
 45.0   17940.00   .5688259E-10
 45.0   17950.00   .5687642E-10
 45.0   17960.00   .5687031E-10
 45.0   17970.00   .5686418E-10
 45.0   17980.00   .5685811E-10
 45.0   17990.00   .5685203E-10
 45.0   18000.00   .5684598E-10
 45.0   18010.00   .5666694E-10
 45.0   18020.00   .5648790E-10
 45.0   18030.00   .5630896E-10
 45.0   18040.00   .5613003E-10
 45.0   18050.00   .5595117E-10
 45.0   18060.00   .5577240E-10
 45.0   18070.00   .5559366E-10
 45.0   18080.00   .5541502E-10
 45.0   18090.00   .5523643E-10
 45.0   18100.00   .5505787E-10
 45.0   18110.00   .5487937E-10
 45.0   18120.00   .5470095E-10
 45.0   18130.00   .5452257E-10
 45.0   18140.00   .5434426E-10
 45.0   18150.00   .5416600E-10
 45.0   18160.00   .5398780E-10
 45.0   18170.00   .5380965E-10
 45.0   18180.00   .5363152E-10
 45.0   18190.00   .5345346E-10
 45.0   18200.00   .5327546E-10
 45.0   18210.00   .5309754E-10
 45.0   18220.00   .5291961E-10
 45.0   18230.00   .5274174E-10
 45.0   18240.00   .5256398E-10
 45.0   18250.00   .5238622E-10
 45.0   18260.00   .5220851E-10
 45.0   18270.00   .5203085E-10
 45.0   18280.00   .5185324E-10
 45.0   18290.00   .5167573E-10
 45.0   18300.00   .5149823E-10
 45.0   18310.00   .5132074E-10
 45.0   18320.00   .5114332E-10
 45.0   18330.00   .5096595E-10
 45.0   18340.00   .5078861E-10
 45.0   18350.00   .5061133E-10
 45.0   18360.00   .5043408E-10
 45.0   18370.00   .5025691E-10
 45.0   18380.00   .5007975E-10
 45.0   18390.00   .4990262E-10
 45.0   18400.00   .4972558E-10
 45.0   18410.00   .4954853E-10
 45.0   18420.00   .4937154E-10
 45.0   18430.00   .4919462E-10
 45.0   18440.00   .4901774E-10
 45.0   18450.00   .4884083E-10
 45.0   18460.00   .4866402E-10
 45.0   18470.00   .4848726E-10
 45.0   18480.00   .4831047E-10
 45.0   18490.00   .4813379E-10
 45.0   18500.00   .4795711E-10
 45.0   18510.00   .4778046E-10
 45.0   18520.00   .4760389E-10
 45.0   18530.00   .4742734E-10
 45.0   18540.00   .4725084E-10
 45.0   18550.00   .4707433E-10
 45.0   18560.00   .4689788E-10
 45.0   18570.00   .4672145E-10
 45.0   18580.00   .4654510E-10
 45.0   18590.00   .4636873E-10
 45.0   18600.00   .4619243E-10
 45.0   18610.00   .4601616E-10
 45.0   18620.00   .4583991E-10
 45.0   18630.00   .4566370E-10
 45.0   18640.00   .4548753E-10
 45.0   18650.00   .4531137E-10
 45.0   18660.00   .4513526E-10
 45.0   18670.00   .4495916E-10
 45.0   18680.00   .4478312E-10
 45.0   18690.00   .4460713E-10
 45.0   18700.00   .4443112E-10
 45.0   18710.00   .4425516E-10
 45.0   18720.00   .4407920E-10
 45.0   18730.00   .4390332E-10
 45.0   18740.00   .4372745E-10
 45.0   18750.00   .4355163E-10
 45.0   18760.00   .4337584E-10
 45.0   18770.00   .4320003E-10
 45.0   18780.00   .4302427E-10
 45.0   18790.00   .4284858E-10
 45.0   18800.00   .4267285E-10
 45.0   18810.00   .4249720E-10
 45.0   18820.00   .4232159E-10
 45.0   18830.00   .4214598E-10
 45.0   18840.00   .4197037E-10
 45.0   18850.00   .4179482E-10
 45.0   18860.00   .4161929E-10
 45.0   18870.00   .4144377E-10
 45.0   18880.00   .4126830E-10
 45.0   18890.00   .4109287E-10
 45.0   18900.00   .4091745E-10
 45.0   18910.00   .4074204E-10
 45.0   18920.00   .4056667E-10
 45.0   18930.00   .4039130E-10
 45.0   18940.00   .4021600E-10
 45.0   18950.00   .4004068E-10
 45.0   18960.00   .3986542E-10
 45.0   18970.00   .3969013E-10
 45.0   18980.00   .3951493E-10
 45.0   18990.00   .3933974E-10
 45.0   19000.00   .3916457E-10
 45.0   19010.00   .3898939E-10
 45.0   19020.00   .3881428E-10
 45.0   19030.00   .3863917E-10
 45.0   19040.00   .3846408E-10
 45.0   19050.00   .3828903E-10
 45.0   19060.00   .3811397E-10
 45.0   19070.00   .3793900E-10
 45.0   19080.00   .3776401E-10
 45.0   19090.00   .3758903E-10
 45.0   19100.00   .3741408E-10
 45.0   19110.00   .3723918E-10
 45.0   19120.00   .3706427E-10
 45.0   19130.00   .3688939E-10
 45.0   19140.00   .3671455E-10
 45.0   19150.00   .3653971E-10
 45.0   19160.00   .3636490E-10
 45.0   19170.00   .3619009E-10
 45.0   19180.00   .3601533E-10
 45.0   19190.00   .3584062E-10
 45.0   19200.00   .3566589E-10
 45.0   19210.00   .3549117E-10
 45.0   19220.00   .3531647E-10
 45.0   19230.00   .3514181E-10
 45.0   19240.00   .3496721E-10
 45.0   19250.00   .3479257E-10
 45.0   19260.00   .3461801E-10
 45.0   19270.00   .3444342E-10
 45.0   19280.00   .3426888E-10
 45.0   19290.00   .3409435E-10
 45.0   19300.00   .3391984E-10
 45.0   19310.00   .3374537E-10
 45.0   19320.00   .3357089E-10
 45.0   19330.00   .3339645E-10
 45.0   19340.00   .3322204E-10
 45.0   19350.00   .3304764E-10
 45.0   19360.00   .3287325E-10
 45.0   19370.00   .3269889E-10
 45.0   19380.00   .3252456E-10
 45.0   19390.00   .3235023E-10
 45.0   19400.00   .3217596E-10
 45.0   19410.00   .3200170E-10
 45.0   19420.00   .3182744E-10
 45.0   19430.00   .3165321E-10
 45.0   19440.00   .3147900E-10
 45.0   19450.00   .3130485E-10
 45.0   19460.00   .3113066E-10
 45.0   19470.00   .3095654E-10
 45.0   19480.00   .3078242E-10
 45.0   19490.00   .3060831E-10
 45.0   19500.00   .3043426E-10
 45.0   19510.00   .3026019E-10
 45.0   19520.00   .3008615E-10
 45.0   19530.00   .2991214E-10
 45.0   19540.00   .2973816E-10
 45.0   19550.00   .2956418E-10
 45.0   19560.00   .2939025E-10
 45.0   19570.00   .2921633E-10
 45.0   19580.00   .2904248E-10
 45.0   19590.00   .2886857E-10
 45.0   19600.00   .2869474E-10
 45.0   19610.00   .2852090E-10
 45.0   19620.00   .2834709E-10
 45.0   19630.00   .2817332E-10
 45.0   19640.00   .2799956E-10
 45.0   19650.00   .2782584E-10
 45.0   19660.00   .2765216E-10
 45.0   19670.00   .2747846E-10
 45.0   19680.00   .2730482E-10
 45.0   19690.00   .2713119E-10
 45.0   19700.00   .2695762E-10
 45.0   19710.00   .2678404E-10
 45.0   19720.00   .2661052E-10
 45.0   19730.00   .2643700E-10
 45.0   19740.00   .2626355E-10
 45.0   19750.00   .2609008E-10
 45.0   19760.00   .2591667E-10
 45.0   19770.00   .2574329E-10
 45.0   19780.00   .2556994E-10
 45.0   19790.00   .2539661E-10
 45.0   19800.00   .2522332E-10
 45.0   19810.00   .2505004E-10
 45.0   19820.00   .2487683E-10
 45.0   19830.00   .2470364E-10
 45.0   19840.00   .2453048E-10
 45.0   19850.00   .2435736E-10
 45.0   19860.00   .2418428E-10
 45.0   19870.00   .2401121E-10
 45.0   19880.00   .2383819E-10
 45.0   19890.00   .2366519E-10
 45.0   19900.00   .2349226E-10
 45.0   19910.00   .2331934E-10
 45.0   19920.00   .2314648E-10
 45.0   19930.00   .2297362E-10
 45.0   19940.00   .2280083E-10
 45.0   19950.00   .2262807E-10
 45.0   19960.00   .2245534E-10
 45.0   19970.00   .2228265E-10
 45.0   19980.00   .2210999E-10
 45.0   19990.00   .2193739E-10
 45.0   20000.00   .2176481E-10
 45.0   20010.00   .2159227E-10
 45.0   20020.00   .2141980E-10
 45.0   20030.00   .2124733E-10
 45.0   20040.00   .2107490E-10
 45.0   20050.00   .2090258E-10
 45.0   20060.00   .2073023E-10
 45.0   20070.00   .2055792E-10
 45.0   20080.00   .2038567E-10
 45.0   20090.00   .2021349E-10
 45.0   20100.00   .2004131E-10
 45.0   20110.00   .2003845E-10
 45.0   20120.00   .2003557E-10
 45.0   20130.00   .2003270E-10
 45.0   20140.00   .2002982E-10
 45.0   20150.00   .2002693E-10
 45.0   20160.00   .2002402E-10
 45.0   20170.00   .2002113E-10
 45.0   20180.00   .2001820E-10
 45.0   20190.00   .2001531E-10
 45.0   20200.00   .2001240E-10
 45.0   20210.00   .2000947E-10
 45.0   20220.00   .2000655E-10
 45.0   20230.00   .2000362E-10
 45.0   20240.00   .2000069E-10
 45.0   20250.00   .1999775E-10
 45.0   20260.00   .1999481E-10
 45.0   20270.00   .1999187E-10
 45.0   20280.00   .1998892E-10
 45.0   20290.00   .1998597E-10
 45.0   20300.00   .1998301E-10
 45.0   20310.00   .1998005E-10
 45.0   20320.00   .1997708E-10
 45.0   20330.00   .1997410E-10
 45.0   20340.00   .1997113E-10
 45.0   20350.00   .1996817E-10
 45.0   20360.00   .1996520E-10
 45.0   20370.00   .1996221E-10
 45.0   20380.00   .1995923E-10
 45.0   20390.00   .1995625E-10
 45.0   20400.00   .1995326E-10
 45.0   20410.00   .1995026E-10
 45.0   20420.00   .1994730E-10
 45.0   20430.00   .1994429E-10
 45.0   20440.00   .1994129E-10
 45.0   20450.00   .1993830E-10
 45.0   20460.00   .1993530E-10
 45.0   20470.00   .1993230E-10
 45.0   20480.00   .1992930E-10
 45.0   20490.00   .1992630E-10
 45.0   20500.00   .1992329E-10
 45.0   20510.00   .1992030E-10
 45.0   20520.00   .1991730E-10
 45.0   20530.00   .1991429E-10
 45.0   20540.00   .1991129E-10
 45.0   20550.00   .1990826E-10
 45.0   20560.00   .1990526E-10
 45.0   20570.00   .1990226E-10
 45.0   20580.00   .1989926E-10
 45.0   20590.00   .1989623E-10
 45.0   20600.00   .1989326E-10
 45.0   20610.00   .1989024E-10
 45.0   20620.00   .1988721E-10
 45.0   20630.00   .1988423E-10
 45.0   20640.00   .1988122E-10
 45.0   20650.00   .1987823E-10
 45.0   20660.00   .1987519E-10
 45.0   20670.00   .1987220E-10
 45.0   20680.00   .1986920E-10
 45.0   20690.00   .1986620E-10
 45.0   20700.00   .1986320E-10
 45.0   20710.00   .1986022E-10
 45.0   20720.00   .1985721E-10
 45.0   20730.00   .1985421E-10
 45.0   20740.00   .1985122E-10
 45.0   20750.00   .1984822E-10
 45.0   20760.00   .1984523E-10
 45.0   20770.00   .1984225E-10
 45.0   20780.00   .1983925E-10
 45.0   20790.00   .1983628E-10
 45.0   20800.00   .1983330E-10
 45.0   20810.00   .1983033E-10
 45.0   20820.00   .1982734E-10
 45.0   20830.00   .1982439E-10
 45.0   20840.00   .1982140E-10
 45.0   20850.00   .1981845E-10
 45.0   20860.00   .1981547E-10
 45.0   20870.00   .1981253E-10
 45.0   20880.00   .1980955E-10
 45.0   20890.00   .1980660E-10
 45.0   20900.00   .1980365E-10
 45.0   20910.00   .1980070E-10
 45.0   20920.00   .1979777E-10
 45.0   20930.00   .1979482E-10
 45.0   20940.00   .1979189E-10
 45.0   20950.00   .1978898E-10
 45.0   20960.00   .1978606E-10
 45.0   20970.00   .1978313E-10
 45.0   20980.00   .1978021E-10
 45.0   20990.00   .1977731E-10
 45.0   21000.00   .1977439E-10
 45.0   21010.00   .1977148E-10
 45.0   21020.00   .1976859E-10
 45.0   21030.00   .1976571E-10
 45.0   21040.00   .1976283E-10
 45.0   21050.00   .1975995E-10
 45.0   21060.00   .1975706E-10
 45.0   21070.00   .1975419E-10
 45.0   21080.00   .1975133E-10
 45.0   21090.00   .1974849E-10
 45.0   21100.00   .1974563E-10
 45.0   21110.00   .1974277E-10
 45.0   21120.00   .1973995E-10
 45.0   21130.00   .1973713E-10
 45.0   21140.00   .1973430E-10
 45.0   21150.00   .1973146E-10
 45.0   21160.00   .1972866E-10
 45.0   21170.00   .1972585E-10
 45.0   21180.00   .1972306E-10
 45.0   21190.00   .1972026E-10
 45.0   21200.00   .1971748E-10
 45.0   21210.00   .1971472E-10
 45.0   21220.00   .1971193E-10
 45.0   21230.00   .1970918E-10
 45.0   21240.00   .1970644E-10
 45.0   21250.00   .1970366E-10
 45.0   21260.00   .1970093E-10
 45.0   21270.00   .1969823E-10
 45.0   21280.00   .1969547E-10
 45.0   21290.00   .1969276E-10
 45.0   21300.00   .1969008E-10
 45.0   21310.00   .1968739E-10
 45.0   21320.00   .1968469E-10
 45.0   21330.00   .1968201E-10
 45.0   21340.00   .1967933E-10
 45.0   21350.00   .1967668E-10
 45.0   21360.00   .1967403E-10
 45.0   21370.00   .1967139E-10
 45.0   21380.00   .1966873E-10
 45.0   21390.00   .1966612E-10
 45.0   21400.00   .1966353E-10
 45.0   21410.00   .1966090E-10
 45.0   21420.00   .1965831E-10
 45.0   21430.00   .1965573E-10
 45.0   21440.00   .1965314E-10
 45.0   21450.00   .1965059E-10
 45.0   21460.00   .1964804E-10
 45.0   21470.00   .1964548E-10
 45.0   21480.00   .1964297E-10
 45.0   21490.00   .1964043E-10
 45.0   21500.00   .1963791E-10
 45.0   21510.00   .1963542E-10
 45.0   21520.00   .1963294E-10
 45.0   21530.00   .1963046E-10
 45.0   21540.00   .1962800E-10
 45.0   21550.00   .1962554E-10
 45.0   21560.00   .1962308E-10
 45.0   21570.00   .1962066E-10
 45.0   21580.00   .1961822E-10
 45.0   21590.00   .1961582E-10
 45.0   21600.00   .1961342E-10
 45.0   21610.00   .1961102E-10
 45.0   21620.00   .1960866E-10
 45.0   21630.00   .1960632E-10
 45.0   21640.00   .1960396E-10
 45.0   21650.00   .1960162E-10
 45.0   21660.00   .1959929E-10
 45.0   21670.00   .1959697E-10
 45.0   21680.00   .1959468E-10
 45.0   21690.00   .1959242E-10
 45.0   21700.00   .1959013E-10
 45.0   21710.00   .1958785E-10
 45.0   21720.00   .1958562E-10
 45.0   21730.00   .1958339E-10
 45.0   21740.00   .1958117E-10
 45.0   21750.00   .1957898E-10
 45.0   21760.00   .1957678E-10
 45.0   21770.00   .1957459E-10
 45.0   21780.00   .1957242E-10
 45.0   21790.00   .1957029E-10
 45.0   21800.00   .1956815E-10
 45.0   21810.00   .1956604E-10
 45.0   21820.00   .1956392E-10
 45.0   21830.00   .1956183E-10
 45.0   21840.00   .1955976E-10
 45.0   21850.00   .1955769E-10
 45.0   21860.00   .1955563E-10
 45.0   21870.00   .1955363E-10
 45.0   21880.00   .1955161E-10
 45.0   21890.00   .1954959E-10
 45.0   21900.00   .1954762E-10
 45.0   21910.00   .1954564E-10
 45.0   21920.00   .1954367E-10
 45.0   21930.00   .1954175E-10
 45.0   21940.00   .1953984E-10
 45.0   21950.00   .1953793E-10
 45.0   21960.00   .1953604E-10
 45.0   21970.00   .1953415E-10
 45.0   21980.00   .1953229E-10
 45.0   21990.00   .1953045E-10
 45.0   22000.00   .1952863E-10
 45.0   22010.00   .1952681E-10
 45.0   22020.00   .1952503E-10
 45.0   22030.00   .1952325E-10
 45.0   22040.00   .1952148E-10
 45.0   22050.00   .1951973E-10
 45.0   22060.00   .1951802E-10
 45.0   22070.00   .1951631E-10
 45.0   22080.00   .1951462E-10
 45.0   22090.00   .1951294E-10
 45.0   22100.00   .1951131E-10
 45.0   22110.00   .1950968E-10
 45.0   22120.00   .1950805E-10
 45.0   22130.00   .1950646E-10
 45.0   22140.00   .1950486E-10
 45.0   22150.00   .1950329E-10
 45.0   22160.00   .1950178E-10
 45.0   22170.00   .1950024E-10
 45.0   22180.00   .1949874E-10
 45.0   22190.00   .1949723E-10
 45.0   22200.00   .1949576E-10
 45.0   22210.00   .1949429E-10
 45.0   22220.00   .1949290E-10
 45.0   22230.00   .1949148E-10
 45.0   22240.00   .1949009E-10
 45.0   22250.00   .1948869E-10
 45.0   22260.00   .1948735E-10
 45.0   22270.00   .1948602E-10
 45.0   22280.00   .1948471E-10
 45.0   22290.00   .1948342E-10
 45.0   22300.00   .1948213E-10
 45.0   22310.00   .1948087E-10
 45.0   22320.00   .1947965E-10
 45.0   22330.00   .1947842E-10
 45.0   22340.00   .1947723E-10
 45.0   22350.00   .1947605E-10
 45.0   22360.00   .1947489E-10
 45.0   22370.00   .1947379E-10
 45.0   22380.00   .1947267E-10
 45.0   22390.00   .1947157E-10
 45.0   22400.00   .1947050E-10
 45.0   22410.00   .1946944E-10
 45.0   22420.00   .1946843E-10
 45.0   22430.00   .1946745E-10
 45.0   22440.00   .1946645E-10
 45.0   22450.00   .1946546E-10
 45.0   22460.00   .1946454E-10
 45.0   22470.00   .1946360E-10
 45.0   22480.00   .1946271E-10
 45.0   22490.00   .1946182E-10
 45.0   22500.00   .1946095E-10
 45.0   22510.00   .1946011E-10
 45.0   22520.00   .1945930E-10
 45.0   22530.00   .1945848E-10
 45.0   22540.00   .1945770E-10
 45.0   22550.00   .1945693E-10
 45.0   22560.00   .1945618E-10
 45.0   22570.00   .1945545E-10
 45.0   22580.00   .1945473E-10
 45.0   22590.00   .1945405E-10
 45.0   22600.00   .1945339E-10
 45.0   22610.00   .1945274E-10
 45.0   22620.00   .1945211E-10
 45.0   22630.00   .1945151E-10
 45.0   22640.00   .1945090E-10
 45.0   22650.00   .1945033E-10
 45.0   22660.00   .1944978E-10
 45.0   22670.00   .1944923E-10
 45.0   22680.00   .1944874E-10
 45.0   22690.00   .1944822E-10
 45.0   22700.00   .1944775E-10
 45.0   22710.00   .1944727E-10
 45.0   22720.00   .1944683E-10
 45.0   22730.00   .1944641E-10
 45.0   22740.00   .1944600E-10
 45.0   22750.00   .1944559E-10
 45.0   22760.00   .1944525E-10
 45.0   22770.00   .1944488E-10
 45.0   22780.00   .1944453E-10
 45.0   22790.00   .1944424E-10
 45.0   22800.00   .1944393E-10
 45.0   22810.00   .1944365E-10
 45.0   22820.00   .1944338E-10
 45.0   22830.00   .1944312E-10
 45.0   22840.00   .1944289E-10
 45.0   22850.00   .1944269E-10
 45.0   22860.00   .1944250E-10
 45.0   22870.00   .1944231E-10
 45.0   22880.00   .1944213E-10
 45.0   22890.00   .1944199E-10
 45.0   22900.00   .1944187E-10
 45.0   22910.00   .1944176E-10
 45.0   22920.00   .1944166E-10
 45.0   22930.00   .1944160E-10
 45.0   22940.00   .1944152E-10
 45.0   22950.00   .1944147E-10
 45.0   22960.00   .1944144E-10
 45.0   22970.00   .1944144E-10
 45.0   22980.00   .1944145E-10
 45.0   22990.00   .1944147E-10
 45.0   23000.00   .1944150E-10
 45.0   23010.00   .1944154E-10
 45.0   23020.00   .1944161E-10
 45.0   23030.00   .1944170E-10
 45.0   23040.00   .1944180E-10
 45.0   23050.00   .1944191E-10
 45.0   23060.00   .1944202E-10
 45.0   23070.00   .1944217E-10
 45.0   23080.00   .1944234E-10
 45.0   23090.00   .1944252E-10
 45.0   23100.00   .1944273E-10
 45.0   23110.00   .1944291E-10
 45.0   23120.00   .1944316E-10
 45.0   23130.00   .1944337E-10
 45.0   23140.00   .1944364E-10
 45.0   23150.00   .1944390E-10
 45.0   23160.00   .1944418E-10
 45.0   23170.00   .1944448E-10
 45.0   23180.00   .1944479E-10
 45.0   23190.00   .1944512E-10
 45.0   23200.00   .1944546E-10
 45.0   23210.00   .1944581E-10
 45.0   23220.00   .1944620E-10
 45.0   23230.00   .1944658E-10
 45.0   23240.00   .1944696E-10
 45.0   23250.00   .1944737E-10
 45.0   23260.00   .1944781E-10
 45.0   23270.00   .1944825E-10
 45.0   23280.00   .1944869E-10
 45.0   23290.00   .1944918E-10
 45.0   23300.00   .1944965E-10
 45.0   23310.00   .1945015E-10
 45.0   23320.00   .1945066E-10
 45.0   23330.00   .1945119E-10
 45.0   23340.00   .1945171E-10
 45.0   23350.00   .1945227E-10
 45.0   23360.00   .1945282E-10
 45.0   23370.00   .1945340E-10
 45.0   23380.00   .1945398E-10
 45.0   23390.00   .1945459E-10
 45.0   23400.00   .1945523E-10
 45.0   23410.00   .1945585E-10
 45.0   23420.00   .1945649E-10
 45.0   23430.00   .1945715E-10
 45.0   23440.00   .1945781E-10
 45.0   23450.00   .1945849E-10
 45.0   23460.00   .1945918E-10
 45.0   23470.00   .1945988E-10
 45.0   23480.00   .1946060E-10
 45.0   23490.00   .1946132E-10
 45.0   23500.00   .1946205E-10
 45.0   23510.00   .1946283E-10
 45.0   23520.00   .1946359E-10
 45.0   23530.00   .1946437E-10
 45.0   23540.00   .1946515E-10
 45.0   23550.00   .1946596E-10
 45.0   23560.00   .1946676E-10
 45.0   23570.00   .1946759E-10
 45.0   23580.00   .1946843E-10
 45.0   23590.00   .1946929E-10
 45.0   23600.00   .1947014E-10
 45.0   23610.00   .1947101E-10
 45.0   23620.00   .1947189E-10
 45.0   23630.00   .1947278E-10
 45.0   23640.00   .1947369E-10
 45.0   23650.00   .1947461E-10
 45.0   23660.00   .1947554E-10
 45.0   23670.00   .1947648E-10
 45.0   23680.00   .1947742E-10
 45.0   23690.00   .1947839E-10
 45.0   23700.00   .1947935E-10
 45.0   23710.00   .1948033E-10
 45.0   23720.00   .1948134E-10
 45.0   23730.00   .1948234E-10
 45.0   23740.00   .1948332E-10
 45.0   23750.00   .1948435E-10
 45.0   23760.00   .1948539E-10
 45.0   23770.00   .1948643E-10
 45.0   23780.00   .1948750E-10
 45.0   23790.00   .1948855E-10
 45.0   23800.00   .1948964E-10
 45.0   23810.00   .1949072E-10
 45.0   23820.00   .1949180E-10
 45.0   23830.00   .1949290E-10
 45.0   23840.00   .1949402E-10
 45.0   23850.00   .1949515E-10
 45.0   23860.00   .1949628E-10
 45.0   23870.00   .1949740E-10
 45.0   23880.00   .1949855E-10
 45.0   23890.00   .1949974E-10
 45.0   23900.00   .1950089E-10
 45.0   23910.00   .1950208E-10
 45.0   23920.00   .1950325E-10
 45.0   23930.00   .1950445E-10
 45.0   23940.00   .1950566E-10
 45.0   23950.00   .1950687E-10
 45.0   23960.00   .1950810E-10
 45.0   23970.00   .1950932E-10
 45.0   23980.00   .1951057E-10
 45.0   23990.00   .1951181E-10
 45.0   24000.00   .1951307E-10
 45.0   24010.00   .1951434E-10
 45.0   24020.00   .1951559E-10
 45.0   24030.00   .1951689E-10
 45.0   24040.00   .1951820E-10
 45.0   24050.00   .1951947E-10
 45.0   24060.00   .1952076E-10
 45.0   24070.00   .1952210E-10
 45.0   24080.00   .1952340E-10
 45.0   24090.00   .1952472E-10
 45.0   24100.00   .1952609E-10
 45.0   24110.00   .1952742E-10
 45.0   24120.00   .1952875E-10
 45.0   24130.00   .1953013E-10
 45.0   24140.00   .1953149E-10
 45.0   24150.00   .1953287E-10
 45.0   24160.00   .1953425E-10
 45.0   24170.00   .1953564E-10
 45.0   24180.00   .1953703E-10
 45.0   24190.00   .1953843E-10
 45.0   24200.00   .1953983E-10
 45.0   24210.00   .1954126E-10
 45.0   24220.00   .1954270E-10
 45.0   24230.00   .1954414E-10
 45.0   24240.00   .1954554E-10
 45.0   24250.00   .1954700E-10
 45.0   24260.00   .1954844E-10
 45.0   24270.00   .1954989E-10
 45.0   24280.00   .1955137E-10
 45.0   24290.00   .1955282E-10
 45.0   24300.00   .1955430E-10
 45.0   24310.00   .1955577E-10
 45.0   24320.00   .1955727E-10
 45.0   24330.00   .1955877E-10
 45.0   24340.00   .1956026E-10
 45.0   24350.00   .1956176E-10
 45.0   24360.00   .1956327E-10
 45.0   24370.00   .1956478E-10
 45.0   24380.00   .1956631E-10
 45.0   24390.00   .1956783E-10
 45.0   24400.00   .1956935E-10
 45.0   24410.00   .1957089E-10
 45.0   24420.00   .1957244E-10
 45.0   24430.00   .1957397E-10
 45.0   24440.00   .1957553E-10
 45.0   24450.00   .1957707E-10
 45.0   24460.00   .1957864E-10
 45.0   24470.00   .1958021E-10
 45.0   24480.00   .1958179E-10
 45.0   24490.00   .1958335E-10
 45.0   24500.00   .1958495E-10
 45.0   24510.00   .1958653E-10
 45.0   24520.00   .1958812E-10
 45.0   24530.00   .1958971E-10
 45.0   24540.00   .1959131E-10
 45.0   24550.00   .1959293E-10
 45.0   24560.00   .1959454E-10
 45.0   24570.00   .1959614E-10
 45.0   24580.00   .1959773E-10
 45.0   24590.00   .1959934E-10
 45.0   24600.00   .1960100E-10
 45.0   24610.00   .1960263E-10
 45.0   24620.00   .1960424E-10
 45.0   24630.00   .1960587E-10
 45.0   24640.00   .1960750E-10
 45.0   24650.00   .1960915E-10
 45.0   24660.00   .1961080E-10
 45.0   24670.00   .1961245E-10
 45.0   24680.00   .1961410E-10
 45.0   24690.00   .1961574E-10
 45.0   24700.00   .1961742E-10
 45.0   24710.00   .1961905E-10
 45.0   24720.00   .1962072E-10
 45.0   24730.00   .1962239E-10
 45.0   24740.00   .1962406E-10
 45.0   24750.00   .1962574E-10
 45.0   24760.00   .1962741E-10
 45.0   24770.00   .1962907E-10
 45.0   24780.00   .1963075E-10
 45.0   24790.00   .1963245E-10
 45.0   24800.00   .1963412E-10
 45.0   24810.00   .1963583E-10
 45.0   24820.00   .1963750E-10
 45.0   24830.00   .1963920E-10
 45.0   24840.00   .1964086E-10
 45.0   24850.00   .1964258E-10
 45.0   24860.00   .1964427E-10
 45.0   24870.00   .1964596E-10
 45.0   24880.00   .1964768E-10
 45.0   24890.00   .1964937E-10
 45.0   24900.00   .1965108E-10
 45.0   24910.00   .1965277E-10
 45.0   24920.00   .1965448E-10
 45.0   24930.00   .1965620E-10
 45.0   24940.00   .1965790E-10
 45.0   24950.00   .1965960E-10
 45.0   24960.00   .1966130E-10
 45.0   24970.00   .1966302E-10
 45.0   24980.00   .1966474E-10
 45.0   24990.00   .1966646E-10
 45.0   25000.00   .1966817E-10
