 21.0    1000.00   .5643586E-14
 21.0    1010.00   .2403317E-13
 21.0    1020.00   .6771456E-13
 21.0    1030.00   .1538060E-12
 21.0    1040.00   .3051153E-12
 21.0    1050.00   .5508816E-12
 21.0    1060.00   .9274906E-12
 21.0    1070.00   .1479107E-11
 21.0    1080.00   .2258169E-11
 21.0    1090.00   .3325625E-11
 21.0    1100.00   .4750794E-11
 21.0    1110.00   .6610686E-11
 21.0    1120.00   .8988631E-11
 21.0    1130.00   .1197205E-10
 21.0    1140.00   .1564927E-10
 21.0    1150.00   .2010522E-10
 21.0    1160.00   .2541621E-10
 21.0    1170.00   .3164359E-10
 21.0    1180.00   .3882682E-10
 21.0    1190.00   .4697602E-10
 21.0    1200.00   .5606472E-10
 21.0    1210.00   .6602304E-10
 21.0    1220.00   .7673217E-10
 21.0    1230.00   .8802098E-10
 21.0    1240.00   .9966509E-10
 21.0    1250.00   .1113889E-09
 21.0    1260.00   .1228994E-09
 21.0    1270.00   .1339957E-09
 21.0    1280.00   .1445297E-09
 21.0    1290.00   .1543884E-09
 21.0    1300.00   .1634971E-09
 21.0    1310.00   .1718208E-09
 21.0    1320.00   .1793630E-09
 21.0    1330.00   .1861636E-09
 21.0    1340.00   .1922956E-09
 21.0    1350.00   .1978607E-09
 21.0    1360.00   .2029855E-09
 21.0    1370.00   .2078175E-09
 21.0    1380.00   .2125178E-09
 21.0    1390.00   .2171682E-09
 21.0    1400.00   .2217618E-09
 21.0    1410.00   .2262861E-09
 21.0    1420.00   .2307290E-09
 21.0    1430.00   .2350784E-09
 21.0    1440.00   .2393225E-09
 21.0    1450.00   .2434512E-09
 21.0    1460.00   .2474555E-09
 21.0    1470.00   .2513286E-09
 21.0    1480.00   .2550654E-09
 21.0    1490.00   .2586627E-09
 21.0    1500.00   .2621196E-09
 21.0    1510.00   .2654384E-09
 21.0    1520.00   .2686295E-09
 21.0    1530.00   .2717053E-09
 21.0    1540.00   .2746780E-09
 21.0    1550.00   .2775593E-09
 21.0    1560.00   .2803615E-09
 21.0    1570.00   .2830964E-09
 21.0    1580.00   .2857759E-09
 21.0    1590.00   .2884116E-09
 21.0    1600.00   .2910154E-09
 21.0    1610.00   .2935992E-09
 21.0    1620.00   .2961748E-09
 21.0    1630.00   .2987541E-09
 21.0    1640.00   .3013493E-09
 21.0    1650.00   .3039728E-09
 21.0    1660.00   .3066371E-09
 21.0    1670.00   .3093553E-09
 21.0    1680.00   .3121404E-09
 21.0    1690.00   .3150063E-09
 21.0    1700.00   .3179673E-09
 21.0    1710.00   .3210379E-09
 21.0    1720.00   .3242336E-09
 21.0    1730.00   .3275707E-09
 21.0    1740.00   .3310659E-09
 21.0    1750.00   .3347370E-09
 21.0    1760.00   .3385989E-09
 21.0    1770.00   .3426519E-09
 21.0    1780.00   .3468926E-09
 21.0    1790.00   .3513172E-09
 21.0    1800.00   .3559218E-09
 21.0    1810.00   .3607019E-09
 21.0    1820.00   .3656531E-09
 21.0    1830.00   .3707705E-09
 21.0    1840.00   .3760486E-09
 21.0    1850.00   .3814817E-09
 21.0    1860.00   .3870637E-09
 21.0    1870.00   .3927880E-09
 21.0    1880.00   .3986472E-09
 21.0    1890.00   .4046338E-09
 21.0    1900.00   .4107394E-09
 21.0    1910.00   .4169550E-09
 21.0    1920.00   .4232712E-09
 21.0    1930.00   .4296778E-09
 21.0    1940.00   .4361638E-09
 21.0    1950.00   .4427175E-09
 21.0    1960.00   .4493268E-09
 21.0    1970.00   .4559785E-09
 21.0    1980.00   .4626586E-09
 21.0    1990.00   .4693525E-09
 21.0    2000.00   .4760447E-09
 21.0    2010.00   .4827214E-09
 21.0    2020.00   .4893788E-09
 21.0    2030.00   .4960153E-09
 21.0    2040.00   .5026296E-09
 21.0    2050.00   .5092202E-09
 21.0    2060.00   .5157857E-09
 21.0    2070.00   .5223246E-09
 21.0    2080.00   .5288353E-09
 21.0    2090.00   .5353164E-09
 21.0    2100.00   .5417665E-09
 21.0    2110.00   .5481840E-09
 21.0    2120.00   .5545673E-09
 21.0    2130.00   .5609151E-09
 21.0    2140.00   .5672257E-09
 21.0    2150.00   .5734977E-09
 21.0    2160.00   .5797298E-09
 21.0    2170.00   .5859203E-09
 21.0    2180.00   .5920678E-09
 21.0    2190.00   .5981711E-09
 21.0    2200.00   .6042286E-09
 21.0    2210.00   .6102390E-09
 21.0    2220.00   .6162010E-09
 21.0    2230.00   .6221132E-09
 21.0    2240.00   .6279744E-09
 21.0    2250.00   .6337835E-09
 21.0    2260.00   .6395400E-09
 21.0    2270.00   .6452470E-09
 21.0    2280.00   .6509085E-09
 21.0    2290.00   .6565288E-09
 21.0    2300.00   .6621125E-09
 21.0    2310.00   .6676643E-09
 21.0    2320.00   .6731892E-09
 21.0    2330.00   .6786924E-09
 21.0    2340.00   .6841793E-09
 21.0    2350.00   .6896555E-09
 21.0    2360.00   .6951270E-09
 21.0    2370.00   .7005998E-09
 21.0    2380.00   .7060803E-09
 21.0    2390.00   .7115749E-09
 21.0    2400.00   .7170904E-09
 21.0    2410.00   .7226338E-09
 21.0    2420.00   .7282124E-09
 21.0    2430.00   .7338335E-09
 21.0    2440.00   .7395047E-09
 21.0    2450.00   .7452342E-09
 21.0    2460.00   .7510299E-09
 21.0    2470.00   .7569004E-09
 21.0    2480.00   .7628544E-09
 21.0    2490.00   .7689005E-09
 21.0    2500.00   .7750483E-09
 21.0    2510.00   .8260174E-09
 21.0    2520.00   .8998248E-09
 21.0    2530.00   .8950472E-09
 21.0    2540.00   .8278780E-09
 21.0    2550.00   .8497225E-09
 21.0    2560.00   .8762450E-09
 21.0    2570.00   .7893422E-09
 21.0    2580.00   .7389668E-09
 21.0    2590.00   .7582982E-09
 21.0    2600.00   .7851811E-09
 21.0    2610.00   .8415700E-09
 21.0    2620.00   .7879493E-09
 21.0    2630.00   .7480827E-09
 21.0    2640.00   .8206229E-09
 21.0    2650.00   .9895115E-09
 21.0    2660.00   .9938047E-09
 21.0    2670.00   .1023659E-08
 21.0    2680.00   .1176759E-08
 21.0    2690.00   .1270010E-08
 21.0    2700.00   .1358792E-08
 21.0    2710.00   .1479221E-08
 21.0    2720.00   .1583327E-08
 21.0    2730.00   .1675721E-08
 21.0    2740.00   .1747660E-08
 21.0    2750.00   .1789432E-08
 21.0    2760.00   .1732374E-08
 21.0    2770.00   .1728865E-08
 21.0    2780.00   .1721348E-08
 21.0    2790.00   .1784264E-08
 21.0    2800.00   .1917665E-08
 21.0    2810.00   .2135036E-08
 21.0    2820.00   .2335426E-08
 21.0    2830.00   .2476517E-08
 21.0    2840.00   .2657373E-08
 21.0    2850.00   .2913507E-08
 21.0    2860.00   .3313183E-08
 21.0    2870.00   .3716577E-08
 21.0    2880.00   .4094704E-08
 21.0    2890.00   .4333320E-08
 21.0    2900.00   .4608404E-08
 21.0    2910.00   .4827855E-08
 21.0    2920.00   .4922753E-08
 21.0    2930.00   .5005756E-08
 21.0    2940.00   .5083027E-08
 21.0    2950.00   .5061820E-08
 21.0    2960.00   .4993430E-08
 21.0    2970.00   .4867936E-08
 21.0    2980.00   .4637716E-08
 21.0    2990.00   .4368648E-08
 21.0    3000.00   .4102758E-08
 21.0    3010.00   .3928680E-08
 21.0    3020.00   .3787182E-08
 21.0    3030.00   .3780661E-08
 21.0    3040.00   .3792604E-08
 21.0    3050.00   .3667137E-08
 21.0    3060.00   .3646579E-08
 21.0    3070.00   .3952377E-08
 21.0    3080.00   .4204797E-08
 21.0    3090.00   .4344927E-08
 21.0    3100.00   .4613506E-08
 21.0    3110.00   .4878178E-08
 21.0    3120.00   .5120988E-08
 21.0    3130.00   .5403477E-08
 21.0    3140.00   .5623162E-08
 21.0    3150.00   .5764473E-08
 21.0    3160.00   .5996385E-08
 21.0    3170.00   .6140018E-08
 21.0    3180.00   .5986071E-08
 21.0    3190.00   .5725686E-08
 21.0    3200.00   .5449897E-08
 21.0    3210.00   .5109048E-08
 21.0    3220.00   .4917148E-08
 21.0    3230.00   .4693844E-08
 21.0    3240.00   .4504660E-08
 21.0    3250.00   .4332391E-08
 21.0    3260.00   .4272139E-08
 21.0    3270.00   .4253805E-08
 21.0    3280.00   .4223107E-08
 21.0    3290.00   .4272686E-08
 21.0    3300.00   .4350684E-08
 21.0    3310.00   .4426282E-08
 21.0    3320.00   .4667745E-08
 21.0    3330.00   .4870032E-08
 21.0    3340.00   .5048830E-08
 21.0    3350.00   .5239718E-08
 21.0    3360.00   .5388690E-08
 21.0    3370.00   .5364339E-08
 21.0    3380.00   .5332790E-08
 21.0    3390.00   .5239921E-08
 21.0    3400.00   .5389044E-08
 21.0    3410.00   .5558007E-08
 21.0    3420.00   .5702564E-08
 21.0    3430.00   .5931658E-08
 21.0    3440.00   .6144583E-08
 21.0    3450.00   .6268311E-08
 21.0    3460.00   .6552267E-08
 21.0    3470.00   .6695029E-08
 21.0    3480.00   .6788948E-08
 21.0    3490.00   .7029540E-08
 21.0    3500.00   .7380120E-08
 21.0    3510.00   .7662547E-08
 21.0    3520.00   .7814677E-08
 21.0    3530.00   .7964315E-08
 21.0    3540.00   .7970434E-08
 21.0    3550.00   .7899324E-08
 21.0    3560.00   .7847473E-08
 21.0    3570.00   .7693318E-08
 21.0    3580.00   .7568914E-08
 21.0    3590.00   .7371062E-08
 21.0    3600.00   .7214586E-08
 21.0    3610.00   .7186595E-08
 21.0    3620.00   .6787760E-08
 21.0    3630.00   .6572217E-08
 21.0    3640.00   .6509311E-08
 21.0    3650.00   .6136283E-08
 21.0    3660.00   .5581783E-08
 21.0    3670.00   .5318988E-08
 21.0    3680.00   .4919389E-08
 21.0    3690.00   .4439104E-08
 21.0    3700.00   .4029931E-08
 21.0    3710.00   .3885554E-08
 21.0    3720.00   .3672692E-08
 21.0    3730.00   .3663911E-08
 21.0    3740.00   .3720102E-08
 21.0    3750.00   .3786007E-08
 21.0    3760.00   .3832106E-08
 21.0    3770.00   .3977663E-08
 21.0    3780.00   .4033713E-08
 21.0    3790.00   .4051343E-08
 21.0    3800.00   .4416049E-08
 21.0    3810.00   .4760190E-08
 21.0    3820.00   .4741903E-08
 21.0    3830.00   .5236021E-08
 21.0    3840.00   .5845223E-08
 21.0    3850.00   .6458081E-08
 21.0    3860.00   .7071761E-08
 21.0    3870.00   .7615561E-08
 21.0    3880.00   .8109595E-08
 21.0    3890.00   .8335671E-08
 21.0    3900.00   .8551235E-08
 21.0    3910.00   .8579308E-08
 21.0    3920.00   .8745361E-08
 21.0    3930.00   .8803238E-08
 21.0    3940.00   .8606322E-08
 21.0    3950.00   .8549446E-08
 21.0    3960.00   .8214769E-08
 21.0    3970.00   .7833469E-08
 21.0    3980.00   .7511863E-08
 21.0    3990.00   .7350385E-08
 21.0    4000.00   .7320382E-08
 21.0    4010.00   .7337970E-08
 21.0    4020.00   .7547989E-08
 21.0    4030.00   .7791151E-08
 21.0    4040.00   .8064931E-08
 21.0    4050.00   .8386429E-08
 21.0    4060.00   .8728285E-08
 21.0    4070.00   .9006280E-08
 21.0    4080.00   .9139263E-08
 21.0    4090.00   .9124821E-08
 21.0    4100.00   .9122570E-08
 21.0    4110.00   .8974156E-08
 21.0    4120.00   .8796241E-08
 21.0    4130.00   .8661833E-08
 21.0    4140.00   .8495509E-08
 21.0    4150.00   .8364529E-08
 21.0    4160.00   .8221126E-08
 21.0    4170.00   .8077876E-08
 21.0    4180.00   .7906315E-08
 21.0    4190.00   .7701616E-08
 21.0    4200.00   .7431874E-08
 21.0    4210.00   .7116589E-08
 21.0    4220.00   .6797541E-08
 21.0    4230.00   .6469779E-08
 21.0    4240.00   .6150427E-08
 21.0    4250.00   .5874735E-08
 21.0    4260.00   .5523912E-08
 21.0    4270.00   .5291596E-08
 21.0    4280.00   .5020058E-08
 21.0    4290.00   .4893307E-08
 21.0    4300.00   .4753535E-08
 21.0    4310.00   .4779802E-08
 21.0    4320.00   .4875321E-08
 21.0    4330.00   .5004100E-08
 21.0    4340.00   .5172216E-08
 21.0    4350.00   .5366361E-08
 21.0    4360.00   .5527048E-08
 21.0    4370.00   .5705936E-08
 21.0    4380.00   .5791264E-08
 21.0    4390.00   .5752504E-08
 21.0    4400.00   .5715700E-08
 21.0    4410.00   .5646675E-08
 21.0    4420.00   .5637235E-08
 21.0    4430.00   .5692630E-08
 21.0    4440.00   .5859020E-08
 21.0    4450.00   .6092820E-08
 21.0    4460.00   .6347613E-08
 21.0    4470.00   .6652156E-08
 21.0    4480.00   .6812679E-08
 21.0    4490.00   .6982814E-08
 21.0    4500.00   .7101829E-08
 21.0    4510.00   .7170124E-08
 21.0    4520.00   .7163362E-08
 21.0    4530.00   .7112592E-08
 21.0    4540.00   .7053222E-08
 21.0    4550.00   .6990875E-08
 21.0    4560.00   .6954461E-08
 21.0    4570.00   .6866126E-08
 21.0    4580.00   .6823709E-08
 21.0    4590.00   .6756162E-08
 21.0    4600.00   .6612564E-08
 21.0    4610.00   .6430292E-08
 21.0    4620.00   .6132418E-08
 21.0    4630.00   .5842699E-08
 21.0    4640.00   .5567571E-08
 21.0    4650.00   .5349330E-08
 21.0    4660.00   .5193092E-08
 21.0    4670.00   .5052021E-08
 21.0    4680.00   .4935484E-08
 21.0    4690.00   .4852394E-08
 21.0    4700.00   .4773504E-08
 21.0    4710.00   .4616708E-08
 21.0    4720.00   .4484790E-08
 21.0    4730.00   .4355897E-08
 21.0    4740.00   .4235018E-08
 21.0    4750.00   .4154774E-08
 21.0    4760.00   .4129078E-08
 21.0    4770.00   .4120241E-08
 21.0    4780.00   .4120543E-08
 21.0    4790.00   .4098153E-08
 21.0    4800.00   .4025521E-08
 21.0    4810.00   .3921664E-08
 21.0    4820.00   .3779170E-08
 21.0    4830.00   .3616542E-08
 21.0    4840.00   .3436673E-08
 21.0    4850.00   .3280288E-08
 21.0    4860.00   .3178554E-08
 21.0    4870.00   .3135389E-08
 21.0    4880.00   .3162179E-08
 21.0    4890.00   .3199542E-08
 21.0    4900.00   .3273159E-08
 21.0    4910.00   .3331932E-08
 21.0    4920.00   .3404412E-08
 21.0    4930.00   .3460679E-08
 21.0    4940.00   .3480821E-08
 21.0    4950.00   .3492194E-08
 21.0    4960.00   .3489335E-08
 21.0    4970.00   .3505525E-08
 21.0    4980.00   .3503538E-08
 21.0    4990.00   .3516533E-08
 21.0    5000.00   .3580745E-08
 21.0    5010.00   .3634224E-08
 21.0    5020.00   .3714218E-08
 21.0    5030.00   .3822497E-08
 21.0    5040.00   .3933242E-08
 21.0    5050.00   .4062713E-08
 21.0    5060.00   .4178201E-08
 21.0    5070.00   .4301892E-08
 21.0    5080.00   .4415916E-08
 21.0    5090.00   .4507780E-08
 21.0    5100.00   .4577769E-08
 21.0    5110.00   .4602805E-08
 21.0    5120.00   .4596671E-08
 21.0    5130.00   .4585138E-08
 21.0    5140.00   .4556775E-08
 21.0    5150.00   .4524860E-08
 21.0    5160.00   .4538237E-08
 21.0    5170.00   .4500432E-08
 21.0    5180.00   .4448331E-08
 21.0    5190.00   .4387763E-08
 21.0    5200.00   .4287260E-08
 21.0    5210.00   .4153744E-08
 21.0    5220.00   .3991597E-08
 21.0    5230.00   .3794322E-08
 21.0    5240.00   .3601945E-08
 21.0    5250.00   .3429276E-08
 21.0    5260.00   .3296363E-08
 21.0    5270.00   .3187096E-08
 21.0    5280.00   .3121907E-08
 21.0    5290.00   .3082491E-08
 21.0    5300.00   .3081882E-08
 21.0    5310.00   .3098941E-08
 21.0    5320.00   .3166342E-08
 21.0    5330.00   .3226962E-08
 21.0    5340.00   .3271037E-08
 21.0    5350.00   .3297120E-08
 21.0    5360.00   .3305406E-08
 21.0    5370.00   .3302457E-08
 21.0    5380.00   .3258470E-08
 21.0    5390.00   .3199131E-08
 21.0    5400.00   .3138779E-08
 21.0    5410.00   .3051281E-08
 21.0    5420.00   .2958456E-08
 21.0    5430.00   .2876824E-08
 21.0    5440.00   .2813468E-08
 21.0    5450.00   .2788370E-08
 21.0    5460.00   .2804950E-08
 21.0    5470.00   .2860346E-08
 21.0    5480.00   .2954360E-08
 21.0    5490.00   .3076882E-08
 21.0    5500.00   .3213935E-08
 21.0    5510.00   .3345693E-08
 21.0    5520.00   .3490082E-08
 21.0    5530.00   .3600883E-08
 21.0    5540.00   .3675745E-08
 21.0    5550.00   .3715588E-08
 21.0    5560.00   .3734150E-08
 21.0    5570.00   .3754769E-08
 21.0    5580.00   .3768982E-08
 21.0    5590.00   .3804669E-08
 21.0    5600.00   .3786871E-08
 21.0    5610.00   .3786706E-08
 21.0    5620.00   .3777309E-08
 21.0    5630.00   .3764353E-08
 21.0    5640.00   .3747495E-08
 21.0    5650.00   .3715436E-08
 21.0    5660.00   .3697523E-08
 21.0    5670.00   .3669031E-08
 21.0    5680.00   .3645113E-08
 21.0    5690.00   .3613226E-08
 21.0    5700.00   .3557279E-08
 21.0    5710.00   .3483341E-08
 21.0    5720.00   .3394817E-08
 21.0    5730.00   .3309565E-08
 21.0    5740.00   .3250821E-08
 21.0    5750.00   .3195301E-08
 21.0    5760.00   .3170134E-08
 21.0    5770.00   .3167088E-08
 21.0    5780.00   .3168492E-08
 21.0    5790.00   .3182913E-08
 21.0    5800.00   .3214491E-08
 21.0    5810.00   .3251274E-08
 21.0    5820.00   .3301492E-08
 21.0    5830.00   .3334299E-08
 21.0    5840.00   .3361331E-08
 21.0    5850.00   .3387247E-08
 21.0    5860.00   .3382903E-08
 21.0    5870.00   .3417443E-08
 21.0    5880.00   .3393858E-08
 21.0    5890.00   .3339140E-08
 21.0    5900.00   .3361519E-08
 21.0    5910.00   .3430815E-08
 21.0    5920.00   .3430188E-08
 21.0    5930.00   .3374588E-08
 21.0    5940.00   .3290253E-08
 21.0    5950.00   .3199273E-08
 21.0    5960.00   .3106741E-08
 21.0    5970.00   .3019335E-08
 21.0    5980.00   .2920687E-08
 21.0    5990.00   .2843448E-08
 21.0    6000.00   .2739295E-08
 21.0    6010.00   .2637910E-08
 21.0    6020.00   .2506959E-08
 21.0    6030.00   .2386784E-08
 21.0    6040.00   .2246360E-08
 21.0    6050.00   .2074842E-08
 21.0    6060.00   .1912393E-08
 21.0    6070.00   .1733354E-08
 21.0    6080.00   .1581856E-08
 21.0    6090.00   .1463168E-08
 21.0    6100.00   .1378139E-08
 21.0    6110.00   .1334691E-08
 21.0    6120.00   .1303725E-08
 21.0    6130.00   .1322233E-08
 21.0    6140.00   .1368702E-08
 21.0    6150.00   .1444800E-08
 21.0    6160.00   .1553448E-08
 21.0    6170.00   .1683059E-08
 21.0    6180.00   .1812273E-08
 21.0    6190.00   .1962530E-08
 21.0    6200.00   .2122381E-08
 21.0    6210.00   .2276317E-08
 21.0    6220.00   .2406762E-08
 21.0    6230.00   .2530059E-08
 21.0    6240.00   .2628305E-08
 21.0    6250.00   .2737757E-08
 21.0    6260.00   .2822663E-08
 21.0    6270.00   .2905792E-08
 21.0    6280.00   .2939865E-08
 21.0    6290.00   .3019115E-08
 21.0    6300.00   .3063869E-08
 21.0    6310.00   .3091534E-08
 21.0    6320.00   .3094781E-08
 21.0    6330.00   .3102290E-08
 21.0    6340.00   .3106186E-08
 21.0    6350.00   .3108877E-08
 21.0    6360.00   .3095920E-08
 21.0    6370.00   .3073693E-08
 21.0    6380.00   .3040253E-08
 21.0    6390.00   .3011142E-08
 21.0    6400.00   .2977468E-08
 21.0    6410.00   .2931282E-08
 21.0    6420.00   .2889908E-08
 21.0    6430.00   .2839884E-08
 21.0    6440.00   .2801484E-08
 21.0    6450.00   .2748237E-08
 21.0    6460.00   .2715721E-08
 21.0    6470.00   .2679953E-08
 21.0    6480.00   .2642551E-08
 21.0    6490.00   .2598359E-08
 21.0    6500.00   .2563667E-08
 21.0    6510.00   .2565651E-08
 21.0    6520.00   .2532408E-08
 21.0    6530.00   .2496902E-08
 21.0    6540.00   .2493018E-08
 21.0    6550.00   .2460463E-08
 21.0    6560.00   .2426750E-08
 21.0    6570.00   .2370214E-08
 21.0    6580.00   .2342800E-08
 21.0    6590.00   .2286573E-08
 21.0    6600.00   .2252704E-08
 21.0    6610.00   .2214063E-08
 21.0    6620.00   .2179985E-08
 21.0    6630.00   .2133097E-08
 21.0    6640.00   .2089135E-08
 21.0    6650.00   .2064758E-08
 21.0    6660.00   .2023886E-08
 21.0    6670.00   .1983529E-08
 21.0    6680.00   .1952266E-08
 21.0    6690.00   .1918249E-08
 21.0    6700.00   .1866624E-08
 21.0    6710.00   .1834992E-08
 21.0    6720.00   .1808710E-08
 21.0    6730.00   .1765106E-08
 21.0    6740.00   .1712455E-08
 21.0    6750.00   .1718652E-08
 21.0    6760.00   .1670476E-08
 21.0    6770.00   .1666511E-08
 21.0    6780.00   .1642106E-08
 21.0    6790.00   .1619373E-08
 21.0    6800.00   .1607268E-08
 21.0    6810.00   .1606661E-08
 21.0    6820.00   .1583039E-08
 21.0    6830.00   .1559375E-08
 21.0    6840.00   .1549655E-08
 21.0    6850.00   .1523333E-08
 21.0    6860.00   .1529960E-08
 21.0    6870.00   .1487592E-08
 21.0    6880.00   .1468124E-08
 21.0    6890.00   .1431541E-08
 21.0    6900.00   .1419788E-08
 21.0    6910.00   .1387233E-08
 21.0    6920.00   .1378017E-08
 21.0    6930.00   .1387272E-08
 21.0    6940.00   .1367697E-08
 21.0    6950.00   .1375562E-08
 21.0    6960.00   .1345905E-08
 21.0    6970.00   .1341116E-08
 21.0    6980.00   .1324243E-08
 21.0    6990.00   .1301256E-08
 21.0    7000.00   .1287976E-08
 21.0    7010.00   .1290020E-08
 21.0    7020.00   .1273603E-08
 21.0    7030.00   .1263775E-08
 21.0    7040.00   .1266755E-08
 21.0    7050.00   .1247696E-08
 21.0    7060.00   .1248880E-08
 21.0    7070.00   .1239052E-08
 21.0    7080.00   .1234582E-08
 21.0    7090.00   .1231046E-08
 21.0    7100.00   .1225330E-08
 21.0    7110.00   .1208944E-08
 21.0    7120.00   .1202170E-08
 21.0    7130.00   .1195831E-08
 21.0    7140.00   .1174260E-08
 21.0    7150.00   .1175915E-08
 21.0    7160.00   .1167063E-08
 21.0    7170.00   .1127569E-08
 21.0    7180.00   .1121874E-08
 21.0    7190.00   .1097153E-08
 21.0    7200.00   .1084484E-08
 21.0    7210.00   .1120426E-08
 21.0    7220.00   .1122896E-08
 21.0    7230.00   .1099793E-08
 21.0    7240.00   .1067120E-08
 21.0    7250.00   .1060519E-08
 21.0    7260.00   .1055513E-08
 21.0    7270.00   .1051706E-08
 21.0    7280.00   .1037083E-08
 21.0    7290.00   .1016131E-08
 21.0    7300.00   .1018656E-08
 21.0    7310.00   .9958711E-09
 21.0    7320.00   .9790957E-09
 21.0    7330.00   .9753838E-09
 21.0    7340.00   .9578632E-09
 21.0    7350.00   .9342682E-09
 21.0    7360.00   .9211103E-09
 21.0    7370.00   .8995457E-09
 21.0    7380.00   .8905056E-09
 21.0    7390.00   .8698353E-09
 21.0    7400.00   .8510433E-09
 21.0    7410.00   .8404981E-09
 21.0    7420.00   .8253021E-09
 21.0    7430.00   .7956305E-09
 21.0    7440.00   .7617371E-09
 21.0    7450.00   .7388609E-09
 21.0    7460.00   .7256761E-09
 21.0    7470.00   .7141347E-09
 21.0    7480.00   .7130840E-09
 21.0    7490.00   .7308316E-09
 21.0    7500.00   .7423987E-09
 21.0    7510.00   .7558140E-09
 21.0    7520.00   .7656291E-09
 21.0    7530.00   .7703342E-09
 21.0    7540.00   .7718215E-09
 21.0    7550.00   .7684772E-09
 21.0    7560.00   .7660368E-09
 21.0    7570.00   .7458581E-09
 21.0    7580.00   .7408480E-09
 21.0    7590.00   .7378984E-09
 21.0    7600.00   .7425182E-09
 21.0    7610.00   .7636408E-09
 21.0    7620.00   .7826583E-09
 21.0    7630.00   .7766096E-09
 21.0    7640.00   .7922932E-09
 21.0    7650.00   .8033920E-09
 21.0    7660.00   .7927593E-09
 21.0    7670.00   .7990262E-09
 21.0    7680.00   .8048112E-09
 21.0    7690.00   .8260603E-09
 21.0    7700.00   .8475335E-09
 21.0    7710.00   .8535571E-09
 21.0    7720.00   .8659514E-09
 21.0    7730.00   .8713515E-09
 21.0    7740.00   .8794287E-09
 21.0    7750.00   .8862069E-09
 21.0    7760.00   .8938118E-09
 21.0    7770.00   .9037871E-09
 21.0    7780.00   .9195591E-09
 21.0    7790.00   .9184424E-09
 21.0    7800.00   .9212308E-09
 21.0    7810.00   .9357466E-09
 21.0    7820.00   .9373152E-09
 21.0    7830.00   .9213908E-09
 21.0    7840.00   .9371363E-09
 21.0    7850.00   .9459525E-09
 21.0    7860.00   .9259487E-09
 21.0    7870.00   .9147925E-09
 21.0    7880.00   .9252762E-09
 21.0    7890.00   .9149786E-09
 21.0    7900.00   .8921881E-09
 21.0    7910.00   .8893992E-09
 21.0    7920.00   .8944818E-09
 21.0    7930.00   .8754149E-09
 21.0    7940.00   .8551789E-09
 21.0    7950.00   .8515988E-09
 21.0    7960.00   .8358921E-09
 21.0    7970.00   .8225207E-09
 21.0    7980.00   .7986304E-09
 21.0    7990.00   .8043534E-09
 21.0    8000.00   .7938705E-09
 21.0    8010.00   .7745425E-09
 21.0    8020.00   .7513233E-09
 21.0    8030.00   .7496914E-09
 21.0    8040.00   .7282536E-09
 21.0    8050.00   .7197317E-09
 21.0    8060.00   .6995245E-09
 21.0    8070.00   .6979410E-09
 21.0    8080.00   .6938539E-09
 21.0    8090.00   .7000474E-09
 21.0    8100.00   .6846472E-09
 21.0    8110.00   .6885863E-09
 21.0    8120.00   .6810810E-09
 21.0    8130.00   .6629191E-09
 21.0    8140.00   .6565217E-09
 21.0    8150.00   .6595349E-09
 21.0    8160.00   .6525638E-09
 21.0    8170.00   .6333377E-09
 21.0    8180.00   .6070957E-09
 21.0    8190.00   .5876962E-09
 21.0    8200.00   .5829123E-09
 21.0    8210.00   .5502395E-09
 21.0    8220.00   .5316086E-09
 21.0    8230.00   .5190350E-09
 21.0    8240.00   .5198116E-09
 21.0    8250.00   .4973022E-09
 21.0    8260.00   .4941400E-09
 21.0    8270.00   .5008108E-09
 21.0    8280.00   .5193191E-09
 21.0    8290.00   .5138830E-09
 21.0    8300.00   .5334215E-09
 21.0    8310.00   .5461969E-09
 21.0    8320.00   .5555001E-09
 21.0    8330.00   .5487191E-09
 21.0    8340.00   .5612985E-09
 21.0    8350.00   .5616603E-09
 21.0    8360.00   .5758070E-09
 21.0    8370.00   .5711379E-09
 21.0    8380.00   .5885764E-09
 21.0    8390.00   .6093067E-09
 21.0    8400.00   .6305045E-09
 21.0    8410.00   .6352165E-09
 21.0    8420.00   .6583753E-09
 21.0    8430.00   .6920196E-09
 21.0    8440.00   .7072680E-09
 21.0    8450.00   .7116813E-09
 21.0    8460.00   .7339181E-09
 21.0    8470.00   .7631366E-09
 21.0    8480.00   .7785258E-09
 21.0    8490.00   .7751652E-09
 21.0    8500.00   .7881835E-09
 21.0    8510.00   .8048155E-09
 21.0    8520.00   .8077289E-09
 21.0    8530.00   .7981232E-09
 21.0    8540.00   .8005500E-09
 21.0    8550.00   .8137333E-09
 21.0    8560.00   .7991635E-09
 21.0    8570.00   .8002603E-09
 21.0    8580.00   .8041777E-09
 21.0    8590.00   .8171526E-09
 21.0    8600.00   .8017172E-09
 21.0    8610.00   .7895995E-09
 21.0    8620.00   .7882385E-09
 21.0    8630.00   .7946041E-09
 21.0    8640.00   .7842581E-09
 21.0    8650.00   .7679586E-09
 21.0    8660.00   .7816754E-09
 21.0    8670.00   .7892808E-09
 21.0    8680.00   .7779923E-09
 21.0    8690.00   .7676468E-09
 21.0    8700.00   .7710727E-09
 21.0    8710.00   .7769645E-09
 21.0    8720.00   .7610052E-09
 21.0    8730.00   .7389034E-09
 21.0    8740.00   .7353810E-09
 21.0    8750.00   .7572836E-09
 21.0    8760.00   .7434253E-09
 21.0    8770.00   .7274524E-09
 21.0    8780.00   .7180519E-09
 21.0    8790.00   .7313523E-09
 21.0    8800.00   .7117426E-09
 21.0    8810.00   .6992626E-09
 21.0    8820.00   .6884010E-09
 21.0    8830.00   .6953173E-09
 21.0    8840.00   .6931048E-09
 21.0    8850.00   .6558418E-09
 21.0    8860.00   .6422184E-09
 21.0    8870.00   .6256920E-09
 21.0    8880.00   .6181861E-09
 21.0    8890.00   .6003662E-09
 21.0    8900.00   .5759777E-09
 21.0    8910.00   .5759753E-09
 21.0    8920.00   .5760155E-09
 21.0    8930.00   .5819612E-09
 21.0    8940.00   .5796029E-09
 21.0    8950.00   .5738218E-09
 21.0    8960.00   .5627236E-09
 21.0    8970.00   .5681117E-09
 21.0    8980.00   .5594373E-09
 21.0    8990.00   .5625568E-09
 21.0    9000.00   .5622871E-09
 21.0    9010.00   .5384131E-09
 21.0    9020.00   .5297963E-09
 21.0    9030.00   .5400317E-09
 21.0    9040.00   .5459184E-09
 21.0    9050.00   .5363436E-09
 21.0    9060.00   .5357086E-09
 21.0    9070.00   .5252039E-09
 21.0    9080.00   .5212707E-09
 21.0    9090.00   .5210369E-09
 21.0    9100.00   .5149388E-09
 21.0    9110.00   .5206236E-09
 21.0    9120.00   .5170401E-09
 21.0    9130.00   .5127247E-09
 21.0    9140.00   .5190845E-09
 21.0    9150.00   .5149095E-09
 21.0    9160.00   .5059618E-09
 21.0    9170.00   .5193516E-09
 21.0    9180.00   .5169061E-09
 21.0    9190.00   .5349090E-09
 21.0    9200.00   .5242921E-09
 21.0    9210.00   .5365998E-09
 21.0    9220.00   .5366971E-09
 21.0    9230.00   .5345388E-09
 21.0    9240.00   .5247476E-09
 21.0    9250.00   .5249908E-09
 21.0    9260.00   .5313521E-09
 21.0    9270.00   .5229127E-09
 21.0    9280.00   .5071192E-09
 21.0    9290.00   .4997859E-09
 21.0    9300.00   .4761392E-09
 21.0    9310.00   .4398032E-09
 21.0    9320.00   .3967540E-09
 21.0    9330.00   .3873043E-09
 21.0    9340.00   .3504359E-09
 21.0    9350.00   .3584409E-09
 21.0    9360.00   .3456309E-09
 21.0    9370.00   .3617920E-09
 21.0    9380.00   .3528085E-09
 21.0    9390.00   .3965387E-09
 21.0    9400.00   .4095209E-09
 21.0    9410.00   .4011287E-09
 21.0    9420.00   .3885837E-09
 21.0    9430.00   .3641300E-09
 21.0    9440.00   .3540128E-09
 21.0    9450.00   .3582464E-09
 21.0    9460.00   .3440637E-09
 21.0    9470.00   .3483572E-09
 21.0    9480.00   .3527344E-09
 21.0    9490.00   .3541934E-09
 21.0    9500.00   .3188157E-09
 21.0    9510.00   .3530328E-09
 21.0    9520.00   .3236186E-09
 21.0    9530.00   .3287961E-09
 21.0    9540.00   .3380048E-09
 21.0    9550.00   .3299166E-09
 21.0    9560.00   .3279677E-09
 21.0    9570.00   .3137513E-09
 21.0    9580.00   .3304919E-09
 21.0    9590.00   .3078316E-09
 21.0    9600.00   .3173381E-09
 21.0    9610.00   .3155509E-09
 21.0    9620.00   .3183486E-09
 21.0    9630.00   .3148032E-09
 21.0    9640.00   .3126659E-09
 21.0    9650.00   .3090977E-09
 21.0    9660.00   .3197516E-09
 21.0    9670.00   .2981698E-09
 21.0    9680.00   .3058213E-09
 21.0    9690.00   .3021665E-09
 21.0    9700.00   .3010112E-09
 21.0    9710.00   .3075962E-09
 21.0    9720.00   .2966062E-09
 21.0    9730.00   .3042344E-09
 21.0    9740.00   .2923957E-09
 21.0    9750.00   .2892382E-09
 21.0    9760.00   .2813281E-09
 21.0    9770.00   .2909633E-09
 21.0    9780.00   .2824452E-09
 21.0    9790.00   .2792872E-09
 21.0    9800.00   .2824040E-09
 21.0    9810.00   .2715337E-09
 21.0    9820.00   .2751998E-09
 21.0    9830.00   .2779355E-09
 21.0    9840.00   .2796176E-09
 21.0    9850.00   .2756335E-09
 21.0    9860.00   .2723659E-09
 21.0    9870.00   .2680989E-09
 21.0    9880.00   .2758350E-09
 21.0    9890.00   .2644731E-09
 21.0    9900.00   .2665233E-09
 21.0    9910.00   .2523825E-09
 21.0    9920.00   .2659658E-09
 21.0    9930.00   .2490985E-09
 21.0    9940.00   .2494469E-09
 21.0    9950.00   .2642368E-09
 21.0    9960.00   .2524481E-09
 21.0    9970.00   .2504979E-09
 21.0    9980.00   .2484144E-09
 21.0    9990.00   .2473115E-09
 21.0   10000.00   .2466236E-09
 21.0   10010.00   .2459618E-09
 21.0   10020.00   .2453003E-09
 21.0   10030.00   .2446389E-09
 21.0   10040.00   .2439777E-09
 21.0   10050.00   .2433167E-09
 21.0   10060.00   .2426558E-09
 21.0   10070.00   .2419951E-09
 21.0   10080.00   .2413342E-09
 21.0   10090.00   .2406736E-09
 21.0   10100.00   .2400133E-09
 21.0   10110.00   .2393530E-09
 21.0   10120.00   .2386926E-09
 21.0   10130.00   .2380323E-09
 21.0   10140.00   .2373720E-09
 21.0   10150.00   .2367120E-09
 21.0   10160.00   .2360519E-09
 21.0   10170.00   .2353919E-09
 21.0   10180.00   .2347318E-09
 21.0   10190.00   .2340719E-09
 21.0   10200.00   .2334119E-09
 21.0   10210.00   .2327522E-09
 21.0   10220.00   .2320921E-09
 21.0   10230.00   .2314320E-09
 21.0   10240.00   .2307721E-09
 21.0   10250.00   .2301122E-09
 21.0   10260.00   .2294522E-09
 21.0   10270.00   .2287920E-09
 21.0   10280.00   .2281319E-09
 21.0   10290.00   .2274718E-09
 21.0   10300.00   .2268116E-09
 21.0   10310.00   .2261510E-09
 21.0   10320.00   .2254908E-09
 21.0   10330.00   .2248305E-09
 21.0   10340.00   .2241699E-09
 21.0   10350.00   .2235094E-09
 21.0   10360.00   .2228487E-09
 21.0   10370.00   .2221877E-09
 21.0   10380.00   .2215268E-09
 21.0   10390.00   .2208659E-09
 21.0   10400.00   .2202046E-09
 21.0   10410.00   .2195434E-09
 21.0   10420.00   .2188819E-09
 21.0   10430.00   .2182205E-09
 21.0   10440.00   .2175588E-09
 21.0   10450.00   .2168969E-09
 21.0   10460.00   .2162350E-09
 21.0   10470.00   .2155730E-09
 21.0   10480.00   .2149108E-09
 21.0   10490.00   .2142483E-09
 21.0   10500.00   .2135859E-09
 21.0   10510.00   .2129234E-09
 21.0   10520.00   .2122607E-09
 21.0   10530.00   .2115980E-09
 21.0   10540.00   .2109349E-09
 21.0   10550.00   .2102721E-09
 21.0   10560.00   .2096090E-09
 21.0   10570.00   .2089456E-09
 21.0   10580.00   .2082824E-09
 21.0   10590.00   .2076187E-09
 21.0   10600.00   .2069553E-09
 21.0   10610.00   .2062918E-09
 21.0   10620.00   .2056282E-09
 21.0   10630.00   .2049643E-09
 21.0   10640.00   .2043006E-09
 21.0   10650.00   .2036365E-09
 21.0   10660.00   .2029725E-09
 21.0   10670.00   .2023083E-09
 21.0   10680.00   .2016442E-09
 21.0   10690.00   .2009801E-09
 21.0   10700.00   .2003157E-09
 21.0   10710.00   .1996512E-09
 21.0   10720.00   .1989868E-09
 21.0   10730.00   .1983224E-09
 21.0   10740.00   .1976578E-09
 21.0   10750.00   .1969929E-09
 21.0   10760.00   .1963284E-09
 21.0   10770.00   .1956635E-09
 21.0   10780.00   .1949989E-09
 21.0   10790.00   .1943339E-09
 21.0   10800.00   .1936692E-09
 21.0   10810.00   .1930042E-09
 21.0   10820.00   .1923393E-09
 21.0   10830.00   .1916743E-09
 21.0   10840.00   .1910091E-09
 21.0   10850.00   .1903440E-09
 21.0   10860.00   .1896788E-09
 21.0   10870.00   .1890138E-09
 21.0   10880.00   .1883485E-09
 21.0   10890.00   .1876835E-09
 21.0   10900.00   .1870180E-09
 21.0   10910.00   .1863528E-09
 21.0   10920.00   .1856876E-09
 21.0   10930.00   .1850224E-09
 21.0   10940.00   .1843571E-09
 21.0   10950.00   .1836915E-09
 21.0   10960.00   .1830263E-09
 21.0   10970.00   .1823610E-09
 21.0   10980.00   .1816956E-09
 21.0   10990.00   .1810303E-09
 21.0   11000.00   .1803649E-09
 21.0   11010.00   .1796996E-09
 21.0   11020.00   .1790342E-09
 21.0   11030.00   .1783689E-09
 21.0   11040.00   .1777033E-09
 21.0   11050.00   .1770382E-09
 21.0   11060.00   .1763728E-09
 21.0   11070.00   .1757074E-09
 21.0   11080.00   .1750420E-09
 21.0   11090.00   .1743769E-09
 21.0   11100.00   .1737115E-09
 21.0   11110.00   .1730463E-09
 21.0   11120.00   .1723811E-09
 21.0   11130.00   .1717159E-09
 21.0   11140.00   .1710508E-09
 21.0   11150.00   .1703857E-09
 21.0   11160.00   .1697204E-09
 21.0   11170.00   .1690554E-09
 21.0   11180.00   .1683904E-09
 21.0   11190.00   .1677253E-09
 21.0   11200.00   .1670605E-09
 21.0   11210.00   .1663953E-09
 21.0   11220.00   .1657305E-09
 21.0   11230.00   .1650657E-09
 21.0   11240.00   .1644008E-09
 21.0   11250.00   .1637362E-09
 21.0   11260.00   .1630714E-09
 21.0   11270.00   .1624067E-09
 21.0   11280.00   .1617422E-09
 21.0   11290.00   .1610777E-09
 21.0   11300.00   .1604133E-09
 21.0   11310.00   .1603148E-09
 21.0   11320.00   .1602165E-09
 21.0   11330.00   .1601185E-09
 21.0   11340.00   .1600205E-09
 21.0   11350.00   .1599227E-09
 21.0   11360.00   .1598251E-09
 21.0   11370.00   .1597279E-09
 21.0   11380.00   .1596307E-09
 21.0   11390.00   .1595337E-09
 21.0   11400.00   .1594369E-09
 21.0   11410.00   .1593403E-09
 21.0   11420.00   .1592440E-09
 21.0   11430.00   .1591478E-09
 21.0   11440.00   .1590519E-09
 21.0   11450.00   .1589561E-09
 21.0   11460.00   .1588604E-09
 21.0   11470.00   .1587651E-09
 21.0   11480.00   .1586700E-09
 21.0   11490.00   .1585748E-09
 21.0   11500.00   .1584802E-09
 21.0   11510.00   .1583856E-09
 21.0   11520.00   .1582914E-09
 21.0   11530.00   .1581973E-09
 21.0   11540.00   .1581035E-09
 21.0   11550.00   .1580097E-09
 21.0   11560.00   .1579164E-09
 21.0   11570.00   .1578231E-09
 21.0   11580.00   .1577303E-09
 21.0   11590.00   .1576375E-09
 21.0   11600.00   .1575450E-09
 21.0   11610.00   .1574529E-09
 21.0   11620.00   .1573608E-09
 21.0   11630.00   .1572691E-09
 21.0   11640.00   .1571776E-09
 21.0   11650.00   .1570862E-09
 21.0   11660.00   .1569950E-09
 21.0   11670.00   .1569042E-09
 21.0   11680.00   .1568137E-09
 21.0   11690.00   .1567236E-09
 21.0   11700.00   .1566334E-09
 21.0   11710.00   .1565436E-09
 21.0   11720.00   .1564541E-09
 21.0   11730.00   .1563649E-09
 21.0   11740.00   .1562759E-09
 21.0   11750.00   .1561871E-09
 21.0   11760.00   .1560986E-09
 21.0   11770.00   .1560103E-09
 21.0   11780.00   .1559224E-09
 21.0   11790.00   .1558348E-09
 21.0   11800.00   .1557474E-09
 21.0   11810.00   .1556602E-09
 21.0   11820.00   .1555735E-09
 21.0   11830.00   .1554868E-09
 21.0   11840.00   .1554005E-09
 21.0   11850.00   .1553145E-09
 21.0   11860.00   .1552287E-09
 21.0   11870.00   .1551434E-09
 21.0   11880.00   .1550582E-09
 21.0   11890.00   .1549734E-09
 21.0   11900.00   .1548888E-09
 21.0   11910.00   .1548045E-09
 21.0   11920.00   .1547204E-09
 21.0   11930.00   .1546367E-09
 21.0   11940.00   .1545534E-09
 21.0   11950.00   .1544703E-09
 21.0   11960.00   .1543875E-09
 21.0   11970.00   .1543050E-09
 21.0   11980.00   .1542229E-09
 21.0   11990.00   .1541410E-09
 21.0   12000.00   .1540595E-09
 21.0   12010.00   .1539782E-09
 21.0   12020.00   .1538973E-09
 21.0   12030.00   .1538166E-09
 21.0   12040.00   .1537363E-09
 21.0   12050.00   .1536565E-09
 21.0   12060.00   .1535768E-09
 21.0   12070.00   .1534973E-09
 21.0   12080.00   .1534185E-09
 21.0   12090.00   .1533397E-09
 21.0   12100.00   .1532613E-09
 21.0   12110.00   .1531834E-09
 21.0   12120.00   .1531056E-09
 21.0   12130.00   .1530282E-09
 21.0   12140.00   .1529512E-09
 21.0   12150.00   .1528748E-09
 21.0   12160.00   .1527983E-09
 21.0   12170.00   .1527223E-09
 21.0   12180.00   .1526465E-09
 21.0   12190.00   .1525714E-09
 21.0   12200.00   .1524963E-09
 21.0   12210.00   .1524217E-09
 21.0   12220.00   .1523475E-09
 21.0   12230.00   .1522735E-09
 21.0   12240.00   .1522000E-09
 21.0   12250.00   .1521268E-09
 21.0   12260.00   .1520541E-09
 21.0   12270.00   .1519813E-09
 21.0   12280.00   .1519093E-09
 21.0   12290.00   .1518377E-09
 21.0   12300.00   .1517662E-09
 21.0   12310.00   .1516953E-09
 21.0   12320.00   .1516246E-09
 21.0   12330.00   .1515543E-09
 21.0   12340.00   .1514844E-09
 21.0   12350.00   .1514148E-09
 21.0   12360.00   .1513455E-09
 21.0   12370.00   .1512767E-09
 21.0   12380.00   .1512083E-09
 21.0   12390.00   .1511403E-09
 21.0   12400.00   .1510727E-09
 21.0   12410.00   .1510055E-09
 21.0   12420.00   .1509386E-09
 21.0   12430.00   .1508721E-09
 21.0   12440.00   .1508061E-09
 21.0   12450.00   .1507403E-09
 21.0   12460.00   .1506749E-09
 21.0   12470.00   .1506101E-09
 21.0   12480.00   .1505455E-09
 21.0   12490.00   .1504814E-09
 21.0   12500.00   .1504177E-09
 21.0   12510.00   .1504129E-09
 21.0   12520.00   .1504086E-09
 21.0   12530.00   .1504043E-09
 21.0   12540.00   .1504004E-09
 21.0   12550.00   .1503965E-09
 21.0   12560.00   .1503930E-09
 21.0   12570.00   .1503898E-09
 21.0   12580.00   .1503869E-09
 21.0   12590.00   .1503842E-09
 21.0   12600.00   .1503818E-09
 21.0   12610.00   .1503795E-09
 21.0   12620.00   .1503777E-09
 21.0   12630.00   .1503759E-09
 21.0   12640.00   .1503747E-09
 21.0   12650.00   .1503736E-09
 21.0   12660.00   .1503729E-09
 21.0   12670.00   .1503724E-09
 21.0   12680.00   .1503721E-09
 21.0   12690.00   .1503721E-09
 21.0   12700.00   .1503726E-09
 21.0   12710.00   .1503733E-09
 21.0   12720.00   .1503742E-09
 21.0   12730.00   .1503754E-09
 21.0   12740.00   .1503772E-09
 21.0   12750.00   .1503790E-09
 21.0   12760.00   .1503810E-09
 21.0   12770.00   .1503836E-09
 21.0   12780.00   .1503864E-09
 21.0   12790.00   .1503895E-09
 21.0   12800.00   .1503930E-09
 21.0   12810.00   .1503969E-09
 21.0   12820.00   .1504008E-09
 21.0   12830.00   .1504052E-09
 21.0   12840.00   .1504101E-09
 21.0   12850.00   .1504150E-09
 21.0   12860.00   .1504204E-09
 21.0   12870.00   .1504263E-09
 21.0   12880.00   .1504324E-09
 21.0   12890.00   .1504387E-09
 21.0   12900.00   .1504455E-09
 21.0   12910.00   .1504525E-09
 21.0   12920.00   .1504601E-09
 21.0   12930.00   .1504677E-09
 21.0   12940.00   .1504759E-09
 21.0   12950.00   .1504842E-09
 21.0   12960.00   .1504930E-09
 21.0   12970.00   .1505020E-09
 21.0   12980.00   .1505114E-09
 21.0   12990.00   .1505211E-09
 21.0   13000.00   .1505311E-09
 21.0   13010.00   .1505416E-09
 21.0   13020.00   .1505522E-09
 21.0   13030.00   .1505632E-09
 21.0   13040.00   .1505746E-09
 21.0   13050.00   .1505863E-09
 21.0   13060.00   .1505983E-09
 21.0   13070.00   .1506107E-09
 21.0   13080.00   .1506234E-09
 21.0   13090.00   .1506363E-09
 21.0   13100.00   .1506496E-09
 21.0   13110.00   .1506633E-09
 21.0   13120.00   .1506773E-09
 21.0   13130.00   .1506914E-09
 21.0   13140.00   .1507061E-09
 21.0   13150.00   .1507210E-09
 21.0   13160.00   .1507361E-09
 21.0   13170.00   .1507520E-09
 21.0   13180.00   .1507678E-09
 21.0   13190.00   .1507838E-09
 21.0   13200.00   .1508005E-09
 21.0   13210.00   .1508173E-09
 21.0   13220.00   .1508344E-09
 21.0   13230.00   .1508519E-09
 21.0   13240.00   .1508696E-09
 21.0   13250.00   .1508876E-09
 21.0   13260.00   .1509062E-09
 21.0   13270.00   .1509248E-09
 21.0   13280.00   .1509439E-09
 21.0   13290.00   .1509632E-09
 21.0   13300.00   .1509831E-09
 21.0   13310.00   .1510030E-09
 21.0   13320.00   .1510232E-09
 21.0   13330.00   .1510438E-09
 21.0   13340.00   .1510647E-09
 21.0   13350.00   .1510859E-09
 21.0   13360.00   .1511074E-09
 21.0   13370.00   .1511294E-09
 21.0   13380.00   .1511514E-09
 21.0   13390.00   .1511740E-09
 21.0   13400.00   .1511967E-09
 21.0   13410.00   .1512197E-09
 21.0   13420.00   .1512432E-09
 21.0   13430.00   .1512668E-09
 21.0   13440.00   .1512908E-09
 21.0   13450.00   .1513151E-09
 21.0   13460.00   .1513397E-09
 21.0   13470.00   .1513646E-09
 21.0   13480.00   .1513897E-09
 21.0   13490.00   .1514151E-09
 21.0   13500.00   .1514410E-09
 21.0   13510.00   .1514672E-09
 21.0   13520.00   .1514935E-09
 21.0   13530.00   .1515203E-09
 21.0   13540.00   .1515472E-09
 21.0   13550.00   .1515744E-09
 21.0   13560.00   .1516020E-09
 21.0   13570.00   .1516298E-09
 21.0   13580.00   .1516579E-09
 21.0   13590.00   .1516865E-09
 21.0   13600.00   .1517153E-09
 21.0   13610.00   .1517443E-09
 21.0   13620.00   .1517737E-09
 21.0   13630.00   .1518032E-09
 21.0   13640.00   .1518332E-09
 21.0   13650.00   .1518634E-09
 21.0   13660.00   .1518939E-09
 21.0   13670.00   .1519248E-09
 21.0   13680.00   .1519558E-09
 21.0   13690.00   .1519871E-09
 21.0   13700.00   .1520185E-09
 21.0   13710.00   .1512503E-09
 21.0   13720.00   .1504819E-09
 21.0   13730.00   .1497136E-09
 21.0   13740.00   .1489451E-09
 21.0   13750.00   .1481763E-09
 21.0   13760.00   .1474077E-09
 21.0   13770.00   .1466389E-09
 21.0   13780.00   .1458700E-09
 21.0   13790.00   .1451011E-09
 21.0   13800.00   .1443319E-09
 21.0   13810.00   .1435628E-09
 21.0   13820.00   .1427935E-09
 21.0   13830.00   .1420243E-09
 21.0   13840.00   .1412548E-09
 21.0   13850.00   .1404852E-09
 21.0   13860.00   .1397155E-09
 21.0   13870.00   .1389455E-09
 21.0   13880.00   .1381755E-09
 21.0   13890.00   .1374054E-09
 21.0   13900.00   .1366351E-09
 21.0   13910.00   .1358647E-09
 21.0   13920.00   .1350941E-09
 21.0   13930.00   .1343234E-09
 21.0   13940.00   .1335523E-09
 21.0   13950.00   .1327812E-09
 21.0   13960.00   .1320099E-09
 21.0   13970.00   .1312386E-09
 21.0   13980.00   .1304669E-09
 21.0   13990.00   .1296949E-09
 21.0   14000.00   .1289231E-09
 21.0   14010.00   .1281507E-09
 21.0   14020.00   .1273784E-09
 21.0   14030.00   .1266057E-09
 21.0   14040.00   .1258329E-09
 21.0   14050.00   .1250598E-09
 21.0   14060.00   .1242863E-09
 21.0   14070.00   .1235128E-09
 21.0   14080.00   .1227391E-09
 21.0   14090.00   .1219650E-09
 21.0   14100.00   .1211908E-09
 21.0   14110.00   .1204162E-09
 21.0   14120.00   .1196415E-09
 21.0   14130.00   .1188664E-09
 21.0   14140.00   .1180910E-09
 21.0   14150.00   .1173156E-09
 21.0   14160.00   .1165397E-09
 21.0   14170.00   .1157637E-09
 21.0   14180.00   .1149872E-09
 21.0   14190.00   .1142105E-09
 21.0   14200.00   .1134335E-09
 21.0   14210.00   .1126563E-09
 21.0   14220.00   .1118787E-09
 21.0   14230.00   .1111009E-09
 21.0   14240.00   .1103228E-09
 21.0   14250.00   .1095442E-09
 21.0   14260.00   .1087654E-09
 21.0   14270.00   .1079863E-09
 21.0   14280.00   .1072067E-09
 21.0   14290.00   .1064270E-09
 21.0   14300.00   .1056470E-09
 21.0   14310.00   .1048665E-09
 21.0   14320.00   .1040857E-09
 21.0   14330.00   .1033046E-09
 21.0   14340.00   .1025231E-09
 21.0   14350.00   .1017411E-09
 21.0   14360.00   .1009590E-09
 21.0   14370.00   .1001763E-09
 21.0   14380.00   .9939346E-10
 21.0   14390.00   .9861001E-10
 21.0   14400.00   .9782646E-10
 21.0   14410.00   .9704225E-10
 21.0   14420.00   .9625778E-10
 21.0   14430.00   .9547291E-10
 21.0   14440.00   .9468771E-10
 21.0   14450.00   .9390200E-10
 21.0   14460.00   .9311598E-10
 21.0   14470.00   .9232941E-10
 21.0   14480.00   .9154266E-10
 21.0   14490.00   .9075531E-10
 21.0   14500.00   .8996764E-10
 21.0   14510.00   .8917948E-10
 21.0   14520.00   .8839093E-10
 21.0   14530.00   .8760195E-10
 21.0   14540.00   .8681249E-10
 21.0   14550.00   .8602263E-10
 21.0   14560.00   .8523233E-10
 21.0   14570.00   .8444162E-10
 21.0   14580.00   .8365041E-10
 21.0   14590.00   .8285877E-10
 21.0   14600.00   .8206667E-10
 21.0   14610.00   .8127402E-10
 21.0   14620.00   .8048103E-10
 21.0   14630.00   .7968753E-10
 21.0   14640.00   .7889354E-10
 21.0   14650.00   .7809913E-10
 21.0   14660.00   .7730421E-10
 21.0   14670.00   .7650877E-10
 21.0   14680.00   .7571284E-10
 21.0   14690.00   .7491648E-10
 21.0   14700.00   .7411959E-10
 21.0   14710.00   .7332220E-10
 21.0   14720.00   .7252434E-10
 21.0   14730.00   .7172592E-10
 21.0   14740.00   .7092701E-10
 21.0   14750.00   .7012763E-10
 21.0   14760.00   .6932769E-10
 21.0   14770.00   .6852728E-10
 21.0   14780.00   .6772632E-10
 21.0   14790.00   .6692480E-10
 21.0   14800.00   .6612282E-10
 21.0   14810.00   .6532029E-10
 21.0   14820.00   .6451717E-10
 21.0   14830.00   .6371356E-10
 21.0   14840.00   .6290940E-10
 21.0   14850.00   .6210463E-10
 21.0   14860.00   .6129939E-10
 21.0   14870.00   .6049361E-10
 21.0   14880.00   .5968724E-10
 21.0   14890.00   .5888031E-10
 21.0   14900.00   .5807285E-10
 21.0   14910.00   .5726483E-10
 21.0   14920.00   .5645616E-10
 21.0   14930.00   .5564698E-10
 21.0   14940.00   .5483718E-10
 21.0   14950.00   .5402685E-10
 21.0   14960.00   .5321593E-10
 21.0   14970.00   .5240442E-10
 21.0   14980.00   .5159233E-10
 21.0   14990.00   .5077962E-10
 21.0   15000.00   .4996633E-10
 21.0   15010.00   .4998563E-10
 21.0   15020.00   .5000499E-10
 21.0   15030.00   .5002438E-10
 21.0   15040.00   .5004381E-10
 21.0   15050.00   .5006328E-10
 21.0   15060.00   .5008282E-10
 21.0   15070.00   .5010237E-10
 21.0   15080.00   .5012198E-10
 21.0   15090.00   .5014165E-10
 21.0   15100.00   .5016133E-10
 21.0   15110.00   .5018104E-10
 21.0   15120.00   .5020079E-10
 21.0   15130.00   .5022063E-10
 21.0   15140.00   .5024045E-10
 21.0   15150.00   .5026036E-10
 21.0   15160.00   .5028029E-10
 21.0   15170.00   .5030025E-10
 21.0   15180.00   .5032022E-10
 21.0   15190.00   .5034026E-10
 21.0   15200.00   .5036033E-10
 21.0   15210.00   .5038045E-10
 21.0   15220.00   .5040058E-10
 21.0   15230.00   .5042076E-10
 21.0   15240.00   .5044094E-10
 21.0   15250.00   .5046118E-10
 21.0   15260.00   .5048146E-10
 21.0   15270.00   .5050176E-10
 21.0   15280.00   .5052206E-10
 21.0   15290.00   .5054243E-10
 21.0   15300.00   .5056283E-10
 21.0   15310.00   .5058323E-10
 21.0   15320.00   .5060367E-10
 21.0   15330.00   .5062414E-10
 21.0   15340.00   .5064466E-10
 21.0   15350.00   .5066516E-10
 21.0   15360.00   .5068569E-10
 21.0   15370.00   .5070628E-10
 21.0   15380.00   .5072688E-10
 21.0   15390.00   .5074747E-10
 21.0   15400.00   .5076814E-10
 21.0   15410.00   .5078883E-10
 21.0   15420.00   .5080948E-10
 21.0   15430.00   .5083022E-10
 21.0   15440.00   .5085093E-10
 21.0   15450.00   .5087167E-10
 21.0   15460.00   .5089247E-10
 21.0   15470.00   .5091325E-10
 21.0   15480.00   .5093403E-10
 21.0   15490.00   .5095489E-10
 21.0   15500.00   .5097571E-10
 21.0   15510.00   .5099656E-10
 21.0   15520.00   .5101743E-10
 21.0   15530.00   .5103832E-10
 21.0   15540.00   .5105925E-10
 21.0   15550.00   .5108014E-10
 21.0   15560.00   .5110107E-10
 21.0   15570.00   .5112201E-10
 21.0   15580.00   .5114295E-10
 21.0   15590.00   .5116392E-10
 21.0   15600.00   .5118490E-10
 21.0   15610.00   .5120588E-10
 21.0   15620.00   .5122689E-10
 21.0   15630.00   .5124786E-10
 21.0   15640.00   .5126888E-10
 21.0   15650.00   .5128990E-10
 21.0   15660.00   .5131093E-10
 21.0   15670.00   .5133196E-10
 21.0   15680.00   .5135301E-10
 21.0   15690.00   .5137404E-10
 21.0   15700.00   .5139506E-10
 21.0   15710.00   .5141610E-10
 21.0   15720.00   .5143717E-10
 21.0   15730.00   .5145823E-10
 21.0   15740.00   .5147929E-10
 21.0   15750.00   .5150031E-10
 21.0   15760.00   .5152137E-10
 21.0   15770.00   .5154246E-10
 21.0   15780.00   .5156349E-10
 21.0   15790.00   .5158452E-10
 21.0   15800.00   .5160558E-10
 21.0   15810.00   .5162663E-10
 21.0   15820.00   .5164769E-10
 21.0   15830.00   .5166871E-10
 21.0   15840.00   .5168977E-10
 21.0   15850.00   .5171078E-10
 21.0   15860.00   .5173179E-10
 21.0   15870.00   .5175281E-10
 21.0   15880.00   .5177382E-10
 21.0   15890.00   .5179483E-10
 21.0   15900.00   .5181582E-10
 21.0   15910.00   .5183677E-10
 21.0   15920.00   .5185776E-10
 21.0   15930.00   .5187873E-10
 21.0   15940.00   .5189967E-10
 21.0   15950.00   .5192063E-10
 21.0   15960.00   .5194152E-10
 21.0   15970.00   .5196242E-10
 21.0   15980.00   .5198330E-10
 21.0   15990.00   .5200420E-10
 21.0   16000.00   .5202506E-10
 21.0   16010.00   .5204592E-10
 21.0   16020.00   .5206674E-10
 21.0   16030.00   .5208755E-10
 21.0   16040.00   .5210836E-10
 21.0   16050.00   .5212914E-10
 21.0   16060.00   .5214989E-10
 21.0   16070.00   .5217062E-10
 21.0   16080.00   .5219136E-10
 21.0   16090.00   .5221203E-10
 21.0   16100.00   .5223270E-10
 21.0   16110.00   .5225333E-10
 21.0   16120.00   .5227397E-10
 21.0   16130.00   .5229457E-10
 21.0   16140.00   .5231514E-10
 21.0   16150.00   .5233569E-10
 21.0   16160.00   .5235621E-10
 21.0   16170.00   .5237671E-10
 21.0   16180.00   .5239717E-10
 21.0   16190.00   .5241760E-10
 21.0   16200.00   .5243803E-10
 21.0   16210.00   .5245842E-10
 21.0   16220.00   .5247879E-10
 21.0   16230.00   .5249907E-10
 21.0   16240.00   .5251939E-10
 21.0   16250.00   .5253964E-10
 21.0   16260.00   .5254685E-10
 21.0   16270.00   .5255404E-10
 21.0   16280.00   .5256121E-10
 21.0   16290.00   .5256838E-10
 21.0   16300.00   .5257548E-10
 21.0   16310.00   .5258257E-10
 21.0   16320.00   .5258968E-10
 21.0   16330.00   .5259675E-10
 21.0   16340.00   .5260379E-10
 21.0   16350.00   .5261078E-10
 21.0   16360.00   .5261776E-10
 21.0   16370.00   .5262471E-10
 21.0   16380.00   .5263166E-10
 21.0   16390.00   .5263855E-10
 21.0   16400.00   .5264541E-10
 21.0   16410.00   .5265225E-10
 21.0   16420.00   .5265905E-10
 21.0   16430.00   .5266584E-10
 21.0   16440.00   .5267257E-10
 21.0   16450.00   .5267929E-10
 21.0   16460.00   .5268599E-10
 21.0   16470.00   .5269263E-10
 21.0   16480.00   .5269923E-10
 21.0   16490.00   .5270583E-10
 21.0   16500.00   .5271238E-10
 21.0   16510.00   .5271887E-10
 21.0   16520.00   .5272532E-10
 21.0   16530.00   .5273176E-10
 21.0   16540.00   .5273815E-10
 21.0   16550.00   .5274450E-10
 21.0   16560.00   .5275081E-10
 21.0   16570.00   .5275710E-10
 21.0   16580.00   .5276333E-10
 21.0   16590.00   .5276950E-10
 21.0   16600.00   .5277566E-10
 21.0   16610.00   .5278177E-10
 21.0   16620.00   .5278779E-10
 21.0   16630.00   .5279381E-10
 21.0   16640.00   .5279978E-10
 21.0   16650.00   .5280569E-10
 21.0   16660.00   .5281156E-10
 21.0   16670.00   .5281738E-10
 21.0   16680.00   .5282316E-10
 21.0   16690.00   .5282889E-10
 21.0   16700.00   .5283456E-10
 21.0   16710.00   .5284018E-10
 21.0   16720.00   .5284575E-10
 21.0   16730.00   .5285127E-10
 21.0   16740.00   .5285673E-10
 21.0   16750.00   .5286218E-10
 21.0   16760.00   .5286750E-10
 21.0   16770.00   .5287281E-10
 21.0   16780.00   .5287806E-10
 21.0   16790.00   .5288326E-10
 21.0   16800.00   .5288840E-10
 21.0   16810.00   .5289348E-10
 21.0   16820.00   .5289850E-10
 21.0   16830.00   .5290347E-10
 21.0   16840.00   .5290839E-10
 21.0   16850.00   .5291323E-10
 21.0   16860.00   .5291800E-10
 21.0   16870.00   .5292275E-10
 21.0   16880.00   .5292741E-10
 21.0   16890.00   .5293206E-10
 21.0   16900.00   .5293659E-10
 21.0   16910.00   .5294111E-10
 21.0   16920.00   .5294556E-10
 21.0   16930.00   .5294997E-10
 21.0   16940.00   .5295431E-10
 21.0   16950.00   .5295856E-10
 21.0   16960.00   .5296280E-10
 21.0   16970.00   .5296697E-10
 21.0   16980.00   .5297109E-10
 21.0   16990.00   .5297515E-10
 21.0   17000.00   .5297914E-10
 21.0   17010.00   .5298310E-10
 21.0   17020.00   .5298699E-10
 21.0   17030.00   .5299083E-10
 21.0   17040.00   .5299461E-10
 21.0   17050.00   .5299833E-10
 21.0   17060.00   .5300201E-10
 21.0   17070.00   .5300562E-10
 21.0   17080.00   .5300918E-10
 21.0   17090.00   .5301269E-10
 21.0   17100.00   .5301615E-10
 21.0   17110.00   .5301953E-10
 21.0   17120.00   .5302287E-10
 21.0   17130.00   .5302617E-10
 21.0   17140.00   .5302943E-10
 21.0   17150.00   .5303260E-10
 21.0   17160.00   .5303573E-10
 21.0   17170.00   .5303880E-10
 21.0   17180.00   .5304185E-10
 21.0   17190.00   .5304480E-10
 21.0   17200.00   .5304773E-10
 21.0   17210.00   .5305057E-10
 21.0   17220.00   .5305339E-10
 21.0   17230.00   .5305614E-10
 21.0   17240.00   .5305883E-10
 21.0   17250.00   .5306150E-10
 21.0   17260.00   .5306410E-10
 21.0   17270.00   .5306662E-10
 21.0   17280.00   .5306913E-10
 21.0   17290.00   .5307156E-10
 21.0   17300.00   .5307396E-10
 21.0   17310.00   .5307630E-10
 21.0   17320.00   .5307859E-10
 21.0   17330.00   .5308081E-10
 21.0   17340.00   .5308300E-10
 21.0   17350.00   .5308515E-10
 21.0   17360.00   .5308718E-10
 21.0   17370.00   .5308921E-10
 21.0   17380.00   .5309119E-10
 21.0   17390.00   .5309315E-10
 21.0   17400.00   .5309499E-10
 21.0   17410.00   .5309685E-10
 21.0   17420.00   .5309858E-10
 21.0   17430.00   .5310033E-10
 21.0   17440.00   .5310200E-10
 21.0   17450.00   .5310364E-10
 21.0   17460.00   .5310521E-10
 21.0   17470.00   .5310671E-10
 21.0   17480.00   .5310817E-10
 21.0   17490.00   .5310963E-10
 21.0   17500.00   .5311097E-10
 21.0   17510.00   .5311230E-10
 21.0   17520.00   .5311359E-10
 21.0   17530.00   .5311480E-10
 21.0   17540.00   .5311597E-10
 21.0   17550.00   .5311710E-10
 21.0   17560.00   .5311818E-10
 21.0   17570.00   .5311916E-10
 21.0   17580.00   .5312018E-10
 21.0   17590.00   .5312109E-10
 21.0   17600.00   .5312199E-10
 21.0   17610.00   .5312281E-10
 21.0   17620.00   .5312361E-10
 21.0   17630.00   .5312432E-10
 21.0   17640.00   .5312501E-10
 21.0   17650.00   .5312565E-10
 21.0   17660.00   .5312624E-10
 21.0   17670.00   .5312679E-10
 21.0   17680.00   .5312730E-10
 21.0   17690.00   .5312772E-10
 21.0   17700.00   .5312814E-10
 21.0   17710.00   .5312848E-10
 21.0   17720.00   .5312880E-10
 21.0   17730.00   .5312906E-10
 21.0   17740.00   .5312926E-10
 21.0   17750.00   .5312944E-10
 21.0   17760.00   .5312955E-10
 21.0   17770.00   .5312964E-10
 21.0   17780.00   .5312964E-10
 21.0   17790.00   .5312963E-10
 21.0   17800.00   .5312958E-10
 21.0   17810.00   .5312942E-10
 21.0   17820.00   .5312927E-10
 21.0   17830.00   .5312910E-10
 21.0   17840.00   .5312884E-10
 21.0   17850.00   .5312857E-10
 21.0   17860.00   .5312823E-10
 21.0   17870.00   .5312781E-10
 21.0   17880.00   .5312737E-10
 21.0   17890.00   .5312693E-10
 21.0   17900.00   .5312638E-10
 21.0   17910.00   .5312583E-10
 21.0   17920.00   .5312523E-10
 21.0   17930.00   .5312453E-10
 21.0   17940.00   .5312386E-10
 21.0   17950.00   .5312312E-10
 21.0   17960.00   .5312232E-10
 21.0   17970.00   .5312149E-10
 21.0   17980.00   .5312065E-10
 21.0   17990.00   .5311970E-10
 21.0   18000.00   .5311873E-10
 21.0   18010.00   .5296756E-10
 21.0   18020.00   .5281637E-10
 21.0   18030.00   .5266513E-10
 21.0   18040.00   .5251388E-10
 21.0   18050.00   .5236256E-10
 21.0   18060.00   .5221119E-10
 21.0   18070.00   .5205986E-10
 21.0   18080.00   .5190845E-10
 21.0   18090.00   .5175701E-10
 21.0   18100.00   .5160554E-10
 21.0   18110.00   .5145401E-10
 21.0   18120.00   .5130244E-10
 21.0   18130.00   .5115088E-10
 21.0   18140.00   .5099928E-10
 21.0   18150.00   .5084763E-10
 21.0   18160.00   .5069597E-10
 21.0   18170.00   .5054427E-10
 21.0   18180.00   .5039252E-10
 21.0   18190.00   .5024080E-10
 21.0   18200.00   .5008896E-10
 21.0   18210.00   .4993716E-10
 21.0   18220.00   .4978530E-10
 21.0   18230.00   .4963343E-10
 21.0   18240.00   .4948153E-10
 21.0   18250.00   .4932961E-10
 21.0   18260.00   .4917765E-10
 21.0   18270.00   .4902567E-10
 21.0   18280.00   .4887366E-10
 21.0   18290.00   .4872164E-10
 21.0   18300.00   .4856957E-10
 21.0   18310.00   .4841752E-10
 21.0   18320.00   .4826543E-10
 21.0   18330.00   .4811329E-10
 21.0   18340.00   .4796115E-10
 21.0   18350.00   .4780895E-10
 21.0   18360.00   .4765678E-10
 21.0   18370.00   .4750455E-10
 21.0   18380.00   .4735232E-10
 21.0   18390.00   .4720004E-10
 21.0   18400.00   .4704778E-10
 21.0   18410.00   .4689552E-10
 21.0   18420.00   .4674320E-10
 21.0   18430.00   .4659086E-10
 21.0   18440.00   .4643852E-10
 21.0   18450.00   .4628617E-10
 21.0   18460.00   .4613377E-10
 21.0   18470.00   .4598137E-10
 21.0   18480.00   .4582896E-10
 21.0   18490.00   .4567651E-10
 21.0   18500.00   .4552409E-10
 21.0   18510.00   .4537161E-10
 21.0   18520.00   .4521912E-10
 21.0   18530.00   .4506663E-10
 21.0   18540.00   .4491410E-10
 21.0   18550.00   .4476161E-10
 21.0   18560.00   .4460907E-10
 21.0   18570.00   .4445655E-10
 21.0   18580.00   .4430398E-10
 21.0   18590.00   .4415140E-10
 21.0   18600.00   .4399881E-10
 21.0   18610.00   .4384622E-10
 21.0   18620.00   .4369362E-10
 21.0   18630.00   .4354101E-10
 21.0   18640.00   .4338838E-10
 21.0   18650.00   .4323576E-10
 21.0   18660.00   .4308311E-10
 21.0   18670.00   .4293047E-10
 21.0   18680.00   .4277781E-10
 21.0   18690.00   .4262514E-10
 21.0   18700.00   .4247245E-10
 21.0   18710.00   .4231979E-10
 21.0   18720.00   .4216711E-10
 21.0   18730.00   .4201443E-10
 21.0   18740.00   .4186170E-10
 21.0   18750.00   .4170900E-10
 21.0   18760.00   .4155630E-10
 21.0   18770.00   .4140357E-10
 21.0   18780.00   .4125085E-10
 21.0   18790.00   .4109813E-10
 21.0   18800.00   .4094543E-10
 21.0   18810.00   .4079268E-10
 21.0   18820.00   .4063997E-10
 21.0   18830.00   .4048722E-10
 21.0   18840.00   .4033450E-10
 21.0   18850.00   .4018173E-10
 21.0   18860.00   .4002903E-10
 21.0   18870.00   .3987626E-10
 21.0   18880.00   .3972352E-10
 21.0   18890.00   .3957078E-10
 21.0   18900.00   .3941805E-10
 21.0   18910.00   .3926533E-10
 21.0   18920.00   .3911259E-10
 21.0   18930.00   .3895985E-10
 21.0   18940.00   .3880711E-10
 21.0   18950.00   .3865437E-10
 21.0   18960.00   .3850163E-10
 21.0   18970.00   .3834892E-10
 21.0   18980.00   .3819620E-10
 21.0   18990.00   .3804349E-10
 21.0   19000.00   .3789078E-10
 21.0   19010.00   .3773807E-10
 21.0   19020.00   .3758535E-10
 21.0   19030.00   .3743263E-10
 21.0   19040.00   .3727997E-10
 21.0   19050.00   .3712728E-10
 21.0   19060.00   .3697457E-10
 21.0   19070.00   .3682193E-10
 21.0   19080.00   .3666922E-10
 21.0   19090.00   .3651657E-10
 21.0   19100.00   .3636392E-10
 21.0   19110.00   .3621127E-10
 21.0   19120.00   .3605861E-10
 21.0   19130.00   .3590599E-10
 21.0   19140.00   .3575336E-10
 21.0   19150.00   .3560075E-10
 21.0   19160.00   .3544814E-10
 21.0   19170.00   .3529555E-10
 21.0   19180.00   .3514297E-10
 21.0   19190.00   .3499040E-10
 21.0   19200.00   .3483784E-10
 21.0   19210.00   .3468526E-10
 21.0   19220.00   .3453274E-10
 21.0   19230.00   .3438021E-10
 21.0   19240.00   .3422769E-10
 21.0   19250.00   .3407517E-10
 21.0   19260.00   .3392268E-10
 21.0   19270.00   .3377020E-10
 21.0   19280.00   .3361775E-10
 21.0   19290.00   .3346530E-10
 21.0   19300.00   .3331283E-10
 21.0   19310.00   .3316043E-10
 21.0   19320.00   .3300803E-10
 21.0   19330.00   .3285563E-10
 21.0   19340.00   .3270324E-10
 21.0   19350.00   .3255090E-10
 21.0   19360.00   .3239854E-10
 21.0   19370.00   .3224619E-10
 21.0   19380.00   .3209389E-10
 21.0   19390.00   .3194160E-10
 21.0   19400.00   .3178931E-10
 21.0   19410.00   .3163705E-10
 21.0   19420.00   .3148481E-10
 21.0   19430.00   .3133256E-10
 21.0   19440.00   .3118035E-10
 21.0   19450.00   .3102819E-10
 21.0   19460.00   .3087600E-10
 21.0   19470.00   .3072385E-10
 21.0   19480.00   .3057171E-10
 21.0   19490.00   .3041961E-10
 21.0   19500.00   .3026749E-10
 21.0   19510.00   .3011543E-10
 21.0   19520.00   .2996337E-10
 21.0   19530.00   .2981134E-10
 21.0   19540.00   .2965933E-10
 21.0   19550.00   .2950734E-10
 21.0   19560.00   .2935537E-10
 21.0   19570.00   .2920343E-10
 21.0   19580.00   .2905151E-10
 21.0   19590.00   .2889960E-10
 21.0   19600.00   .2874774E-10
 21.0   19610.00   .2859586E-10
 21.0   19620.00   .2844404E-10
 21.0   19630.00   .2829224E-10
 21.0   19640.00   .2814043E-10
 21.0   19650.00   .2798870E-10
 21.0   19660.00   .2783697E-10
 21.0   19670.00   .2768526E-10
 21.0   19680.00   .2753356E-10
 21.0   19690.00   .2738190E-10
 21.0   19700.00   .2723031E-10
 21.0   19710.00   .2707870E-10
 21.0   19720.00   .2692713E-10
 21.0   19730.00   .2677558E-10
 21.0   19740.00   .2662408E-10
 21.0   19750.00   .2647258E-10
 21.0   19760.00   .2632112E-10
 21.0   19770.00   .2616971E-10
 21.0   19780.00   .2601830E-10
 21.0   19790.00   .2586693E-10
 21.0   19800.00   .2571560E-10
 21.0   19810.00   .2556431E-10
 21.0   19820.00   .2541303E-10
 21.0   19830.00   .2526178E-10
 21.0   19840.00   .2511058E-10
 21.0   19850.00   .2495941E-10
 21.0   19860.00   .2480827E-10
 21.0   19870.00   .2465716E-10
 21.0   19880.00   .2450609E-10
 21.0   19890.00   .2435504E-10
 21.0   19900.00   .2420402E-10
 21.0   19910.00   .2405305E-10
 21.0   19920.00   .2390211E-10
 21.0   19930.00   .2375122E-10
 21.0   19940.00   .2360034E-10
 21.0   19950.00   .2344950E-10
 21.0   19960.00   .2329873E-10
 21.0   19970.00   .2314796E-10
 21.0   19980.00   .2299724E-10
 21.0   19990.00   .2284654E-10
 21.0   20000.00   .2269591E-10
 21.0   20010.00   .2254528E-10
 21.0   20020.00   .2239472E-10
 21.0   20030.00   .2224417E-10
 21.0   20040.00   .2209367E-10
 21.0   20050.00   .2194319E-10
 21.0   20060.00   .2179277E-10
 21.0   20070.00   .2164238E-10
 21.0   20080.00   .2149204E-10
 21.0   20090.00   .2134173E-10
 21.0   20100.00   .2119146E-10
 21.0   20110.00   .2118860E-10
 21.0   20120.00   .2118577E-10
 21.0   20130.00   .2118292E-10
 21.0   20140.00   .2118008E-10
 21.0   20150.00   .2117723E-10
 21.0   20160.00   .2117438E-10
 21.0   20170.00   .2117153E-10
 21.0   20180.00   .2116871E-10
 21.0   20190.00   .2116585E-10
 21.0   20200.00   .2116302E-10
 21.0   20210.00   .2116019E-10
 21.0   20220.00   .2115734E-10
 21.0   20230.00   .2115450E-10
 21.0   20240.00   .2115167E-10
 21.0   20250.00   .2114884E-10
 21.0   20260.00   .2114600E-10
 21.0   20270.00   .2114318E-10
 21.0   20280.00   .2114035E-10
 21.0   20290.00   .2113754E-10
 21.0   20300.00   .2113472E-10
 21.0   20310.00   .2113192E-10
 21.0   20320.00   .2112911E-10
 21.0   20330.00   .2112629E-10
 21.0   20340.00   .2112347E-10
 21.0   20350.00   .2112069E-10
 21.0   20360.00   .2111789E-10
 21.0   20370.00   .2111510E-10
 21.0   20380.00   .2111232E-10
 21.0   20390.00   .2110953E-10
 21.0   20400.00   .2110676E-10
 21.0   20410.00   .2110397E-10
 21.0   20420.00   .2110120E-10
 21.0   20430.00   .2109846E-10
 21.0   20440.00   .2109569E-10
 21.0   20450.00   .2109295E-10
 21.0   20460.00   .2109020E-10
 21.0   20470.00   .2108746E-10
 21.0   20480.00   .2108473E-10
 21.0   20490.00   .2108201E-10
 21.0   20500.00   .2107928E-10
 21.0   20510.00   .2107657E-10
 21.0   20520.00   .2107387E-10
 21.0   20530.00   .2107116E-10
 21.0   20540.00   .2106849E-10
 21.0   20550.00   .2106581E-10
 21.0   20560.00   .2106312E-10
 21.0   20570.00   .2106046E-10
 21.0   20580.00   .2105781E-10
 21.0   20590.00   .2105515E-10
 21.0   20600.00   .2105250E-10
 21.0   20610.00   .2104988E-10
 21.0   20620.00   .2104725E-10
 21.0   20630.00   .2104463E-10
 21.0   20640.00   .2104203E-10
 21.0   20650.00   .2103941E-10
 21.0   20660.00   .2103684E-10
 21.0   20670.00   .2103426E-10
 21.0   20680.00   .2103170E-10
 21.0   20690.00   .2102913E-10
 21.0   20700.00   .2102657E-10
 21.0   20710.00   .2102405E-10
 21.0   20720.00   .2102151E-10
 21.0   20730.00   .2101900E-10
 21.0   20740.00   .2101649E-10
 21.0   20750.00   .2101401E-10
 21.0   20760.00   .2101152E-10
 21.0   20770.00   .2100906E-10
 21.0   20780.00   .2100658E-10
 21.0   20790.00   .2100414E-10
 21.0   20800.00   .2100170E-10
 21.0   20810.00   .2099929E-10
 21.0   20820.00   .2099687E-10
 21.0   20830.00   .2099447E-10
 21.0   20840.00   .2099208E-10
 21.0   20850.00   .2098972E-10
 21.0   20860.00   .2098736E-10
 21.0   20870.00   .2098500E-10
 21.0   20880.00   .2098268E-10
 21.0   20890.00   .2098035E-10
 21.0   20900.00   .2097804E-10
 21.0   20910.00   .2097575E-10
 21.0   20920.00   .2097347E-10
 21.0   20930.00   .2097122E-10
 21.0   20940.00   .2096896E-10
 21.0   20950.00   .2096672E-10
 21.0   20960.00   .2096450E-10
 21.0   20970.00   .2096230E-10
 21.0   20980.00   .2096012E-10
 21.0   20990.00   .2095794E-10
 21.0   21000.00   .2095578E-10
 21.0   21010.00   .2095363E-10
 21.0   21020.00   .2095152E-10
 21.0   21030.00   .2094939E-10
 21.0   21040.00   .2094729E-10
 21.0   21050.00   .2094523E-10
 21.0   21060.00   .2094317E-10
 21.0   21070.00   .2094111E-10
 21.0   21080.00   .2093908E-10
 21.0   21090.00   .2093706E-10
 21.0   21100.00   .2093507E-10
 21.0   21110.00   .2093312E-10
 21.0   21120.00   .2093115E-10
 21.0   21130.00   .2092919E-10
 21.0   21140.00   .2092729E-10
 21.0   21150.00   .2092538E-10
 21.0   21160.00   .2092347E-10
 21.0   21170.00   .2092163E-10
 21.0   21180.00   .2091978E-10
 21.0   21190.00   .2091793E-10
 21.0   21200.00   .2091614E-10
 21.0   21210.00   .2091435E-10
 21.0   21220.00   .2091257E-10
 21.0   21230.00   .2091082E-10
 21.0   21240.00   .2090908E-10
 21.0   21250.00   .2090736E-10
 21.0   21260.00   .2090568E-10
 21.0   21270.00   .2090401E-10
 21.0   21280.00   .2090235E-10
 21.0   21290.00   .2090072E-10
 21.0   21300.00   .2089911E-10
 21.0   21310.00   .2089751E-10
 21.0   21320.00   .2089595E-10
 21.0   21330.00   .2089439E-10
 21.0   21340.00   .2089287E-10
 21.0   21350.00   .2089138E-10
 21.0   21360.00   .2088989E-10
 21.0   21370.00   .2088843E-10
 21.0   21380.00   .2088698E-10
 21.0   21390.00   .2088557E-10
 21.0   21400.00   .2088418E-10
 21.0   21410.00   .2088282E-10
 21.0   21420.00   .2088145E-10
 21.0   21430.00   .2088014E-10
 21.0   21440.00   .2087883E-10
 21.0   21450.00   .2087756E-10
 21.0   21460.00   .2087631E-10
 21.0   21470.00   .2087508E-10
 21.0   21480.00   .2087387E-10
 21.0   21490.00   .2087270E-10
 21.0   21500.00   .2087153E-10
 21.0   21510.00   .2087040E-10
 21.0   21520.00   .2086928E-10
 21.0   21530.00   .2086820E-10
 21.0   21540.00   .2086712E-10
 21.0   21550.00   .2086611E-10
 21.0   21560.00   .2086510E-10
 21.0   21570.00   .2086412E-10
 21.0   21580.00   .2086316E-10
 21.0   21590.00   .2086222E-10
 21.0   21600.00   .2086133E-10
 21.0   21610.00   .2086046E-10
 21.0   21620.00   .2085959E-10
 21.0   21630.00   .2085878E-10
 21.0   21640.00   .2085796E-10
 21.0   21650.00   .2085720E-10
 21.0   21660.00   .2085645E-10
 21.0   21670.00   .2085573E-10
 21.0   21680.00   .2085503E-10
 21.0   21690.00   .2085437E-10
 21.0   21700.00   .2085376E-10
 21.0   21710.00   .2085316E-10
 21.0   21720.00   .2085258E-10
 21.0   21730.00   .2085202E-10
 21.0   21740.00   .2085149E-10
 21.0   21750.00   .2085100E-10
 21.0   21760.00   .2085055E-10
 21.0   21770.00   .2085011E-10
 21.0   21780.00   .2084971E-10
 21.0   21790.00   .2084933E-10
 21.0   21800.00   .2084900E-10
 21.0   21810.00   .2084868E-10
 21.0   21820.00   .2084839E-10
 21.0   21830.00   .2084813E-10
 21.0   21840.00   .2084790E-10
 21.0   21850.00   .2084773E-10
 21.0   21860.00   .2084755E-10
 21.0   21870.00   .2084743E-10
 21.0   21880.00   .2084731E-10
 21.0   21890.00   .2084725E-10
 21.0   21900.00   .2084719E-10
 21.0   21910.00   .2084720E-10
 21.0   21920.00   .2084722E-10
 21.0   21930.00   .2084730E-10
 21.0   21940.00   .2084738E-10
 21.0   21950.00   .2084750E-10
 21.0   21960.00   .2084766E-10
 21.0   21970.00   .2084783E-10
 21.0   21980.00   .2084805E-10
 21.0   21990.00   .2084830E-10
 21.0   22000.00   .2084859E-10
 21.0   22010.00   .2084893E-10
 21.0   22020.00   .2084927E-10
 21.0   22030.00   .2084964E-10
 21.0   22040.00   .2085006E-10
 21.0   22050.00   .2085051E-10
 21.0   22060.00   .2085101E-10
 21.0   22070.00   .2085154E-10
 21.0   22080.00   .2085210E-10
 21.0   22090.00   .2085269E-10
 21.0   22100.00   .2085333E-10
 21.0   22110.00   .2085398E-10
 21.0   22120.00   .2085468E-10
 21.0   22130.00   .2085542E-10
 21.0   22140.00   .2085617E-10
 21.0   22150.00   .2085700E-10
 21.0   22160.00   .2085783E-10
 21.0   22170.00   .2085871E-10
 21.0   22180.00   .2085962E-10
 21.0   22190.00   .2086057E-10
 21.0   22200.00   .2086158E-10
 21.0   22210.00   .2086260E-10
 21.0   22220.00   .2086366E-10
 21.0   22230.00   .2086475E-10
 21.0   22240.00   .2086589E-10
 21.0   22250.00   .2086708E-10
 21.0   22260.00   .2086828E-10
 21.0   22270.00   .2086954E-10
 21.0   22280.00   .2087083E-10
 21.0   22290.00   .2087217E-10
 21.0   22300.00   .2087355E-10
 21.0   22310.00   .2087494E-10
 21.0   22320.00   .2087639E-10
 21.0   22330.00   .2087787E-10
 21.0   22340.00   .2087940E-10
 21.0   22350.00   .2088096E-10
 21.0   22360.00   .2088258E-10
 21.0   22370.00   .2088421E-10
 21.0   22380.00   .2088590E-10
 21.0   22390.00   .2088761E-10
 21.0   22400.00   .2088939E-10
 21.0   22410.00   .2089118E-10
 21.0   22420.00   .2089303E-10
 21.0   22430.00   .2089493E-10
 21.0   22440.00   .2089684E-10
 21.0   22450.00   .2089882E-10
 21.0   22460.00   .2090081E-10
 21.0   22470.00   .2090284E-10
 21.0   22480.00   .2090492E-10
 21.0   22490.00   .2090705E-10
 21.0   22500.00   .2090920E-10
 21.0   22510.00   .2091140E-10
 21.0   22520.00   .2091363E-10
 21.0   22530.00   .2091589E-10
 21.0   22540.00   .2091821E-10
 21.0   22550.00   .2092056E-10
 21.0   22560.00   .2092294E-10
 21.0   22570.00   .2092536E-10
 21.0   22580.00   .2092781E-10
 21.0   22590.00   .2093033E-10
 21.0   22600.00   .2093286E-10
 21.0   22610.00   .2093543E-10
 21.0   22620.00   .2093804E-10
 21.0   22630.00   .2094067E-10
 21.0   22640.00   .2094336E-10
 21.0   22650.00   .2094607E-10
 21.0   22660.00   .2094883E-10
 21.0   22670.00   .2095161E-10
 21.0   22680.00   .2095445E-10
 21.0   22690.00   .2095731E-10
 21.0   22700.00   .2096020E-10
 21.0   22710.00   .2096313E-10
 21.0   22720.00   .2096610E-10
 21.0   22730.00   .2096910E-10
 21.0   22740.00   .2097214E-10
 21.0   22750.00   .2097522E-10
 21.0   22760.00   .2097834E-10
 21.0   22770.00   .2098145E-10
 21.0   22780.00   .2098465E-10
 21.0   22790.00   .2098786E-10
 21.0   22800.00   .2099111E-10
 21.0   22810.00   .2099439E-10
 21.0   22820.00   .2099770E-10
 21.0   22830.00   .2100105E-10
 21.0   22840.00   .2100443E-10
 21.0   22850.00   .2100785E-10
 21.0   22860.00   .2101130E-10
 21.0   22870.00   .2101479E-10
 21.0   22880.00   .2101831E-10
 21.0   22890.00   .2102186E-10
 21.0   22900.00   .2102543E-10
 21.0   22910.00   .2102905E-10
 21.0   22920.00   .2103269E-10
 21.0   22930.00   .2103637E-10
 21.0   22940.00   .2104006E-10
 21.0   22950.00   .2104381E-10
 21.0   22960.00   .2104761E-10
 21.0   22970.00   .2105142E-10
 21.0   22980.00   .2105528E-10
 21.0   22990.00   .2105912E-10
 21.0   23000.00   .2106303E-10
 21.0   23010.00   .2106696E-10
 21.0   23020.00   .2107094E-10
 21.0   23030.00   .2107493E-10
 21.0   23040.00   .2107895E-10
 21.0   23050.00   .2108301E-10
 21.0   23060.00   .2108710E-10
 21.0   23070.00   .2109123E-10
 21.0   23080.00   .2109537E-10
 21.0   23090.00   .2109956E-10
 21.0   23100.00   .2110376E-10
 21.0   23110.00   .2110801E-10
 21.0   23120.00   .2111227E-10
 21.0   23130.00   .2111657E-10
 21.0   23140.00   .2112089E-10
 21.0   23150.00   .2112526E-10
 21.0   23160.00   .2112966E-10
 21.0   23170.00   .2113407E-10
 21.0   23180.00   .2113852E-10
 21.0   23190.00   .2114299E-10
 21.0   23200.00   .2114749E-10
 21.0   23210.00   .2115203E-10
 21.0   23220.00   .2115658E-10
 21.0   23230.00   .2116118E-10
 21.0   23240.00   .2116580E-10
 21.0   23250.00   .2117045E-10
 21.0   23260.00   .2117512E-10
 21.0   23270.00   .2117982E-10
 21.0   23280.00   .2118455E-10
 21.0   23290.00   .2118931E-10
 21.0   23300.00   .2119408E-10
 21.0   23310.00   .2119890E-10
 21.0   23320.00   .2120374E-10
 21.0   23330.00   .2120860E-10
 21.0   23340.00   .2121351E-10
 21.0   23350.00   .2121842E-10
 21.0   23360.00   .2122337E-10
 21.0   23370.00   .2122835E-10
 21.0   23380.00   .2123334E-10
 21.0   23390.00   .2123836E-10
 21.0   23400.00   .2124342E-10
 21.0   23410.00   .2124850E-10
 21.0   23420.00   .2125359E-10
 21.0   23430.00   .2125871E-10
 21.0   23440.00   .2126387E-10
 21.0   23450.00   .2126904E-10
 21.0   23460.00   .2127425E-10
 21.0   23470.00   .2127948E-10
 21.0   23480.00   .2128473E-10
 21.0   23490.00   .2129002E-10
 21.0   23500.00   .2129531E-10
 21.0   23510.00   .2130064E-10
 21.0   23520.00   .2130599E-10
 21.0   23530.00   .2131136E-10
 21.0   23540.00   .2131677E-10
 21.0   23550.00   .2132219E-10
 21.0   23560.00   .2132764E-10
 21.0   23570.00   .2133311E-10
 21.0   23580.00   .2133861E-10
 21.0   23590.00   .2134412E-10
 21.0   23600.00   .2134965E-10
 21.0   23610.00   .2135522E-10
 21.0   23620.00   .2136081E-10
 21.0   23630.00   .2136642E-10
 21.0   23640.00   .2137204E-10
 21.0   23650.00   .2137770E-10
 21.0   23660.00   .2138338E-10
 21.0   23670.00   .2138908E-10
 21.0   23680.00   .2139481E-10
 21.0   23690.00   .2140054E-10
 21.0   23700.00   .2140630E-10
 21.0   23710.00   .2141210E-10
 21.0   23720.00   .2141791E-10
 21.0   23730.00   .2142374E-10
 21.0   23740.00   .2142958E-10
 21.0   23750.00   .2143545E-10
 21.0   23760.00   .2144134E-10
 21.0   23770.00   .2144726E-10
 21.0   23780.00   .2145319E-10
 21.0   23790.00   .2145914E-10
 21.0   23800.00   .2146512E-10
 21.0   23810.00   .2147111E-10
 21.0   23820.00   .2147713E-10
 21.0   23830.00   .2148316E-10
 21.0   23840.00   .2148922E-10
 21.0   23850.00   .2149528E-10
 21.0   23860.00   .2150139E-10
 21.0   23870.00   .2150749E-10
 21.0   23880.00   .2151362E-10
 21.0   23890.00   .2151977E-10
 21.0   23900.00   .2152593E-10
 21.0   23910.00   .2153211E-10
 21.0   23920.00   .2153835E-10
 21.0   23930.00   .2154457E-10
 21.0   23940.00   .2155082E-10
 21.0   23950.00   .2155708E-10
 21.0   23960.00   .2156337E-10
 21.0   23970.00   .2156966E-10
 21.0   23980.00   .2157598E-10
 21.0   23990.00   .2158230E-10
 21.0   24000.00   .2158866E-10
 21.0   24010.00   .2159503E-10
 21.0   24020.00   .2160141E-10
 21.0   24030.00   .2160782E-10
 21.0   24040.00   .2161425E-10
 21.0   24050.00   .2162067E-10
 21.0   24060.00   .2162713E-10
 21.0   24070.00   .2163360E-10
 21.0   24080.00   .2164009E-10
 21.0   24090.00   .2164659E-10
 21.0   24100.00   .2165310E-10
 21.0   24110.00   .2165963E-10
 21.0   24120.00   .2166619E-10
 21.0   24130.00   .2167276E-10
 21.0   24140.00   .2167934E-10
 21.0   24150.00   .2168594E-10
 21.0   24160.00   .2169255E-10
 21.0   24170.00   .2169919E-10
 21.0   24180.00   .2170583E-10
 21.0   24190.00   .2171248E-10
 21.0   24200.00   .2171915E-10
 21.0   24210.00   .2172583E-10
 21.0   24220.00   .2173253E-10
 21.0   24230.00   .2173924E-10
 21.0   24240.00   .2174598E-10
 21.0   24250.00   .2175271E-10
 21.0   24260.00   .2175947E-10
 21.0   24270.00   .2176622E-10
 21.0   24280.00   .2177302E-10
 21.0   24290.00   .2177982E-10
 21.0   24300.00   .2178663E-10
 21.0   24310.00   .2179345E-10
 21.0   24320.00   .2180029E-10
 21.0   24330.00   .2180713E-10
 21.0   24340.00   .2181399E-10
 21.0   24350.00   .2182087E-10
 21.0   24360.00   .2182776E-10
 21.0   24370.00   .2183465E-10
 21.0   24380.00   .2184154E-10
 21.0   24390.00   .2184848E-10
 21.0   24400.00   .2185541E-10
 21.0   24410.00   .2186235E-10
 21.0   24420.00   .2186932E-10
 21.0   24430.00   .2187627E-10
 21.0   24440.00   .2188324E-10
 21.0   24450.00   .2189024E-10
 21.0   24460.00   .2189721E-10
 21.0   24470.00   .2190424E-10
 21.0   24480.00   .2191127E-10
 21.0   24490.00   .2191829E-10
 21.0   24500.00   .2192535E-10
 21.0   24510.00   .2193238E-10
 21.0   24520.00   .2193944E-10
 21.0   24530.00   .2194651E-10
 21.0   24540.00   .2195361E-10
 21.0   24550.00   .2196067E-10
 21.0   24560.00   .2196777E-10
 21.0   24570.00   .2197488E-10
 21.0   24580.00   .2198199E-10
 21.0   24590.00   .2198912E-10
 21.0   24600.00   .2199628E-10
 21.0   24610.00   .2200339E-10
 21.0   24620.00   .2201055E-10
 21.0   24630.00   .2201770E-10
 21.0   24640.00   .2202488E-10
 21.0   24650.00   .2203206E-10
 21.0   24660.00   .2203923E-10
 21.0   24670.00   .2204642E-10
 21.0   24680.00   .2205361E-10
 21.0   24690.00   .2206081E-10
 21.0   24700.00   .2206802E-10
 21.0   24710.00   .2207525E-10
 21.0   24720.00   .2208246E-10
 21.0   24730.00   .2208970E-10
 21.0   24740.00   .2209695E-10
 21.0   24750.00   .2210417E-10
 21.0   24760.00   .2211144E-10
 21.0   24770.00   .2211870E-10
 21.0   24780.00   .2212596E-10
 21.0   24790.00   .2213323E-10
 21.0   24800.00   .2214051E-10
 21.0   24810.00   .2214778E-10
 21.0   24820.00   .2215506E-10
 21.0   24830.00   .2216236E-10
 21.0   24840.00   .2216965E-10
 21.0   24850.00   .2217695E-10
 21.0   24860.00   .2218423E-10
 21.0   24870.00   .2219154E-10
 21.0   24880.00   .2219888E-10
 21.0   24890.00   .2220619E-10
 21.0   24900.00   .2221350E-10
 21.0   24910.00   .2222084E-10
 21.0   24920.00   .2222817E-10
 21.0   24930.00   .2223550E-10
 21.0   24940.00   .2224283E-10
 21.0   24950.00   .2225016E-10
 21.0   24960.00   .2225750E-10
 21.0   24970.00   .2226486E-10
 21.0   24980.00   .2227220E-10
 21.0   24990.00   .2227954E-10
 21.0   25000.00   .2228690E-10
