100 .5762785E-15
101 .2224439E-14
102 .5999847E-14
103 .1327333E-13
104 .2581307E-13
105 .4579042E-13
106 .7576341E-13
107 .1186362E-12
108 .1775924E-12
109 .2560028E-12
110 .3573077E-12
111 .4848768E-12
112 .6418481E-12
113 .8309519E-12
114 .1054327E-11
115 .1313333E-11
116 .1608366E-11
117 .1938696E-11
118 .2302316E-11
119 .2695836E-11
120 .3114409E-11
121 .3551715E-11
122 .3999994E-11
123 .4450153E-11
124 .4891935E-11
125 .5314156E-11
126 .5706137E-11
127 .6061960E-11
128 .6378213E-11
129 .6653020E-11
130 .6885993E-11
131 .7078133E-11
132 .7231691E-11
133 .7350012E-11
134 .7437347E-11
135 .7498691E-11
136 .7539611E-11
137 .7566085E-11
138 .7584287E-11
139 .7598093E-11
140 .7608943E-11
141 .7618155E-11
142 .7627030E-11
143 .7636864E-11
144 .7648957E-11
145 .7664614E-11
146 .7685159E-11
147 .7711944E-11
148 .7746361E-11
149 .7789849E-11
150 .7843922E-11
151 .7909865E-11
152 .7987905E-11
153 .8077995E-11
154 .8180093E-11
155 .8294166E-11
156 .8420185E-11
157 .8558121E-11
158 .8707948E-11
159 .8869635E-11
160 .9043148E-11
161 .9228443E-11
162 .9425465E-11
163 .9634147E-11
164 .9854398E-11
165 .1008611E-10
166 .1032916E-10
167 .1058337E-10
168 .1084856E-10
169 .1112450E-10
170 .1141090E-10
171 .1170747E-10
172 .1201383E-10
173 .1232957E-10
174 .1265423E-10
175 .1298726E-10
176 .1332811E-10
177 .1367635E-10
178 .1403149E-10
179 .1439302E-10
180 .1476038E-10
181 .1513292E-10
182 .1550997E-10
183 .1589074E-10
184 .1627443E-10
185 .1666014E-10
186 .1704692E-10
187 .1743374E-10
188 .1781951E-10
189 .1820307E-10
190 .1858320E-10
191 .1895861E-10
192 .1932794E-10
193 .1968979E-10
194 .2004269E-10
195 .2038512E-10
196 .2071551E-10
197 .2103226E-10
198 .2133372E-10
199 .2161822E-10
200 .2188407E-10
201 .2212984E-10
202 .2235521E-10
203 .2256020E-10
204 .2274488E-10
205 .2290940E-10
206 .2305398E-10
207 .2317887E-10
208 .2328440E-10
209 .2337093E-10
210 .2343891E-10
211 .2348878E-10
212 .2352106E-10
213 .2353630E-10
214 .2353509E-10
215 .2351804E-10
216 .2348580E-10
217 .2343905E-10
218 .2337848E-10
219 .2330480E-10
220 .2321875E-10
221 .2312107E-10
222 .2301252E-10
223 .2289386E-10
224 .2276588E-10
225 .2262933E-10
226 .2248518E-10
227 .2233512E-10
228 .2218101E-10
229 .2202471E-10
230 .2186806E-10
231 .2171288E-10
232 .2156099E-10
233 .2141418E-10
234 .2127424E-10
235 .2114293E-10
236 .2102203E-10
237 .2091328E-10
238 .2081846E-10
239 .2073933E-10
240 .2067768E-10
241 .2063531E-10
242 .2061406E-10
243 .2061581E-10
244 .2064251E-10
245 .2069614E-10
246 .2077882E-10
247 .2089270E-10
248 .2104009E-10
249 .2122342E-10
250 .2144528E-10
251 .2420801E-10
252 .3011952E-10
253 .3370239E-10
254 .3317711E-10
255 .3493228E-10
256 .3471873E-10
257 .3566333E-10
258 .3313244E-10
259 .3132026E-10
260 .2820894E-10
261 .2458327E-10
262 .2630088E-10
263 .2551627E-10
264 .3218151E-10
265 .3919396E-10
266 .5137830E-10
267 .6933890E-10
268 .9106011E-10
269 .1037506E-09
270 .1093284E-09
271 .1104660E-09
272 .1156626E-09
273 .1188553E-09
274 .1189021E-09
275 .1215549E-09
276 .1308018E-09
277 .1315587E-09
278 .1284039E-09
279 .1274548E-09
280 .1239283E-09
281 .1205794E-09
282 .1279480E-09
283 .1313368E-09
284 .1308820E-09
285 .1424347E-09
286 .1474271E-09
287 .1662845E-09
288 .1800072E-09
289 .1891632E-09
290 .1942713E-09
291 .2001169E-09
292 .2017175E-09
293 .1951490E-09
294 .1966393E-09
295 .1878366E-09
296 .1750849E-09
297 .1756194E-09
298 .1683405E-09
299 .1604572E-09
300 .1676321E-09
301 .1701409E-09
302 .1598315E-09
303 .1673226E-09
304 .1731506E-09
305 .1576647E-09
306 .1601853E-09
307 .1731794E-09
308 .1758878E-09
309 .1755084E-09
310 .1804750E-09
311 .1823714E-09
312 .1934883E-09
313 .1954641E-09
314 .2140998E-09
315 .2209016E-09
316 .2245194E-09
317 .2129979E-09
318 .2046947E-09
319 .2062202E-09
320 .2024332E-09
321 .1901609E-09
322 .1759517E-09
323 .1702960E-09
324 .1579896E-09
325 .1656286E-09
326 .1685221E-09
327 .1646674E-09
328 .1760013E-09
329 .1686826E-09
330 .1614302E-09
331 .1762868E-09
332 .1755953E-09
333 .1806074E-09
334 .1842135E-09
335 .1804501E-09
336 .1923267E-09
337 .1978162E-09
338 .2018933E-09
339 .2139626E-09
340 .2123530E-09
341 .2185345E-09
342 .2119133E-09
343 .2106828E-09
344 .2140757E-09
345 .2197996E-09
346 .2195473E-09
347 .2226352E-09
348 .2281635E-09
349 .2385858E-09
350 .2567777E-09
351 .2616770E-09
352 .2761435E-09
353 .2887787E-09
354 .2900476E-09
355 .2908121E-09
356 .2768077E-09
357 .2805616E-09
358 .2946898E-09
359 .3001239E-09
360 .2894069E-09
361 .2832725E-09
362 .2787566E-09
363 .3113754E-09
364 .3385469E-09
365 .3720206E-09
366 .4025461E-09
367 .4110669E-09
368 .4117273E-09
369 .4067841E-09
370 .3835978E-09
371 .3576907E-09
372 .3309822E-09
373 .2985375E-09
374 .2621587E-09
375 .1947496E-09
376 .1324310E-09
377 .1155981E-09
378 .1181931E-09
379 .1402488E-09
380 .1647823E-09
381 .1694058E-09
382 .1936786E-09
383 .2164306E-09
384 .2440527E-09
385 .2849323E-09
386 .3254870E-09
387 .3565955E-09
388 .3540600E-09
389 .4100545E-09
390 .4666832E-09
391 .4705359E-09
392 .4854647E-09
393 .5299265E-09
394 .5340230E-09
395 .5249274E-09
396 .5184129E-09
397 .5272793E-09
398 .5063652E-09
399 .4727902E-09
400 .4603856E-09
401 .4347060E-09
402 .4192672E-09
403 .3865057E-09
404 .3903539E-09
405 .3696277E-09
406 .3542287E-09
407 .3440777E-09
408 .3249461E-09
409 .3292322E-09
410 .3225883E-09
411 .3133460E-09
412 .3009161E-09
413 .3077228E-09
414 .3121643E-09
415 .3191442E-09
416 .3259796E-09
417 .3255387E-09
418 .3304708E-09
419 .3355116E-09
420 .3386222E-09
421 .3474918E-09
422 .3408041E-09
423 .3483645E-09
424 .3516844E-09
425 .3596623E-09
426 .3657319E-09
427 .3816153E-09
428 .3865780E-09
429 .3922846E-09
430 .3817417E-09
431 .3850174E-09
432 .3694387E-09
433 .3453890E-09
434 .3341161E-09
435 .3208893E-09
436 .2978517E-09
437 .2767723E-09
438 .2644165E-09
439 .2492581E-09
440 .2346358E-09
441 .2328985E-09
442 .2317417E-09
443 .2395659E-09
444 .2508897E-09
445 .2569666E-09
446 .2651380E-09
447 .2731192E-09
448 .3049981E-09
449 .3307237E-09
450 .3613043E-09
451 .3940109E-09
452 .4415853E-09
453 .4829047E-09
454 .5176273E-09
455 .5529968E-09
456 .5882656E-09
457 .6151251E-09
458 .6384725E-09
459 .6496650E-09
460 .6529936E-09
461 .6489491E-09
462 .6324602E-09
463 .6020157E-09
464 .5673622E-09
465 .5238106E-09
466 .4820901E-09
467 .4359247E-09
468 .4002233E-09
469 .3669009E-09
470 .3420447E-09
471 .3163531E-09
472 .3031562E-09
473 .2918504E-09
474 .2933726E-09
475 .2987449E-09
476 .3059037E-09
477 .3234257E-09
478 .3342622E-09
479 .3446580E-09
480 .3502370E-09
481 .3491022E-09
482 .3502815E-09
483 .3507117E-09
484 .3591214E-09
485 .3748400E-09
486 .3876963E-09
487 .4167079E-09
488 .4501571E-09
489 .4770299E-09
490 .4993668E-09
491 .5238513E-09
492 .5327133E-09
493 .5225449E-09
494 .5122539E-09
495 .4823863E-09
496 .4562426E-09
497 .4258066E-09
498 .3927543E-09
499 .3607104E-09
500 .3391681E-09
501 .3129838E-09
502 .3016959E-09
503 .2952892E-09
504 .2876996E-09
505 .2794651E-09
506 .2785270E-09
507 .2733124E-09
508 .2749372E-09
509 .2693193E-09
510 .2674973E-09
511 .2700252E-09
512 .2735069E-09
513 .2798533E-09
514 .2777248E-09
515 .2849528E-09
516 .2955004E-09
517 .3107633E-09
518 .3309164E-09
519 .3431403E-09
520 .3601607E-09
521 .3744219E-09
522 .3881095E-09
523 .4047221E-09
524 .4294335E-09
525 .4453525E-09
526 .4509911E-09
527 .4612698E-09
528 .4675259E-09
529 .4745520E-09
530 .4693566E-09
531 .4784902E-09
532 .4798562E-09
533 .4859284E-09
534 .4922523E-09
535 .5007628E-09
536 .5104567E-09
537 .5256299E-09
538 .5402087E-09
539 .5493370E-09
540 .5799676E-09
541 .6026972E-09
542 .6257371E-09
543 .6631144E-09
544 .6874580E-09
545 .7105416E-09
546 .7246520E-09
547 .7392583E-09
548 .7457584E-09
549 .7557451E-09
550 .7574332E-09
551 .7549386E-09
552 .7510923E-09
553 .7363783E-09
554 .7162852E-09
555 .7039252E-09
556 .6790381E-09
557 .6609417E-09
558 .6388039E-09
559 .6130435E-09
560 .5882020E-09
561 .5572967E-09
562 .5315998E-09
563 .5096014E-09
564 .4787200E-09
565 .4537631E-09
566 .4402673E-09
567 .4326957E-09
568 .4266508E-09
569 .4349886E-09
570 .4406413E-09
571 .4467636E-09
572 .4523242E-09
573 .4725865E-09
574 .4880488E-09
575 .4992302E-09
576 .5248516E-09
577 .5362073E-09
578 .5519763E-09
579 .5647605E-09
580 .5679511E-09
581 .5570697E-09
582 .5655453E-09
583 .5631070E-09
584 .5496498E-09
585 .5592964E-09
586 .5642625E-09
587 .5464968E-09
588 .5352345E-09
589 .5054567E-09
590 .4984110E-09
591 .4828669E-09
592 .4684033E-09
593 .4584296E-09
594 .4301887E-09
595 .4103982E-09
596 .3996801E-09
597 .3975367E-09
598 .3854944E-09
599 .3785189E-09
600 .3733296E-09
601 .3732465E-09
602 .3715440E-09
603 .3676721E-09
604 .3653423E-09
605 .3684387E-09
606 .3665343E-09
607 .3716578E-09
608 .3680440E-09
609 .3699641E-09
610 .3714860E-09
611 .3671192E-09
612 .3651513E-09
613 .3645640E-09
614 .3666924E-09
615 .3743713E-09
616 .3891683E-09
617 .3926361E-09
618 .3868679E-09
619 .3853047E-09
620 .3920284E-09
621 .3886819E-09
622 .3904104E-09
623 .3890910E-09
624 .3857020E-09
625 .3840373E-09
626 .3996751E-09
627 .4000647E-09
628 .3934945E-09
629 .4173921E-09
630 .4303159E-09
631 .4308653E-09
632 .4679135E-09
633 .4831039E-09
634 .5054564E-09
635 .5306645E-09
636 .5592700E-09
637 .5913869E-09
638 .6001176E-09
639 .6363892E-09
640 .6583787E-09
641 .6709191E-09
642 .6841522E-09
643 .7139428E-09
644 .7177176E-09
645 .7135218E-09
646 .7366465E-09
647 .7393793E-09
648 .7379165E-09
649 .7375789E-09
650 .7685838E-09
651 .7564449E-09
652 .7306667E-09
653 .7303709E-09
654 .7289783E-09
655 .7067883E-09
656 .6794194E-09
657 .6726976E-09
658 .6549416E-09
659 .6362826E-09
660 .6016709E-09
661 .5684576E-09
662 .5450971E-09
663 .5354671E-09
664 .5046413E-09
665 .4784194E-09
666 .4621560E-09
667 .4545478E-09
668 .4505984E-09
669 .4139043E-09
670 .4042333E-09
671 .4037178E-09
672 .3993384E-09
673 .4207308E-09
674 .4033403E-09
675 .4058987E-09
676 .3880976E-09
677 .3584223E-09
678 .3801377E-09
679 .3562173E-09
680 .3466699E-09
681 .3648022E-09
682 .3629540E-09
683 .3461064E-09
684 .3346938E-09
685 .3652622E-09
686 .3483609E-09
687 .3321185E-09
688 .3413147E-09
689 .3288297E-09
690 .3316004E-09
691 .3355926E-09
692 .3392507E-09
693 .3458267E-09
694 .3440510E-09
695 .3480391E-09
696 .3375517E-09
697 .3246189E-09
698 .3343814E-09
699 .3328662E-09
700 .3136567E-09
701 .2907501E-09
702 .2939058E-09
703 .2970097E-09
704 .3001980E-09
705 .3021668E-09
706 .3095387E-09
707 .3194573E-09
708 .3256752E-09
709 .3338104E-09
710 .3440796E-09
711 .3586471E-09
712 .3791263E-09
713 .3888600E-09
714 .3971784E-09
715 .4060182E-09
716 .4166999E-09
717 .4084020E-09
718 .4114573E-09
719 .4114394E-09
720 .4103902E-09
721 .4128490E-09
722 .4092320E-09
723 .4029769E-09
724 .4056511E-09
725 .4118032E-09
726 .4172838E-09
727 .4261123E-09
728 .4352068E-09
729 .4405521E-09
730 .4448088E-09
731 .4591765E-09
732 .4653882E-09
733 .4764678E-09
734 .4876355E-09
735 .4906518E-09
736 .4936865E-09
737 .4868581E-09
738 .4746299E-09
739 .4613985E-09
740 .4334719E-09
741 .4033567E-09
742 .3841904E-09
743 .3592757E-09
744 .3366039E-09
745 .3208459E-09
746 .3098259E-09
747 .3054284E-09
748 .3343596E-09
749 .2684682E-09
750 .2292831E-09
751 .3084219E-09
752 .2854060E-09
753 .3067800E-09
754 .3346725E-09
755 .3512651E-09
756 .3618771E-09
757 .3792473E-09
758 .3857593E-09
759 .3769345E-09
760 .3735314E-09
761 .3855557E-09
762 .3848204E-09
763 .3746941E-09
764 .3676815E-09
765 .3652486E-09
766 .3710147E-09
767 .3624999E-09
768 .3519764E-09
769 .3386567E-09
770 .3217387E-09
771 .3163784E-09
772 .3106205E-09
773 .2969663E-09
774 .2837435E-09
775 .2729557E-09
776 .2644554E-09
777 .2557735E-09
778 .2500732E-09
779 .2399939E-09
780 .2237364E-09
781 .2130423E-09
782 .2116122E-09
783 .2080028E-09
784 .2041467E-09
785 .1932006E-09
786 .1839945E-09
787 .1805804E-09
788 .1796442E-09
789 .1698183E-09
790 .1642858E-09
791 .1578006E-09
792 .1607615E-09
793 .1571391E-09
794 .1509011E-09
795 .1477230E-09
796 .1491408E-09
797 .1499866E-09
798 .1390379E-09
799 .1321778E-09
800 .1369644E-09
801 .1366314E-09
802 .1355001E-09
803 .1305407E-09
804 .1163174E-09
805 .1179553E-09
806 .1504019E-09
807 .8903148E-10
808 .7340795E-10
809 .7305521E-10
810 .6480059E-10
811 .6196988E-10
812 .5764309E-10
813 .5208098E-10
814 .4501660E-10
815 .3889532E-10
816 .3579104E-10
817 .4010505E-10
818 .4229783E-10
819 .3764778E-10
820 .3708677E-10
821 .4114310E-10
822 .4428030E-10
823 .4529426E-10
824 .4469487E-10
825 .4495460E-10
826 .4863708E-10
827 .5393360E-10
828 .6462757E-10
829 .7231148E-10
830 .6815516E-10
831 .6951302E-10
832 .7471032E-10
833 .8436506E-10
834 .1018071E-09
835 .1176506E-09
836 .1327955E-09
837 .1439178E-09
838 .1595401E-09
839 .1755810E-09
840 .2017249E-09
841 .2333908E-09
842 .2458204E-09
843 .2422855E-09
844 .2390792E-09
845 .2411177E-09
846 .2438735E-09
847 .2590317E-09
848 .2794442E-09
849 .2732623E-09
850 .2637567E-09
851 .2548556E-09
852 .2463628E-09
853 .2543484E-09
854 .2889709E-09
855 .2955514E-09
856 .2818072E-09
857 .2718837E-09
858 .2756378E-09
859 .2814788E-09
860 .3260400E-09
861 .3465416E-09
862 .3221322E-09
863 .2995586E-09
864 .3229199E-09
865 .3564562E-09
866 .3625147E-09
867 .3581736E-09
868 .3460172E-09
869 .3126765E-09
870 .3102507E-09
871 .3202940E-09
872 .3479055E-09
873 .3503842E-09
874 .3174963E-09
875 .2913654E-09
876 .2879437E-09
877 .3000506E-09
878 .3074529E-09
879 .2977312E-09
880 .3002195E-09
881 .2899560E-09
882 .2774766E-09
883 .2661352E-09
884 .2653672E-09
885 .2789976E-09
886 .2553113E-09
887 .2503969E-09
888 .2549923E-09
889 .2444480E-09
890 .2410675E-09
891 .2511771E-09
892 .2489824E-09
893 .2366429E-09
894 .2355707E-09
895 .2342210E-09
896 .2419667E-09
897 .2529578E-09
898 .2533887E-09
899 .2454134E-09
900 .2305309E-09
901 .2321940E-09
902 .2265868E-09
903 .2276070E-09
904 .2280231E-09
905 .2282986E-09
906 .2357612E-09
907 .2410107E-09
908 .2508471E-09
909 .2731860E-09
910 .2534232E-09
911 .2314506E-09
912 .2257874E-09
913 .2144294E-09
914 .2255205E-09
915 .2314453E-09
916 .2301281E-09
917 .2169719E-09
918 .1822726E-09
919 .1788169E-09
920 .1879158E-09
921 .1960264E-09
922 .1896684E-09
923 .2546231E-09
924 .2649366E-09
925 .1710479E-09
926 .1813997E-09
927 .1786050E-09
928 .1798705E-09
929 .1962557E-09
930 .2051636E-09
931 .2267520E-09
932 .2206982E-09
933 .2215614E-09
934 .2211359E-09
935 .2262932E-09
936 .2027834E-09
937 .2359844E-09
938 .2987220E-09
939 .2744081E-09
940 .2651839E-09
941 .2623432E-09
942 .2306212E-09
943 .2365286E-09
944 .2561027E-09
945 .2496501E-09
946 .2415245E-09
947 .2189112E-09
948 .2034182E-09
949 .2114456E-09
950 .2062149E-09
951 .2090664E-09
952 .1858326E-09
953 .1765986E-09
954 .1959418E-09
955 .1997004E-09
956 .1977540E-09
957 .1843818E-09
958 .1905589E-09
959 .1945328E-09
960 .1778972E-09
961 .2060307E-09
962 .2021689E-09
963 .1982645E-09
964 .2315224E-09
965 .2159663E-09
966 .2057617E-09
967 .2189568E-09
968 .2435574E-09
969 .2642058E-09
970 .2566589E-09
971 .2939232E-09
972 .3184561E-09
973 .2925765E-09
974 .2776129E-09
975 .2933221E-09
976 .3106818E-09
977 .3188776E-09
978 .3116271E-09
979 .2995596E-09
980 .3521066E-09
981 .3404840E-09
982 .3155993E-09
983 .3343198E-09
984 .3544072E-09
985 .3693588E-09
986 .3325071E-09
987 .3176621E-09
988 .3498253E-09
989 .3344207E-09
990 .3198225E-09
991 .3183024E-09
992 .3032339E-09
993 .3064161E-09
994 .3367176E-09
995 .3566827E-09
996 .3112959E-09
997 .2697256E-09
998 .2658463E-09
999 .3040584E-09
1000 .2971371E-09
1001 .2954115E-09
1002 .2936816E-09
1003 .2919464E-09
1004 .2902068E-09
1005 .2884624E-09
1006 .2867134E-09
1007 .2849600E-09
1008 .2832015E-09
1009 .2814389E-09
1010 .2796710E-09
1011 .2778984E-09
1012 .2761218E-09
1013 .2743401E-09
1014 .2725540E-09
1015 .2707633E-09
1016 .2689681E-09
1017 .2671682E-09
1018 .2653637E-09
1019 .2635546E-09
1020 .2617410E-09
1021 .2599231E-09
1022 .2581004E-09
1023 .2562731E-09
1024 .2544418E-09
1025 .2526058E-09
1026 .2507650E-09
1027 .2489196E-09
1028 .2470705E-09
1029 .2452168E-09
1030 .2433584E-09
1031 .2414956E-09
1032 .2396288E-09
1033 .2377571E-09
1034 .2358815E-09
1035 .2340014E-09
1036 .2321169E-09
1037 .2302283E-09
1038 .2283353E-09
1039 .2264381E-09
1040 .2245364E-09
1041 .2226306E-09
1042 .2207209E-09
1043 .2188065E-09
1044 .2168882E-09
1045 .2149657E-09
1046 .2130390E-09
1047 .2111083E-09
1048 .2091737E-09
1049 .2072347E-09
1050 .2052919E-09
1051 .2033450E-09
1052 .2013944E-09
1053 .1994397E-09
1054 .1974812E-09
1055 .1955188E-09
1056 .1935524E-09
1057 .1915820E-09
1058 .1896082E-09
1059 .1876307E-09
1060 .1856492E-09
1061 .1836639E-09
1062 .1816751E-09
1063 .1796827E-09
1064 .1776864E-09
1065 .1756867E-09
1066 .1736836E-09
1067 .1716764E-09
1068 .1696660E-09
1069 .1676521E-09
1070 .1656346E-09
1071 .1636135E-09
1072 .1615891E-09
1073 .1595615E-09
1074 .1575302E-09
1075 .1554957E-09
1076 .1534580E-09
1077 .1514166E-09
1078 .1493721E-09
1079 .1473242E-09
1080 .1452732E-09
1081 .1432189E-09
1082 .1411616E-09
1083 .1391012E-09
1084 .1370372E-09
1085 .1349703E-09
1086 .1329002E-09
1087 .1308272E-09
1088 .1287509E-09
1089 .1266718E-09
1090 .1245895E-09
1091 .1225044E-09
1092 .1204162E-09
1093 .1183249E-09
1094 .1162308E-09
1095 .1141338E-09
1096 .1120338E-09
1097 .1099312E-09
1098 .1078255E-09
1099 .1057170E-09
1100 .1036058E-09
1101 .1014917E-09
1102 .9937487E-10
1103 .9725525E-10
1104 .9513292E-10
1105 .9300805E-10
1106 .9088024E-10
1107 .8874985E-10
1108 .8661677E-10
1109 .8448117E-10
1110 .8234297E-10
1111 .8020200E-10
1112 .7805861E-10
1113 .7591262E-10
1114 .7376403E-10
1115 .7161299E-10
1116 .6945944E-10
1117 .6730346E-10
1118 .6514487E-10
1119 .6298392E-10
1120 .6082055E-10
1121 .5865473E-10
1122 .5648656E-10
1123 .5431597E-10
1124 .5214297E-10
1125 .4996772E-10
1126 .4779006E-10
1127 .4561014E-10
1128 .4342786E-10
1129 .4124330E-10
1130 .3905653E-10
1131 .3907567E-10
1132 .3909472E-10
1133 .3911369E-10
1134 .3913257E-10
1135 .3915138E-10
1136 .3917010E-10
1137 .3918875E-10
1138 .3920728E-10
1139 .3922579E-10
1140 .3924415E-10
1141 .3926246E-10
1142 .3928072E-10
1143 .3929889E-10
1144 .3931696E-10
1145 .3933496E-10
1146 .3935290E-10
1147 .3937079E-10
1148 .3938858E-10
1149 .3940628E-10
1150 .3942396E-10
1151 .3944154E-10
1152 .3945906E-10
1153 .3947650E-10
1154 .3949390E-10
1155 .3951120E-10
1156 .3952845E-10
1157 .3954562E-10
1158 .3956273E-10
1159 .3957980E-10
1160 .3959677E-10
1161 .3961372E-10
1162 .3963059E-10
1163 .3964737E-10
1164 .3966409E-10
1165 .3968084E-10
1166 .3969744E-10
1167 .3971399E-10
1168 .3973055E-10
1169 .3974699E-10
1170 .3976337E-10
1171 .3977976E-10
1172 .3979606E-10
1173 .3981232E-10
1174 .3982847E-10
1175 .3984467E-10
1176 .3986075E-10
1177 .3987678E-10
1178 .3989280E-10
1179 .3990875E-10
1180 .3992465E-10
1181 .3994052E-10
1182 .3995633E-10
1183 .3997211E-10
1184 .3998785E-10
1185 .4000355E-10
1186 .4001919E-10
1187 .4003480E-10
1188 .4005037E-10
1189 .4006591E-10
1190 .4008140E-10
1191 .4009685E-10
1192 .4011228E-10
1193 .4012765E-10
1194 .4014303E-10
1195 .4015832E-10
1196 .4017360E-10
1197 .4018888E-10
1198 .4020409E-10
1199 .4021927E-10
1200 .4023444E-10
1201 .4024958E-10
1202 .4026467E-10
1203 .4027975E-10
1204 .4029483E-10
1205 .4030986E-10
1206 .4032488E-10
1207 .4033985E-10
1208 .4035481E-10
1209 .4036973E-10
1210 .4038465E-10
1211 .4039956E-10
1212 .4041443E-10
1213 .4042933E-10
1214 .4044412E-10
1215 .4045900E-10
1216 .4047380E-10
1217 .4048860E-10
1218 .4050337E-10
1219 .4051819E-10
1220 .4053294E-10
1221 .4054770E-10
1222 .4056244E-10
1223 .4057714E-10
1224 .4059188E-10
1225 .4060659E-10
1226 .4062132E-10
1227 .4063599E-10
1228 .4065070E-10
1229 .4066541E-10
1230 .4068012E-10
1231 .4069478E-10
1232 .4070948E-10
1233 .4072419E-10
1234 .4073886E-10
1235 .4075356E-10
1236 .4076825E-10
1237 .4078296E-10
1238 .4079763E-10
1239 .4081235E-10
1240 .4082704E-10
1241 .4084178E-10
1242 .4085650E-10
1243 .4087124E-10
1244 .4088598E-10
1245 .4090074E-10
1246 .4091549E-10
1247 .4093027E-10
1248 .4094505E-10
1249 .4095988E-10
1250 .4097471E-10
1251 .4099176E-10
1252 .4100889E-10
1253 .4102601E-10
1254 .4104308E-10
1255 .4106022E-10
1256 .4107733E-10
1257 .4109456E-10
1258 .4111174E-10
1259 .4112894E-10
1260 .4114619E-10
1261 .4116346E-10
1262 .4118074E-10
1263 .4119802E-10
1264 .4121533E-10
1265 .4123271E-10
1266 .4125004E-10
1267 .4126747E-10
1268 .4128488E-10
1269 .4130236E-10
1270 .4131984E-10
1271 .4133738E-10
1272 .4135492E-10
1273 .4137251E-10
1274 .4139011E-10
1275 .4140775E-10
1276 .4142547E-10
1277 .4144322E-10
1278 .4146097E-10
1279 .4147879E-10
1280 .4149662E-10
1281 .4151451E-10
1282 .4153239E-10
1283 .4155039E-10
1284 .4156842E-10
1285 .4158647E-10
1286 .4160454E-10
1287 .4162270E-10
1288 .4164090E-10
1289 .4165907E-10
1290 .4167740E-10
1291 .4169567E-10
1292 .4171408E-10
1293 .4173250E-10
1294 .4175093E-10
1295 .4176942E-10
1296 .4178797E-10
1297 .4180654E-10
1298 .4182517E-10
1299 .4184381E-10
1300 .4186254E-10
1301 .4188127E-10
1302 .4190009E-10
1303 .4191889E-10
1304 .4193777E-10
1305 .4195668E-10
1306 .4197564E-10
1307 .4199465E-10
1308 .4201369E-10
1309 .4203274E-10
1310 .4205188E-10
1311 .4207109E-10
1312 .4209029E-10
1313 .4210951E-10
1314 .4212880E-10
1315 .4214811E-10
1316 .4216748E-10
1317 .4218694E-10
1318 .4220635E-10
1319 .4222585E-10
1320 .4224538E-10
1321 .4226497E-10
1322 .4228453E-10
1323 .4230422E-10
1324 .4232388E-10
1325 .4234358E-10
1326 .4236337E-10
1327 .4238314E-10
1328 .4240300E-10
1329 .4242287E-10
1330 .4244281E-10
1331 .4246275E-10
1332 .4248270E-10
1333 .4250276E-10
1334 .4252281E-10
1335 .4254293E-10
1336 .4256309E-10
1337 .4258325E-10
1338 .4260342E-10
1339 .4262369E-10
1340 .4264400E-10
1341 .4266429E-10
1342 .4268466E-10
1343 .4270503E-10
1344 .4272550E-10
1345 .4274593E-10
1346 .4276645E-10
1347 .4278697E-10
1348 .4280754E-10
1349 .4282813E-10
1350 .4284877E-10
1351 .4286946E-10
1352 .4289020E-10
1353 .4291089E-10
1354 .4293169E-10
1355 .4295246E-10
1356 .4297333E-10
1357 .4299420E-10
1358 .4301508E-10
1359 .4303605E-10
1360 .4305701E-10
1361 .4307799E-10
1362 .4309906E-10
1363 .4312011E-10
1364 .4314123E-10
1365 .4316236E-10
1366 .4318352E-10
1367 .4320471E-10
1368 .4322594E-10
1369 .4324718E-10
1370 .4326850E-10
1371 .4320677E-10
1372 .4314490E-10
1373 .4308305E-10
1374 .4302116E-10
1375 .4295918E-10
1376 .4289717E-10
1377 .4283510E-10
1378 .4277294E-10
1379 .4271080E-10
1380 .4264854E-10
1381 .4258628E-10
1382 .4252392E-10
1383 .4246153E-10
1384 .4239905E-10
1385 .4233655E-10
1386 .4227396E-10
1387 .4221137E-10
1388 .4214867E-10
1389 .4208595E-10
1390 .4202313E-10
1391 .4196027E-10
1392 .4189734E-10
1393 .4183438E-10
1394 .4177134E-10
1395 .4170825E-10
1396 .4164506E-10
1397 .4158186E-10
1398 .4151860E-10
1399 .4145526E-10
1400 .4139186E-10
1401 .4132835E-10
1402 .4126487E-10
1403 .4120126E-10
1404 .4113762E-10
1405 .4107391E-10
1406 .4101012E-10
1407 .4094630E-10
1408 .4088238E-10
1409 .4081843E-10
1410 .4075437E-10
1411 .4069027E-10
1412 .4062611E-10
1413 .4056188E-10
1414 .4049756E-10
1415 .4043321E-10
1416 .4036874E-10
1417 .4030428E-10
1418 .4023972E-10
1419 .4017506E-10
1420 .4011037E-10
1421 .4004559E-10
1422 .3998072E-10
1423 .3991582E-10
1424 .3985084E-10
1425 .3978578E-10
1426 .3972065E-10
1427 .3965547E-10
1428 .3959019E-10
1429 .3952485E-10
1430 .3945944E-10
1431 .3939398E-10
1432 .3932844E-10
1433 .3926281E-10
1434 .3919711E-10
1435 .3913134E-10
1436 .3906551E-10
1437 .3899959E-10
1438 .3893360E-10
1439 .3886753E-10
1440 .3880137E-10
1441 .3873516E-10
1442 .3866888E-10
1443 .3860252E-10
1444 .3853606E-10
1445 .3846956E-10
1446 .3840298E-10
1447 .3833629E-10
1448 .3826955E-10
1449 .3820271E-10
1450 .3813581E-10
1451 .3806884E-10
1452 .3800179E-10
1453 .3793462E-10
1454 .3786743E-10
1455 .3780013E-10
1456 .3773279E-10
1457 .3766533E-10
1458 .3759781E-10
1459 .3753017E-10
1460 .3746247E-10
1461 .3739475E-10
1462 .3732685E-10
1463 .3725893E-10
1464 .3719091E-10
1465 .3712282E-10
1466 .3705463E-10
1467 .3698639E-10
1468 .3691805E-10
1469 .3684961E-10
1470 .3678110E-10
1471 .3671251E-10
1472 .3664383E-10
1473 .3657509E-10
1474 .3650624E-10
1475 .3643732E-10
1476 .3636831E-10
1477 .3629920E-10
1478 .3623004E-10
1479 .3616076E-10
1480 .3609142E-10
1481 .3602198E-10
1482 .3595246E-10
1483 .3588286E-10
1484 .3581316E-10
1485 .3574339E-10
1486 .3567351E-10
1487 .3560357E-10
1488 .3553351E-10
1489 .3546341E-10
1490 .3539319E-10
1491 .3532286E-10
1492 .3525247E-10
1493 .3518201E-10
1494 .3511142E-10
1495 .3504079E-10
1496 .3497000E-10
1497 .3489917E-10
1498 .3482824E-10
1499 .3475722E-10
1500 .3468613E-10
1501 .3470363E-10
1502 .3472115E-10
1503 .3473867E-10
1504 .3475620E-10
1505 .3477372E-10
1506 .3479121E-10
1507 .3480873E-10
1508 .3482623E-10
1509 .3484374E-10
1510 .3486123E-10
1511 .3487873E-10
1512 .3489623E-10
1513 .3491371E-10
1514 .3493118E-10
1515 .3494866E-10
1516 .3496613E-10
1517 .3498359E-10
1518 .3500103E-10
1519 .3501846E-10
1520 .3503590E-10
1521 .3505336E-10
1522 .3507077E-10
1523 .3508817E-10
1524 .3510559E-10
1525 .3512298E-10
1526 .3514040E-10
1527 .3515774E-10
1528 .3517511E-10
1529 .3519248E-10
1530 .3520982E-10
1531 .3522717E-10
1532 .3524448E-10
1533 .3526177E-10
1534 .3527908E-10
1535 .3529641E-10
1536 .3531366E-10
1537 .3533092E-10
1538 .3534818E-10
1539 .3536541E-10
1540 .3538264E-10
1541 .3539985E-10
1542 .3541706E-10
1543 .3543422E-10
1544 .3545138E-10
1545 .3546853E-10
1546 .3548566E-10
1547 .3550278E-10
1548 .3551988E-10
1549 .3553696E-10
1550 .3555405E-10
1551 .3557110E-10
1552 .3558813E-10
1553 .3560516E-10
1554 .3562216E-10
1555 .3563911E-10
1556 .3565609E-10
1557 .3567302E-10
1558 .3568996E-10
1559 .3570686E-10
1560 .3572372E-10
1561 .3574059E-10
1562 .3575743E-10
1563 .3577425E-10
1564 .3579104E-10
1565 .3580784E-10
1566 .3582460E-10
1567 .3584131E-10
1568 .3585801E-10
1569 .3587470E-10
1570 .3589137E-10
1571 .3590800E-10
1572 .3592461E-10
1573 .3594120E-10
1574 .3595777E-10
1575 .3597429E-10
1576 .3599082E-10
1577 .3600728E-10
1578 .3602374E-10
1579 .3604018E-10
1580 .3605659E-10
1581 .3607297E-10
1582 .3608931E-10
1583 .3610564E-10
1584 .3612193E-10
1585 .3613822E-10
1586 .3615444E-10
1587 .3617065E-10
1588 .3618680E-10
1589 .3620297E-10
1590 .3621909E-10
1591 .3623517E-10
1592 .3625121E-10
1593 .3626724E-10
1594 .3628323E-10
1595 .3629919E-10
1596 .3631512E-10
1597 .3633099E-10
1598 .3634687E-10
1599 .3636271E-10
1600 .3637847E-10
1601 .3639425E-10
1602 .3640996E-10
1603 .3642565E-10
1604 .3644129E-10
1605 .3645690E-10
1606 .3647247E-10
1607 .3648804E-10
1608 .3650355E-10
1609 .3651900E-10
1610 .3653444E-10
1611 .3654983E-10
1612 .3656517E-10
1613 .3658049E-10
1614 .3659577E-10
1615 .3661097E-10
1616 .3662620E-10
1617 .3664136E-10
1618 .3665646E-10
1619 .3667156E-10
1620 .3668659E-10
1621 .3670156E-10
1622 .3671652E-10
1623 .3673142E-10
1624 .3674628E-10
1625 .3676111E-10
1626 .3676301E-10
1627 .3676486E-10
1628 .3676666E-10
1629 .3676845E-10
1630 .3677021E-10
1631 .3677195E-10
1632 .3677362E-10
1633 .3677531E-10
1634 .3677695E-10
1635 .3677854E-10
1636 .3678011E-10
1637 .3678168E-10
1638 .3678320E-10
1639 .3678465E-10
1640 .3678607E-10
1641 .3678749E-10
1642 .3678887E-10
1643 .3679021E-10
1644 .3679147E-10
1645 .3679275E-10
1646 .3679398E-10
1647 .3679517E-10
1648 .3679632E-10
1649 .3679745E-10
1650 .3679852E-10
1651 .3679957E-10
1652 .3680059E-10
1653 .3680154E-10
1654 .3680246E-10
1655 .3680336E-10
1656 .3680421E-10
1657 .3680501E-10
1658 .3680576E-10
1659 .3680651E-10
1660 .3680716E-10
1661 .3680781E-10
1662 .3680844E-10
1663 .3680900E-10
1664 .3680949E-10
1665 .3680999E-10
1666 .3681042E-10
1667 .3681081E-10
1668 .3681114E-10
1669 .3681144E-10
1670 .3681171E-10
1671 .3681191E-10
1672 .3681208E-10
1673 .3681218E-10
1674 .3681228E-10
1675 .3681228E-10
1676 .3681229E-10
1677 .3681222E-10
1678 .3681208E-10
1679 .3681192E-10
1680 .3681171E-10
1681 .3681146E-10
1682 .3681114E-10
1683 .3681080E-10
1684 .3681038E-10
1685 .3680993E-10
1686 .3680944E-10
1687 .3680890E-10
1688 .3680828E-10
1689 .3680765E-10
1690 .3680696E-10
1691 .3680621E-10
1692 .3680545E-10
1693 .3680462E-10
1694 .3680373E-10
1695 .3680281E-10
1696 .3680183E-10
1697 .3680083E-10
1698 .3679979E-10
1699 .3679866E-10
1700 .3679754E-10
1701 .3679634E-10
1702 .3679508E-10
1703 .3679381E-10
1704 .3679246E-10
1705 .3679112E-10
1706 .3678972E-10
1707 .3678823E-10
1708 .3678674E-10
1709 .3678517E-10
1710 .3678361E-10
1711 .3678198E-10
1712 .3678032E-10
1713 .3677859E-10
1714 .3677685E-10
1715 .3677504E-10
1716 .3677319E-10
1717 .3677130E-10
1718 .3676938E-10
1719 .3676740E-10
1720 .3676540E-10
1721 .3676336E-10
1722 .3676126E-10
1723 .3675913E-10
1724 .3675699E-10
1725 .3675475E-10
1726 .3675252E-10
1727 .3675022E-10
1728 .3674788E-10
1729 .3674550E-10
1730 .3674311E-10
1731 .3674066E-10
1732 .3673815E-10
1733 .3673568E-10
1734 .3673308E-10
1735 .3673048E-10
1736 .3672784E-10
1737 .3672517E-10
1738 .3672246E-10
1739 .3671972E-10
1740 .3671690E-10
1741 .3671405E-10
1742 .3671122E-10
1743 .3670830E-10
1744 .3670537E-10
1745 .3670240E-10
1746 .3669940E-10
1747 .3669636E-10
1748 .3669330E-10
1749 .3669016E-10
1750 .3668700E-10
1751 .3668384E-10
1752 .3668060E-10
1753 .3667734E-10
1754 .3667408E-10
1755 .3667072E-10
1756 .3666738E-10
1757 .3666400E-10
1758 .3666056E-10
1759 .3665710E-10
1760 .3665361E-10
1761 .3665008E-10
1762 .3664652E-10
1763 .3664295E-10
1764 .3663933E-10
1765 .3663568E-10
1766 .3663197E-10
1767 .3662826E-10
1768 .3662453E-10
1769 .3662072E-10
1770 .3661690E-10
1771 .3661306E-10
1772 .3660919E-10
1773 .3660528E-10
1774 .3660135E-10
1775 .3659739E-10
1776 .3659338E-10
1777 .3658936E-10
1778 .3658530E-10
1779 .3658119E-10
1780 .3657709E-10
1781 .3657294E-10
1782 .3656878E-10
1783 .3656455E-10
1784 .3656034E-10
1785 .3655610E-10
1786 .3655180E-10
1787 .3654750E-10
1788 .3654315E-10
1789 .3653877E-10
1790 .3653437E-10
1791 .3652997E-10
1792 .3652549E-10
1793 .3652102E-10
1794 .3651650E-10
1795 .3651197E-10
1796 .3650742E-10
1797 .3650282E-10
1798 .3649822E-10
1799 .3649356E-10
1800 .3648891E-10
1801 .3636457E-10
1802 .3624022E-10
1803 .3611587E-10
1804 .3599151E-10
1805 .3586718E-10
1806 .3574285E-10
1807 .3561850E-10
1808 .3549420E-10
1809 .3536989E-10
1810 .3524561E-10
1811 .3512131E-10
1812 .3499703E-10
1813 .3487276E-10
1814 .3474851E-10
1815 .3462429E-10
1816 .3450004E-10
1817 .3437581E-10
1818 .3425162E-10
1819 .3412741E-10
1820 .3400324E-10
1821 .3387905E-10
1822 .3375493E-10
1823 .3363078E-10
1824 .3350665E-10
1825 .3338253E-10
1826 .3325847E-10
1827 .3313439E-10
1828 .3301033E-10
1829 .3288629E-10
1830 .3276226E-10
1831 .3263825E-10
1832 .3251426E-10
1833 .3239029E-10
1834 .3226635E-10
1835 .3214240E-10
1836 .3201849E-10
1837 .3189460E-10
1838 .3177071E-10
1839 .3164688E-10
1840 .3152306E-10
1841 .3139922E-10
1842 .3127545E-10
1843 .3115167E-10
1844 .3102795E-10
1845 .3090422E-10
1846 .3078051E-10
1847 .3065685E-10
1848 .3053319E-10
1849 .3040956E-10
1850 .3028596E-10
1851 .3016237E-10
1852 .3003882E-10
1853 .2991529E-10
1854 .2979178E-10
1855 .2966831E-10
1856 .2954486E-10
1857 .2942143E-10
1858 .2929803E-10
1859 .2917464E-10
1860 .2905130E-10
1861 .2892798E-10
1862 .2880468E-10
1863 .2868142E-10
1864 .2855819E-10
1865 .2843500E-10
1866 .2831182E-10
1867 .2818866E-10
1868 .2806554E-10
1869 .2794248E-10
1870 .2781940E-10
1871 .2769637E-10
1872 .2757337E-10
1873 .2745040E-10
1874 .2732746E-10
1875 .2720459E-10
1876 .2708167E-10
1877 .2695884E-10
1878 .2683604E-10
1879 .2671327E-10
1880 .2659049E-10
1881 .2646780E-10
1882 .2634512E-10
1883 .2622247E-10
1884 .2609986E-10
1885 .2597727E-10
1886 .2585474E-10
1887 .2573224E-10
1888 .2560974E-10
1889 .2548730E-10
1890 .2536489E-10
1891 .2524250E-10
1892 .2512017E-10
1893 .2499788E-10
1894 .2487560E-10
1895 .2475337E-10
1896 .2463117E-10
1897 .2450903E-10
1898 .2438689E-10
1899 .2426479E-10
1900 .2414276E-10
1901 .2402075E-10
1902 .2389875E-10
1903 .2377684E-10
1904 .2365493E-10
1905 .2353306E-10
1906 .2341123E-10
1907 .2328944E-10
1908 .2316770E-10
1909 .2304599E-10
1910 .2292431E-10
1911 .2280268E-10
1912 .2268109E-10
1913 .2255954E-10
1914 .2243800E-10
1915 .2231653E-10
1916 .2219509E-10
1917 .2207368E-10
1918 .2195234E-10
1919 .2183102E-10
1920 .2170973E-10
1921 .2158850E-10
1922 .2146728E-10
1923 .2134613E-10
1924 .2122501E-10
1925 .2110393E-10
1926 .2098289E-10
1927 .2086189E-10
1928 .2074093E-10
1929 .2062002E-10
1930 .2049915E-10
1931 .2037833E-10
1932 .2025752E-10
1933 .2013676E-10
1934 .2001607E-10
1935 .1989539E-10
1936 .1977477E-10
1937 .1965419E-10
1938 .1953364E-10
1939 .1941313E-10
1940 .1929271E-10
1941 .1917227E-10
1942 .1905190E-10
1943 .1893157E-10
1944 .1881127E-10
1945 .1869103E-10
1946 .1857082E-10
1947 .1845068E-10
1948 .1833056E-10
1949 .1821049E-10
1950 .1809045E-10
1951 .1797046E-10
1952 .1785051E-10
1953 .1773061E-10
1954 .1761075E-10
1955 .1749093E-10
1956 .1737117E-10
1957 .1725143E-10
1958 .1713175E-10
1959 .1701210E-10
1960 .1689249E-10
1961 .1677295E-10
1962 .1665342E-10
1963 .1653396E-10
1964 .1641452E-10
1965 .1629514E-10
1966 .1617581E-10
1967 .1605651E-10
1968 .1593726E-10
1969 .1581804E-10
1970 .1569886E-10
1971 .1557974E-10
1972 .1546067E-10
1973 .1534163E-10
1974 .1522263E-10
1975 .1510369E-10
1976 .1498477E-10
1977 .1486592E-10
1978 .1474709E-10
1979 .1462831E-10
1980 .1450957E-10
1981 .1439088E-10
1982 .1427223E-10
1983 .1415362E-10
1984 .1403504E-10
1985 .1391652E-10
1986 .1379804E-10
1987 .1367962E-10
1988 .1356124E-10
1989 .1344288E-10
1990 .1332456E-10
1991 .1320630E-10
1992 .1308807E-10
1993 .1296990E-10
1994 .1285175E-10
1995 .1273366E-10
1996 .1261561E-10
1997 .1249760E-10
1998 .1237963E-10
1999 .1226170E-10
2000 .1214382E-10
2001 .1202598E-10
2002 .1190818E-10
2003 .1179043E-10
2004 .1167270E-10
2005 .1155504E-10
2006 .1143740E-10
2007 .1131980E-10
2008 .1120226E-10
2009 .1108475E-10
2010 .1096729E-10
2011 .1096547E-10
2012 .1096367E-10
2013 .1096187E-10
2014 .1096006E-10
2015 .1095826E-10
2016 .1095648E-10
2017 .1095468E-10
2018 .1095291E-10
2019 .1095113E-10
2020 .1094935E-10
2021 .1094757E-10
2022 .1094581E-10
2023 .1094403E-10
2024 .1094226E-10
2025 .1094052E-10
2026 .1093874E-10
2027 .1093700E-10
2028 .1093525E-10
2029 .1093350E-10
2030 .1093177E-10
2031 .1093003E-10
2032 .1092831E-10
2033 .1092657E-10
2034 .1092484E-10
2035 .1092311E-10
2036 .1092140E-10
2037 .1091970E-10
2038 .1091798E-10
2039 .1091629E-10
2040 .1091457E-10
2041 .1091288E-10
2042 .1091118E-10
2043 .1090950E-10
2044 .1090781E-10
2045 .1090613E-10
2046 .1090445E-10
2047 .1090279E-10
2048 .1090112E-10
2049 .1089946E-10
2050 .1089780E-10
2051 .1089614E-10
2052 .1089450E-10
2053 .1089286E-10
2054 .1089122E-10
2055 .1088958E-10
2056 .1088796E-10
2057 .1088633E-10
2058 .1088471E-10
2059 .1088309E-10
2060 .1088148E-10
2061 .1087988E-10
2062 .1087828E-10
2063 .1087668E-10
2064 .1087508E-10
2065 .1087349E-10
2066 .1087191E-10
2067 .1087033E-10
2068 .1086878E-10
2069 .1086720E-10
2070 .1086565E-10
2071 .1086410E-10
2072 .1086254E-10
2073 .1086100E-10
2074 .1085945E-10
2075 .1085791E-10
2076 .1085639E-10
2077 .1085487E-10
2078 .1085335E-10
2079 .1085184E-10
2080 .1085032E-10
2081 .1084883E-10
2082 .1084732E-10
2083 .1084583E-10
2084 .1084435E-10
2085 .1084287E-10
2086 .1084140E-10
2087 .1083993E-10
2088 .1083846E-10
2089 .1083701E-10
2090 .1083555E-10
2091 .1083411E-10
2092 .1083267E-10
2093 .1083123E-10
2094 .1082981E-10
2095 .1082839E-10
2096 .1082697E-10
2097 .1082556E-10
2098 .1082415E-10
2099 .1082274E-10
2100 .1082136E-10
2101 .1081997E-10
2102 .1081859E-10
2103 .1081722E-10
2104 .1081585E-10
2105 .1081449E-10
2106 .1081314E-10
2107 .1081179E-10
2108 .1081045E-10
2109 .1080910E-10
2110 .1080778E-10
2111 .1080646E-10
2112 .1080514E-10
2113 .1080383E-10
2114 .1080253E-10
2115 .1080123E-10
2116 .1079994E-10
2117 .1079866E-10
2118 .1079736E-10
2119 .1079611E-10
2120 .1079484E-10
2121 .1079357E-10
2122 .1079232E-10
2123 .1079109E-10
2124 .1078985E-10
2125 .1078860E-10
2126 .1078739E-10
2127 .1078617E-10
2128 .1078496E-10
2129 .1078376E-10
2130 .1078257E-10
2131 .1078138E-10
2132 .1078020E-10
2133 .1077902E-10
2134 .1077784E-10
2135 .1077670E-10
2136 .1077553E-10
2137 .1077439E-10
2138 .1077326E-10
2139 .1077212E-10
2140 .1077100E-10
2141 .1076987E-10
2142 .1076878E-10
2143 .1076767E-10
2144 .1076657E-10
2145 .1076549E-10
2146 .1076441E-10
2147 .1076334E-10
2148 .1076227E-10
2149 .1076121E-10
2150 .1076017E-10
2151 .1075913E-10
2152 .1075810E-10
2153 .1075705E-10
2154 .1075603E-10
2155 .1075502E-10
2156 .1075404E-10
2157 .1075304E-10
2158 .1075204E-10
2159 .1075107E-10
2160 .1075011E-10
2161 .1074913E-10
2162 .1074817E-10
2163 .1074723E-10
2164 .1074629E-10
2165 .1074536E-10
2166 .1074443E-10
2167 .1074352E-10
2168 .1074262E-10
2169 .1074172E-10
2170 .1074083E-10
2171 .1073995E-10
2172 .1073908E-10
2173 .1073821E-10
2174 .1073735E-10
2175 .1073648E-10
2176 .1073565E-10
2177 .1073483E-10
2178 .1073400E-10
2179 .1073318E-10
2180 .1073238E-10
2181 .1073157E-10
2182 .1073080E-10
2183 .1073002E-10
2184 .1072924E-10
2185 .1072848E-10
2186 .1072772E-10
2187 .1072698E-10
2188 .1072625E-10
2189 .1072552E-10
2190 .1072480E-10
2191 .1072409E-10
2192 .1072338E-10
2193 .1072269E-10
2194 .1072200E-10
2195 .1072134E-10
2196 .1072068E-10
2197 .1072002E-10
2198 .1071938E-10
2199 .1071873E-10
2200 .1071810E-10
2201 .1071750E-10
2202 .1071688E-10
2203 .1071626E-10
2204 .1071568E-10
2205 .1071510E-10
2206 .1071452E-10
2207 .1071395E-10
2208 .1071341E-10
2209 .1071287E-10
2210 .1071234E-10
2211 .1071181E-10
2212 .1071129E-10
2213 .1071080E-10
2214 .1071030E-10
2215 .1070980E-10
2216 .1070933E-10
2217 .1070886E-10
2218 .1070841E-10
2219 .1070795E-10
2220 .1070752E-10
2221 .1070710E-10
2222 .1070667E-10
2223 .1070626E-10
2224 .1070587E-10
2225 .1070549E-10
2226 .1070511E-10
2227 .1070473E-10
2228 .1070439E-10
2229 .1070403E-10
2230 .1070369E-10
2231 .1070335E-10
2232 .1070306E-10
2233 .1070274E-10
2234 .1070245E-10
2235 .1070216E-10
2236 .1070188E-10
2237 .1070164E-10
2238 .1070137E-10
2239 .1070114E-10
2240 .1070088E-10
2241 .1070066E-10
2242 .1070044E-10
2243 .1070025E-10
2244 .1070005E-10
2245 .1069987E-10
2246 .1069968E-10
2247 .1069954E-10
2248 .1069939E-10
2249 .1069925E-10
2250 .1069910E-10
2251 .1069898E-10
2252 .1069887E-10
2253 .1069877E-10
2254 .1069868E-10
2255 .1069858E-10
2256 .1069852E-10
2257 .1069845E-10
2258 .1069839E-10
2259 .1069834E-10
2260 .1069831E-10
2261 .1069828E-10
2262 .1069827E-10
2263 .1069826E-10
2264 .1069826E-10
2265 .1069827E-10
2266 .1069830E-10
2267 .1069832E-10
2268 .1069837E-10
2269 .1069841E-10
2270 .1069847E-10
2271 .1069853E-10
2272 .1069860E-10
2273 .1069870E-10
2274 .1069879E-10
2275 .1069890E-10
2276 .1069901E-10
2277 .1069914E-10
2278 .1069926E-10
2279 .1069941E-10
2280 .1069955E-10
2281 .1069970E-10
2282 .1069986E-10
2283 .1070004E-10
2284 .1070022E-10
2285 .1070041E-10
2286 .1070061E-10
2287 .1070083E-10
2288 .1070103E-10
2289 .1070126E-10
2290 .1070149E-10
2291 .1070172E-10
2292 .1070199E-10
2293 .1070224E-10
2294 .1070250E-10
2295 .1070279E-10
2296 .1070306E-10
2297 .1070334E-10
2298 .1070365E-10
2299 .1070396E-10
2300 .1070428E-10
2301 .1070459E-10
2302 .1070493E-10
2303 .1070525E-10
2304 .1070563E-10
2305 .1070597E-10
2306 .1070633E-10
2307 .1070670E-10
2308 .1070708E-10
2309 .1070746E-10
2310 .1070785E-10
2311 .1070826E-10
2312 .1070866E-10
2313 .1070909E-10
2314 .1070949E-10
2315 .1070994E-10
2316 .1071038E-10
2317 .1071082E-10
2318 .1071127E-10
2319 .1071173E-10
2320 .1071220E-10
2321 .1071267E-10
2322 .1071315E-10
2323 .1071364E-10
2324 .1071414E-10
2325 .1071464E-10
2326 .1071514E-10
2327 .1071566E-10
2328 .1071618E-10
2329 .1071671E-10
2330 .1071726E-10
2331 .1071780E-10
2332 .1071835E-10
2333 .1071891E-10
2334 .1071947E-10
2335 .1072005E-10
2336 .1072062E-10
2337 .1072120E-10
2338 .1072180E-10
2339 .1072241E-10
2340 .1072301E-10
2341 .1072361E-10
2342 .1072423E-10
2343 .1072486E-10
2344 .1072548E-10
2345 .1072612E-10
2346 .1072675E-10
2347 .1072742E-10
2348 .1072807E-10
2349 .1072873E-10
2350 .1072940E-10
2351 .1073007E-10
2352 .1073075E-10
2353 .1073145E-10
2354 .1073214E-10
2355 .1073282E-10
2356 .1073353E-10
2357 .1073424E-10
2358 .1073495E-10
2359 .1073567E-10
2360 .1073640E-10
2361 .1073713E-10
2362 .1073786E-10
2363 .1073861E-10
2364 .1073936E-10
2365 .1074011E-10
2366 .1074089E-10
2367 .1074163E-10
2368 .1074241E-10
2369 .1074319E-10
2370 .1074396E-10
2371 .1074476E-10
2372 .1074556E-10
2373 .1074635E-10
2374 .1074716E-10
2375 .1074795E-10
2376 .1074877E-10
2377 .1074960E-10
2378 .1075041E-10
2379 .1075125E-10
2380 .1075208E-10
2381 .1075292E-10
2382 .1075375E-10
2383 .1075460E-10
2384 .1075546E-10
2385 .1075632E-10
2386 .1075717E-10
2387 .1075804E-10
2388 .1075892E-10
2389 .1075979E-10
2390 .1076068E-10
2391 .1076155E-10
2392 .1076243E-10
2393 .1076334E-10
2394 .1076423E-10
2395 .1076515E-10
2396 .1076606E-10
2397 .1076697E-10
2398 .1076788E-10
2399 .1076880E-10
2400 .1076973E-10
2401 .1077065E-10
2402 .1077159E-10
2403 .1077253E-10
2404 .1077347E-10
2405 .1077442E-10
2406 .1077537E-10
2407 .1077630E-10
2408 .1077728E-10
2409 .1077824E-10
2410 .1077921E-10
2411 .1078017E-10
2412 .1078114E-10
2413 .1078212E-10
2414 .1078311E-10
2415 .1078410E-10
2416 .1078507E-10
2417 .1078605E-10
2418 .1078706E-10
2419 .1078806E-10
2420 .1078905E-10
2421 .1079007E-10
2422 .1079107E-10
2423 .1079208E-10
2424 .1079308E-10
2425 .1079412E-10
2426 .1079514E-10
2427 .1079617E-10
2428 .1079719E-10
2429 .1079822E-10
2430 .1079927E-10
2431 .1080029E-10
2432 .1080132E-10
2433 .1080237E-10
2434 .1080344E-10
2435 .1080447E-10
2436 .1080553E-10
2437 .1080659E-10
2438 .1080764E-10
2439 .1080869E-10
2440 .1080977E-10
2441 .1081084E-10
2442 .1081190E-10
2443 .1081297E-10
2444 .1081404E-10
2445 .1081513E-10
2446 .1081620E-10
2447 .1081729E-10
2448 .1081837E-10
2449 .1081945E-10
2450 .1082054E-10
2451 .1082162E-10
2452 .1082272E-10
2453 .1082382E-10
2454 .1082491E-10
2455 .1082602E-10
2456 .1082711E-10
2457 .1082822E-10
2458 .1082931E-10
2459 .1083044E-10
2460 .1083154E-10
2461 .1083265E-10
2462 .1083376E-10
2463 .1083488E-10
2464 .1083599E-10
2465 .1083712E-10
2466 .1083823E-10
2467 .1083935E-10
2468 .1084048E-10
2469 .1084161E-10
2470 .1084272E-10
2471 .1084385E-10
2472 .1084500E-10
2473 .1084612E-10
2474 .1084725E-10
2475 .1084839E-10
2476 .1084952E-10
2477 .1085066E-10
2478 .1085180E-10
2479 .1085294E-10
2480 .1085409E-10
2481 .1085522E-10
2482 .1085636E-10
2483 .1085750E-10
2484 .1085864E-10
2485 .1085978E-10
2486 .1086093E-10
2487 .1086208E-10
2488 .1086323E-10
2489 .1086437E-10
2490 .1086553E-10
2491 .1086669E-10
2492 .1086784E-10
2493 .1086899E-10
2494 .1087012E-10
2495 .1087129E-10
2496 .1087245E-10
2497 .1087360E-10
2498 .1087476E-10
2499 .1087592E-10
2500 .1087706E-10
