 34.0    1000.00   .1216354E-14
 34.0    1010.00   .4682077E-14
 34.0    1020.00   .1257317E-13
 34.0    1030.00   .2770400E-13
 34.0    1040.00   .5369645E-13
 34.0    1050.00   .9499470E-13
 34.0    1060.00   .1568375E-12
 34.0    1070.00   .2451860E-12
 34.0    1080.00   .3666022E-12
 34.0    1090.00   .5280795E-12
 34.0    1100.00   .7368276E-12
 34.0    1110.00   .1000010E-11
 34.0    1120.00   .1324447E-11
 34.0    1130.00   .1716288E-11
 34.0    1140.00   .2180658E-11
 34.0    1150.00   .2721302E-11
 34.0    1160.00   .3340223E-11
 34.0    1170.00   .4037353E-11
 34.0    1180.00   .4810238E-11
 34.0    1190.00   .5653788E-11
 34.0    1200.00   .6560085E-11
 34.0    1210.00   .7518272E-11
 34.0    1220.00   .8514541E-11
 34.0    1230.00   .9532209E-11
 34.0    1240.00   .1055197E-10
 34.0    1250.00   .1155214E-10
 34.0    1260.00   .1251148E-10
 34.0    1270.00   .1341753E-10
 34.0    1280.00   .1426234E-10
 34.0    1290.00   .1504071E-10
 34.0    1300.00   .1575009E-10
 34.0    1310.00   .1639062E-10
 34.0    1320.00   .1696484E-10
 34.0    1330.00   .1747766E-10
 34.0    1340.00   .1793598E-10
 34.0    1350.00   .1834854E-10
 34.0    1360.00   .1872566E-10
 34.0    1370.00   .1907899E-10
 34.0    1380.00   .1942111E-10
 34.0    1390.00   .1975895E-10
 34.0    1400.00   .2009315E-10
 34.0    1410.00   .2042408E-10
 34.0    1420.00   .2075207E-10
 34.0    1430.00   .2107750E-10
 34.0    1440.00   .2140080E-10
 34.0    1450.00   .2172248E-10
 34.0    1460.00   .2204315E-10
 34.0    1470.00   .2236353E-10
 34.0    1480.00   .2268444E-10
 34.0    1490.00   .2300688E-10
 34.0    1500.00   .2333194E-10
 34.0    1510.00   .2366075E-10
 34.0    1520.00   .2399403E-10
 34.0    1530.00   .2433235E-10
 34.0    1540.00   .2467626E-10
 34.0    1550.00   .2502628E-10
 34.0    1560.00   .2538291E-10
 34.0    1570.00   .2574663E-10
 34.0    1580.00   .2611789E-10
 34.0    1590.00   .2649715E-10
 34.0    1600.00   .2688481E-10
 34.0    1610.00   .2728130E-10
 34.0    1620.00   .2768700E-10
 34.0    1630.00   .2810229E-10
 34.0    1640.00   .2852756E-10
 34.0    1650.00   .2896315E-10
 34.0    1660.00   .2940943E-10
 34.0    1670.00   .2986674E-10
 34.0    1680.00   .3033543E-10
 34.0    1690.00   .3081582E-10
 34.0    1700.00   .3130825E-10
 34.0    1710.00   .3181305E-10
 34.0    1720.00   .3233054E-10
 34.0    1730.00   .3286105E-10
 34.0    1740.00   .3340492E-10
 34.0    1750.00   .3396246E-10
 34.0    1760.00   .3453389E-10
 34.0    1770.00   .3511902E-10
 34.0    1780.00   .3571755E-10
 34.0    1790.00   .3632911E-10
 34.0    1800.00   .3695330E-10
 34.0    1810.00   .3758967E-10
 34.0    1820.00   .3823772E-10
 34.0    1830.00   .3889692E-10
 34.0    1840.00   .3956668E-10
 34.0    1850.00   .4024635E-10
 34.0    1860.00   .4093523E-10
 34.0    1870.00   .4163260E-10
 34.0    1880.00   .4233765E-10
 34.0    1890.00   .4304950E-10
 34.0    1900.00   .4376727E-10
 34.0    1910.00   .4448997E-10
 34.0    1920.00   .4521656E-10
 34.0    1930.00   .4594598E-10
 34.0    1940.00   .4667706E-10
 34.0    1950.00   .4740859E-10
 34.0    1960.00   .4813931E-10
 34.0    1970.00   .4886790E-10
 34.0    1980.00   .4959294E-10
 34.0    1990.00   .5031301E-10
 34.0    2000.00   .5102660E-10
 34.0    2010.00   .5173241E-10
 34.0    2020.00   .5243023E-10
 34.0    2030.00   .5312013E-10
 34.0    2040.00   .5380222E-10
 34.0    2050.00   .5447661E-10
 34.0    2060.00   .5514347E-10
 34.0    2070.00   .5580297E-10
 34.0    2080.00   .5645533E-10
 34.0    2090.00   .5710075E-10
 34.0    2100.00   .5773953E-10
 34.0    2110.00   .5837193E-10
 34.0    2120.00   .5899825E-10
 34.0    2130.00   .5961883E-10
 34.0    2140.00   .6023401E-10
 34.0    2150.00   .6084419E-10
 34.0    2160.00   .6144975E-10
 34.0    2170.00   .6205113E-10
 34.0    2180.00   .6264876E-10
 34.0    2190.00   .6324313E-10
 34.0    2200.00   .6383473E-10
 34.0    2210.00   .6442406E-10
 34.0    2220.00   .6501168E-10
 34.0    2230.00   .6559816E-10
 34.0    2240.00   .6618406E-10
 34.0    2250.00   .6677001E-10
 34.0    2260.00   .6735649E-10
 34.0    2270.00   .6794345E-10
 34.0    2280.00   .6853068E-10
 34.0    2290.00   .6911800E-10
 34.0    2300.00   .6970519E-10
 34.0    2310.00   .7029206E-10
 34.0    2320.00   .7087840E-10
 34.0    2330.00   .7146399E-10
 34.0    2340.00   .7204866E-10
 34.0    2350.00   .7263218E-10
 34.0    2360.00   .7321436E-10
 34.0    2370.00   .7379497E-10
 34.0    2380.00   .7437382E-10
 34.0    2390.00   .7495069E-10
 34.0    2400.00   .7552537E-10
 34.0    2410.00   .7609766E-10
 34.0    2420.00   .7666734E-10
 34.0    2430.00   .7723421E-10
 34.0    2440.00   .7779806E-10
 34.0    2450.00   .7835863E-10
 34.0    2460.00   .7891581E-10
 34.0    2470.00   .7946930E-10
 34.0    2480.00   .8001895E-10
 34.0    2490.00   .8056452E-10
 34.0    2500.00   .8110579E-10
 34.0    2510.00   .8697510E-10
 34.0    2520.00   .9708456E-10
 34.0    2530.00   .1144970E-09
 34.0    2540.00   .1148036E-09
 34.0    2550.00   .1114630E-09
 34.0    2560.00   .1076334E-09
 34.0    2570.00   .1044306E-09
 34.0    2580.00   .1007321E-09
 34.0    2590.00   .1032604E-09
 34.0    2600.00   .1036578E-09
 34.0    2610.00   .1050302E-09
 34.0    2620.00   .9868281E-10
 34.0    2630.00   .8969054E-10
 34.0    2640.00   .9305897E-10
 34.0    2650.00   .1059001E-09
 34.0    2660.00   .1188880E-09
 34.0    2670.00   .1344298E-09
 34.0    2680.00   .1616953E-09
 34.0    2690.00   .1936529E-09
 34.0    2700.00   .2213364E-09
 34.0    2710.00   .2494705E-09
 34.0    2720.00   .2663203E-09
 34.0    2730.00   .2779108E-09
 34.0    2740.00   .2939161E-09
 34.0    2750.00   .3114363E-09
 34.0    2760.00   .3157699E-09
 34.0    2770.00   .3410761E-09
 34.0    2780.00   .3461559E-09
 34.0    2790.00   .3360370E-09
 34.0    2800.00   .3239273E-09
 34.0    2810.00   .3469264E-09
 34.0    2820.00   .3609687E-09
 34.0    2830.00   .3799779E-09
 34.0    2840.00   .3993960E-09
 34.0    2850.00   .4069865E-09
 34.0    2860.00   .4531646E-09
 34.0    2870.00   .5155901E-09
 34.0    2880.00   .5669651E-09
 34.0    2890.00   .6376229E-09
 34.0    2900.00   .7071265E-09
 34.0    2910.00   .7716641E-09
 34.0    2920.00   .8011018E-09
 34.0    2930.00   .8181025E-09
 34.0    2940.00   .8280083E-09
 34.0    2950.00   .8174932E-09
 34.0    2960.00   .7971719E-09
 34.0    2970.00   .7534448E-09
 34.0    2980.00   .7133082E-09
 34.0    2990.00   .6650090E-09
 34.0    3000.00   .6346703E-09
 34.0    3010.00   .6233221E-09
 34.0    3020.00   .6277678E-09
 34.0    3030.00   .6322236E-09
 34.0    3040.00   .6258251E-09
 34.0    3050.00   .5633074E-09
 34.0    3060.00   .5336210E-09
 34.0    3070.00   .6107948E-09
 34.0    3080.00   .6505860E-09
 34.0    3090.00   .6597639E-09
 34.0    3100.00   .6591432E-09
 34.0    3110.00   .6642616E-09
 34.0    3120.00   .7011536E-09
 34.0    3130.00   .7716349E-09
 34.0    3140.00   .8378172E-09
 34.0    3150.00   .9149012E-09
 34.0    3160.00   .9759621E-09
 34.0    3170.00   .1035247E-08
 34.0    3180.00   .1029925E-08
 34.0    3190.00   .1008157E-08
 34.0    3200.00   .9828224E-09
 34.0    3210.00   .9004414E-09
 34.0    3220.00   .9428920E-09
 34.0    3230.00   .8941870E-09
 34.0    3240.00   .8316676E-09
 34.0    3250.00   .7295365E-09
 34.0    3260.00   .6423870E-09
 34.0    3270.00   .6885183E-09
 34.0    3280.00   .7133822E-09
 34.0    3290.00   .6858195E-09
 34.0    3300.00   .6888798E-09
 34.0    3310.00   .7802495E-09
 34.0    3320.00   .7819264E-09
 34.0    3330.00   .8277147E-09
 34.0    3340.00   .8502719E-09
 34.0    3350.00   .8679946E-09
 34.0    3360.00   .8688598E-09
 34.0    3370.00   .8621974E-09
 34.0    3380.00   .8969100E-09
 34.0    3390.00   .9078143E-09
 34.0    3400.00   .9453771E-09
 34.0    3410.00   .9690226E-09
 34.0    3420.00   .9826259E-09
 34.0    3430.00   .9961739E-09
 34.0    3440.00   .1022764E-08
 34.0    3450.00   .1055092E-08
 34.0    3460.00   .1062438E-08
 34.0    3470.00   .1115359E-08
 34.0    3480.00   .1146786E-08
 34.0    3490.00   .1185787E-08
 34.0    3500.00   .1274253E-08
 34.0    3510.00   .1383792E-08
 34.0    3520.00   .1437148E-08
 34.0    3530.00   .1535406E-08
 34.0    3540.00   .1619336E-08
 34.0    3550.00   .1658959E-08
 34.0    3560.00   .1720656E-08
 34.0    3570.00   .1738732E-08
 34.0    3580.00   .1745130E-08
 34.0    3590.00   .1743572E-08
 34.0    3600.00   .1718914E-08
 34.0    3610.00   .1715317E-08
 34.0    3620.00   .1675203E-08
 34.0    3630.00   .1675778E-08
 34.0    3640.00   .1732352E-08
 34.0    3650.00   .1840226E-08
 34.0    3660.00   .1929503E-08
 34.0    3670.00   .1945243E-08
 34.0    3680.00   .1927366E-08
 34.0    3690.00   .1848054E-08
 34.0    3700.00   .1708365E-08
 34.0    3710.00   .1567376E-08
 34.0    3720.00   .1449261E-08
 34.0    3730.00   .1359276E-08
 34.0    3740.00   .1329538E-08
 34.0    3750.00   .1280576E-08
 34.0    3760.00   .1215617E-08
 34.0    3770.00   .1188572E-08
 34.0    3780.00   .1181342E-08
 34.0    3790.00   .1171939E-08
 34.0    3800.00   .1154462E-08
 34.0    3810.00   .1205453E-08
 34.0    3820.00   .1307652E-08
 34.0    3830.00   .1436833E-08
 34.0    3840.00   .1592017E-08
 34.0    3850.00   .1787845E-08
 34.0    3860.00   .2007643E-08
 34.0    3870.00   .2243481E-08
 34.0    3880.00   .2435804E-08
 34.0    3890.00   .2656266E-08
 34.0    3900.00   .2848038E-08
 34.0    3910.00   .3017472E-08
 34.0    3920.00   .3128886E-08
 34.0    3930.00   .3177158E-08
 34.0    3940.00   .3193429E-08
 34.0    3950.00   .3195703E-08
 34.0    3960.00   .3139265E-08
 34.0    3970.00   .2969634E-08
 34.0    3980.00   .2818123E-08
 34.0    3990.00   .2649561E-08
 34.0    4000.00   .2512593E-08
 34.0    4010.00   .2437589E-08
 34.0    4020.00   .2408906E-08
 34.0    4030.00   .2407089E-08
 34.0    4040.00   .2472844E-08
 34.0    4050.00   .2525938E-08
 34.0    4060.00   .2604571E-08
 34.0    4070.00   .2673879E-08
 34.0    4080.00   .2716362E-08
 34.0    4090.00   .2673514E-08
 34.0    4100.00   .2684616E-08
 34.0    4110.00   .2670759E-08
 34.0    4120.00   .2682530E-08
 34.0    4130.00   .2703834E-08
 34.0    4140.00   .2744821E-08
 34.0    4150.00   .2779554E-08
 34.0    4160.00   .2811707E-08
 34.0    4170.00   .2837245E-08
 34.0    4180.00   .2855564E-08
 34.0    4190.00   .2879977E-08
 34.0    4200.00   .2863067E-08
 34.0    4210.00   .2847688E-08
 34.0    4220.00   .2796540E-08
 34.0    4230.00   .2730973E-08
 34.0    4240.00   .2665952E-08
 34.0    4250.00   .2627350E-08
 34.0    4260.00   .2564988E-08
 34.0    4270.00   .2547845E-08
 34.0    4280.00   .2482063E-08
 34.0    4290.00   .2413220E-08
 34.0    4300.00   .2328587E-08
 34.0    4310.00   .2256607E-08
 34.0    4320.00   .2183854E-08
 34.0    4330.00   .2129476E-08
 34.0    4340.00   .2097311E-08
 34.0    4350.00   .2058341E-08
 34.0    4360.00   .2004727E-08
 34.0    4370.00   .1950645E-08
 34.0    4380.00   .1917952E-08
 34.0    4390.00   .1893894E-08
 34.0    4400.00   .1874063E-08
 34.0    4410.00   .1901778E-08
 34.0    4420.00   .1933759E-08
 34.0    4430.00   .1970436E-08
 34.0    4440.00   .2051220E-08
 34.0    4450.00   .2144646E-08
 34.0    4460.00   .2235329E-08
 34.0    4470.00   .2332091E-08
 34.0    4480.00   .2438370E-08
 34.0    4490.00   .2573286E-08
 34.0    4500.00   .2715396E-08
 34.0    4510.00   .2850458E-08
 34.0    4520.00   .3007626E-08
 34.0    4530.00   .3143059E-08
 34.0    4540.00   .3274372E-08
 34.0    4550.00   .3389964E-08
 34.0    4560.00   .3506251E-08
 34.0    4570.00   .3614084E-08
 34.0    4580.00   .3676637E-08
 34.0    4590.00   .3728694E-08
 34.0    4600.00   .3756343E-08
 34.0    4610.00   .3755602E-08
 34.0    4620.00   .3731127E-08
 34.0    4630.00   .3668405E-08
 34.0    4640.00   .3554390E-08
 34.0    4650.00   .3409123E-08
 34.0    4660.00   .3213335E-08
 34.0    4670.00   .3025049E-08
 34.0    4680.00   .2822010E-08
 34.0    4690.00   .2693897E-08
 34.0    4700.00   .2613159E-08
 34.0    4710.00   .2516173E-08
 34.0    4720.00   .2411195E-08
 34.0    4730.00   .2336052E-08
 34.0    4740.00   .2279015E-08
 34.0    4750.00   .2196273E-08
 34.0    4760.00   .2135055E-08
 34.0    4770.00   .2130691E-08
 34.0    4780.00   .2141243E-08
 34.0    4790.00   .2164679E-08
 34.0    4800.00   .2168116E-08
 34.0    4810.00   .2178795E-08
 34.0    4820.00   .2190786E-08
 34.0    4830.00   .2173834E-08
 34.0    4840.00   .2126538E-08
 34.0    4850.00   .2065116E-08
 34.0    4860.00   .2034919E-08
 34.0    4870.00   .2045555E-08
 34.0    4880.00   .2054059E-08
 34.0    4890.00   .2100059E-08
 34.0    4900.00   .2203936E-08
 34.0    4910.00   .2302063E-08
 34.0    4920.00   .2399859E-08
 34.0    4930.00   .2476607E-08
 34.0    4940.00   .2504783E-08
 34.0    4950.00   .2505801E-08
 34.0    4960.00   .2476360E-08
 34.0    4970.00   .2423388E-08
 34.0    4980.00   .2341614E-08
 34.0    4990.00   .2261407E-08
 34.0    5000.00   .2194699E-08
 34.0    5010.00   .2151356E-08
 34.0    5020.00   .2130941E-08
 34.0    5030.00   .2143609E-08
 34.0    5040.00   .2178478E-08
 34.0    5050.00   .2213256E-08
 34.0    5060.00   .2250557E-08
 34.0    5070.00   .2311808E-08
 34.0    5080.00   .2364228E-08
 34.0    5090.00   .2407544E-08
 34.0    5100.00   .2443451E-08
 34.0    5110.00   .2511944E-08
 34.0    5120.00   .2566394E-08
 34.0    5130.00   .2618800E-08
 34.0    5140.00   .2674580E-08
 34.0    5150.00   .2745431E-08
 34.0    5160.00   .2821552E-08
 34.0    5170.00   .2884282E-08
 34.0    5180.00   .2939663E-08
 34.0    5190.00   .3003964E-08
 34.0    5200.00   .3054983E-08
 34.0    5210.00   .3106496E-08
 34.0    5220.00   .3162425E-08
 34.0    5230.00   .3179634E-08
 34.0    5240.00   .3152168E-08
 34.0    5250.00   .3116738E-08
 34.0    5260.00   .3057749E-08
 34.0    5270.00   .2999345E-08
 34.0    5280.00   .2935773E-08
 34.0    5290.00   .2849623E-08
 34.0    5300.00   .2771906E-08
 34.0    5310.00   .2709664E-08
 34.0    5320.00   .2685729E-08
 34.0    5330.00   .2660953E-08
 34.0    5340.00   .2642813E-08
 34.0    5350.00   .2633642E-08
 34.0    5360.00   .2628432E-08
 34.0    5370.00   .2623697E-08
 34.0    5380.00   .2604787E-08
 34.0    5390.00   .2589767E-08
 34.0    5400.00   .2585416E-08
 34.0    5410.00   .2574275E-08
 34.0    5420.00   .2542509E-08
 34.0    5430.00   .2494626E-08
 34.0    5440.00   .2445760E-08
 34.0    5450.00   .2398285E-08
 34.0    5460.00   .2353031E-08
 34.0    5470.00   .2298805E-08
 34.0    5480.00   .2251239E-08
 34.0    5490.00   .2233088E-08
 34.0    5500.00   .2211393E-08
 34.0    5510.00   .2203898E-08
 34.0    5520.00   .2218432E-08
 34.0    5530.00   .2252929E-08
 34.0    5540.00   .2286616E-08
 34.0    5550.00   .2309067E-08
 34.0    5560.00   .2312343E-08
 34.0    5570.00   .2323609E-08
 34.0    5580.00   .2327005E-08
 34.0    5590.00   .2283411E-08
 34.0    5600.00   .2237407E-08
 34.0    5610.00   .2206211E-08
 34.0    5620.00   .2170249E-08
 34.0    5630.00   .2124026E-08
 34.0    5640.00   .2079136E-08
 34.0    5650.00   .2041819E-08
 34.0    5660.00   .2001382E-08
 34.0    5670.00   .1962441E-08
 34.0    5680.00   .1923433E-08
 34.0    5690.00   .1886809E-08
 34.0    5700.00   .1859401E-08
 34.0    5710.00   .1823659E-08
 34.0    5720.00   .1787781E-08
 34.0    5730.00   .1769618E-08
 34.0    5740.00   .1737922E-08
 34.0    5750.00   .1723163E-08
 34.0    5760.00   .1733359E-08
 34.0    5770.00   .1739136E-08
 34.0    5780.00   .1766433E-08
 34.0    5790.00   .1807816E-08
 34.0    5800.00   .1841961E-08
 34.0    5810.00   .1899170E-08
 34.0    5820.00   .1970218E-08
 34.0    5830.00   .2036364E-08
 34.0    5840.00   .2103783E-08
 34.0    5850.00   .2153674E-08
 34.0    5860.00   .2206433E-08
 34.0    5870.00   .2256148E-08
 34.0    5880.00   .2276907E-08
 34.0    5890.00   .2242537E-08
 34.0    5900.00   .2211533E-08
 34.0    5910.00   .2211200E-08
 34.0    5920.00   .2205507E-08
 34.0    5930.00   .2178604E-08
 34.0    5940.00   .2132741E-08
 34.0    5950.00   .2087089E-08
 34.0    5960.00   .2033081E-08
 34.0    5970.00   .1987614E-08
 34.0    5980.00   .1944653E-08
 34.0    5990.00   .1908461E-08
 34.0    6000.00   .1876693E-08
 34.0    6010.00   .1844393E-08
 34.0    6020.00   .1791904E-08
 34.0    6030.00   .1724962E-08
 34.0    6040.00   .1659254E-08
 34.0    6050.00   .1564626E-08
 34.0    6060.00   .1434119E-08
 34.0    6070.00   .1287005E-08
 34.0    6080.00   .1169380E-08
 34.0    6090.00   .1057253E-08
 34.0    6100.00   .9636969E-09
 34.0    6110.00   .8742331E-09
 34.0    6120.00   .8065105E-09
 34.0    6130.00   .7742205E-09
 34.0    6140.00   .7576410E-09
 34.0    6150.00   .7594058E-09
 34.0    6160.00   .7832698E-09
 34.0    6170.00   .8349426E-09
 34.0    6180.00   .8870316E-09
 34.0    6190.00   .9468497E-09
 34.0    6200.00   .1025261E-08
 34.0    6210.00   .1124614E-08
 34.0    6220.00   .1195296E-08
 34.0    6230.00   .1264077E-08
 34.0    6240.00   .1330554E-08
 34.0    6250.00   .1400465E-08
 34.0    6260.00   .1468834E-08
 34.0    6270.00   .1522860E-08
 34.0    6280.00   .1550134E-08
 34.0    6290.00   .1593267E-08
 34.0    6300.00   .1642546E-08
 34.0    6310.00   .1675566E-08
 34.0    6320.00   .1679568E-08
 34.0    6330.00   .1692899E-08
 34.0    6340.00   .1703549E-08
 34.0    6350.00   .1718235E-08
 34.0    6360.00   .1717146E-08
 34.0    6370.00   .1718040E-08
 34.0    6380.00   .1723528E-08
 34.0    6390.00   .1723082E-08
 34.0    6400.00   .1720243E-08
 34.0    6410.00   .1716292E-08
 34.0    6420.00   .1707904E-08
 34.0    6430.00   .1706034E-08
 34.0    6440.00   .1710142E-08
 34.0    6450.00   .1692286E-08
 34.0    6460.00   .1682546E-08
 34.0    6470.00   .1683094E-08
 34.0    6480.00   .1673552E-08
 34.0    6490.00   .1656526E-08
 34.0    6500.00   .1650458E-08
 34.0    6510.00   .1639637E-08
 34.0    6520.00   .1624782E-08
 34.0    6530.00   .1599925E-08
 34.0    6540.00   .1568923E-08
 34.0    6550.00   .1550088E-08
 34.0    6560.00   .1511297E-08
 34.0    6570.00   .1485236E-08
 34.0    6580.00   .1450954E-08
 34.0    6590.00   .1431640E-08
 34.0    6600.00   .1390029E-08
 34.0    6610.00   .1350616E-08
 34.0    6620.00   .1315509E-08
 34.0    6630.00   .1283333E-08
 34.0    6640.00   .1240506E-08
 34.0    6650.00   .1209830E-08
 34.0    6660.00   .1189023E-08
 34.0    6670.00   .1161123E-08
 34.0    6680.00   .1134177E-08
 34.0    6690.00   .1097553E-08
 34.0    6700.00   .1062900E-08
 34.0    6710.00   .1031881E-08
 34.0    6720.00   .1018324E-08
 34.0    6730.00   .9944584E-09
 34.0    6740.00   .9743935E-09
 34.0    6750.00   .9547149E-09
 34.0    6760.00   .9276340E-09
 34.0    6770.00   .9213524E-09
 34.0    6780.00   .9001090E-09
 34.0    6790.00   .8856722E-09
 34.0    6800.00   .8809596E-09
 34.0    6810.00   .8739178E-09
 34.0    6820.00   .8652566E-09
 34.0    6830.00   .8538439E-09
 34.0    6840.00   .8265453E-09
 34.0    6850.00   .8283600E-09
 34.0    6860.00   .8077494E-09
 34.0    6870.00   .7620083E-09
 34.0    6880.00   .7844617E-09
 34.0    6890.00   .7790603E-09
 34.0    6900.00   .7781202E-09
 34.0    6910.00   .7874957E-09
 34.0    6920.00   .7878880E-09
 34.0    6930.00   .7941329E-09
 34.0    6940.00   .7875881E-09
 34.0    6950.00   .7884493E-09
 34.0    6960.00   .7710287E-09
 34.0    6970.00   .7704395E-09
 34.0    6980.00   .7614312E-09
 34.0    6990.00   .7601559E-09
 34.0    7000.00   .7512368E-09
 34.0    7010.00   .7428043E-09
 34.0    7020.00   .7433276E-09
 34.0    7030.00   .7417222E-09
 34.0    7040.00   .7364007E-09
 34.0    7050.00   .7352928E-09
 34.0    7060.00   .7335336E-09
 34.0    7070.00   .7276550E-09
 34.0    7080.00   .7249069E-09
 34.0    7090.00   .7298528E-09
 34.0    7100.00   .7293675E-09
 34.0    7110.00   .7281772E-09
 34.0    7120.00   .7290593E-09
 34.0    7130.00   .7212145E-09
 34.0    7140.00   .7181861E-09
 34.0    7150.00   .7211249E-09
 34.0    7160.00   .7046743E-09
 34.0    7170.00   .6966903E-09
 34.0    7180.00   .7080998E-09
 34.0    7190.00   .6920716E-09
 34.0    7200.00   .7055714E-09
 34.0    7210.00   .6917611E-09
 34.0    7220.00   .6945643E-09
 34.0    7230.00   .6810202E-09
 34.0    7240.00   .6760891E-09
 34.0    7250.00   .6865322E-09
 34.0    7260.00   .6951213E-09
 34.0    7270.00   .6739979E-09
 34.0    7280.00   .6882015E-09
 34.0    7290.00   .6786573E-09
 34.0    7300.00   .6658785E-09
 34.0    7310.00   .6653406E-09
 34.0    7320.00   .6530228E-09
 34.0    7330.00   .6407790E-09
 34.0    7340.00   .6187296E-09
 34.0    7350.00   .6108571E-09
 34.0    7360.00   .5814604E-09
 34.0    7370.00   .5686739E-09
 34.0    7380.00   .5604779E-09
 34.0    7390.00   .5428844E-09
 34.0    7400.00   .5446625E-09
 34.0    7410.00   .5152556E-09
 34.0    7420.00   .5146627E-09
 34.0    7430.00   .5158712E-09
 34.0    7440.00   .5060638E-09
 34.0    7450.00   .4905019E-09
 34.0    7460.00   .4709503E-09
 34.0    7470.00   .4400284E-09
 34.0    7480.00   .4222048E-09
 34.0    7490.00   .3920311E-09
 34.0    7500.00   .3886065E-09
 34.0    7510.00   .4034797E-09
 34.0    7520.00   .4184355E-09
 34.0    7530.00   .4239703E-09
 34.0    7540.00   .4211730E-09
 34.0    7550.00   .4264799E-09
 34.0    7560.00   .4237410E-09
 34.0    7570.00   .4274545E-09
 34.0    7580.00   .4391517E-09
 34.0    7590.00   .4205826E-09
 34.0    7600.00   .4162694E-09
 34.0    7610.00   .4590120E-09
 34.0    7620.00   .4361360E-09
 34.0    7630.00   .4504604E-09
 34.0    7640.00   .4511691E-09
 34.0    7650.00   .4385341E-09
 34.0    7660.00   .4440826E-09
 34.0    7670.00   .4406393E-09
 34.0    7680.00   .4409682E-09
 34.0    7690.00   .4461272E-09
 34.0    7700.00   .4523807E-09
 34.0    7710.00   .4530239E-09
 34.0    7720.00   .4501676E-09
 34.0    7730.00   .4477838E-09
 34.0    7740.00   .4380245E-09
 34.0    7750.00   .4645485E-09
 34.0    7760.00   .4700612E-09
 34.0    7770.00   .4737308E-09
 34.0    7780.00   .4827669E-09
 34.0    7790.00   .4844847E-09
 34.0    7800.00   .4895481E-09
 34.0    7810.00   .5084793E-09
 34.0    7820.00   .5013893E-09
 34.0    7830.00   .5114139E-09
 34.0    7840.00   .5110912E-09
 34.0    7850.00   .5146265E-09
 34.0    7860.00   .5222239E-09
 34.0    7870.00   .5183915E-09
 34.0    7880.00   .5139199E-09
 34.0    7890.00   .5212251E-09
 34.0    7900.00   .5118459E-09
 34.0    7910.00   .5111574E-09
 34.0    7920.00   .4953148E-09
 34.0    7930.00   .4869263E-09
 34.0    7940.00   .4837404E-09
 34.0    7950.00   .4576138E-09
 34.0    7960.00   .4555371E-09
 34.0    7970.00   .4491933E-09
 34.0    7980.00   .4391765E-09
 34.0    7990.00   .4323022E-09
 34.0    8000.00   .4249798E-09
 34.0    8010.00   .4276220E-09
 34.0    8020.00   .4082732E-09
 34.0    8030.00   .4098556E-09
 34.0    8040.00   .3995336E-09
 34.0    8050.00   .3972866E-09
 34.0    8060.00   .3860480E-09
 34.0    8070.00   .3868327E-09
 34.0    8080.00   .3792795E-09
 34.0    8090.00   .3913799E-09
 34.0    8100.00   .3861356E-09
 34.0    8110.00   .3770284E-09
 34.0    8120.00   .3771190E-09
 34.0    8130.00   .3589521E-09
 34.0    8140.00   .3630310E-09
 34.0    8150.00   .3547063E-09
 34.0    8160.00   .3306901E-09
 34.0    8170.00   .3305753E-09
 34.0    8180.00   .2945865E-09
 34.0    8190.00   .2622367E-09
 34.0    8200.00   .2553474E-09
 34.0    8210.00   .2375770E-09
 34.0    8220.00   .2317143E-09
 34.0    8230.00   .2203689E-09
 34.0    8240.00   .2202948E-09
 34.0    8250.00   .2295617E-09
 34.0    8260.00   .2287182E-09
 34.0    8270.00   .2349864E-09
 34.0    8280.00   .2305828E-09
 34.0    8290.00   .2354840E-09
 34.0    8300.00   .2480086E-09
 34.0    8310.00   .2548129E-09
 34.0    8320.00   .2619979E-09
 34.0    8330.00   .2707793E-09
 34.0    8340.00   .2785125E-09
 34.0    8350.00   .2758704E-09
 34.0    8360.00   .2747681E-09
 34.0    8370.00   .2802839E-09
 34.0    8380.00   .2754059E-09
 34.0    8390.00   .2934919E-09
 34.0    8400.00   .3015063E-09
 34.0    8410.00   .3053574E-09
 34.0    8420.00   .3262455E-09
 34.0    8430.00   .3519579E-09
 34.0    8440.00   .3868072E-09
 34.0    8450.00   .4229111E-09
 34.0    8460.00   .4587177E-09
 34.0    8470.00   .4670990E-09
 34.0    8480.00   .4892028E-09
 34.0    8490.00   .5132251E-09
 34.0    8500.00   .5425272E-09
 34.0    8510.00   .5506366E-09
 34.0    8520.00   .5590880E-09
 34.0    8530.00   .5563887E-09
 34.0    8540.00   .5750941E-09
 34.0    8550.00   .5666249E-09
 34.0    8560.00   .5793959E-09
 34.0    8570.00   .5820334E-09
 34.0    8580.00   .5793927E-09
 34.0    8590.00   .6107723E-09
 34.0    8600.00   .6214070E-09
 34.0    8610.00   .6262766E-09
 34.0    8620.00   .6340183E-09
 34.0    8630.00   .6312089E-09
 34.0    8640.00   .6290345E-09
 34.0    8650.00   .6297011E-09
 34.0    8660.00   .6296309E-09
 34.0    8670.00   .6267402E-09
 34.0    8680.00   .6149786E-09
 34.0    8690.00   .6106588E-09
 34.0    8700.00   .6176600E-09
 34.0    8710.00   .6103041E-09
 34.0    8720.00   .6100545E-09
 34.0    8730.00   .6135983E-09
 34.0    8740.00   .6081887E-09
 34.0    8750.00   .6012646E-09
 34.0    8760.00   .5940509E-09
 34.0    8770.00   .5879574E-09
 34.0    8780.00   .5770895E-09
 34.0    8790.00   .5746405E-09
 34.0    8800.00   .5695299E-09
 34.0    8810.00   .5839580E-09
 34.0    8820.00   .5743924E-09
 34.0    8830.00   .5495551E-09
 34.0    8840.00   .5523640E-09
 34.0    8850.00   .5452811E-09
 34.0    8860.00   .5354566E-09
 34.0    8870.00   .5107205E-09
 34.0    8880.00   .4839722E-09
 34.0    8890.00   .4787652E-09
 34.0    8900.00   .4646602E-09
 34.0    8910.00   .4543732E-09
 34.0    8920.00   .4396775E-09
 34.0    8930.00   .4403456E-09
 34.0    8940.00   .4468115E-09
 34.0    8950.00   .4242726E-09
 34.0    8960.00   .4145289E-09
 34.0    8970.00   .4273859E-09
 34.0    8980.00   .4227864E-09
 34.0    8990.00   .4190176E-09
 34.0    9000.00   .4118323E-09
 34.0    9010.00   .4160413E-09
 34.0    9020.00   .4047349E-09
 34.0    9030.00   .4002940E-09
 34.0    9040.00   .3932781E-09
 34.0    9050.00   .3870205E-09
 34.0    9060.00   .3746139E-09
 34.0    9070.00   .3615783E-09
 34.0    9080.00   .3515850E-09
 34.0    9090.00   .3455525E-09
 34.0    9100.00   .3607091E-09
 34.0    9110.00   .3556132E-09
 34.0    9120.00   .3288228E-09
 34.0    9130.00   .3273996E-09
 34.0    9140.00   .3312461E-09
 34.0    9150.00   .3192144E-09
 34.0    9160.00   .3220126E-09
 34.0    9170.00   .3031138E-09
 34.0    9180.00   .3078365E-09
 34.0    9190.00   .3097498E-09
 34.0    9200.00   .2800945E-09
 34.0    9210.00   .2791977E-09
 34.0    9220.00   .2838351E-09
 34.0    9230.00   .2799764E-09
 34.0    9240.00   .2753133E-09
 34.0    9250.00   .2822719E-09
 34.0    9260.00   .2742628E-09
 34.0    9270.00   .2655504E-09
 34.0    9280.00   .2552586E-09
 34.0    9290.00   .2480205E-09
 34.0    9300.00   .2440960E-09
 34.0    9310.00   .2222202E-09
 34.0    9320.00   .2015049E-09
 34.0    9330.00   .2036433E-09
 34.0    9340.00   .2155841E-09
 34.0    9350.00   .2081092E-09
 34.0    9360.00   .2043490E-09
 34.0    9370.00   .1968907E-09
 34.0    9380.00   .2101505E-09
 34.0    9390.00   .2216026E-09
 34.0    9400.00   .2131957E-09
 34.0    9410.00   .2235667E-09
 34.0    9420.00   .1853931E-09
 34.0    9430.00   .1939973E-09
 34.0    9440.00   .2027791E-09
 34.0    9450.00   .1802612E-09
 34.0    9460.00   .1974429E-09
 34.0    9470.00   .2075142E-09
 34.0    9480.00   .1845091E-09
 34.0    9490.00   .1818068E-09
 34.0    9500.00   .1963247E-09
 34.0    9510.00   .1679060E-09
 34.0    9520.00   .1624105E-09
 34.0    9530.00   .1729311E-09
 34.0    9540.00   .1786543E-09
 34.0    9550.00   .1727530E-09
 34.0    9560.00   .1863391E-09
 34.0    9570.00   .1849003E-09
 34.0    9580.00   .1611211E-09
 34.0    9590.00   .1764348E-09
 34.0    9600.00   .1912636E-09
 34.0    9610.00   .1652912E-09
 34.0    9620.00   .1825040E-09
 34.0    9630.00   .1701261E-09
 34.0    9640.00   .1602427E-09
 34.0    9650.00   .1853698E-09
 34.0    9660.00   .1769652E-09
 34.0    9670.00   .1794651E-09
 34.0    9680.00   .1802458E-09
 34.0    9690.00   .1777848E-09
 34.0    9700.00   .1717060E-09
 34.0    9710.00   .1892986E-09
 34.0    9720.00   .1651467E-09
 34.0    9730.00   .1611447E-09
 34.0    9740.00   .1446500E-09
 34.0    9750.00   .1528448E-09
 34.0    9760.00   .1518845E-09
 34.0    9770.00   .1516453E-09
 34.0    9780.00   .1476707E-09
 34.0    9790.00   .1446330E-09
 34.0    9800.00   .1409748E-09
 34.0    9810.00   .1394786E-09
 34.0    9820.00   .1364787E-09
 34.0    9830.00   .1340803E-09
 34.0    9840.00   .1334849E-09
 34.0    9850.00   .1323399E-09
 34.0    9860.00   .1316317E-09
 34.0    9870.00   .1294319E-09
 34.0    9880.00   .1295473E-09
 34.0    9890.00   .1294375E-09
 34.0    9900.00   .1275530E-09
 34.0    9910.00   .1271420E-09
 34.0    9920.00   .1260573E-09
 34.0    9930.00   .1226149E-09
 34.0    9940.00   .1231436E-09
 34.0    9950.00   .1228715E-09
 34.0    9960.00   .1203180E-09
 34.0    9970.00   .1179888E-09
 34.0    9980.00   .1174382E-09
 34.0    9990.00   .1175705E-09
 34.0   10000.00   .1165750E-09
 34.0   10010.00   .1161123E-09
 34.0   10020.00   .1156499E-09
 34.0   10030.00   .1151875E-09
 34.0   10040.00   .1147252E-09
 34.0   10050.00   .1142630E-09
 34.0   10060.00   .1138008E-09
 34.0   10070.00   .1133387E-09
 34.0   10080.00   .1128767E-09
 34.0   10090.00   .1124148E-09
 34.0   10100.00   .1119529E-09
 34.0   10110.00   .1114912E-09
 34.0   10120.00   .1110294E-09
 34.0   10130.00   .1105677E-09
 34.0   10140.00   .1101061E-09
 34.0   10150.00   .1096444E-09
 34.0   10160.00   .1091828E-09
 34.0   10170.00   .1087212E-09
 34.0   10180.00   .1082596E-09
 34.0   10190.00   .1077981E-09
 34.0   10200.00   .1073366E-09
 34.0   10210.00   .1068752E-09
 34.0   10220.00   .1064136E-09
 34.0   10230.00   .1059522E-09
 34.0   10240.00   .1054908E-09
 34.0   10250.00   .1050292E-09
 34.0   10260.00   .1045678E-09
 34.0   10270.00   .1041063E-09
 34.0   10280.00   .1036447E-09
 34.0   10290.00   .1031832E-09
 34.0   10300.00   .1027217E-09
 34.0   10310.00   .1022600E-09
 34.0   10320.00   .1017984E-09
 34.0   10330.00   .1013368E-09
 34.0   10340.00   .1008751E-09
 34.0   10350.00   .1004133E-09
 34.0   10360.00   .9995164E-10
 34.0   10370.00   .9948976E-10
 34.0   10380.00   .9902792E-10
 34.0   10390.00   .9856591E-10
 34.0   10400.00   .9810406E-10
 34.0   10410.00   .9764198E-10
 34.0   10420.00   .9717981E-10
 34.0   10430.00   .9671767E-10
 34.0   10440.00   .9625545E-10
 34.0   10450.00   .9579320E-10
 34.0   10460.00   .9533079E-10
 34.0   10470.00   .9486842E-10
 34.0   10480.00   .9440593E-10
 34.0   10490.00   .9394349E-10
 34.0   10500.00   .9348086E-10
 34.0   10510.00   .9301824E-10
 34.0   10520.00   .9255563E-10
 34.0   10530.00   .9209297E-10
 34.0   10540.00   .9163022E-10
 34.0   10550.00   .9116751E-10
 34.0   10560.00   .9070473E-10
 34.0   10570.00   .9024190E-10
 34.0   10580.00   .8977901E-10
 34.0   10590.00   .8931621E-10
 34.0   10600.00   .8885336E-10
 34.0   10610.00   .8839037E-10
 34.0   10620.00   .8792749E-10
 34.0   10630.00   .8746461E-10
 34.0   10640.00   .8700162E-10
 34.0   10650.00   .8653870E-10
 34.0   10660.00   .8607577E-10
 34.0   10670.00   .8561275E-10
 34.0   10680.00   .8514977E-10
 34.0   10690.00   .8468686E-10
 34.0   10700.00   .8422388E-10
 34.0   10710.00   .8376089E-10
 34.0   10720.00   .8329802E-10
 34.0   10730.00   .8283507E-10
 34.0   10740.00   .8237215E-10
 34.0   10750.00   .8190922E-10
 34.0   10760.00   .8144629E-10
 34.0   10770.00   .8098340E-10
 34.0   10780.00   .8052055E-10
 34.0   10790.00   .8005765E-10
 34.0   10800.00   .7959483E-10
 34.0   10810.00   .7913200E-10
 34.0   10820.00   .7866909E-10
 34.0   10830.00   .7820642E-10
 34.0   10840.00   .7774368E-10
 34.0   10850.00   .7728101E-10
 34.0   10860.00   .7681836E-10
 34.0   10870.00   .7635567E-10
 34.0   10880.00   .7589305E-10
 34.0   10890.00   .7543053E-10
 34.0   10900.00   .7496789E-10
 34.0   10910.00   .7450547E-10
 34.0   10920.00   .7404295E-10
 34.0   10930.00   .7358055E-10
 34.0   10940.00   .7311819E-10
 34.0   10950.00   .7265585E-10
 34.0   10960.00   .7219358E-10
 34.0   10970.00   .7173126E-10
 34.0   10980.00   .7126907E-10
 34.0   10990.00   .7080698E-10
 34.0   11000.00   .7034483E-10
 34.0   11010.00   .6988283E-10
 34.0   11020.00   .6942077E-10
 34.0   11030.00   .6895886E-10
 34.0   11040.00   .6849700E-10
 34.0   11050.00   .6803512E-10
 34.0   11060.00   .6757333E-10
 34.0   11070.00   .6711157E-10
 34.0   11080.00   .6664990E-10
 34.0   11090.00   .6618825E-10
 34.0   11100.00   .6572670E-10
 34.0   11110.00   .6526516E-10
 34.0   11120.00   .6480374E-10
 34.0   11130.00   .6434241E-10
 34.0   11140.00   .6388101E-10
 34.0   11150.00   .6341975E-10
 34.0   11160.00   .6295860E-10
 34.0   11170.00   .6249744E-10
 34.0   11180.00   .6203635E-10
 34.0   11190.00   .6157531E-10
 34.0   11200.00   .6111437E-10
 34.0   11210.00   .6065357E-10
 34.0   11220.00   .6019272E-10
 34.0   11230.00   .5973194E-10
 34.0   11240.00   .5927125E-10
 34.0   11250.00   .5881061E-10
 34.0   11260.00   .5835007E-10
 34.0   11270.00   .5788954E-10
 34.0   11280.00   .5742913E-10
 34.0   11290.00   .5696876E-10
 34.0   11300.00   .5650843E-10
 34.0   11310.00   .5647381E-10
 34.0   11320.00   .5643950E-10
 34.0   11330.00   .5640551E-10
 34.0   11340.00   .5637190E-10
 34.0   11350.00   .5633852E-10
 34.0   11360.00   .5630547E-10
 34.0   11370.00   .5627279E-10
 34.0   11380.00   .5624047E-10
 34.0   11390.00   .5620847E-10
 34.0   11400.00   .5617680E-10
 34.0   11410.00   .5614551E-10
 34.0   11420.00   .5611444E-10
 34.0   11430.00   .5608383E-10
 34.0   11440.00   .5605353E-10
 34.0   11450.00   .5602361E-10
 34.0   11460.00   .5599411E-10
 34.0   11470.00   .5596488E-10
 34.0   11480.00   .5593606E-10
 34.0   11490.00   .5590758E-10
 34.0   11500.00   .5587952E-10
 34.0   11510.00   .5585179E-10
 34.0   11520.00   .5582443E-10
 34.0   11530.00   .5579755E-10
 34.0   11540.00   .5577095E-10
 34.0   11550.00   .5574484E-10
 34.0   11560.00   .5571905E-10
 34.0   11570.00   .5569365E-10
 34.0   11580.00   .5566866E-10
 34.0   11590.00   .5564403E-10
 34.0   11600.00   .5561986E-10
 34.0   11610.00   .5559615E-10
 34.0   11620.00   .5557277E-10
 34.0   11630.00   .5554983E-10
 34.0   11640.00   .5552731E-10
 34.0   11650.00   .5550520E-10
 34.0   11660.00   .5548358E-10
 34.0   11670.00   .5546226E-10
 34.0   11680.00   .5544145E-10
 34.0   11690.00   .5542104E-10
 34.0   11700.00   .5540113E-10
 34.0   11710.00   .5538167E-10
 34.0   11720.00   .5536257E-10
 34.0   11730.00   .5534398E-10
 34.0   11740.00   .5532583E-10
 34.0   11750.00   .5530810E-10
 34.0   11760.00   .5529084E-10
 34.0   11770.00   .5527413E-10
 34.0   11780.00   .5525776E-10
 34.0   11790.00   .5524197E-10
 34.0   11800.00   .5522656E-10
 34.0   11810.00   .5521172E-10
 34.0   11820.00   .5519725E-10
 34.0   11830.00   .5518331E-10
 34.0   11840.00   .5516982E-10
 34.0   11850.00   .5515685E-10
 34.0   11860.00   .5514447E-10
 34.0   11870.00   .5513245E-10
 34.0   11880.00   .5512098E-10
 34.0   11890.00   .5511001E-10
 34.0   11900.00   .5509950E-10
 34.0   11910.00   .5508956E-10
 34.0   11920.00   .5508017E-10
 34.0   11930.00   .5507119E-10
 34.0   11940.00   .5506280E-10
 34.0   11950.00   .5505488E-10
 34.0   11960.00   .5504753E-10
 34.0   11970.00   .5504071E-10
 34.0   11980.00   .5503441E-10
 34.0   11990.00   .5502865E-10
 34.0   12000.00   .5502344E-10
 34.0   12010.00   .5501882E-10
 34.0   12020.00   .5501465E-10
 34.0   12030.00   .5501112E-10
 34.0   12040.00   .5500813E-10
 34.0   12050.00   .5500565E-10
 34.0   12060.00   .5500373E-10
 34.0   12070.00   .5500249E-10
 34.0   12080.00   .5500169E-10
 34.0   12090.00   .5500155E-10
 34.0   12100.00   .5500198E-10
 34.0   12110.00   .5500295E-10
 34.0   12120.00   .5500448E-10
 34.0   12130.00   .5500664E-10
 34.0   12140.00   .5500942E-10
 34.0   12150.00   .5501273E-10
 34.0   12160.00   .5501676E-10
 34.0   12170.00   .5502130E-10
 34.0   12180.00   .5502646E-10
 34.0   12190.00   .5503227E-10
 34.0   12200.00   .5503864E-10
 34.0   12210.00   .5504566E-10
 34.0   12220.00   .5505327E-10
 34.0   12230.00   .5506156E-10
 34.0   12240.00   .5507047E-10
 34.0   12250.00   .5507998E-10
 34.0   12260.00   .5509019E-10
 34.0   12270.00   .5510098E-10
 34.0   12280.00   .5511253E-10
 34.0   12290.00   .5512461E-10
 34.0   12300.00   .5513742E-10
 34.0   12310.00   .5515082E-10
 34.0   12320.00   .5516500E-10
 34.0   12330.00   .5517974E-10
 34.0   12340.00   .5519517E-10
 34.0   12350.00   .5521128E-10
 34.0   12360.00   .5522813E-10
 34.0   12370.00   .5524558E-10
 34.0   12380.00   .5526377E-10
 34.0   12390.00   .5528267E-10
 34.0   12400.00   .5530219E-10
 34.0   12410.00   .5532253E-10
 34.0   12420.00   .5534348E-10
 34.0   12430.00   .5536519E-10
 34.0   12440.00   .5538758E-10
 34.0   12450.00   .5541075E-10
 34.0   12460.00   .5543458E-10
 34.0   12470.00   .5545913E-10
 34.0   12480.00   .5548444E-10
 34.0   12490.00   .5551055E-10
 34.0   12500.00   .5553732E-10
 34.0   12510.00   .5557726E-10
 34.0   12520.00   .5561800E-10
 34.0   12530.00   .5565952E-10
 34.0   12540.00   .5570176E-10
 34.0   12550.00   .5574477E-10
 34.0   12560.00   .5578851E-10
 34.0   12570.00   .5583310E-10
 34.0   12580.00   .5587836E-10
 34.0   12590.00   .5592445E-10
 34.0   12600.00   .5597133E-10
 34.0   12610.00   .5601899E-10
 34.0   12620.00   .5606745E-10
 34.0   12630.00   .5611672E-10
 34.0   12640.00   .5616682E-10
 34.0   12650.00   .5621767E-10
 34.0   12660.00   .5626941E-10
 34.0   12670.00   .5632188E-10
 34.0   12680.00   .5637526E-10
 34.0   12690.00   .5642938E-10
 34.0   12700.00   .5648445E-10
 34.0   12710.00   .5654028E-10
 34.0   12720.00   .5659702E-10
 34.0   12730.00   .5665458E-10
 34.0   12740.00   .5671301E-10
 34.0   12750.00   .5677237E-10
 34.0   12760.00   .5683247E-10
 34.0   12770.00   .5689356E-10
 34.0   12780.00   .5695549E-10
 34.0   12790.00   .5701830E-10
 34.0   12800.00   .5708204E-10
 34.0   12810.00   .5714661E-10
 34.0   12820.00   .5721219E-10
 34.0   12830.00   .5727857E-10
 34.0   12840.00   .5734594E-10
 34.0   12850.00   .5741425E-10
 34.0   12860.00   .5748343E-10
 34.0   12870.00   .5755358E-10
 34.0   12880.00   .5762466E-10
 34.0   12890.00   .5769664E-10
 34.0   12900.00   .5776949E-10
 34.0   12910.00   .5784334E-10
 34.0   12920.00   .5791803E-10
 34.0   12930.00   .5799367E-10
 34.0   12940.00   .5807025E-10
 34.0   12950.00   .5814764E-10
 34.0   12960.00   .5822594E-10
 34.0   12970.00   .5830520E-10
 34.0   12980.00   .5838528E-10
 34.0   12990.00   .5846629E-10
 34.0   13000.00   .5854823E-10
 34.0   13010.00   .5863099E-10
 34.0   13020.00   .5871462E-10
 34.0   13030.00   .5879919E-10
 34.0   13040.00   .5888465E-10
 34.0   13050.00   .5897095E-10
 34.0   13060.00   .5905814E-10
 34.0   13070.00   .5914619E-10
 34.0   13080.00   .5923505E-10
 34.0   13090.00   .5932489E-10
 34.0   13100.00   .5941558E-10
 34.0   13110.00   .5950702E-10
 34.0   13120.00   .5959935E-10
 34.0   13130.00   .5969257E-10
 34.0   13140.00   .5978666E-10
 34.0   13150.00   .5988156E-10
 34.0   13160.00   .5997732E-10
 34.0   13170.00   .6007390E-10
 34.0   13180.00   .6017136E-10
 34.0   13190.00   .6026966E-10
 34.0   13200.00   .6036871E-10
 34.0   13210.00   .6046872E-10
 34.0   13220.00   .6056947E-10
 34.0   13230.00   .6067108E-10
 34.0   13240.00   .6077354E-10
 34.0   13250.00   .6087677E-10
 34.0   13260.00   .6098085E-10
 34.0   13270.00   .6108579E-10
 34.0   13280.00   .6119143E-10
 34.0   13290.00   .6129799E-10
 34.0   13300.00   .6140526E-10
 34.0   13310.00   .6151343E-10
 34.0   13320.00   .6162233E-10
 34.0   13330.00   .6173208E-10
 34.0   13340.00   .6184259E-10
 34.0   13350.00   .6195392E-10
 34.0   13360.00   .6206599E-10
 34.0   13370.00   .6217891E-10
 34.0   13380.00   .6229267E-10
 34.0   13390.00   .6240710E-10
 34.0   13400.00   .6252234E-10
 34.0   13410.00   .6263832E-10
 34.0   13420.00   .6275509E-10
 34.0   13430.00   .6287271E-10
 34.0   13440.00   .6299105E-10
 34.0   13450.00   .6311019E-10
 34.0   13460.00   .6323002E-10
 34.0   13470.00   .6335066E-10
 34.0   13480.00   .6347202E-10
 34.0   13490.00   .6359413E-10
 34.0   13500.00   .6371704E-10
 34.0   13510.00   .6384068E-10
 34.0   13520.00   .6396510E-10
 34.0   13530.00   .6409018E-10
 34.0   13540.00   .6421603E-10
 34.0   13550.00   .6434262E-10
 34.0   13560.00   .6447001E-10
 34.0   13570.00   .6459802E-10
 34.0   13580.00   .6472684E-10
 34.0   13590.00   .6485628E-10
 34.0   13600.00   .6498652E-10
 34.0   13610.00   .6511748E-10
 34.0   13620.00   .6524913E-10
 34.0   13630.00   .6538148E-10
 34.0   13640.00   .6551456E-10
 34.0   13650.00   .6564831E-10
 34.0   13660.00   .6578279E-10
 34.0   13670.00   .6591798E-10
 34.0   13680.00   .6605377E-10
 34.0   13690.00   .6619030E-10
 34.0   13700.00   .6632754E-10
 34.0   13710.00   .6615702E-10
 34.0   13720.00   .6598585E-10
 34.0   13730.00   .6581392E-10
 34.0   13740.00   .6564129E-10
 34.0   13750.00   .6546795E-10
 34.0   13760.00   .6529388E-10
 34.0   13770.00   .6511902E-10
 34.0   13780.00   .6494338E-10
 34.0   13790.00   .6476705E-10
 34.0   13800.00   .6458986E-10
 34.0   13810.00   .6441184E-10
 34.0   13820.00   .6423308E-10
 34.0   13830.00   .6405344E-10
 34.0   13840.00   .6387300E-10
 34.0   13850.00   .6369165E-10
 34.0   13860.00   .6350934E-10
 34.0   13870.00   .6332620E-10
 34.0   13880.00   .6314221E-10
 34.0   13890.00   .6295733E-10
 34.0   13900.00   .6277150E-10
 34.0   13910.00   .6258471E-10
 34.0   13920.00   .6239685E-10
 34.0   13930.00   .6220815E-10
 34.0   13940.00   .6201843E-10
 34.0   13950.00   .6182772E-10
 34.0   13960.00   .6163604E-10
 34.0   13970.00   .6144327E-10
 34.0   13980.00   .6124956E-10
 34.0   13990.00   .6105468E-10
 34.0   14000.00   .6085882E-10
 34.0   14010.00   .6066194E-10
 34.0   14020.00   .6046380E-10
 34.0   14030.00   .6026475E-10
 34.0   14040.00   .6006447E-10
 34.0   14050.00   .5986316E-10
 34.0   14060.00   .5966061E-10
 34.0   14070.00   .5945694E-10
 34.0   14080.00   .5925212E-10
 34.0   14090.00   .5904608E-10
 34.0   14100.00   .5883896E-10
 34.0   14110.00   .5863062E-10
 34.0   14120.00   .5842110E-10
 34.0   14130.00   .5821025E-10
 34.0   14140.00   .5799827E-10
 34.0   14150.00   .5778493E-10
 34.0   14160.00   .5757039E-10
 34.0   14170.00   .5735470E-10
 34.0   14180.00   .5713754E-10
 34.0   14190.00   .5691923E-10
 34.0   14200.00   .5669955E-10
 34.0   14210.00   .5647862E-10
 34.0   14220.00   .5625624E-10
 34.0   14230.00   .5603263E-10
 34.0   14240.00   .5580764E-10
 34.0   14250.00   .5558127E-10
 34.0   14260.00   .5535364E-10
 34.0   14270.00   .5512445E-10
 34.0   14280.00   .5489402E-10
 34.0   14290.00   .5466212E-10
 34.0   14300.00   .5442883E-10
 34.0   14310.00   .5419406E-10
 34.0   14320.00   .5395790E-10
 34.0   14330.00   .5372032E-10
 34.0   14340.00   .5348122E-10
 34.0   14350.00   .5324073E-10
 34.0   14360.00   .5299870E-10
 34.0   14370.00   .5275522E-10
 34.0   14380.00   .5251024E-10
 34.0   14390.00   .5226371E-10
 34.0   14400.00   .5201573E-10
 34.0   14410.00   .5176618E-10
 34.0   14420.00   .5151514E-10
 34.0   14430.00   .5126251E-10
 34.0   14440.00   .5100832E-10
 34.0   14450.00   .5075259E-10
 34.0   14460.00   .5049527E-10
 34.0   14470.00   .5023637E-10
 34.0   14480.00   .4997589E-10
 34.0   14490.00   .4971381E-10
 34.0   14500.00   .4945011E-10
 34.0   14510.00   .4918479E-10
 34.0   14520.00   .4891784E-10
 34.0   14530.00   .4864930E-10
 34.0   14540.00   .4837905E-10
 34.0   14550.00   .4810717E-10
 34.0   14560.00   .4783364E-10
 34.0   14570.00   .4755843E-10
 34.0   14580.00   .4728153E-10
 34.0   14590.00   .4700298E-10
 34.0   14600.00   .4672270E-10
 34.0   14610.00   .4644073E-10
 34.0   14620.00   .4615707E-10
 34.0   14630.00   .4587167E-10
 34.0   14640.00   .4558456E-10
 34.0   14650.00   .4529571E-10
 34.0   14660.00   .4500512E-10
 34.0   14670.00   .4471279E-10
 34.0   14680.00   .4441871E-10
 34.0   14690.00   .4412286E-10
 34.0   14700.00   .4382526E-10
 34.0   14710.00   .4352587E-10
 34.0   14720.00   .4322469E-10
 34.0   14730.00   .4292173E-10
 34.0   14740.00   .4261699E-10
 34.0   14750.00   .4231046E-10
 34.0   14760.00   .4200210E-10
 34.0   14770.00   .4169194E-10
 34.0   14780.00   .4137999E-10
 34.0   14790.00   .4106617E-10
 34.0   14800.00   .4075055E-10
 34.0   14810.00   .4043309E-10
 34.0   14820.00   .4011380E-10
 34.0   14830.00   .3979265E-10
 34.0   14840.00   .3946968E-10
 34.0   14850.00   .3914482E-10
 34.0   14860.00   .3881813E-10
 34.0   14870.00   .3848958E-10
 34.0   14880.00   .3815917E-10
 34.0   14890.00   .3782690E-10
 34.0   14900.00   .3749274E-10
 34.0   14910.00   .3715673E-10
 34.0   14920.00   .3681883E-10
 34.0   14930.00   .3647907E-10
 34.0   14940.00   .3613740E-10
 34.0   14950.00   .3579388E-10
 34.0   14960.00   .3544847E-10
 34.0   14970.00   .3510117E-10
 34.0   14980.00   .3475196E-10
 34.0   14990.00   .3440086E-10
 34.0   15000.00   .3404787E-10
 34.0   15010.00   .3411180E-10
 34.0   15020.00   .3417571E-10
 34.0   15030.00   .3423959E-10
 34.0   15040.00   .3430347E-10
 34.0   15050.00   .3436730E-10
 34.0   15060.00   .3443111E-10
 34.0   15070.00   .3449491E-10
 34.0   15080.00   .3455868E-10
 34.0   15090.00   .3462240E-10
 34.0   15100.00   .3468611E-10
 34.0   15110.00   .3474979E-10
 34.0   15120.00   .3481343E-10
 34.0   15130.00   .3487704E-10
 34.0   15140.00   .3494059E-10
 34.0   15150.00   .3500413E-10
 34.0   15160.00   .3506761E-10
 34.0   15170.00   .3513105E-10
 34.0   15180.00   .3519442E-10
 34.0   15190.00   .3525780E-10
 34.0   15200.00   .3532109E-10
 34.0   15210.00   .3538434E-10
 34.0   15220.00   .3544755E-10
 34.0   15230.00   .3551069E-10
 34.0   15240.00   .3557380E-10
 34.0   15250.00   .3563683E-10
 34.0   15260.00   .3569979E-10
 34.0   15270.00   .3576271E-10
 34.0   15280.00   .3582556E-10
 34.0   15290.00   .3588832E-10
 34.0   15300.00   .3595105E-10
 34.0   15310.00   .3601371E-10
 34.0   15320.00   .3607628E-10
 34.0   15330.00   .3613879E-10
 34.0   15340.00   .3620121E-10
 34.0   15350.00   .3626357E-10
 34.0   15360.00   .3632586E-10
 34.0   15370.00   .3638805E-10
 34.0   15380.00   .3645016E-10
 34.0   15390.00   .3651217E-10
 34.0   15400.00   .3657413E-10
 34.0   15410.00   .3663598E-10
 34.0   15420.00   .3669774E-10
 34.0   15430.00   .3675943E-10
 34.0   15440.00   .3682102E-10
 34.0   15450.00   .3688248E-10
 34.0   15460.00   .3694386E-10
 34.0   15470.00   .3700517E-10
 34.0   15480.00   .3706635E-10
 34.0   15490.00   .3712744E-10
 34.0   15500.00   .3718840E-10
 34.0   15510.00   .3724926E-10
 34.0   15520.00   .3731003E-10
 34.0   15530.00   .3737066E-10
 34.0   15540.00   .3743120E-10
 34.0   15550.00   .3749160E-10
 34.0   15560.00   .3755190E-10
 34.0   15570.00   .3761208E-10
 34.0   15580.00   .3767214E-10
 34.0   15590.00   .3773205E-10
 34.0   15600.00   .3779186E-10
 34.0   15610.00   .3785154E-10
 34.0   15620.00   .3791106E-10
 34.0   15630.00   .3797048E-10
 34.0   15640.00   .3802976E-10
 34.0   15650.00   .3808891E-10
 34.0   15660.00   .3814791E-10
 34.0   15670.00   .3820675E-10
 34.0   15680.00   .3826549E-10
 34.0   15690.00   .3832404E-10
 34.0   15700.00   .3838246E-10
 34.0   15710.00   .3844072E-10
 34.0   15720.00   .3849887E-10
 34.0   15730.00   .3855681E-10
 34.0   15740.00   .3861463E-10
 34.0   15750.00   .3867228E-10
 34.0   15760.00   .3872977E-10
 34.0   15770.00   .3878711E-10
 34.0   15780.00   .3884427E-10
 34.0   15790.00   .3890127E-10
 34.0   15800.00   .3895808E-10
 34.0   15810.00   .3901474E-10
 34.0   15820.00   .3907122E-10
 34.0   15830.00   .3912753E-10
 34.0   15840.00   .3918365E-10
 34.0   15850.00   .3923961E-10
 34.0   15860.00   .3929537E-10
 34.0   15870.00   .3935095E-10
 34.0   15880.00   .3940636E-10
 34.0   15890.00   .3946155E-10
 34.0   15900.00   .3951657E-10
 34.0   15910.00   .3957139E-10
 34.0   15920.00   .3962601E-10
 34.0   15930.00   .3968043E-10
 34.0   15940.00   .3973466E-10
 34.0   15950.00   .3978868E-10
 34.0   15960.00   .3984251E-10
 34.0   15970.00   .3989611E-10
 34.0   15980.00   .3994950E-10
 34.0   15990.00   .4000270E-10
 34.0   16000.00   .4005569E-10
 34.0   16010.00   .4010845E-10
 34.0   16020.00   .4016097E-10
 34.0   16030.00   .4021330E-10
 34.0   16040.00   .4026538E-10
 34.0   16050.00   .4031726E-10
 34.0   16060.00   .4036891E-10
 34.0   16070.00   .4042034E-10
 34.0   16080.00   .4047150E-10
 34.0   16090.00   .4052243E-10
 34.0   16100.00   .4057316E-10
 34.0   16110.00   .4062363E-10
 34.0   16120.00   .4067385E-10
 34.0   16130.00   .4072384E-10
 34.0   16140.00   .4077357E-10
 34.0   16150.00   .4082309E-10
 34.0   16160.00   .4087231E-10
 34.0   16170.00   .4092130E-10
 34.0   16180.00   .4097002E-10
 34.0   16190.00   .4101850E-10
 34.0   16200.00   .4106672E-10
 34.0   16210.00   .4111467E-10
 34.0   16220.00   .4116238E-10
 34.0   16230.00   .4120978E-10
 34.0   16240.00   .4125691E-10
 34.0   16250.00   .4130381E-10
 34.0   16260.00   .4133922E-10
 34.0   16270.00   .4137434E-10
 34.0   16280.00   .4140918E-10
 34.0   16290.00   .4144373E-10
 34.0   16300.00   .4147800E-10
 34.0   16310.00   .4151199E-10
 34.0   16320.00   .4154569E-10
 34.0   16330.00   .4157909E-10
 34.0   16340.00   .4161220E-10
 34.0   16350.00   .4164501E-10
 34.0   16360.00   .4167753E-10
 34.0   16370.00   .4170975E-10
 34.0   16380.00   .4174167E-10
 34.0   16390.00   .4177329E-10
 34.0   16400.00   .4180459E-10
 34.0   16410.00   .4183560E-10
 34.0   16420.00   .4186628E-10
 34.0   16430.00   .4189666E-10
 34.0   16440.00   .4192672E-10
 34.0   16450.00   .4195647E-10
 34.0   16460.00   .4198591E-10
 34.0   16470.00   .4201501E-10
 34.0   16480.00   .4204381E-10
 34.0   16490.00   .4207225E-10
 34.0   16500.00   .4210039E-10
 34.0   16510.00   .4212819E-10
 34.0   16520.00   .4215565E-10
 34.0   16530.00   .4218283E-10
 34.0   16540.00   .4220963E-10
 34.0   16550.00   .4223610E-10
 34.0   16560.00   .4226223E-10
 34.0   16570.00   .4228801E-10
 34.0   16580.00   .4231345E-10
 34.0   16590.00   .4233855E-10
 34.0   16600.00   .4236333E-10
 34.0   16610.00   .4238770E-10
 34.0   16620.00   .4241177E-10
 34.0   16630.00   .4243547E-10
 34.0   16640.00   .4245881E-10
 34.0   16650.00   .4248179E-10
 34.0   16660.00   .4250443E-10
 34.0   16670.00   .4252669E-10
 34.0   16680.00   .4254861E-10
 34.0   16690.00   .4257014E-10
 34.0   16700.00   .4259129E-10
 34.0   16710.00   .4261210E-10
 34.0   16720.00   .4263253E-10
 34.0   16730.00   .4265258E-10
 34.0   16740.00   .4267226E-10
 34.0   16750.00   .4269155E-10
 34.0   16760.00   .4271049E-10
 34.0   16770.00   .4272901E-10
 34.0   16780.00   .4274720E-10
 34.0   16790.00   .4276495E-10
 34.0   16800.00   .4278231E-10
 34.0   16810.00   .4279931E-10
 34.0   16820.00   .4281593E-10
 34.0   16830.00   .4283214E-10
 34.0   16840.00   .4284798E-10
 34.0   16850.00   .4286343E-10
 34.0   16860.00   .4287853E-10
 34.0   16870.00   .4289319E-10
 34.0   16880.00   .4290749E-10
 34.0   16890.00   .4292144E-10
 34.0   16900.00   .4293498E-10
 34.0   16910.00   .4294818E-10
 34.0   16920.00   .4296098E-10
 34.0   16930.00   .4297341E-10
 34.0   16940.00   .4298545E-10
 34.0   16950.00   .4299716E-10
 34.0   16960.00   .4300850E-10
 34.0   16970.00   .4301947E-10
 34.0   16980.00   .4303006E-10
 34.0   16990.00   .4304031E-10
 34.0   17000.00   .4305019E-10
 34.0   17010.00   .4305969E-10
 34.0   17020.00   .4306886E-10
 34.0   17030.00   .4307768E-10
 34.0   17040.00   .4308610E-10
 34.0   17050.00   .4309424E-10
 34.0   17060.00   .4310199E-10
 34.0   17070.00   .4310938E-10
 34.0   17080.00   .4311644E-10
 34.0   17090.00   .4312313E-10
 34.0   17100.00   .4312950E-10
 34.0   17110.00   .4313554E-10
 34.0   17120.00   .4314123E-10
 34.0   17130.00   .4314657E-10
 34.0   17140.00   .4315158E-10
 34.0   17150.00   .4315624E-10
 34.0   17160.00   .4316059E-10
 34.0   17170.00   .4316460E-10
 34.0   17180.00   .4316828E-10
 34.0   17190.00   .4317162E-10
 34.0   17200.00   .4317467E-10
 34.0   17210.00   .4317736E-10
 34.0   17220.00   .4317973E-10
 34.0   17230.00   .4318179E-10
 34.0   17240.00   .4318353E-10
 34.0   17250.00   .4318494E-10
 34.0   17260.00   .4318606E-10
 34.0   17270.00   .4318684E-10
 34.0   17280.00   .4318730E-10
 34.0   17290.00   .4318747E-10
 34.0   17300.00   .4318734E-10
 34.0   17310.00   .4318691E-10
 34.0   17320.00   .4318613E-10
 34.0   17330.00   .4318510E-10
 34.0   17340.00   .4318375E-10
 34.0   17350.00   .4318206E-10
 34.0   17360.00   .4318013E-10
 34.0   17370.00   .4317788E-10
 34.0   17380.00   .4317532E-10
 34.0   17390.00   .4317249E-10
 34.0   17400.00   .4316937E-10
 34.0   17410.00   .4316594E-10
 34.0   17420.00   .4316224E-10
 34.0   17430.00   .4315828E-10
 34.0   17440.00   .4315401E-10
 34.0   17450.00   .4314945E-10
 34.0   17460.00   .4314463E-10
 34.0   17470.00   .4313951E-10
 34.0   17480.00   .4313413E-10
 34.0   17490.00   .4312848E-10
 34.0   17500.00   .4312256E-10
 34.0   17510.00   .4311641E-10
 34.0   17520.00   .4310991E-10
 34.0   17530.00   .4310320E-10
 34.0   17540.00   .4309619E-10
 34.0   17550.00   .4308895E-10
 34.0   17560.00   .4308144E-10
 34.0   17570.00   .4307367E-10
 34.0   17580.00   .4306565E-10
 34.0   17590.00   .4305739E-10
 34.0   17600.00   .4304884E-10
 34.0   17610.00   .4304006E-10
 34.0   17620.00   .4303105E-10
 34.0   17630.00   .4302173E-10
 34.0   17640.00   .4301223E-10
 34.0   17650.00   .4300249E-10
 34.0   17660.00   .4299247E-10
 34.0   17670.00   .4298222E-10
 34.0   17680.00   .4297176E-10
 34.0   17690.00   .4296104E-10
 34.0   17700.00   .4295007E-10
 34.0   17710.00   .4293892E-10
 34.0   17720.00   .4292749E-10
 34.0   17730.00   .4291588E-10
 34.0   17740.00   .4290401E-10
 34.0   17750.00   .4289194E-10
 34.0   17760.00   .4287963E-10
 34.0   17770.00   .4286710E-10
 34.0   17780.00   .4285436E-10
 34.0   17790.00   .4284142E-10
 34.0   17800.00   .4282823E-10
 34.0   17810.00   .4281485E-10
 34.0   17820.00   .4280126E-10
 34.0   17830.00   .4278747E-10
 34.0   17840.00   .4277346E-10
 34.0   17850.00   .4275926E-10
 34.0   17860.00   .4274486E-10
 34.0   17870.00   .4273024E-10
 34.0   17880.00   .4271546E-10
 34.0   17890.00   .4270044E-10
 34.0   17900.00   .4268523E-10
 34.0   17910.00   .4266986E-10
 34.0   17920.00   .4265429E-10
 34.0   17930.00   .4263852E-10
 34.0   17940.00   .4262257E-10
 34.0   17950.00   .4260644E-10
 34.0   17960.00   .4259009E-10
 34.0   17970.00   .4257361E-10
 34.0   17980.00   .4255695E-10
 34.0   17990.00   .4254008E-10
 34.0   18000.00   .4252303E-10
 34.0   18010.00   .4238238E-10
 34.0   18020.00   .4224164E-10
 34.0   18030.00   .4210083E-10
 34.0   18040.00   .4195996E-10
 34.0   18050.00   .4181903E-10
 34.0   18060.00   .4167806E-10
 34.0   18070.00   .4153699E-10
 34.0   18080.00   .4139590E-10
 34.0   18090.00   .4125474E-10
 34.0   18100.00   .4111358E-10
 34.0   18110.00   .4097232E-10
 34.0   18120.00   .4083109E-10
 34.0   18130.00   .4068976E-10
 34.0   18140.00   .4054845E-10
 34.0   18150.00   .4040710E-10
 34.0   18160.00   .4026569E-10
 34.0   18170.00   .4012429E-10
 34.0   18180.00   .3998285E-10
 34.0   18190.00   .3984141E-10
 34.0   18200.00   .3969996E-10
 34.0   18210.00   .3955851E-10
 34.0   18220.00   .3941703E-10
 34.0   18230.00   .3927556E-10
 34.0   18240.00   .3913405E-10
 34.0   18250.00   .3899258E-10
 34.0   18260.00   .3885111E-10
 34.0   18270.00   .3870966E-10
 34.0   18280.00   .3856820E-10
 34.0   18290.00   .3842673E-10
 34.0   18300.00   .3828531E-10
 34.0   18310.00   .3814390E-10
 34.0   18320.00   .3800252E-10
 34.0   18330.00   .3786114E-10
 34.0   18340.00   .3771980E-10
 34.0   18350.00   .3757848E-10
 34.0   18360.00   .3743718E-10
 34.0   18370.00   .3729594E-10
 34.0   18380.00   .3715472E-10
 34.0   18390.00   .3701355E-10
 34.0   18400.00   .3687241E-10
 34.0   18410.00   .3673133E-10
 34.0   18420.00   .3659029E-10
 34.0   18430.00   .3644930E-10
 34.0   18440.00   .3630838E-10
 34.0   18450.00   .3616746E-10
 34.0   18460.00   .3602664E-10
 34.0   18470.00   .3588586E-10
 34.0   18480.00   .3574517E-10
 34.0   18490.00   .3560451E-10
 34.0   18500.00   .3546394E-10
 34.0   18510.00   .3532340E-10
 34.0   18520.00   .3518299E-10
 34.0   18530.00   .3504260E-10
 34.0   18540.00   .3490229E-10
 34.0   18550.00   .3476208E-10
 34.0   18560.00   .3462192E-10
 34.0   18570.00   .3448187E-10
 34.0   18580.00   .3434188E-10
 34.0   18590.00   .3420198E-10
 34.0   18600.00   .3406217E-10
 34.0   18610.00   .3392245E-10
 34.0   18620.00   .3378282E-10
 34.0   18630.00   .3364329E-10
 34.0   18640.00   .3350384E-10
 34.0   18650.00   .3336450E-10
 34.0   18660.00   .3322524E-10
 34.0   18670.00   .3308611E-10
 34.0   18680.00   .3294707E-10
 34.0   18690.00   .3280811E-10
 34.0   18700.00   .3266927E-10
 34.0   18710.00   .3253057E-10
 34.0   18720.00   .3239195E-10
 34.0   18730.00   .3225343E-10
 34.0   18740.00   .3211504E-10
 34.0   18750.00   .3197675E-10
 34.0   18760.00   .3183860E-10
 34.0   18770.00   .3170056E-10
 34.0   18780.00   .3156264E-10
 34.0   18790.00   .3142483E-10
 34.0   18800.00   .3128715E-10
 34.0   18810.00   .3114960E-10
 34.0   18820.00   .3101218E-10
 34.0   18830.00   .3087487E-10
 34.0   18840.00   .3073769E-10
 34.0   18850.00   .3060067E-10
 34.0   18860.00   .3046374E-10
 34.0   18870.00   .3032698E-10
 34.0   18880.00   .3019034E-10
 34.0   18890.00   .3005383E-10
 34.0   18900.00   .2991745E-10
 34.0   18910.00   .2978122E-10
 34.0   18920.00   .2964514E-10
 34.0   18930.00   .2950918E-10
 34.0   18940.00   .2937341E-10
 34.0   18950.00   .2923773E-10
 34.0   18960.00   .2910220E-10
 34.0   18970.00   .2896686E-10
 34.0   18980.00   .2883162E-10
 34.0   18990.00   .2869655E-10
 34.0   19000.00   .2856163E-10
 34.0   19010.00   .2842685E-10
 34.0   19020.00   .2829223E-10
 34.0   19030.00   .2815776E-10
 34.0   19040.00   .2802346E-10
 34.0   19050.00   .2788929E-10
 34.0   19060.00   .2775530E-10
 34.0   19070.00   .2762144E-10
 34.0   19080.00   .2748777E-10
 34.0   19090.00   .2735424E-10
 34.0   19100.00   .2722088E-10
 34.0   19110.00   .2708767E-10
 34.0   19120.00   .2695463E-10
 34.0   19130.00   .2682175E-10
 34.0   19140.00   .2668903E-10
 34.0   19150.00   .2655647E-10
 34.0   19160.00   .2642408E-10
 34.0   19170.00   .2629187E-10
 34.0   19180.00   .2615981E-10
 34.0   19190.00   .2602792E-10
 34.0   19200.00   .2589620E-10
 34.0   19210.00   .2576465E-10
 34.0   19220.00   .2563328E-10
 34.0   19230.00   .2550208E-10
 34.0   19240.00   .2537102E-10
 34.0   19250.00   .2524015E-10
 34.0   19260.00   .2510944E-10
 34.0   19270.00   .2497892E-10
 34.0   19280.00   .2484857E-10
 34.0   19290.00   .2471840E-10
 34.0   19300.00   .2458840E-10
 34.0   19310.00   .2445858E-10
 34.0   19320.00   .2432895E-10
 34.0   19330.00   .2419944E-10
 34.0   19340.00   .2407014E-10
 34.0   19350.00   .2394102E-10
 34.0   19360.00   .2381206E-10
 34.0   19370.00   .2368328E-10
 34.0   19380.00   .2355468E-10
 34.0   19390.00   .2342627E-10
 34.0   19400.00   .2329807E-10
 34.0   19410.00   .2316999E-10
 34.0   19420.00   .2304209E-10
 34.0   19430.00   .2291438E-10
 34.0   19440.00   .2278689E-10
 34.0   19450.00   .2265953E-10
 34.0   19460.00   .2253235E-10
 34.0   19470.00   .2240538E-10
 34.0   19480.00   .2227857E-10
 34.0   19490.00   .2215194E-10
 34.0   19500.00   .2202550E-10
 34.0   19510.00   .2189924E-10
 34.0   19520.00   .2177315E-10
 34.0   19530.00   .2164726E-10
 34.0   19540.00   .2152152E-10
 34.0   19550.00   .2139599E-10
 34.0   19560.00   .2127061E-10
 34.0   19570.00   .2114543E-10
 34.0   19580.00   .2102044E-10
 34.0   19590.00   .2089560E-10
 34.0   19600.00   .2077097E-10
 34.0   19610.00   .2064650E-10
 34.0   19620.00   .2052221E-10
 34.0   19630.00   .2039811E-10
 34.0   19640.00   .2027417E-10
 34.0   19650.00   .2015042E-10
 34.0   19660.00   .2002684E-10
 34.0   19670.00   .1990342E-10
 34.0   19680.00   .1978018E-10
 34.0   19690.00   .1965710E-10
 34.0   19700.00   .1953420E-10
 34.0   19710.00   .1941148E-10
 34.0   19720.00   .1928890E-10
 34.0   19730.00   .1916651E-10
 34.0   19740.00   .1904427E-10
 34.0   19750.00   .1892220E-10
 34.0   19760.00   .1880030E-10
 34.0   19770.00   .1867855E-10
 34.0   19780.00   .1855697E-10
 34.0   19790.00   .1843555E-10
 34.0   19800.00   .1831429E-10
 34.0   19810.00   .1819317E-10
 34.0   19820.00   .1807224E-10
 34.0   19830.00   .1795145E-10
 34.0   19840.00   .1783081E-10
 34.0   19850.00   .1771034E-10
 34.0   19860.00   .1759000E-10
 34.0   19870.00   .1746983E-10
 34.0   19880.00   .1734980E-10
 34.0   19890.00   .1722993E-10
 34.0   19900.00   .1711020E-10
 34.0   19910.00   .1699064E-10
 34.0   19920.00   .1687120E-10
 34.0   19930.00   .1675192E-10
 34.0   19940.00   .1663278E-10
 34.0   19950.00   .1651379E-10
 34.0   19960.00   .1639496E-10
 34.0   19970.00   .1627623E-10
 34.0   19980.00   .1615769E-10
 34.0   19990.00   .1603925E-10
 34.0   20000.00   .1592098E-10
 34.0   20010.00   .1580282E-10
 34.0   20020.00   .1568482E-10
 34.0   20030.00   .1556696E-10
 34.0   20040.00   .1544922E-10
 34.0   20050.00   .1533162E-10
 34.0   20060.00   .1521417E-10
 34.0   20070.00   .1509685E-10
 34.0   20080.00   .1497964E-10
 34.0   20090.00   .1486257E-10
 34.0   20100.00   .1474565E-10
 34.0   20110.00   .1473913E-10
 34.0   20120.00   .1473267E-10
 34.0   20130.00   .1472624E-10
 34.0   20140.00   .1471984E-10
 34.0   20150.00   .1471348E-10
 34.0   20160.00   .1470715E-10
 34.0   20170.00   .1470086E-10
 34.0   20180.00   .1469461E-10
 34.0   20190.00   .1468839E-10
 34.0   20200.00   .1468221E-10
 34.0   20210.00   .1467607E-10
 34.0   20220.00   .1466997E-10
 34.0   20230.00   .1466389E-10
 34.0   20240.00   .1465785E-10
 34.0   20250.00   .1465185E-10
 34.0   20260.00   .1464590E-10
 34.0   20270.00   .1463996E-10
 34.0   20280.00   .1463407E-10
 34.0   20290.00   .1462820E-10
 34.0   20300.00   .1462237E-10
 34.0   20310.00   .1461660E-10
 34.0   20320.00   .1461083E-10
 34.0   20330.00   .1460512E-10
 34.0   20340.00   .1459944E-10
 34.0   20350.00   .1459378E-10
 34.0   20360.00   .1458817E-10
 34.0   20370.00   .1458258E-10
 34.0   20380.00   .1457703E-10
 34.0   20390.00   .1457153E-10
 34.0   20400.00   .1456606E-10
 34.0   20410.00   .1456061E-10
 34.0   20420.00   .1455521E-10
 34.0   20430.00   .1454983E-10
 34.0   20440.00   .1454449E-10
 34.0   20450.00   .1453918E-10
 34.0   20460.00   .1453390E-10
 34.0   20470.00   .1452866E-10
 34.0   20480.00   .1452346E-10
 34.0   20490.00   .1451829E-10
 34.0   20500.00   .1451315E-10
 34.0   20510.00   .1450805E-10
 34.0   20520.00   .1450297E-10
 34.0   20530.00   .1449792E-10
 34.0   20540.00   .1449292E-10
 34.0   20550.00   .1448794E-10
 34.0   20560.00   .1448301E-10
 34.0   20570.00   .1447809E-10
 34.0   20580.00   .1447322E-10
 34.0   20590.00   .1446838E-10
 34.0   20600.00   .1446356E-10
 34.0   20610.00   .1445878E-10
 34.0   20620.00   .1445404E-10
 34.0   20630.00   .1444932E-10
 34.0   20640.00   .1444463E-10
 34.0   20650.00   .1444000E-10
 34.0   20660.00   .1443538E-10
 34.0   20670.00   .1443079E-10
 34.0   20680.00   .1442623E-10
 34.0   20690.00   .1442171E-10
 34.0   20700.00   .1441721E-10
 34.0   20710.00   .1441276E-10
 34.0   20720.00   .1440833E-10
 34.0   20730.00   .1440393E-10
 34.0   20740.00   .1439958E-10
 34.0   20750.00   .1439523E-10
 34.0   20760.00   .1439092E-10
 34.0   20770.00   .1438666E-10
 34.0   20780.00   .1438243E-10
 34.0   20790.00   .1437821E-10
 34.0   20800.00   .1437403E-10
 34.0   20810.00   .1436989E-10
 34.0   20820.00   .1436578E-10
 34.0   20830.00   .1436168E-10
 34.0   20840.00   .1435762E-10
 34.0   20850.00   .1435360E-10
 34.0   20860.00   .1434960E-10
 34.0   20870.00   .1434564E-10
 34.0   20880.00   .1434171E-10
 34.0   20890.00   .1433780E-10
 34.0   20900.00   .1433392E-10
 34.0   20910.00   .1433008E-10
 34.0   20920.00   .1432626E-10
 34.0   20930.00   .1432249E-10
 34.0   20940.00   .1431873E-10
 34.0   20950.00   .1431500E-10
 34.0   20960.00   .1431130E-10
 34.0   20970.00   .1430764E-10
 34.0   20980.00   .1430401E-10
 34.0   20990.00   .1430039E-10
 34.0   21000.00   .1429682E-10
 34.0   21010.00   .1429326E-10
 34.0   21020.00   .1428974E-10
 34.0   21030.00   .1428625E-10
 34.0   21040.00   .1428278E-10
 34.0   21050.00   .1427935E-10
 34.0   21060.00   .1427596E-10
 34.0   21070.00   .1427257E-10
 34.0   21080.00   .1426923E-10
 34.0   21090.00   .1426591E-10
 34.0   21100.00   .1426263E-10
 34.0   21110.00   .1425936E-10
 34.0   21120.00   .1425613E-10
 34.0   21130.00   .1425292E-10
 34.0   21140.00   .1424974E-10
 34.0   21150.00   .1424659E-10
 34.0   21160.00   .1424346E-10
 34.0   21170.00   .1424037E-10
 34.0   21180.00   .1423732E-10
 34.0   21190.00   .1423427E-10
 34.0   21200.00   .1423127E-10
 34.0   21210.00   .1422829E-10
 34.0   21220.00   .1422533E-10
 34.0   21230.00   .1422241E-10
 34.0   21240.00   .1421951E-10
 34.0   21250.00   .1421663E-10
 34.0   21260.00   .1421379E-10
 34.0   21270.00   .1421097E-10
 34.0   21280.00   .1420819E-10
 34.0   21290.00   .1420543E-10
 34.0   21300.00   .1420269E-10
 34.0   21310.00   .1419997E-10
 34.0   21320.00   .1419728E-10
 34.0   21330.00   .1419464E-10
 34.0   21340.00   .1419201E-10
 34.0   21350.00   .1418941E-10
 34.0   21360.00   .1418684E-10
 34.0   21370.00   .1418428E-10
 34.0   21380.00   .1418177E-10
 34.0   21390.00   .1417927E-10
 34.0   21400.00   .1417679E-10
 34.0   21410.00   .1417435E-10
 34.0   21420.00   .1417194E-10
 34.0   21430.00   .1416955E-10
 34.0   21440.00   .1416719E-10
 34.0   21450.00   .1416484E-10
 34.0   21460.00   .1416253E-10
 34.0   21470.00   .1416024E-10
 34.0   21480.00   .1415797E-10
 34.0   21490.00   .1415575E-10
 34.0   21500.00   .1415355E-10
 34.0   21510.00   .1415135E-10
 34.0   21520.00   .1414919E-10
 34.0   21530.00   .1414705E-10
 34.0   21540.00   .1414495E-10
 34.0   21550.00   .1414287E-10
 34.0   21560.00   .1414081E-10
 34.0   21570.00   .1413877E-10
 34.0   21580.00   .1413676E-10
 34.0   21590.00   .1413478E-10
 34.0   21600.00   .1413282E-10
 34.0   21610.00   .1413090E-10
 34.0   21620.00   .1412898E-10
 34.0   21630.00   .1412709E-10
 34.0   21640.00   .1412525E-10
 34.0   21650.00   .1412341E-10
 34.0   21660.00   .1412161E-10
 34.0   21670.00   .1411982E-10
 34.0   21680.00   .1411806E-10
 34.0   21690.00   .1411633E-10
 34.0   21700.00   .1411461E-10
 34.0   21710.00   .1411292E-10
 34.0   21720.00   .1411126E-10
 34.0   21730.00   .1410963E-10
 34.0   21740.00   .1410800E-10
 34.0   21750.00   .1410641E-10
 34.0   21760.00   .1410484E-10
 34.0   21770.00   .1410330E-10
 34.0   21780.00   .1410178E-10
 34.0   21790.00   .1410028E-10
 34.0   21800.00   .1409882E-10
 34.0   21810.00   .1409736E-10
 34.0   21820.00   .1409593E-10
 34.0   21830.00   .1409454E-10
 34.0   21840.00   .1409316E-10
 34.0   21850.00   .1409180E-10
 34.0   21860.00   .1409047E-10
 34.0   21870.00   .1408916E-10
 34.0   21880.00   .1408786E-10
 34.0   21890.00   .1408661E-10
 34.0   21900.00   .1408538E-10
 34.0   21910.00   .1408416E-10
 34.0   21920.00   .1408297E-10
 34.0   21930.00   .1408180E-10
 34.0   21940.00   .1408064E-10
 34.0   21950.00   .1407951E-10
 34.0   21960.00   .1407841E-10
 34.0   21970.00   .1407734E-10
 34.0   21980.00   .1407628E-10
 34.0   21990.00   .1407523E-10
 34.0   22000.00   .1407423E-10
 34.0   22010.00   .1407323E-10
 34.0   22020.00   .1407227E-10
 34.0   22030.00   .1407133E-10
 34.0   22040.00   .1407040E-10
 34.0   22050.00   .1406949E-10
 34.0   22060.00   .1406861E-10
 34.0   22070.00   .1406776E-10
 34.0   22080.00   .1406691E-10
 34.0   22090.00   .1406611E-10
 34.0   22100.00   .1406530E-10
 34.0   22110.00   .1406454E-10
 34.0   22120.00   .1406380E-10
 34.0   22130.00   .1406305E-10
 34.0   22140.00   .1406235E-10
 34.0   22150.00   .1406167E-10
 34.0   22160.00   .1406100E-10
 34.0   22170.00   .1406037E-10
 34.0   22180.00   .1405975E-10
 34.0   22190.00   .1405914E-10
 34.0   22200.00   .1405856E-10
 34.0   22210.00   .1405801E-10
 34.0   22220.00   .1405746E-10
 34.0   22230.00   .1405695E-10
 34.0   22240.00   .1405647E-10
 34.0   22250.00   .1405598E-10
 34.0   22260.00   .1405552E-10
 34.0   22270.00   .1405510E-10
 34.0   22280.00   .1405469E-10
 34.0   22290.00   .1405430E-10
 34.0   22300.00   .1405393E-10
 34.0   22310.00   .1405357E-10
 34.0   22320.00   .1405323E-10
 34.0   22330.00   .1405293E-10
 34.0   22340.00   .1405264E-10
 34.0   22350.00   .1405238E-10
 34.0   22360.00   .1405214E-10
 34.0   22370.00   .1405189E-10
 34.0   22380.00   .1405169E-10
 34.0   22390.00   .1405150E-10
 34.0   22400.00   .1405133E-10
 34.0   22410.00   .1405118E-10
 34.0   22420.00   .1405105E-10
 34.0   22430.00   .1405094E-10
 34.0   22440.00   .1405085E-10
 34.0   22450.00   .1405078E-10
 34.0   22460.00   .1405073E-10
 34.0   22470.00   .1405070E-10
 34.0   22480.00   .1405069E-10
 34.0   22490.00   .1405069E-10
 34.0   22500.00   .1405072E-10
 34.0   22510.00   .1405077E-10
 34.0   22520.00   .1405083E-10
 34.0   22530.00   .1405093E-10
 34.0   22540.00   .1405102E-10
 34.0   22550.00   .1405114E-10
 34.0   22560.00   .1405129E-10
 34.0   22570.00   .1405144E-10
 34.0   22580.00   .1405161E-10
 34.0   22590.00   .1405182E-10
 34.0   22600.00   .1405203E-10
 34.0   22610.00   .1405227E-10
 34.0   22620.00   .1405250E-10
 34.0   22630.00   .1405279E-10
 34.0   22640.00   .1405306E-10
 34.0   22650.00   .1405337E-10
 34.0   22660.00   .1405371E-10
 34.0   22670.00   .1405404E-10
 34.0   22680.00   .1405440E-10
 34.0   22690.00   .1405478E-10
 34.0   22700.00   .1405517E-10
 34.0   22710.00   .1405558E-10
 34.0   22720.00   .1405602E-10
 34.0   22730.00   .1405647E-10
 34.0   22740.00   .1405692E-10
 34.0   22750.00   .1405741E-10
 34.0   22760.00   .1405791E-10
 34.0   22770.00   .1405842E-10
 34.0   22780.00   .1405896E-10
 34.0   22790.00   .1405950E-10
 34.0   22800.00   .1406008E-10
 34.0   22810.00   .1406066E-10
 34.0   22820.00   .1406127E-10
 34.0   22830.00   .1406188E-10
 34.0   22840.00   .1406252E-10
 34.0   22850.00   .1406318E-10
 34.0   22860.00   .1406384E-10
 34.0   22870.00   .1406453E-10
 34.0   22880.00   .1406522E-10
 34.0   22890.00   .1406593E-10
 34.0   22900.00   .1406667E-10
 34.0   22910.00   .1406742E-10
 34.0   22920.00   .1406818E-10
 34.0   22930.00   .1406897E-10
 34.0   22940.00   .1406978E-10
 34.0   22950.00   .1407057E-10
 34.0   22960.00   .1407140E-10
 34.0   22970.00   .1407225E-10
 34.0   22980.00   .1407310E-10
 34.0   22990.00   .1407398E-10
 34.0   23000.00   .1407488E-10
 34.0   23010.00   .1407579E-10
 34.0   23020.00   .1407671E-10
 34.0   23030.00   .1407765E-10
 34.0   23040.00   .1407860E-10
 34.0   23050.00   .1407956E-10
 34.0   23060.00   .1408055E-10
 34.0   23070.00   .1408154E-10
 34.0   23080.00   .1408255E-10
 34.0   23090.00   .1408358E-10
 34.0   23100.00   .1408461E-10
 34.0   23110.00   .1408568E-10
 34.0   23120.00   .1408674E-10
 34.0   23130.00   .1408782E-10
 34.0   23140.00   .1408894E-10
 34.0   23150.00   .1409004E-10
 34.0   23160.00   .1409118E-10
 34.0   23170.00   .1409231E-10
 34.0   23180.00   .1409347E-10
 34.0   23190.00   .1409463E-10
 34.0   23200.00   .1409584E-10
 34.0   23210.00   .1409702E-10
 34.0   23220.00   .1409825E-10
 34.0   23230.00   .1409947E-10
 34.0   23240.00   .1410070E-10
 34.0   23250.00   .1410196E-10
 34.0   23260.00   .1410323E-10
 34.0   23270.00   .1410450E-10
 34.0   23280.00   .1410580E-10
 34.0   23290.00   .1410711E-10
 34.0   23300.00   .1410844E-10
 34.0   23310.00   .1410977E-10
 34.0   23320.00   .1411111E-10
 34.0   23330.00   .1411246E-10
 34.0   23340.00   .1411384E-10
 34.0   23350.00   .1411523E-10
 34.0   23360.00   .1411663E-10
 34.0   23370.00   .1411803E-10
 34.0   23380.00   .1411946E-10
 34.0   23390.00   .1412090E-10
 34.0   23400.00   .1412234E-10
 34.0   23410.00   .1412381E-10
 34.0   23420.00   .1412529E-10
 34.0   23430.00   .1412677E-10
 34.0   23440.00   .1412827E-10
 34.0   23450.00   .1412978E-10
 34.0   23460.00   .1413132E-10
 34.0   23470.00   .1413283E-10
 34.0   23480.00   .1413439E-10
 34.0   23490.00   .1413594E-10
 34.0   23500.00   .1413751E-10
 34.0   23510.00   .1413910E-10
 34.0   23520.00   .1414070E-10
 34.0   23530.00   .1414229E-10
 34.0   23540.00   .1414392E-10
 34.0   23550.00   .1414554E-10
 34.0   23560.00   .1414719E-10
 34.0   23570.00   .1414883E-10
 34.0   23580.00   .1415049E-10
 34.0   23590.00   .1415217E-10
 34.0   23600.00   .1415385E-10
 34.0   23610.00   .1415556E-10
 34.0   23620.00   .1415725E-10
 34.0   23630.00   .1415897E-10
 34.0   23640.00   .1416070E-10
 34.0   23650.00   .1416244E-10
 34.0   23660.00   .1416420E-10
 34.0   23670.00   .1416596E-10
 34.0   23680.00   .1416773E-10
 34.0   23690.00   .1416950E-10
 34.0   23700.00   .1417129E-10
 34.0   23710.00   .1417310E-10
 34.0   23720.00   .1417490E-10
 34.0   23730.00   .1417672E-10
 34.0   23740.00   .1417857E-10
 34.0   23750.00   .1418039E-10
 34.0   23760.00   .1418226E-10
 34.0   23770.00   .1418412E-10
 34.0   23780.00   .1418599E-10
 34.0   23790.00   .1418787E-10
 34.0   23800.00   .1418976E-10
 34.0   23810.00   .1419166E-10
 34.0   23820.00   .1419357E-10
 34.0   23830.00   .1419548E-10
 34.0   23840.00   .1419741E-10
 34.0   23850.00   .1419936E-10
 34.0   23860.00   .1420131E-10
 34.0   23870.00   .1420325E-10
 34.0   23880.00   .1420522E-10
 34.0   23890.00   .1420718E-10
 34.0   23900.00   .1420918E-10
 34.0   23910.00   .1421117E-10
 34.0   23920.00   .1421318E-10
 34.0   23930.00   .1421517E-10
 34.0   23940.00   .1421720E-10
 34.0   23950.00   .1421922E-10
 34.0   23960.00   .1422126E-10
 34.0   23970.00   .1422329E-10
 34.0   23980.00   .1422535E-10
 34.0   23990.00   .1422741E-10
 34.0   24000.00   .1422949E-10
 34.0   24010.00   .1423155E-10
 34.0   24020.00   .1423363E-10
 34.0   24030.00   .1423573E-10
 34.0   24040.00   .1423783E-10
 34.0   24050.00   .1423993E-10
 34.0   24060.00   .1424205E-10
 34.0   24070.00   .1424418E-10
 34.0   24080.00   .1424630E-10
 34.0   24090.00   .1424844E-10
 34.0   24100.00   .1425059E-10
 34.0   24110.00   .1425274E-10
 34.0   24120.00   .1425489E-10
 34.0   24130.00   .1425706E-10
 34.0   24140.00   .1425923E-10
 34.0   24150.00   .1426142E-10
 34.0   24160.00   .1426361E-10
 34.0   24170.00   .1426581E-10
 34.0   24180.00   .1426801E-10
 34.0   24190.00   .1427022E-10
 34.0   24200.00   .1427243E-10
 34.0   24210.00   .1427464E-10
 34.0   24220.00   .1427686E-10
 34.0   24230.00   .1427910E-10
 34.0   24240.00   .1428135E-10
 34.0   24250.00   .1428360E-10
 34.0   24260.00   .1428585E-10
 34.0   24270.00   .1428811E-10
 34.0   24280.00   .1429037E-10
 34.0   24290.00   .1429265E-10
 34.0   24300.00   .1429492E-10
 34.0   24310.00   .1429720E-10
 34.0   24320.00   .1429950E-10
 34.0   24330.00   .1430179E-10
 34.0   24340.00   .1430408E-10
 34.0   24350.00   .1430639E-10
 34.0   24360.00   .1430870E-10
 34.0   24370.00   .1431103E-10
 34.0   24380.00   .1431334E-10
 34.0   24390.00   .1431568E-10
 34.0   24400.00   .1431801E-10
 34.0   24410.00   .1432034E-10
 34.0   24420.00   .1432269E-10
 34.0   24430.00   .1432504E-10
 34.0   24440.00   .1432737E-10
 34.0   24450.00   .1432974E-10
 34.0   24460.00   .1433211E-10
 34.0   24470.00   .1433448E-10
 34.0   24480.00   .1433685E-10
 34.0   24490.00   .1433922E-10
 34.0   24500.00   .1434159E-10
 34.0   24510.00   .1434397E-10
 34.0   24520.00   .1434638E-10
 34.0   24530.00   .1434877E-10
 34.0   24540.00   .1435116E-10
 34.0   24550.00   .1435357E-10
 34.0   24560.00   .1435597E-10
 34.0   24570.00   .1435837E-10
 34.0   24580.00   .1436079E-10
 34.0   24590.00   .1436320E-10
 34.0   24600.00   .1436564E-10
 34.0   24610.00   .1436805E-10
 34.0   24620.00   .1437048E-10
 34.0   24630.00   .1437291E-10
 34.0   24640.00   .1437533E-10
 34.0   24650.00   .1437779E-10
 34.0   24660.00   .1438023E-10
 34.0   24670.00   .1438266E-10
 34.0   24680.00   .1438512E-10
 34.0   24690.00   .1438756E-10
 34.0   24700.00   .1439001E-10
 34.0   24710.00   .1439248E-10
 34.0   24720.00   .1439493E-10
 34.0   24730.00   .1439740E-10
 34.0   24740.00   .1439986E-10
 34.0   24750.00   .1440232E-10
 34.0   24760.00   .1440478E-10
 34.0   24770.00   .1440726E-10
 34.0   24780.00   .1440974E-10
 34.0   24790.00   .1441222E-10
 34.0   24800.00   .1441468E-10
 34.0   24810.00   .1441717E-10
 34.0   24820.00   .1441965E-10
 34.0   24830.00   .1442213E-10
 34.0   24840.00   .1442462E-10
 34.0   24850.00   .1442711E-10
 34.0   24860.00   .1442959E-10
 34.0   24870.00   .1443209E-10
 34.0   24880.00   .1443458E-10
 34.0   24890.00   .1443708E-10
 34.0   24900.00   .1443957E-10
 34.0   24910.00   .1444206E-10
 34.0   24920.00   .1444456E-10
 34.0   24930.00   .1444706E-10
 34.0   24940.00   .1444956E-10
 34.0   24950.00   .1445206E-10
 34.0   24960.00   .1445456E-10
 34.0   24970.00   .1445706E-10
 34.0   24980.00   .1445957E-10
 34.0   24990.00   .1446207E-10
 34.0   25000.00   .1446458E-10
