100 .2848619E-15
101 .1097791E-14
102 .2956964E-14
103 .6534628E-14
104 .1269754E-13
105 .2250990E-13
106 .3722580E-13
107 .5826974E-13
108 .8720496E-13
109 .1256892E-12
110 .1754184E-12
111 .2380593E-12
112 .3151723E-12
113 .4081270E-12
114 .5180131E-12
115 .6455497E-12
116 .7909969E-12
117 .9540735E-12
118 .1133886E-11
119 .1328872E-11
120 .1536765E-11
121 .1754575E-11
122 .1978611E-11
123 .2204515E-11
124 .2427348E-11
125 .2641691E-11
126 .2842334E-11
127 .3026346E-11
128 .3191990E-11
129 .3338255E-11
130 .3464842E-11
131 .3572120E-11
132 .3661065E-11
133 .3733195E-11
134 .3790481E-11
135 .3835274E-11
136 .3870226E-11
137 .3898218E-11
138 .3922254E-11
139 .3944199E-11
140 .3964688E-11
141 .3984307E-11
142 .4003643E-11
143 .4023273E-11
144 .4043794E-11
145 .4065808E-11
146 .4089934E-11
147 .4116809E-11
148 .4147097E-11
149 .4181492E-11
150 .4220723E-11
151 .4265424E-11
152 .4315727E-11
153 .4371631E-11
154 .4433135E-11
155 .4500238E-11
156 .4572942E-11
157 .4651245E-11
158 .4735144E-11
159 .4824629E-11
160 .4919691E-11
161 .5020313E-11
162 .5126473E-11
163 .5238139E-11
164 .5355269E-11
165 .5477814E-11
166 .5605711E-11
167 .5738884E-11
168 .5877240E-11
169 .6020673E-11
170 .6169049E-11
171 .6322229E-11
172 .6480044E-11
173 .6642298E-11
174 .6808773E-11
175 .6979228E-11
176 .7153417E-11
177 .7331171E-11
178 .7512326E-11
179 .7696701E-11
180 .7884086E-11
181 .8074249E-11
182 .8266935E-11
183 .8461862E-11
184 .8658724E-11
185 .8857187E-11
186 .9056889E-11
187 .9257444E-11
188 .9458434E-11
189 .9659418E-11
190 .9859924E-11
191 .1005946E-10
192 .1025749E-10
193 .1045347E-10
194 .1064681E-10
195 .1083694E-10
196 .1102320E-10
197 .1120497E-10
198 .1138158E-10
199 .1155233E-10
200 .1171655E-10
201 .1187358E-10
202 .1202316E-10
203 .1216510E-10
204 .1229923E-10
205 .1242540E-10
206 .1254350E-10
207 .1265339E-10
208 .1275500E-10
209 .1284825E-10
210 .1293308E-10
211 .1300945E-10
212 .1307734E-10
213 .1313675E-10
214 .1318770E-10
215 .1323020E-10
216 .1326431E-10
217 .1329008E-10
218 .1330757E-10
219 .1331689E-10
220 .1331813E-10
221 .1331138E-10
222 .1329678E-10
223 .1327446E-10
224 .1324455E-10
225 .1320719E-10
226 .1316278E-10
227 .1311254E-10
228 .1305797E-10
229 .1300052E-10
230 .1294167E-10
231 .1288287E-10
232 .1282559E-10
233 .1277127E-10
234 .1272134E-10
235 .1267725E-10
236 .1264045E-10
237 .1261236E-10
238 .1259443E-10
239 .1258813E-10
240 .1259495E-10
241 .1261636E-10
242 .1265394E-10
243 .1270928E-10
244 .1278400E-10
245 .1287984E-10
246 .1299858E-10
247 .1314214E-10
248 .1331251E-10
249 .1351186E-10
250 .1374246E-10
251 .1147130E-10
252 .1269721E-10
253 .1386234E-10
254 .1783188E-10
255 .2092736E-10
256 .2197456E-10
257 .2690084E-10
258 .2345764E-10
259 .2825054E-10
260 .2975273E-10
261 .2695563E-10
262 .2825450E-10
263 .2422440E-10
264 .1891220E-10
265 .1796475E-10
266 .1552854E-10
267 .1471701E-10
268 .1518256E-10
269 .2408200E-10
270 .4140161E-10
271 .6477381E-10
272 .7969163E-10
273 .8084293E-10
274 .8076939E-10
275 .8500198E-10
276 .8440616E-10
277 .8521720E-10
278 .8223812E-10
279 .9732579E-10
280 .9703031E-10
281 .9548929E-10
282 .9633623E-10
283 .9023504E-10
284 .8275267E-10
285 .8709928E-10
286 .8561962E-10
287 .8706513E-10
288 .8500175E-10
289 .8987772E-10
290 .1029412E-09
291 .1104359E-09
292 .1231367E-09
293 .1284765E-09
294 .1337817E-09
295 .1396898E-09
296 .1340049E-09
297 .1306351E-09
298 .1294460E-09
299 .1262897E-09
300 .1156990E-09
301 .1111680E-09
302 .1013696E-09
303 .1040907E-09
304 .1083401E-09
305 .1070239E-09
306 .1083368E-09
307 .1032299E-09
308 .1118472E-09
309 .1111556E-09
310 .9535451E-10
311 .9753756E-10
312 .1104001E-09
313 .1075190E-09
314 .1121164E-09
315 .1101198E-09
316 .1150498E-09
317 .1161155E-09
318 .1327391E-09
319 .1378155E-09
320 .1505354E-09
321 .1416352E-09
322 .1391950E-09
323 .1244654E-09
324 .1204625E-09
325 .1151436E-09
326 .1079484E-09
327 .1044179E-09
328 .9876086E-10
329 .9462888E-10
330 .9952522E-10
331 .9714029E-10
332 .1063141E-09
333 .1061662E-09
334 .1077139E-09
335 .1048613E-09
336 .1052236E-09
337 .1093380E-09
338 .1074259E-09
339 .1094202E-09
340 .1142404E-09
341 .1147923E-09
342 .1312064E-09
343 .1398619E-09
344 .1378891E-09
345 .1402939E-09
346 .1301420E-09
347 .1341111E-09
348 .1336621E-09
349 .1329740E-09
350 .1249685E-09
351 .1333407E-09
352 .1402582E-09
353 .1527061E-09
354 .1642279E-09
355 .1764393E-09
356 .1776163E-09
357 .1761015E-09
358 .1831938E-09
359 .1798830E-09
360 .1890331E-09
361 .1883980E-09
362 .1926165E-09
363 .1858091E-09
364 .1719651E-09
365 .1752851E-09
366 .1815609E-09
367 .2032295E-09
368 .2224227E-09
369 .2478974E-09
370 .2833486E-09
371 .3064113E-09
372 .3182569E-09
373 .3269827E-09
374 .3135775E-09
375 .2922145E-09
376 .2704324E-09
377 .2421273E-09
378 .2050101E-09
379 .1649498E-09
380 .1397297E-09
381 .1180203E-09
382 .1070281E-09
383 .9362419E-10
384 .9952749E-10
385 .1055932E-09
386 .1248125E-09
387 .1489648E-09
388 .1869231E-09
389 .2160963E-09
390 .2456934E-09
391 .2660485E-09
392 .3030754E-09
393 .3187516E-09
394 .3535053E-09
395 .3729307E-09
396 .3965854E-09
397 .4178766E-09
398 .4399066E-09
399 .4570928E-09
400 .4427230E-09
401 .4332846E-09
402 .3974192E-09
403 .3885318E-09
404 .3417718E-09
405 .3291598E-09
406 .3030317E-09
407 .2930241E-09
408 .2778192E-09
409 .2754701E-09
410 .2641934E-09
411 .2509483E-09
412 .2369300E-09
413 .2315660E-09
414 .2201335E-09
415 .2221220E-09
416 .2183430E-09
417 .2157651E-09
418 .2199680E-09
419 .2252752E-09
420 .2279745E-09
421 .2300737E-09
422 .2419894E-09
423 .2315564E-09
424 .2375725E-09
425 .2422958E-09
426 .2472835E-09
427 .2345068E-09
428 .2438050E-09
429 .2450394E-09
430 .2434866E-09
431 .2615556E-09
432 .2550888E-09
433 .2699569E-09
434 .2624324E-09
435 .2620810E-09
436 .2688935E-09
437 .2473182E-09
438 .2209036E-09
439 .2014900E-09
440 .1929026E-09
441 .1707314E-09
442 .1583759E-09
443 .1441094E-09
444 .1382928E-09
445 .1351740E-09
446 .1345900E-09
447 .1390433E-09
448 .1418266E-09
449 .1485811E-09
450 .1563852E-09
451 .1668508E-09
452 .1730340E-09
453 .1942372E-09
454 .2086529E-09
455 .2263956E-09
456 .2494398E-09
457 .2594279E-09
458 .2931128E-09
459 .3157176E-09
460 .3569341E-09
461 .3687790E-09
462 .3854934E-09
463 .3897635E-09
464 .4120319E-09
465 .4229876E-09
466 .4194603E-09
467 .4137860E-09
468 .3834065E-09
469 .3617672E-09
470 .3055832E-09
471 .2928173E-09
472 .2512012E-09
473 .2264158E-09
474 .1976034E-09
475 .1843825E-09
476 .1694098E-09
477 .1552551E-09
478 .1484955E-09
479 .1585324E-09
480 .1646373E-09
481 .1711508E-09
482 .1779382E-09
483 .1846529E-09
484 .1923864E-09
485 .1926171E-09
486 .1918849E-09
487 .1897207E-09
488 .1874256E-09
489 .1891116E-09
490 .1945903E-09
491 .2039287E-09
492 .2174022E-09
493 .2340365E-09
494 .2672290E-09
495 .2817936E-09
496 .2917817E-09
497 .2961651E-09
498 .2881111E-09
499 .2768148E-09
500 .2610266E-09
501 .2426734E-09
502 .2245755E-09
503 .1941306E-09
504 .1833659E-09
505 .1758691E-09
506 .1710909E-09
507 .1683462E-09
508 .1667357E-09
509 .1668562E-09
510 .1669301E-09
511 .1672727E-09
512 .1691597E-09
513 .1647886E-09
514 .1623602E-09
515 .1615098E-09
516 .1623754E-09
517 .1670688E-09
518 .1792503E-09
519 .1905554E-09
520 .2009707E-09
521 .1930912E-09
522 .2050223E-09
523 .2397759E-09
524 .2356104E-09
525 .2487442E-09
526 .2413871E-09
527 .2536298E-09
528 .3000721E-09
529 .3048980E-09
530 .2784187E-09
531 .3310128E-09
532 .3298138E-09
533 .3178891E-09
534 .3092795E-09
535 .3083031E-09
536 .2861368E-09
537 .2890589E-09
538 .2834311E-09
539 .2578187E-09
540 .3069773E-09
541 .2989214E-09
542 .2727453E-09
543 .2603134E-09
544 .3096620E-09
545 .3309061E-09
546 .3320048E-09
547 .3934596E-09
548 .3817415E-09
549 .3950076E-09
550 .4315527E-09
551 .4456472E-09
552 .4443762E-09
553 .3858302E-09
554 .4047336E-09
555 .4029193E-09
556 .3879766E-09
557 .3867402E-09
558 .3393430E-09
559 .3252821E-09
560 .3066678E-09
561 .2704921E-09
562 .2469321E-09
563 .2355931E-09
564 .2193092E-09
565 .1905697E-09
566 .1726861E-09
567 .1371155E-09
568 .1291051E-09
569 .1187658E-09
570 .1287551E-09
571 .1223060E-09
572 .1253119E-09
573 .1327024E-09
574 .1292491E-09
575 .1373727E-09
576 .1306056E-09
577 .1552737E-09
578 .1871373E-09
579 .1929301E-09
580 .2243057E-09
581 .2419718E-09
582 .2663438E-09
583 .2710268E-09
584 .2877887E-09
585 .2796955E-09
586 .3119571E-09
587 .3103045E-09
588 .2735298E-09
589 .1755792E-09
590 .2588039E-09
591 .2784489E-09
592 .2908138E-09
593 .2368086E-09
594 .2302843E-09
595 .2216923E-09
596 .2145082E-09
597 .1960341E-09
598 .2003493E-09
599 .2008699E-09
600 .1700372E-09
601 .1832845E-09
602 .1827770E-09
603 .1848979E-09
604 .1825142E-09
605 .1988279E-09
606 .2170773E-09
607 .2075483E-09
608 .2195887E-09
609 .2073515E-09
610 .2099019E-09
611 .2068308E-09
612 .1965513E-09
613 .1898901E-09
614 .2165294E-09
615 .2062175E-09
616 .1946289E-09
617 .1709924E-09
618 .1852077E-09
619 .2008675E-09
620 .1913843E-09
621 .1790642E-09
622 .2010304E-09
623 .1977353E-09
624 .1865339E-09
625 .2066328E-09
626 .1914795E-09
627 .1759572E-09
628 .1721722E-09
629 .1625487E-09
630 .1575721E-09
631 .1532246E-09
632 .1521051E-09
633 .1540252E-09
634 .1588578E-09
635 .1645031E-09
636 .1701386E-09
637 .1769673E-09
638 .1836304E-09
639 .1954071E-09
640 .2101697E-09
641 .2278203E-09
642 .2465722E-09
643 .2602057E-09
644 .2783900E-09
645 .2957146E-09
646 .3116228E-09
647 .3251622E-09
648 .3351514E-09
649 .3482787E-09
650 .3607059E-09
651 .3706429E-09
652 .3773694E-09
653 .3834507E-09
654 .3894679E-09
655 .3945769E-09
656 .3974303E-09
657 .3984193E-09
658 .3996127E-09
659 .3979033E-09
660 .3943770E-09
661 .3871655E-09
662 .3778525E-09
663 .3717779E-09
664 .3599686E-09
665 .3467636E-09
666 .3325082E-09
667 .3174560E-09
668 .3087030E-09
669 .2948008E-09
670 .2807702E-09
671 .2674670E-09
672 .2545386E-09
673 .2471332E-09
674 .2350106E-09
675 .2237127E-09
676 .2156646E-09
677 .2106808E-09
678 .2026138E-09
679 .1965544E-09
680 .1919475E-09
681 .1878727E-09
682 .1865861E-09
683 .1846664E-09
684 .1881996E-09
685 .1835437E-09
686 .1676635E-09
687 .1600781E-09
688 .1574455E-09
689 .1670112E-09
690 .1743229E-09
691 .1806483E-09
692 .1872622E-09
693 .1921147E-09
694 .1944286E-09
695 .1968453E-09
696 .2015617E-09
697 .2044927E-09
698 .2050371E-09
699 .2053522E-09
700 .2149708E-09
701 .2270446E-09
702 .2248102E-09
703 .2260662E-09
704 .2215561E-09
705 .2188375E-09
706 .2230525E-09
707 .2157529E-09
708 .2150510E-09
709 .2224771E-09
710 .2247370E-09
711 .2215907E-09
712 .2272600E-09
713 .2275858E-09
714 .2277234E-09
715 .2347582E-09
716 .2334702E-09
717 .2371548E-09
718 .2548946E-09
719 .2643290E-09
720 .2752611E-09
721 .2714253E-09
722 .2703625E-09
723 .2766266E-09
724 .2918280E-09
725 .3033385E-09
726 .3335801E-09
727 .3275223E-09
728 .3135766E-09
729 .3058204E-09
730 .3096460E-09
731 .3120164E-09
732 .3073881E-09
733 .2975059E-09
734 .2925332E-09
735 .2875352E-09
736 .2829826E-09
737 .2819333E-09
738 .2792745E-09
739 .2780132E-09
740 .2780378E-09
741 .2783177E-09
742 .2840289E-09
743 .2838806E-09
744 .2838828E-09
745 .2834322E-09
746 .2827035E-09
747 .2817779E-09
748 .2752394E-09
749 .2670284E-09
750 .2571081E-09
751 .2456812E-09
752 .2277280E-09
753 .2127366E-09
754 .1994928E-09
755 .1973482E-09
756 .1805507E-09
757 .1527218E-09
758 .1490089E-09
759 .1437923E-09
760 .1383130E-09
761 .1015976E-09
762 .3776567E-10
763 .7395459E-10
764 .9201249E-10
765 .7506677E-10
766 .9484428E-10
767 .1145388E-09
768 .1410813E-09
769 .1502063E-09
770 .1573085E-09
771 .1661069E-09
772 .1662637E-09
773 .1614910E-09
774 .1712866E-09
775 .1670002E-09
776 .1601198E-09
777 .1642902E-09
778 .1622981E-09
779 .1613626E-09
780 .1511891E-09
781 .1497992E-09
782 .1494208E-09
783 .1369367E-09
784 .1355917E-09
785 .1344630E-09
786 .1282588E-09
787 .1182083E-09
788 .1153302E-09
789 .1087450E-09
790 .1008662E-09
791 .9673082E-10
792 .9525068E-10
793 .8738908E-10
794 .8007257E-10
795 .7530511E-10
796 .7427465E-10
797 .7172514E-10
798 .6475282E-10
799 .6135754E-10
800 .5834850E-10
801 .5934068E-10
802 .5455868E-10
803 .5257282E-10
804 .5094970E-10
805 .5100019E-10
806 .5038518E-10
807 .5144265E-10
808 .4966873E-10
809 .4517512E-10
810 .4822023E-10
811 .4639058E-10
812 .4740851E-10
813 .4534864E-10
814 .4859462E-10
815 .4487914E-10
816 .4395114E-10
817 .4717257E-10
818 .4239417E-10
819 .4077945E-10
820 .3901983E-10
821 .3438109E-10
822 .3168880E-10
823 .2752343E-10
824 .2339157E-10
825 .1666954E-10
826 .1592574E-10
827 .1378580E-10
828 .1360682E-10
829 .1399550E-10
830 .1026946E-10
831 .1064987E-10
832 .1279273E-10
833 .1215533E-10
834 .1253933E-10
835 .1544912E-10
836 .1321493E-10
837 .1525809E-10
838 .1826883E-10
839 .1783201E-10
840 .1748540E-10
841 .1822351E-10
842 .1879577E-10
843 .2237712E-10
844 .2516659E-10
845 .2743004E-10
846 .2899281E-10
847 .3150837E-10
848 .3768126E-10
849 .4417195E-10
850 .5051071E-10
851 .5548680E-10
852 .6048833E-10
853 .6678744E-10
854 .7459671E-10
855 .8745794E-10
856 .9634950E-10
857 .9559515E-10
858 .9363980E-10
859 .9284358E-10
860 .9427460E-10
861 .9491142E-10
862 .1035729E-09
863 .1058710E-09
864 .1023967E-09
865 .9832372E-10
866 .9398284E-10
867 .9081106E-10
868 .1004770E-09
869 .1105766E-09
870 .1078828E-09
871 .1021157E-09
872 .1004043E-09
873 .1019804E-09
874 .1075676E-09
875 .1233198E-09
876 .1267554E-09
877 .1158817E-09
878 .1095195E-09
879 .1207202E-09
880 .1315784E-09
881 .1316260E-09
882 .1292384E-09
883 .1223355E-09
884 .1108852E-09
885 .1106751E-09
886 .1154624E-09
887 .1259040E-09
888 .1242712E-09
889 .1118952E-09
890 .1020113E-09
891 .1007227E-09
892 .1048353E-09
893 .1071983E-09
894 .1032285E-09
895 .1038106E-09
896 .9994538E-10
897 .9524017E-10
898 .9118929E-10
899 .9052691E-10
900 .9512939E-10
901 .8643154E-10
902 .8362612E-10
903 .8606384E-10
904 .8324880E-10
905 .8063945E-10
906 .8375439E-10
907 .8402609E-10
908 .7997066E-10
909 .7846677E-10
910 .7864326E-10
911 .7940413E-10
912 .8357024E-10
913 .8544867E-10
914 .8387403E-10
915 .7862176E-10
916 .7638341E-10
917 .7700603E-10
918 .7441815E-10
919 .7579528E-10
920 .7493833E-10
921 .7577289E-10
922 .7874537E-10
923 .7997564E-10
924 .8642377E-10
925 .8955886E-10
926 .7865710E-10
927 .7513750E-10
928 .7180592E-10
929 .7005832E-10
930 .7381026E-10
931 .7535856E-10
932 .7425463E-10
933 .6793766E-10
934 .5657593E-10
935 .5814526E-10
936 .6029860E-10
937 .6282725E-10
938 .6070429E-10
939 .8782279E-10
940 .7862397E-10
941 .5212849E-10
942 .5804127E-10
943 .5645923E-10
944 .5693140E-10
945 .6234908E-10
946 .6528565E-10
947 .7222856E-10
948 .7073950E-10
949 .7098475E-10
950 .7070570E-10
951 .7214501E-10
952 .6436950E-10
953 .7501362E-10
954 .9527224E-10
955 .8680639E-10
956 .8245013E-10
957 .8338638E-10
958 .7424262E-10
959 .7296953E-10
960 .8002897E-10
961 .7813225E-10
962 .7628220E-10
963 .6965353E-10
964 .6306348E-10
965 .6491032E-10
966 .6390156E-10
967 .6401569E-10
968 .5903911E-10
969 .5302768E-10
970 .5840393E-10
971 .6031907E-10
972 .6132328E-10
973 .5748137E-10
974 .5593954E-10
975 .6023323E-10
976 .5436660E-10
977 .5865335E-10
978 .6341664E-10
979 .5850680E-10
980 .6678019E-10
981 .6829229E-10
982 .6123897E-10
983 .6398115E-10
984 .6864731E-10
985 .7646307E-10
986 .7859014E-10
987 .7901145E-10
988 .9387581E-10
989 .9283557E-10
990 .8468151E-10
991 .8348024E-10
992 .8993855E-10
993 .9318193E-10
994 .9335437E-10
995 .9024958E-10
996 .9315342E-10
997 .1080915E-09
998 .9586930E-10
999 .9418638E-10
1000 .9795257E-10
1001 .9731555E-10
1002 .9667734E-10
1003 .9603818E-10
1004 .9539780E-10
1005 .9475642E-10
1006 .9411378E-10
1007 .9347033E-10
1008 .9282556E-10
1009 .9217988E-10
1010 .9153300E-10
1011 .9088519E-10
1012 .9023639E-10
1013 .8958644E-10
1014 .8893553E-10
1015 .8828351E-10
1016 .8763055E-10
1017 .8697650E-10
1018 .8632146E-10
1019 .8566544E-10
1020 .8500839E-10
1021 .8435043E-10
1022 .8369136E-10
1023 .8303136E-10
1024 .8237033E-10
1025 .8170847E-10
1026 .8104552E-10
1027 .8038169E-10
1028 .7971680E-10
1029 .7905110E-10
1030 .7838431E-10
1031 .7771671E-10
1032 .7704806E-10
1033 .7637857E-10
1034 .7570814E-10
1035 .7503681E-10
1036 .7436454E-10
1037 .7369140E-10
1038 .7301727E-10
1039 .7234236E-10
1040 .7166648E-10
1041 .7098980E-10
1042 .7031215E-10
1043 .6963367E-10
1044 .6895436E-10
1045 .6827410E-10
1046 .6759310E-10
1047 .6691120E-10
1048 .6622845E-10
1049 .6554488E-10
1050 .6486047E-10
1051 .6417526E-10
1052 .6348921E-10
1053 .6280234E-10
1054 .6211469E-10
1055 .6142623E-10
1056 .6073700E-10
1057 .6004695E-10
1058 .5935611E-10
1059 .5866453E-10
1060 .5797217E-10
1061 .5727903E-10
1062 .5658513E-10
1063 .5589048E-10
1064 .5519510E-10
1065 .5449896E-10
1066 .5380209E-10
1067 .5310446E-10
1068 .5240610E-10
1069 .5170705E-10
1070 .5100729E-10
1071 .5030678E-10
1072 .4960557E-10
1073 .4890363E-10
1074 .4820108E-10
1075 .4749775E-10
1076 .4679377E-10
1077 .4608910E-10
1078 .4538372E-10
1079 .4467769E-10
1080 .4397101E-10
1081 .4326362E-10
1082 .4255561E-10
1083 .4184689E-10
1084 .4113757E-10
1085 .4042759E-10
1086 .3971691E-10
1087 .3900562E-10
1088 .3829372E-10
1089 .3758116E-10
1090 .3686798E-10
1091 .3615416E-10
1092 .3543972E-10
1093 .3472469E-10
1094 .3400902E-10
1095 .3329273E-10
1096 .3257584E-10
1097 .3185836E-10
1098 .3114027E-10
1099 .3042158E-10
1100 .2970231E-10
1101 .2898243E-10
1102 .2826199E-10
1103 .2754093E-10
1104 .2681931E-10
1105 .2609711E-10
1106 .2537436E-10
1107 .2465100E-10
1108 .2392708E-10
1109 .2320263E-10
1110 .2247756E-10
1111 .2175197E-10
1112 .2102582E-10
1113 .2029909E-10
1114 .1957184E-10
1115 .1884402E-10
1116 .1811567E-10
1117 .1738676E-10
1118 .1665731E-10
1119 .1592732E-10
1120 .1519679E-10
1121 .1446573E-10
1122 .1373413E-10
1123 .1300201E-10
1124 .1226935E-10
1125 .1153617E-10
1126 .1080246E-10
1127 .1006822E-10
1128 .9333470E-11
1129 .8598205E-11
1130 .7862406E-11
1131 .7865031E-11
1132 .7867656E-11
1133 .7870267E-11
1134 .7872877E-11
1135 .7875489E-11
1136 .7878092E-11
1137 .7880697E-11
1138 .7883289E-11
1139 .7885882E-11
1140 .7888475E-11
1141 .7891059E-11
1142 .7893647E-11
1143 .7896222E-11
1144 .7898798E-11
1145 .7901375E-11
1146 .7903948E-11
1147 .7906515E-11
1148 .7909084E-11
1149 .7911653E-11
1150 .7914211E-11
1151 .7916770E-11
1152 .7919330E-11
1153 .7921891E-11
1154 .7924446E-11
1155 .7927005E-11
1156 .7929561E-11
1157 .7932112E-11
1158 .7934666E-11
1159 .7937216E-11
1160 .7939781E-11
1161 .7942329E-11
1162 .7944882E-11
1163 .7947435E-11
1164 .7949990E-11
1165 .7952546E-11
1166 .7955098E-11
1167 .7957657E-11
1168 .7960214E-11
1169 .7962774E-11
1170 .7965334E-11
1171 .7967896E-11
1172 .7970457E-11
1173 .7973028E-11
1174 .7975586E-11
1175 .7978162E-11
1176 .7980728E-11
1177 .7983310E-11
1178 .7985885E-11
1179 .7988465E-11
1180 .7991047E-11
1181 .7993635E-11
1182 .7996224E-11
1183 .7998819E-11
1184 .8001410E-11
1185 .8004017E-11
1186 .8006620E-11
1187 .8009230E-11
1188 .8011843E-11
1189 .8014461E-11
1190 .8017078E-11
1191 .8019709E-11
1192 .8022343E-11
1193 .8024983E-11
1194 .8027628E-11
1195 .8030276E-11
1196 .8032935E-11
1197 .8035595E-11
1198 .8038265E-11
1199 .8040930E-11
1200 .8043614E-11
1201 .8046300E-11
1202 .8048992E-11
1203 .8051693E-11
1204 .8054397E-11
1205 .8057116E-11
1206 .8059836E-11
1207 .8062560E-11
1208 .8065296E-11
1209 .8068046E-11
1210 .8070798E-11
1211 .8073558E-11
1212 .8076337E-11
1213 .8079108E-11
1214 .8081898E-11
1215 .8084694E-11
1216 .8087502E-11
1217 .8090311E-11
1218 .8093138E-11
1219 .8095970E-11
1220 .8098818E-11
1221 .8101670E-11
1222 .8104535E-11
1223 .8107406E-11
1224 .8110298E-11
1225 .8113190E-11
1226 .8116095E-11
1227 .8119012E-11
1228 .8121938E-11
1229 .8124882E-11
1230 .8127837E-11
1231 .8130795E-11
1232 .8133768E-11
1233 .8136756E-11
1234 .8139761E-11
1235 .8142768E-11
1236 .8145794E-11
1237 .8148829E-11
1238 .8151879E-11
1239 .8154940E-11
1240 .8158026E-11
1241 .8161113E-11
1242 .8164215E-11
1243 .8167326E-11
1244 .8170463E-11
1245 .8173610E-11
1246 .8176769E-11
1247 .8179943E-11
1248 .8183136E-11
1249 .8186340E-11
1250 .8189558E-11
1251 .8193872E-11
1252 .8198199E-11
1253 .8202546E-11
1254 .8206900E-11
1255 .8211275E-11
1256 .8215664E-11
1257 .8220066E-11
1258 .8224488E-11
1259 .8228916E-11
1260 .8233358E-11
1261 .8237831E-11
1262 .8242306E-11
1263 .8246807E-11
1264 .8251319E-11
1265 .8255843E-11
1266 .8260394E-11
1267 .8264958E-11
1268 .8269536E-11
1269 .8274135E-11
1270 .8278752E-11
1271 .8283390E-11
1272 .8288039E-11
1273 .8292712E-11
1274 .8297405E-11
1275 .8302104E-11
1276 .8306829E-11
1277 .8311575E-11
1278 .8316335E-11
1279 .8321117E-11
1280 .8325921E-11
1281 .8330744E-11
1282 .8335583E-11
1283 .8340447E-11
1284 .8345327E-11
1285 .8350229E-11
1286 .8355150E-11
1287 .8360096E-11
1288 .8365058E-11
1289 .8370044E-11
1290 .8375046E-11
1291 .8380067E-11
1292 .8385117E-11
1293 .8390176E-11
1294 .8395265E-11
1295 .8400360E-11
1296 .8405480E-11
1297 .8410626E-11
1298 .8415785E-11
1299 .8420967E-11
1300 .8426169E-11
1301 .8431383E-11
1302 .8436618E-11
1303 .8441876E-11
1304 .8447151E-11
1305 .8452443E-11
1306 .8457762E-11
1307 .8463084E-11
1308 .8468432E-11
1309 .8473802E-11
1310 .8479190E-11
1311 .8484593E-11
1312 .8490010E-11
1313 .8495449E-11
1314 .8500908E-11
1315 .8506379E-11
1316 .8511868E-11
1317 .8517381E-11
1318 .8522903E-11
1319 .8528440E-11
1320 .8534006E-11
1321 .8539586E-11
1322 .8545180E-11
1323 .8550788E-11
1324 .8556417E-11
1325 .8562063E-11
1326 .8567722E-11
1327 .8573391E-11
1328 .8579090E-11
1329 .8584798E-11
1330 .8590523E-11
1331 .8596261E-11
1332 .8602014E-11
1333 .8607792E-11
1334 .8613576E-11
1335 .8619380E-11
1336 .8625196E-11
1337 .8631034E-11
1338 .8636878E-11
1339 .8642737E-11
1340 .8648620E-11
1341 .8654516E-11
1342 .8660418E-11
1343 .8666345E-11
1344 .8672277E-11
1345 .8678231E-11
1346 .8684197E-11
1347 .8690170E-11
1348 .8696164E-11
1349 .8702172E-11
1350 .8708187E-11
1351 .8714223E-11
1352 .8720267E-11
1353 .8726333E-11
1354 .8732408E-11
1355 .8738490E-11
1356 .8744593E-11
1357 .8750698E-11
1358 .8756828E-11
1359 .8762967E-11
1360 .8769120E-11
1361 .8775286E-11
1362 .8781456E-11
1363 .8787638E-11
1364 .8793841E-11
1365 .8800053E-11
1366 .8806269E-11
1367 .8812505E-11
1368 .8818751E-11
1369 .8825011E-11
1370 .8831281E-11
1371 .8859824E-11
1372 .8888394E-11
1373 .8917026E-11
1374 .8945677E-11
1375 .8974382E-11
1376 .9003126E-11
1377 .9031906E-11
1378 .9060729E-11
1379 .9089594E-11
1380 .9118494E-11
1381 .9147433E-11
1382 .9176424E-11
1383 .9205450E-11
1384 .9234513E-11
1385 .9263611E-11
1386 .9292757E-11
1387 .9321950E-11
1388 .9351164E-11
1389 .9380425E-11
1390 .9409726E-11
1391 .9439064E-11
1392 .9468442E-11
1393 .9497861E-11
1394 .9527331E-11
1395 .9556810E-11
1396 .9586361E-11
1397 .9615929E-11
1398 .9645532E-11
1399 .9675179E-11
1400 .9704870E-11
1401 .9734592E-11
1402 .9764354E-11
1403 .9794162E-11
1404 .9824004E-11
1405 .9853877E-11
1406 .9883792E-11
1407 .9913750E-11
1408 .9943732E-11
1409 .9973765E-11
1410 .1000384E-10
1411 .1003393E-10
1412 .1006407E-10
1413 .1009424E-10
1414 .1012445E-10
1415 .1015470E-10
1416 .1018499E-10
1417 .1021531E-10
1418 .1024565E-10
1419 .1027606E-10
1420 .1030649E-10
1421 .1033695E-10
1422 .1036743E-10
1423 .1039797E-10
1424 .1042854E-10
1425 .1045914E-10
1426 .1048978E-10
1427 .1052045E-10
1428 .1055118E-10
1429 .1058190E-10
1430 .1061269E-10
1431 .1064350E-10
1432 .1067435E-10
1433 .1070522E-10
1434 .1073614E-10
1435 .1076707E-10
1436 .1079806E-10
1437 .1082906E-10
1438 .1086011E-10
1439 .1089119E-10
1440 .1092229E-10
1441 .1095343E-10
1442 .1098461E-10
1443 .1101581E-10
1444 .1104705E-10
1445 .1107832E-10
1446 .1110961E-10
1447 .1114094E-10
1448 .1117232E-10
1449 .1120371E-10
1450 .1123513E-10
1451 .1126657E-10
1452 .1129806E-10
1453 .1132959E-10
1454 .1136113E-10
1455 .1139271E-10
1456 .1142431E-10
1457 .1145593E-10
1458 .1148759E-10
1459 .1151928E-10
1460 .1155100E-10
1461 .1158275E-10
1462 .1161453E-10
1463 .1164633E-10
1464 .1167817E-10
1465 .1171002E-10
1466 .1174191E-10
1467 .1177381E-10
1468 .1180575E-10
1469 .1183772E-10
1470 .1186971E-10
1471 .1190172E-10
1472 .1193377E-10
1473 .1196585E-10
1474 .1199794E-10
1475 .1203006E-10
1476 .1206220E-10
1477 .1209437E-10
1478 .1212656E-10
1479 .1215878E-10
1480 .1219102E-10
1481 .1222329E-10
1482 .1225556E-10
1483 .1228788E-10
1484 .1232021E-10
1485 .1235258E-10
1486 .1238495E-10
1487 .1241736E-10
1488 .1244978E-10
1489 .1248222E-10
1490 .1251470E-10
1491 .1254718E-10
1492 .1257970E-10
1493 .1261223E-10
1494 .1264479E-10
1495 .1267738E-10
1496 .1270998E-10
1497 .1274261E-10
1498 .1277525E-10
1499 .1280792E-10
1500 .1284060E-10
1501 .1284905E-10
1502 .1285749E-10
1503 .1286594E-10
1504 .1287435E-10
1505 .1288277E-10
1506 .1289119E-10
1507 .1289957E-10
1508 .1290796E-10
1509 .1291634E-10
1510 .1292471E-10
1511 .1293308E-10
1512 .1294144E-10
1513 .1294977E-10
1514 .1295809E-10
1515 .1296642E-10
1516 .1297474E-10
1517 .1298305E-10
1518 .1299132E-10
1519 .1299961E-10
1520 .1300789E-10
1521 .1301616E-10
1522 .1302441E-10
1523 .1303264E-10
1524 .1304087E-10
1525 .1304909E-10
1526 .1305730E-10
1527 .1306550E-10
1528 .1307369E-10
1529 .1308188E-10
1530 .1309002E-10
1531 .1309818E-10
1532 .1310634E-10
1533 .1311446E-10
1534 .1312259E-10
1535 .1313070E-10
1536 .1313881E-10
1537 .1314689E-10
1538 .1315498E-10
1539 .1316303E-10
1540 .1317109E-10
1541 .1317915E-10
1542 .1318717E-10
1543 .1319518E-10
1544 .1320319E-10
1545 .1321120E-10
1546 .1321918E-10
1547 .1322715E-10
1548 .1323512E-10
1549 .1324306E-10
1550 .1325100E-10
1551 .1325891E-10
1552 .1326684E-10
1553 .1327472E-10
1554 .1328262E-10
1555 .1329049E-10
1556 .1329835E-10
1557 .1330620E-10
1558 .1331404E-10
1559 .1332186E-10
1560 .1332967E-10
1561 .1333747E-10
1562 .1334524E-10
1563 .1335302E-10
1564 .1336078E-10
1565 .1336853E-10
1566 .1337626E-10
1567 .1338397E-10
1568 .1339168E-10
1569 .1339937E-10
1570 .1340704E-10
1571 .1341471E-10
1572 .1342235E-10
1573 .1342999E-10
1574 .1343761E-10
1575 .1344522E-10
1576 .1345281E-10
1577 .1346039E-10
1578 .1346796E-10
1579 .1347550E-10
1580 .1348304E-10
1581 .1349056E-10
1582 .1349807E-10
1583 .1350555E-10
1584 .1351304E-10
1585 .1352050E-10
1586 .1352796E-10
1587 .1353538E-10
1588 .1354280E-10
1589 .1355020E-10
1590 .1355759E-10
1591 .1356497E-10
1592 .1357231E-10
1593 .1357966E-10
1594 .1358699E-10
1595 .1359430E-10
1596 .1360159E-10
1597 .1360888E-10
1598 .1361614E-10
1599 .1362338E-10
1600 .1363061E-10
1601 .1363783E-10
1602 .1364503E-10
1603 .1365221E-10
1604 .1365937E-10
1605 .1366652E-10
1606 .1367367E-10
1607 .1368078E-10
1608 .1368788E-10
1609 .1369496E-10
1610 .1370204E-10
1611 .1370908E-10
1612 .1371612E-10
1613 .1372313E-10
1614 .1373015E-10
1615 .1373711E-10
1616 .1374408E-10
1617 .1375103E-10
1618 .1375797E-10
1619 .1376487E-10
1620 .1377178E-10
1621 .1377865E-10
1622 .1378550E-10
1623 .1379236E-10
1624 .1379917E-10
1625 .1380598E-10
1626 .1380697E-10
1627 .1380798E-10
1628 .1380896E-10
1629 .1380991E-10
1630 .1381086E-10
1631 .1381181E-10
1632 .1381273E-10
1633 .1381364E-10
1634 .1381456E-10
1635 .1381544E-10
1636 .1381631E-10
1637 .1381718E-10
1638 .1381804E-10
1639 .1381888E-10
1640 .1381971E-10
1641 .1382052E-10
1642 .1382132E-10
1643 .1382211E-10
1644 .1382289E-10
1645 .1382364E-10
1646 .1382439E-10
1647 .1382513E-10
1648 .1382584E-10
1649 .1382655E-10
1650 .1382724E-10
1651 .1382792E-10
1652 .1382858E-10
1653 .1382925E-10
1654 .1382988E-10
1655 .1383050E-10
1656 .1383111E-10
1657 .1383170E-10
1658 .1383228E-10
1659 .1383285E-10
1660 .1383339E-10
1661 .1383394E-10
1662 .1383446E-10
1663 .1383497E-10
1664 .1383547E-10
1665 .1383595E-10
1666 .1383642E-10
1667 .1383686E-10
1668 .1383729E-10
1669 .1383771E-10
1670 .1383811E-10
1671 .1383850E-10
1672 .1383888E-10
1673 .1383922E-10
1674 .1383957E-10
1675 .1383990E-10
1676 .1384020E-10
1677 .1384050E-10
1678 .1384078E-10
1679 .1384105E-10
1680 .1384129E-10
1681 .1384153E-10
1682 .1384174E-10
1683 .1384194E-10
1684 .1384214E-10
1685 .1384229E-10
1686 .1384246E-10
1687 .1384258E-10
1688 .1384272E-10
1689 .1384282E-10
1690 .1384291E-10
1691 .1384298E-10
1692 .1384304E-10
1693 .1384308E-10
1694 .1384312E-10
1695 .1384313E-10
1696 .1384313E-10
1697 .1384312E-10
1698 .1384309E-10
1699 .1384304E-10
1700 .1384299E-10
1701 .1384292E-10
1702 .1384283E-10
1703 .1384273E-10
1704 .1384262E-10
1705 .1384249E-10
1706 .1384235E-10
1707 .1384218E-10
1708 .1384202E-10
1709 .1384183E-10
1710 .1384162E-10
1711 .1384141E-10
1712 .1384119E-10
1713 .1384094E-10
1714 .1384069E-10
1715 .1384042E-10
1716 .1384014E-10
1717 .1383984E-10
1718 .1383954E-10
1719 .1383922E-10
1720 .1383888E-10
1721 .1383853E-10
1722 .1383818E-10
1723 .1383779E-10
1724 .1383742E-10
1725 .1383702E-10
1726 .1383660E-10
1727 .1383618E-10
1728 .1383574E-10
1729 .1383530E-10
1730 .1383483E-10
1731 .1383436E-10
1732 .1383388E-10
1733 .1383338E-10
1734 .1383287E-10
1735 .1383234E-10
1736 .1383181E-10
1737 .1383127E-10
1738 .1383072E-10
1739 .1383013E-10
1740 .1382956E-10
1741 .1382897E-10
1742 .1382835E-10
1743 .1382775E-10
1744 .1382711E-10
1745 .1382649E-10
1746 .1382583E-10
1747 .1382517E-10
1748 .1382450E-10
1749 .1382382E-10
1750 .1382312E-10
1751 .1382243E-10
1752 .1382169E-10
1753 .1382100E-10
1754 .1382024E-10
1755 .1381950E-10
1756 .1381875E-10
1757 .1381798E-10
1758 .1381719E-10
1759 .1381641E-10
1760 .1381561E-10
1761 .1381480E-10
1762 .1381399E-10
1763 .1381316E-10
1764 .1381233E-10
1765 .1381148E-10
1766 .1381062E-10
1767 .1380976E-10
1768 .1380887E-10
1769 .1380799E-10
1770 .1380712E-10
1771 .1380620E-10
1772 .1380530E-10
1773 .1380437E-10
1774 .1380343E-10
1775 .1380249E-10
1776 .1380154E-10
1777 .1380059E-10
1778 .1379960E-10
1779 .1379864E-10
1780 .1379764E-10
1781 .1379665E-10
1782 .1379566E-10
1783 .1379464E-10
1784 .1379364E-10
1785 .1379260E-10
1786 .1379158E-10
1787 .1379053E-10
1788 .1378947E-10
1789 .1378842E-10
1790 .1378735E-10
1791 .1378627E-10
1792 .1378520E-10
1793 .1378411E-10
1794 .1378302E-10
1795 .1378192E-10
1796 .1378079E-10
1797 .1377968E-10
1798 .1377856E-10
1799 .1377741E-10
1800 .1377627E-10
1801 .1372975E-10
1802 .1368323E-10
1803 .1363671E-10
1804 .1359019E-10
1805 .1354367E-10
1806 .1349715E-10
1807 .1345064E-10
1808 .1340413E-10
1809 .1335762E-10
1810 .1331110E-10
1811 .1326460E-10
1812 .1321808E-10
1813 .1317157E-10
1814 .1312507E-10
1815 .1307858E-10
1816 .1303207E-10
1817 .1298558E-10
1818 .1293909E-10
1819 .1289259E-10
1820 .1284612E-10
1821 .1279962E-10
1822 .1275315E-10
1823 .1270666E-10
1824 .1266021E-10
1825 .1261373E-10
1826 .1256726E-10
1827 .1252079E-10
1828 .1247435E-10
1829 .1242788E-10
1830 .1238144E-10
1831 .1233500E-10
1832 .1228856E-10
1833 .1224213E-10
1834 .1219569E-10
1835 .1214924E-10
1836 .1210284E-10
1837 .1205642E-10
1838 .1201001E-10
1839 .1196361E-10
1840 .1191721E-10
1841 .1187081E-10
1842 .1182441E-10
1843 .1177803E-10
1844 .1173166E-10
1845 .1168529E-10
1846 .1163891E-10
1847 .1159256E-10
1848 .1154621E-10
1849 .1149986E-10
1850 .1145352E-10
1851 .1140719E-10
1852 .1136086E-10
1853 .1131453E-10
1854 .1126822E-10
1855 .1122190E-10
1856 .1117561E-10
1857 .1112931E-10
1858 .1108304E-10
1859 .1103676E-10
1860 .1099048E-10
1861 .1094422E-10
1862 .1089796E-10
1863 .1085170E-10
1864 .1080547E-10
1865 .1075924E-10
1866 .1071301E-10
1867 .1066679E-10
1868 .1062058E-10
1869 .1057438E-10
1870 .1052818E-10
1871 .1048200E-10
1872 .1043581E-10
1873 .1038964E-10
1874 .1034348E-10
1875 .1029734E-10
1876 .1025119E-10
1877 .1020504E-10
1878 .1015893E-10
1879 .1011280E-10
1880 .1006670E-10
1881 .1002060E-10
1882 .9974509E-11
1883 .9928429E-11
1884 .9882345E-11
1885 .9836278E-11
1886 .9790228E-11
1887 .9744188E-11
1888 .9698143E-11
1889 .9652117E-11
1890 .9606097E-11
1891 .9560098E-11
1892 .9514092E-11
1893 .9468097E-11
1894 .9422125E-11
1895 .9376159E-11
1896 .9330197E-11
1897 .9284243E-11
1898 .9238300E-11
1899 .9192366E-11
1900 .9146450E-11
1901 .9100531E-11
1902 .9054644E-11
1903 .9008751E-11
1904 .8962861E-11
1905 .8916992E-11
1906 .8871132E-11
1907 .8825288E-11
1908 .8779448E-11
1909 .8733614E-11
1910 .8687795E-11
1911 .8641983E-11
1912 .8596188E-11
1913 .8550400E-11
1914 .8504614E-11
1915 .8458853E-11
1916 .8413095E-11
1917 .8367346E-11
1918 .8321615E-11
1919 .8275890E-11
1920 .8230179E-11
1921 .8184471E-11
1922 .8138781E-11
1923 .8093095E-11
1924 .8047422E-11
1925 .8001768E-11
1926 .7956118E-11
1927 .7910472E-11
1928 .7864849E-11
1929 .7819230E-11
1930 .7773626E-11
1931 .7728025E-11
1932 .7682445E-11
1933 .7636870E-11
1934 .7591307E-11
1935 .7545760E-11
1936 .7500215E-11
1937 .7454680E-11
1938 .7409164E-11
1939 .7363658E-11
1940 .7318162E-11
1941 .7272670E-11
1942 .7227202E-11
1943 .7181735E-11
1944 .7136284E-11
1945 .7090840E-11
1946 .7045410E-11
1947 .6999989E-11
1948 .6954582E-11
1949 .6909186E-11
1950 .6863799E-11
1951 .6818421E-11
1952 .6773058E-11
1953 .6727704E-11
1954 .6682359E-11
1955 .6637028E-11
1956 .6591710E-11
1957 .6546399E-11
1958 .6501099E-11
1959 .6455812E-11
1960 .6410534E-11
1961 .6365272E-11
1962 .6320014E-11
1963 .6274772E-11
1964 .6229535E-11
1965 .6184311E-11
1966 .6139102E-11
1967 .6093899E-11
1968 .6048708E-11
1969 .6003525E-11
1970 .5958356E-11
1971 .5913196E-11
1972 .5868047E-11
1973 .5822907E-11
1974 .5777782E-11
1975 .5732662E-11
1976 .5687555E-11
1977 .5642459E-11
1978 .5597367E-11
1979 .5552292E-11
1980 .5507223E-11
1981 .5462167E-11
1982 .5417116E-11
1983 .5372083E-11
1984 .5327051E-11
1985 .5282036E-11
1986 .5237025E-11
1987 .5192026E-11
1988 .5147038E-11
1989 .5102058E-11
1990 .5057091E-11
1991 .5012127E-11
1992 .4967177E-11
1993 .4922234E-11
1994 .4877305E-11
1995 .4832381E-11
1996 .4787467E-11
1997 .4742563E-11
1998 .4697670E-11
1999 .4652783E-11
2000 .4607906E-11
2001 .4563040E-11
2002 .4518182E-11
2003 .4473333E-11
2004 .4428491E-11
2005 .4383658E-11
2006 .4338838E-11
2007 .4294024E-11
2008 .4249217E-11
2009 .4204419E-11
2010 .4159631E-11
2011 .4159296E-11
2012 .4158961E-11
2013 .4158626E-11
2014 .4158294E-11
2015 .4157965E-11
2016 .4157638E-11
2017 .4157310E-11
2018 .4156983E-11
2019 .4156658E-11
2020 .4156334E-11
2021 .4156009E-11
2022 .4155689E-11
2023 .4155370E-11
2024 .4155053E-11
2025 .4154734E-11
2026 .4154421E-11
2027 .4154107E-11
2028 .4153795E-11
2029 .4153481E-11
2030 .4153171E-11
2031 .4152866E-11
2032 .4152560E-11
2033 .4152254E-11
2034 .4151950E-11
2035 .4151649E-11
2036 .4151348E-11
2037 .4151047E-11
2038 .4150750E-11
2039 .4150453E-11
2040 .4150155E-11
2041 .4149863E-11
2042 .4149571E-11
2043 .4149280E-11
2044 .4148989E-11
2045 .4148702E-11
2046 .4148414E-11
2047 .4148130E-11
2048 .4147847E-11
2049 .4147561E-11
2050 .4147282E-11
2051 .4147003E-11
2052 .4146727E-11
2053 .4146447E-11
2054 .4146171E-11
2055 .4145901E-11
2056 .4145625E-11
2057 .4145355E-11
2058 .4145085E-11
2059 .4144814E-11
2060 .4144550E-11
2061 .4144285E-11
2062 .4144022E-11
2063 .4143758E-11
2064 .4143498E-11
2065 .4143237E-11
2066 .4142976E-11
2067 .4142723E-11
2068 .4142465E-11
2069 .4142212E-11
2070 .4141960E-11
2071 .4141705E-11
2072 .4141457E-11
2073 .4141210E-11
2074 .4140966E-11
2075 .4140719E-11
2076 .4140474E-11
2077 .4140232E-11
2078 .4139988E-11
2079 .4139753E-11
2080 .4139512E-11
2081 .4139275E-11
2082 .4139041E-11
2083 .4138808E-11
2084 .4138573E-11
2085 .4138341E-11
2086 .4138112E-11
2087 .4137883E-11
2088 .4137656E-11
2089 .4137430E-11
2090 .4137207E-11
2091 .4136984E-11
2092 .4136763E-11
2093 .4136544E-11
2094 .4136325E-11
2095 .4136110E-11
2096 .4135892E-11
2097 .4135678E-11
2098 .4135467E-11
2099 .4135256E-11
2100 .4135045E-11
2101 .4134837E-11
2102 .4134632E-11
2103 .4134424E-11
2104 .4134219E-11
2105 .4134016E-11
2106 .4133815E-11
2107 .4133616E-11
2108 .4133419E-11
2109 .4133223E-11
2110 .4133027E-11
2111 .4132834E-11
2112 .4132642E-11
2113 .4132451E-11
2114 .4132258E-11
2115 .4132070E-11
2116 .4131883E-11
2117 .4131700E-11
2118 .4131516E-11
2119 .4131334E-11
2120 .4131149E-11
2121 .4130973E-11
2122 .4130792E-11
2123 .4130618E-11
2124 .4130444E-11
2125 .4130268E-11
2126 .4130096E-11
2127 .4129924E-11
2128 .4129756E-11
2129 .4129586E-11
2130 .4129420E-11
2131 .4129255E-11
2132 .4129091E-11
2133 .4128929E-11
2134 .4128767E-11
2135 .4128608E-11
2136 .4128451E-11
2137 .4128294E-11
2138 .4128138E-11
2139 .4127983E-11
2140 .4127832E-11
2141 .4127683E-11
2142 .4127533E-11
2143 .4127387E-11
2144 .4127236E-11
2145 .4127093E-11
2146 .4126949E-11
2147 .4126808E-11
2148 .4126668E-11
2149 .4126527E-11
2150 .4126389E-11
2151 .4126255E-11
2152 .4126120E-11
2153 .4125985E-11
2154 .4125853E-11
2155 .4125723E-11
2156 .4125596E-11
2157 .4125470E-11
2158 .4125341E-11
2159 .4125216E-11
2160 .4125091E-11
2161 .4124970E-11
2162 .4124852E-11
2163 .4124732E-11
2164 .4124614E-11
2165 .4124500E-11
2166 .4124383E-11
2167 .4124272E-11
2168 .4124160E-11
2169 .4124050E-11
2170 .4123940E-11
2171 .4123836E-11
2172 .4123728E-11
2173 .4123622E-11
2174 .4123520E-11
2175 .4123419E-11
2176 .4123319E-11
2177 .4123221E-11
2178 .4123125E-11
2179 .4123030E-11
2180 .4122932E-11
2181 .4122841E-11
2182 .4122748E-11
2183 .4122660E-11
2184 .4122571E-11
2185 .4122486E-11
2186 .4122400E-11
2187 .4122315E-11
2188 .4122234E-11
2189 .4122155E-11
2190 .4122075E-11
2191 .4121996E-11
2192 .4121917E-11
2193 .4121845E-11
2194 .4121771E-11
2195 .4121699E-11
2196 .4121628E-11
2197 .4121559E-11
2198 .4121492E-11
2199 .4121423E-11
2200 .4121361E-11
2201 .4121296E-11
2202 .4121235E-11
2203 .4121175E-11
2204 .4121116E-11
2205 .4121058E-11
2206 .4121004E-11
2207 .4120948E-11
2208 .4120896E-11
2209 .4120844E-11
2210 .4120793E-11
2211 .4120743E-11
2212 .4120694E-11
2213 .4120656E-11
2214 .4120607E-11
2215 .4120564E-11
2216 .4120526E-11
2217 .4120485E-11
2218 .4120447E-11
2219 .4120412E-11
2220 .4120376E-11
2221 .4120342E-11
2222 .4120309E-11
2223 .4120280E-11
2224 .4120251E-11
2225 .4120222E-11
2226 .4120196E-11
2227 .4120170E-11
2228 .4120148E-11
2229 .4120125E-11
2230 .4120105E-11
2231 .4120084E-11
2232 .4120068E-11
2233 .4120054E-11
2234 .4120039E-11
2235 .4120026E-11
2236 .4120014E-11
2237 .4120004E-11
2238 .4119996E-11
2239 .4119990E-11
2240 .4119984E-11
2241 .4119981E-11
2242 .4119978E-11
2243 .4119977E-11
2244 .4119977E-11
2245 .4119978E-11
2246 .4119981E-11
2247 .4119987E-11
2248 .4119993E-11
2249 .4119999E-11
2250 .4120008E-11
2251 .4120021E-11
2252 .4120033E-11
2253 .4120045E-11
2254 .4120059E-11
2255 .4120074E-11
2256 .4120093E-11
2257 .4120112E-11
2258 .4120132E-11
2259 .4120155E-11
2260 .4120177E-11
2261 .4120201E-11
2262 .4120226E-11
2263 .4120254E-11
2264 .4120282E-11
2265 .4120312E-11
2266 .4120345E-11
2267 .4120378E-11
2268 .4120410E-11
2269 .4120446E-11
2270 .4120484E-11
2271 .4120519E-11
2272 .4120558E-11
2273 .4120599E-11
2274 .4120643E-11
2275 .4120684E-11
2276 .4120728E-11
2277 .4120774E-11
2278 .4120821E-11
2279 .4120869E-11
2280 .4120917E-11
2281 .4120969E-11
2282 .4121018E-11
2283 .4121072E-11
2284 .4121128E-11
2285 .4121187E-11
2286 .4121242E-11
2287 .4121299E-11
2288 .4121361E-11
2289 .4121419E-11
2290 .4121481E-11
2291 .4121543E-11
2292 .4121609E-11
2293 .4121672E-11
2294 .4121739E-11
2295 .4121806E-11
2296 .4121875E-11
2297 .4121946E-11
2298 .4122017E-11
2299 .4122091E-11
2300 .4122165E-11
2301 .4122241E-11
2302 .4122317E-11
2303 .4122392E-11
2304 .4122471E-11
2305 .4122552E-11
2306 .4122630E-11
2307 .4122713E-11
2308 .4122796E-11
2309 .4122877E-11
2310 .4122967E-11
2311 .4123052E-11
2312 .4123138E-11
2313 .4123226E-11
2314 .4123314E-11
2315 .4123405E-11
2316 .4123498E-11
2317 .4123592E-11
2318 .4123684E-11
2319 .4123780E-11
2320 .4123873E-11
2321 .4123970E-11
2322 .4124068E-11
2323 .4124167E-11
2324 .4124270E-11
2325 .4124370E-11
2326 .4124473E-11
2327 .4124576E-11
2328 .4124681E-11
2329 .4124784E-11
2330 .4124892E-11
2331 .4124999E-11
2332 .4125107E-11
2333 .4125215E-11
2334 .4125326E-11
2335 .4125437E-11
2336 .4125553E-11
2337 .4125661E-11
2338 .4125778E-11
2339 .4125894E-11
2340 .4126007E-11
2341 .4126125E-11
2342 .4126244E-11
2343 .4126365E-11
2344 .4126479E-11
2345 .4126604E-11
2346 .4126726E-11
2347 .4126849E-11
2348 .4126972E-11
2349 .4127097E-11
2350 .4127222E-11
2351 .4127349E-11
2352 .4127475E-11
2353 .4127600E-11
2354 .4127733E-11
2355 .4127862E-11
2356 .4127995E-11
2357 .4128125E-11
2358 .4128259E-11
2359 .4128393E-11
2360 .4128525E-11
2361 .4128661E-11
2362 .4128796E-11
2363 .4128933E-11
2364 .4129071E-11
2365 .4129211E-11
2366 .4129345E-11
2367 .4129488E-11
2368 .4129629E-11
2369 .4129772E-11
2370 .4129914E-11
2371 .4130060E-11
2372 .4130201E-11
2373 .4130347E-11
2374 .4130492E-11
2375 .4130639E-11
2376 .4130787E-11
2377 .4130934E-11
2378 .4131083E-11
2379 .4131232E-11
2380 .4131383E-11
2381 .4131534E-11
2382 .4131686E-11
2383 .4131839E-11
2384 .4131992E-11
2385 .4132146E-11
2386 .4132303E-11
2387 .4132459E-11
2388 .4132613E-11
2389 .4132769E-11
2390 .4132926E-11
2391 .4133086E-11
2392 .4133244E-11
2393 .4133404E-11
2394 .4133565E-11
2395 .4133727E-11
2396 .4133889E-11
2397 .4134050E-11
2398 .4134212E-11
2399 .4134377E-11
2400 .4134542E-11
2401 .4134706E-11
2402 .4134873E-11
2403 .4135039E-11
2404 .4135207E-11
2405 .4135375E-11
2406 .4135543E-11
2407 .4135711E-11
2408 .4135879E-11
2409 .4136050E-11
2410 .4136221E-11
2411 .4136394E-11
2412 .4136564E-11
2413 .4136739E-11
2414 .4136911E-11
2415 .4137086E-11
2416 .4137258E-11
2417 .4137434E-11
2418 .4137607E-11
2419 .4137783E-11
2420 .4137960E-11
2421 .4138138E-11
2422 .4138314E-11
2423 .4138494E-11
2424 .4138675E-11
2425 .4138852E-11
2426 .4139029E-11
2427 .4139210E-11
2428 .4139393E-11
2429 .4139573E-11
2430 .4139755E-11
2431 .4139937E-11
2432 .4140121E-11
2433 .4140304E-11
2434 .4140486E-11
2435 .4140672E-11
2436 .4140856E-11
2437 .4141040E-11
2438 .4141227E-11
2439 .4141413E-11
2440 .4141600E-11
2441 .4141787E-11
2442 .4141973E-11
2443 .4142162E-11
2444 .4142350E-11
2445 .4142541E-11
2446 .4142727E-11
2447 .4142917E-11
2448 .4143105E-11
2449 .4143298E-11
2450 .4143489E-11
2451 .4143679E-11
2452 .4143870E-11
2453 .4144063E-11
2454 .4144253E-11
2455 .4144446E-11
2456 .4144643E-11
2457 .4144835E-11
2458 .4145028E-11
2459 .4145225E-11
2460 .4145419E-11
2461 .4145614E-11
2462 .4145806E-11
2463 .4146004E-11
2464 .4146198E-11
2465 .4146394E-11
2466 .4146592E-11
2467 .4146790E-11
2468 .4146987E-11
2469 .4147183E-11
2470 .4147381E-11
2471 .4147578E-11
2472 .4147777E-11
2473 .4147975E-11
2474 .4148174E-11
2475 .4148374E-11
2476 .4148574E-11
2477 .4148772E-11
2478 .4148973E-11
2479 .4149175E-11
2480 .4149374E-11
2481 .4149573E-11
2482 .4149776E-11
2483 .4149978E-11
2484 .4150175E-11
2485 .4150379E-11
2486 .4150581E-11
2487 .4150784E-11
2488 .4150986E-11
2489 .4151189E-11
2490 .4151391E-11
2491 .4151594E-11
2492 .4151798E-11
2493 .4152001E-11
2494 .4152203E-11
2495 .4152406E-11
2496 .4152610E-11
2497 .4152814E-11
2498 .4153019E-11
2499 .4153224E-11
2500 .4153429E-11
