 29.0    1000.00   .2185208E-14
 29.0    1010.00   .8315821E-14
 29.0    1020.00   .2215430E-13
 29.0    1030.00   .4853195E-13
 29.0    1040.00   .9365304E-13
 29.0    1050.00   .1651267E-12
 29.0    1060.00   .2719322E-12
 29.0    1070.00   .4243166E-12
 29.0    1080.00   .6336169E-12
 29.0    1090.00   .9120058E-12
 29.0    1100.00   .1272175E-11
 29.0    1110.00   .1726934E-11
 29.0    1120.00   .2288767E-11
 29.0    1130.00   .2969323E-11
 29.0    1140.00   .3778876E-11
 29.0    1150.00   .4725763E-11
 29.0    1160.00   .5815804E-11
 29.0    1170.00   .7051763E-11
 29.0    1180.00   .8432782E-11
 29.0    1190.00   .9953954E-11
 29.0    1200.00   .1160589E-10
 29.0    1210.00   .1337444E-10
 29.0    1220.00   .1524047E-10
 29.0    1230.00   .1717987E-10
 29.0    1240.00   .1916365E-10
 29.0    1250.00   .2115815E-10
 29.0    1260.00   .2312930E-10
 29.0    1270.00   .2505632E-10
 29.0    1280.00   .2692502E-10
 29.0    1290.00   .2872493E-10
 29.0    1300.00   .3044950E-10
 29.0    1310.00   .3209619E-10
 29.0    1320.00   .3366640E-10
 29.0    1330.00   .3516539E-10
 29.0    1340.00   .3660214E-10
 29.0    1350.00   .3798913E-10
 29.0    1360.00   .3934218E-10
 29.0    1370.00   .4068022E-10
 29.0    1380.00   .4202459E-10
 29.0    1390.00   .4338493E-10
 29.0    1400.00   .4475710E-10
 29.0    1410.00   .4613601E-10
 29.0    1420.00   .4751625E-10
 29.0    1430.00   .4889222E-10
 29.0    1440.00   .5025818E-10
 29.0    1450.00   .5160836E-10
 29.0    1460.00   .5293703E-10
 29.0    1470.00   .5423853E-10
 29.0    1480.00   .5550736E-10
 29.0    1490.00   .5673819E-10
 29.0    1500.00   .5792586E-10
 29.0    1510.00   .5906652E-10
 29.0    1520.00   .6016102E-10
 29.0    1530.00   .6121154E-10
 29.0    1540.00   .6222035E-10
 29.0    1550.00   .6318988E-10
 29.0    1560.00   .6412271E-10
 29.0    1570.00   .6502152E-10
 29.0    1580.00   .6588912E-10
 29.0    1590.00   .6672842E-10
 29.0    1600.00   .6754249E-10
 29.0    1610.00   .6833445E-10
 29.0    1620.00   .6910758E-10
 29.0    1630.00   .6986529E-10
 29.0    1640.00   .7061109E-10
 29.0    1650.00   .7134859E-10
 29.0    1660.00   .7208161E-10
 29.0    1670.00   .7281410E-10
 29.0    1680.00   .7355012E-10
 29.0    1690.00   .7429392E-10
 29.0    1700.00   .7504993E-10
 29.0    1710.00   .7582278E-10
 29.0    1720.00   .7661730E-10
 29.0    1730.00   .7743851E-10
 29.0    1740.00   .7829173E-10
 29.0    1750.00   .7918244E-10
 29.0    1760.00   .8011533E-10
 29.0    1770.00   .8109067E-10
 29.0    1780.00   .8210759E-10
 29.0    1790.00   .8316511E-10
 29.0    1800.00   .8426214E-10
 29.0    1810.00   .8539762E-10
 29.0    1820.00   .8657026E-10
 29.0    1830.00   .8777872E-10
 29.0    1840.00   .8902154E-10
 29.0    1850.00   .9029717E-10
 29.0    1860.00   .9160396E-10
 29.0    1870.00   .9294006E-10
 29.0    1880.00   .9430351E-10
 29.0    1890.00   .9569222E-10
 29.0    1900.00   .9710405E-10
 29.0    1910.00   .9853651E-10
 29.0    1920.00   .9998719E-10
 29.0    1930.00   .1014533E-09
 29.0    1940.00   .1029320E-09
 29.0    1950.00   .1044203E-09
 29.0    1960.00   .1059150E-09
 29.0    1970.00   .1074127E-09
 29.0    1980.00   .1089100E-09
 29.0    1990.00   .1104031E-09
 29.0    2000.00   .1118881E-09
 29.0    2010.00   .1133618E-09
 29.0    2020.00   .1148237E-09
 29.0    2030.00   .1162742E-09
 29.0    2040.00   .1177138E-09
 29.0    2050.00   .1191430E-09
 29.0    2060.00   .1205624E-09
 29.0    2070.00   .1219724E-09
 29.0    2080.00   .1233738E-09
 29.0    2090.00   .1247672E-09
 29.0    2100.00   .1261534E-09
 29.0    2110.00   .1275331E-09
 29.0    2120.00   .1289072E-09
 29.0    2130.00   .1302766E-09
 29.0    2140.00   .1316421E-09
 29.0    2150.00   .1330048E-09
 29.0    2160.00   .1343656E-09
 29.0    2170.00   .1357256E-09
 29.0    2180.00   .1370859E-09
 29.0    2190.00   .1384477E-09
 29.0    2200.00   .1398123E-09
 29.0    2210.00   .1411807E-09
 29.0    2220.00   .1425543E-09
 29.0    2230.00   .1439346E-09
 29.0    2240.00   .1453228E-09
 29.0    2250.00   .1467204E-09
 29.0    2260.00   .1481284E-09
 29.0    2270.00   .1495453E-09
 29.0    2280.00   .1509691E-09
 29.0    2290.00   .1523977E-09
 29.0    2300.00   .1538290E-09
 29.0    2310.00   .1552606E-09
 29.0    2320.00   .1566902E-09
 29.0    2330.00   .1581154E-09
 29.0    2340.00   .1595339E-09
 29.0    2350.00   .1609429E-09
 29.0    2360.00   .1623399E-09
 29.0    2370.00   .1637223E-09
 29.0    2380.00   .1650874E-09
 29.0    2390.00   .1664322E-09
 29.0    2400.00   .1677539E-09
 29.0    2410.00   .1690496E-09
 29.0    2420.00   .1703163E-09
 29.0    2430.00   .1715509E-09
 29.0    2440.00   .1727503E-09
 29.0    2450.00   .1739114E-09
 29.0    2460.00   .1750308E-09
 29.0    2470.00   .1761052E-09
 29.0    2480.00   .1771313E-09
 29.0    2490.00   .1781057E-09
 29.0    2500.00   .1790250E-09
 29.0    2510.00   .2000031E-09
 29.0    2520.00   .2348261E-09
 29.0    2530.00   .2847886E-09
 29.0    2540.00   .2853386E-09
 29.0    2550.00   .2744560E-09
 29.0    2560.00   .2619495E-09
 29.0    2570.00   .2506141E-09
 29.0    2580.00   .2381236E-09
 29.0    2590.00   .2461585E-09
 29.0    2600.00   .2458861E-09
 29.0    2610.00   .2501079E-09
 29.0    2620.00   .2319345E-09
 29.0    2630.00   .2080733E-09
 29.0    2640.00   .2144042E-09
 29.0    2650.00   .2425725E-09
 29.0    2660.00   .2719139E-09
 29.0    2670.00   .3099988E-09
 29.0    2680.00   .3771929E-09
 29.0    2690.00   .4518747E-09
 29.0    2700.00   .5089723E-09
 29.0    2710.00   .5678701E-09
 29.0    2720.00   .6081599E-09
 29.0    2730.00   .6328782E-09
 29.0    2740.00   .6696382E-09
 29.0    2750.00   .7097501E-09
 29.0    2760.00   .7063494E-09
 29.0    2770.00   .7651209E-09
 29.0    2780.00   .7740888E-09
 29.0    2790.00   .7481254E-09
 29.0    2800.00   .7226644E-09
 29.0    2810.00   .7865961E-09
 29.0    2820.00   .8151210E-09
 29.0    2830.00   .8606885E-09
 29.0    2840.00   .9127374E-09
 29.0    2850.00   .9206411E-09
 29.0    2860.00   .1025753E-08
 29.0    2870.00   .1157951E-08
 29.0    2880.00   .1260035E-08
 29.0    2890.00   .1416999E-08
 29.0    2900.00   .1569814E-08
 29.0    2910.00   .1720858E-08
 29.0    2920.00   .1789196E-08
 29.0    2930.00   .1829014E-08
 29.0    2940.00   .1851539E-08
 29.0    2950.00   .1821963E-08
 29.0    2960.00   .1773195E-08
 29.0    2970.00   .1668526E-08
 29.0    2980.00   .1576282E-08
 29.0    2990.00   .1454121E-08
 29.0    3000.00   .1374673E-08
 29.0    3010.00   .1334975E-08
 29.0    3020.00   .1324758E-08
 29.0    3030.00   .1349704E-08
 29.0    3040.00   .1362369E-08
 29.0    3050.00   .1230510E-08
 29.0    3060.00   .1164062E-08
 29.0    3070.00   .1301935E-08
 29.0    3080.00   .1358449E-08
 29.0    3090.00   .1381501E-08
 29.0    3100.00   .1391504E-08
 29.0    3110.00   .1408043E-08
 29.0    3120.00   .1493254E-08
 29.0    3130.00   .1638217E-08
 29.0    3140.00   .1762332E-08
 29.0    3150.00   .1913965E-08
 29.0    3160.00   .2048658E-08
 29.0    3170.00   .2179575E-08
 29.0    3180.00   .2161109E-08
 29.0    3190.00   .2101037E-08
 29.0    3200.00   .2002406E-08
 29.0    3210.00   .1788629E-08
 29.0    3220.00   .1904615E-08
 29.0    3230.00   .1833249E-08
 29.0    3240.00   .1736613E-08
 29.0    3250.00   .1529440E-08
 29.0    3260.00   .1367852E-08
 29.0    3270.00   .1475140E-08
 29.0    3280.00   .1496643E-08
 29.0    3290.00   .1455240E-08
 29.0    3300.00   .1469673E-08
 29.0    3310.00   .1637997E-08
 29.0    3320.00   .1619777E-08
 29.0    3330.00   .1720703E-08
 29.0    3340.00   .1760262E-08
 29.0    3350.00   .1808406E-08
 29.0    3360.00   .1815951E-08
 29.0    3370.00   .1837228E-08
 29.0    3380.00   .1895567E-08
 29.0    3390.00   .1935605E-08
 29.0    3400.00   .2010877E-08
 29.0    3410.00   .2038531E-08
 29.0    3420.00   .2082040E-08
 29.0    3430.00   .2106482E-08
 29.0    3440.00   .2128862E-08
 29.0    3450.00   .2197097E-08
 29.0    3460.00   .2255626E-08
 29.0    3470.00   .2339721E-08
 29.0    3480.00   .2410202E-08
 29.0    3490.00   .2525370E-08
 29.0    3500.00   .2669479E-08
 29.0    3510.00   .2892541E-08
 29.0    3520.00   .3015930E-08
 29.0    3530.00   .3195533E-08
 29.0    3540.00   .3370064E-08
 29.0    3550.00   .3452924E-08
 29.0    3560.00   .3552093E-08
 29.0    3570.00   .3575495E-08
 29.0    3580.00   .3607748E-08
 29.0    3590.00   .3614337E-08
 29.0    3600.00   .3565634E-08
 29.0    3610.00   .3515508E-08
 29.0    3620.00   .3418253E-08
 29.0    3630.00   .3420012E-08
 29.0    3640.00   .3486297E-08
 29.0    3650.00   .3675182E-08
 29.0    3660.00   .3825252E-08
 29.0    3670.00   .3776654E-08
 29.0    3680.00   .3671340E-08
 29.0    3690.00   .3426425E-08
 29.0    3700.00   .3125030E-08
 29.0    3710.00   .2828877E-08
 29.0    3720.00   .2626868E-08
 29.0    3730.00   .2449165E-08
 29.0    3740.00   .2348401E-08
 29.0    3750.00   .2231517E-08
 29.0    3760.00   .2115485E-08
 29.0    3770.00   .2038773E-08
 29.0    3780.00   .1989292E-08
 29.0    3790.00   .1968741E-08
 29.0    3800.00   .1981924E-08
 29.0    3810.00   .2064235E-08
 29.0    3820.00   .2231140E-08
 29.0    3830.00   .2488874E-08
 29.0    3840.00   .2797237E-08
 29.0    3850.00   .3140991E-08
 29.0    3860.00   .3519713E-08
 29.0    3870.00   .3943575E-08
 29.0    3880.00   .4304638E-08
 29.0    3890.00   .4686833E-08
 29.0    3900.00   .5015604E-08
 29.0    3910.00   .5292584E-08
 29.0    3920.00   .5473813E-08
 29.0    3930.00   .5560166E-08
 29.0    3940.00   .5583822E-08
 29.0    3950.00   .5564849E-08
 29.0    3960.00   .5450138E-08
 29.0    3970.00   .5136878E-08
 29.0    3980.00   .4853667E-08
 29.0    3990.00   .4543000E-08
 29.0    4000.00   .4336419E-08
 29.0    4010.00   .4206876E-08
 29.0    4020.00   .4165131E-08
 29.0    4030.00   .4182405E-08
 29.0    4040.00   .4321050E-08
 29.0    4050.00   .4429426E-08
 29.0    4060.00   .4602128E-08
 29.0    4070.00   .4739766E-08
 29.0    4080.00   .4824456E-08
 29.0    4090.00   .4762243E-08
 29.0    4100.00   .4803425E-08
 29.0    4110.00   .4770407E-08
 29.0    4120.00   .4777576E-08
 29.0    4130.00   .4791583E-08
 29.0    4140.00   .4823664E-08
 29.0    4150.00   .4843071E-08
 29.0    4160.00   .4880569E-08
 29.0    4170.00   .4922080E-08
 29.0    4180.00   .4916851E-08
 29.0    4190.00   .4925789E-08
 29.0    4200.00   .4868890E-08
 29.0    4210.00   .4826405E-08
 29.0    4220.00   .4710742E-08
 29.0    4230.00   .4599545E-08
 29.0    4240.00   .4471040E-08
 29.0    4250.00   .4362723E-08
 29.0    4260.00   .4201301E-08
 29.0    4270.00   .4145356E-08
 29.0    4280.00   .3998967E-08
 29.0    4290.00   .3840669E-08
 29.0    4300.00   .3669912E-08
 29.0    4310.00   .3534505E-08
 29.0    4320.00   .3411372E-08
 29.0    4330.00   .3343610E-08
 29.0    4340.00   .3308520E-08
 29.0    4350.00   .3282700E-08
 29.0    4360.00   .3238897E-08
 29.0    4370.00   .3187744E-08
 29.0    4380.00   .3167355E-08
 29.0    4390.00   .3148659E-08
 29.0    4400.00   .3120192E-08
 29.0    4410.00   .3163738E-08
 29.0    4420.00   .3214642E-08
 29.0    4430.00   .3280652E-08
 29.0    4440.00   .3411177E-08
 29.0    4450.00   .3555428E-08
 29.0    4460.00   .3698954E-08
 29.0    4470.00   .3859016E-08
 29.0    4480.00   .4014141E-08
 29.0    4490.00   .4201650E-08
 29.0    4500.00   .4369483E-08
 29.0    4510.00   .4522481E-08
 29.0    4520.00   .4719845E-08
 29.0    4530.00   .4867414E-08
 29.0    4540.00   .5017514E-08
 29.0    4550.00   .5112459E-08
 29.0    4560.00   .5201149E-08
 29.0    4570.00   .5286984E-08
 29.0    4580.00   .5324971E-08
 29.0    4590.00   .5351775E-08
 29.0    4600.00   .5353253E-08
 29.0    4610.00   .5337041E-08
 29.0    4620.00   .5294940E-08
 29.0    4630.00   .5191222E-08
 29.0    4640.00   .5015668E-08
 29.0    4650.00   .4834929E-08
 29.0    4660.00   .4576201E-08
 29.0    4670.00   .4343313E-08
 29.0    4680.00   .4055544E-08
 29.0    4690.00   .3892987E-08
 29.0    4700.00   .3822363E-08
 29.0    4710.00   .3702079E-08
 29.0    4720.00   .3573438E-08
 29.0    4730.00   .3462353E-08
 29.0    4740.00   .3367553E-08
 29.0    4750.00   .3231811E-08
 29.0    4760.00   .3135112E-08
 29.0    4770.00   .3103261E-08
 29.0    4780.00   .3080817E-08
 29.0    4790.00   .3073476E-08
 29.0    4800.00   .3061606E-08
 29.0    4810.00   .3043048E-08
 29.0    4820.00   .3018363E-08
 29.0    4830.00   .2965797E-08
 29.0    4840.00   .2894214E-08
 29.0    4850.00   .2800769E-08
 29.0    4860.00   .2740803E-08
 29.0    4870.00   .2725004E-08
 29.0    4880.00   .2713743E-08
 29.0    4890.00   .2775830E-08
 29.0    4900.00   .2895792E-08
 29.0    4910.00   .3009885E-08
 29.0    4920.00   .3136755E-08
 29.0    4930.00   .3218236E-08
 29.0    4940.00   .3247790E-08
 29.0    4950.00   .3258870E-08
 29.0    4960.00   .3227766E-08
 29.0    4970.00   .3166865E-08
 29.0    4980.00   .3078082E-08
 29.0    4990.00   .2998080E-08
 29.0    5000.00   .2937388E-08
 29.0    5010.00   .2895898E-08
 29.0    5020.00   .2895728E-08
 29.0    5030.00   .2933155E-08
 29.0    5040.00   .2992013E-08
 29.0    5050.00   .3059062E-08
 29.0    5060.00   .3129645E-08
 29.0    5070.00   .3218195E-08
 29.0    5080.00   .3297160E-08
 29.0    5090.00   .3367900E-08
 29.0    5100.00   .3423733E-08
 29.0    5110.00   .3518660E-08
 29.0    5120.00   .3584158E-08
 29.0    5130.00   .3642005E-08
 29.0    5140.00   .3705767E-08
 29.0    5150.00   .3780545E-08
 29.0    5160.00   .3848242E-08
 29.0    5170.00   .3894151E-08
 29.0    5180.00   .3936619E-08
 29.0    5190.00   .3988294E-08
 29.0    5200.00   .4016910E-08
 29.0    5210.00   .4040522E-08
 29.0    5220.00   .4062489E-08
 29.0    5230.00   .4047089E-08
 29.0    5240.00   .3975381E-08
 29.0    5250.00   .3897357E-08
 29.0    5260.00   .3785118E-08
 29.0    5270.00   .3675818E-08
 29.0    5280.00   .3563735E-08
 29.0    5290.00   .3413584E-08
 29.0    5300.00   .3293228E-08
 29.0    5310.00   .3207209E-08
 29.0    5320.00   .3180686E-08
 29.0    5330.00   .3159425E-08
 29.0    5340.00   .3145190E-08
 29.0    5350.00   .3152080E-08
 29.0    5360.00   .3161108E-08
 29.0    5370.00   .3163578E-08
 29.0    5380.00   .3138891E-08
 29.0    5390.00   .3113724E-08
 29.0    5400.00   .3097341E-08
 29.0    5410.00   .3069363E-08
 29.0    5420.00   .3016578E-08
 29.0    5430.00   .2948893E-08
 29.0    5440.00   .2874652E-08
 29.0    5450.00   .2807584E-08
 29.0    5460.00   .2733701E-08
 29.0    5470.00   .2664363E-08
 29.0    5480.00   .2603688E-08
 29.0    5490.00   .2595244E-08
 29.0    5500.00   .2583959E-08
 29.0    5510.00   .2602239E-08
 29.0    5520.00   .2655820E-08
 29.0    5530.00   .2732466E-08
 29.0    5540.00   .2809901E-08
 29.0    5550.00   .2874769E-08
 29.0    5560.00   .2915524E-08
 29.0    5570.00   .2951339E-08
 29.0    5580.00   .2983362E-08
 29.0    5590.00   .2960279E-08
 29.0    5600.00   .2921972E-08
 29.0    5610.00   .2900660E-08
 29.0    5620.00   .2871865E-08
 29.0    5630.00   .2829344E-08
 29.0    5640.00   .2786284E-08
 29.0    5650.00   .2752721E-08
 29.0    5660.00   .2710404E-08
 29.0    5670.00   .2664656E-08
 29.0    5680.00   .2620514E-08
 29.0    5690.00   .2581642E-08
 29.0    5700.00   .2552985E-08
 29.0    5710.00   .2507244E-08
 29.0    5720.00   .2453302E-08
 29.0    5730.00   .2422536E-08
 29.0    5740.00   .2367552E-08
 29.0    5750.00   .2331943E-08
 29.0    5760.00   .2322260E-08
 29.0    5770.00   .2306450E-08
 29.0    5780.00   .2316178E-08
 29.0    5790.00   .2352673E-08
 29.0    5800.00   .2379956E-08
 29.0    5810.00   .2435312E-08
 29.0    5820.00   .2519022E-08
 29.0    5830.00   .2592168E-08
 29.0    5840.00   .2664886E-08
 29.0    5850.00   .2719529E-08
 29.0    5860.00   .2780283E-08
 29.0    5870.00   .2849407E-08
 29.0    5880.00   .2884906E-08
 29.0    5890.00   .2855166E-08
 29.0    5900.00   .2842428E-08
 29.0    5910.00   .2850376E-08
 29.0    5920.00   .2846984E-08
 29.0    5930.00   .2817932E-08
 29.0    5940.00   .2784885E-08
 29.0    5950.00   .2753766E-08
 29.0    5960.00   .2697606E-08
 29.0    5970.00   .2667265E-08
 29.0    5980.00   .2626222E-08
 29.0    5990.00   .2584424E-08
 29.0    6000.00   .2544927E-08
 29.0    6010.00   .2504253E-08
 29.0    6020.00   .2423420E-08
 29.0    6030.00   .2331845E-08
 29.0    6040.00   .2242347E-08
 29.0    6050.00   .2093585E-08
 29.0    6060.00   .1898843E-08
 29.0    6070.00   .1678089E-08
 29.0    6080.00   .1495265E-08
 29.0    6090.00   .1328121E-08
 29.0    6100.00   .1189009E-08
 29.0    6110.00   .1069232E-08
 29.0    6120.00   .9776827E-09
 29.0    6130.00   .9413683E-09
 29.0    6140.00   .9313458E-09
 29.0    6150.00   .9477532E-09
 29.0    6160.00   .9873805E-09
 29.0    6170.00   .1064622E-08
 29.0    6180.00   .1143774E-08
 29.0    6190.00   .1228558E-08
 29.0    6200.00   .1335460E-08
 29.0    6210.00   .1477500E-08
 29.0    6220.00   .1578301E-08
 29.0    6230.00   .1676896E-08
 29.0    6240.00   .1780193E-08
 29.0    6250.00   .1891847E-08
 29.0    6260.00   .1986565E-08
 29.0    6270.00   .2060941E-08
 29.0    6280.00   .2105450E-08
 29.0    6290.00   .2158499E-08
 29.0    6300.00   .2212261E-08
 29.0    6310.00   .2250052E-08
 29.0    6320.00   .2254646E-08
 29.0    6330.00   .2262378E-08
 29.0    6340.00   .2265980E-08
 29.0    6350.00   .2272858E-08
 29.0    6360.00   .2259882E-08
 29.0    6370.00   .2251711E-08
 29.0    6380.00   .2251178E-08
 29.0    6390.00   .2240586E-08
 29.0    6400.00   .2228003E-08
 29.0    6410.00   .2222730E-08
 29.0    6420.00   .2206225E-08
 29.0    6430.00   .2196963E-08
 29.0    6440.00   .2193077E-08
 29.0    6450.00   .2167468E-08
 29.0    6460.00   .2155615E-08
 29.0    6470.00   .2146788E-08
 29.0    6480.00   .2128327E-08
 29.0    6490.00   .2109563E-08
 29.0    6500.00   .2091189E-08
 29.0    6510.00   .2083916E-08
 29.0    6520.00   .2057692E-08
 29.0    6530.00   .2029888E-08
 29.0    6540.00   .1997431E-08
 29.0    6550.00   .1971425E-08
 29.0    6560.00   .1939584E-08
 29.0    6570.00   .1909852E-08
 29.0    6580.00   .1873817E-08
 29.0    6590.00   .1847412E-08
 29.0    6600.00   .1803515E-08
 29.0    6610.00   .1761419E-08
 29.0    6620.00   .1711018E-08
 29.0    6630.00   .1679072E-08
 29.0    6640.00   .1638492E-08
 29.0    6650.00   .1609505E-08
 29.0    6660.00   .1579246E-08
 29.0    6670.00   .1547247E-08
 29.0    6680.00   .1522248E-08
 29.0    6690.00   .1482377E-08
 29.0    6700.00   .1442375E-08
 29.0    6710.00   .1404860E-08
 29.0    6720.00   .1386941E-08
 29.0    6730.00   .1363984E-08
 29.0    6740.00   .1349483E-08
 29.0    6750.00   .1322344E-08
 29.0    6760.00   .1289752E-08
 29.0    6770.00   .1269806E-08
 29.0    6780.00   .1246147E-08
 29.0    6790.00   .1227779E-08
 29.0    6800.00   .1218841E-08
 29.0    6810.00   .1215193E-08
 29.0    6820.00   .1201126E-08
 29.0    6830.00   .1166356E-08
 29.0    6840.00   .1119421E-08
 29.0    6850.00   .1122431E-08
 29.0    6860.00   .1087930E-08
 29.0    6870.00   .1063534E-08
 29.0    6880.00   .1047800E-08
 29.0    6890.00   .1049733E-08
 29.0    6900.00   .1044216E-08
 29.0    6910.00   .1051687E-08
 29.0    6920.00   .1055361E-08
 29.0    6930.00   .1052080E-08
 29.0    6940.00   .1045370E-08
 29.0    6950.00   .1038863E-08
 29.0    6960.00   .1027829E-08
 29.0    6970.00   .1026763E-08
 29.0    6980.00   .1017993E-08
 29.0    6990.00   .1012689E-08
 29.0    7000.00   .9958725E-09
 29.0    7010.00   .9896537E-09
 29.0    7020.00   .9832443E-09
 29.0    7030.00   .9793992E-09
 29.0    7040.00   .9774797E-09
 29.0    7050.00   .9757661E-09
 29.0    7060.00   .9684783E-09
 29.0    7070.00   .9625824E-09
 29.0    7080.00   .9563491E-09
 29.0    7090.00   .9539554E-09
 29.0    7100.00   .9515591E-09
 29.0    7110.00   .9520493E-09
 29.0    7120.00   .9429934E-09
 29.0    7130.00   .9298724E-09
 29.0    7140.00   .9237077E-09
 29.0    7150.00   .9351852E-09
 29.0    7160.00   .9001651E-09
 29.0    7170.00   .9046083E-09
 29.0    7180.00   .9226915E-09
 29.0    7190.00   .9004623E-09
 29.0    7200.00   .9278926E-09
 29.0    7210.00   .8932566E-09
 29.0    7220.00   .8935517E-09
 29.0    7230.00   .8671009E-09
 29.0    7240.00   .8673734E-09
 29.0    7250.00   .8767311E-09
 29.0    7260.00   .8903809E-09
 29.0    7270.00   .8526949E-09
 29.0    7280.00   .8807891E-09
 29.0    7290.00   .8687263E-09
 29.0    7300.00   .8424255E-09
 29.0    7310.00   .8525491E-09
 29.0    7320.00   .8278438E-09
 29.0    7330.00   .8066824E-09
 29.0    7340.00   .7657379E-09
 29.0    7350.00   .7610164E-09
 29.0    7360.00   .7269237E-09
 29.0    7370.00   .7028943E-09
 29.0    7380.00   .7020773E-09
 29.0    7390.00   .6729255E-09
 29.0    7400.00   .6756516E-09
 29.0    7410.00   .6281313E-09
 29.0    7420.00   .6326359E-09
 29.0    7430.00   .6423473E-09
 29.0    7440.00   .6346853E-09
 29.0    7450.00   .6243749E-09
 29.0    7460.00   .5948948E-09
 29.0    7470.00   .5440464E-09
 29.0    7480.00   .5101474E-09
 29.0    7490.00   .4585797E-09
 29.0    7500.00   .4416253E-09
 29.0    7510.00   .4678168E-09
 29.0    7520.00   .4885646E-09
 29.0    7530.00   .5015727E-09
 29.0    7540.00   .4985625E-09
 29.0    7550.00   .5119397E-09
 29.0    7560.00   .5048572E-09
 29.0    7570.00   .5128712E-09
 29.0    7580.00   .5284165E-09
 29.0    7590.00   .5043364E-09
 29.0    7600.00   .4956371E-09
 29.0    7610.00   .5689003E-09
 29.0    7620.00   .5278825E-09
 29.0    7630.00   .5516261E-09
 29.0    7640.00   .5516817E-09
 29.0    7650.00   .5285619E-09
 29.0    7660.00   .5370506E-09
 29.0    7670.00   .5305037E-09
 29.0    7680.00   .5207567E-09
 29.0    7690.00   .5365992E-09
 29.0    7700.00   .5321602E-09
 29.0    7710.00   .5331868E-09
 29.0    7720.00   .5279715E-09
 29.0    7730.00   .5215275E-09
 29.0    7740.00   .5078737E-09
 29.0    7750.00   .5498711E-09
 29.0    7760.00   .5563924E-09
 29.0    7770.00   .5640505E-09
 29.0    7780.00   .5762919E-09
 29.0    7790.00   .5767135E-09
 29.0    7800.00   .5771528E-09
 29.0    7810.00   .6064376E-09
 29.0    7820.00   .5900315E-09
 29.0    7830.00   .6058607E-09
 29.0    7840.00   .5975337E-09
 29.0    7850.00   .6030394E-09
 29.0    7860.00   .6095908E-09
 29.0    7870.00   .6028196E-09
 29.0    7880.00   .6046574E-09
 29.0    7890.00   .6137768E-09
 29.0    7900.00   .6037566E-09
 29.0    7910.00   .6088823E-09
 29.0    7920.00   .5855148E-09
 29.0    7930.00   .5725437E-09
 29.0    7940.00   .5788425E-09
 29.0    7950.00   .5374008E-09
 29.0    7960.00   .5376120E-09
 29.0    7970.00   .5256218E-09
 29.0    7980.00   .5095766E-09
 29.0    7990.00   .5095559E-09
 29.0    8000.00   .4932801E-09
 29.0    8010.00   .5001704E-09
 29.0    8020.00   .4702958E-09
 29.0    8030.00   .4709962E-09
 29.0    8040.00   .4556351E-09
 29.0    8050.00   .4474130E-09
 29.0    8060.00   .4350726E-09
 29.0    8070.00   .4319536E-09
 29.0    8080.00   .4196826E-09
 29.0    8090.00   .4396943E-09
 29.0    8100.00   .4329197E-09
 29.0    8110.00   .4198487E-09
 29.0    8120.00   .4262192E-09
 29.0    8130.00   .4010610E-09
 29.0    8140.00   .4196500E-09
 29.0    8150.00   .4183526E-09
 29.0    8160.00   .3965424E-09
 29.0    8170.00   .4051730E-09
 29.0    8180.00   .3584440E-09
 29.0    8190.00   .3069432E-09
 29.0    8200.00   .3110624E-09
 29.0    8210.00   .2795272E-09
 29.0    8220.00   .2722907E-09
 29.0    8230.00   .2571621E-09
 29.0    8240.00   .2512612E-09
 29.0    8250.00   .2623914E-09
 29.0    8260.00   .2576339E-09
 29.0    8270.00   .2641861E-09
 29.0    8280.00   .2506857E-09
 29.0    8290.00   .2615967E-09
 29.0    8300.00   .2759186E-09
 29.0    8310.00   .3001471E-09
 29.0    8320.00   .3131366E-09
 29.0    8330.00   .3250794E-09
 29.0    8340.00   .3404697E-09
 29.0    8350.00   .3284053E-09
 29.0    8360.00   .3306435E-09
 29.0    8370.00   .3281118E-09
 29.0    8380.00   .3240095E-09
 29.0    8390.00   .3532077E-09
 29.0    8400.00   .3563197E-09
 29.0    8410.00   .3552425E-09
 29.0    8420.00   .3831859E-09
 29.0    8430.00   .4134040E-09
 29.0    8440.00   .4638045E-09
 29.0    8450.00   .5049870E-09
 29.0    8460.00   .5454079E-09
 29.0    8470.00   .5452884E-09
 29.0    8480.00   .5759881E-09
 29.0    8490.00   .6068864E-09
 29.0    8500.00   .6461914E-09
 29.0    8510.00   .6555929E-09
 29.0    8520.00   .6590139E-09
 29.0    8530.00   .6511579E-09
 29.0    8540.00   .6718366E-09
 29.0    8550.00   .6605532E-09
 29.0    8560.00   .6711318E-09
 29.0    8570.00   .6706193E-09
 29.0    8580.00   .6618421E-09
 29.0    8590.00   .7058290E-09
 29.0    8600.00   .7263717E-09
 29.0    8610.00   .7162262E-09
 29.0    8620.00   .7383653E-09
 29.0    8630.00   .7332306E-09
 29.0    8640.00   .7271094E-09
 29.0    8650.00   .7209736E-09
 29.0    8660.00   .7272749E-09
 29.0    8670.00   .7187901E-09
 29.0    8680.00   .7002686E-09
 29.0    8690.00   .6893537E-09
 29.0    8700.00   .7088120E-09
 29.0    8710.00   .7063460E-09
 29.0    8720.00   .7066682E-09
 29.0    8730.00   .7097195E-09
 29.0    8740.00   .6981222E-09
 29.0    8750.00   .6862092E-09
 29.0    8760.00   .6888083E-09
 29.0    8770.00   .6727244E-09
 29.0    8780.00   .6621952E-09
 29.0    8790.00   .6552447E-09
 29.0    8800.00   .6532878E-09
 29.0    8810.00   .6811307E-09
 29.0    8820.00   .6669140E-09
 29.0    8830.00   .6250218E-09
 29.0    8840.00   .6347956E-09
 29.0    8850.00   .6242074E-09
 29.0    8860.00   .6132560E-09
 29.0    8870.00   .5773448E-09
 29.0    8880.00   .5382493E-09
 29.0    8890.00   .5307650E-09
 29.0    8900.00   .5097444E-09
 29.0    8910.00   .4928261E-09
 29.0    8920.00   .4852491E-09
 29.0    8930.00   .4753816E-09
 29.0    8940.00   .4889968E-09
 29.0    8950.00   .4622928E-09
 29.0    8960.00   .4544770E-09
 29.0    8970.00   .4738494E-09
 29.0    8980.00   .4762372E-09
 29.0    8990.00   .4836030E-09
 29.0    9000.00   .4649948E-09
 29.0    9010.00   .4704083E-09
 29.0    9020.00   .4545800E-09
 29.0    9030.00   .4481953E-09
 29.0    9040.00   .4376562E-09
 29.0    9050.00   .4304256E-09
 29.0    9060.00   .4243929E-09
 29.0    9070.00   .4108211E-09
 29.0    9080.00   .3921216E-09
 29.0    9090.00   .3883714E-09
 29.0    9100.00   .4201281E-09
 29.0    9110.00   .4120242E-09
 29.0    9120.00   .3716724E-09
 29.0    9130.00   .3748287E-09
 29.0    9140.00   .3826302E-09
 29.0    9150.00   .3609353E-09
 29.0    9160.00   .3669119E-09
 29.0    9170.00   .3267048E-09
 29.0    9180.00   .3479821E-09
 29.0    9190.00   .3440304E-09
 29.0    9200.00   .3483605E-09
 29.0    9210.00   .3476203E-09
 29.0    9220.00   .3546576E-09
 29.0    9230.00   .3523067E-09
 29.0    9240.00   .3458114E-09
 29.0    9250.00   .3555673E-09
 29.0    9260.00   .3442365E-09
 29.0    9270.00   .3306141E-09
 29.0    9280.00   .3195203E-09
 29.0    9290.00   .3123313E-09
 29.0    9300.00   .3070558E-09
 29.0    9310.00   .2754481E-09
 29.0    9320.00   .2516274E-09
 29.0    9330.00   .2516712E-09
 29.0    9340.00   .2640443E-09
 29.0    9350.00   .2568190E-09
 29.0    9360.00   .2601108E-09
 29.0    9370.00   .2522076E-09
 29.0    9380.00   .2682048E-09
 29.0    9390.00   .2774402E-09
 29.0    9400.00   .2650482E-09
 29.0    9410.00   .2690014E-09
 29.0    9420.00   .2424531E-09
 29.0    9430.00   .2519278E-09
 29.0    9440.00   .2600275E-09
 29.0    9450.00   .2406598E-09
 29.0    9460.00   .2526886E-09
 29.0    9470.00   .2583680E-09
 29.0    9480.00   .2361443E-09
 29.0    9490.00   .2318815E-09
 29.0    9500.00   .2421622E-09
 29.0    9510.00   .2163908E-09
 29.0    9520.00   .2115291E-09
 29.0    9530.00   .2204144E-09
 29.0    9540.00   .2227825E-09
 29.0    9550.00   .2204108E-09
 29.0    9560.00   .2299063E-09
 29.0    9570.00   .2282959E-09
 29.0    9580.00   .2064431E-09
 29.0    9590.00   .2156502E-09
 29.0    9600.00   .2267033E-09
 29.0    9610.00   .2069299E-09
 29.0    9620.00   .2206930E-09
 29.0    9630.00   .2110024E-09
 29.0    9640.00   .2007872E-09
 29.0    9650.00   .2185825E-09
 29.0    9660.00   .2108573E-09
 29.0    9670.00   .2131857E-09
 29.0    9680.00   .2136882E-09
 29.0    9690.00   .2137551E-09
 29.0    9700.00   .2106557E-09
 29.0    9710.00   .2209831E-09
 29.0    9720.00   .2034327E-09
 29.0    9730.00   .1965324E-09
 29.0    9740.00   .1827370E-09
 29.0    9750.00   .1848765E-09
 29.0    9760.00   .1835427E-09
 29.0    9770.00   .1825228E-09
 29.0    9780.00   .1798476E-09
 29.0    9790.00   .1769321E-09
 29.0    9800.00   .1730542E-09
 29.0    9810.00   .1690066E-09
 29.0    9820.00   .1652539E-09
 29.0    9830.00   .1626647E-09
 29.0    9840.00   .1613137E-09
 29.0    9850.00   .1600976E-09
 29.0    9860.00   .1593592E-09
 29.0    9870.00   .1589814E-09
 29.0    9880.00   .1586126E-09
 29.0    9890.00   .1582172E-09
 29.0    9900.00   .1577653E-09
 29.0    9910.00   .1571130E-09
 29.0    9920.00   .1559550E-09
 29.0    9930.00   .1546173E-09
 29.0    9940.00   .1548166E-09
 29.0    9950.00   .1551221E-09
 29.0    9960.00   .1530181E-09
 29.0    9970.00   .1504364E-09
 29.0    9980.00   .1496134E-09
 29.0    9990.00   .1495855E-09
 29.0   10000.00   .1479770E-09
 29.0   10010.00   .1477622E-09
 29.0   10020.00   .1475475E-09
 29.0   10030.00   .1473329E-09
 29.0   10040.00   .1471183E-09
 29.0   10050.00   .1469039E-09
 29.0   10060.00   .1466892E-09
 29.0   10070.00   .1464746E-09
 29.0   10080.00   .1462603E-09
 29.0   10090.00   .1460458E-09
 29.0   10100.00   .1458313E-09
 29.0   10110.00   .1456168E-09
 29.0   10120.00   .1454024E-09
 29.0   10130.00   .1451879E-09
 29.0   10140.00   .1449734E-09
 29.0   10150.00   .1447588E-09
 29.0   10160.00   .1445442E-09
 29.0   10170.00   .1443293E-09
 29.0   10180.00   .1441145E-09
 29.0   10190.00   .1438997E-09
 29.0   10200.00   .1436847E-09
 29.0   10210.00   .1434697E-09
 29.0   10220.00   .1432544E-09
 29.0   10230.00   .1430392E-09
 29.0   10240.00   .1428239E-09
 29.0   10250.00   .1426081E-09
 29.0   10260.00   .1423925E-09
 29.0   10270.00   .1421767E-09
 29.0   10280.00   .1419605E-09
 29.0   10290.00   .1417443E-09
 29.0   10300.00   .1415281E-09
 29.0   10310.00   .1413114E-09
 29.0   10320.00   .1410947E-09
 29.0   10330.00   .1408776E-09
 29.0   10340.00   .1406605E-09
 29.0   10350.00   .1404431E-09
 29.0   10360.00   .1402256E-09
 29.0   10370.00   .1400076E-09
 29.0   10380.00   .1397895E-09
 29.0   10390.00   .1395711E-09
 29.0   10400.00   .1393527E-09
 29.0   10410.00   .1391338E-09
 29.0   10420.00   .1389145E-09
 29.0   10430.00   .1386951E-09
 29.0   10440.00   .1384754E-09
 29.0   10450.00   .1382554E-09
 29.0   10460.00   .1380350E-09
 29.0   10470.00   .1378144E-09
 29.0   10480.00   .1375935E-09
 29.0   10490.00   .1373724E-09
 29.0   10500.00   .1371507E-09
 29.0   10510.00   .1369288E-09
 29.0   10520.00   .1367068E-09
 29.0   10530.00   .1364844E-09
 29.0   10540.00   .1362615E-09
 29.0   10550.00   .1360384E-09
 29.0   10560.00   .1358150E-09
 29.0   10570.00   .1355911E-09
 29.0   10580.00   .1353670E-09
 29.0   10590.00   .1351426E-09
 29.0   10600.00   .1349178E-09
 29.0   10610.00   .1346925E-09
 29.0   10620.00   .1344671E-09
 29.0   10630.00   .1342414E-09
 29.0   10640.00   .1340152E-09
 29.0   10650.00   .1337887E-09
 29.0   10660.00   .1335616E-09
 29.0   10670.00   .1333345E-09
 29.0   10680.00   .1331067E-09
 29.0   10690.00   .1328788E-09
 29.0   10700.00   .1326504E-09
 29.0   10710.00   .1324217E-09
 29.0   10720.00   .1321925E-09
 29.0   10730.00   .1319630E-09
 29.0   10740.00   .1317332E-09
 29.0   10750.00   .1315028E-09
 29.0   10760.00   .1312721E-09
 29.0   10770.00   .1310412E-09
 29.0   10780.00   .1308097E-09
 29.0   10790.00   .1305777E-09
 29.0   10800.00   .1303455E-09
 29.0   10810.00   .1301126E-09
 29.0   10820.00   .1298794E-09
 29.0   10830.00   .1296462E-09
 29.0   10840.00   .1294121E-09
 29.0   10850.00   .1291778E-09
 29.0   10860.00   .1289431E-09
 29.0   10870.00   .1287079E-09
 29.0   10880.00   .1284722E-09
 29.0   10890.00   .1282363E-09
 29.0   10900.00   .1279996E-09
 29.0   10910.00   .1277627E-09
 29.0   10920.00   .1275253E-09
 29.0   10930.00   .1272876E-09
 29.0   10940.00   .1270494E-09
 29.0   10950.00   .1268106E-09
 29.0   10960.00   .1265714E-09
 29.0   10970.00   .1263318E-09
 29.0   10980.00   .1260917E-09
 29.0   10990.00   .1258513E-09
 29.0   11000.00   .1256103E-09
 29.0   11010.00   .1253689E-09
 29.0   11020.00   .1251268E-09
 29.0   11030.00   .1248846E-09
 29.0   11040.00   .1246417E-09
 29.0   11050.00   .1243983E-09
 29.0   11060.00   .1241545E-09
 29.0   11070.00   .1239102E-09
 29.0   11080.00   .1236653E-09
 29.0   11090.00   .1234200E-09
 29.0   11100.00   .1231743E-09
 29.0   11110.00   .1229279E-09
 29.0   11120.00   .1226812E-09
 29.0   11130.00   .1224341E-09
 29.0   11140.00   .1221861E-09
 29.0   11150.00   .1219379E-09
 29.0   11160.00   .1216892E-09
 29.0   11170.00   .1214399E-09
 29.0   11180.00   .1211901E-09
 29.0   11190.00   .1209397E-09
 29.0   11200.00   .1206890E-09
 29.0   11210.00   .1204378E-09
 29.0   11220.00   .1201859E-09
 29.0   11230.00   .1199335E-09
 29.0   11240.00   .1196806E-09
 29.0   11250.00   .1194271E-09
 29.0   11260.00   .1191732E-09
 29.0   11270.00   .1189186E-09
 29.0   11280.00   .1186636E-09
 29.0   11290.00   .1184081E-09
 29.0   11300.00   .1181519E-09
 29.0   11310.00   .1182440E-09
 29.0   11320.00   .1183362E-09
 29.0   11330.00   .1184283E-09
 29.0   11340.00   .1185207E-09
 29.0   11350.00   .1186127E-09
 29.0   11360.00   .1187048E-09
 29.0   11370.00   .1187969E-09
 29.0   11380.00   .1188890E-09
 29.0   11390.00   .1189812E-09
 29.0   11400.00   .1190732E-09
 29.0   11410.00   .1191654E-09
 29.0   11420.00   .1192571E-09
 29.0   11430.00   .1193492E-09
 29.0   11440.00   .1194411E-09
 29.0   11450.00   .1195330E-09
 29.0   11460.00   .1196251E-09
 29.0   11470.00   .1197168E-09
 29.0   11480.00   .1198087E-09
 29.0   11490.00   .1199003E-09
 29.0   11500.00   .1199922E-09
 29.0   11510.00   .1200838E-09
 29.0   11520.00   .1201753E-09
 29.0   11530.00   .1202671E-09
 29.0   11540.00   .1203585E-09
 29.0   11550.00   .1204501E-09
 29.0   11560.00   .1205415E-09
 29.0   11570.00   .1206328E-09
 29.0   11580.00   .1207240E-09
 29.0   11590.00   .1208151E-09
 29.0   11600.00   .1209063E-09
 29.0   11610.00   .1209975E-09
 29.0   11620.00   .1210884E-09
 29.0   11630.00   .1211793E-09
 29.0   11640.00   .1212702E-09
 29.0   11650.00   .1213610E-09
 29.0   11660.00   .1214517E-09
 29.0   11670.00   .1215421E-09
 29.0   11680.00   .1216326E-09
 29.0   11690.00   .1217229E-09
 29.0   11700.00   .1218133E-09
 29.0   11710.00   .1219036E-09
 29.0   11720.00   .1219936E-09
 29.0   11730.00   .1220835E-09
 29.0   11740.00   .1221735E-09
 29.0   11750.00   .1222632E-09
 29.0   11760.00   .1223528E-09
 29.0   11770.00   .1224425E-09
 29.0   11780.00   .1225318E-09
 29.0   11790.00   .1226213E-09
 29.0   11800.00   .1227104E-09
 29.0   11810.00   .1227996E-09
 29.0   11820.00   .1228884E-09
 29.0   11830.00   .1229772E-09
 29.0   11840.00   .1230657E-09
 29.0   11850.00   .1231543E-09
 29.0   11860.00   .1232429E-09
 29.0   11870.00   .1233311E-09
 29.0   11880.00   .1234192E-09
 29.0   11890.00   .1235071E-09
 29.0   11900.00   .1235948E-09
 29.0   11910.00   .1236825E-09
 29.0   11920.00   .1237701E-09
 29.0   11930.00   .1238573E-09
 29.0   11940.00   .1239445E-09
 29.0   11950.00   .1240315E-09
 29.0   11960.00   .1241184E-09
 29.0   11970.00   .1242050E-09
 29.0   11980.00   .1242915E-09
 29.0   11990.00   .1243778E-09
 29.0   12000.00   .1244639E-09
 29.0   12010.00   .1245500E-09
 29.0   12020.00   .1246357E-09
 29.0   12030.00   .1247214E-09
 29.0   12040.00   .1248068E-09
 29.0   12050.00   .1248919E-09
 29.0   12060.00   .1249768E-09
 29.0   12070.00   .1250619E-09
 29.0   12080.00   .1251464E-09
 29.0   12090.00   .1252308E-09
 29.0   12100.00   .1253151E-09
 29.0   12110.00   .1253990E-09
 29.0   12120.00   .1254827E-09
 29.0   12130.00   .1255662E-09
 29.0   12140.00   .1256496E-09
 29.0   12150.00   .1257326E-09
 29.0   12160.00   .1258157E-09
 29.0   12170.00   .1258983E-09
 29.0   12180.00   .1259806E-09
 29.0   12190.00   .1260630E-09
 29.0   12200.00   .1261448E-09
 29.0   12210.00   .1262266E-09
 29.0   12220.00   .1263079E-09
 29.0   12230.00   .1263892E-09
 29.0   12240.00   .1264702E-09
 29.0   12250.00   .1265508E-09
 29.0   12260.00   .1266314E-09
 29.0   12270.00   .1267115E-09
 29.0   12280.00   .1267917E-09
 29.0   12290.00   .1268712E-09
 29.0   12300.00   .1269507E-09
 29.0   12310.00   .1270297E-09
 29.0   12320.00   .1271088E-09
 29.0   12330.00   .1271873E-09
 29.0   12340.00   .1272656E-09
 29.0   12350.00   .1273435E-09
 29.0   12360.00   .1274214E-09
 29.0   12370.00   .1274988E-09
 29.0   12380.00   .1275759E-09
 29.0   12390.00   .1276529E-09
 29.0   12400.00   .1277293E-09
 29.0   12410.00   .1278057E-09
 29.0   12420.00   .1278816E-09
 29.0   12430.00   .1279573E-09
 29.0   12440.00   .1280326E-09
 29.0   12450.00   .1281077E-09
 29.0   12460.00   .1281824E-09
 29.0   12470.00   .1282567E-09
 29.0   12480.00   .1283307E-09
 29.0   12490.00   .1284046E-09
 29.0   12500.00   .1284780E-09
 29.0   12510.00   .1285714E-09
 29.0   12520.00   .1286646E-09
 29.0   12530.00   .1287576E-09
 29.0   12540.00   .1288502E-09
 29.0   12550.00   .1289424E-09
 29.0   12560.00   .1290341E-09
 29.0   12570.00   .1291257E-09
 29.0   12580.00   .1292166E-09
 29.0   12590.00   .1293074E-09
 29.0   12600.00   .1293977E-09
 29.0   12610.00   .1294876E-09
 29.0   12620.00   .1295771E-09
 29.0   12630.00   .1296663E-09
 29.0   12640.00   .1297552E-09
 29.0   12650.00   .1298435E-09
 29.0   12660.00   .1299316E-09
 29.0   12670.00   .1300190E-09
 29.0   12680.00   .1301063E-09
 29.0   12690.00   .1301928E-09
 29.0   12700.00   .1302794E-09
 29.0   12710.00   .1303652E-09
 29.0   12720.00   .1304509E-09
 29.0   12730.00   .1305360E-09
 29.0   12740.00   .1306206E-09
 29.0   12750.00   .1307050E-09
 29.0   12760.00   .1307886E-09
 29.0   12770.00   .1308721E-09
 29.0   12780.00   .1309550E-09
 29.0   12790.00   .1310375E-09
 29.0   12800.00   .1311196E-09
 29.0   12810.00   .1312012E-09
 29.0   12820.00   .1312824E-09
 29.0   12830.00   .1313629E-09
 29.0   12840.00   .1314432E-09
 29.0   12850.00   .1315231E-09
 29.0   12860.00   .1316023E-09
 29.0   12870.00   .1316812E-09
 29.0   12880.00   .1317597E-09
 29.0   12890.00   .1318376E-09
 29.0   12900.00   .1319149E-09
 29.0   12910.00   .1319921E-09
 29.0   12920.00   .1320686E-09
 29.0   12930.00   .1321448E-09
 29.0   12940.00   .1322206E-09
 29.0   12950.00   .1322957E-09
 29.0   12960.00   .1323705E-09
 29.0   12970.00   .1324448E-09
 29.0   12980.00   .1325187E-09
 29.0   12990.00   .1325921E-09
 29.0   13000.00   .1326652E-09
 29.0   13010.00   .1327377E-09
 29.0   13020.00   .1328097E-09
 29.0   13030.00   .1328815E-09
 29.0   13040.00   .1329528E-09
 29.0   13050.00   .1330237E-09
 29.0   13060.00   .1330941E-09
 29.0   13070.00   .1331641E-09
 29.0   13080.00   .1332335E-09
 29.0   13090.00   .1333028E-09
 29.0   13100.00   .1333716E-09
 29.0   13110.00   .1334397E-09
 29.0   13120.00   .1335074E-09
 29.0   13130.00   .1335750E-09
 29.0   13140.00   .1336420E-09
 29.0   13150.00   .1337086E-09
 29.0   13160.00   .1337748E-09
 29.0   13170.00   .1338406E-09
 29.0   13180.00   .1339060E-09
 29.0   13190.00   .1339710E-09
 29.0   13200.00   .1340353E-09
 29.0   13210.00   .1340997E-09
 29.0   13220.00   .1341634E-09
 29.0   13230.00   .1342268E-09
 29.0   13240.00   .1342898E-09
 29.0   13250.00   .1343524E-09
 29.0   13260.00   .1344145E-09
 29.0   13270.00   .1344764E-09
 29.0   13280.00   .1345376E-09
 29.0   13290.00   .1345988E-09
 29.0   13300.00   .1346592E-09
 29.0   13310.00   .1347197E-09
 29.0   13320.00   .1347793E-09
 29.0   13330.00   .1348389E-09
 29.0   13340.00   .1348979E-09
 29.0   13350.00   .1349567E-09
 29.0   13360.00   .1350149E-09
 29.0   13370.00   .1350729E-09
 29.0   13380.00   .1351307E-09
 29.0   13390.00   .1351878E-09
 29.0   13400.00   .1352446E-09
 29.0   13410.00   .1353009E-09
 29.0   13420.00   .1353570E-09
 29.0   13430.00   .1354128E-09
 29.0   13440.00   .1354683E-09
 29.0   13450.00   .1355234E-09
 29.0   13460.00   .1355780E-09
 29.0   13470.00   .1356323E-09
 29.0   13480.00   .1356862E-09
 29.0   13490.00   .1357398E-09
 29.0   13500.00   .1357931E-09
 29.0   13510.00   .1358461E-09
 29.0   13520.00   .1358987E-09
 29.0   13530.00   .1359509E-09
 29.0   13540.00   .1360027E-09
 29.0   13550.00   .1360542E-09
 29.0   13560.00   .1361057E-09
 29.0   13570.00   .1361564E-09
 29.0   13580.00   .1362071E-09
 29.0   13590.00   .1362572E-09
 29.0   13600.00   .1363071E-09
 29.0   13610.00   .1363567E-09
 29.0   13620.00   .1364059E-09
 29.0   13630.00   .1364548E-09
 29.0   13640.00   .1365035E-09
 29.0   13650.00   .1365517E-09
 29.0   13660.00   .1365996E-09
 29.0   13670.00   .1366474E-09
 29.0   13680.00   .1366946E-09
 29.0   13690.00   .1367416E-09
 29.0   13700.00   .1367882E-09
 29.0   13710.00   .1361145E-09
 29.0   13720.00   .1354400E-09
 29.0   13730.00   .1347646E-09
 29.0   13740.00   .1340885E-09
 29.0   13750.00   .1334115E-09
 29.0   13760.00   .1327339E-09
 29.0   13770.00   .1320554E-09
 29.0   13780.00   .1313762E-09
 29.0   13790.00   .1306964E-09
 29.0   13800.00   .1300157E-09
 29.0   13810.00   .1293342E-09
 29.0   13820.00   .1286522E-09
 29.0   13830.00   .1279694E-09
 29.0   13840.00   .1272860E-09
 29.0   13850.00   .1266018E-09
 29.0   13860.00   .1259165E-09
 29.0   13870.00   .1252308E-09
 29.0   13880.00   .1245447E-09
 29.0   13890.00   .1238578E-09
 29.0   13900.00   .1231702E-09
 29.0   13910.00   .1224820E-09
 29.0   13920.00   .1217927E-09
 29.0   13930.00   .1211032E-09
 29.0   13940.00   .1204128E-09
 29.0   13950.00   .1197219E-09
 29.0   13960.00   .1190304E-09
 29.0   13970.00   .1183381E-09
 29.0   13980.00   .1176455E-09
 29.0   13990.00   .1169519E-09
 29.0   14000.00   .1162579E-09
 29.0   14010.00   .1155634E-09
 29.0   14020.00   .1148679E-09
 29.0   14030.00   .1141722E-09
 29.0   14040.00   .1134757E-09
 29.0   14050.00   .1127788E-09
 29.0   14060.00   .1120810E-09
 29.0   14070.00   .1113828E-09
 29.0   14080.00   .1106841E-09
 29.0   14090.00   .1099846E-09
 29.0   14100.00   .1092848E-09
 29.0   14110.00   .1085844E-09
 29.0   14120.00   .1078836E-09
 29.0   14130.00   .1071819E-09
 29.0   14140.00   .1064800E-09
 29.0   14150.00   .1057772E-09
 29.0   14160.00   .1050741E-09
 29.0   14170.00   .1043706E-09
 29.0   14180.00   .1036663E-09
 29.0   14190.00   .1029617E-09
 29.0   14200.00   .1022565E-09
 29.0   14210.00   .1015510E-09
 29.0   14220.00   .1008446E-09
 29.0   14230.00   .1001380E-09
 29.0   14240.00   .9943087E-10
 29.0   14250.00   .9872316E-10
 29.0   14260.00   .9801525E-10
 29.0   14270.00   .9730642E-10
 29.0   14280.00   .9659749E-10
 29.0   14290.00   .9588791E-10
 29.0   14300.00   .9517799E-10
 29.0   14310.00   .9446742E-10
 29.0   14320.00   .9375653E-10
 29.0   14330.00   .9304523E-10
 29.0   14340.00   .9233336E-10
 29.0   14350.00   .9162118E-10
 29.0   14360.00   .9090844E-10
 29.0   14370.00   .9019540E-10
 29.0   14380.00   .8948187E-10
 29.0   14390.00   .8876780E-10
 29.0   14400.00   .8805350E-10
 29.0   14410.00   .8733867E-10
 29.0   14420.00   .8662354E-10
 29.0   14430.00   .8590787E-10
 29.0   14440.00   .8519183E-10
 29.0   14450.00   .8447542E-10
 29.0   14460.00   .8375856E-10
 29.0   14470.00   .8304133E-10
 29.0   14480.00   .8232372E-10
 29.0   14490.00   .8160574E-10
 29.0   14500.00   .8088735E-10
 29.0   14510.00   .8016860E-10
 29.0   14520.00   .7944944E-10
 29.0   14530.00   .7872999E-10
 29.0   14540.00   .7801005E-10
 29.0   14550.00   .7728980E-10
 29.0   14560.00   .7656920E-10
 29.0   14570.00   .7584821E-10
 29.0   14580.00   .7512685E-10
 29.0   14590.00   .7440521E-10
 29.0   14600.00   .7368316E-10
 29.0   14610.00   .7296075E-10
 29.0   14620.00   .7223802E-10
 29.0   14630.00   .7151496E-10
 29.0   14640.00   .7079153E-10
 29.0   14650.00   .7006779E-10
 29.0   14660.00   .6934369E-10
 29.0   14670.00   .6861927E-10
 29.0   14680.00   .6789451E-10
 29.0   14690.00   .6716945E-10
 29.0   14700.00   .6644405E-10
 29.0   14710.00   .6571831E-10
 29.0   14720.00   .6499222E-10
 29.0   14730.00   .6426587E-10
 29.0   14740.00   .6353919E-10
 29.0   14750.00   .6281223E-10
 29.0   14760.00   .6208489E-10
 29.0   14770.00   .6135730E-10
 29.0   14780.00   .6062940E-10
 29.0   14790.00   .5990116E-10
 29.0   14800.00   .5917264E-10
 29.0   14810.00   .5844381E-10
 29.0   14820.00   .5771465E-10
 29.0   14830.00   .5698523E-10
 29.0   14840.00   .5625553E-10
 29.0   14850.00   .5552548E-10
 29.0   14860.00   .5479519E-10
 29.0   14870.00   .5406458E-10
 29.0   14880.00   .5333366E-10
 29.0   14890.00   .5260251E-10
 29.0   14900.00   .5187100E-10
 29.0   14910.00   .5113925E-10
 29.0   14920.00   .5040719E-10
 29.0   14930.00   .4967487E-10
 29.0   14940.00   .4894220E-10
 29.0   14950.00   .4820932E-10
 29.0   14960.00   .4747612E-10
 29.0   14970.00   .4674264E-10
 29.0   14980.00   .4600887E-10
 29.0   14990.00   .4527480E-10
 29.0   15000.00   .4454048E-10
 29.0   15010.00   .4454843E-10
 29.0   15020.00   .4455638E-10
 29.0   15030.00   .4456426E-10
 29.0   15040.00   .4457217E-10
 29.0   15050.00   .4458004E-10
 29.0   15060.00   .4458789E-10
 29.0   15070.00   .4459575E-10
 29.0   15080.00   .4460359E-10
 29.0   15090.00   .4461139E-10
 29.0   15100.00   .4461920E-10
 29.0   15110.00   .4462699E-10
 29.0   15120.00   .4463477E-10
 29.0   15130.00   .4464253E-10
 29.0   15140.00   .4465027E-10
 29.0   15150.00   .4465801E-10
 29.0   15160.00   .4466570E-10
 29.0   15170.00   .4467342E-10
 29.0   15180.00   .4468107E-10
 29.0   15190.00   .4468879E-10
 29.0   15200.00   .4469643E-10
 29.0   15210.00   .4470407E-10
 29.0   15220.00   .4471172E-10
 29.0   15230.00   .4471933E-10
 29.0   15240.00   .4472696E-10
 29.0   15250.00   .4473454E-10
 29.0   15260.00   .4474211E-10
 29.0   15270.00   .4474969E-10
 29.0   15280.00   .4475723E-10
 29.0   15290.00   .4476473E-10
 29.0   15300.00   .4477227E-10
 29.0   15310.00   .4477979E-10
 29.0   15320.00   .4478730E-10
 29.0   15330.00   .4479478E-10
 29.0   15340.00   .4480224E-10
 29.0   15350.00   .4480970E-10
 29.0   15360.00   .4481717E-10
 29.0   15370.00   .4482460E-10
 29.0   15380.00   .4483201E-10
 29.0   15390.00   .4483939E-10
 29.0   15400.00   .4484681E-10
 29.0   15410.00   .4485418E-10
 29.0   15420.00   .4486156E-10
 29.0   15430.00   .4486893E-10
 29.0   15440.00   .4487628E-10
 29.0   15450.00   .4488360E-10
 29.0   15460.00   .4489090E-10
 29.0   15470.00   .4489824E-10
 29.0   15480.00   .4490554E-10
 29.0   15490.00   .4491284E-10
 29.0   15500.00   .4492010E-10
 29.0   15510.00   .4492736E-10
 29.0   15520.00   .4493464E-10
 29.0   15530.00   .4494185E-10
 29.0   15540.00   .4494909E-10
 29.0   15550.00   .4495629E-10
 29.0   15560.00   .4496351E-10
 29.0   15570.00   .4497072E-10
 29.0   15580.00   .4497790E-10
 29.0   15590.00   .4498506E-10
 29.0   15600.00   .4499222E-10
 29.0   15610.00   .4499938E-10
 29.0   15620.00   .4500651E-10
 29.0   15630.00   .4501366E-10
 29.0   15640.00   .4502076E-10
 29.0   15650.00   .4502790E-10
 29.0   15660.00   .4503500E-10
 29.0   15670.00   .4504206E-10
 29.0   15680.00   .4504916E-10
 29.0   15690.00   .4505621E-10
 29.0   15700.00   .4506327E-10
 29.0   15710.00   .4507030E-10
 29.0   15720.00   .4507737E-10
 29.0   15730.00   .4508438E-10
 29.0   15740.00   .4509140E-10
 29.0   15750.00   .4509839E-10
 29.0   15760.00   .4510542E-10
 29.0   15770.00   .4511240E-10
 29.0   15780.00   .4511938E-10
 29.0   15790.00   .4512635E-10
 29.0   15800.00   .4513331E-10
 29.0   15810.00   .4514025E-10
 29.0   15820.00   .4514719E-10
 29.0   15830.00   .4515413E-10
 29.0   15840.00   .4516105E-10
 29.0   15850.00   .4516797E-10
 29.0   15860.00   .4517489E-10
 29.0   15870.00   .4518176E-10
 29.0   15880.00   .4518868E-10
 29.0   15890.00   .4519552E-10
 29.0   15900.00   .4520243E-10
 29.0   15910.00   .4520928E-10
 29.0   15920.00   .4521613E-10
 29.0   15930.00   .4522298E-10
 29.0   15940.00   .4522981E-10
 29.0   15950.00   .4523664E-10
 29.0   15960.00   .4524347E-10
 29.0   15970.00   .4525026E-10
 29.0   15980.00   .4525706E-10
 29.0   15990.00   .4526388E-10
 29.0   16000.00   .4527069E-10
 29.0   16010.00   .4527748E-10
 29.0   16020.00   .4528423E-10
 29.0   16030.00   .4529100E-10
 29.0   16040.00   .4529774E-10
 29.0   16050.00   .4530449E-10
 29.0   16060.00   .4531123E-10
 29.0   16070.00   .4531801E-10
 29.0   16080.00   .4532472E-10
 29.0   16090.00   .4533141E-10
 29.0   16100.00   .4533814E-10
 29.0   16110.00   .4534485E-10
 29.0   16120.00   .4535153E-10
 29.0   16130.00   .4535823E-10
 29.0   16140.00   .4536491E-10
 29.0   16150.00   .4537163E-10
 29.0   16160.00   .4537827E-10
 29.0   16170.00   .4538494E-10
 29.0   16180.00   .4539160E-10
 29.0   16190.00   .4539826E-10
 29.0   16200.00   .4540492E-10
 29.0   16210.00   .4541154E-10
 29.0   16220.00   .4541821E-10
 29.0   16230.00   .4542483E-10
 29.0   16240.00   .4543140E-10
 29.0   16250.00   .4543804E-10
 29.0   16260.00   .4543386E-10
 29.0   16270.00   .4542965E-10
 29.0   16280.00   .4542546E-10
 29.0   16290.00   .4542127E-10
 29.0   16300.00   .4541709E-10
 29.0   16310.00   .4541294E-10
 29.0   16320.00   .4540880E-10
 29.0   16330.00   .4540463E-10
 29.0   16340.00   .4540050E-10
 29.0   16350.00   .4539640E-10
 29.0   16360.00   .4539228E-10
 29.0   16370.00   .4538819E-10
 29.0   16380.00   .4538411E-10
 29.0   16390.00   .4538004E-10
 29.0   16400.00   .4537598E-10
 29.0   16410.00   .4537195E-10
 29.0   16420.00   .4536789E-10
 29.0   16430.00   .4536386E-10
 29.0   16440.00   .4535985E-10
 29.0   16450.00   .4535585E-10
 29.0   16460.00   .4535188E-10
 29.0   16470.00   .4534787E-10
 29.0   16480.00   .4534392E-10
 29.0   16490.00   .4533995E-10
 29.0   16500.00   .4533602E-10
 29.0   16510.00   .4533207E-10
 29.0   16520.00   .4532812E-10
 29.0   16530.00   .4532427E-10
 29.0   16540.00   .4532036E-10
 29.0   16550.00   .4531648E-10
 29.0   16560.00   .4531260E-10
 29.0   16570.00   .4530874E-10
 29.0   16580.00   .4530489E-10
 29.0   16590.00   .4530103E-10
 29.0   16600.00   .4529724E-10
 29.0   16610.00   .4529340E-10
 29.0   16620.00   .4528961E-10
 29.0   16630.00   .4528581E-10
 29.0   16640.00   .4528206E-10
 29.0   16650.00   .4527829E-10
 29.0   16660.00   .4527454E-10
 29.0   16670.00   .4527081E-10
 29.0   16680.00   .4526709E-10
 29.0   16690.00   .4526337E-10
 29.0   16700.00   .4525964E-10
 29.0   16710.00   .4525598E-10
 29.0   16720.00   .4525232E-10
 29.0   16730.00   .4524862E-10
 29.0   16740.00   .4524498E-10
 29.0   16750.00   .4524134E-10
 29.0   16760.00   .4523773E-10
 29.0   16770.00   .4523411E-10
 29.0   16780.00   .4523053E-10
 29.0   16790.00   .4522694E-10
 29.0   16800.00   .4522333E-10
 29.0   16810.00   .4521978E-10
 29.0   16820.00   .4521625E-10
 29.0   16830.00   .4521270E-10
 29.0   16840.00   .4520919E-10
 29.0   16850.00   .4520568E-10
 29.0   16860.00   .4520221E-10
 29.0   16870.00   .4519870E-10
 29.0   16880.00   .4519521E-10
 29.0   16890.00   .4519178E-10
 29.0   16900.00   .4518832E-10
 29.0   16910.00   .4518491E-10
 29.0   16920.00   .4518148E-10
 29.0   16930.00   .4517806E-10
 29.0   16940.00   .4517465E-10
 29.0   16950.00   .4517128E-10
 29.0   16960.00   .4516791E-10
 29.0   16970.00   .4516457E-10
 29.0   16980.00   .4516119E-10
 29.0   16990.00   .4515788E-10
 29.0   17000.00   .4515457E-10
 29.0   17010.00   .4515122E-10
 29.0   17020.00   .4514794E-10
 29.0   17030.00   .4514466E-10
 29.0   17040.00   .4514134E-10
 29.0   17050.00   .4513813E-10
 29.0   17060.00   .4513487E-10
 29.0   17070.00   .4513163E-10
 29.0   17080.00   .4512839E-10
 29.0   17090.00   .4512516E-10
 29.0   17100.00   .4512197E-10
 29.0   17110.00   .4511879E-10
 29.0   17120.00   .4511561E-10
 29.0   17130.00   .4511244E-10
 29.0   17140.00   .4510928E-10
 29.0   17150.00   .4510613E-10
 29.0   17160.00   .4510301E-10
 29.0   17170.00   .4509988E-10
 29.0   17180.00   .4509676E-10
 29.0   17190.00   .4509364E-10
 29.0   17200.00   .4509061E-10
 29.0   17210.00   .4508751E-10
 29.0   17220.00   .4508443E-10
 29.0   17230.00   .4508139E-10
 29.0   17240.00   .4507835E-10
 29.0   17250.00   .4507531E-10
 29.0   17260.00   .4507230E-10
 29.0   17270.00   .4506928E-10
 29.0   17280.00   .4506626E-10
 29.0   17290.00   .4506327E-10
 29.0   17300.00   .4506030E-10
 29.0   17310.00   .4505735E-10
 29.0   17320.00   .4505437E-10
 29.0   17330.00   .4505145E-10
 29.0   17340.00   .4504854E-10
 29.0   17350.00   .4504557E-10
 29.0   17360.00   .4504268E-10
 29.0   17370.00   .4503976E-10
 29.0   17380.00   .4503685E-10
 29.0   17390.00   .4503400E-10
 29.0   17400.00   .4503112E-10
 29.0   17410.00   .4502825E-10
 29.0   17420.00   .4502539E-10
 29.0   17430.00   .4502257E-10
 29.0   17440.00   .4501975E-10
 29.0   17450.00   .4501691E-10
 29.0   17460.00   .4501411E-10
 29.0   17470.00   .4501129E-10
 29.0   17480.00   .4500851E-10
 29.0   17490.00   .4500572E-10
 29.0   17500.00   .4500296E-10
 29.0   17510.00   .4500024E-10
 29.0   17520.00   .4499745E-10
 29.0   17530.00   .4499472E-10
 29.0   17540.00   .4499198E-10
 29.0   17550.00   .4498926E-10
 29.0   17560.00   .4498654E-10
 29.0   17570.00   .4498386E-10
 29.0   17580.00   .4498116E-10
 29.0   17590.00   .4497851E-10
 29.0   17600.00   .4497581E-10
 29.0   17610.00   .4497316E-10
 29.0   17620.00   .4497051E-10
 29.0   17630.00   .4496783E-10
 29.0   17640.00   .4496522E-10
 29.0   17650.00   .4496263E-10
 29.0   17660.00   .4496000E-10
 29.0   17670.00   .4495736E-10
 29.0   17680.00   .4495481E-10
 29.0   17690.00   .4495222E-10
 29.0   17700.00   .4494962E-10
 29.0   17710.00   .4494708E-10
 29.0   17720.00   .4494448E-10
 29.0   17730.00   .4494196E-10
 29.0   17740.00   .4493942E-10
 29.0   17750.00   .4493688E-10
 29.0   17760.00   .4493438E-10
 29.0   17770.00   .4493183E-10
 29.0   17780.00   .4492933E-10
 29.0   17790.00   .4492685E-10
 29.0   17800.00   .4492434E-10
 29.0   17810.00   .4492187E-10
 29.0   17820.00   .4491940E-10
 29.0   17830.00   .4491695E-10
 29.0   17840.00   .4491448E-10
 29.0   17850.00   .4491205E-10
 29.0   17860.00   .4490961E-10
 29.0   17870.00   .4490719E-10
 29.0   17880.00   .4490481E-10
 29.0   17890.00   .4490238E-10
 29.0   17900.00   .4489994E-10
 29.0   17910.00   .4489756E-10
 29.0   17920.00   .4489520E-10
 29.0   17930.00   .4489282E-10
 29.0   17940.00   .4489046E-10
 29.0   17950.00   .4488809E-10
 29.0   17960.00   .4488570E-10
 29.0   17970.00   .4488339E-10
 29.0   17980.00   .4488108E-10
 29.0   17990.00   .4487875E-10
 29.0   18000.00   .4487637E-10
 29.0   18010.00   .4474725E-10
 29.0   18020.00   .4461812E-10
 29.0   18030.00   .4448899E-10
 29.0   18040.00   .4435990E-10
 29.0   18050.00   .4423082E-10
 29.0   18060.00   .4410180E-10
 29.0   18070.00   .4397274E-10
 29.0   18080.00   .4384373E-10
 29.0   18090.00   .4371470E-10
 29.0   18100.00   .4358576E-10
 29.0   18110.00   .4345677E-10
 29.0   18120.00   .4332788E-10
 29.0   18130.00   .4319893E-10
 29.0   18140.00   .4307007E-10
 29.0   18150.00   .4294120E-10
 29.0   18160.00   .4281232E-10
 29.0   18170.00   .4268348E-10
 29.0   18180.00   .4255465E-10
 29.0   18190.00   .4242587E-10
 29.0   18200.00   .4229709E-10
 29.0   18210.00   .4216834E-10
 29.0   18220.00   .4203959E-10
 29.0   18230.00   .4191091E-10
 29.0   18240.00   .4178216E-10
 29.0   18250.00   .4165349E-10
 29.0   18260.00   .4152482E-10
 29.0   18270.00   .4139619E-10
 29.0   18280.00   .4126757E-10
 29.0   18290.00   .4113892E-10
 29.0   18300.00   .4101035E-10
 29.0   18310.00   .4088177E-10
 29.0   18320.00   .4075323E-10
 29.0   18330.00   .4062468E-10
 29.0   18340.00   .4049615E-10
 29.0   18350.00   .4036765E-10
 29.0   18360.00   .4023913E-10
 29.0   18370.00   .4011069E-10
 29.0   18380.00   .3998223E-10
 29.0   18390.00   .3985380E-10
 29.0   18400.00   .3972536E-10
 29.0   18410.00   .3959698E-10
 29.0   18420.00   .3946859E-10
 29.0   18430.00   .3934022E-10
 29.0   18440.00   .3921190E-10
 29.0   18450.00   .3908353E-10
 29.0   18460.00   .3895523E-10
 29.0   18470.00   .3882694E-10
 29.0   18480.00   .3869868E-10
 29.0   18490.00   .3857039E-10
 29.0   18500.00   .3844216E-10
 29.0   18510.00   .3831389E-10
 29.0   18520.00   .3818571E-10
 29.0   18530.00   .3805751E-10
 29.0   18540.00   .3792931E-10
 29.0   18550.00   .3780114E-10
 29.0   18560.00   .3767296E-10
 29.0   18570.00   .3754486E-10
 29.0   18580.00   .3741673E-10
 29.0   18590.00   .3728861E-10
 29.0   18600.00   .3716052E-10
 29.0   18610.00   .3703244E-10
 29.0   18620.00   .3690441E-10
 29.0   18630.00   .3677634E-10
 29.0   18640.00   .3664831E-10
 29.0   18650.00   .3652030E-10
 29.0   18660.00   .3639228E-10
 29.0   18670.00   .3626432E-10
 29.0   18680.00   .3613636E-10
 29.0   18690.00   .3600838E-10
 29.0   18700.00   .3588043E-10
 29.0   18710.00   .3575254E-10
 29.0   18720.00   .3562462E-10
 29.0   18730.00   .3549672E-10
 29.0   18740.00   .3536883E-10
 29.0   18750.00   .3524095E-10
 29.0   18760.00   .3511311E-10
 29.0   18770.00   .3498527E-10
 29.0   18780.00   .3485744E-10
 29.0   18790.00   .3472965E-10
 29.0   18800.00   .3460183E-10
 29.0   18810.00   .3447406E-10
 29.0   18820.00   .3434628E-10
 29.0   18830.00   .3421853E-10
 29.0   18840.00   .3409076E-10
 29.0   18850.00   .3396306E-10
 29.0   18860.00   .3383534E-10
 29.0   18870.00   .3370765E-10
 29.0   18880.00   .3357996E-10
 29.0   18890.00   .3345228E-10
 29.0   18900.00   .3332462E-10
 29.0   18910.00   .3319695E-10
 29.0   18920.00   .3306934E-10
 29.0   18930.00   .3294170E-10
 29.0   18940.00   .3281412E-10
 29.0   18950.00   .3268651E-10
 29.0   18960.00   .3255890E-10
 29.0   18970.00   .3243137E-10
 29.0   18980.00   .3230380E-10
 29.0   18990.00   .3217624E-10
 29.0   19000.00   .3204873E-10
 29.0   19010.00   .3192119E-10
 29.0   19020.00   .3179370E-10
 29.0   19030.00   .3166618E-10
 29.0   19040.00   .3153874E-10
 29.0   19050.00   .3141124E-10
 29.0   19060.00   .3128379E-10
 29.0   19070.00   .3115633E-10
 29.0   19080.00   .3102892E-10
 29.0   19090.00   .3090149E-10
 29.0   19100.00   .3077410E-10
 29.0   19110.00   .3064667E-10
 29.0   19120.00   .3051929E-10
 29.0   19130.00   .3039193E-10
 29.0   19140.00   .3026457E-10
 29.0   19150.00   .3013721E-10
 29.0   19160.00   .3000986E-10
 29.0   19170.00   .2988256E-10
 29.0   19180.00   .2975522E-10
 29.0   19190.00   .2962792E-10
 29.0   19200.00   .2950063E-10
 29.0   19210.00   .2937336E-10
 29.0   19220.00   .2924609E-10
 29.0   19230.00   .2911886E-10
 29.0   19240.00   .2899159E-10
 29.0   19250.00   .2886435E-10
 29.0   19260.00   .2873712E-10
 29.0   19270.00   .2860990E-10
 29.0   19280.00   .2848271E-10
 29.0   19290.00   .2835552E-10
 29.0   19300.00   .2822834E-10
 29.0   19310.00   .2810119E-10
 29.0   19320.00   .2797406E-10
 29.0   19330.00   .2784687E-10
 29.0   19340.00   .2771974E-10
 29.0   19350.00   .2759263E-10
 29.0   19360.00   .2746550E-10
 29.0   19370.00   .2733838E-10
 29.0   19380.00   .2721128E-10
 29.0   19390.00   .2708419E-10
 29.0   19400.00   .2695718E-10
 29.0   19410.00   .2683009E-10
 29.0   19420.00   .2670303E-10
 29.0   19430.00   .2657596E-10
 29.0   19440.00   .2644898E-10
 29.0   19450.00   .2632193E-10
 29.0   19460.00   .2619491E-10
 29.0   19470.00   .2606792E-10
 29.0   19480.00   .2594093E-10
 29.0   19490.00   .2581396E-10
 29.0   19500.00   .2568698E-10
 29.0   19510.00   .2556003E-10
 29.0   19520.00   .2543307E-10
 29.0   19530.00   .2530615E-10
 29.0   19540.00   .2517920E-10
 29.0   19550.00   .2505229E-10
 29.0   19560.00   .2492536E-10
 29.0   19570.00   .2479845E-10
 29.0   19580.00   .2467159E-10
 29.0   19590.00   .2454468E-10
 29.0   19600.00   .2441783E-10
 29.0   19610.00   .2429097E-10
 29.0   19620.00   .2416410E-10
 29.0   19630.00   .2403727E-10
 29.0   19640.00   .2391043E-10
 29.0   19650.00   .2378362E-10
 29.0   19660.00   .2365681E-10
 29.0   19670.00   .2353000E-10
 29.0   19680.00   .2340323E-10
 29.0   19690.00   .2327643E-10
 29.0   19700.00   .2314966E-10
 29.0   19710.00   .2302290E-10
 29.0   19720.00   .2289614E-10
 29.0   19730.00   .2276939E-10
 29.0   19740.00   .2264267E-10
 29.0   19750.00   .2251595E-10
 29.0   19760.00   .2238925E-10
 29.0   19770.00   .2226254E-10
 29.0   19780.00   .2213585E-10
 29.0   19790.00   .2200916E-10
 29.0   19800.00   .2188250E-10
 29.0   19810.00   .2175584E-10
 29.0   19820.00   .2162921E-10
 29.0   19830.00   .2150256E-10
 29.0   19840.00   .2137593E-10
 29.0   19850.00   .2124932E-10
 29.0   19860.00   .2112272E-10
 29.0   19870.00   .2099611E-10
 29.0   19880.00   .2086953E-10
 29.0   19890.00   .2074295E-10
 29.0   19900.00   .2061639E-10
 29.0   19910.00   .2048985E-10
 29.0   19920.00   .2036329E-10
 29.0   19930.00   .2023676E-10
 29.0   19940.00   .2011023E-10
 29.0   19950.00   .1998373E-10
 29.0   19960.00   .1985725E-10
 29.0   19970.00   .1973073E-10
 29.0   19980.00   .1960427E-10
 29.0   19990.00   .1947779E-10
 29.0   20000.00   .1935134E-10
 29.0   20010.00   .1922488E-10
 29.0   20020.00   .1909845E-10
 29.0   20030.00   .1897202E-10
 29.0   20040.00   .1884561E-10
 29.0   20050.00   .1871920E-10
 29.0   20060.00   .1859281E-10
 29.0   20070.00   .1846644E-10
 29.0   20080.00   .1834006E-10
 29.0   20090.00   .1821369E-10
 29.0   20100.00   .1808734E-10
 29.0   20110.00   .1808680E-10
 29.0   20120.00   .1808628E-10
 29.0   20130.00   .1808576E-10
 29.0   20140.00   .1808523E-10
 29.0   20150.00   .1808472E-10
 29.0   20160.00   .1808420E-10
 29.0   20170.00   .1808369E-10
 29.0   20180.00   .1808318E-10
 29.0   20190.00   .1808268E-10
 29.0   20200.00   .1808216E-10
 29.0   20210.00   .1808168E-10
 29.0   20220.00   .1808120E-10
 29.0   20230.00   .1808069E-10
 29.0   20240.00   .1808020E-10
 29.0   20250.00   .1807973E-10
 29.0   20260.00   .1807926E-10
 29.0   20270.00   .1807877E-10
 29.0   20280.00   .1807830E-10
 29.0   20290.00   .1807783E-10
 29.0   20300.00   .1807735E-10
 29.0   20310.00   .1807691E-10
 29.0   20320.00   .1807644E-10
 29.0   20330.00   .1807600E-10
 29.0   20340.00   .1807556E-10
 29.0   20350.00   .1807509E-10
 29.0   20360.00   .1807467E-10
 29.0   20370.00   .1807421E-10
 29.0   20380.00   .1807379E-10
 29.0   20390.00   .1807338E-10
 29.0   20400.00   .1807295E-10
 29.0   20410.00   .1807252E-10
 29.0   20420.00   .1807213E-10
 29.0   20430.00   .1807172E-10
 29.0   20440.00   .1807131E-10
 29.0   20450.00   .1807092E-10
 29.0   20460.00   .1807051E-10
 29.0   20470.00   .1807013E-10
 29.0   20480.00   .1806974E-10
 29.0   20490.00   .1806936E-10
 29.0   20500.00   .1806899E-10
 29.0   20510.00   .1806862E-10
 29.0   20520.00   .1806825E-10
 29.0   20530.00   .1806789E-10
 29.0   20540.00   .1806754E-10
 29.0   20550.00   .1806718E-10
 29.0   20560.00   .1806685E-10
 29.0   20570.00   .1806650E-10
 29.0   20580.00   .1806616E-10
 29.0   20590.00   .1806584E-10
 29.0   20600.00   .1806552E-10
 29.0   20610.00   .1806520E-10
 29.0   20620.00   .1806488E-10
 29.0   20630.00   .1806457E-10
 29.0   20640.00   .1806427E-10
 29.0   20650.00   .1806399E-10
 29.0   20660.00   .1806370E-10
 29.0   20670.00   .1806340E-10
 29.0   20680.00   .1806312E-10
 29.0   20690.00   .1806284E-10
 29.0   20700.00   .1806256E-10
 29.0   20710.00   .1806232E-10
 29.0   20720.00   .1806205E-10
 29.0   20730.00   .1806181E-10
 29.0   20740.00   .1806157E-10
 29.0   20750.00   .1806132E-10
 29.0   20760.00   .1806108E-10
 29.0   20770.00   .1806087E-10
 29.0   20780.00   .1806066E-10
 29.0   20790.00   .1806043E-10
 29.0   20800.00   .1806023E-10
 29.0   20810.00   .1806004E-10
 29.0   20820.00   .1805984E-10
 29.0   20830.00   .1805965E-10
 29.0   20840.00   .1805946E-10
 29.0   20850.00   .1805930E-10
 29.0   20860.00   .1805913E-10
 29.0   20870.00   .1805897E-10
 29.0   20880.00   .1805882E-10
 29.0   20890.00   .1805866E-10
 29.0   20900.00   .1805853E-10
 29.0   20910.00   .1805840E-10
 29.0   20920.00   .1805825E-10
 29.0   20930.00   .1805816E-10
 29.0   20940.00   .1805804E-10
 29.0   20950.00   .1805792E-10
 29.0   20960.00   .1805781E-10
 29.0   20970.00   .1805774E-10
 29.0   20980.00   .1805766E-10
 29.0   20990.00   .1805755E-10
 29.0   21000.00   .1805749E-10
 29.0   21010.00   .1805743E-10
 29.0   21020.00   .1805738E-10
 29.0   21030.00   .1805732E-10
 29.0   21040.00   .1805727E-10
 29.0   21050.00   .1805725E-10
 29.0   21060.00   .1805723E-10
 29.0   21070.00   .1805720E-10
 29.0   21080.00   .1805720E-10
 29.0   21090.00   .1805720E-10
 29.0   21100.00   .1805720E-10
 29.0   21110.00   .1805721E-10
 29.0   21120.00   .1805724E-10
 29.0   21130.00   .1805725E-10
 29.0   21140.00   .1805729E-10
 29.0   21150.00   .1805733E-10
 29.0   21160.00   .1805737E-10
 29.0   21170.00   .1805743E-10
 29.0   21180.00   .1805752E-10
 29.0   21190.00   .1805758E-10
 29.0   21200.00   .1805767E-10
 29.0   21210.00   .1805777E-10
 29.0   21220.00   .1805786E-10
 29.0   21230.00   .1805797E-10
 29.0   21240.00   .1805808E-10
 29.0   21250.00   .1805820E-10
 29.0   21260.00   .1805834E-10
 29.0   21270.00   .1805848E-10
 29.0   21280.00   .1805864E-10
 29.0   21290.00   .1805880E-10
 29.0   21300.00   .1805897E-10
 29.0   21310.00   .1805913E-10
 29.0   21320.00   .1805930E-10
 29.0   21330.00   .1805951E-10
 29.0   21340.00   .1805971E-10
 29.0   21350.00   .1805994E-10
 29.0   21360.00   .1806015E-10
 29.0   21370.00   .1806037E-10
 29.0   21380.00   .1806063E-10
 29.0   21390.00   .1806087E-10
 29.0   21400.00   .1806111E-10
 29.0   21410.00   .1806138E-10
 29.0   21420.00   .1806166E-10
 29.0   21430.00   .1806196E-10
 29.0   21440.00   .1806224E-10
 29.0   21450.00   .1806254E-10
 29.0   21460.00   .1806285E-10
 29.0   21470.00   .1806317E-10
 29.0   21480.00   .1806350E-10
 29.0   21490.00   .1806385E-10
 29.0   21500.00   .1806421E-10
 29.0   21510.00   .1806457E-10
 29.0   21520.00   .1806493E-10
 29.0   21530.00   .1806530E-10
 29.0   21540.00   .1806569E-10
 29.0   21550.00   .1806610E-10
 29.0   21560.00   .1806650E-10
 29.0   21570.00   .1806692E-10
 29.0   21580.00   .1806734E-10
 29.0   21590.00   .1806778E-10
 29.0   21600.00   .1806822E-10
 29.0   21610.00   .1806869E-10
 29.0   21620.00   .1806916E-10
 29.0   21630.00   .1806962E-10
 29.0   21640.00   .1807014E-10
 29.0   21650.00   .1807062E-10
 29.0   21660.00   .1807116E-10
 29.0   21670.00   .1807166E-10
 29.0   21680.00   .1807221E-10
 29.0   21690.00   .1807274E-10
 29.0   21700.00   .1807330E-10
 29.0   21710.00   .1807384E-10
 29.0   21720.00   .1807442E-10
 29.0   21730.00   .1807502E-10
 29.0   21740.00   .1807559E-10
 29.0   21750.00   .1807621E-10
 29.0   21760.00   .1807682E-10
 29.0   21770.00   .1807745E-10
 29.0   21780.00   .1807809E-10
 29.0   21790.00   .1807873E-10
 29.0   21800.00   .1807940E-10
 29.0   21810.00   .1808006E-10
 29.0   21820.00   .1808074E-10
 29.0   21830.00   .1808146E-10
 29.0   21840.00   .1808215E-10
 29.0   21850.00   .1808286E-10
 29.0   21860.00   .1808359E-10
 29.0   21870.00   .1808433E-10
 29.0   21880.00   .1808506E-10
 29.0   21890.00   .1808585E-10
 29.0   21900.00   .1808662E-10
 29.0   21910.00   .1808742E-10
 29.0   21920.00   .1808820E-10
 29.0   21930.00   .1808902E-10
 29.0   21940.00   .1808983E-10
 29.0   21950.00   .1809065E-10
 29.0   21960.00   .1809149E-10
 29.0   21970.00   .1809235E-10
 29.0   21980.00   .1809322E-10
 29.0   21990.00   .1809408E-10
 29.0   22000.00   .1809498E-10
 29.0   22010.00   .1809588E-10
 29.0   22020.00   .1809680E-10
 29.0   22030.00   .1809773E-10
 29.0   22040.00   .1809867E-10
 29.0   22050.00   .1809960E-10
 29.0   22060.00   .1810058E-10
 29.0   22070.00   .1810157E-10
 29.0   22080.00   .1810254E-10
 29.0   22090.00   .1810354E-10
 29.0   22100.00   .1810454E-10
 29.0   22110.00   .1810560E-10
 29.0   22120.00   .1810662E-10
 29.0   22130.00   .1810765E-10
 29.0   22140.00   .1810874E-10
 29.0   22150.00   .1810980E-10
 29.0   22160.00   .1811089E-10
 29.0   22170.00   .1811201E-10
 29.0   22180.00   .1811313E-10
 29.0   22190.00   .1811425E-10
 29.0   22200.00   .1811538E-10
 29.0   22210.00   .1811653E-10
 29.0   22220.00   .1811769E-10
 29.0   22230.00   .1811888E-10
 29.0   22240.00   .1812010E-10
 29.0   22250.00   .1812126E-10
 29.0   22260.00   .1812249E-10
 29.0   22270.00   .1812373E-10
 29.0   22280.00   .1812498E-10
 29.0   22290.00   .1812625E-10
 29.0   22300.00   .1812751E-10
 29.0   22310.00   .1812879E-10
 29.0   22320.00   .1813009E-10
 29.0   22330.00   .1813140E-10
 29.0   22340.00   .1813274E-10
 29.0   22350.00   .1813408E-10
 29.0   22360.00   .1813544E-10
 29.0   22370.00   .1813678E-10
 29.0   22380.00   .1813818E-10
 29.0   22390.00   .1813956E-10
 29.0   22400.00   .1814098E-10
 29.0   22410.00   .1814240E-10
 29.0   22420.00   .1814384E-10
 29.0   22430.00   .1814529E-10
 29.0   22440.00   .1814675E-10
 29.0   22450.00   .1814824E-10
 29.0   22460.00   .1814973E-10
 29.0   22470.00   .1815123E-10
 29.0   22480.00   .1815276E-10
 29.0   22490.00   .1815426E-10
 29.0   22500.00   .1815580E-10
 29.0   22510.00   .1815739E-10
 29.0   22520.00   .1815895E-10
 29.0   22530.00   .1816053E-10
 29.0   22540.00   .1816212E-10
 29.0   22550.00   .1816373E-10
 29.0   22560.00   .1816537E-10
 29.0   22570.00   .1816700E-10
 29.0   22580.00   .1816864E-10
 29.0   22590.00   .1817032E-10
 29.0   22600.00   .1817199E-10
 29.0   22610.00   .1817369E-10
 29.0   22620.00   .1817536E-10
 29.0   22630.00   .1817708E-10
 29.0   22640.00   .1817880E-10
 29.0   22650.00   .1818054E-10
 29.0   22660.00   .1818231E-10
 29.0   22670.00   .1818406E-10
 29.0   22680.00   .1818583E-10
 29.0   22690.00   .1818764E-10
 29.0   22700.00   .1818943E-10
 29.0   22710.00   .1819124E-10
 29.0   22720.00   .1819307E-10
 29.0   22730.00   .1819491E-10
 29.0   22740.00   .1819675E-10
 29.0   22750.00   .1819861E-10
 29.0   22760.00   .1820050E-10
 29.0   22770.00   .1820236E-10
 29.0   22780.00   .1820427E-10
 29.0   22790.00   .1820616E-10
 29.0   22800.00   .1820810E-10
 29.0   22810.00   .1821004E-10
 29.0   22820.00   .1821199E-10
 29.0   22830.00   .1821391E-10
 29.0   22840.00   .1821590E-10
 29.0   22850.00   .1821788E-10
 29.0   22860.00   .1821987E-10
 29.0   22870.00   .1822188E-10
 29.0   22880.00   .1822388E-10
 29.0   22890.00   .1822591E-10
 29.0   22900.00   .1822794E-10
 29.0   22910.00   .1822998E-10
 29.0   22920.00   .1823204E-10
 29.0   22930.00   .1823412E-10
 29.0   22940.00   .1823622E-10
 29.0   22950.00   .1823828E-10
 29.0   22960.00   .1824040E-10
 29.0   22970.00   .1824251E-10
 29.0   22980.00   .1824462E-10
 29.0   22990.00   .1824676E-10
 29.0   23000.00   .1824892E-10
 29.0   23010.00   .1825108E-10
 29.0   23020.00   .1825324E-10
 29.0   23030.00   .1825543E-10
 29.0   23040.00   .1825762E-10
 29.0   23050.00   .1825982E-10
 29.0   23060.00   .1826202E-10
 29.0   23070.00   .1826424E-10
 29.0   23080.00   .1826648E-10
 29.0   23090.00   .1826870E-10
 29.0   23100.00   .1827095E-10
 29.0   23110.00   .1827323E-10
 29.0   23120.00   .1827550E-10
 29.0   23130.00   .1827776E-10
 29.0   23140.00   .1828008E-10
 29.0   23150.00   .1828237E-10
 29.0   23160.00   .1828469E-10
 29.0   23170.00   .1828699E-10
 29.0   23180.00   .1828934E-10
 29.0   23190.00   .1829167E-10
 29.0   23200.00   .1829404E-10
 29.0   23210.00   .1829639E-10
 29.0   23220.00   .1829878E-10
 29.0   23230.00   .1830116E-10
 29.0   23240.00   .1830354E-10
 29.0   23250.00   .1830594E-10
 29.0   23260.00   .1830836E-10
 29.0   23270.00   .1831077E-10
 29.0   23280.00   .1831320E-10
 29.0   23290.00   .1831565E-10
 29.0   23300.00   .1831811E-10
 29.0   23310.00   .1832055E-10
 29.0   23320.00   .1832300E-10
 29.0   23330.00   .1832548E-10
 29.0   23340.00   .1832797E-10
 29.0   23350.00   .1833047E-10
 29.0   23360.00   .1833296E-10
 29.0   23370.00   .1833547E-10
 29.0   23380.00   .1833799E-10
 29.0   23390.00   .1834053E-10
 29.0   23400.00   .1834306E-10
 29.0   23410.00   .1834562E-10
 29.0   23420.00   .1834818E-10
 29.0   23430.00   .1835072E-10
 29.0   23440.00   .1835331E-10
 29.0   23450.00   .1835589E-10
 29.0   23460.00   .1835850E-10
 29.0   23470.00   .1836107E-10
 29.0   23480.00   .1836369E-10
 29.0   23490.00   .1836629E-10
 29.0   23500.00   .1836893E-10
 29.0   23510.00   .1837155E-10
 29.0   23520.00   .1837421E-10
 29.0   23530.00   .1837684E-10
 29.0   23540.00   .1837951E-10
 29.0   23550.00   .1838216E-10
 29.0   23560.00   .1838484E-10
 29.0   23570.00   .1838752E-10
 29.0   23580.00   .1839020E-10
 29.0   23590.00   .1839290E-10
 29.0   23600.00   .1839561E-10
 29.0   23610.00   .1839833E-10
 29.0   23620.00   .1840104E-10
 29.0   23630.00   .1840376E-10
 29.0   23640.00   .1840650E-10
 29.0   23650.00   .1840925E-10
 29.0   23660.00   .1841200E-10
 29.0   23670.00   .1841476E-10
 29.0   23680.00   .1841753E-10
 29.0   23690.00   .1842029E-10
 29.0   23700.00   .1842306E-10
 29.0   23710.00   .1842586E-10
 29.0   23720.00   .1842865E-10
 29.0   23730.00   .1843145E-10
 29.0   23740.00   .1843427E-10
 29.0   23750.00   .1843706E-10
 29.0   23760.00   .1843991E-10
 29.0   23770.00   .1844274E-10
 29.0   23780.00   .1844558E-10
 29.0   23790.00   .1844841E-10
 29.0   23800.00   .1845127E-10
 29.0   23810.00   .1845412E-10
 29.0   23820.00   .1845699E-10
 29.0   23830.00   .1845985E-10
 29.0   23840.00   .1846273E-10
 29.0   23850.00   .1846562E-10
 29.0   23860.00   .1846851E-10
 29.0   23870.00   .1847140E-10
 29.0   23880.00   .1847432E-10
 29.0   23890.00   .1847720E-10
 29.0   23900.00   .1848013E-10
 29.0   23910.00   .1848306E-10
 29.0   23920.00   .1848600E-10
 29.0   23930.00   .1848892E-10
 29.0   23940.00   .1849187E-10
 29.0   23950.00   .1849481E-10
 29.0   23960.00   .1849775E-10
 29.0   23970.00   .1850070E-10
 29.0   23980.00   .1850368E-10
 29.0   23990.00   .1850664E-10
 29.0   24000.00   .1850964E-10
 29.0   24010.00   .1851260E-10
 29.0   24020.00   .1851560E-10
 29.0   24030.00   .1851859E-10
 29.0   24040.00   .1852158E-10
 29.0   24050.00   .1852460E-10
 29.0   24060.00   .1852761E-10
 29.0   24070.00   .1853063E-10
 29.0   24080.00   .1853363E-10
 29.0   24090.00   .1853667E-10
 29.0   24100.00   .1853971E-10
 29.0   24110.00   .1854273E-10
 29.0   24120.00   .1854577E-10
 29.0   24130.00   .1854882E-10
 29.0   24140.00   .1855187E-10
 29.0   24150.00   .1855492E-10
 29.0   24160.00   .1855800E-10
 29.0   24170.00   .1856107E-10
 29.0   24180.00   .1856415E-10
 29.0   24190.00   .1856722E-10
 29.0   24200.00   .1857031E-10
 29.0   24210.00   .1857338E-10
 29.0   24220.00   .1857644E-10
 29.0   24230.00   .1857955E-10
 29.0   24240.00   .1858266E-10
 29.0   24250.00   .1858578E-10
 29.0   24260.00   .1858888E-10
 29.0   24270.00   .1859200E-10
 29.0   24280.00   .1859509E-10
 29.0   24290.00   .1859823E-10
 29.0   24300.00   .1860135E-10
 29.0   24310.00   .1860447E-10
 29.0   24320.00   .1860763E-10
 29.0   24330.00   .1861077E-10
 29.0   24340.00   .1861390E-10
 29.0   24350.00   .1861704E-10
 29.0   24360.00   .1862020E-10
 29.0   24370.00   .1862336E-10
 29.0   24380.00   .1862651E-10
 29.0   24390.00   .1862969E-10
 29.0   24400.00   .1863285E-10
 29.0   24410.00   .1863602E-10
 29.0   24420.00   .1863919E-10
 29.0   24430.00   .1864238E-10
 29.0   24440.00   .1864553E-10
 29.0   24450.00   .1864874E-10
 29.0   24460.00   .1865193E-10
 29.0   24470.00   .1865512E-10
 29.0   24480.00   .1865832E-10
 29.0   24490.00   .1866150E-10
 29.0   24500.00   .1866471E-10
 29.0   24510.00   .1866790E-10
 29.0   24520.00   .1867113E-10
 29.0   24530.00   .1867434E-10
 29.0   24540.00   .1867755E-10
 29.0   24550.00   .1868076E-10
 29.0   24560.00   .1868399E-10
 29.0   24570.00   .1868719E-10
 29.0   24580.00   .1869043E-10
 29.0   24590.00   .1869366E-10
 29.0   24600.00   .1869690E-10
 29.0   24610.00   .1870012E-10
 29.0   24620.00   .1870336E-10
 29.0   24630.00   .1870661E-10
 29.0   24640.00   .1870984E-10
 29.0   24650.00   .1871308E-10
 29.0   24660.00   .1871634E-10
 29.0   24670.00   .1871957E-10
 29.0   24680.00   .1872283E-10
 29.0   24690.00   .1872608E-10
 29.0   24700.00   .1872935E-10
 29.0   24710.00   .1873260E-10
 29.0   24720.00   .1873585E-10
 29.0   24730.00   .1873914E-10
 29.0   24740.00   .1874239E-10
 29.0   24750.00   .1874564E-10
 29.0   24760.00   .1874890E-10
 29.0   24770.00   .1875219E-10
 29.0   24780.00   .1875546E-10
 29.0   24790.00   .1875875E-10
 29.0   24800.00   .1876200E-10
 29.0   24810.00   .1876529E-10
 29.0   24820.00   .1876857E-10
 29.0   24830.00   .1877184E-10
 29.0   24840.00   .1877511E-10
 29.0   24850.00   .1877840E-10
 29.0   24860.00   .1878168E-10
 29.0   24870.00   .1878498E-10
 29.0   24880.00   .1878825E-10
 29.0   24890.00   .1879155E-10
 29.0   24900.00   .1879485E-10
 29.0   24910.00   .1879810E-10
 29.0   24920.00   .1880140E-10
 29.0   24930.00   .1880470E-10
 29.0   24940.00   .1880799E-10
 29.0   24950.00   .1881128E-10
 29.0   24960.00   .1881458E-10
 29.0   24970.00   .1881787E-10
 29.0   24980.00   .1882116E-10
 29.0   24990.00   .1882448E-10
 29.0   25000.00   .1882777E-10
