1.152040098989435937e+05 7.266649429878816591e+04 3.988700338999075757e+04 1.686553717255138326e+04 3.602095646470016618e+03 9.667881174668438859e+01 6.349286668381368145e+03 2.235991921637408450e+04 4.812857645572482579e+04 8.365525838643360476e+04
1.152162485493733257e+05 7.267621423686202615e+04 3.989420461570876068e+04 1.687021968591352197e+04 3.604259447476294554e+03 9.632390039710234930e+01 6.346413044675926358e+03 2.235452688031278376e+04 4.812066540730766428e+04 8.364482862566056428e+04
1.152283489922071312e+05 7.268582459916084190e+04 3.990132489747262298e+04 1.687484988714241626e+04 3.606399568170217208e+03 9.597394055605430196e+01 6.343573004299907552e+03 2.234919675940179877e+04 4.811284520586170402e+04 8.363451834367963602e+04
1.152403200000000361e+05 7.269533234567899490e+04 3.990836938271606050e+04 1.687943111111111648e+04 3.608517530864199216e+03 9.562864197530882393e+01 6.340764444444437686e+03 2.234392493827158978e+04 4.810511012345679046e+04 8.362431999999996333e+04
1.152521697345034481e+05 7.270474395199937862e+04 3.991534286085336498e+04 1.688396646106536355e+04 3.610614752635377499e+03 9.528773556342294171e+01 6.337985409849484313e+03 2.233870777549358172e+04 4.809745483249569224e+04 8.361422658085584408e+04
1.152639057911373529e+05 7.271406544454285176e+04 3.992224978930639190e+04 1.688845882542795880e+04 3.612692552907532445e+03 9.495097174514225458e+01 6.335234081940767283e+03 2.233354188349442848e+04 4.808987437640610733e+04 8.360423156067582022e+04
1.152755352401169512e+05 7.272330243316854467e+04 3.992909431757820857e+04 1.689291089334588469e+04 3.614752160471572097e+03 9.461811895529280036e+01 6.332508768797029916e+03 2.232842410999680214e+04 4.808236414255459385e+04 8.359432886647041596e+04
1.152870646644914668e+05 7.273246014132820710e+04 3.993588030952299596e+04 1.689732516907581157e+04 3.616794719986635755e+03 9.428896225549263477e+01 6.329807895882365301e+03 2.232335152086727612e+04 4.807491983721020370e+04 8.358451284491116530e+04
1.152985001953426836e+05 7.274154343397062621e+04 3.994261136395664653e+04 1.690170398530066814e+04 3.618821298002705589e+03 9.396330206277480102e+01 6.327129997480858947e+03 2.231832138425698213e+04 4.806753746239111933e+04 8.357477823188329057e+04
1.153098475443481439e+05 7.275055684335863043e+04 3.994929083372717287e+04 1.690604951545372751e+04 3.620832888538297993e+03 9.364095298089810626e+01 6.324473708781514688e+03 2.231333115594016635e+04 4.806021329445683659e+04 8.356512012433154450e+04
