1.151902073858474032e+05 7.265553279306653712e+04 3.987888289164373418e+04 1.686025768157895072e+04 3.599657162872176286e+03 9.708133552343646500e+01 6.352530199532712686e+03 2.236600375490002625e+04 4.813750200162535475e+04 8.366702493970870273e+04
1.152075660062929237e+05 7.266931863569220877e+04 3.988909595644955698e+04 1.686689796856492467e+04 3.602724672038303652e+03 9.657606686971362819e+01 6.348452153059140073e+03 2.235835293060660115e+04 4.812627839951208443e+04 8.365222855977558356e+04
1.152242566228476062e+05 7.268257437739233137e+04 3.989891682329510513e+04 1.687328396055590565e+04 3.605675789174715192e+03 9.609230915155802677e+01 6.344533520486416819e+03 2.235099942317930982e+04 4.811549001723022957e+04 8.363800530263918336e+04
1.152403200000000361e+05 7.269533234567899490e+04 3.990836938271606050e+04 1.687943111111111648e+04 3.608517530864199216e+03 9.562864197530882393e+01 6.340764444444437686e+03 2.234392493827158978e+04 4.810511012345679046e+04 8.362431999999996333e+04
1.152557940174688993e+05 7.270762258250650484e+04 3.991747583890218812e+04 1.688535378665588360e+04 3.611256425767590827e+03 9.518375623732991642e+01 6.337135778065085105e+03 2.233711249125087488e+04 4.809511389579468960e+04 8.361113999169651652e+04
1.152707138888801128e+05 7.271947301727437298e+04 3.992625683702668903e+04 1.689106534813702092e+04 3.613898550605362288e+03 9.475644443173646891e+01 6.333639029616126209e+03 2.233054630615855422e+04 4.808547827405900171e+04 8.359843493331747595e+04
1.152851123631213268e+05 7.273090962615760509e+04 3.993473158055192471e+04 1.689657822630427836e+04 3.616449563414638305e+03 9.434559188303200017e+01 6.330266311709441652e+03 2.232421172289388778e+04 4.807618182543636067e+04 8.358617661933685304e+04
1.152990199098077719e+05 7.274195657889149152e+04 3.994291793933328154e+04 1.690190399113308376e+04 3.618914734290902743e+03 9.395016880675383675e+01 6.327010294680620063e+03 2.231809511191252386e+04 4.806720462050243805e+04 8.357433882045038627e+04
1.153124648901387118e+05 7.275263637401754386e+04 3.995083254925443907e+04 1.690705341584933922e+04 3.621298973802257024e+03 9.356922311320670360e+01 6.323864163782172909e+03 2.231218379580917099e+04 4.805852811919419764e+04 8.356289713393723650e+04
1.153254737143582315e+05 7.276296996354605653e+04 3.995849090409195924e+04 1.691203653599585959e+04 3.623606859257775795e+03 9.320187387772469378e+01 6.320821579855690288e+03 2.230646597719168858e+04 4.805013506588571181e+04 8.355182884593776544e+04
