1.146617032591104362e+05 7.223605937482762965e+04 3.956844018190288625e+04 1.665884568033615869e+04 3.507275870127437884e+03 1.137307512767508086e+02 6.478210323784078355e+03 2.260071458764944327e+04 4.848124354287282767e+04 8.411979718945424247e+04
1.148596377549333847e+05 7.239310374703654088e+04 3.968459443049776019e+04 1.673410980531699170e+04 3.541649871494235413e+03 1.072146290295128637e+02 6.430804077922805845e+03 2.251241821817413438e+04 4.835205704978348513e+04 8.394972057275086991e+04
1.150524168367630919e+05 7.254612254343640234e+04 3.979785294146777596e+04 1.680760803085716179e+04 3.575387811604556191e+03 1.011922837099863131e+02 6.385021447173432534e+03 2.242687530199491448e+04 4.822675384817441955e+04 8.378465708571195137e+04
1.152403200000000361e+05 7.269533234567899490e+04 3.990836938271606050e+04 1.687943111111111648e+04 3.608517530864199216e+03 9.562864197530882393e+01 6.340764444444437686e+03 2.234392493827158978e+04 4.810511012345679046e+04 8.362431999999996333e+04
1.154236098275979894e+05 7.284093683399510337e+04 4.001628853175025142e+04 1.694966492086342623e+04 3.641066001334607790e+03 9.049177316382503022e+01 6.297942236351058455e+03 2.226341739089632756e+04 4.798691723679960705e+04 8.346844177406093513e+04
1.156025329129171878e+05 7.298312746471998980e+04 4.012174670788084040e+04 1.701839064239971412e+04 3.673059268276599141e+03 8.575258551151584641e+01 6.256470594104448537e+03 2.218521329405541474e+04 4.787198068536440405e+04 8.331677276803142740e+04
1.157773207505488099e+05 7.312208412823471008e+04 4.022487219727866614e+04 1.708568495768063440e+04 3.704522409440616229e+03 8.138455255863155458e+01 6.216271387034663348e+03 2.210918291286873136e+04 4.776011913006081886e+04 8.316908003861091856e+04
1.159481905931655492e+05 7.325797578516270733e+04 4.032578566851792857e+04 1.715162024323114747e+04 3.735479509302382212e+03 7.736346673165070342e+01 6.177272115518935607e+03 2.203520545566425426e+04 4.765116348716759967e+04 8.302514621002896456e+04
1.161153462731288455e+05 7.339096107926237164e+04 4.042460057675396820e+04 1.721626476560357332e+04 3.765953645811195656e+03 7.366721737684827076e+01 6.139405480300516501e+03 2.196316843458222138e+04 4.754495608022194210e+04 8.288476841721968958e+04
1.162789789881133911e+05 7.352118892593245255e+04 4.052142355510955531e+04 1.727968287564468483e+04 3.795966887537823823e+03 7.027559078899570011e+01 6.102608985398183904e+03 2.189296707136540863e+04 4.744134984869065374e+04 8.274775731737392198e+04
