100 .5643586E-14
101 .2403317E-13
102 .6771456E-13
103 .1538060E-12
104 .3051153E-12
105 .5508816E-12
106 .9274906E-12
107 .1479107E-11
108 .2258169E-11
109 .3325625E-11
110 .4750794E-11
111 .6610686E-11
112 .8988631E-11
113 .1197205E-10
114 .1564927E-10
115 .2010522E-10
116 .2541621E-10
117 .3164359E-10
118 .3882682E-10
119 .4697602E-10
120 .5606472E-10
121 .6602304E-10
122 .7673217E-10
123 .8802098E-10
124 .9966509E-10
125 .1113889E-09
126 .1228994E-09
127 .1339957E-09
128 .1445297E-09
129 .1543884E-09
130 .1634971E-09
131 .1718208E-09
132 .1793630E-09
133 .1861636E-09
134 .1922956E-09
135 .1978607E-09
136 .2029855E-09
137 .2078175E-09
138 .2125178E-09
139 .2171682E-09
140 .2217618E-09
141 .2262861E-09
142 .2307290E-09
143 .2350784E-09
144 .2393225E-09
145 .2434512E-09
146 .2474555E-09
147 .2513286E-09
148 .2550654E-09
149 .2586627E-09
150 .2621196E-09
151 .2654384E-09
152 .2686295E-09
153 .2717053E-09
154 .2746780E-09
155 .2775593E-09
156 .2803615E-09
157 .2830964E-09
158 .2857759E-09
159 .2884116E-09
160 .2910154E-09
161 .2935992E-09
162 .2961748E-09
163 .2987541E-09
164 .3013493E-09
165 .3039728E-09
166 .3066371E-09
167 .3093553E-09
168 .3121404E-09
169 .3150063E-09
170 .3179673E-09
171 .3210379E-09
172 .3242336E-09
173 .3275707E-09
174 .3310659E-09
175 .3347370E-09
176 .3385989E-09
177 .3426519E-09
178 .3468926E-09
179 .3513172E-09
180 .3559218E-09
181 .3607019E-09
182 .3656531E-09
183 .3707705E-09
184 .3760486E-09
185 .3814817E-09
186 .3870637E-09
187 .3927880E-09
188 .3986472E-09
189 .4046338E-09
190 .4107394E-09
191 .4169550E-09
192 .4232712E-09
193 .4296778E-09
194 .4361638E-09
195 .4427175E-09
196 .4493268E-09
197 .4559785E-09
198 .4626586E-09
199 .4693525E-09
200 .4760447E-09
201 .4827214E-09
202 .4893788E-09
203 .4960153E-09
204 .5026296E-09
205 .5092202E-09
206 .5157857E-09
207 .5223246E-09
208 .5288353E-09
209 .5353164E-09
210 .5417665E-09
211 .5481840E-09
212 .5545673E-09
213 .5609151E-09
214 .5672257E-09
215 .5734977E-09
216 .5797298E-09
217 .5859203E-09
218 .5920678E-09
219 .5981711E-09
220 .6042286E-09
221 .6102390E-09
222 .6162010E-09
223 .6221132E-09
224 .6279744E-09
225 .6337835E-09
226 .6395400E-09
227 .6452470E-09
228 .6509085E-09
229 .6565288E-09
230 .6621125E-09
231 .6676643E-09
232 .6731892E-09
233 .6786924E-09
234 .6841793E-09
235 .6896555E-09
236 .6951270E-09
237 .7005998E-09
238 .7060803E-09
239 .7115749E-09
240 .7170904E-09
241 .7226338E-09
242 .7282124E-09
243 .7338335E-09
244 .7395047E-09
245 .7452342E-09
246 .7510299E-09
247 .7569004E-09
248 .7628544E-09
249 .7689005E-09
250 .7750483E-09
251 .8260174E-09
252 .8998248E-09
253 .8950472E-09
254 .8278780E-09
255 .8497225E-09
256 .8762450E-09
257 .7893422E-09
258 .7389668E-09
259 .7582982E-09
260 .7851811E-09
261 .8415700E-09
262 .7879493E-09
263 .7480827E-09
264 .8206229E-09
265 .9895115E-09
266 .9938047E-09
267 .1023659E-08
268 .1176759E-08
269 .1270010E-08
270 .1358792E-08
271 .1479221E-08
272 .1583327E-08
273 .1675721E-08
274 .1747660E-08
275 .1789432E-08
276 .1732374E-08
277 .1728865E-08
278 .1721348E-08
279 .1784264E-08
280 .1917665E-08
281 .2135036E-08
282 .2335426E-08
283 .2476517E-08
284 .2657373E-08
285 .2913507E-08
286 .3313183E-08
287 .3716577E-08
288 .4094704E-08
289 .4333320E-08
290 .4608404E-08
291 .4827855E-08
292 .4922753E-08
293 .5005756E-08
294 .5083027E-08
295 .5061820E-08
296 .4993430E-08
297 .4867936E-08
298 .4637716E-08
299 .4368648E-08
300 .4102758E-08
301 .3928680E-08
302 .3787182E-08
303 .3780661E-08
304 .3792604E-08
305 .3667137E-08
306 .3646579E-08
307 .3952377E-08
308 .4204797E-08
309 .4344927E-08
310 .4613506E-08
311 .4878178E-08
312 .5120988E-08
313 .5403477E-08
314 .5623162E-08
315 .5764473E-08
316 .5996385E-08
317 .6140018E-08
318 .5986071E-08
319 .5725686E-08
320 .5449897E-08
321 .5109048E-08
322 .4917148E-08
323 .4693844E-08
324 .4504660E-08
325 .4332391E-08
326 .4272139E-08
327 .4253805E-08
328 .4223107E-08
329 .4272686E-08
330 .4350684E-08
331 .4426282E-08
332 .4667745E-08
333 .4870032E-08
334 .5048830E-08
335 .5239718E-08
336 .5388690E-08
337 .5364339E-08
338 .5332790E-08
339 .5239921E-08
340 .5389044E-08
341 .5558007E-08
342 .5702564E-08
343 .5931658E-08
344 .6144583E-08
345 .6268311E-08
346 .6552267E-08
347 .6695029E-08
348 .6788948E-08
349 .7029540E-08
350 .7380120E-08
351 .7662547E-08
352 .7814677E-08
353 .7964315E-08
354 .7970434E-08
355 .7899324E-08
356 .7847473E-08
357 .7693318E-08
358 .7568914E-08
359 .7371062E-08
360 .7214586E-08
361 .7186595E-08
362 .6787760E-08
363 .6572217E-08
364 .6509311E-08
365 .6136283E-08
366 .5581783E-08
367 .5318988E-08
368 .4919389E-08
369 .4439104E-08
370 .4029931E-08
371 .3885554E-08
372 .3672692E-08
373 .3663911E-08
374 .3720102E-08
375 .3786007E-08
376 .3832106E-08
377 .3977663E-08
378 .4033713E-08
379 .4051343E-08
380 .4416049E-08
381 .4760190E-08
382 .4741903E-08
383 .5236021E-08
384 .5845223E-08
385 .6458081E-08
386 .7071761E-08
387 .7615561E-08
388 .8109595E-08
389 .8335671E-08
390 .8551235E-08
391 .8579308E-08
392 .8745361E-08
393 .8803238E-08
394 .8606322E-08
395 .8549446E-08
396 .8214769E-08
397 .7833469E-08
398 .7511863E-08
399 .7350385E-08
400 .7320382E-08
401 .7337970E-08
402 .7547989E-08
403 .7791151E-08
404 .8064931E-08
405 .8386429E-08
406 .8728285E-08
407 .9006280E-08
408 .9139263E-08
409 .9124821E-08
410 .9122570E-08
411 .8974156E-08
412 .8796241E-08
413 .8661833E-08
414 .8495509E-08
415 .8364529E-08
416 .8221126E-08
417 .8077876E-08
418 .7906315E-08
419 .7701616E-08
420 .7431874E-08
421 .7116589E-08
422 .6797541E-08
423 .6469779E-08
424 .6150427E-08
425 .5874735E-08
426 .5523912E-08
427 .5291596E-08
428 .5020058E-08
429 .4893307E-08
430 .4753535E-08
431 .4779802E-08
432 .4875321E-08
433 .5004100E-08
434 .5172216E-08
435 .5366361E-08
436 .5527048E-08
437 .5705936E-08
438 .5791264E-08
439 .5752504E-08
440 .5715700E-08
441 .5646675E-08
442 .5637235E-08
443 .5692630E-08
444 .5859020E-08
445 .6092820E-08
446 .6347613E-08
447 .6652156E-08
448 .6812679E-08
449 .6982814E-08
450 .7101829E-08
451 .7170124E-08
452 .7163362E-08
453 .7112592E-08
454 .7053222E-08
455 .6990875E-08
456 .6954461E-08
457 .6866126E-08
458 .6823709E-08
459 .6756162E-08
460 .6612564E-08
461 .6430292E-08
462 .6132418E-08
463 .5842699E-08
464 .5567571E-08
465 .5349330E-08
466 .5193092E-08
467 .5052021E-08
468 .4935484E-08
469 .4852394E-08
470 .4773504E-08
471 .4616708E-08
472 .4484790E-08
473 .4355897E-08
474 .4235018E-08
475 .4154774E-08
476 .4129078E-08
477 .4120241E-08
478 .4120543E-08
479 .4098153E-08
480 .4025521E-08
481 .3921664E-08
482 .3779170E-08
483 .3616542E-08
484 .3436673E-08
485 .3280288E-08
486 .3178554E-08
487 .3135389E-08
488 .3162179E-08
489 .3199542E-08
490 .3273159E-08
491 .3331932E-08
492 .3404412E-08
493 .3460679E-08
494 .3480821E-08
495 .3492194E-08
496 .3489335E-08
497 .3505525E-08
498 .3503538E-08
499 .3516533E-08
500 .3580745E-08
501 .3634224E-08
502 .3714218E-08
503 .3822497E-08
504 .3933242E-08
505 .4062713E-08
506 .4178201E-08
507 .4301892E-08
508 .4415916E-08
509 .4507780E-08
510 .4577769E-08
511 .4602805E-08
512 .4596671E-08
513 .4585138E-08
514 .4556775E-08
515 .4524860E-08
516 .4538237E-08
517 .4500432E-08
518 .4448331E-08
519 .4387763E-08
520 .4287260E-08
521 .4153744E-08
522 .3991597E-08
523 .3794322E-08
524 .3601945E-08
525 .3429276E-08
526 .3296363E-08
527 .3187096E-08
528 .3121907E-08
529 .3082491E-08
530 .3081882E-08
531 .3098941E-08
532 .3166342E-08
533 .3226962E-08
534 .3271037E-08
535 .3297120E-08
536 .3305406E-08
537 .3302457E-08
538 .3258470E-08
539 .3199131E-08
540 .3138779E-08
541 .3051281E-08
542 .2958456E-08
543 .2876824E-08
544 .2813468E-08
545 .2788370E-08
546 .2804950E-08
547 .2860346E-08
548 .2954360E-08
549 .3076882E-08
550 .3213935E-08
551 .3345693E-08
552 .3490082E-08
553 .3600883E-08
554 .3675745E-08
555 .3715588E-08
556 .3734150E-08
557 .3754769E-08
558 .3768982E-08
559 .3804669E-08
560 .3786871E-08
561 .3786706E-08
562 .3777309E-08
563 .3764353E-08
564 .3747495E-08
565 .3715436E-08
566 .3697523E-08
567 .3669031E-08
568 .3645113E-08
569 .3613226E-08
570 .3557279E-08
571 .3483341E-08
572 .3394817E-08
573 .3309565E-08
574 .3250821E-08
575 .3195301E-08
576 .3170134E-08
577 .3167088E-08
578 .3168492E-08
579 .3182913E-08
580 .3214491E-08
581 .3251274E-08
582 .3301492E-08
583 .3334299E-08
584 .3361331E-08
585 .3387247E-08
586 .3382903E-08
587 .3417443E-08
588 .3393858E-08
589 .3339140E-08
590 .3361519E-08
591 .3430815E-08
592 .3430188E-08
593 .3374588E-08
594 .3290253E-08
595 .3199273E-08
596 .3106741E-08
597 .3019335E-08
598 .2920687E-08
599 .2843448E-08
600 .2739295E-08
601 .2637910E-08
602 .2506959E-08
603 .2386784E-08
604 .2246360E-08
605 .2074842E-08
606 .1912393E-08
607 .1733354E-08
608 .1581856E-08
609 .1463168E-08
610 .1378139E-08
611 .1334691E-08
612 .1303725E-08
613 .1322233E-08
614 .1368702E-08
615 .1444800E-08
616 .1553448E-08
617 .1683059E-08
618 .1812273E-08
619 .1962530E-08
620 .2122381E-08
621 .2276317E-08
622 .2406762E-08
623 .2530059E-08
624 .2628305E-08
625 .2737757E-08
626 .2822663E-08
627 .2905792E-08
628 .2939865E-08
629 .3019115E-08
630 .3063869E-08
631 .3091534E-08
632 .3094781E-08
633 .3102290E-08
634 .3106186E-08
635 .3108877E-08
636 .3095920E-08
637 .3073693E-08
638 .3040253E-08
639 .3011142E-08
640 .2977468E-08
641 .2931282E-08
642 .2889908E-08
643 .2839884E-08
644 .2801484E-08
645 .2748237E-08
646 .2715721E-08
647 .2679953E-08
648 .2642551E-08
649 .2598359E-08
650 .2563667E-08
651 .2565651E-08
652 .2532408E-08
653 .2496902E-08
654 .2493018E-08
655 .2460463E-08
656 .2426750E-08
657 .2370214E-08
658 .2342800E-08
659 .2286573E-08
660 .2252704E-08
661 .2214063E-08
662 .2179985E-08
663 .2133097E-08
664 .2089135E-08
665 .2064758E-08
666 .2023886E-08
667 .1983529E-08
668 .1952266E-08
669 .1918249E-08
670 .1866624E-08
671 .1834992E-08
672 .1808710E-08
673 .1765106E-08
674 .1712455E-08
675 .1718652E-08
676 .1670476E-08
677 .1666511E-08
678 .1642106E-08
679 .1619373E-08
680 .1607268E-08
681 .1606661E-08
682 .1583039E-08
683 .1559375E-08
684 .1549655E-08
685 .1523333E-08
686 .1529960E-08
687 .1487592E-08
688 .1468124E-08
689 .1431541E-08
690 .1419788E-08
691 .1387233E-08
692 .1378017E-08
693 .1387272E-08
694 .1367697E-08
695 .1375562E-08
696 .1345905E-08
697 .1341116E-08
698 .1324243E-08
699 .1301256E-08
700 .1287976E-08
701 .1290020E-08
702 .1273603E-08
703 .1263775E-08
704 .1266755E-08
705 .1247696E-08
706 .1248880E-08
707 .1239052E-08
708 .1234582E-08
709 .1231046E-08
710 .1225330E-08
711 .1208944E-08
712 .1202170E-08
713 .1195831E-08
714 .1174260E-08
715 .1175915E-08
716 .1167063E-08
717 .1127569E-08
718 .1121874E-08
719 .1097153E-08
720 .1084484E-08
721 .1120426E-08
722 .1122896E-08
723 .1099793E-08
724 .1067120E-08
725 .1060519E-08
726 .1055513E-08
727 .1051706E-08
728 .1037083E-08
729 .1016131E-08
730 .1018656E-08
731 .9958711E-09
732 .9790957E-09
733 .9753838E-09
734 .9578632E-09
735 .9342682E-09
736 .9211103E-09
737 .8995457E-09
738 .8905056E-09
739 .8698353E-09
740 .8510433E-09
741 .8404981E-09
742 .8253021E-09
743 .7956305E-09
744 .7617371E-09
745 .7388609E-09
746 .7256761E-09
747 .7141347E-09
748 .7130840E-09
749 .7308316E-09
750 .7423987E-09
751 .7558140E-09
752 .7656291E-09
753 .7703342E-09
754 .7718215E-09
755 .7684772E-09
756 .7660368E-09
757 .7458581E-09
758 .7408480E-09
759 .7378984E-09
760 .7425182E-09
761 .7636408E-09
762 .7826583E-09
763 .7766096E-09
764 .7922932E-09
765 .8033920E-09
766 .7927593E-09
767 .7990262E-09
768 .8048112E-09
769 .8260603E-09
770 .8475335E-09
771 .8535571E-09
772 .8659514E-09
773 .8713515E-09
774 .8794287E-09
775 .8862069E-09
776 .8938118E-09
777 .9037871E-09
778 .9195591E-09
779 .9184424E-09
780 .9212308E-09
781 .9357466E-09
782 .9373152E-09
783 .9213908E-09
784 .9371363E-09
785 .9459525E-09
786 .9259487E-09
787 .9147925E-09
788 .9252762E-09
789 .9149786E-09
790 .8921881E-09
791 .8893992E-09
792 .8944818E-09
793 .8754149E-09
794 .8551789E-09
795 .8515988E-09
796 .8358921E-09
797 .8225207E-09
798 .7986304E-09
799 .8043534E-09
800 .7938705E-09
801 .7745425E-09
802 .7513233E-09
803 .7496914E-09
804 .7282536E-09
805 .7197317E-09
806 .6995245E-09
807 .6979410E-09
808 .6938539E-09
809 .7000474E-09
810 .6846472E-09
811 .6885863E-09
812 .6810810E-09
813 .6629191E-09
814 .6565217E-09
815 .6595349E-09
816 .6525638E-09
817 .6333377E-09
818 .6070957E-09
819 .5876962E-09
820 .5829123E-09
821 .5502395E-09
822 .5316086E-09
823 .5190350E-09
824 .5198116E-09
825 .4973022E-09
826 .4941400E-09
827 .5008108E-09
828 .5193191E-09
829 .5138830E-09
830 .5334215E-09
831 .5461969E-09
832 .5555001E-09
833 .5487191E-09
834 .5612985E-09
835 .5616603E-09
836 .5758070E-09
837 .5711379E-09
838 .5885764E-09
839 .6093067E-09
840 .6305045E-09
841 .6352165E-09
842 .6583753E-09
843 .6920196E-09
844 .7072680E-09
845 .7116813E-09
846 .7339181E-09
847 .7631366E-09
848 .7785258E-09
849 .7751652E-09
850 .7881835E-09
851 .8048155E-09
852 .8077289E-09
853 .7981232E-09
854 .8005500E-09
855 .8137333E-09
856 .7991635E-09
857 .8002603E-09
858 .8041777E-09
859 .8171526E-09
860 .8017172E-09
861 .7895995E-09
862 .7882385E-09
863 .7946041E-09
864 .7842581E-09
865 .7679586E-09
866 .7816754E-09
867 .7892808E-09
868 .7779923E-09
869 .7676468E-09
870 .7710727E-09
871 .7769645E-09
872 .7610052E-09
873 .7389034E-09
874 .7353810E-09
875 .7572836E-09
876 .7434253E-09
877 .7274524E-09
878 .7180519E-09
879 .7313523E-09
880 .7117426E-09
881 .6992626E-09
882 .6884010E-09
883 .6953173E-09
884 .6931048E-09
885 .6558418E-09
886 .6422184E-09
887 .6256920E-09
888 .6181861E-09
889 .6003662E-09
890 .5759777E-09
891 .5759753E-09
892 .5760155E-09
893 .5819612E-09
894 .5796029E-09
895 .5738218E-09
896 .5627236E-09
897 .5681117E-09
898 .5594373E-09
899 .5625568E-09
900 .5622871E-09
901 .5384131E-09
902 .5297963E-09
903 .5400317E-09
904 .5459184E-09
905 .5363436E-09
906 .5357086E-09
907 .5252039E-09
908 .5212707E-09
909 .5210369E-09
910 .5149388E-09
911 .5206236E-09
912 .5170401E-09
913 .5127247E-09
914 .5190845E-09
915 .5149095E-09
916 .5059618E-09
917 .5193516E-09
918 .5169061E-09
919 .5349090E-09
920 .5242921E-09
921 .5365998E-09
922 .5366971E-09
923 .5345388E-09
924 .5247476E-09
925 .5249908E-09
926 .5313521E-09
927 .5229127E-09
928 .5071192E-09
929 .4997859E-09
930 .4761392E-09
931 .4398032E-09
932 .3967540E-09
933 .3873043E-09
934 .3504359E-09
935 .3584409E-09
936 .3456309E-09
937 .3617920E-09
938 .3528085E-09
939 .3965387E-09
940 .4095209E-09
941 .4011287E-09
942 .3885837E-09
943 .3641300E-09
944 .3540128E-09
945 .3582464E-09
946 .3440637E-09
947 .3483572E-09
948 .3527344E-09
949 .3541934E-09
950 .3188157E-09
951 .3530328E-09
952 .3236186E-09
953 .3287961E-09
954 .3380048E-09
955 .3299166E-09
956 .3279677E-09
957 .3137513E-09
958 .3304919E-09
959 .3078316E-09
960 .3173381E-09
961 .3155509E-09
962 .3183486E-09
963 .3148032E-09
964 .3126659E-09
965 .3090977E-09
966 .3197516E-09
967 .2981698E-09
968 .3058213E-09
969 .3021665E-09
970 .3010112E-09
971 .3075962E-09
972 .2966062E-09
973 .3042344E-09
974 .2923957E-09
975 .2892382E-09
976 .2813281E-09
977 .2909633E-09
978 .2824452E-09
979 .2792872E-09
980 .2824040E-09
981 .2715337E-09
982 .2751998E-09
983 .2779355E-09
984 .2796176E-09
985 .2756335E-09
986 .2723659E-09
987 .2680989E-09
988 .2758350E-09
989 .2644731E-09
990 .2665233E-09
991 .2523825E-09
992 .2659658E-09
993 .2490985E-09
994 .2494469E-09
995 .2642368E-09
996 .2524481E-09
997 .2504979E-09
998 .2484144E-09
999 .2473115E-09
1000 .2466236E-09
1001 .2459618E-09
1002 .2453003E-09
1003 .2446389E-09
1004 .2439777E-09
1005 .2433167E-09
1006 .2426558E-09
1007 .2419951E-09
1008 .2413342E-09
1009 .2406736E-09
1010 .2400133E-09
1011 .2393530E-09
1012 .2386926E-09
1013 .2380323E-09
1014 .2373720E-09
1015 .2367120E-09
1016 .2360519E-09
1017 .2353919E-09
1018 .2347318E-09
1019 .2340719E-09
1020 .2334119E-09
1021 .2327522E-09
1022 .2320921E-09
1023 .2314320E-09
1024 .2307721E-09
1025 .2301122E-09
1026 .2294522E-09
1027 .2287920E-09
1028 .2281319E-09
1029 .2274718E-09
1030 .2268116E-09
1031 .2261510E-09
1032 .2254908E-09
1033 .2248305E-09
1034 .2241699E-09
1035 .2235094E-09
1036 .2228487E-09
1037 .2221877E-09
1038 .2215268E-09
1039 .2208659E-09
1040 .2202046E-09
1041 .2195434E-09
1042 .2188819E-09
1043 .2182205E-09
1044 .2175588E-09
1045 .2168969E-09
1046 .2162350E-09
1047 .2155730E-09
1048 .2149108E-09
1049 .2142483E-09
1050 .2135859E-09
1051 .2129234E-09
1052 .2122607E-09
1053 .2115980E-09
1054 .2109349E-09
1055 .2102721E-09
1056 .2096090E-09
1057 .2089456E-09
1058 .2082824E-09
1059 .2076187E-09
1060 .2069553E-09
1061 .2062918E-09
1062 .2056282E-09
1063 .2049643E-09
1064 .2043006E-09
1065 .2036365E-09
1066 .2029725E-09
1067 .2023083E-09
1068 .2016442E-09
1069 .2009801E-09
1070 .2003157E-09
1071 .1996512E-09
1072 .1989868E-09
1073 .1983224E-09
1074 .1976578E-09
1075 .1969929E-09
1076 .1963284E-09
1077 .1956635E-09
1078 .1949989E-09
1079 .1943339E-09
1080 .1936692E-09
1081 .1930042E-09
1082 .1923393E-09
1083 .1916743E-09
1084 .1910091E-09
1085 .1903440E-09
1086 .1896788E-09
1087 .1890138E-09
1088 .1883485E-09
1089 .1876835E-09
1090 .1870180E-09
1091 .1863528E-09
1092 .1856876E-09
1093 .1850224E-09
1094 .1843571E-09
1095 .1836915E-09
1096 .1830263E-09
1097 .1823610E-09
1098 .1816956E-09
1099 .1810303E-09
1100 .1803649E-09
1101 .1796996E-09
1102 .1790342E-09
1103 .1783689E-09
1104 .1777033E-09
1105 .1770382E-09
1106 .1763728E-09
1107 .1757074E-09
1108 .1750420E-09
1109 .1743769E-09
1110 .1737115E-09
1111 .1730463E-09
1112 .1723811E-09
1113 .1717159E-09
1114 .1710508E-09
1115 .1703857E-09
1116 .1697204E-09
1117 .1690554E-09
1118 .1683904E-09
1119 .1677253E-09
1120 .1670605E-09
1121 .1663953E-09
1122 .1657305E-09
1123 .1650657E-09
1124 .1644008E-09
1125 .1637362E-09
1126 .1630714E-09
1127 .1624067E-09
1128 .1617422E-09
1129 .1610777E-09
1130 .1604133E-09
1131 .1603148E-09
1132 .1602165E-09
1133 .1601185E-09
1134 .1600205E-09
1135 .1599227E-09
1136 .1598251E-09
1137 .1597279E-09
1138 .1596307E-09
1139 .1595337E-09
1140 .1594369E-09
1141 .1593403E-09
1142 .1592440E-09
1143 .1591478E-09
1144 .1590519E-09
1145 .1589561E-09
1146 .1588604E-09
1147 .1587651E-09
1148 .1586700E-09
1149 .1585748E-09
1150 .1584802E-09
1151 .1583856E-09
1152 .1582914E-09
1153 .1581973E-09
1154 .1581035E-09
1155 .1580097E-09
1156 .1579164E-09
1157 .1578231E-09
1158 .1577303E-09
1159 .1576375E-09
1160 .1575450E-09
1161 .1574529E-09
1162 .1573608E-09
1163 .1572691E-09
1164 .1571776E-09
1165 .1570862E-09
1166 .1569950E-09
1167 .1569042E-09
1168 .1568137E-09
1169 .1567236E-09
1170 .1566334E-09
1171 .1565436E-09
1172 .1564541E-09
1173 .1563649E-09
1174 .1562759E-09
1175 .1561871E-09
1176 .1560986E-09
1177 .1560103E-09
1178 .1559224E-09
1179 .1558348E-09
1180 .1557474E-09
1181 .1556602E-09
1182 .1555735E-09
1183 .1554868E-09
1184 .1554005E-09
1185 .1553145E-09
1186 .1552287E-09
1187 .1551434E-09
1188 .1550582E-09
1189 .1549734E-09
1190 .1548888E-09
1191 .1548045E-09
1192 .1547204E-09
1193 .1546367E-09
1194 .1545534E-09
1195 .1544703E-09
1196 .1543875E-09
1197 .1543050E-09
1198 .1542229E-09
1199 .1541410E-09
1200 .1540595E-09
1201 .1539782E-09
1202 .1538973E-09
1203 .1538166E-09
1204 .1537363E-09
1205 .1536565E-09
1206 .1535768E-09
1207 .1534973E-09
1208 .1534185E-09
1209 .1533397E-09
1210 .1532613E-09
1211 .1531834E-09
1212 .1531056E-09
1213 .1530282E-09
1214 .1529512E-09
1215 .1528748E-09
1216 .1527983E-09
1217 .1527223E-09
1218 .1526465E-09
1219 .1525714E-09
1220 .1524963E-09
1221 .1524217E-09
1222 .1523475E-09
1223 .1522735E-09
1224 .1522000E-09
1225 .1521268E-09
1226 .1520541E-09
1227 .1519813E-09
1228 .1519093E-09
1229 .1518377E-09
1230 .1517662E-09
1231 .1516953E-09
1232 .1516246E-09
1233 .1515543E-09
1234 .1514844E-09
1235 .1514148E-09
1236 .1513455E-09
1237 .1512767E-09
1238 .1512083E-09
1239 .1511403E-09
1240 .1510727E-09
1241 .1510055E-09
1242 .1509386E-09
1243 .1508721E-09
1244 .1508061E-09
1245 .1507403E-09
1246 .1506749E-09
1247 .1506101E-09
1248 .1505455E-09
1249 .1504814E-09
1250 .1504177E-09
1251 .1504129E-09
1252 .1504086E-09
1253 .1504043E-09
1254 .1504004E-09
1255 .1503965E-09
1256 .1503930E-09
1257 .1503898E-09
1258 .1503869E-09
1259 .1503842E-09
1260 .1503818E-09
1261 .1503795E-09
1262 .1503777E-09
1263 .1503759E-09
1264 .1503747E-09
1265 .1503736E-09
1266 .1503729E-09
1267 .1503724E-09
1268 .1503721E-09
1269 .1503721E-09
1270 .1503726E-09
1271 .1503733E-09
1272 .1503742E-09
1273 .1503754E-09
1274 .1503772E-09
1275 .1503790E-09
1276 .1503810E-09
1277 .1503836E-09
1278 .1503864E-09
1279 .1503895E-09
1280 .1503930E-09
1281 .1503969E-09
1282 .1504008E-09
1283 .1504052E-09
1284 .1504101E-09
1285 .1504150E-09
1286 .1504204E-09
1287 .1504263E-09
1288 .1504324E-09
1289 .1504387E-09
1290 .1504455E-09
1291 .1504525E-09
1292 .1504601E-09
1293 .1504677E-09
1294 .1504759E-09
1295 .1504842E-09
1296 .1504930E-09
1297 .1505020E-09
1298 .1505114E-09
1299 .1505211E-09
1300 .1505311E-09
1301 .1505416E-09
1302 .1505522E-09
1303 .1505632E-09
1304 .1505746E-09
1305 .1505863E-09
1306 .1505983E-09
1307 .1506107E-09
1308 .1506234E-09
1309 .1506363E-09
1310 .1506496E-09
1311 .1506633E-09
1312 .1506773E-09
1313 .1506914E-09
1314 .1507061E-09
1315 .1507210E-09
1316 .1507361E-09
1317 .1507520E-09
1318 .1507678E-09
1319 .1507838E-09
1320 .1508005E-09
1321 .1508173E-09
1322 .1508344E-09
1323 .1508519E-09
1324 .1508696E-09
1325 .1508876E-09
1326 .1509062E-09
1327 .1509248E-09
1328 .1509439E-09
1329 .1509632E-09
1330 .1509831E-09
1331 .1510030E-09
1332 .1510232E-09
1333 .1510438E-09
1334 .1510647E-09
1335 .1510859E-09
1336 .1511074E-09
1337 .1511294E-09
1338 .1511514E-09
1339 .1511740E-09
1340 .1511967E-09
1341 .1512197E-09
1342 .1512432E-09
1343 .1512668E-09
1344 .1512908E-09
1345 .1513151E-09
1346 .1513397E-09
1347 .1513646E-09
1348 .1513897E-09
1349 .1514151E-09
1350 .1514410E-09
1351 .1514672E-09
1352 .1514935E-09
1353 .1515203E-09
1354 .1515472E-09
1355 .1515744E-09
1356 .1516020E-09
1357 .1516298E-09
1358 .1516579E-09
1359 .1516865E-09
1360 .1517153E-09
1361 .1517443E-09
1362 .1517737E-09
1363 .1518032E-09
1364 .1518332E-09
1365 .1518634E-09
1366 .1518939E-09
1367 .1519248E-09
1368 .1519558E-09
1369 .1519871E-09
1370 .1520185E-09
1371 .1512503E-09
1372 .1504819E-09
1373 .1497136E-09
1374 .1489451E-09
1375 .1481763E-09
1376 .1474077E-09
1377 .1466389E-09
1378 .1458700E-09
1379 .1451011E-09
1380 .1443319E-09
1381 .1435628E-09
1382 .1427935E-09
1383 .1420243E-09
1384 .1412548E-09
1385 .1404852E-09
1386 .1397155E-09
1387 .1389455E-09
1388 .1381755E-09
1389 .1374054E-09
1390 .1366351E-09
1391 .1358647E-09
1392 .1350941E-09
1393 .1343234E-09
1394 .1335523E-09
1395 .1327812E-09
1396 .1320099E-09
1397 .1312386E-09
1398 .1304669E-09
1399 .1296949E-09
1400 .1289231E-09
1401 .1281507E-09
1402 .1273784E-09
1403 .1266057E-09
1404 .1258329E-09
1405 .1250598E-09
1406 .1242863E-09
1407 .1235128E-09
1408 .1227391E-09
1409 .1219650E-09
1410 .1211908E-09
1411 .1204162E-09
1412 .1196415E-09
1413 .1188664E-09
1414 .1180910E-09
1415 .1173156E-09
1416 .1165397E-09
1417 .1157637E-09
1418 .1149872E-09
1419 .1142105E-09
1420 .1134335E-09
1421 .1126563E-09
1422 .1118787E-09
1423 .1111009E-09
1424 .1103228E-09
1425 .1095442E-09
1426 .1087654E-09
1427 .1079863E-09
1428 .1072067E-09
1429 .1064270E-09
1430 .1056470E-09
1431 .1048665E-09
1432 .1040857E-09
1433 .1033046E-09
1434 .1025231E-09
1435 .1017411E-09
1436 .1009590E-09
1437 .1001763E-09
1438 .9939346E-10
1439 .9861001E-10
1440 .9782646E-10
1441 .9704225E-10
1442 .9625778E-10
1443 .9547291E-10
1444 .9468771E-10
1445 .9390200E-10
1446 .9311598E-10
1447 .9232941E-10
1448 .9154266E-10
1449 .9075531E-10
1450 .8996764E-10
1451 .8917948E-10
1452 .8839093E-10
1453 .8760195E-10
1454 .8681249E-10
1455 .8602263E-10
1456 .8523233E-10
1457 .8444162E-10
1458 .8365041E-10
1459 .8285877E-10
1460 .8206667E-10
1461 .8127402E-10
1462 .8048103E-10
1463 .7968753E-10
1464 .7889354E-10
1465 .7809913E-10
1466 .7730421E-10
1467 .7650877E-10
1468 .7571284E-10
1469 .7491648E-10
1470 .7411959E-10
1471 .7332220E-10
1472 .7252434E-10
1473 .7172592E-10
1474 .7092701E-10
1475 .7012763E-10
1476 .6932769E-10
1477 .6852728E-10
1478 .6772632E-10
1479 .6692480E-10
1480 .6612282E-10
1481 .6532029E-10
1482 .6451717E-10
1483 .6371356E-10
1484 .6290940E-10
1485 .6210463E-10
1486 .6129939E-10
1487 .6049361E-10
1488 .5968724E-10
1489 .5888031E-10
1490 .5807285E-10
1491 .5726483E-10
1492 .5645616E-10
1493 .5564698E-10
1494 .5483718E-10
1495 .5402685E-10
1496 .5321593E-10
1497 .5240442E-10
1498 .5159233E-10
1499 .5077962E-10
1500 .4996633E-10
1501 .4998563E-10
1502 .5000499E-10
1503 .5002438E-10
1504 .5004381E-10
1505 .5006328E-10
1506 .5008282E-10
1507 .5010237E-10
1508 .5012198E-10
1509 .5014165E-10
1510 .5016133E-10
1511 .5018104E-10
1512 .5020079E-10
1513 .5022063E-10
1514 .5024045E-10
1515 .5026036E-10
1516 .5028029E-10
1517 .5030025E-10
1518 .5032022E-10
1519 .5034026E-10
1520 .5036033E-10
1521 .5038045E-10
1522 .5040058E-10
1523 .5042076E-10
1524 .5044094E-10
1525 .5046118E-10
1526 .5048146E-10
1527 .5050176E-10
1528 .5052206E-10
1529 .5054243E-10
1530 .5056283E-10
1531 .5058323E-10
1532 .5060367E-10
1533 .5062414E-10
1534 .5064466E-10
1535 .5066516E-10
1536 .5068569E-10
1537 .5070628E-10
1538 .5072688E-10
1539 .5074747E-10
1540 .5076814E-10
1541 .5078883E-10
1542 .5080948E-10
1543 .5083022E-10
1544 .5085093E-10
1545 .5087167E-10
1546 .5089247E-10
1547 .5091325E-10
1548 .5093403E-10
1549 .5095489E-10
1550 .5097571E-10
1551 .5099656E-10
1552 .5101743E-10
1553 .5103832E-10
1554 .5105925E-10
1555 .5108014E-10
1556 .5110107E-10
1557 .5112201E-10
1558 .5114295E-10
1559 .5116392E-10
1560 .5118490E-10
1561 .5120588E-10
1562 .5122689E-10
1563 .5124786E-10
1564 .5126888E-10
1565 .5128990E-10
1566 .5131093E-10
1567 .5133196E-10
1568 .5135301E-10
1569 .5137404E-10
1570 .5139506E-10
1571 .5141610E-10
1572 .5143717E-10
1573 .5145823E-10
1574 .5147929E-10
1575 .5150031E-10
1576 .5152137E-10
1577 .5154246E-10
1578 .5156349E-10
1579 .5158452E-10
1580 .5160558E-10
1581 .5162663E-10
1582 .5164769E-10
1583 .5166871E-10
1584 .5168977E-10
1585 .5171078E-10
1586 .5173179E-10
1587 .5175281E-10
1588 .5177382E-10
1589 .5179483E-10
1590 .5181582E-10
1591 .5183677E-10
1592 .5185776E-10
1593 .5187873E-10
1594 .5189967E-10
1595 .5192063E-10
1596 .5194152E-10
1597 .5196242E-10
1598 .5198330E-10
1599 .5200420E-10
1600 .5202506E-10
1601 .5204592E-10
1602 .5206674E-10
1603 .5208755E-10
1604 .5210836E-10
1605 .5212914E-10
1606 .5214989E-10
1607 .5217062E-10
1608 .5219136E-10
1609 .5221203E-10
1610 .5223270E-10
1611 .5225333E-10
1612 .5227397E-10
1613 .5229457E-10
1614 .5231514E-10
1615 .5233569E-10
1616 .5235621E-10
1617 .5237671E-10
1618 .5239717E-10
1619 .5241760E-10
1620 .5243803E-10
1621 .5245842E-10
1622 .5247879E-10
1623 .5249907E-10
1624 .5251939E-10
1625 .5253964E-10
1626 .5254685E-10
1627 .5255404E-10
1628 .5256121E-10
1629 .5256838E-10
1630 .5257548E-10
1631 .5258257E-10
1632 .5258968E-10
1633 .5259675E-10
1634 .5260379E-10
1635 .5261078E-10
1636 .5261776E-10
1637 .5262471E-10
1638 .5263166E-10
1639 .5263855E-10
1640 .5264541E-10
1641 .5265225E-10
1642 .5265905E-10
1643 .5266584E-10
1644 .5267257E-10
1645 .5267929E-10
1646 .5268599E-10
1647 .5269263E-10
1648 .5269923E-10
1649 .5270583E-10
1650 .5271238E-10
1651 .5271887E-10
1652 .5272532E-10
1653 .5273176E-10
1654 .5273815E-10
1655 .5274450E-10
1656 .5275081E-10
1657 .5275710E-10
1658 .5276333E-10
1659 .5276950E-10
1660 .5277566E-10
1661 .5278177E-10
1662 .5278779E-10
1663 .5279381E-10
1664 .5279978E-10
1665 .5280569E-10
1666 .5281156E-10
1667 .5281738E-10
1668 .5282316E-10
1669 .5282889E-10
1670 .5283456E-10
1671 .5284018E-10
1672 .5284575E-10
1673 .5285127E-10
1674 .5285673E-10
1675 .5286218E-10
1676 .5286750E-10
1677 .5287281E-10
1678 .5287806E-10
1679 .5288326E-10
1680 .5288840E-10
1681 .5289348E-10
1682 .5289850E-10
1683 .5290347E-10
1684 .5290839E-10
1685 .5291323E-10
1686 .5291800E-10
1687 .5292275E-10
1688 .5292741E-10
1689 .5293206E-10
1690 .5293659E-10
1691 .5294111E-10
1692 .5294556E-10
1693 .5294997E-10
1694 .5295431E-10
1695 .5295856E-10
1696 .5296280E-10
1697 .5296697E-10
1698 .5297109E-10
1699 .5297515E-10
1700 .5297914E-10
1701 .5298310E-10
1702 .5298699E-10
1703 .5299083E-10
1704 .5299461E-10
1705 .5299833E-10
1706 .5300201E-10
1707 .5300562E-10
1708 .5300918E-10
1709 .5301269E-10
1710 .5301615E-10
1711 .5301953E-10
1712 .5302287E-10
1713 .5302617E-10
1714 .5302943E-10
1715 .5303260E-10
1716 .5303573E-10
1717 .5303880E-10
1718 .5304185E-10
1719 .5304480E-10
1720 .5304773E-10
1721 .5305057E-10
1722 .5305339E-10
1723 .5305614E-10
1724 .5305883E-10
1725 .5306150E-10
1726 .5306410E-10
1727 .5306662E-10
1728 .5306913E-10
1729 .5307156E-10
1730 .5307396E-10
1731 .5307630E-10
1732 .5307859E-10
1733 .5308081E-10
1734 .5308300E-10
1735 .5308515E-10
1736 .5308718E-10
1737 .5308921E-10
1738 .5309119E-10
1739 .5309315E-10
1740 .5309499E-10
1741 .5309685E-10
1742 .5309858E-10
1743 .5310033E-10
1744 .5310200E-10
1745 .5310364E-10
1746 .5310521E-10
1747 .5310671E-10
1748 .5310817E-10
1749 .5310963E-10
1750 .5311097E-10
1751 .5311230E-10
1752 .5311359E-10
1753 .5311480E-10
1754 .5311597E-10
1755 .5311710E-10
1756 .5311818E-10
1757 .5311916E-10
1758 .5312018E-10
1759 .5312109E-10
1760 .5312199E-10
1761 .5312281E-10
1762 .5312361E-10
1763 .5312432E-10
1764 .5312501E-10
1765 .5312565E-10
1766 .5312624E-10
1767 .5312679E-10
1768 .5312730E-10
1769 .5312772E-10
1770 .5312814E-10
1771 .5312848E-10
1772 .5312880E-10
1773 .5312906E-10
1774 .5312926E-10
1775 .5312944E-10
1776 .5312955E-10
1777 .5312964E-10
1778 .5312964E-10
1779 .5312963E-10
1780 .5312958E-10
1781 .5312942E-10
1782 .5312927E-10
1783 .5312910E-10
1784 .5312884E-10
1785 .5312857E-10
1786 .5312823E-10
1787 .5312781E-10
1788 .5312737E-10
1789 .5312693E-10
1790 .5312638E-10
1791 .5312583E-10
1792 .5312523E-10
1793 .5312453E-10
1794 .5312386E-10
1795 .5312312E-10
1796 .5312232E-10
1797 .5312149E-10
1798 .5312065E-10
1799 .5311970E-10
1800 .5311873E-10
1801 .5296756E-10
1802 .5281637E-10
1803 .5266513E-10
1804 .5251388E-10
1805 .5236256E-10
1806 .5221119E-10
1807 .5205986E-10
1808 .5190845E-10
1809 .5175701E-10
1810 .5160554E-10
1811 .5145401E-10
1812 .5130244E-10
1813 .5115088E-10
1814 .5099928E-10
1815 .5084763E-10
1816 .5069597E-10
1817 .5054427E-10
1818 .5039252E-10
1819 .5024080E-10
1820 .5008896E-10
1821 .4993716E-10
1822 .4978530E-10
1823 .4963343E-10
1824 .4948153E-10
1825 .4932961E-10
1826 .4917765E-10
1827 .4902567E-10
1828 .4887366E-10
1829 .4872164E-10
1830 .4856957E-10
1831 .4841752E-10
1832 .4826543E-10
1833 .4811329E-10
1834 .4796115E-10
1835 .4780895E-10
1836 .4765678E-10
1837 .4750455E-10
1838 .4735232E-10
1839 .4720004E-10
1840 .4704778E-10
1841 .4689552E-10
1842 .4674320E-10
1843 .4659086E-10
1844 .4643852E-10
1845 .4628617E-10
1846 .4613377E-10
1847 .4598137E-10
1848 .4582896E-10
1849 .4567651E-10
1850 .4552409E-10
1851 .4537161E-10
1852 .4521912E-10
1853 .4506663E-10
1854 .4491410E-10
1855 .4476161E-10
1856 .4460907E-10
1857 .4445655E-10
1858 .4430398E-10
1859 .4415140E-10
1860 .4399881E-10
1861 .4384622E-10
1862 .4369362E-10
1863 .4354101E-10
1864 .4338838E-10
1865 .4323576E-10
1866 .4308311E-10
1867 .4293047E-10
1868 .4277781E-10
1869 .4262514E-10
1870 .4247245E-10
1871 .4231979E-10
1872 .4216711E-10
1873 .4201443E-10
1874 .4186170E-10
1875 .4170900E-10
1876 .4155630E-10
1877 .4140357E-10
1878 .4125085E-10
1879 .4109813E-10
1880 .4094543E-10
1881 .4079268E-10
1882 .4063997E-10
1883 .4048722E-10
1884 .4033450E-10
1885 .4018173E-10
1886 .4002903E-10
1887 .3987626E-10
1888 .3972352E-10
1889 .3957078E-10
1890 .3941805E-10
1891 .3926533E-10
1892 .3911259E-10
1893 .3895985E-10
1894 .3880711E-10
1895 .3865437E-10
1896 .3850163E-10
1897 .3834892E-10
1898 .3819620E-10
1899 .3804349E-10
1900 .3789078E-10
1901 .3773807E-10
1902 .3758535E-10
1903 .3743263E-10
1904 .3727997E-10
1905 .3712728E-10
1906 .3697457E-10
1907 .3682193E-10
1908 .3666922E-10
1909 .3651657E-10
1910 .3636392E-10
1911 .3621127E-10
1912 .3605861E-10
1913 .3590599E-10
1914 .3575336E-10
1915 .3560075E-10
1916 .3544814E-10
1917 .3529555E-10
1918 .3514297E-10
1919 .3499040E-10
1920 .3483784E-10
1921 .3468526E-10
1922 .3453274E-10
1923 .3438021E-10
1924 .3422769E-10
1925 .3407517E-10
1926 .3392268E-10
1927 .3377020E-10
1928 .3361775E-10
1929 .3346530E-10
1930 .3331283E-10
1931 .3316043E-10
1932 .3300803E-10
1933 .3285563E-10
1934 .3270324E-10
1935 .3255090E-10
1936 .3239854E-10
1937 .3224619E-10
1938 .3209389E-10
1939 .3194160E-10
1940 .3178931E-10
1941 .3163705E-10
1942 .3148481E-10
1943 .3133256E-10
1944 .3118035E-10
1945 .3102819E-10
1946 .3087600E-10
1947 .3072385E-10
1948 .3057171E-10
1949 .3041961E-10
1950 .3026749E-10
1951 .3011543E-10
1952 .2996337E-10
1953 .2981134E-10
1954 .2965933E-10
1955 .2950734E-10
1956 .2935537E-10
1957 .2920343E-10
1958 .2905151E-10
1959 .2889960E-10
1960 .2874774E-10
1961 .2859586E-10
1962 .2844404E-10
1963 .2829224E-10
1964 .2814043E-10
1965 .2798870E-10
1966 .2783697E-10
1967 .2768526E-10
1968 .2753356E-10
1969 .2738190E-10
1970 .2723031E-10
1971 .2707870E-10
1972 .2692713E-10
1973 .2677558E-10
1974 .2662408E-10
1975 .2647258E-10
1976 .2632112E-10
1977 .2616971E-10
1978 .2601830E-10
1979 .2586693E-10
1980 .2571560E-10
1981 .2556431E-10
1982 .2541303E-10
1983 .2526178E-10
1984 .2511058E-10
1985 .2495941E-10
1986 .2480827E-10
1987 .2465716E-10
1988 .2450609E-10
1989 .2435504E-10
1990 .2420402E-10
1991 .2405305E-10
1992 .2390211E-10
1993 .2375122E-10
1994 .2360034E-10
1995 .2344950E-10
1996 .2329873E-10
1997 .2314796E-10
1998 .2299724E-10
1999 .2284654E-10
2000 .2269591E-10
2001 .2254528E-10
2002 .2239472E-10
2003 .2224417E-10
2004 .2209367E-10
2005 .2194319E-10
2006 .2179277E-10
2007 .2164238E-10
2008 .2149204E-10
2009 .2134173E-10
2010 .2119146E-10
2011 .2118860E-10
2012 .2118577E-10
2013 .2118292E-10
2014 .2118008E-10
2015 .2117723E-10
2016 .2117438E-10
2017 .2117153E-10
2018 .2116871E-10
2019 .2116585E-10
2020 .2116302E-10
2021 .2116019E-10
2022 .2115734E-10
2023 .2115450E-10
2024 .2115167E-10
2025 .2114884E-10
2026 .2114600E-10
2027 .2114318E-10
2028 .2114035E-10
2029 .2113754E-10
2030 .2113472E-10
2031 .2113192E-10
2032 .2112911E-10
2033 .2112629E-10
2034 .2112347E-10
2035 .2112069E-10
2036 .2111789E-10
2037 .2111510E-10
2038 .2111232E-10
2039 .2110953E-10
2040 .2110676E-10
2041 .2110397E-10
2042 .2110120E-10
2043 .2109846E-10
2044 .2109569E-10
2045 .2109295E-10
2046 .2109020E-10
2047 .2108746E-10
2048 .2108473E-10
2049 .2108201E-10
2050 .2107928E-10
2051 .2107657E-10
2052 .2107387E-10
2053 .2107116E-10
2054 .2106849E-10
2055 .2106581E-10
2056 .2106312E-10
2057 .2106046E-10
2058 .2105781E-10
2059 .2105515E-10
2060 .2105250E-10
2061 .2104988E-10
2062 .2104725E-10
2063 .2104463E-10
2064 .2104203E-10
2065 .2103941E-10
2066 .2103684E-10
2067 .2103426E-10
2068 .2103170E-10
2069 .2102913E-10
2070 .2102657E-10
2071 .2102405E-10
2072 .2102151E-10
2073 .2101900E-10
2074 .2101649E-10
2075 .2101401E-10
2076 .2101152E-10
2077 .2100906E-10
2078 .2100658E-10
2079 .2100414E-10
2080 .2100170E-10
2081 .2099929E-10
2082 .2099687E-10
2083 .2099447E-10
2084 .2099208E-10
2085 .2098972E-10
2086 .2098736E-10
2087 .2098500E-10
2088 .2098268E-10
2089 .2098035E-10
2090 .2097804E-10
2091 .2097575E-10
2092 .2097347E-10
2093 .2097122E-10
2094 .2096896E-10
2095 .2096672E-10
2096 .2096450E-10
2097 .2096230E-10
2098 .2096012E-10
2099 .2095794E-10
2100 .2095578E-10
2101 .2095363E-10
2102 .2095152E-10
2103 .2094939E-10
2104 .2094729E-10
2105 .2094523E-10
2106 .2094317E-10
2107 .2094111E-10
2108 .2093908E-10
2109 .2093706E-10
2110 .2093507E-10
2111 .2093312E-10
2112 .2093115E-10
2113 .2092919E-10
2114 .2092729E-10
2115 .2092538E-10
2116 .2092347E-10
2117 .2092163E-10
2118 .2091978E-10
2119 .2091793E-10
2120 .2091614E-10
2121 .2091435E-10
2122 .2091257E-10
2123 .2091082E-10
2124 .2090908E-10
2125 .2090736E-10
2126 .2090568E-10
2127 .2090401E-10
2128 .2090235E-10
2129 .2090072E-10
2130 .2089911E-10
2131 .2089751E-10
2132 .2089595E-10
2133 .2089439E-10
2134 .2089287E-10
2135 .2089138E-10
2136 .2088989E-10
2137 .2088843E-10
2138 .2088698E-10
2139 .2088557E-10
2140 .2088418E-10
2141 .2088282E-10
2142 .2088145E-10
2143 .2088014E-10
2144 .2087883E-10
2145 .2087756E-10
2146 .2087631E-10
2147 .2087508E-10
2148 .2087387E-10
2149 .2087270E-10
2150 .2087153E-10
2151 .2087040E-10
2152 .2086928E-10
2153 .2086820E-10
2154 .2086712E-10
2155 .2086611E-10
2156 .2086510E-10
2157 .2086412E-10
2158 .2086316E-10
2159 .2086222E-10
2160 .2086133E-10
2161 .2086046E-10
2162 .2085959E-10
2163 .2085878E-10
2164 .2085796E-10
2165 .2085720E-10
2166 .2085645E-10
2167 .2085573E-10
2168 .2085503E-10
2169 .2085437E-10
2170 .2085376E-10
2171 .2085316E-10
2172 .2085258E-10
2173 .2085202E-10
2174 .2085149E-10
2175 .2085100E-10
2176 .2085055E-10
2177 .2085011E-10
2178 .2084971E-10
2179 .2084933E-10
2180 .2084900E-10
2181 .2084868E-10
2182 .2084839E-10
2183 .2084813E-10
2184 .2084790E-10
2185 .2084773E-10
2186 .2084755E-10
2187 .2084743E-10
2188 .2084731E-10
2189 .2084725E-10
2190 .2084719E-10
2191 .2084720E-10
2192 .2084722E-10
2193 .2084730E-10
2194 .2084738E-10
2195 .2084750E-10
2196 .2084766E-10
2197 .2084783E-10
2198 .2084805E-10
2199 .2084830E-10
2200 .2084859E-10
2201 .2084893E-10
2202 .2084927E-10
2203 .2084964E-10
2204 .2085006E-10
2205 .2085051E-10
2206 .2085101E-10
2207 .2085154E-10
2208 .2085210E-10
2209 .2085269E-10
2210 .2085333E-10
2211 .2085398E-10
2212 .2085468E-10
2213 .2085542E-10
2214 .2085617E-10
2215 .2085700E-10
2216 .2085783E-10
2217 .2085871E-10
2218 .2085962E-10
2219 .2086057E-10
2220 .2086158E-10
2221 .2086260E-10
2222 .2086366E-10
2223 .2086475E-10
2224 .2086589E-10
2225 .2086708E-10
2226 .2086828E-10
2227 .2086954E-10
2228 .2087083E-10
2229 .2087217E-10
2230 .2087355E-10
2231 .2087494E-10
2232 .2087639E-10
2233 .2087787E-10
2234 .2087940E-10
2235 .2088096E-10
2236 .2088258E-10
2237 .2088421E-10
2238 .2088590E-10
2239 .2088761E-10
2240 .2088939E-10
2241 .2089118E-10
2242 .2089303E-10
2243 .2089493E-10
2244 .2089684E-10
2245 .2089882E-10
2246 .2090081E-10
2247 .2090284E-10
2248 .2090492E-10
2249 .2090705E-10
2250 .2090920E-10
2251 .2091140E-10
2252 .2091363E-10
2253 .2091589E-10
2254 .2091821E-10
2255 .2092056E-10
2256 .2092294E-10
2257 .2092536E-10
2258 .2092781E-10
2259 .2093033E-10
2260 .2093286E-10
2261 .2093543E-10
2262 .2093804E-10
2263 .2094067E-10
2264 .2094336E-10
2265 .2094607E-10
2266 .2094883E-10
2267 .2095161E-10
2268 .2095445E-10
2269 .2095731E-10
2270 .2096020E-10
2271 .2096313E-10
2272 .2096610E-10
2273 .2096910E-10
2274 .2097214E-10
2275 .2097522E-10
2276 .2097834E-10
2277 .2098145E-10
2278 .2098465E-10
2279 .2098786E-10
2280 .2099111E-10
2281 .2099439E-10
2282 .2099770E-10
2283 .2100105E-10
2284 .2100443E-10
2285 .2100785E-10
2286 .2101130E-10
2287 .2101479E-10
2288 .2101831E-10
2289 .2102186E-10
2290 .2102543E-10
2291 .2102905E-10
2292 .2103269E-10
2293 .2103637E-10
2294 .2104006E-10
2295 .2104381E-10
2296 .2104761E-10
2297 .2105142E-10
2298 .2105528E-10
2299 .2105912E-10
2300 .2106303E-10
2301 .2106696E-10
2302 .2107094E-10
2303 .2107493E-10
2304 .2107895E-10
2305 .2108301E-10
2306 .2108710E-10
2307 .2109123E-10
2308 .2109537E-10
2309 .2109956E-10
2310 .2110376E-10
2311 .2110801E-10
2312 .2111227E-10
2313 .2111657E-10
2314 .2112089E-10
2315 .2112526E-10
2316 .2112966E-10
2317 .2113407E-10
2318 .2113852E-10
2319 .2114299E-10
2320 .2114749E-10
2321 .2115203E-10
2322 .2115658E-10
2323 .2116118E-10
2324 .2116580E-10
2325 .2117045E-10
2326 .2117512E-10
2327 .2117982E-10
2328 .2118455E-10
2329 .2118931E-10
2330 .2119408E-10
2331 .2119890E-10
2332 .2120374E-10
2333 .2120860E-10
2334 .2121351E-10
2335 .2121842E-10
2336 .2122337E-10
2337 .2122835E-10
2338 .2123334E-10
2339 .2123836E-10
2340 .2124342E-10
2341 .2124850E-10
2342 .2125359E-10
2343 .2125871E-10
2344 .2126387E-10
2345 .2126904E-10
2346 .2127425E-10
2347 .2127948E-10
2348 .2128473E-10
2349 .2129002E-10
2350 .2129531E-10
2351 .2130064E-10
2352 .2130599E-10
2353 .2131136E-10
2354 .2131677E-10
2355 .2132219E-10
2356 .2132764E-10
2357 .2133311E-10
2358 .2133861E-10
2359 .2134412E-10
2360 .2134965E-10
2361 .2135522E-10
2362 .2136081E-10
2363 .2136642E-10
2364 .2137204E-10
2365 .2137770E-10
2366 .2138338E-10
2367 .2138908E-10
2368 .2139481E-10
2369 .2140054E-10
2370 .2140630E-10
2371 .2141210E-10
2372 .2141791E-10
2373 .2142374E-10
2374 .2142958E-10
2375 .2143545E-10
2376 .2144134E-10
2377 .2144726E-10
2378 .2145319E-10
2379 .2145914E-10
2380 .2146512E-10
2381 .2147111E-10
2382 .2147713E-10
2383 .2148316E-10
2384 .2148922E-10
2385 .2149528E-10
2386 .2150139E-10
2387 .2150749E-10
2388 .2151362E-10
2389 .2151977E-10
2390 .2152593E-10
2391 .2153211E-10
2392 .2153835E-10
2393 .2154457E-10
2394 .2155082E-10
2395 .2155708E-10
2396 .2156337E-10
2397 .2156966E-10
2398 .2157598E-10
2399 .2158230E-10
2400 .2158866E-10
2401 .2159503E-10
2402 .2160141E-10
2403 .2160782E-10
2404 .2161425E-10
2405 .2162067E-10
2406 .2162713E-10
2407 .2163360E-10
2408 .2164009E-10
2409 .2164659E-10
2410 .2165310E-10
2411 .2165963E-10
2412 .2166619E-10
2413 .2167276E-10
2414 .2167934E-10
2415 .2168594E-10
2416 .2169255E-10
2417 .2169919E-10
2418 .2170583E-10
2419 .2171248E-10
2420 .2171915E-10
2421 .2172583E-10
2422 .2173253E-10
2423 .2173924E-10
2424 .2174598E-10
2425 .2175271E-10
2426 .2175947E-10
2427 .2176622E-10
2428 .2177302E-10
2429 .2177982E-10
2430 .2178663E-10
2431 .2179345E-10
2432 .2180029E-10
2433 .2180713E-10
2434 .2181399E-10
2435 .2182087E-10
2436 .2182776E-10
2437 .2183465E-10
2438 .2184154E-10
2439 .2184848E-10
2440 .2185541E-10
2441 .2186235E-10
2442 .2186932E-10
2443 .2187627E-10
2444 .2188324E-10
2445 .2189024E-10
2446 .2189721E-10
2447 .2190424E-10
2448 .2191127E-10
2449 .2191829E-10
2450 .2192535E-10
2451 .2193238E-10
2452 .2193944E-10
2453 .2194651E-10
2454 .2195361E-10
2455 .2196067E-10
2456 .2196777E-10
2457 .2197488E-10
2458 .2198199E-10
2459 .2198912E-10
2460 .2199628E-10
2461 .2200339E-10
2462 .2201055E-10
2463 .2201770E-10
2464 .2202488E-10
2465 .2203206E-10
2466 .2203923E-10
2467 .2204642E-10
2468 .2205361E-10
2469 .2206081E-10
2470 .2206802E-10
2471 .2207525E-10
2472 .2208246E-10
2473 .2208970E-10
2474 .2209695E-10
2475 .2210417E-10
2476 .2211144E-10
2477 .2211870E-10
2478 .2212596E-10
2479 .2213323E-10
2480 .2214051E-10
2481 .2214778E-10
2482 .2215506E-10
2483 .2216236E-10
2484 .2216965E-10
2485 .2217695E-10
2486 .2218423E-10
2487 .2219154E-10
2488 .2219888E-10
2489 .2220619E-10
2490 .2221350E-10
2491 .2222084E-10
2492 .2222817E-10
2493 .2223550E-10
2494 .2224283E-10
2495 .2225016E-10
2496 .2225750E-10
2497 .2226486E-10
2498 .2227220E-10
2499 .2227954E-10
2500 .2228690E-10
