  6.0    1000.00   .4333913E-15
  6.0    1010.00   .1648087E-14
  6.0    1020.00   .4330259E-14
  6.0    1030.00   .9351163E-14
  6.0    1040.00   .1782315E-13
  6.0    1050.00   .3111098E-13
  6.0    1060.00   .5083584E-13
  6.0    1070.00   .7887070E-13
  6.0    1080.00   .1173280E-12
  6.0    1090.00   .1685372E-12
  6.0    1100.00   .2350145E-12
  6.0    1110.00   .3194232E-12
  6.0    1120.00   .4245242E-12
  6.0    1130.00   .5531204E-12
  6.0    1140.00   .7079888E-12
  6.0    1150.00   .8918103E-12
  6.0    1160.00   .1107086E-11
  6.0    1170.00   .1356052E-11
  6.0    1180.00   .1640588E-11
  6.0    1190.00   .1962115E-11
  6.0    1200.00   .2321495E-11
  6.0    1210.00   .2718926E-11
  6.0    1220.00   .3153817E-11
  6.0    1230.00   .3624700E-11
  6.0    1240.00   .4129097E-11
  6.0    1250.00   .4663407E-11
  6.0    1260.00   .5223356E-11
  6.0    1270.00   .5805987E-11
  6.0    1280.00   .6408823E-11
  6.0    1290.00   .7029466E-11
  6.0    1300.00   .7665722E-11
  6.0    1310.00   .8315695E-11
  6.0    1320.00   .8977889E-11
  6.0    1330.00   .9651376E-11
  6.0    1340.00   .1033586E-10
  6.0    1350.00   .1103187E-10
  6.0    1360.00   .1174089E-10
  6.0    1370.00   .1246546E-10
  6.0    1380.00   .1320921E-10
  6.0    1390.00   .1397242E-10
  6.0    1400.00   .1475115E-10
  6.0    1410.00   .1554089E-10
  6.0    1420.00   .1633685E-10
  6.0    1430.00   .1713403E-10
  6.0    1440.00   .1792719E-10
  6.0    1450.00   .1871099E-10
  6.0    1460.00   .1947994E-10
  6.0    1470.00   .2022853E-10
  6.0    1480.00   .2095119E-10
  6.0    1490.00   .2164231E-10
  6.0    1500.00   .2229633E-10
  6.0    1510.00   .2290871E-10
  6.0    1520.00   .2347928E-10
  6.0    1530.00   .2400914E-10
  6.0    1540.00   .2449955E-10
  6.0    1550.00   .2495195E-10
  6.0    1560.00   .2536794E-10
  6.0    1570.00   .2574922E-10
  6.0    1580.00   .2609766E-10
  6.0    1590.00   .2641519E-10
  6.0    1600.00   .2670394E-10
  6.0    1610.00   .2696607E-10
  6.0    1620.00   .2720388E-10
  6.0    1630.00   .2741980E-10
  6.0    1640.00   .2761635E-10
  6.0    1650.00   .2779614E-10
  6.0    1660.00   .2796193E-10
  6.0    1670.00   .2811660E-10
  6.0    1680.00   .2826311E-10
  6.0    1690.00   .2840458E-10
  6.0    1700.00   .2854426E-10
  6.0    1710.00   .2868552E-10
  6.0    1720.00   .2883190E-10
  6.0    1730.00   .2898705E-10
  6.0    1740.00   .2915486E-10
  6.0    1750.00   .2933930E-10
  6.0    1760.00   .2954384E-10
  6.0    1770.00   .2976901E-10
  6.0    1780.00   .3001460E-10
  6.0    1790.00   .3028035E-10
  6.0    1800.00   .3056605E-10
  6.0    1810.00   .3087144E-10
  6.0    1820.00   .3119622E-10
  6.0    1830.00   .3154010E-10
  6.0    1840.00   .3190278E-10
  6.0    1850.00   .3228387E-10
  6.0    1860.00   .3268302E-10
  6.0    1870.00   .3309979E-10
  6.0    1880.00   .3353374E-10
  6.0    1890.00   .3398438E-10
  6.0    1900.00   .3445117E-10
  6.0    1910.00   .3493353E-10
  6.0    1920.00   .3543084E-10
  6.0    1930.00   .3594241E-10
  6.0    1940.00   .3646750E-10
  6.0    1950.00   .3700531E-10
  6.0    1960.00   .3755498E-10
  6.0    1970.00   .3811559E-10
  6.0    1980.00   .3868615E-10
  6.0    1990.00   .3926557E-10
  6.0    2000.00   .3985272E-10
  6.0    2010.00   .4044666E-10
  6.0    2020.00   .4104747E-10
  6.0    2030.00   .4165546E-10
  6.0    2040.00   .4227098E-10
  6.0    2050.00   .4289442E-10
  6.0    2060.00   .4352610E-10
  6.0    2070.00   .4416643E-10
  6.0    2080.00   .4481578E-10
  6.0    2090.00   .4547454E-10
  6.0    2100.00   .4614313E-10
  6.0    2110.00   .4682197E-10
  6.0    2120.00   .4751152E-10
  6.0    2130.00   .4821220E-10
  6.0    2140.00   .4892448E-10
  6.0    2150.00   .4964887E-10
  6.0    2160.00   .5038585E-10
  6.0    2170.00   .5113597E-10
  6.0    2180.00   .5189975E-10
  6.0    2190.00   .5267774E-10
  6.0    2200.00   .5347058E-10
  6.0    2210.00   .5427883E-10
  6.0    2220.00   .5510319E-10
  6.0    2230.00   .5594428E-10
  6.0    2240.00   .5680281E-10
  6.0    2250.00   .5767953E-10
  6.0    2260.00   .5857461E-10
  6.0    2270.00   .5948596E-10
  6.0    2280.00   .6041074E-10
  6.0    2290.00   .6134604E-10
  6.0    2300.00   .6228876E-10
  6.0    2310.00   .6323568E-10
  6.0    2320.00   .6418345E-10
  6.0    2330.00   .6512857E-10
  6.0    2340.00   .6606736E-10
  6.0    2350.00   .6699612E-10
  6.0    2360.00   .6791087E-10
  6.0    2370.00   .6880759E-10
  6.0    2380.00   .6968214E-10
  6.0    2390.00   .7053023E-10
  6.0    2400.00   .7134748E-10
  6.0    2410.00   .7212941E-10
  6.0    2420.00   .7287147E-10
  6.0    2430.00   .7356901E-10
  6.0    2440.00   .7421733E-10
  6.0    2450.00   .7481170E-10
  6.0    2460.00   .7534736E-10
  6.0    2470.00   .7581951E-10
  6.0    2480.00   .7622337E-10
  6.0    2490.00   .7655426E-10
  6.0    2500.00   .7680744E-10
  6.0    2510.00   .6460287E-10
  6.0    2520.00   .7951597E-10
  6.0    2530.00   .5758919E-10
  6.0    2540.00   .3944954E-10
  6.0    2550.00   .4528407E-10
  6.0    2560.00   .6400598E-10
  6.0    2570.00   .6388132E-10
  6.0    2580.00   .6946393E-10
  6.0    2590.00   .7740394E-10
  6.0    2600.00   .8445533E-10
  6.0    2610.00   .1023240E-09
  6.0    2620.00   .9576926E-10
  6.0    2630.00   .9407844E-10
  6.0    2640.00   .9088147E-10
  6.0    2650.00   .1195885E-09
  6.0    2660.00   .1217838E-09
  6.0    2670.00   .1255382E-09
  6.0    2680.00   .1374391E-09
  6.0    2690.00   .1340843E-09
  6.0    2700.00   .1484233E-09
  6.0    2710.00   .1563712E-09
  6.0    2720.00   .1603767E-09
  6.0    2730.00   .1609554E-09
  6.0    2740.00   .1763790E-09
  6.0    2750.00   .1844380E-09
  6.0    2760.00   .1711513E-09
  6.0    2770.00   .1613980E-09
  6.0    2780.00   .1871510E-09
  6.0    2790.00   .2195058E-09
  6.0    2800.00   .2591348E-09
  6.0    2810.00   .3056189E-09
  6.0    2820.00   .3466291E-09
  6.0    2830.00   .3891583E-09
  6.0    2840.00   .4260299E-09
  6.0    2850.00   .4337710E-09
  6.0    2860.00   .4511985E-09
  6.0    2870.00   .4352271E-09
  6.0    2880.00   .4480705E-09
  6.0    2890.00   .4146661E-09
  6.0    2900.00   .4233394E-09
  6.0    2910.00   .4380684E-09
  6.0    2920.00   .4449760E-09
  6.0    2930.00   .4457160E-09
  6.0    2940.00   .4426132E-09
  6.0    2950.00   .4450671E-09
  6.0    2960.00   .4288568E-09
  6.0    2970.00   .4658765E-09
  6.0    2980.00   .5208435E-09
  6.0    2990.00   .5324837E-09
  6.0    3000.00   .5459850E-09
  6.0    3010.00   .5633106E-09
  6.0    3020.00   .6286332E-09
  6.0    3030.00   .6946847E-09
  6.0    3040.00   .7410326E-09
  6.0    3050.00   .7728334E-09
  6.0    3060.00   .7845893E-09
  6.0    3070.00   .7929457E-09
  6.0    3080.00   .8067987E-09
  6.0    3090.00   .7309523E-09
  6.0    3100.00   .7137630E-09
  6.0    3110.00   .6537319E-09
  6.0    3120.00   .6137643E-09
  6.0    3130.00   .6815285E-09
  6.0    3140.00   .6467368E-09
  6.0    3150.00   .5063448E-09
  6.0    3160.00   .6051852E-09
  6.0    3170.00   .6357782E-09
  6.0    3180.00   .5594298E-09
  6.0    3190.00   .5287032E-09
  6.0    3200.00   .6008146E-09
  6.0    3210.00   .4723575E-09
  6.0    3220.00   .5034051E-09
  6.0    3230.00   .3830828E-09
  6.0    3240.00   .3892589E-09
  6.0    3250.00   .3772847E-09
  6.0    3260.00   .3555786E-09
  6.0    3270.00   .3593031E-09
  6.0    3280.00   .3854889E-09
  6.0    3290.00   .4169294E-09
  6.0    3300.00   .4528647E-09
  6.0    3310.00   .4883514E-09
  6.0    3320.00   .5466993E-09
  6.0    3330.00   .5750864E-09
  6.0    3340.00   .6034605E-09
  6.0    3350.00   .6250481E-09
  6.0    3360.00   .6459643E-09
  6.0    3370.00   .6617779E-09
  6.0    3380.00   .6855847E-09
  6.0    3390.00   .7245114E-09
  6.0    3400.00   .7807848E-09
  6.0    3410.00   .8470308E-09
  6.0    3420.00   .9649297E-09
  6.0    3430.00   .1047596E-08
  6.0    3440.00   .1131977E-08
  6.0    3450.00   .1206619E-08
  6.0    3460.00   .1275704E-08
  6.0    3470.00   .1375347E-08
  6.0    3480.00   .1400793E-08
  6.0    3490.00   .1417440E-08
  6.0    3500.00   .1427673E-08
  6.0    3510.00   .1386385E-08
  6.0    3520.00   .1360309E-08
  6.0    3530.00   .1311939E-08
  6.0    3540.00   .1265403E-08
  6.0    3550.00   .1209547E-08
  6.0    3560.00   .1146171E-08
  6.0    3570.00   .1054798E-08
  6.0    3580.00   .1001951E-08
  6.0    3590.00   .9338792E-09
  6.0    3600.00   .8526421E-09
  6.0    3610.00   .7447384E-09
  6.0    3620.00   .6811430E-09
  6.0    3630.00   .6191027E-09
  6.0    3640.00   .5756401E-09
  6.0    3650.00   .5404140E-09
  6.0    3660.00   .5007867E-09
  6.0    3670.00   .4951925E-09
  6.0    3680.00   .5009291E-09
  6.0    3690.00   .5080755E-09
  6.0    3700.00   .5270624E-09
  6.0    3710.00   .5847640E-09
  6.0    3720.00   .6634151E-09
  6.0    3730.00   .7107877E-09
  6.0    3740.00   .7793270E-09
  6.0    3750.00   .8503940E-09
  6.0    3760.00   .9126199E-09
  6.0    3770.00   .9538388E-09
  6.0    3780.00   .1021522E-08
  6.0    3790.00   .1071264E-08
  6.0    3800.00   .1117811E-08
  6.0    3810.00   .1184896E-08
  6.0    3820.00   .1280950E-08
  6.0    3830.00   .1319062E-08
  6.0    3840.00   .1386212E-08
  6.0    3850.00   .1446844E-08
  6.0    3860.00   .1491009E-08
  6.0    3870.00   .1536384E-08
  6.0    3880.00   .1588095E-08
  6.0    3890.00   .1606457E-08
  6.0    3900.00   .1634407E-08
  6.0    3910.00   .1630856E-08
  6.0    3920.00   .1643517E-08
  6.0    3930.00   .1616616E-08
  6.0    3940.00   .1589881E-08
  6.0    3950.00   .1546733E-08
  6.0    3960.00   .1497493E-08
  6.0    3970.00   .1465723E-08
  6.0    3980.00   .1425422E-08
  6.0    3990.00   .1401625E-08
  6.0    4000.00   .1383847E-08
  6.0    4010.00   .1400545E-08
  6.0    4020.00   .1406077E-08
  6.0    4030.00   .1429287E-08
  6.0    4040.00   .1439775E-08
  6.0    4050.00   .1445724E-08
  6.0    4060.00   .1444101E-08
  6.0    4070.00   .1454378E-08
  6.0    4080.00   .1433255E-08
  6.0    4090.00   .1402765E-08
  6.0    4100.00   .1381759E-08
  6.0    4110.00   .1348830E-08
  6.0    4120.00   .1325372E-08
  6.0    4130.00   .1301621E-08
  6.0    4140.00   .1279789E-08
  6.0    4150.00   .1252311E-08
  6.0    4160.00   .1216717E-08
  6.0    4170.00   .1175516E-08
  6.0    4180.00   .1134870E-08
  6.0    4190.00   .1092670E-08
  6.0    4200.00   .1057821E-08
  6.0    4210.00   .1017307E-08
  6.0    4220.00   .9707120E-09
  6.0    4230.00   .9530909E-09
  6.0    4240.00   .9209857E-09
  6.0    4250.00   .8897254E-09
  6.0    4260.00   .8757026E-09
  6.0    4270.00   .8505864E-09
  6.0    4280.00   .8178116E-09
  6.0    4290.00   .7970722E-09
  6.0    4300.00   .7962214E-09
  6.0    4310.00   .8159294E-09
  6.0    4320.00   .8269138E-09
  6.0    4330.00   .8424170E-09
  6.0    4340.00   .8583024E-09
  6.0    4350.00   .8828390E-09
  6.0    4360.00   .8845228E-09
  6.0    4370.00   .8838906E-09
  6.0    4380.00   .8783423E-09
  6.0    4390.00   .8733166E-09
  6.0    4400.00   .8727603E-09
  6.0    4410.00   .8823268E-09
  6.0    4420.00   .8870980E-09
  6.0    4430.00   .8955204E-09
  6.0    4440.00   .9173548E-09
  6.0    4450.00   .9282620E-09
  6.0    4460.00   .9257409E-09
  6.0    4470.00   .9178407E-09
  6.0    4480.00   .9322310E-09
  6.0    4490.00   .9189229E-09
  6.0    4500.00   .9137934E-09
  6.0    4510.00   .8997572E-09
  6.0    4520.00   .8847880E-09
  6.0    4530.00   .8722512E-09
  6.0    4540.00   .8592250E-09
  6.0    4550.00   .8384706E-09
  6.0    4560.00   .8292327E-09
  6.0    4570.00   .8095685E-09
  6.0    4580.00   .7883211E-09
  6.0    4590.00   .7730020E-09
  6.0    4600.00   .7571113E-09
  6.0    4610.00   .7394443E-09
  6.0    4620.00   .7146964E-09
  6.0    4630.00   .6920645E-09
  6.0    4640.00   .6739174E-09
  6.0    4650.00   .6551736E-09
  6.0    4660.00   .6379833E-09
  6.0    4670.00   .6191491E-09
  6.0    4680.00   .6126988E-09
  6.0    4690.00   .6042799E-09
  6.0    4700.00   .6012783E-09
  6.0    4710.00   .5927593E-09
  6.0    4720.00   .5857821E-09
  6.0    4730.00   .5806331E-09
  6.0    4740.00   .5768298E-09
  6.0    4750.00   .5760142E-09
  6.0    4760.00   .5718080E-09
  6.0    4770.00   .5720861E-09
  6.0    4780.00   .5668808E-09
  6.0    4790.00   .5518786E-09
  6.0    4800.00   .5336431E-09
  6.0    4810.00   .5162923E-09
  6.0    4820.00   .4970360E-09
  6.0    4830.00   .4829306E-09
  6.0    4840.00   .4709557E-09
  6.0    4850.00   .4650062E-09
  6.0    4860.00   .4671775E-09
  6.0    4870.00   .4718880E-09
  6.0    4880.00   .4780820E-09
  6.0    4890.00   .4858881E-09
  6.0    4900.00   .4954665E-09
  6.0    4910.00   .5053775E-09
  6.0    4920.00   .5174189E-09
  6.0    4930.00   .5228085E-09
  6.0    4940.00   .5306427E-09
  6.0    4950.00   .5373853E-09
  6.0    4960.00   .5459365E-09
  6.0    4970.00   .5570983E-09
  6.0    4980.00   .5597819E-09
  6.0    4990.00   .5629370E-09
  6.0    5000.00   .5710316E-09
  6.0    5010.00   .5814370E-09
  6.0    5020.00   .5917806E-09
  6.0    5030.00   .5952668E-09
  6.0    5040.00   .6040079E-09
  6.0    5050.00   .6149000E-09
  6.0    5060.00   .6290366E-09
  6.0    5070.00   .6380913E-09
  6.0    5080.00   .6425995E-09
  6.0    5090.00   .6421021E-09
  6.0    5100.00   .6414382E-09
  6.0    5110.00   .6353699E-09
  6.0    5120.00   .6282095E-09
  6.0    5130.00   .6228276E-09
  6.0    5140.00   .6195142E-09
  6.0    5150.00   .6155400E-09
  6.0    5160.00   .6148516E-09
  6.0    5170.00   .6123464E-09
  6.0    5180.00   .6062713E-09
  6.0    5190.00   .5969067E-09
  6.0    5200.00   .5808379E-09
  6.0    5210.00   .5634791E-09
  6.0    5220.00   .5407806E-09
  6.0    5230.00   .5196892E-09
  6.0    5240.00   .4999938E-09
  6.0    5250.00   .4843127E-09
  6.0    5260.00   .4754249E-09
  6.0    5270.00   .4639647E-09
  6.0    5280.00   .4545306E-09
  6.0    5290.00   .4494643E-09
  6.0    5300.00   .4479981E-09
  6.0    5310.00   .4497267E-09
  6.0    5320.00   .4487124E-09
  6.0    5330.00   .4481523E-09
  6.0    5340.00   .4433211E-09
  6.0    5350.00   .4392741E-09
  6.0    5360.00   .4364705E-09
  6.0    5370.00   .4298161E-09
  6.0    5380.00   .4224775E-09
  6.0    5390.00   .4155863E-09
  6.0    5400.00   .4053224E-09
  6.0    5410.00   .3986368E-09
  6.0    5420.00   .3881313E-09
  6.0    5430.00   .3818820E-09
  6.0    5440.00   .3791164E-09
  6.0    5450.00   .3817494E-09
  6.0    5460.00   .3856136E-09
  6.0    5470.00   .3909243E-09
  6.0    5480.00   .3955888E-09
  6.0    5490.00   .4036902E-09
  6.0    5500.00   .4083391E-09
  6.0    5510.00   .4100438E-09
  6.0    5520.00   .4137875E-09
  6.0    5530.00   .4153944E-09
  6.0    5540.00   .4196983E-09
  6.0    5550.00   .4228815E-09
  6.0    5560.00   .4254306E-09
  6.0    5570.00   .4222726E-09
  6.0    5580.00   .4216015E-09
  6.0    5590.00   .4201561E-09
  6.0    5600.00   .4192625E-09
  6.0    5610.00   .4202179E-09
  6.0    5620.00   .4169117E-09
  6.0    5630.00   .4145267E-09
  6.0    5640.00   .4109920E-09
  6.0    5650.00   .4084391E-09
  6.0    5660.00   .4042412E-09
  6.0    5670.00   .3986529E-09
  6.0    5680.00   .3954211E-09
  6.0    5690.00   .3868867E-09
  6.0    5700.00   .3797423E-09
  6.0    5710.00   .3709796E-09
  6.0    5720.00   .3623331E-09
  6.0    5730.00   .3541379E-09
  6.0    5740.00   .3496008E-09
  6.0    5750.00   .3469347E-09
  6.0    5760.00   .3432372E-09
  6.0    5770.00   .3433429E-09
  6.0    5780.00   .3414288E-09
  6.0    5790.00   .3396013E-09
  6.0    5800.00   .3426374E-09
  6.0    5810.00   .3433085E-09
  6.0    5820.00   .3465699E-09
  6.0    5830.00   .3464239E-09
  6.0    5840.00   .3471100E-09
  6.0    5850.00   .3452371E-09
  6.0    5860.00   .3469939E-09
  6.0    5870.00   .3445844E-09
  6.0    5880.00   .3342057E-09
  6.0    5890.00   .3236427E-09
  6.0    5900.00   .3090040E-09
  6.0    5910.00   .3023020E-09
  6.0    5920.00   .2935199E-09
  6.0    5930.00   .2846052E-09
  6.0    5940.00   .2723695E-09
  6.0    5950.00   .2623101E-09
  6.0    5960.00   .2562711E-09
  6.0    5970.00   .2494409E-09
  6.0    5980.00   .2421324E-09
  6.0    5990.00   .2370678E-09
  6.0    6000.00   .2312827E-09
  6.0    6010.00   .2261226E-09
  6.0    6020.00   .2200672E-09
  6.0    6030.00   .2157166E-09
  6.0    6040.00   .2113888E-09
  6.0    6050.00   .2063864E-09
  6.0    6060.00   .2021324E-09
  6.0    6070.00   .1974270E-09
  6.0    6080.00   .1960758E-09
  6.0    6090.00   .1947543E-09
  6.0    6100.00   .1952881E-09
  6.0    6110.00   .1967684E-09
  6.0    6120.00   .1993661E-09
  6.0    6130.00   .2062344E-09
  6.0    6140.00   .2117173E-09
  6.0    6150.00   .2209047E-09
  6.0    6160.00   .2327759E-09
  6.0    6170.00   .2435983E-09
  6.0    6180.00   .2560715E-09
  6.0    6190.00   .2682201E-09
  6.0    6200.00   .2818099E-09
  6.0    6210.00   .2935608E-09
  6.0    6220.00   .3016403E-09
  6.0    6230.00   .3098490E-09
  6.0    6240.00   .3169460E-09
  6.0    6250.00   .3225234E-09
  6.0    6260.00   .3281018E-09
  6.0    6270.00   .3305565E-09
  6.0    6280.00   .3218036E-09
  6.0    6290.00   .3245350E-09
  6.0    6300.00   .3223586E-09
  6.0    6310.00   .3233492E-09
  6.0    6320.00   .3245667E-09
  6.0    6330.00   .3276607E-09
  6.0    6340.00   .3313042E-09
  6.0    6350.00   .3365055E-09
  6.0    6360.00   .3384262E-09
  6.0    6370.00   .3415959E-09
  6.0    6380.00   .3430771E-09
  6.0    6390.00   .3429339E-09
  6.0    6400.00   .3431821E-09
  6.0    6410.00   .3423808E-09
  6.0    6420.00   .3413355E-09
  6.0    6430.00   .3403020E-09
  6.0    6440.00   .3385025E-09
  6.0    6450.00   .3373420E-09
  6.0    6460.00   .3374804E-09
  6.0    6470.00   .3346278E-09
  6.0    6480.00   .3319836E-09
  6.0    6490.00   .3336133E-09
  6.0    6500.00   .3342082E-09
  6.0    6510.00   .3355679E-09
  6.0    6520.00   .3290509E-09
  6.0    6530.00   .3334839E-09
  6.0    6540.00   .3309148E-09
  6.0    6550.00   .3282574E-09
  6.0    6560.00   .3262825E-09
  6.0    6570.00   .3257658E-09
  6.0    6580.00   .3234597E-09
  6.0    6590.00   .3205153E-09
  6.0    6600.00   .3186716E-09
  6.0    6610.00   .3140655E-09
  6.0    6620.00   .3073212E-09
  6.0    6630.00   .3023064E-09
  6.0    6640.00   .3005890E-09
  6.0    6650.00   .3018973E-09
  6.0    6660.00   .3025097E-09
  6.0    6670.00   .3030498E-09
  6.0    6680.00   .3020918E-09
  6.0    6690.00   .2971199E-09
  6.0    6700.00   .2954282E-09
  6.0    6710.00   .2925481E-09
  6.0    6720.00   .2898798E-09
  6.0    6730.00   .2881979E-09
  6.0    6740.00   .2837117E-09
  6.0    6750.00   .2804547E-09
  6.0    6760.00   .2767409E-09
  6.0    6770.00   .2746354E-09
  6.0    6780.00   .2729621E-09
  6.0    6790.00   .2714947E-09
  6.0    6800.00   .2708312E-09
  6.0    6810.00   .2698930E-09
  6.0    6820.00   .2681882E-09
  6.0    6830.00   .2655613E-09
  6.0    6840.00   .2614555E-09
  6.0    6850.00   .2581009E-09
  6.0    6860.00   .2572993E-09
  6.0    6870.00   .2333665E-09
  6.0    6880.00   .2423422E-09
  6.0    6890.00   .2544524E-09
  6.0    6900.00   .2487880E-09
  6.0    6910.00   .2494181E-09
  6.0    6920.00   .2507517E-09
  6.0    6930.00   .2502383E-09
  6.0    6940.00   .2532577E-09
  6.0    6950.00   .2520315E-09
  6.0    6960.00   .2518224E-09
  6.0    6970.00   .2559046E-09
  6.0    6980.00   .2550992E-09
  6.0    6990.00   .2531884E-09
  6.0    7000.00   .2535560E-09
  6.0    7010.00   .2542659E-09
  6.0    7020.00   .2538701E-09
  6.0    7030.00   .2528334E-09
  6.0    7040.00   .2553810E-09
  6.0    7050.00   .2571287E-09
  6.0    7060.00   .2594453E-09
  6.0    7070.00   .2604490E-09
  6.0    7080.00   .2622684E-09
  6.0    7090.00   .2655116E-09
  6.0    7100.00   .2651939E-09
  6.0    7110.00   .2674468E-09
  6.0    7120.00   .2683432E-09
  6.0    7130.00   .2664861E-09
  6.0    7140.00   .2624033E-09
  6.0    7150.00   .2611045E-09
  6.0    7160.00   .2588641E-09
  6.0    7170.00   .2520141E-09
  6.0    7180.00   .2505054E-09
  6.0    7190.00   .2455936E-09
  6.0    7200.00   .2461036E-09
  6.0    7210.00   .2465847E-09
  6.0    7220.00   .2445810E-09
  6.0    7230.00   .2418365E-09
  6.0    7240.00   .2374332E-09
  6.0    7250.00   .2412722E-09
  6.0    7260.00   .2376319E-09
  6.0    7270.00   .2329372E-09
  6.0    7280.00   .2259476E-09
  6.0    7290.00   .2264518E-09
  6.0    7300.00   .2225999E-09
  6.0    7310.00   .2176230E-09
  6.0    7320.00   .2142976E-09
  6.0    7330.00   .2132915E-09
  6.0    7340.00   .2095397E-09
  6.0    7350.00   .2052726E-09
  6.0    7360.00   .2030969E-09
  6.0    7370.00   .2003264E-09
  6.0    7380.00   .1988881E-09
  6.0    7390.00   .1961137E-09
  6.0    7400.00   .1938883E-09
  6.0    7410.00   .1914470E-09
  6.0    7420.00   .1868819E-09
  6.0    7430.00   .1794144E-09
  6.0    7440.00   .1702657E-09
  6.0    7450.00   .1648301E-09
  6.0    7460.00   .1595029E-09
  6.0    7470.00   .1558640E-09
  6.0    7480.00   .1530805E-09
  6.0    7490.00   .1517542E-09
  6.0    7500.00   .1517537E-09
  6.0    7510.00   .1535221E-09
  6.0    7520.00   .1548998E-09
  6.0    7530.00   .1526041E-09
  6.0    7540.00   .1510060E-09
  6.0    7550.00   .1498175E-09
  6.0    7560.00   .1447721E-09
  6.0    7570.00   .1403520E-09
  6.0    7580.00   .1363438E-09
  6.0    7590.00   .1321128E-09
  6.0    7600.00   .1271932E-09
  6.0    7610.00   .1247170E-09
  6.0    7620.00   .1232044E-09
  6.0    7630.00   .1232140E-09
  6.0    7640.00   .1270794E-09
  6.0    7650.00   .1276738E-09
  6.0    7660.00   .1302609E-09
  6.0    7670.00   .1323633E-09
  6.0    7680.00   .1331029E-09
  6.0    7690.00   .1362309E-09
  6.0    7700.00   .1324798E-09
  6.0    7710.00   .1328151E-09
  6.0    7720.00   .1315310E-09
  6.0    7730.00   .1281080E-09
  6.0    7740.00   .1259903E-09
  6.0    7750.00   .1236060E-09
  6.0    7760.00   .1202656E-09
  6.0    7770.00   .1180180E-09
  6.0    7780.00   .1153017E-09
  6.0    7790.00   .1129510E-09
  6.0    7800.00   .1092530E-09
  6.0    7810.00   .1059132E-09
  6.0    7820.00   .1019769E-09
  6.0    7830.00   .9886656E-10
  6.0    7840.00   .9605001E-10
  6.0    7850.00   .9283356E-10
  6.0    7860.00   .9110440E-10
  6.0    7870.00   .8893003E-10
  6.0    7880.00   .8705036E-10
  6.0    7890.00   .8469261E-10
  6.0    7900.00   .8317393E-10
  6.0    7910.00   .8106848E-10
  6.0    7920.00   .7980663E-10
  6.0    7930.00   .7900231E-10
  6.0    7940.00   .7932491E-10
  6.0    7950.00   .7850890E-10
  6.0    7960.00   .7692857E-10
  6.0    7970.00   .7526530E-10
  6.0    7980.00   .7553665E-10
  6.0    7990.00   .7587072E-10
  6.0    8000.00   .7540918E-10
  6.0    8010.00   .7574392E-10
  6.0    8020.00   .7635059E-10
  6.0    8030.00   .7655059E-10
  6.0    8040.00   .7849487E-10
  6.0    8050.00   .7927584E-10
  6.0    8060.00   .7979311E-10
  6.0    8070.00   .7937066E-10
  6.0    8080.00   .7907316E-10
  6.0    8090.00   .7755764E-10
  6.0    8100.00   .7725574E-10
  6.0    8110.00   .7642262E-10
  6.0    8120.00   .7634629E-10
  6.0    8130.00   .7590544E-10
  6.0    8140.00   .7361830E-10
  6.0    8150.00   .7204317E-10
  6.0    8160.00   .7058272E-10
  6.0    8170.00   .6827607E-10
  6.0    8180.00   .6633917E-10
  6.0    8190.00   .6612564E-10
  6.0    8200.00   .6382460E-10
  6.0    8210.00   .6513087E-10
  6.0    8220.00   .6183099E-10
  6.0    8230.00   .5589699E-10
  6.0    8240.00   .6456148E-10
  6.0    8250.00   .6323737E-10
  6.0    8260.00   .6144997E-10
  6.0    8270.00   .6389145E-10
  6.0    8280.00   .6015071E-10
  6.0    8290.00   .6067864E-10
  6.0    8300.00   .6000204E-10
  6.0    8310.00   .5842772E-10
  6.0    8320.00   .5654611E-10
  6.0    8330.00   .5740070E-10
  6.0    8340.00   .5543206E-10
  6.0    8350.00   .5687106E-10
  6.0    8360.00   .5655178E-10
  6.0    8370.00   .5740889E-10
  6.0    8380.00   .5802741E-10
  6.0    8390.00   .5865295E-10
  6.0    8400.00   .5842176E-10
  6.0    8410.00   .5931739E-10
  6.0    8420.00   .5918283E-10
  6.0    8430.00   .5927242E-10
  6.0    8440.00   .5909130E-10
  6.0    8450.00   .5972723E-10
  6.0    8460.00   .5939477E-10
  6.0    8470.00   .5921002E-10
  6.0    8480.00   .5956253E-10
  6.0    8490.00   .5855560E-10
  6.0    8500.00   .5968805E-10
  6.0    8510.00   .5835821E-10
  6.0    8520.00   .5851070E-10
  6.0    8530.00   .5824753E-10
  6.0    8540.00   .5860548E-10
  6.0    8550.00   .5801400E-10
  6.0    8560.00   .5688874E-10
  6.0    8570.00   .5646360E-10
  6.0    8580.00   .5613259E-10
  6.0    8590.00   .5526198E-10
  6.0    8600.00   .5475341E-10
  6.0    8610.00   .5448782E-10
  6.0    8620.00   .5461684E-10
  6.0    8630.00   .5389614E-10
  6.0    8640.00   .5467259E-10
  6.0    8650.00   .5447453E-10
  6.0    8660.00   .5366286E-10
  6.0    8670.00   .5244770E-10
  6.0    8680.00   .5289442E-10
  6.0    8690.00   .5153318E-10
  6.0    8700.00   .5161647E-10
  6.0    8710.00   .5128279E-10
  6.0    8720.00   .4979493E-10
  6.0    8730.00   .5049727E-10
  6.0    8740.00   .4999734E-10
  6.0    8750.00   .4917412E-10
  6.0    8760.00   .4874554E-10
  6.0    8770.00   .4829859E-10
  6.0    8780.00   .4791676E-10
  6.0    8790.00   .4706558E-10
  6.0    8800.00   .4553010E-10
  6.0    8810.00   .4508575E-10
  6.0    8820.00   .4363140E-10
  6.0    8830.00   .4178284E-10
  6.0    8840.00   .4059160E-10
  6.0    8850.00   .3974721E-10
  6.0    8860.00   .3847531E-10
  6.0    8870.00   .3757340E-10
  6.0    8880.00   .3572314E-10
  6.0    8890.00   .3604195E-10
  6.0    8900.00   .3530301E-10
  6.0    8910.00   .3559381E-10
  6.0    8920.00   .3489498E-10
  6.0    8930.00   .3486706E-10
  6.0    8940.00   .3535709E-10
  6.0    8950.00   .3454245E-10
  6.0    8960.00   .3459525E-10
  6.0    8970.00   .3308827E-10
  6.0    8980.00   .3450445E-10
  6.0    8990.00   .3176327E-10
  6.0    9000.00   .3237147E-10
  6.0    9010.00   .3184869E-10
  6.0    9020.00   .3100110E-10
  6.0    9030.00   .3152547E-10
  6.0    9040.00   .3196689E-10
  6.0    9050.00   .3116347E-10
  6.0    9060.00   .3113188E-10
  6.0    9070.00   .3050408E-10
  6.0    9080.00   .3075587E-10
  6.0    9090.00   .3081771E-10
  6.0    9100.00   .3043510E-10
  6.0    9110.00   .3117785E-10
  6.0    9120.00   .3070169E-10
  6.0    9130.00   .3024056E-10
  6.0    9140.00   .3118598E-10
  6.0    9150.00   .3051986E-10
  6.0    9160.00   .3010915E-10
  6.0    9170.00   .3086879E-10
  6.0    9180.00   .3042853E-10
  6.0    9190.00   .3200034E-10
  6.0    9200.00   .3075246E-10
  6.0    9210.00   .3144071E-10
  6.0    9220.00   .3124771E-10
  6.0    9230.00   .3086091E-10
  6.0    9240.00   .3022038E-10
  6.0    9250.00   .3009283E-10
  6.0    9260.00   .3062322E-10
  6.0    9270.00   .2972297E-10
  6.0    9280.00   .2893249E-10
  6.0    9290.00   .2841431E-10
  6.0    9300.00   .2727175E-10
  6.0    9310.00   .2492814E-10
  6.0    9320.00   .2232137E-10
  6.0    9330.00   .2190432E-10
  6.0    9340.00   .1926322E-10
  6.0    9350.00   .2039763E-10
  6.0    9360.00   .1936408E-10
  6.0    9370.00   .2070898E-10
  6.0    9380.00   .1961571E-10
  6.0    9390.00   .2274661E-10
  6.0    9400.00   .2336158E-10
  6.0    9410.00   .2287012E-10
  6.0    9420.00   .2139325E-10
  6.0    9430.00   .1949616E-10
  6.0    9440.00   .1895765E-10
  6.0    9450.00   .1972021E-10
  6.0    9460.00   .1889636E-10
  6.0    9470.00   .1929720E-10
  6.0    9480.00   .1971392E-10
  6.0    9490.00   .1973097E-10
  6.0    9500.00   .1720577E-10
  6.0    9510.00   .1975850E-10
  6.0    9520.00   .1758951E-10
  6.0    9530.00   .1803335E-10
  6.0    9540.00   .1862879E-10
  6.0    9550.00   .1801425E-10
  6.0    9560.00   .1808101E-10
  6.0    9570.00   .1691651E-10
  6.0    9580.00   .1853466E-10
  6.0    9590.00   .1698425E-10
  6.0    9600.00   .1762381E-10
  6.0    9610.00   .1727856E-10
  6.0    9620.00   .1764078E-10
  6.0    9630.00   .1729867E-10
  6.0    9640.00   .1715284E-10
  6.0    9650.00   .1703583E-10
  6.0    9660.00   .1775298E-10
  6.0    9670.00   .1603126E-10
  6.0    9680.00   .1650512E-10
  6.0    9690.00   .1622159E-10
  6.0    9700.00   .1602506E-10
  6.0    9710.00   .1638127E-10
  6.0    9720.00   .1551565E-10
  6.0    9730.00   .1621321E-10
  6.0    9740.00   .1543093E-10
  6.0    9750.00   .1526472E-10
  6.0    9760.00   .1481165E-10
  6.0    9770.00   .1563028E-10
  6.0    9780.00   .1504806E-10
  6.0    9790.00   .1476498E-10
  6.0    9800.00   .1492988E-10
  6.0    9810.00   .1405974E-10
  6.0    9820.00   .1435522E-10
  6.0    9830.00   .1454769E-10
  6.0    9840.00   .1465698E-10
  6.0    9850.00   .1445693E-10
  6.0    9860.00   .1429657E-10
  6.0    9870.00   .1402055E-10
  6.0    9880.00   .1460036E-10
  6.0    9890.00   .1385729E-10
  6.0    9900.00   .1402847E-10
  6.0    9910.00   .1277942E-10
  6.0    9920.00   .1383295E-10
  6.0    9930.00   .1260324E-10
  6.0    9940.00   .1254369E-10
  6.0    9950.00   .1366653E-10
  6.0    9960.00   .1303920E-10
  6.0    9970.00   .1300936E-10
  6.0    9980.00   .1301976E-10
  6.0    9990.00   .1305654E-10
  6.0   10000.00   .1310082E-10
  6.0   10010.00   .1315565E-10
  6.0   10020.00   .1321044E-10
  6.0   10030.00   .1326519E-10
  6.0   10040.00   .1331989E-10
  6.0   10050.00   .1337454E-10
  6.0   10060.00   .1342917E-10
  6.0   10070.00   .1348375E-10
  6.0   10080.00   .1353830E-10
  6.0   10090.00   .1359279E-10
  6.0   10100.00   .1364724E-10
  6.0   10110.00   .1370166E-10
  6.0   10120.00   .1375604E-10
  6.0   10130.00   .1381035E-10
  6.0   10140.00   .1386464E-10
  6.0   10150.00   .1391889E-10
  6.0   10160.00   .1397308E-10
  6.0   10170.00   .1402725E-10
  6.0   10180.00   .1408137E-10
  6.0   10190.00   .1413545E-10
  6.0   10200.00   .1418949E-10
  6.0   10210.00   .1424347E-10
  6.0   10220.00   .1429742E-10
  6.0   10230.00   .1435135E-10
  6.0   10240.00   .1440522E-10
  6.0   10250.00   .1445903E-10
  6.0   10260.00   .1451281E-10
  6.0   10270.00   .1456653E-10
  6.0   10280.00   .1462023E-10
  6.0   10290.00   .1467390E-10
  6.0   10300.00   .1472750E-10
  6.0   10310.00   .1478105E-10
  6.0   10320.00   .1483459E-10
  6.0   10330.00   .1488807E-10
  6.0   10340.00   .1494150E-10
  6.0   10350.00   .1499491E-10
  6.0   10360.00   .1504825E-10
  6.0   10370.00   .1510156E-10
  6.0   10380.00   .1515482E-10
  6.0   10390.00   .1520804E-10
  6.0   10400.00   .1526120E-10
  6.0   10410.00   .1531436E-10
  6.0   10420.00   .1536743E-10
  6.0   10430.00   .1542047E-10
  6.0   10440.00   .1547348E-10
  6.0   10450.00   .1552644E-10
  6.0   10460.00   .1557935E-10
  6.0   10470.00   .1563223E-10
  6.0   10480.00   .1568506E-10
  6.0   10490.00   .1573783E-10
  6.0   10500.00   .1579059E-10
  6.0   10510.00   .1584328E-10
  6.0   10520.00   .1589592E-10
  6.0   10530.00   .1594854E-10
  6.0   10540.00   .1600111E-10
  6.0   10550.00   .1605364E-10
  6.0   10560.00   .1610611E-10
  6.0   10570.00   .1615855E-10
  6.0   10580.00   .1621097E-10
  6.0   10590.00   .1626332E-10
  6.0   10600.00   .1631563E-10
  6.0   10610.00   .1636788E-10
  6.0   10620.00   .1642012E-10
  6.0   10630.00   .1647231E-10
  6.0   10640.00   .1652444E-10
  6.0   10650.00   .1657656E-10
  6.0   10660.00   .1662860E-10
  6.0   10670.00   .1668061E-10
  6.0   10680.00   .1673259E-10
  6.0   10690.00   .1678453E-10
  6.0   10700.00   .1683642E-10
  6.0   10710.00   .1688825E-10
  6.0   10720.00   .1694007E-10
  6.0   10730.00   .1699183E-10
  6.0   10740.00   .1704355E-10
  6.0   10750.00   .1709526E-10
  6.0   10760.00   .1714690E-10
  6.0   10770.00   .1719851E-10
  6.0   10780.00   .1725006E-10
  6.0   10790.00   .1730158E-10
  6.0   10800.00   .1735306E-10
  6.0   10810.00   .1740450E-10
  6.0   10820.00   .1745591E-10
  6.0   10830.00   .1750726E-10
  6.0   10840.00   .1755857E-10
  6.0   10850.00   .1760987E-10
  6.0   10860.00   .1766111E-10
  6.0   10870.00   .1771228E-10
  6.0   10880.00   .1776346E-10
  6.0   10890.00   .1781457E-10
  6.0   10900.00   .1786565E-10
  6.0   10910.00   .1791670E-10
  6.0   10920.00   .1796770E-10
  6.0   10930.00   .1801867E-10
  6.0   10940.00   .1806960E-10
  6.0   10950.00   .1812047E-10
  6.0   10960.00   .1817133E-10
  6.0   10970.00   .1822212E-10
  6.0   10980.00   .1827288E-10
  6.0   10990.00   .1832361E-10
  6.0   11000.00   .1837431E-10
  6.0   11010.00   .1842494E-10
  6.0   11020.00   .1847557E-10
  6.0   11030.00   .1852614E-10
  6.0   11040.00   .1857666E-10
  6.0   11050.00   .1862718E-10
  6.0   11060.00   .1867766E-10
  6.0   11070.00   .1872804E-10
  6.0   11080.00   .1877846E-10
  6.0   11090.00   .1882881E-10
  6.0   11100.00   .1887910E-10
  6.0   11110.00   .1892936E-10
  6.0   11120.00   .1897962E-10
  6.0   11130.00   .1902982E-10
  6.0   11140.00   .1907997E-10
  6.0   11150.00   .1913010E-10
  6.0   11160.00   .1918019E-10
  6.0   11170.00   .1923023E-10
  6.0   11180.00   .1928028E-10
  6.0   11190.00   .1933024E-10
  6.0   11200.00   .1938019E-10
  6.0   11210.00   .1943010E-10
  6.0   11220.00   .1947999E-10
  6.0   11230.00   .1952982E-10
  6.0   11240.00   .1957962E-10
  6.0   11250.00   .1962940E-10
  6.0   11260.00   .1967913E-10
  6.0   11270.00   .1972883E-10
  6.0   11280.00   .1977849E-10
  6.0   11290.00   .1982811E-10
  6.0   11300.00   .1987771E-10
  6.0   11310.00   .1987006E-10
  6.0   11320.00   .1986242E-10
  6.0   11330.00   .1985478E-10
  6.0   11340.00   .1984716E-10
  6.0   11350.00   .1983955E-10
  6.0   11360.00   .1983195E-10
  6.0   11370.00   .1982433E-10
  6.0   11380.00   .1981676E-10
  6.0   11390.00   .1980917E-10
  6.0   11400.00   .1980160E-10
  6.0   11410.00   .1979407E-10
  6.0   11420.00   .1978652E-10
  6.0   11430.00   .1977899E-10
  6.0   11440.00   .1977145E-10
  6.0   11450.00   .1976396E-10
  6.0   11460.00   .1975645E-10
  6.0   11470.00   .1974895E-10
  6.0   11480.00   .1974149E-10
  6.0   11490.00   .1973400E-10
  6.0   11500.00   .1972656E-10
  6.0   11510.00   .1971910E-10
  6.0   11520.00   .1971167E-10
  6.0   11530.00   .1970424E-10
  6.0   11540.00   .1969681E-10
  6.0   11550.00   .1968942E-10
  6.0   11560.00   .1968200E-10
  6.0   11570.00   .1967464E-10
  6.0   11580.00   .1966726E-10
  6.0   11590.00   .1965989E-10
  6.0   11600.00   .1965255E-10
  6.0   11610.00   .1964520E-10
  6.0   11620.00   .1963788E-10
  6.0   11630.00   .1963057E-10
  6.0   11640.00   .1962326E-10
  6.0   11650.00   .1961597E-10
  6.0   11660.00   .1960868E-10
  6.0   11670.00   .1960143E-10
  6.0   11680.00   .1959416E-10
  6.0   11690.00   .1958691E-10
  6.0   11700.00   .1957967E-10
  6.0   11710.00   .1957245E-10
  6.0   11720.00   .1956525E-10
  6.0   11730.00   .1955803E-10
  6.0   11740.00   .1955084E-10
  6.0   11750.00   .1954367E-10
  6.0   11760.00   .1953652E-10
  6.0   11770.00   .1952938E-10
  6.0   11780.00   .1952223E-10
  6.0   11790.00   .1951509E-10
  6.0   11800.00   .1950798E-10
  6.0   11810.00   .1950089E-10
  6.0   11820.00   .1949381E-10
  6.0   11830.00   .1948674E-10
  6.0   11840.00   .1947966E-10
  6.0   11850.00   .1947263E-10
  6.0   11860.00   .1946559E-10
  6.0   11870.00   .1945856E-10
  6.0   11880.00   .1945154E-10
  6.0   11890.00   .1944457E-10
  6.0   11900.00   .1943757E-10
  6.0   11910.00   .1943059E-10
  6.0   11920.00   .1942364E-10
  6.0   11930.00   .1941669E-10
  6.0   11940.00   .1940977E-10
  6.0   11950.00   .1940284E-10
  6.0   11960.00   .1939594E-10
  6.0   11970.00   .1938905E-10
  6.0   11980.00   .1938217E-10
  6.0   11990.00   .1937531E-10
  6.0   12000.00   .1936846E-10
  6.0   12010.00   .1936162E-10
  6.0   12020.00   .1935479E-10
  6.0   12030.00   .1934799E-10
  6.0   12040.00   .1934119E-10
  6.0   12050.00   .1933443E-10
  6.0   12060.00   .1932764E-10
  6.0   12070.00   .1932089E-10
  6.0   12080.00   .1931416E-10
  6.0   12090.00   .1930744E-10
  6.0   12100.00   .1930072E-10
  6.0   12110.00   .1929401E-10
  6.0   12120.00   .1928734E-10
  6.0   12130.00   .1928068E-10
  6.0   12140.00   .1927404E-10
  6.0   12150.00   .1926740E-10
  6.0   12160.00   .1926076E-10
  6.0   12170.00   .1925418E-10
  6.0   12180.00   .1924756E-10
  6.0   12190.00   .1924100E-10
  6.0   12200.00   .1923443E-10
  6.0   12210.00   .1922786E-10
  6.0   12220.00   .1922137E-10
  6.0   12230.00   .1921484E-10
  6.0   12240.00   .1920834E-10
  6.0   12250.00   .1920186E-10
  6.0   12260.00   .1919537E-10
  6.0   12270.00   .1918893E-10
  6.0   12280.00   .1918249E-10
  6.0   12290.00   .1917606E-10
  6.0   12300.00   .1916963E-10
  6.0   12310.00   .1916326E-10
  6.0   12320.00   .1915688E-10
  6.0   12330.00   .1915053E-10
  6.0   12340.00   .1914418E-10
  6.0   12350.00   .1913785E-10
  6.0   12360.00   .1913153E-10
  6.0   12370.00   .1912523E-10
  6.0   12380.00   .1911895E-10
  6.0   12390.00   .1911269E-10
  6.0   12400.00   .1910645E-10
  6.0   12410.00   .1910020E-10
  6.0   12420.00   .1909400E-10
  6.0   12430.00   .1908780E-10
  6.0   12440.00   .1908160E-10
  6.0   12450.00   .1907545E-10
  6.0   12460.00   .1906932E-10
  6.0   12470.00   .1906317E-10
  6.0   12480.00   .1905706E-10
  6.0   12490.00   .1905096E-10
  6.0   12500.00   .1904488E-10
  6.0   12510.00   .1905189E-10
  6.0   12520.00   .1905888E-10
  6.0   12530.00   .1906588E-10
  6.0   12540.00   .1907286E-10
  6.0   12550.00   .1907983E-10
  6.0   12560.00   .1908679E-10
  6.0   12570.00   .1909374E-10
  6.0   12580.00   .1910071E-10
  6.0   12590.00   .1910765E-10
  6.0   12600.00   .1911457E-10
  6.0   12610.00   .1912149E-10
  6.0   12620.00   .1912839E-10
  6.0   12630.00   .1913530E-10
  6.0   12640.00   .1914220E-10
  6.0   12650.00   .1914910E-10
  6.0   12660.00   .1915598E-10
  6.0   12670.00   .1916286E-10
  6.0   12680.00   .1916972E-10
  6.0   12690.00   .1917658E-10
  6.0   12700.00   .1918342E-10
  6.0   12710.00   .1919029E-10
  6.0   12720.00   .1919711E-10
  6.0   12730.00   .1920397E-10
  6.0   12740.00   .1921080E-10
  6.0   12750.00   .1921761E-10
  6.0   12760.00   .1922442E-10
  6.0   12770.00   .1923124E-10
  6.0   12780.00   .1923805E-10
  6.0   12790.00   .1924486E-10
  6.0   12800.00   .1925166E-10
  6.0   12810.00   .1925844E-10
  6.0   12820.00   .1926523E-10
  6.0   12830.00   .1927201E-10
  6.0   12840.00   .1927880E-10
  6.0   12850.00   .1928555E-10
  6.0   12860.00   .1929230E-10
  6.0   12870.00   .1929907E-10
  6.0   12880.00   .1930585E-10
  6.0   12890.00   .1931259E-10
  6.0   12900.00   .1931934E-10
  6.0   12910.00   .1932610E-10
  6.0   12920.00   .1933284E-10
  6.0   12930.00   .1933957E-10
  6.0   12940.00   .1934631E-10
  6.0   12950.00   .1935304E-10
  6.0   12960.00   .1935978E-10
  6.0   12970.00   .1936648E-10
  6.0   12980.00   .1937319E-10
  6.0   12990.00   .1937990E-10
  6.0   13000.00   .1938661E-10
  6.0   13010.00   .1939330E-10
  6.0   13020.00   .1940002E-10
  6.0   13030.00   .1940671E-10
  6.0   13040.00   .1941340E-10
  6.0   13050.00   .1942008E-10
  6.0   13060.00   .1942676E-10
  6.0   13070.00   .1943344E-10
  6.0   13080.00   .1944012E-10
  6.0   13090.00   .1944680E-10
  6.0   13100.00   .1945344E-10
  6.0   13110.00   .1946011E-10
  6.0   13120.00   .1946677E-10
  6.0   13130.00   .1947343E-10
  6.0   13140.00   .1948008E-10
  6.0   13150.00   .1948673E-10
  6.0   13160.00   .1949336E-10
  6.0   13170.00   .1950000E-10
  6.0   13180.00   .1950665E-10
  6.0   13190.00   .1951328E-10
  6.0   13200.00   .1951991E-10
  6.0   13210.00   .1952653E-10
  6.0   13220.00   .1953314E-10
  6.0   13230.00   .1953978E-10
  6.0   13240.00   .1954637E-10
  6.0   13250.00   .1955298E-10
  6.0   13260.00   .1955959E-10
  6.0   13270.00   .1956619E-10
  6.0   13280.00   .1957281E-10
  6.0   13290.00   .1957937E-10
  6.0   13300.00   .1958599E-10
  6.0   13310.00   .1959256E-10
  6.0   13320.00   .1959913E-10
  6.0   13330.00   .1960573E-10
  6.0   13340.00   .1961231E-10
  6.0   13350.00   .1961888E-10
  6.0   13360.00   .1962546E-10
  6.0   13370.00   .1963200E-10
  6.0   13380.00   .1963856E-10
  6.0   13390.00   .1964515E-10
  6.0   13400.00   .1965168E-10
  6.0   13410.00   .1965824E-10
  6.0   13420.00   .1966479E-10
  6.0   13430.00   .1967134E-10
  6.0   13440.00   .1967788E-10
  6.0   13450.00   .1968439E-10
  6.0   13460.00   .1969094E-10
  6.0   13470.00   .1969749E-10
  6.0   13480.00   .1970400E-10
  6.0   13490.00   .1971052E-10
  6.0   13500.00   .1971704E-10
  6.0   13510.00   .1972359E-10
  6.0   13520.00   .1973007E-10
  6.0   13530.00   .1973658E-10
  6.0   13540.00   .1974310E-10
  6.0   13550.00   .1974960E-10
  6.0   13560.00   .1975608E-10
  6.0   13570.00   .1976260E-10
  6.0   13580.00   .1976907E-10
  6.0   13590.00   .1977557E-10
  6.0   13600.00   .1978207E-10
  6.0   13610.00   .1978854E-10
  6.0   13620.00   .1979501E-10
  6.0   13630.00   .1980150E-10
  6.0   13640.00   .1980798E-10
  6.0   13650.00   .1981444E-10
  6.0   13660.00   .1982091E-10
  6.0   13670.00   .1982737E-10
  6.0   13680.00   .1983385E-10
  6.0   13690.00   .1984029E-10
  6.0   13700.00   .1984673E-10
  6.0   13710.00   .1974872E-10
  6.0   13720.00   .1965061E-10
  6.0   13730.00   .1955241E-10
  6.0   13740.00   .1945416E-10
  6.0   13750.00   .1935583E-10
  6.0   13760.00   .1925745E-10
  6.0   13770.00   .1915896E-10
  6.0   13780.00   .1906043E-10
  6.0   13790.00   .1896181E-10
  6.0   13800.00   .1886314E-10
  6.0   13810.00   .1876436E-10
  6.0   13820.00   .1866557E-10
  6.0   13830.00   .1856667E-10
  6.0   13840.00   .1846772E-10
  6.0   13850.00   .1836867E-10
  6.0   13860.00   .1826958E-10
  6.0   13870.00   .1817040E-10
  6.0   13880.00   .1807114E-10
  6.0   13890.00   .1797185E-10
  6.0   13900.00   .1787245E-10
  6.0   13910.00   .1777300E-10
  6.0   13920.00   .1767350E-10
  6.0   13930.00   .1757389E-10
  6.0   13940.00   .1747423E-10
  6.0   13950.00   .1737450E-10
  6.0   13960.00   .1727468E-10
  6.0   13970.00   .1717484E-10
  6.0   13980.00   .1707490E-10
  6.0   13990.00   .1697487E-10
  6.0   14000.00   .1687481E-10
  6.0   14010.00   .1677466E-10
  6.0   14020.00   .1667445E-10
  6.0   14030.00   .1657416E-10
  6.0   14040.00   .1647378E-10
  6.0   14050.00   .1637336E-10
  6.0   14060.00   .1627286E-10
  6.0   14070.00   .1617230E-10
  6.0   14080.00   .1607167E-10
  6.0   14090.00   .1597096E-10
  6.0   14100.00   .1587020E-10
  6.0   14110.00   .1576933E-10
  6.0   14120.00   .1566845E-10
  6.0   14130.00   .1556746E-10
  6.0   14140.00   .1546641E-10
  6.0   14150.00   .1536529E-10
  6.0   14160.00   .1526411E-10
  6.0   14170.00   .1516287E-10
  6.0   14180.00   .1506155E-10
  6.0   14190.00   .1496014E-10
  6.0   14200.00   .1485869E-10
  6.0   14210.00   .1475717E-10
  6.0   14220.00   .1465558E-10
  6.0   14230.00   .1455392E-10
  6.0   14240.00   .1445217E-10
  6.0   14250.00   .1435037E-10
  6.0   14260.00   .1424850E-10
  6.0   14270.00   .1414655E-10
  6.0   14280.00   .1404455E-10
  6.0   14290.00   .1394251E-10
  6.0   14300.00   .1384032E-10
  6.0   14310.00   .1373813E-10
  6.0   14320.00   .1363585E-10
  6.0   14330.00   .1353351E-10
  6.0   14340.00   .1343110E-10
  6.0   14350.00   .1332862E-10
  6.0   14360.00   .1322607E-10
  6.0   14370.00   .1312346E-10
  6.0   14380.00   .1302077E-10
  6.0   14390.00   .1291801E-10
  6.0   14400.00   .1281520E-10
  6.0   14410.00   .1271232E-10
  6.0   14420.00   .1260935E-10
  6.0   14430.00   .1250633E-10
  6.0   14440.00   .1240326E-10
  6.0   14450.00   .1230011E-10
  6.0   14460.00   .1219687E-10
  6.0   14470.00   .1209359E-10
  6.0   14480.00   .1199024E-10
  6.0   14490.00   .1188680E-10
  6.0   14500.00   .1178331E-10
  6.0   14510.00   .1167975E-10
  6.0   14520.00   .1157612E-10
  6.0   14530.00   .1147243E-10
  6.0   14540.00   .1136868E-10
  6.0   14550.00   .1126485E-10
  6.0   14560.00   .1116094E-10
  6.0   14570.00   .1105699E-10
  6.0   14580.00   .1095296E-10
  6.0   14590.00   .1084887E-10
  6.0   14600.00   .1074471E-10
  6.0   14610.00   .1064049E-10
  6.0   14620.00   .1053619E-10
  6.0   14630.00   .1043182E-10
  6.0   14640.00   .1032740E-10
  6.0   14650.00   .1022291E-10
  6.0   14660.00   .1011834E-10
  6.0   14670.00   .1001372E-10
  6.0   14680.00   .9909044E-11
  6.0   14690.00   .9804270E-11
  6.0   14700.00   .9699447E-11
  6.0   14710.00   .9594551E-11
  6.0   14720.00   .9489598E-11
  6.0   14730.00   .9384563E-11
  6.0   14740.00   .9279487E-11
  6.0   14750.00   .9174330E-11
  6.0   14760.00   .9069108E-11
  6.0   14770.00   .8963820E-11
  6.0   14780.00   .8858465E-11
  6.0   14790.00   .8753045E-11
  6.0   14800.00   .8647559E-11
  6.0   14810.00   .8542015E-11
  6.0   14820.00   .8436397E-11
  6.0   14830.00   .8330713E-11
  6.0   14840.00   .8224968E-11
  6.0   14850.00   .8119153E-11
  6.0   14860.00   .8013274E-11
  6.0   14870.00   .7907333E-11
  6.0   14880.00   .7801319E-11
  6.0   14890.00   .7695244E-11
  6.0   14900.00   .7589101E-11
  6.0   14910.00   .7482896E-11
  6.0   14920.00   .7376630E-11
  6.0   14930.00   .7270292E-11
  6.0   14940.00   .7163881E-11
  6.0   14950.00   .7057419E-11
  6.0   14960.00   .6950886E-11
  6.0   14970.00   .6844283E-11
  6.0   14980.00   .6737627E-11
  6.0   14990.00   .6630895E-11
  6.0   15000.00   .6524101E-11
  6.0   15010.00   .6526018E-11
  6.0   15020.00   .6527936E-11
  6.0   15030.00   .6529857E-11
  6.0   15040.00   .6531773E-11
  6.0   15050.00   .6533687E-11
  6.0   15060.00   .6535599E-11
  6.0   15070.00   .6537513E-11
  6.0   15080.00   .6539428E-11
  6.0   15090.00   .6541334E-11
  6.0   15100.00   .6543247E-11
  6.0   15110.00   .6545155E-11
  6.0   15120.00   .6547055E-11
  6.0   15130.00   .6548966E-11
  6.0   15140.00   .6550871E-11
  6.0   15150.00   .6552774E-11
  6.0   15160.00   .6554676E-11
  6.0   15170.00   .6556575E-11
  6.0   15180.00   .6558476E-11
  6.0   15190.00   .6560376E-11
  6.0   15200.00   .6562273E-11
  6.0   15210.00   .6564168E-11
  6.0   15220.00   .6566067E-11
  6.0   15230.00   .6567955E-11
  6.0   15240.00   .6569850E-11
  6.0   15250.00   .6571741E-11
  6.0   15260.00   .6573627E-11
  6.0   15270.00   .6575518E-11
  6.0   15280.00   .6577405E-11
  6.0   15290.00   .6579288E-11
  6.0   15300.00   .6581173E-11
  6.0   15310.00   .6583053E-11
  6.0   15320.00   .6584936E-11
  6.0   15330.00   .6586820E-11
  6.0   15340.00   .6588694E-11
  6.0   15350.00   .6590571E-11
  6.0   15360.00   .6592445E-11
  6.0   15370.00   .6594322E-11
  6.0   15380.00   .6596191E-11
  6.0   15390.00   .6598061E-11
  6.0   15400.00   .6599929E-11
  6.0   15410.00   .6601801E-11
  6.0   15420.00   .6603666E-11
  6.0   15430.00   .6605530E-11
  6.0   15440.00   .6607397E-11
  6.0   15450.00   .6609259E-11
  6.0   15460.00   .6611115E-11
  6.0   15470.00   .6612976E-11
  6.0   15480.00   .6614831E-11
  6.0   15490.00   .6616690E-11
  6.0   15500.00   .6618541E-11
  6.0   15510.00   .6620390E-11
  6.0   15520.00   .6622246E-11
  6.0   15530.00   .6624089E-11
  6.0   15540.00   .6625940E-11
  6.0   15550.00   .6627780E-11
  6.0   15560.00   .6629624E-11
  6.0   15570.00   .6631467E-11
  6.0   15580.00   .6633310E-11
  6.0   15590.00   .6635144E-11
  6.0   15600.00   .6636982E-11
  6.0   15610.00   .6638818E-11
  6.0   15620.00   .6640650E-11
  6.0   15630.00   .6642481E-11
  6.0   15640.00   .6644308E-11
  6.0   15650.00   .6646138E-11
  6.0   15660.00   .6647962E-11
  6.0   15670.00   .6649783E-11
  6.0   15680.00   .6651608E-11
  6.0   15690.00   .6653426E-11
  6.0   15700.00   .6655246E-11
  6.0   15710.00   .6657062E-11
  6.0   15720.00   .6658875E-11
  6.0   15730.00   .6660687E-11
  6.0   15740.00   .6662501E-11
  6.0   15750.00   .6664305E-11
  6.0   15760.00   .6666112E-11
  6.0   15770.00   .6667923E-11
  6.0   15780.00   .6669721E-11
  6.0   15790.00   .6671519E-11
  6.0   15800.00   .6673320E-11
  6.0   15810.00   .6675114E-11
  6.0   15820.00   .6676906E-11
  6.0   15830.00   .6678703E-11
  6.0   15840.00   .6680488E-11
  6.0   15850.00   .6682277E-11
  6.0   15860.00   .6684063E-11
  6.0   15870.00   .6685847E-11
  6.0   15880.00   .6687627E-11
  6.0   15890.00   .6689407E-11
  6.0   15900.00   .6691182E-11
  6.0   15910.00   .6692961E-11
  6.0   15920.00   .6694733E-11
  6.0   15930.00   .6696501E-11
  6.0   15940.00   .6698269E-11
  6.0   15950.00   .6700037E-11
  6.0   15960.00   .6701803E-11
  6.0   15970.00   .6703559E-11
  6.0   15980.00   .6705323E-11
  6.0   15990.00   .6707078E-11
  6.0   16000.00   .6708835E-11
  6.0   16010.00   .6710586E-11
  6.0   16020.00   .6712336E-11
  6.0   16030.00   .6714079E-11
  6.0   16040.00   .6715826E-11
  6.0   16050.00   .6717573E-11
  6.0   16060.00   .6719311E-11
  6.0   16070.00   .6721049E-11
  6.0   16080.00   .6722784E-11
  6.0   16090.00   .6724517E-11
  6.0   16100.00   .6726247E-11
  6.0   16110.00   .6727974E-11
  6.0   16120.00   .6729704E-11
  6.0   16130.00   .6731424E-11
  6.0   16140.00   .6733143E-11
  6.0   16150.00   .6734861E-11
  6.0   16160.00   .6736580E-11
  6.0   16170.00   .6738292E-11
  6.0   16180.00   .6740001E-11
  6.0   16190.00   .6741715E-11
  6.0   16200.00   .6743416E-11
  6.0   16210.00   .6745113E-11
  6.0   16220.00   .6746819E-11
  6.0   16230.00   .6748509E-11
  6.0   16240.00   .6750208E-11
  6.0   16250.00   .6751898E-11
  6.0   16260.00   .6751831E-11
  6.0   16270.00   .6751770E-11
  6.0   16280.00   .6751702E-11
  6.0   16290.00   .6751638E-11
  6.0   16300.00   .6751572E-11
  6.0   16310.00   .6751509E-11
  6.0   16320.00   .6751441E-11
  6.0   16330.00   .6751374E-11
  6.0   16340.00   .6751303E-11
  6.0   16350.00   .6751240E-11
  6.0   16360.00   .6751174E-11
  6.0   16370.00   .6751102E-11
  6.0   16380.00   .6751037E-11
  6.0   16390.00   .6750964E-11
  6.0   16400.00   .6750892E-11
  6.0   16410.00   .6750825E-11
  6.0   16420.00   .6750750E-11
  6.0   16430.00   .6750682E-11
  6.0   16440.00   .6750605E-11
  6.0   16450.00   .6750537E-11
  6.0   16460.00   .6750461E-11
  6.0   16470.00   .6750386E-11
  6.0   16480.00   .6750309E-11
  6.0   16490.00   .6750234E-11
  6.0   16500.00   .6750157E-11
  6.0   16510.00   .6750081E-11
  6.0   16520.00   .6750000E-11
  6.0   16530.00   .6749917E-11
  6.0   16540.00   .6749840E-11
  6.0   16550.00   .6749760E-11
  6.0   16560.00   .6749680E-11
  6.0   16570.00   .6749592E-11
  6.0   16580.00   .6749515E-11
  6.0   16590.00   .6749426E-11
  6.0   16600.00   .6749342E-11
  6.0   16610.00   .6749257E-11
  6.0   16620.00   .6749170E-11
  6.0   16630.00   .6749080E-11
  6.0   16640.00   .6748991E-11
  6.0   16650.00   .6748899E-11
  6.0   16660.00   .6748808E-11
  6.0   16670.00   .6748713E-11
  6.0   16680.00   .6748625E-11
  6.0   16690.00   .6748527E-11
  6.0   16700.00   .6748431E-11
  6.0   16710.00   .6748333E-11
  6.0   16720.00   .6748237E-11
  6.0   16730.00   .6748137E-11
  6.0   16740.00   .6748037E-11
  6.0   16750.00   .6747933E-11
  6.0   16760.00   .6747831E-11
  6.0   16770.00   .6747727E-11
  6.0   16780.00   .6747620E-11
  6.0   16790.00   .6747514E-11
  6.0   16800.00   .6747404E-11
  6.0   16810.00   .6747298E-11
  6.0   16820.00   .6747187E-11
  6.0   16830.00   .6747072E-11
  6.0   16840.00   .6746959E-11
  6.0   16850.00   .6746842E-11
  6.0   16860.00   .6746731E-11
  6.0   16870.00   .6746609E-11
  6.0   16880.00   .6746489E-11
  6.0   16890.00   .6746372E-11
  6.0   16900.00   .6746251E-11
  6.0   16910.00   .6746130E-11
  6.0   16920.00   .6746001E-11
  6.0   16930.00   .6745878E-11
  6.0   16940.00   .6745747E-11
  6.0   16950.00   .6745621E-11
  6.0   16960.00   .6745493E-11
  6.0   16970.00   .6745361E-11
  6.0   16980.00   .6745226E-11
  6.0   16990.00   .6745093E-11
  6.0   17000.00   .6744958E-11
  6.0   17010.00   .6744823E-11
  6.0   17020.00   .6744686E-11
  6.0   17030.00   .6744544E-11
  6.0   17040.00   .6744408E-11
  6.0   17050.00   .6744262E-11
  6.0   17060.00   .6744122E-11
  6.0   17070.00   .6743979E-11
  6.0   17080.00   .6743835E-11
  6.0   17090.00   .6743689E-11
  6.0   17100.00   .6743539E-11
  6.0   17110.00   .6743393E-11
  6.0   17120.00   .6743240E-11
  6.0   17130.00   .6743094E-11
  6.0   17140.00   .6742938E-11
  6.0   17150.00   .6742784E-11
  6.0   17160.00   .6742629E-11
  6.0   17170.00   .6742469E-11
  6.0   17180.00   .6742311E-11
  6.0   17190.00   .6742151E-11
  6.0   17200.00   .6741991E-11
  6.0   17210.00   .6741826E-11
  6.0   17220.00   .6741665E-11
  6.0   17230.00   .6741499E-11
  6.0   17240.00   .6741332E-11
  6.0   17250.00   .6741171E-11
  6.0   17260.00   .6741000E-11
  6.0   17270.00   .6740830E-11
  6.0   17280.00   .6740661E-11
  6.0   17290.00   .6740490E-11
  6.0   17300.00   .6740319E-11
  6.0   17310.00   .6740147E-11
  6.0   17320.00   .6739967E-11
  6.0   17330.00   .6739786E-11
  6.0   17340.00   .6739615E-11
  6.0   17350.00   .6739436E-11
  6.0   17360.00   .6739255E-11
  6.0   17370.00   .6739073E-11
  6.0   17380.00   .6738889E-11
  6.0   17390.00   .6738706E-11
  6.0   17400.00   .6738520E-11
  6.0   17410.00   .6738332E-11
  6.0   17420.00   .6738144E-11
  6.0   17430.00   .6737958E-11
  6.0   17440.00   .6737765E-11
  6.0   17450.00   .6737570E-11
  6.0   17460.00   .6737384E-11
  6.0   17470.00   .6737190E-11
  6.0   17480.00   .6736992E-11
  6.0   17490.00   .6736798E-11
  6.0   17500.00   .6736605E-11
  6.0   17510.00   .6736402E-11
  6.0   17520.00   .6736202E-11
  6.0   17530.00   .6736003E-11
  6.0   17540.00   .6735804E-11
  6.0   17550.00   .6735594E-11
  6.0   17560.00   .6735388E-11
  6.0   17570.00   .6735179E-11
  6.0   17580.00   .6734977E-11
  6.0   17590.00   .6734768E-11
  6.0   17600.00   .6734563E-11
  6.0   17610.00   .6734345E-11
  6.0   17620.00   .6734138E-11
  6.0   17630.00   .6733920E-11
  6.0   17640.00   .6733710E-11
  6.0   17650.00   .6733494E-11
  6.0   17660.00   .6733278E-11
  6.0   17670.00   .6733056E-11
  6.0   17680.00   .6732841E-11
  6.0   17690.00   .6732616E-11
  6.0   17700.00   .6732397E-11
  6.0   17710.00   .6732174E-11
  6.0   17720.00   .6731949E-11
  6.0   17730.00   .6731728E-11
  6.0   17740.00   .6731500E-11
  6.0   17750.00   .6731273E-11
  6.0   17760.00   .6731042E-11
  6.0   17770.00   .6730823E-11
  6.0   17780.00   .6730592E-11
  6.0   17790.00   .6730352E-11
  6.0   17800.00   .6730124E-11
  6.0   17810.00   .6729890E-11
  6.0   17820.00   .6729653E-11
  6.0   17830.00   .6729419E-11
  6.0   17840.00   .6729178E-11
  6.0   17850.00   .6728945E-11
  6.0   17860.00   .6728704E-11
  6.0   17870.00   .6728461E-11
  6.0   17880.00   .6728220E-11
  6.0   17890.00   .6727980E-11
  6.0   17900.00   .6727732E-11
  6.0   17910.00   .6727490E-11
  6.0   17920.00   .6727236E-11
  6.0   17930.00   .6726994E-11
  6.0   17940.00   .6726742E-11
  6.0   17950.00   .6726494E-11
  6.0   17960.00   .6726247E-11
  6.0   17970.00   .6725989E-11
  6.0   17980.00   .6725741E-11
  6.0   17990.00   .6725490E-11
  6.0   18000.00   .6725233E-11
  6.0   18010.00   .6705965E-11
  6.0   18020.00   .6686698E-11
  6.0   18030.00   .6667434E-11
  6.0   18040.00   .6648166E-11
  6.0   18050.00   .6628905E-11
  6.0   18060.00   .6609639E-11
  6.0   18070.00   .6590378E-11
  6.0   18080.00   .6571113E-11
  6.0   18090.00   .6551852E-11
  6.0   18100.00   .6532582E-11
  6.0   18110.00   .6513323E-11
  6.0   18120.00   .6494064E-11
  6.0   18130.00   .6474805E-11
  6.0   18140.00   .6455544E-11
  6.0   18150.00   .6436283E-11
  6.0   18160.00   .6417019E-11
  6.0   18170.00   .6397764E-11
  6.0   18180.00   .6378502E-11
  6.0   18190.00   .6359247E-11
  6.0   18200.00   .6339988E-11
  6.0   18210.00   .6320732E-11
  6.0   18220.00   .6301479E-11
  6.0   18230.00   .6282221E-11
  6.0   18240.00   .6262962E-11
  6.0   18250.00   .6243709E-11
  6.0   18260.00   .6224456E-11
  6.0   18270.00   .6205203E-11
  6.0   18280.00   .6185948E-11
  6.0   18290.00   .6166694E-11
  6.0   18300.00   .6147443E-11
  6.0   18310.00   .6128197E-11
  6.0   18320.00   .6108945E-11
  6.0   18330.00   .6089693E-11
  6.0   18340.00   .6070449E-11
  6.0   18350.00   .6051198E-11
  6.0   18360.00   .6031956E-11
  6.0   18370.00   .6012708E-11
  6.0   18380.00   .5993462E-11
  6.0   18390.00   .5974215E-11
  6.0   18400.00   .5954972E-11
  6.0   18410.00   .5935733E-11
  6.0   18420.00   .5916487E-11
  6.0   18430.00   .5897248E-11
  6.0   18440.00   .5878004E-11
  6.0   18450.00   .5858763E-11
  6.0   18460.00   .5839527E-11
  6.0   18470.00   .5820288E-11
  6.0   18480.00   .5801050E-11
  6.0   18490.00   .5781816E-11
  6.0   18500.00   .5762579E-11
  6.0   18510.00   .5743344E-11
  6.0   18520.00   .5724109E-11
  6.0   18530.00   .5704878E-11
  6.0   18540.00   .5685646E-11
  6.0   18550.00   .5666415E-11
  6.0   18560.00   .5647186E-11
  6.0   18570.00   .5627956E-11
  6.0   18580.00   .5608729E-11
  6.0   18590.00   .5589499E-11
  6.0   18600.00   .5570272E-11
  6.0   18610.00   .5551047E-11
  6.0   18620.00   .5531823E-11
  6.0   18630.00   .5512602E-11
  6.0   18640.00   .5493377E-11
  6.0   18650.00   .5474161E-11
  6.0   18660.00   .5454935E-11
  6.0   18670.00   .5435718E-11
  6.0   18680.00   .5416499E-11
  6.0   18690.00   .5397282E-11
  6.0   18700.00   .5378066E-11
  6.0   18710.00   .5358851E-11
  6.0   18720.00   .5339638E-11
  6.0   18730.00   .5320425E-11
  6.0   18740.00   .5301212E-11
  6.0   18750.00   .5282003E-11
  6.0   18760.00   .5262793E-11
  6.0   18770.00   .5243587E-11
  6.0   18780.00   .5224378E-11
  6.0   18790.00   .5205174E-11
  6.0   18800.00   .5185970E-11
  6.0   18810.00   .5166765E-11
  6.0   18820.00   .5147562E-11
  6.0   18830.00   .5128362E-11
  6.0   18840.00   .5109162E-11
  6.0   18850.00   .5089962E-11
  6.0   18860.00   .5070766E-11
  6.0   18870.00   .5051568E-11
  6.0   18880.00   .5032374E-11
  6.0   18890.00   .5013181E-11
  6.0   18900.00   .4993989E-11
  6.0   18910.00   .4974801E-11
  6.0   18920.00   .4955611E-11
  6.0   18930.00   .4936416E-11
  6.0   18940.00   .4917232E-11
  6.0   18950.00   .4898046E-11
  6.0   18960.00   .4878864E-11
  6.0   18970.00   .4859674E-11
  6.0   18980.00   .4840498E-11
  6.0   18990.00   .4821313E-11
  6.0   19000.00   .4802138E-11
  6.0   19010.00   .4782958E-11
  6.0   19020.00   .4763785E-11
  6.0   19030.00   .4744609E-11
  6.0   19040.00   .4725433E-11
  6.0   19050.00   .4706261E-11
  6.0   19060.00   .4687090E-11
  6.0   19070.00   .4667923E-11
  6.0   19080.00   .4648757E-11
  6.0   19090.00   .4629588E-11
  6.0   19100.00   .4610423E-11
  6.0   19110.00   .4591259E-11
  6.0   19120.00   .4572096E-11
  6.0   19130.00   .4552937E-11
  6.0   19140.00   .4533777E-11
  6.0   19150.00   .4514620E-11
  6.0   19160.00   .4495464E-11
  6.0   19170.00   .4476309E-11
  6.0   19180.00   .4457155E-11
  6.0   19190.00   .4438005E-11
  6.0   19200.00   .4418854E-11
  6.0   19210.00   .4399708E-11
  6.0   19220.00   .4380560E-11
  6.0   19230.00   .4361414E-11
  6.0   19240.00   .4342273E-11
  6.0   19250.00   .4323130E-11
  6.0   19260.00   .4303990E-11
  6.0   19270.00   .4284848E-11
  6.0   19280.00   .4265714E-11
  6.0   19290.00   .4246578E-11
  6.0   19300.00   .4227443E-11
  6.0   19310.00   .4208308E-11
  6.0   19320.00   .4189181E-11
  6.0   19330.00   .4170051E-11
  6.0   19340.00   .4150924E-11
  6.0   19350.00   .4131797E-11
  6.0   19360.00   .4112676E-11
  6.0   19370.00   .4093551E-11
  6.0   19380.00   .4074428E-11
  6.0   19390.00   .4055311E-11
  6.0   19400.00   .4036191E-11
  6.0   19410.00   .4017078E-11
  6.0   19420.00   .3997964E-11
  6.0   19430.00   .3978856E-11
  6.0   19440.00   .3959743E-11
  6.0   19450.00   .3940633E-11
  6.0   19460.00   .3921525E-11
  6.0   19470.00   .3902422E-11
  6.0   19480.00   .3883316E-11
  6.0   19490.00   .3864214E-11
  6.0   19500.00   .3845116E-11
  6.0   19510.00   .3826017E-11
  6.0   19520.00   .3806920E-11
  6.0   19530.00   .3787827E-11
  6.0   19540.00   .3768733E-11
  6.0   19550.00   .3749644E-11
  6.0   19560.00   .3730557E-11
  6.0   19570.00   .3711467E-11
  6.0   19580.00   .3692384E-11
  6.0   19590.00   .3673297E-11
  6.0   19600.00   .3654221E-11
  6.0   19610.00   .3635140E-11
  6.0   19620.00   .3616060E-11
  6.0   19630.00   .3596984E-11
  6.0   19640.00   .3577911E-11
  6.0   19650.00   .3558838E-11
  6.0   19660.00   .3539770E-11
  6.0   19670.00   .3520700E-11
  6.0   19680.00   .3501635E-11
  6.0   19690.00   .3482571E-11
  6.0   19700.00   .3463511E-11
  6.0   19710.00   .3444447E-11
  6.0   19720.00   .3425393E-11
  6.0   19730.00   .3406339E-11
  6.0   19740.00   .3387284E-11
  6.0   19750.00   .3368232E-11
  6.0   19760.00   .3349185E-11
  6.0   19770.00   .3330136E-11
  6.0   19780.00   .3311091E-11
  6.0   19790.00   .3292051E-11
  6.0   19800.00   .3273009E-11
  6.0   19810.00   .3253974E-11
  6.0   19820.00   .3234935E-11
  6.0   19830.00   .3215903E-11
  6.0   19840.00   .3196872E-11
  6.0   19850.00   .3177843E-11
  6.0   19860.00   .3158818E-11
  6.0   19870.00   .3139792E-11
  6.0   19880.00   .3120771E-11
  6.0   19890.00   .3101752E-11
  6.0   19900.00   .3082732E-11
  6.0   19910.00   .3063717E-11
  6.0   19920.00   .3044708E-11
  6.0   19930.00   .3025697E-11
  6.0   19940.00   .3006690E-11
  6.0   19950.00   .2987684E-11
  6.0   19960.00   .2968679E-11
  6.0   19970.00   .2949680E-11
  6.0   19980.00   .2930682E-11
  6.0   19990.00   .2911686E-11
  6.0   20000.00   .2892693E-11
  6.0   20010.00   .2873702E-11
  6.0   20020.00   .2854715E-11
  6.0   20030.00   .2835726E-11
  6.0   20040.00   .2816744E-11
  6.0   20050.00   .2797765E-11
  6.0   20060.00   .2778785E-11
  6.0   20070.00   .2759810E-11
  6.0   20080.00   .2740837E-11
  6.0   20090.00   .2721865E-11
  6.0   20100.00   .2702900E-11
  6.0   20110.00   .2702732E-11
  6.0   20120.00   .2702570E-11
  6.0   20130.00   .2702402E-11
  6.0   20140.00   .2702236E-11
  6.0   20150.00   .2702075E-11
  6.0   20160.00   .2701909E-11
  6.0   20170.00   .2701747E-11
  6.0   20180.00   .2701581E-11
  6.0   20190.00   .2701417E-11
  6.0   20200.00   .2701255E-11
  6.0   20210.00   .2701091E-11
  6.0   20220.00   .2700930E-11
  6.0   20230.00   .2700767E-11
  6.0   20240.00   .2700606E-11
  6.0   20250.00   .2700445E-11
  6.0   20260.00   .2700284E-11
  6.0   20270.00   .2700125E-11
  6.0   20280.00   .2699964E-11
  6.0   20290.00   .2699802E-11
  6.0   20300.00   .2699644E-11
  6.0   20310.00   .2699484E-11
  6.0   20320.00   .2699329E-11
  6.0   20330.00   .2699170E-11
  6.0   20340.00   .2699012E-11
  6.0   20350.00   .2698856E-11
  6.0   20360.00   .2698699E-11
  6.0   20370.00   .2698544E-11
  6.0   20380.00   .2698388E-11
  6.0   20390.00   .2698232E-11
  6.0   20400.00   .2698078E-11
  6.0   20410.00   .2697924E-11
  6.0   20420.00   .2697770E-11
  6.0   20430.00   .2697619E-11
  6.0   20440.00   .2697467E-11
  6.0   20450.00   .2697317E-11
  6.0   20460.00   .2697163E-11
  6.0   20470.00   .2697014E-11
  6.0   20480.00   .2696864E-11
  6.0   20490.00   .2696715E-11
  6.0   20500.00   .2696566E-11
  6.0   20510.00   .2696419E-11
  6.0   20520.00   .2696272E-11
  6.0   20530.00   .2696126E-11
  6.0   20540.00   .2695978E-11
  6.0   20550.00   .2695833E-11
  6.0   20560.00   .2695690E-11
  6.0   20570.00   .2695545E-11
  6.0   20580.00   .2695404E-11
  6.0   20590.00   .2695263E-11
  6.0   20600.00   .2695121E-11
  6.0   20610.00   .2694978E-11
  6.0   20620.00   .2694840E-11
  6.0   20630.00   .2694700E-11
  6.0   20640.00   .2694562E-11
  6.0   20650.00   .2694424E-11
  6.0   20660.00   .2694287E-11
  6.0   20670.00   .2694150E-11
  6.0   20680.00   .2694016E-11
  6.0   20690.00   .2693882E-11
  6.0   20700.00   .2693747E-11
  6.0   20710.00   .2693615E-11
  6.0   20720.00   .2693485E-11
  6.0   20730.00   .2693353E-11
  6.0   20740.00   .2693222E-11
  6.0   20750.00   .2693094E-11
  6.0   20760.00   .2692965E-11
  6.0   20770.00   .2692838E-11
  6.0   20780.00   .2692710E-11
  6.0   20790.00   .2692587E-11
  6.0   20800.00   .2692463E-11
  6.0   20810.00   .2692337E-11
  6.0   20820.00   .2692215E-11
  6.0   20830.00   .2692094E-11
  6.0   20840.00   .2691972E-11
  6.0   20850.00   .2691856E-11
  6.0   20860.00   .2691735E-11
  6.0   20870.00   .2691618E-11
  6.0   20880.00   .2691503E-11
  6.0   20890.00   .2691386E-11
  6.0   20900.00   .2691272E-11
  6.0   20910.00   .2691158E-11
  6.0   20920.00   .2691045E-11
  6.0   20930.00   .2690934E-11
  6.0   20940.00   .2690824E-11
  6.0   20950.00   .2690713E-11
  6.0   20960.00   .2690608E-11
  6.0   20970.00   .2690501E-11
  6.0   20980.00   .2690397E-11
  6.0   20990.00   .2690291E-11
  6.0   21000.00   .2690189E-11
  6.0   21010.00   .2690086E-11
  6.0   21020.00   .2689985E-11
  6.0   21030.00   .2689884E-11
  6.0   21040.00   .2689787E-11
  6.0   21050.00   .2689689E-11
  6.0   21060.00   .2689592E-11
  6.0   21070.00   .2689498E-11
  6.0   21080.00   .2689405E-11
  6.0   21090.00   .2689312E-11
  6.0   21100.00   .2689220E-11
  6.0   21110.00   .2689131E-11
  6.0   21120.00   .2689043E-11
  6.0   21130.00   .2688956E-11
  6.0   21140.00   .2688867E-11
  6.0   21150.00   .2688785E-11
  6.0   21160.00   .2688699E-11
  6.0   21170.00   .2688620E-11
  6.0   21180.00   .2688538E-11
  6.0   21190.00   .2688458E-11
  6.0   21200.00   .2688381E-11
  6.0   21210.00   .2688303E-11
  6.0   21220.00   .2688228E-11
  6.0   21230.00   .2688155E-11
  6.0   21240.00   .2688083E-11
  6.0   21250.00   .2688013E-11
  6.0   21260.00   .2687941E-11
  6.0   21270.00   .2687873E-11
  6.0   21280.00   .2687808E-11
  6.0   21290.00   .2687741E-11
  6.0   21300.00   .2687676E-11
  6.0   21310.00   .2687615E-11
  6.0   21320.00   .2687553E-11
  6.0   21330.00   .2687495E-11
  6.0   21340.00   .2687436E-11
  6.0   21350.00   .2687381E-11
  6.0   21360.00   .2687327E-11
  6.0   21370.00   .2687274E-11
  6.0   21380.00   .2687219E-11
  6.0   21390.00   .2687170E-11
  6.0   21400.00   .2687122E-11
  6.0   21410.00   .2687074E-11
  6.0   21420.00   .2687030E-11
  6.0   21430.00   .2686986E-11
  6.0   21440.00   .2686946E-11
  6.0   21450.00   .2686903E-11
  6.0   21460.00   .2686865E-11
  6.0   21470.00   .2686828E-11
  6.0   21480.00   .2686792E-11
  6.0   21490.00   .2686759E-11
  6.0   21500.00   .2686726E-11
  6.0   21510.00   .2686695E-11
  6.0   21520.00   .2686667E-11
  6.0   21530.00   .2686639E-11
  6.0   21540.00   .2686615E-11
  6.0   21550.00   .2686589E-11
  6.0   21560.00   .2686567E-11
  6.0   21570.00   .2686549E-11
  6.0   21580.00   .2686530E-11
  6.0   21590.00   .2686513E-11
  6.0   21600.00   .2686498E-11
  6.0   21610.00   .2686485E-11
  6.0   21620.00   .2686473E-11
  6.0   21630.00   .2686463E-11
  6.0   21640.00   .2686455E-11
  6.0   21650.00   .2686447E-11
  6.0   21660.00   .2686447E-11
  6.0   21670.00   .2686445E-11
  6.0   21680.00   .2686442E-11
  6.0   21690.00   .2686446E-11
  6.0   21700.00   .2686447E-11
  6.0   21710.00   .2686453E-11
  6.0   21720.00   .2686462E-11
  6.0   21730.00   .2686469E-11
  6.0   21740.00   .2686480E-11
  6.0   21750.00   .2686495E-11
  6.0   21760.00   .2686508E-11
  6.0   21770.00   .2686526E-11
  6.0   21780.00   .2686544E-11
  6.0   21790.00   .2686566E-11
  6.0   21800.00   .2686588E-11
  6.0   21810.00   .2686614E-11
  6.0   21820.00   .2686641E-11
  6.0   21830.00   .2686670E-11
  6.0   21840.00   .2686701E-11
  6.0   21850.00   .2686731E-11
  6.0   21860.00   .2686766E-11
  6.0   21870.00   .2686805E-11
  6.0   21880.00   .2686844E-11
  6.0   21890.00   .2686885E-11
  6.0   21900.00   .2686931E-11
  6.0   21910.00   .2686974E-11
  6.0   21920.00   .2687020E-11
  6.0   21930.00   .2687071E-11
  6.0   21940.00   .2687123E-11
  6.0   21950.00   .2687174E-11
  6.0   21960.00   .2687231E-11
  6.0   21970.00   .2687290E-11
  6.0   21980.00   .2687351E-11
  6.0   21990.00   .2687412E-11
  6.0   22000.00   .2687481E-11
  6.0   22010.00   .2687545E-11
  6.0   22020.00   .2687614E-11
  6.0   22030.00   .2687687E-11
  6.0   22040.00   .2687759E-11
  6.0   22050.00   .2687835E-11
  6.0   22060.00   .2687914E-11
  6.0   22070.00   .2687994E-11
  6.0   22080.00   .2688078E-11
  6.0   22090.00   .2688163E-11
  6.0   22100.00   .2688247E-11
  6.0   22110.00   .2688336E-11
  6.0   22120.00   .2688432E-11
  6.0   22130.00   .2688525E-11
  6.0   22140.00   .2688622E-11
  6.0   22150.00   .2688722E-11
  6.0   22160.00   .2688824E-11
  6.0   22170.00   .2688925E-11
  6.0   22180.00   .2689032E-11
  6.0   22190.00   .2689144E-11
  6.0   22200.00   .2689250E-11
  6.0   22210.00   .2689365E-11
  6.0   22220.00   .2689483E-11
  6.0   22230.00   .2689601E-11
  6.0   22240.00   .2689720E-11
  6.0   22250.00   .2689843E-11
  6.0   22260.00   .2689971E-11
  6.0   22270.00   .2690099E-11
  6.0   22280.00   .2690226E-11
  6.0   22290.00   .2690361E-11
  6.0   22300.00   .2690498E-11
  6.0   22310.00   .2690634E-11
  6.0   22320.00   .2690775E-11
  6.0   22330.00   .2690919E-11
  6.0   22340.00   .2691065E-11
  6.0   22350.00   .2691214E-11
  6.0   22360.00   .2691364E-11
  6.0   22370.00   .2691519E-11
  6.0   22380.00   .2691674E-11
  6.0   22390.00   .2691834E-11
  6.0   22400.00   .2691994E-11
  6.0   22410.00   .2692159E-11
  6.0   22420.00   .2692324E-11
  6.0   22430.00   .2692496E-11
  6.0   22440.00   .2692663E-11
  6.0   22450.00   .2692839E-11
  6.0   22460.00   .2693017E-11
  6.0   22470.00   .2693196E-11
  6.0   22480.00   .2693378E-11
  6.0   22490.00   .2693560E-11
  6.0   22500.00   .2693745E-11
  6.0   22510.00   .2693937E-11
  6.0   22520.00   .2694130E-11
  6.0   22530.00   .2694323E-11
  6.0   22540.00   .2694517E-11
  6.0   22550.00   .2694720E-11
  6.0   22560.00   .2694920E-11
  6.0   22570.00   .2695124E-11
  6.0   22580.00   .2695332E-11
  6.0   22590.00   .2695539E-11
  6.0   22600.00   .2695750E-11
  6.0   22610.00   .2695966E-11
  6.0   22620.00   .2696178E-11
  6.0   22630.00   .2696398E-11
  6.0   22640.00   .2696618E-11
  6.0   22650.00   .2696844E-11
  6.0   22660.00   .2697066E-11
  6.0   22670.00   .2697295E-11
  6.0   22680.00   .2697525E-11
  6.0   22690.00   .2697757E-11
  6.0   22700.00   .2697990E-11
  6.0   22710.00   .2698228E-11
  6.0   22720.00   .2698468E-11
  6.0   22730.00   .2698710E-11
  6.0   22740.00   .2698953E-11
  6.0   22750.00   .2699198E-11
  6.0   22760.00   .2699447E-11
  6.0   22770.00   .2699696E-11
  6.0   22780.00   .2699949E-11
  6.0   22790.00   .2700204E-11
  6.0   22800.00   .2700460E-11
  6.0   22810.00   .2700721E-11
  6.0   22820.00   .2700982E-11
  6.0   22830.00   .2701247E-11
  6.0   22840.00   .2701513E-11
  6.0   22850.00   .2701780E-11
  6.0   22860.00   .2702050E-11
  6.0   22870.00   .2702322E-11
  6.0   22880.00   .2702596E-11
  6.0   22890.00   .2702872E-11
  6.0   22900.00   .2703152E-11
  6.0   22910.00   .2703435E-11
  6.0   22920.00   .2703716E-11
  6.0   22930.00   .2704001E-11
  6.0   22940.00   .2704286E-11
  6.0   22950.00   .2704578E-11
  6.0   22960.00   .2704871E-11
  6.0   22970.00   .2705161E-11
  6.0   22980.00   .2705459E-11
  6.0   22990.00   .2705752E-11
  6.0   23000.00   .2706051E-11
  6.0   23010.00   .2706356E-11
  6.0   23020.00   .2706658E-11
  6.0   23030.00   .2706965E-11
  6.0   23040.00   .2707271E-11
  6.0   23050.00   .2707580E-11
  6.0   23060.00   .2707891E-11
  6.0   23070.00   .2708204E-11
  6.0   23080.00   .2708521E-11
  6.0   23090.00   .2708835E-11
  6.0   23100.00   .2709154E-11
  6.0   23110.00   .2709478E-11
  6.0   23120.00   .2709799E-11
  6.0   23130.00   .2710124E-11
  6.0   23140.00   .2710450E-11
  6.0   23150.00   .2710780E-11
  6.0   23160.00   .2711109E-11
  6.0   23170.00   .2711441E-11
  6.0   23180.00   .2711775E-11
  6.0   23190.00   .2712112E-11
  6.0   23200.00   .2712449E-11
  6.0   23210.00   .2712791E-11
  6.0   23220.00   .2713131E-11
  6.0   23230.00   .2713475E-11
  6.0   23240.00   .2713819E-11
  6.0   23250.00   .2714166E-11
  6.0   23260.00   .2714516E-11
  6.0   23270.00   .2714866E-11
  6.0   23280.00   .2715218E-11
  6.0   23290.00   .2715571E-11
  6.0   23300.00   .2715926E-11
  6.0   23310.00   .2716283E-11
  6.0   23320.00   .2716643E-11
  6.0   23330.00   .2717003E-11
  6.0   23340.00   .2717368E-11
  6.0   23350.00   .2717731E-11
  6.0   23360.00   .2718096E-11
  6.0   23370.00   .2718464E-11
  6.0   23380.00   .2718833E-11
  6.0   23390.00   .2719205E-11
  6.0   23400.00   .2719577E-11
  6.0   23410.00   .2719950E-11
  6.0   23420.00   .2720326E-11
  6.0   23430.00   .2720705E-11
  6.0   23440.00   .2721083E-11
  6.0   23450.00   .2721464E-11
  6.0   23460.00   .2721846E-11
  6.0   23470.00   .2722230E-11
  6.0   23480.00   .2722613E-11
  6.0   23490.00   .2723001E-11
  6.0   23500.00   .2723390E-11
  6.0   23510.00   .2723779E-11
  6.0   23520.00   .2724171E-11
  6.0   23530.00   .2724566E-11
  6.0   23540.00   .2724959E-11
  6.0   23550.00   .2725356E-11
  6.0   23560.00   .2725752E-11
  6.0   23570.00   .2726152E-11
  6.0   23580.00   .2726554E-11
  6.0   23590.00   .2726956E-11
  6.0   23600.00   .2727358E-11
  6.0   23610.00   .2727763E-11
  6.0   23620.00   .2728170E-11
  6.0   23630.00   .2728576E-11
  6.0   23640.00   .2728987E-11
  6.0   23650.00   .2729396E-11
  6.0   23660.00   .2729809E-11
  6.0   23670.00   .2730223E-11
  6.0   23680.00   .2730637E-11
  6.0   23690.00   .2731054E-11
  6.0   23700.00   .2731472E-11
  6.0   23710.00   .2731891E-11
  6.0   23720.00   .2732311E-11
  6.0   23730.00   .2732733E-11
  6.0   23740.00   .2733153E-11
  6.0   23750.00   .2733579E-11
  6.0   23760.00   .2734003E-11
  6.0   23770.00   .2734431E-11
  6.0   23780.00   .2734859E-11
  6.0   23790.00   .2735286E-11
  6.0   23800.00   .2735721E-11
  6.0   23810.00   .2736151E-11
  6.0   23820.00   .2736584E-11
  6.0   23830.00   .2737019E-11
  6.0   23840.00   .2737455E-11
  6.0   23850.00   .2737892E-11
  6.0   23860.00   .2738329E-11
  6.0   23870.00   .2738768E-11
  6.0   23880.00   .2739210E-11
  6.0   23890.00   .2739651E-11
  6.0   23900.00   .2740092E-11
  6.0   23910.00   .2740538E-11
  6.0   23920.00   .2740981E-11
  6.0   23930.00   .2741429E-11
  6.0   23940.00   .2741875E-11
  6.0   23950.00   .2742326E-11
  6.0   23960.00   .2742774E-11
  6.0   23970.00   .2743226E-11
  6.0   23980.00   .2743675E-11
  6.0   23990.00   .2744131E-11
  6.0   24000.00   .2744584E-11
  6.0   24010.00   .2745038E-11
  6.0   24020.00   .2745495E-11
  6.0   24030.00   .2745953E-11
  6.0   24040.00   .2746412E-11
  6.0   24050.00   .2746870E-11
  6.0   24060.00   .2747330E-11
  6.0   24070.00   .2747790E-11
  6.0   24080.00   .2748254E-11
  6.0   24090.00   .2748717E-11
  6.0   24100.00   .2749183E-11
  6.0   24110.00   .2749648E-11
  6.0   24120.00   .2750112E-11
  6.0   24130.00   .2750579E-11
  6.0   24140.00   .2751049E-11
  6.0   24150.00   .2751519E-11
  6.0   24160.00   .2751989E-11
  6.0   24170.00   .2752460E-11
  6.0   24180.00   .2752930E-11
  6.0   24190.00   .2753405E-11
  6.0   24200.00   .2753878E-11
  6.0   24210.00   .2754353E-11
  6.0   24220.00   .2754827E-11
  6.0   24230.00   .2755303E-11
  6.0   24240.00   .2755780E-11
  6.0   24250.00   .2756258E-11
  6.0   24260.00   .2756739E-11
  6.0   24270.00   .2757217E-11
  6.0   24280.00   .2757698E-11
  6.0   24290.00   .2758180E-11
  6.0   24300.00   .2758661E-11
  6.0   24310.00   .2759142E-11
  6.0   24320.00   .2759627E-11
  6.0   24330.00   .2760110E-11
  6.0   24340.00   .2760594E-11
  6.0   24350.00   .2761081E-11
  6.0   24360.00   .2761568E-11
  6.0   24370.00   .2762056E-11
  6.0   24380.00   .2762542E-11
  6.0   24390.00   .2763033E-11
  6.0   24400.00   .2763523E-11
  6.0   24410.00   .2764013E-11
  6.0   24420.00   .2764502E-11
  6.0   24430.00   .2764995E-11
  6.0   24440.00   .2765488E-11
  6.0   24450.00   .2765979E-11
  6.0   24460.00   .2766475E-11
  6.0   24470.00   .2766967E-11
  6.0   24480.00   .2767461E-11
  6.0   24490.00   .2767955E-11
  6.0   24500.00   .2768452E-11
  6.0   24510.00   .2768950E-11
  6.0   24520.00   .2769446E-11
  6.0   24530.00   .2769942E-11
  6.0   24540.00   .2770441E-11
  6.0   24550.00   .2770939E-11
  6.0   24560.00   .2771438E-11
  6.0   24570.00   .2771940E-11
  6.0   24580.00   .2772438E-11
  6.0   24590.00   .2772941E-11
  6.0   24600.00   .2773440E-11
  6.0   24610.00   .2773942E-11
  6.0   24620.00   .2774445E-11
  6.0   24630.00   .2774947E-11
  6.0   24640.00   .2775450E-11
  6.0   24650.00   .2775954E-11
  6.0   24660.00   .2776458E-11
  6.0   24670.00   .2776963E-11
  6.0   24680.00   .2777468E-11
  6.0   24690.00   .2777971E-11
  6.0   24700.00   .2778477E-11
  6.0   24710.00   .2778985E-11
  6.0   24720.00   .2779491E-11
  6.0   24730.00   .2780000E-11
  6.0   24740.00   .2780508E-11
  6.0   24750.00   .2781011E-11
  6.0   24760.00   .2781522E-11
  6.0   24770.00   .2782031E-11
  6.0   24780.00   .2782538E-11
  6.0   24790.00   .2783046E-11
  6.0   24800.00   .2783554E-11
  6.0   24810.00   .2784066E-11
  6.0   24820.00   .2784574E-11
  6.0   24830.00   .2785085E-11
  6.0   24840.00   .2785594E-11
  6.0   24850.00   .2786104E-11
  6.0   24860.00   .2786617E-11
  6.0   24870.00   .2787129E-11
  6.0   24880.00   .2787639E-11
  6.0   24890.00   .2788151E-11
  6.0   24900.00   .2788661E-11
  6.0   24910.00   .2789175E-11
  6.0   24920.00   .2789684E-11
  6.0   24930.00   .2790198E-11
  6.0   24940.00   .2790710E-11
  6.0   24950.00   .2791224E-11
  6.0   24960.00   .2791736E-11
  6.0   24970.00   .2792249E-11
  6.0   24980.00   .2792760E-11
  6.0   24990.00   .2793275E-11
  6.0   25000.00   .2793790E-11
