  1.0    1000.00   .3042181E-14
  1.0    1010.00   .2670209E-14
  1.0    1020.00   .2313344E-14
  1.0    1030.00   .1974477E-14
  1.0    1040.00   .1656093E-14
  1.0    1050.00   .1360315E-14
  1.0    1060.00   .1088953E-14
  1.0    1070.00   .8435574E-15
  1.0    1080.00   .6254824E-15
  1.0    1090.00   .4359551E-15
  1.0    1100.00   .2761490E-15
  1.0    1110.00   .1472648E-15
  1.0    1120.00   .5061761E-16
  1.0    1130.00   .4561761E-16 
  1.0    1140.00   .3061761E-16 
  1.0    1150.00   .2561761E-16 
  1.0    1160.00   .2228599E-16
  1.0    1170.00   .1177449E-15
  1.0    1180.00   .2617719E-15
  1.0    1190.00   .4597772E-15
  1.0    1200.00   .7184208E-15
  1.0    1210.00   .1045857E-14
  1.0    1220.00   .1452016E-14
  1.0    1230.00   .1948940E-14
  1.0    1240.00   .2551168E-14
  1.0    1250.00   .3276195E-14
  1.0    1260.00   .4142646E-14
  1.0    1270.00   .5162540E-14
  1.0    1280.00   .6346390E-14
  1.0    1290.00   .7704852E-14
  1.0    1300.00   .9248231E-14
  1.0    1310.00   .1098597E-13
  1.0    1320.00   .1292609E-13
  1.0    1330.00   .1507461E-13
  1.0    1340.00   .1743496E-13
  1.0    1350.00   .2000733E-13
  1.0    1360.00   .2278808E-13
  1.0    1370.00   .2576905E-13
  1.0    1380.00   .2893748E-13
  1.0    1390.00   .3228559E-13
  1.0    1400.00   .3581240E-13
  1.0    1410.00   .3951484E-13
  1.0    1420.00   .4338718E-13
  1.0    1430.00   .4742079E-13
  1.0    1440.00   .5160390E-13
  1.0    1450.00   .5592141E-13
  1.0    1460.00   .6035454E-13
  1.0    1470.00   .6488056E-13
  1.0    1480.00   .6947251E-13
  1.0    1490.00   .7409882E-13
  1.0    1500.00   .7872305E-13
  1.0    1510.00   .8330411E-13
  1.0    1520.00   .8779950E-13
  1.0    1530.00   .9216709E-13
  1.0    1540.00   .9636582E-13
  1.0    1550.00   .1003566E-12
  1.0    1560.00   .1041028E-12
  1.0    1570.00   .1075712E-12
  1.0    1580.00   .1107322E-12
  1.0    1590.00   .1135602E-12
  1.0    1600.00   .1160342E-12
  1.0    1610.00   .1181372E-12
  1.0    1620.00   .1198573E-12
  1.0    1630.00   .1211866E-12
  1.0    1640.00   .1221215E-12
  1.0    1650.00   .1226625E-12
  1.0    1660.00   .1228137E-12
  1.0    1670.00   .1225825E-12
  1.0    1680.00   .1219789E-12
  1.0    1690.00   .1210152E-12
  1.0    1700.00   .1197054E-12
  1.0    1710.00   .1180645E-12
  1.0    1720.00   .1161077E-12
  1.0    1730.00   .1138504E-12
  1.0    1740.00   .1113065E-12
  1.0    1750.00   .1084885E-12
  1.0    1760.00   .1054182E-12
  1.0    1770.00   .1021620E-12
  1.0    1780.00   .9879372E-13
  1.0    1790.00   .9538404E-13
  1.0    1800.00   .9200098E-13
  1.0    1810.00   .8871072E-13
  1.0    1820.00   .8557815E-13
  1.0    1830.00   .8266743E-13
  1.0    1840.00   .8004226E-13
  1.0    1850.00   .7776622E-13
  1.0    1860.00   .7590289E-13
  1.0    1870.00   .7451589E-13
  1.0    1880.00   .7366886E-13
  1.0    1890.00   .7342531E-13
  1.0    1900.00   .7384831E-13
  1.0    1910.00   .7500019E-13
  1.0    1920.00   .7694203E-13
  1.0    1930.00   .7973310E-13
  1.0    1940.00   .8343021E-13
  1.0    1950.00   .8808691E-13
  1.0    1960.00   .9375265E-13
  1.0    1970.00   .1004718E-12
  1.0    1980.00   .1082827E-12
  1.0    1990.00   .1172164E-12
  1.0    2000.00   .1272957E-12
  1.0    2010.00   .1384912E-12
  1.0    2020.00   .1505974E-12
  1.0    2030.00   .1633682E-12
  1.0    2040.00   .1765619E-12
  1.0    2050.00   .1899427E-12
  1.0    2060.00   .2032822E-12
  1.0    2070.00   .2163608E-12
  1.0    2080.00   .2289686E-12
  1.0    2090.00   .2409066E-12
  1.0    2100.00   .2519876E-12
  1.0    2110.00   .2620371E-12
  1.0    2120.00   .2708939E-12
  1.0    2130.00   .2784105E-12
  1.0    2140.00   .2844539E-12
  1.0    2150.00   .2889056E-12
  1.0    2160.00   .2916622E-12
  1.0    2170.00   .2926349E-12
  1.0    2180.00   .2917504E-12
  1.0    2190.00   .2889501E-12
  1.0    2200.00   .2841904E-12
  1.0    2210.00   .2774423E-12
  1.0    2220.00   .2686910E-12
  1.0    2230.00   .2579361E-12
  1.0    2240.00   .2451905E-12
  1.0    2250.00   .2304805E-12
  1.0    2260.00   .2139421E-12
  1.0    2270.00   .1960922E-12
  1.0    2280.00   .1774999E-12
  1.0    2290.00   .1586833E-12
  1.0    2300.00   .1401097E-12
  1.0    2310.00   .1221969E-12
  1.0    2320.00   .1053144E-12
  1.0    2330.00   .8978737E-13
  1.0    2340.00   .7589938E-13
  1.0    2350.00   .6389725E-13
  1.0    2360.00   .5399578E-13
  1.0    2370.00   .4638328E-13
  1.0    2380.00   .4122750E-13
  1.0    2390.00   .3868204E-13
  1.0    2400.00   .3889319E-13
  1.0    2410.00   .4200719E-13
  1.0    2420.00   .4817795E-13
  1.0    2430.00   .5757522E-13
  1.0    2440.00   .7039334E-13
  1.0    2450.00   .8686057E-13
  1.0    2460.00   .1072492E-12
  1.0    2470.00   .1318864E-12
  1.0    2480.00   .1611663E-12
  1.0    2490.00   .1955630E-12
  1.0    2500.00   .2356457E-12
  1.0    2510.00   .2819604E-12
  1.0    2520.00   .3346197E-12
  1.0    2530.00   .3936582E-12
  1.0    2540.00   .4591440E-12
  1.0    2550.00   .5311625E-12
  1.0    2560.00   .6098012E-12
  1.0    2570.00   .6951351E-12
  1.0    2580.00   .7872132E-12
  1.0    2590.00   .8860452E-12
  1.0    2600.00   .9915884E-12
  1.0    2610.00   .1103736E-11
  1.0    2620.00   .1222306E-11
  1.0    2630.00   .1347027E-11
  1.0    2640.00   .1477534E-11
  1.0    2650.00   .1613353E-11
  1.0    2660.00   .1753897E-11
  1.0    2670.00   .1898454E-11
  1.0    2680.00   .2046187E-11
  1.0    2690.00   .2196127E-11
  1.0    2700.00   .2347170E-11
  1.0    2710.00   .2498078E-11
  1.0    2720.00   .2647482E-11
  1.0    2730.00   .2793931E-11
  1.0    2740.00   .2936960E-11
  1.0    2750.00   .3077231E-11
  1.0    2760.00   .3215559E-11
  1.0    2770.00   .3352871E-11
  1.0    2780.00   .3490199E-11
  1.0    2790.00   .3628674E-11
  1.0    2800.00   .3769530E-11
  1.0    2810.00   .3914093E-11
  1.0    2820.00   .4063784E-11
  1.0    2830.00   .4220108E-11
  1.0    2840.00   .4384656E-11
  1.0    2850.00   .4559099E-11
  1.0    2860.00   .4745183E-11
  1.0    2870.00   .4944724E-11
  1.0    2880.00   .5159607E-11
  1.0    2890.00   .5391778E-11
  1.0    2900.00   .5643241E-11
  1.0    2910.00   .5916052E-11
  1.0    2920.00   .6212320E-11
  1.0    2930.00   .6534193E-11
  1.0    2940.00   .6883864E-11
  1.0    2950.00   .7263556E-11
  1.0    2960.00   .7675146E-11
  1.0    2970.00   .8118978E-11
  1.0    2980.00   .8594967E-11
  1.0    2990.00   .9102980E-11
  1.0    3000.00   .9642837E-11
  1.0    3010.00   .1021432E-10
  1.0    3020.00   .1081717E-10
  1.0    3030.00   .1145110E-10
  1.0    3040.00   .1211580E-10
  1.0    3050.00   .1281094E-10
  1.0    3060.00   .1353615E-10
  1.0    3070.00   .1429107E-10
  1.0    3080.00   .1507533E-10
  1.0    3090.00   .1588855E-10
  1.0    3100.00   .1673033E-10
  1.0    3110.00   .1760030E-10
  1.0    3120.00   .1849808E-10
  1.0    3130.00   .1942332E-10
  1.0    3140.00   .2037564E-10
  1.0    3150.00   .2135472E-10
  1.0    3160.00   .2236024E-10
  1.0    3170.00   .2339190E-10
  1.0    3180.00   .2444943E-10
  1.0    3190.00   .2553258E-10
  1.0    3200.00   .2664114E-10
  1.0    3210.00   .2777493E-10
  1.0    3220.00   .2893380E-10
  1.0    3230.00   .3011764E-10
  1.0    3240.00   .3132637E-10
  1.0    3250.00   .3255995E-10
  1.0    3260.00   .3381840E-10
  1.0    3270.00   .3510177E-10
  1.0    3280.00   .3641014E-10
  1.0    3290.00   .3774367E-10
  1.0    3300.00   .3910253E-10
  1.0    3310.00   .4048696E-10
  1.0    3320.00   .4189724E-10
  1.0    3330.00   .4333367E-10
  1.0    3340.00   .4479580E-10
  1.0    3350.00   .4628234E-10
  1.0    3360.00   .4779186E-10
  1.0    3370.00   .4932284E-10
  1.0    3380.00   .5087361E-10
  1.0    3390.00   .5244241E-10
  1.0    3400.00   .5402738E-10
  1.0    3410.00   .5562651E-10
  1.0    3420.00   .5723767E-10
  1.0    3430.00   .5885865E-10
  1.0    3440.00   .6048706E-10
  1.0    3450.00   .6212044E-10
  1.0    3460.00   .6375617E-10
  1.0    3470.00   .6539153E-10
  1.0    3480.00   .6702367E-10
  1.0    3490.00   .6864963E-10
  1.0    3500.00   .7026633E-10
  1.0    3510.00   .7187058E-10
  1.0    3520.00   .7345908E-10
  1.0    3530.00   .7502842E-10
  1.0    3540.00   .7657510E-10
  1.0    3550.00   .7809551E-10
  1.0    3560.00   .7958597E-10
  1.0    3570.00   .8104270E-10
  1.0    3580.00   .8246185E-10
  1.0    3590.00   .8383952E-10
  1.0    3600.00   .8517172E-10
  1.0    3610.00   .8645443E-10
  1.0    3620.00   .8768359E-10
  1.0    3630.00   .8885510E-10
  1.0    3640.00   .8996486E-10
  1.0    3650.00   .9100875E-10
  1.0    3660.00   .9198266E-10
  1.0    3670.00   .9288249E-10
  1.0    3680.00   .9370419E-10
  1.0    3690.00   .9444375E-10
  1.0    3700.00   .9509723E-10
  1.0    3710.00   .9566204E-10
  1.0    3720.00   .9614099E-10
  1.0    3730.00   .9653831E-10
  1.0    3740.00   .9685841E-10
  1.0    3750.00   .9710583E-10
  1.0    3760.00   .9728523E-10
  1.0    3770.00   .9740136E-10
  1.0    3780.00   .9745905E-10
  1.0    3790.00   .9746319E-10
  1.0    3800.00   .9741873E-10
  1.0    3810.00   .9733064E-10
  1.0    3820.00   .9720393E-10
  1.0    3830.00   .9704361E-10
  1.0    3840.00   .9685469E-10
  1.0    3850.00   .9664221E-10
  1.0    3860.00   .9641114E-10
  1.0    3870.00   .9616648E-10
  1.0    3880.00   .9591319E-10
  1.0    3890.00   .9565619E-10
  1.0    3900.00   .9540041E-10
  1.0    3910.00   .9515071E-10
  1.0    3920.00   .9491195E-10
  1.0    3930.00   .9468897E-10
  1.0    3940.00   .9448656E-10
  1.0    3950.00   .9430951E-10
  1.0    3960.00   .9416141E-10
  1.0    3970.00   .9404103E-10
  1.0    3980.00   .9394598E-10
  1.0    3990.00   .9387387E-10
  1.0    4000.00   .9382233E-10
  1.0    4010.00   .9378900E-10
  1.0    4020.00   .9377154E-10
  1.0    4030.00   .9376760E-10
  1.0    4040.00   .9377484E-10
  1.0    4050.00   .9379092E-10
  1.0    4060.00   .9381351E-10
  1.0    4070.00   .9384028E-10
  1.0    4080.00   .9386890E-10
  1.0    4090.00   .9389703E-10
  1.0    4100.00   .9392234E-10
  1.0    4110.00   .9394249E-10
  1.0    4120.00   .9395515E-10
  1.0    4130.00   .9395798E-10
  1.0    4140.00   .9394865E-10
  1.0    4150.00   .9392482E-10
  1.0    4160.00   .9388415E-10
  1.0    4170.00   .9382433E-10
  1.0    4180.00   .9374303E-10
  1.0    4190.00   .9363793E-10
  1.0    4200.00   .9350672E-10
  1.0    4210.00   .9334759E-10
  1.0    4220.00   .9316060E-10
  1.0    4230.00   .9294633E-10
  1.0    4240.00   .9270532E-10
  1.0    4250.00   .9243816E-10
  1.0    4260.00   .9214543E-10
  1.0    4270.00   .9182770E-10
  1.0    4280.00   .9148558E-10
  1.0    4290.00   .9111965E-10
  1.0    4300.00   .9073052E-10
  1.0    4310.00   .9031880E-10
  1.0    4320.00   .8988509E-10
  1.0    4330.00   .8943001E-10
  1.0    4340.00   .8895417E-10
  1.0    4350.00   .8845821E-10
  1.0    4360.00   .8794274E-10
  1.0    4370.00   .8740839E-10
  1.0    4380.00   .8685578E-10
  1.0    4390.00   .8628556E-10
  1.0    4400.00   .8569835E-10
  1.0    4410.00   .8509479E-10
  1.0    4420.00   .8447551E-10
  1.0    4430.00   .8384115E-10
  1.0    4440.00   .8319234E-10
  1.0    4450.00   .8252973E-10
  1.0    4460.00   .8185394E-10
  1.0    4470.00   .8116561E-10
  1.0    4480.00   .8046538E-10
  1.0    4490.00   .7975389E-10
  1.0    4500.00   .7903175E-10
  1.0    4510.00   .7829961E-10
  1.0    4520.00   .7755809E-10
  1.0    4530.00   .7680782E-10
  1.0    4540.00   .7604942E-10
  1.0    4550.00   .7528351E-10
  1.0    4560.00   .7451071E-10
  1.0    4570.00   .7373164E-10
  1.0    4580.00   .7294691E-10
  1.0    4590.00   .7215711E-10
  1.0    4600.00   .7136287E-10
  1.0    4610.00   .7056477E-10
  1.0    4620.00   .6976341E-10
  1.0    4630.00   .6895938E-10
  1.0    4640.00   .6815327E-10
  1.0    4650.00   .6734565E-10
  1.0    4660.00   .6653710E-10
  1.0    4670.00   .6572819E-10
  1.0    4680.00   .6491948E-10
  1.0    4690.00   .6411152E-10
  1.0    4700.00   .6330488E-10
  1.0    4710.00   .6250008E-10
  1.0    4720.00   .6169768E-10
  1.0    4730.00   .6089820E-10
  1.0    4740.00   .6010217E-10
  1.0    4750.00   .5931010E-10
  1.0    4760.00   .5852250E-10
  1.0    4770.00   .5773983E-10
  1.0    4780.00   .5696253E-10
  1.0    4790.00   .5619102E-10
  1.0    4800.00   .5542571E-10
  1.0    4810.00   .5466699E-10
  1.0    4820.00   .5391522E-10
  1.0    4830.00   .5317078E-10
  1.0    4840.00   .5243400E-10
  1.0    4850.00   .5170520E-10
  1.0    4860.00   .5098471E-10
  1.0    4870.00   .5027281E-10
  1.0    4880.00   .4956979E-10
  1.0    4890.00   .4887593E-10
  1.0    4900.00   .4819148E-10
  1.0    4910.00   .4751668E-10
  1.0    4920.00   .4685176E-10
  1.0    4930.00   .4619695E-10
  1.0    4940.00   .4555245E-10
  1.0    4950.00   .4491846E-10
  1.0    4960.00   .4429516E-10
  1.0    4970.00   .4368273E-10
  1.0    4980.00   .4308134E-10
  1.0    4990.00   .4249114E-10
  1.0    5000.00   .4191229E-10
  1.0    5010.00   .4134491E-10
  1.0    5020.00   .4078915E-10
  1.0    5030.00   .4024513E-10
  1.0    5040.00   .3971297E-10
  1.0    5050.00   .3919278E-10
  1.0    5060.00   .3868466E-10
  1.0    5070.00   .3818872E-10
  1.0    5080.00   .3770507E-10
  1.0    5090.00   .3723378E-10
  1.0    5100.00   .3677495E-10
  1.0    5110.00   .3632867E-10
  1.0    5120.00   .3589503E-10
  1.0    5130.00   .3547410E-10
  1.0    5140.00   .3506597E-10
  1.0    5150.00   .3467072E-10
  1.0    5160.00   .3428844E-10
  1.0    5170.00   .3391921E-10
  1.0    5180.00   .3356310E-10
  1.0    5190.00   .3322022E-10
  1.0    5200.00   .3289064E-10
  1.0    5210.00   .3257447E-10
  1.0    5220.00   .3227178E-10
  1.0    5230.00   .3198270E-10
  1.0    5240.00   .3170732E-10
  1.0    5250.00   .3144576E-10
  1.0    5260.00   .3119814E-10
  1.0    5270.00   .3096457E-10
  1.0    5280.00   .3074521E-10
  1.0    5290.00   .3054018E-10
  1.0    5300.00   .3034966E-10
  1.0    5310.00   .3017365E-10
  1.0    5320.00   .3001169E-10
  1.0    5330.00   .2986314E-10
  1.0    5340.00   .2972741E-10
  1.0    5350.00   .2960392E-10
  1.0    5360.00   .2949210E-10
  1.0    5370.00   .2939137E-10
  1.0    5380.00   .2930119E-10
  1.0    5390.00   .2922101E-10
  1.0    5400.00   .2915028E-10
  1.0    5410.00   .2908847E-10
  1.0    5420.00   .2903504E-10
  1.0    5430.00   .2898947E-10
  1.0    5440.00   .2895122E-10
  1.0    5450.00   .2891977E-10
  1.0    5460.00   .2889458E-10
  1.0    5470.00   .2887514E-10
  1.0    5480.00   .2886090E-10
  1.0    5490.00   .2885133E-10
  1.0    5500.00   .2884589E-10
  1.0    5510.00   .2884404E-10
  1.0    5520.00   .2884524E-10
  1.0    5530.00   .2884893E-10
  1.0    5540.00   .2885455E-10
  1.0    5550.00   .2886155E-10
  1.0    5560.00   .2886934E-10
  1.0    5570.00   .2887735E-10
  1.0    5580.00   .2888500E-10
  1.0    5590.00   .2889169E-10
  1.0    5600.00   .2889682E-10
  1.0    5610.00   .2889979E-10
  1.0    5620.00   .2889999E-10
  1.0    5630.00   .2889678E-10
  1.0    5640.00   .2888953E-10
  1.0    5650.00   .2887762E-10
  1.0    5660.00   .2886051E-10
  1.0    5670.00   .2883811E-10
  1.0    5680.00   .2881046E-10
  1.0    5690.00   .2877761E-10
  1.0    5700.00   .2873960E-10
  1.0    5710.00   .2869649E-10
  1.0    5720.00   .2864834E-10
  1.0    5730.00   .2859522E-10
  1.0    5740.00   .2853720E-10
  1.0    5750.00   .2847436E-10
  1.0    5760.00   .2840680E-10
  1.0    5770.00   .2833460E-10
  1.0    5780.00   .2825788E-10
  1.0    5790.00   .2817674E-10
  1.0    5800.00   .2809130E-10
  1.0    5810.00   .2800167E-10
  1.0    5820.00   .2790801E-10
  1.0    5830.00   .2781043E-10
  1.0    5840.00   .2770909E-10
  1.0    5850.00   .2760414E-10
  1.0    5860.00   .2749573E-10
  1.0    5870.00   .2738404E-10
  1.0    5880.00   .2726924E-10
  1.0    5890.00   .2715150E-10
  1.0    5900.00   .2703102E-10
  1.0    5910.00   .2690797E-10
  1.0    5920.00   .2678257E-10
  1.0    5930.00   .2665502E-10
  1.0    5940.00   .2652552E-10
  1.0    5950.00   .2639428E-10
  1.0    5960.00   .2626153E-10
  1.0    5970.00   .2612750E-10
  1.0    5980.00   .2599240E-10
  1.0    5990.00   .2585647E-10
  1.0    6000.00   .2571995E-10
  1.0    6010.00   .2558305E-10
  1.0    6020.00   .2544588E-10
  1.0    6030.00   .2530852E-10
  1.0    6040.00   .2517105E-10
  1.0    6050.00   .2503355E-10
  1.0    6060.00   .2489609E-10
  1.0    6070.00   .2475873E-10
  1.0    6080.00   .2462154E-10
  1.0    6090.00   .2448459E-10
  1.0    6100.00   .2434792E-10
  1.0    6110.00   .2421160E-10
  1.0    6120.00   .2407568E-10
  1.0    6130.00   .2394021E-10
  1.0    6140.00   .2380523E-10
  1.0    6150.00   .2367078E-10
  1.0    6160.00   .2353692E-10
  1.0    6170.00   .2340366E-10
  1.0    6180.00   .2327106E-10
  1.0    6190.00   .2313913E-10
  1.0    6200.00   .2300792E-10
  1.0    6210.00   .2287744E-10
  1.0    6220.00   .2274772E-10
  1.0    6230.00   .2261879E-10
  1.0    6240.00   .2249067E-10
  1.0    6250.00   .2236336E-10
  1.0    6260.00   .2223689E-10
  1.0    6270.00   .2211128E-10
  1.0    6280.00   .2198652E-10
  1.0    6290.00   .2186264E-10
  1.0    6300.00   .2173964E-10
  1.0    6310.00   .2161752E-10
  1.0    6320.00   .2149630E-10
  1.0    6330.00   .2137597E-10
  1.0    6340.00   .2125653E-10
  1.0    6350.00   .2113798E-10
  1.0    6360.00   .2102032E-10
  1.0    6370.00   .2090355E-10
  1.0    6380.00   .2078767E-10
  1.0    6390.00   .2067266E-10
  1.0    6400.00   .2055853E-10
  1.0    6410.00   .2044525E-10
  1.0    6420.00   .2033283E-10
  1.0    6430.00   .2022125E-10
  1.0    6440.00   .2011051E-10
  1.0    6450.00   .2000058E-10
  1.0    6460.00   .1989147E-10
  1.0    6470.00   .1978314E-10
  1.0    6480.00   .1967560E-10
  1.0    6490.00   .1956882E-10
  1.0    6500.00   .1946279E-10
  1.0    6510.00   .1935749E-10
  1.0    6520.00   .1925291E-10
  1.0    6530.00   .1914903E-10
  1.0    6540.00   .1904583E-10
  1.0    6550.00   .1894330E-10
  1.0    6560.00   .1884141E-10
  1.0    6570.00   .1874015E-10
  1.0    6580.00   .1863950E-10
  1.0    6590.00   .1853944E-10
  1.0    6600.00   .1843996E-10
  1.0    6610.00   .1834102E-10
  1.0    6620.00   .1824262E-10
  1.0    6630.00   .1814473E-10
  1.0    6640.00   .1804734E-10
  1.0    6650.00   .1795041E-10
  1.0    6660.00   .1785395E-10
  1.0    6670.00   .1775792E-10
  1.0    6680.00   .1766230E-10
  1.0    6690.00   .1756709E-10
  1.0    6700.00   .1747224E-10
  1.0    6710.00   .1737776E-10
  1.0    6720.00   .1728361E-10
  1.0    6730.00   .1718978E-10
  1.0    6740.00   .1709626E-10
  1.0    6750.00   .1700301E-10
  1.0    6760.00   .1691002E-10
  1.0    6770.00   .1681728E-10
  1.0    6780.00   .1672476E-10
  1.0    6790.00   .1663245E-10
  1.0    6800.00   .1654033E-10
  1.0    6810.00   .1644837E-10
  1.0    6820.00   .1635657E-10
  1.0    6830.00   .1626490E-10
  1.0    6840.00   .1617335E-10
  1.0    6850.00   .1608190E-10
  1.0    6860.00   .1599052E-10
  1.0    6870.00   .1589922E-10
  1.0    6880.00   .1580795E-10
  1.0    6890.00   .1571672E-10
  1.0    6900.00   .1562550E-10
  1.0    6910.00   .1553427E-10
  1.0    6920.00   .1544303E-10
  1.0    6930.00   .1535174E-10
  1.0    6940.00   .1526040E-10
  1.0    6950.00   .1516899E-10
  1.0    6960.00   .1507748E-10
  1.0    6970.00   .1498587E-10
  1.0    6980.00   .1489414E-10
  1.0    6990.00   .1480227E-10
  1.0    7000.00   .1471024E-10
  1.0    7010.00   .1461803E-10
  1.0    7020.00   .1452567E-10
  1.0    7030.00   .1443316E-10
  1.0    7040.00   .1434052E-10
  1.0    7050.00   .1424776E-10
  1.0    7060.00   .1415490E-10
  1.0    7070.00   .1406194E-10
  1.0    7080.00   .1396890E-10
  1.0    7090.00   .1387580E-10
  1.0    7100.00   .1378264E-10
  1.0    7110.00   .1368944E-10
  1.0    7120.00   .1359621E-10
  1.0    7130.00   .1350296E-10
  1.0    7140.00   .1340970E-10
  1.0    7150.00   .1331644E-10
  1.0    7160.00   .1322321E-10
  1.0    7170.00   .1312999E-10
  1.0    7180.00   .1303682E-10
  1.0    7190.00   .1294369E-10
  1.0    7200.00   .1285061E-10
  1.0    7210.00   .1275761E-10
  1.0    7220.00   .1266468E-10
  1.0    7230.00   .1257185E-10
  1.0    7240.00   .1247910E-10
  1.0    7250.00   .1238647E-10
  1.0    7260.00   .1229395E-10
  1.0    7270.00   .1220156E-10
  1.0    7280.00   .1210930E-10
  1.0    7290.00   .1201719E-10
  1.0    7300.00   .1192523E-10
  1.0    7310.00   .1183344E-10
  1.0    7320.00   .1174181E-10
  1.0    7330.00   .1165037E-10
  1.0    7340.00   .1155911E-10
  1.0    7350.00   .1146805E-10
  1.0    7360.00   .1137720E-10
  1.0    7370.00   .1128656E-10
  1.0    7380.00   .1119615E-10
  1.0    7390.00   .1110596E-10
  1.0    7400.00   .1101602E-10
  1.0    7410.00   .1092632E-10
  1.0    7420.00   .1083688E-10
  1.0    7430.00   .1074771E-10
  1.0    7440.00   .1065881E-10
  1.0    7450.00   .1057018E-10
  1.0    7460.00   .1048185E-10
  1.0    7470.00   .1039382E-10
  1.0    7480.00   .1030608E-10
  1.0    7490.00   .1021867E-10
  1.0    7500.00   .1013157E-10
  1.0    7510.00   .1004480E-10
  1.0    7520.00   .9958371E-11
  1.0    7530.00   .9872286E-11
  1.0    7540.00   .9786553E-11
  1.0    7550.00   .9701182E-11
  1.0    7560.00   .9616180E-11
  1.0    7570.00   .9531555E-11
  1.0    7580.00   .9447316E-11
  1.0    7590.00   .9363469E-11
  1.0    7600.00   .9280024E-11
  1.0    7610.00   .9196989E-11
  1.0    7620.00   .9114371E-11
  1.0    7630.00   .9032178E-11
  1.0    7640.00   .8950420E-11
  1.0    7650.00   .8869103E-11
  1.0    7660.00   .8788237E-11
  1.0    7670.00   .8707829E-11
  1.0    7680.00   .8627887E-11
  1.0    7690.00   .8548421E-11
  1.0    7700.00   .8469438E-11
  1.0    7710.00   .8390946E-11
  1.0    7720.00   .8312955E-11
  1.0    7730.00   .8235472E-11
  1.0    7740.00   .8158507E-11
  1.0    7750.00   .8082067E-11
  1.0    7760.00   .8006161E-11
  1.0    7770.00   .7930798E-11
  1.0    7780.00   .7855986E-11
  1.0    7790.00   .7781734E-11
  1.0    7800.00   .7708051E-11
  1.0    7810.00   .7634946E-11
  1.0    7820.00   .7562428E-11
  1.0    7830.00   .7490505E-11
  1.0    7840.00   .7419186E-11
  1.0    7850.00   .7348480E-11
  1.0    7860.00   .7278397E-11
  1.0    7870.00   .7208946E-11
  1.0    7880.00   .7140135E-11
  1.0    7890.00   .7071974E-11
  1.0    7900.00   .7004472E-11
  1.0    7910.00   .6937639E-11
  1.0    7920.00   .6871483E-11
  1.0    7930.00   .6806014E-11
  1.0    7940.00   .6741242E-11
  1.0    7950.00   .6677175E-11
  1.0    7960.00   .6613825E-11
  1.0    7970.00   .6551199E-11
  1.0    7980.00   .6489308E-11
  1.0    7990.00   .6428161E-11
  1.0    8000.00   .6367769E-11
  1.0    8010.00   .6308137E-11
  1.0    8020.00   .6249263E-11
  1.0    8030.00   .6191139E-11
  1.0    8040.00   .6133759E-11
  1.0    8050.00   .6077116E-11
  1.0    8060.00   .6021205E-11
  1.0    8070.00   .5966018E-11
  1.0    8080.00   .5911549E-11
  1.0    8090.00   .5857792E-11
  1.0    8100.00   .5804740E-11
  1.0    8110.00   .5752388E-11
  1.0    8120.00   .5700729E-11
  1.0    8130.00   .5649757E-11
  1.0    8140.00   .5599466E-11
  1.0    8150.00   .5549850E-11
  1.0    8160.00   .5500903E-11
  1.0    8170.00   .5452618E-11
  1.0    8180.00   .5404991E-11
  1.0    8190.00   .5358015E-11
  1.0    8200.00   .5311685E-11
  1.0    8210.00   .5265994E-11
  1.0    8220.00   .5220937E-11
  1.0    8230.00   .5176508E-11
  1.0    8240.00   .5132702E-11
  1.0    8250.00   .5089513E-11
  1.0    8260.00   .5046935E-11
  1.0    8270.00   .5004963E-11
  1.0    8280.00   .4963591E-11
  1.0    8290.00   .4922815E-11
  1.0    8300.00   .4882627E-11
  1.0    8310.00   .4843024E-11
  1.0    8320.00   .4804000E-11
  1.0    8330.00   .4765549E-11
  1.0    8340.00   .4727667E-11
  1.0    8350.00   .4690347E-11
  1.0    8360.00   .4653585E-11
  1.0    8370.00   .4617376E-11
  1.0    8380.00   .4581715E-11
  1.0    8390.00   .4546596E-11
  1.0    8400.00   .4512014E-11
  1.0    8410.00   .4477965E-11
  1.0    8420.00   .4444443E-11
  1.0    8430.00   .4411443E-11
  1.0    8440.00   .4378961E-11
  1.0    8450.00   .4346992E-11
  1.0    8460.00   .4315530E-11
  1.0    8470.00   .4284571E-11
  1.0    8480.00   .4254110E-11
  1.0    8490.00   .4224142E-11
  1.0    8500.00   .4194664E-11
  1.0    8510.00   .4165668E-11
  1.0    8520.00   .4137152E-11
  1.0    8530.00   .4109111E-11
  1.0    8540.00   .4081539E-11
  1.0    8550.00   .4054433E-11
  1.0    8560.00   .4027787E-11
  1.0    8570.00   .4001598E-11
  1.0    8580.00   .3975860E-11
  1.0    8590.00   .3950569E-11
  1.0    8600.00   .3925721E-11
  1.0    8610.00   .3901311E-11
  1.0    8620.00   .3877335E-11
  1.0    8630.00   .3853788E-11
  1.0    8640.00   .3830666E-11
  1.0    8650.00   .3807965E-11
  1.0    8660.00   .3785680E-11
  1.0    8670.00   .3763807E-11
  1.0    8680.00   .3742341E-11
  1.0    8690.00   .3721279E-11
  1.0    8700.00   .3700617E-11
  1.0    8710.00   .3680349E-11
  1.0    8720.00   .3660472E-11
  1.0    8730.00   .3640982E-11
  1.0    8740.00   .3621874E-11
  1.0    8750.00   .3603145E-11
  1.0    8760.00   .3584790E-11
  1.0    8770.00   .3566804E-11
  1.0    8780.00   .3549185E-11
  1.0    8790.00   .3531928E-11
  1.0    8800.00   .3515029E-11
  1.0    8810.00   .3498484E-11
  1.0    8820.00   .3482289E-11
  1.0    8830.00   .3466439E-11
  1.0    8840.00   .3450932E-11
  1.0    8850.00   .3435763E-11
  1.0    8860.00   .3420928E-11
  1.0    8870.00   .3406423E-11
  1.0    8880.00   .3392244E-11
  1.0    8890.00   .3378388E-11
  1.0    8900.00   .3364850E-11
  1.0    8910.00   .3351627E-11
  1.0    8920.00   .3338715E-11
  1.0    8930.00   .3326110E-11
  1.0    8940.00   .3313808E-11
  1.0    8950.00   .3301806E-11
  1.0    8960.00   .3290099E-11
  1.0    8970.00   .3278684E-11
  1.0    8980.00   .3267558E-11
  1.0    8990.00   .3256716E-11
  1.0    9000.00   .3246154E-11
  1.0    9010.00   .3235870E-11
  1.0    9020.00   .3225859E-11
  1.0    9030.00   .3216118E-11
  1.0    9040.00   .3206643E-11
  1.0    9050.00   .3197430E-11
  1.0    9060.00   .3188476E-11
  1.0    9070.00   .3179777E-11
  1.0    9080.00   .3171329E-11
  1.0    9090.00   .3163130E-11
  1.0    9100.00   .3155174E-11
  1.0    9110.00   .3147459E-11
  1.0    9120.00   .3139982E-11
  1.0    9130.00   .3132738E-11
  1.0    9140.00   .3125724E-11
  1.0    9150.00   .3118937E-11
  1.0    9160.00   .3112372E-11
  1.0    9170.00   .3106027E-11
  1.0    9180.00   .3099898E-11
  1.0    9190.00   .3093982E-11
  1.0    9200.00   .3088274E-11
  1.0    9210.00   .3082772E-11
  1.0    9220.00   .3077472E-11
  1.0    9230.00   .3072370E-11
  1.0    9240.00   .3067464E-11
  1.0    9250.00   .3062749E-11
  1.0    9260.00   .3058222E-11
  1.0    9270.00   .3053881E-11
  1.0    9280.00   .3049720E-11
  1.0    9290.00   .3045738E-11
  1.0    9300.00   .3041930E-11
  1.0    9310.00   .3038294E-11
  1.0    9320.00   .3034825E-11
  1.0    9330.00   .3031521E-11
  1.0    9340.00   .3028378E-11
  1.0    9350.00   .3025393E-11
  1.0    9360.00   .3022562E-11
  1.0    9370.00   .3019882E-11
  1.0    9380.00   .3017350E-11
  1.0    9390.00   .3014962E-11
  1.0    9400.00   .3012715E-11
  1.0    9410.00   .3010606E-11
  1.0    9420.00   .3008632E-11
  1.0    9430.00   .3006789E-11
  1.0    9440.00   .3005073E-11
  1.0    9450.00   .3003482E-11
  1.0    9460.00   .3002013E-11
  1.0    9470.00   .3000661E-11
  1.0    9480.00   .2999424E-11
  1.0    9490.00   .2998299E-11
  1.0    9500.00   .2997282E-11
  1.0    9510.00   .2996370E-11
  1.0    9520.00   .2995559E-11
  1.0    9530.00   .2994848E-11
  1.0    9540.00   .2994231E-11
  1.0    9550.00   .2993706E-11
  1.0    9560.00   .2993271E-11
  1.0    9570.00   .2992921E-11
  1.0    9580.00   .2992653E-11
  1.0    9590.00   .2992465E-11
  1.0    9600.00   .2992352E-11
  1.0    9610.00   .2992313E-11
  1.0    9620.00   .2992343E-11
  1.0    9630.00   .2992440E-11
  1.0    9640.00   .2992599E-11
  1.0    9650.00   .2992819E-11
  1.0    9660.00   .2993096E-11
  1.0    9670.00   .2993427E-11
  1.0    9680.00   .2993809E-11
  1.0    9690.00   .2994238E-11
  1.0    9700.00   .2994711E-11
  1.0    9710.00   .2995226E-11
  1.0    9720.00   .2995779E-11
  1.0    9730.00   .2996366E-11
  1.0    9740.00   .2996986E-11
  1.0    9750.00   .2997634E-11
  1.0    9760.00   .2998308E-11
  1.0    9770.00   .2999005E-11
  1.0    9780.00   .2999721E-11
  1.0    9790.00   .3000454E-11
  1.0    9800.00   .3001199E-11
  1.0    9810.00   .3001955E-11
  1.0    9820.00   .3002718E-11
  1.0    9830.00   .3003485E-11
  1.0    9840.00   .3004254E-11
  1.0    9850.00   .3005020E-11
  1.0    9860.00   .3005780E-11
  1.0    9870.00   .3006533E-11
  1.0    9880.00   .3007275E-11
  1.0    9890.00   .3008002E-11
  1.0    9900.00   .3008712E-11
  1.0    9910.00   .3009402E-11
  1.0    9920.00   .3010068E-11
  1.0    9930.00   .3010708E-11
  1.0    9940.00   .3011319E-11
  1.0    9950.00   .3011898E-11
  1.0    9960.00   .3012441E-11
  1.0    9970.00   .3012946E-11
  1.0    9980.00   .3013409E-11
  1.0    9990.00   .3013828E-11
  1.0   10000.00   .3014200E-11
  1.0   10010.00   .3014522E-11
  1.0   10020.00   .3014791E-11
  1.0   10030.00   .3015004E-11
  1.0   10040.00   .3015157E-11
  1.0   10050.00   .3015249E-11
  1.0   10060.00   .3015275E-11
  1.0   10070.00   .3015234E-11
  1.0   10080.00   .3015122E-11
  1.0   10090.00   .3014936E-11
  1.0   10100.00   .3014674E-11
  1.0   10110.00   .3014333E-11
  1.0   10120.00   .3013909E-11
  1.0   10130.00   .3013399E-11
  1.0   10140.00   .3012802E-11
  1.0   10150.00   .3012114E-11
  1.0   10160.00   .3011332E-11
  1.0   10170.00   .3010453E-11
  1.0   10180.00   .3009475E-11
  1.0   10190.00   .3008395E-11
  1.0   10200.00   .3007209E-11
  1.0   10210.00   .3005916E-11
  1.0   10220.00   .3004511E-11
  1.0   10230.00   .3002993E-11
  1.0   10240.00   .3001359E-11
  1.0   10250.00   .2999606E-11
  1.0   10260.00   .2997731E-11
  1.0   10270.00   .2995731E-11
  1.0   10280.00   .2993604E-11
  1.0   10290.00   .2991346E-11
  1.0   10300.00   .2988956E-11
  1.0   10310.00   .2986430E-11
  1.0   10320.00   .2983766E-11
  1.0   10330.00   .2980961E-11
  1.0   10340.00   .2978013E-11
  1.0   10350.00   .2974918E-11
  1.0   10360.00   .2971674E-11
  1.0   10370.00   .2968278E-11
  1.0   10380.00   .2964728E-11
  1.0   10390.00   .2961021E-11
  1.0   10400.00   .2957154E-11
  1.0   10410.00   .2953126E-11
  1.0   10420.00   .2948932E-11
  1.0   10430.00   .2944572E-11
  1.0   10440.00   .2940045E-11
  1.0   10450.00   .2935353E-11
  1.0   10460.00   .2930498E-11
  1.0   10470.00   .2925481E-11
  1.0   10480.00   .2920305E-11
  1.0   10490.00   .2914970E-11
  1.0   10500.00   .2909479E-11
  1.0   10510.00   .2903833E-11
  1.0   10520.00   .2898033E-11
  1.0   10530.00   .2892082E-11
  1.0   10540.00   .2885981E-11
  1.0   10550.00   .2879732E-11
  1.0   10560.00   .2873336E-11
  1.0   10570.00   .2866796E-11
  1.0   10580.00   .2860112E-11
  1.0   10590.00   .2853286E-11
  1.0   10600.00   .2846321E-11
  1.0   10610.00   .2839217E-11
  1.0   10620.00   .2831976E-11
  1.0   10630.00   .2824600E-11
  1.0   10640.00   .2817091E-11
  1.0   10650.00   .2809450E-11
  1.0   10660.00   .2801679E-11
  1.0   10670.00   .2793780E-11
  1.0   10680.00   .2785754E-11
  1.0   10690.00   .2777602E-11
  1.0   10700.00   .2769327E-11
  1.0   10710.00   .2760930E-11
  1.0   10720.00   .2752413E-11
  1.0   10730.00   .2743776E-11
  1.0   10740.00   .2735023E-11
  1.0   10750.00   .2726154E-11
  1.0   10760.00   .2717172E-11
  1.0   10770.00   .2708077E-11
  1.0   10780.00   .2698871E-11
  1.0   10790.00   .2689556E-11
  1.0   10800.00   .2680134E-11
  1.0   10810.00   .2670606E-11
  1.0   10820.00   .2660973E-11
  1.0   10830.00   .2651238E-11
  1.0   10840.00   .2641402E-11
  1.0   10850.00   .2631466E-11
  1.0   10860.00   .2621432E-11
  1.0   10870.00   .2611301E-11
  1.0   10880.00   .2601076E-11
  1.0   10890.00   .2590757E-11
  1.0   10900.00   .2580347E-11
  1.0   10910.00   .2569846E-11
  1.0   10920.00   .2559256E-11
  1.0   10930.00   .2548580E-11
  1.0   10940.00   .2537818E-11
  1.0   10950.00   .2526971E-11
  1.0   10960.00   .2516042E-11
  1.0   10970.00   .2505032E-11
  1.0   10980.00   .2493943E-11
  1.0   10990.00   .2482775E-11
  1.0   11000.00   .2471531E-11
  1.0   11010.00   .2460211E-11
  1.0   11020.00   .2448818E-11
  1.0   11030.00   .2437353E-11
  1.0   11040.00   .2425818E-11
  1.0   11050.00   .2414213E-11
  1.0   11060.00   .2402541E-11
  1.0   11070.00   .2390802E-11
  1.0   11080.00   .2378999E-11
  1.0   11090.00   .2367132E-11
  1.0   11100.00   .2355204E-11
  1.0   11110.00   .2343215E-11
  1.0   11120.00   .2331167E-11
  1.0   11130.00   .2319061E-11
  1.0   11140.00   .2306900E-11
  1.0   11150.00   .2294683E-11
  1.0   11160.00   .2282413E-11
  1.0   11170.00   .2270092E-11
  1.0   11180.00   .2257720E-11
  1.0   11190.00   .2245298E-11
  1.0   11200.00   .2232829E-11
  1.0   11210.00   .2220313E-11
  1.0   11220.00   .2207753E-11
  1.0   11230.00   .2195149E-11
  1.0   11240.00   .2182502E-11
  1.0   11250.00   .2169815E-11
  1.0   11260.00   .2157088E-11
  1.0   11270.00   .2144322E-11
  1.0   11280.00   .2131520E-11
  1.0   11290.00   .2118682E-11
  1.0   11300.00   .2105810E-11
  1.0   11310.00   .2092904E-11
  1.0   11320.00   .2079967E-11
  1.0   11330.00   .2067000E-11
  1.0   11340.00   .2054003E-11
  1.0   11350.00   .2040979E-11
  1.0   11360.00   .2027928E-11
  1.0   11370.00   .2014852E-11
  1.0   11380.00   .2001752E-11
  1.0   11390.00   .1988629E-11
  1.0   11400.00   .1975484E-11
  1.0   11410.00   .1962319E-11
  1.0   11420.00   .1949135E-11
  1.0   11430.00   .1935934E-11
  1.0   11440.00   .1922715E-11
  1.0   11450.00   .1909482E-11
  1.0   11460.00   .1896234E-11
  1.0   11470.00   .1882973E-11
  1.0   11480.00   .1869700E-11
  1.0   11490.00   .1856417E-11
  1.0   11500.00   .1843124E-11
  1.0   11510.00   .1829823E-11
  1.0   11520.00   .1816515E-11
  1.0   11530.00   .1803201E-11
  1.0   11540.00   .1789882E-11
  1.0   11550.00   .1776560E-11
  1.0   11560.00   .1763235E-11
  1.0   11570.00   .1749909E-11
  1.0   11580.00   .1736582E-11
  1.0   11590.00   .1723256E-11
  1.0   11600.00   .1709933E-11
  1.0   11610.00   .1696612E-11
  1.0   11620.00   .1683295E-11
  1.0   11630.00   .1669984E-11
  1.0   11640.00   .1656679E-11
  1.0   11650.00   .1643382E-11
  1.0   11660.00   .1630093E-11
  1.0   11670.00   .1616814E-11
  1.0   11680.00   .1603545E-11
  1.0   11690.00   .1590288E-11
  1.0   11700.00   .1577043E-11
  1.0   11710.00   .1563812E-11
  1.0   11720.00   .1550596E-11
  1.0   11730.00   .1537396E-11
  1.0   11740.00   .1524213E-11
  1.0   11750.00   .1511047E-11
  1.0   11760.00   .1497900E-11
  1.0   11770.00   .1484773E-11
  1.0   11780.00   .1471667E-11
  1.0   11790.00   .1458583E-11
  1.0   11800.00   .1445521E-11
  1.0   11810.00   .1432483E-11
  1.0   11820.00   .1419470E-11
  1.0   11830.00   .1406482E-11
  1.0   11840.00   .1393521E-11
  1.0   11850.00   .1380588E-11
  1.0   11860.00   .1367683E-11
  1.0   11870.00   .1354807E-11
  1.0   11880.00   .1341962E-11
  1.0   11890.00   .1329148E-11
  1.0   11900.00   .1316366E-11
  1.0   11910.00   .1303618E-11
  1.0   11920.00   .1290903E-11
  1.0   11930.00   .1278223E-11
  1.0   11940.00   .1265579E-11
  1.0   11950.00   .1252971E-11
  1.0   11960.00   .1240401E-11
  1.0   11970.00   .1227870E-11
  1.0   11980.00   .1215378E-11
  1.0   11990.00   .1202926E-11
  1.0   12000.00   .1190515E-11
  1.0   12010.00   .1178145E-11
  1.0   12020.00   .1165819E-11
  1.0   12030.00   .1153536E-11
  1.0   12040.00   .1141297E-11
  1.0   12050.00   .1129104E-11
  1.0   12060.00   .1116957E-11
  1.0   12070.00   .1104856E-11
  1.0   12080.00   .1092804E-11
  1.0   12090.00   .1080799E-11
  1.0   12100.00   .1068844E-11
  1.0   12110.00   .1056939E-11
  1.0   12120.00   .1045085E-11
  1.0   12130.00   .1033283E-11
  1.0   12140.00   .1021533E-11
  1.0   12150.00   .1009837E-11
  1.0   12160.00   .9981943E-12
  1.0   12170.00   .9866066E-12
  1.0   12180.00   .9750745E-12
  1.0   12190.00   .9635988E-12
  1.0   12200.00   .9521801E-12
  1.0   12210.00   .9408194E-12
  1.0   12220.00   .9295173E-12
  1.0   12230.00   .9182745E-12
  1.0   12240.00   .9070919E-12
  1.0   12250.00   .8959702E-12
  1.0   12260.00   .8849101E-12
  1.0   12270.00   .8739123E-12
  1.0   12280.00   .8629777E-12
  1.0   12290.00   .8521068E-12
  1.0   12300.00   .8413005E-12
  1.0   12310.00   .8305595E-12
  1.0   12320.00   .8198844E-12
  1.0   12330.00   .8092761E-12
  1.0   12340.00   .7987352E-12
  1.0   12350.00   .7882624E-12
  1.0   12360.00   .7778585E-12
  1.0   12370.00   .7675241E-12
  1.0   12380.00   .7572600E-12
  1.0   12390.00   .7470668E-12
  1.0   12400.00   .7369454E-12
  1.0   12410.00   .7268962E-12
  1.0   12420.00   .7169202E-12
  1.0   12430.00   .7070178E-12
  1.0   12440.00   .6971900E-12
  1.0   12450.00   .6874372E-12
  1.0   12460.00   .6777603E-12
  1.0   12470.00   .6681599E-12
  1.0   12480.00   .6586367E-12
  1.0   12490.00   .6491914E-12
  1.0   12500.00   .6398247E-12
  1.0   12510.00   .6305372E-12
  1.0   12520.00   .6213297E-12
  1.0   12530.00   .6122028E-12
  1.0   12540.00   .6031571E-12
  1.0   12550.00   .5941935E-12
  1.0   12560.00   .5853125E-12
  1.0   12570.00   .5765149E-12
  1.0   12580.00   .5678013E-12
  1.0   12590.00   .5591723E-12
  1.0   12600.00   .5506288E-12
  1.0   12610.00   .5421713E-12
  1.0   12620.00   .5338006E-12
  1.0   12630.00   .5255173E-12
  1.0   12640.00   .5173221E-12
  1.0   12650.00   .5092156E-12
  1.0   12660.00   .5011987E-12
  1.0   12670.00   .4932718E-12
  1.0   12680.00   .4854359E-12
  1.0   12690.00   .4776914E-12
  1.0   12700.00   .4700392E-12
  1.0   12710.00   .4624798E-12
  1.0   12720.00   .4550140E-12
  1.0   12730.00   .4476426E-12
  1.0   12740.00   .4403661E-12
  1.0   12750.00   .4331852E-12
  1.0   12760.00   .4261008E-12
  1.0   12770.00   .4191134E-12
  1.0   12780.00   .4122238E-12
  1.0   12790.00   .4054326E-12
  1.0   12800.00   .3987407E-12
  1.0   12810.00   .3921487E-12
  1.0   12820.00   .3856572E-12
  1.0   12830.00   .3792672E-12
  1.0   12840.00   .3729792E-12
  1.0   12850.00   .3667939E-12
  1.0   12860.00   .3607111E-12
  1.0   12870.00   .3547300E-12
  1.0   12880.00   .3488497E-12
  1.0   12890.00   .3430693E-12
  1.0   12900.00   .3373880E-12
  1.0   12910.00   .3318049E-12
  1.0   12920.00   .3263192E-12
  1.0   12930.00   .3209300E-12
  1.0   12940.00   .3156365E-12
  1.0   12950.00   .3104379E-12
  1.0   12960.00   .3053334E-12
  1.0   12970.00   .3003221E-12
  1.0   12980.00   .2954033E-12
  1.0   12990.00   .2905762E-12
  1.0   13000.00   .2858399E-12
  1.0   13010.00   .2811938E-12
  1.0   13020.00   .2766369E-12
  1.0   13030.00   .2721687E-12
  1.0   13040.00   .2677881E-12
  1.0   13050.00   .2634947E-12
  1.0   13060.00   .2592874E-12
  1.0   13070.00   .2551657E-12
  1.0   13080.00   .2511288E-12
  1.0   13090.00   .2471760E-12
  1.0   13100.00   .2433064E-12
  1.0   13110.00   .2395194E-12
  1.0   13120.00   .2358143E-12
  1.0   13130.00   .2321904E-12
  1.0   13140.00   .2286468E-12
  1.0   13150.00   .2251830E-12
  1.0   13160.00   .2217983E-12
  1.0   13170.00   .2184918E-12
  1.0   13180.00   .2152630E-12
  1.0   13190.00   .2121112E-12
  1.0   13200.00   .2090356E-12
  1.0   13210.00   .2060356E-12
  1.0   13220.00   .2031105E-12
  1.0   13230.00   .2002596E-12
  1.0   13240.00   .1974823E-12
  1.0   13250.00   .1947779E-12
  1.0   13260.00   .1921457E-12
  1.0   13270.00   .1895851E-12
  1.0   13280.00   .1870954E-12
  1.0   13290.00   .1846760E-12
  1.0   13300.00   .1823262E-12
  1.0   13310.00   .1800454E-12
  1.0   13320.00   .1778330E-12
  1.0   13330.00   .1756882E-12
  1.0   13340.00   .1736105E-12
  1.0   13350.00   .1715993E-12
  1.0   13360.00   .1696538E-12
  1.0   13370.00   .1677735E-12
  1.0   13380.00   .1659578E-12
  1.0   13390.00   .1642060E-12
  1.0   13400.00   .1625174E-12
  1.0   13410.00   .1608916E-12
  1.0   13420.00   .1593279E-12
  1.0   13430.00   .1578256E-12
  1.0   13440.00   .1563841E-12
  1.0   13450.00   .1550029E-12
  1.0   13460.00   .1536814E-12
  1.0   13470.00   .1524188E-12
  1.0   13480.00   .1512147E-12
  1.0   13490.00   .1500684E-12
  1.0   13500.00   .1489793E-12
  1.0   13510.00   .1479468E-12
  1.0   13520.00   .1469704E-12
  1.0   13530.00   .1460494E-12
  1.0   13540.00   .1451832E-12
  1.0   13550.00   .1443712E-12
  1.0   13560.00   .1436129E-12
  1.0   13570.00   .1429077E-12
  1.0   13580.00   .1422549E-12
  1.0   13590.00   .1416540E-12
  1.0   13600.00   .1411044E-12
  1.0   13610.00   .1406055E-12
  1.0   13620.00   .1401567E-12
  1.0   13630.00   .1397574E-12
  1.0   13640.00   .1394071E-12
  1.0   13650.00   .1391051E-12
  1.0   13660.00   .1388509E-12
  1.0   13670.00   .1386439E-12
  1.0   13680.00   .1384835E-12
  1.0   13690.00   .1383691E-12
  1.0   13700.00   .1383001E-12
  1.0   13710.00   .1382761E-12
  1.0   13720.00   .1382962E-12
  1.0   13730.00   .1383601E-12
  1.0   13740.00   .1384671E-12
  1.0   13750.00   .1386166E-12
  1.0   13760.00   .1388081E-12
  1.0   13770.00   .1390409E-12
  1.0   13780.00   .1393145E-12
  1.0   13790.00   .1396284E-12
  1.0   13800.00   .1399818E-12
  1.0   13810.00   .1403742E-12
  1.0   13820.00   .1408051E-12
  1.0   13830.00   .1412739E-12
  1.0   13840.00   .1417799E-12
  1.0   13850.00   .1423226E-12
  1.0   13860.00   .1429015E-12
  1.0   13870.00   .1435158E-12
  1.0   13880.00   .1441651E-12
  1.0   13890.00   .1448487E-12
  1.0   13900.00   .1455661E-12
  1.0   13910.00   .1463166E-12
  1.0   13920.00   .1470997E-12
  1.0   13930.00   .1479148E-12
  1.0   13940.00   .1487613E-12
  1.0   13950.00   .1496386E-12
  1.0   13960.00   .1505461E-12
  1.0   13970.00   .1514831E-12
  1.0   13980.00   .1524492E-12
  1.0   13990.00   .1534437E-12
  1.0   14000.00   .1544660E-12
  1.0   14010.00   .1555156E-12
  1.0   14020.00   .1565917E-12
  1.0   14030.00   .1576938E-12
  1.0   14040.00   .1588214E-12
  1.0   14050.00   .1599737E-12
  1.0   14060.00   .1611502E-12
  1.0   14070.00   .1623504E-12
  1.0   14080.00   .1635734E-12
  1.0   14090.00   .1648189E-12
  1.0   14100.00   .1660861E-12
  1.0   14110.00   .1673744E-12
  1.0   14120.00   .1686832E-12
  1.0   14130.00   .1700120E-12
  1.0   14140.00   .1713600E-12
  1.0   14150.00   .1727266E-12
  1.0   14160.00   .1741114E-12
  1.0   14170.00   .1755135E-12
  1.0   14180.00   .1769324E-12
  1.0   14190.00   .1783674E-12
  1.0   14200.00   .1798180E-12
  1.0   14210.00   .1812835E-12
  1.0   14220.00   .1827633E-12
  1.0   14230.00   .1842567E-12
  1.0   14240.00   .1857630E-12
  1.0   14250.00   .1872818E-12
  1.0   14260.00   .1888122E-12
  1.0   14270.00   .1903537E-12
  1.0   14280.00   .1919056E-12
  1.0   14290.00   .1934673E-12
  1.0   14300.00   .1950382E-12
  1.0   14310.00   .1966175E-12
  1.0   14320.00   .1982046E-12
  1.0   14330.00   .1997990E-12
  1.0   14340.00   .2013998E-12
  1.0   14350.00   .2030065E-12
  1.0   14360.00   .2046184E-12
  1.0   14370.00   .2062348E-12
  1.0   14380.00   .2078551E-12
  1.0   14390.00   .2094786E-12
  1.0   14400.00   .2111046E-12
  1.0   14410.00   .2127325E-12
  1.0   14420.00   .2143616E-12
  1.0   14430.00   .2159912E-12
  1.0   14440.00   .2176206E-12
  1.0   14450.00   .2192492E-12
  1.0   14460.00   .2208763E-12
  1.0   14470.00   .2225012E-12
  1.0   14480.00   .2241232E-12
  1.0   14490.00   .2257416E-12
  1.0   14500.00   .2273557E-12
  1.0   14510.00   .2289649E-12
  1.0   14520.00   .2305684E-12
  1.0   14530.00   .2321656E-12
  1.0   14540.00   .2337557E-12
  1.0   14550.00   .2353381E-12
  1.0   14560.00   .2369121E-12
  1.0   14570.00   .2384769E-12
  1.0   14580.00   .2400318E-12
  1.0   14590.00   .2415762E-12
  1.0   14600.00   .2431093E-12
  1.0   14610.00   .2446304E-12
  1.0   14620.00   .2461388E-12
  1.0   14630.00   .2476338E-12
  1.0   14640.00   .2491147E-12
  1.0   14650.00   .2505807E-12
  1.0   14660.00   .2520311E-12
  1.0   14670.00   .2534653E-12
  1.0   14680.00   .2548824E-12
  1.0   14690.00   .2562817E-12
  1.0   14700.00   .2576626E-12
  1.0   14710.00   .2590243E-12
  1.0   14720.00   .2603660E-12
  1.0   14730.00   .2616870E-12
  1.0   14740.00   .2629866E-12
  1.0   14750.00   .2642641E-12
  1.0   14760.00   .2655186E-12
  1.0   14770.00   .2667495E-12
  1.0   14780.00   .2679561E-12
  1.0   14790.00   .2691375E-12
  1.0   14800.00   .2702930E-12
  1.0   14810.00   .2714219E-12
  1.0   14820.00   .2725235E-12
  1.0   14830.00   .2735969E-12
  1.0   14840.00   .2746422E-12
  1.0   14850.00   .2756594E-12
  1.0   14860.00   .2766487E-12
  1.0   14870.00   .2776102E-12
  1.0   14880.00   .2785441E-12
  1.0   14890.00   .2794504E-12
  1.0   14900.00   .2803295E-12
  1.0   14910.00   .2811813E-12
  1.0   14920.00   .2820060E-12
  1.0   14930.00   .2828039E-12
  1.0   14940.00   .2835750E-12
  1.0   14950.00   .2843195E-12
  1.0   14960.00   .2850375E-12
  1.0   14970.00   .2857292E-12
  1.0   14980.00   .2863948E-12
  1.0   14990.00   .2870344E-12
  1.0   15000.00   .2876481E-12
  1.0   15010.00   .2882361E-12
  1.0   15020.00   .2887986E-12
  1.0   15030.00   .2893356E-12
  1.0   15040.00   .2898475E-12
  1.0   15050.00   .2903342E-12
  1.0   15060.00   .2907961E-12
  1.0   15070.00   .2912332E-12
  1.0   15080.00   .2916457E-12
  1.0   15090.00   .2920337E-12
  1.0   15100.00   .2923975E-12
  1.0   15110.00   .2927371E-12
  1.0   15120.00   .2930528E-12
  1.0   15130.00   .2933447E-12
  1.0   15140.00   .2936130E-12
  1.0   15150.00   .2938577E-12
  1.0   15160.00   .2940792E-12
  1.0   15170.00   .2942775E-12
  1.0   15180.00   .2944529E-12
  1.0   15190.00   .2946054E-12
  1.0   15200.00   .2947354E-12
  1.0   15210.00   .2948428E-12
  1.0   15220.00   .2949279E-12
  1.0   15230.00   .2949909E-12
  1.0   15240.00   .2950319E-12
  1.0   15250.00   .2950511E-12
  1.0   15260.00   .2950487E-12
  1.0   15270.00   .2950249E-12
  1.0   15280.00   .2949797E-12
  1.0   15290.00   .2949135E-12
  1.0   15300.00   .2948263E-12
  1.0   15310.00   .2947183E-12
  1.0   15320.00   .2945897E-12
  1.0   15330.00   .2944408E-12
  1.0   15340.00   .2942716E-12
  1.0   15350.00   .2940823E-12
  1.0   15360.00   .2938732E-12
  1.0   15370.00   .2936443E-12
  1.0   15380.00   .2933959E-12
  1.0   15390.00   .2931282E-12
  1.0   15400.00   .2928413E-12
  1.0   15410.00   .2925354E-12
  1.0   15420.00   .2922107E-12
  1.0   15430.00   .2918673E-12
  1.0   15440.00   .2915055E-12
  1.0   15450.00   .2911255E-12
  1.0   15460.00   .2907274E-12
  1.0   15470.00   .2903113E-12
  1.0   15480.00   .2898776E-12
  1.0   15490.00   .2894263E-12
  1.0   15500.00   .2889576E-12
  1.0   15510.00   .2884718E-12
  1.0   15520.00   .2879690E-12
  1.0   15530.00   .2874495E-12
  1.0   15540.00   .2869133E-12
  1.0   15550.00   .2863607E-12
  1.0   15560.00   .2857919E-12
  1.0   15570.00   .2852070E-12
  1.0   15580.00   .2846063E-12
  1.0   15590.00   .2839899E-12
  1.0   15600.00   .2833581E-12
  1.0   15610.00   .2827110E-12
  1.0   15620.00   .2820488E-12
  1.0   15630.00   .2813716E-12
  1.0   15640.00   .2806798E-12
  1.0   15650.00   .2799735E-12
  1.0   15660.00   .2792528E-12
  1.0   15670.00   .2785180E-12
  1.0   15680.00   .2777693E-12
  1.0   15690.00   .2770069E-12
  1.0   15700.00   .2762309E-12
  1.0   15710.00   .2754415E-12
  1.0   15720.00   .2746390E-12
  1.0   15730.00   .2738235E-12
  1.0   15740.00   .2729953E-12
  1.0   15750.00   .2721545E-12
  1.0   15760.00   .2713013E-12
  1.0   15770.00   .2704359E-12
  1.0   15780.00   .2695586E-12
  1.0   15790.00   .2686695E-12
  1.0   15800.00   .2677689E-12
  1.0   15810.00   .2668568E-12
  1.0   15820.00   .2659336E-12
  1.0   15830.00   .2649994E-12
  1.0   15840.00   .2640545E-12
  1.0   15850.00   .2630989E-12
  1.0   15860.00   .2621330E-12
  1.0   15870.00   .2611569E-12
  1.0   15880.00   .2601709E-12
  1.0   15890.00   .2591751E-12
  1.0   15900.00   .2581697E-12
  1.0   15910.00   .2571550E-12
  1.0   15920.00   .2561311E-12
  1.0   15930.00   .2550982E-12
  1.0   15940.00   .2540567E-12
  1.0   15950.00   .2530065E-12
  1.0   15960.00   .2519481E-12
  1.0   15970.00   .2508815E-12
  1.0   15980.00   .2498070E-12
  1.0   15990.00   .2487247E-12
  1.0   16000.00   .2476350E-12
  1.0   16010.00   .2465380E-12
  1.0   16020.00   .2454338E-12
  1.0   16030.00   .2443228E-12
  1.0   16040.00   .2432051E-12
  1.0   16050.00   .2420809E-12
  1.0   16060.00   .2409505E-12
  1.0   16070.00   .2398140E-12
  1.0   16080.00   .2386716E-12
  1.0   16090.00   .2375236E-12
  1.0   16100.00   .2363702E-12
  1.0   16110.00   .2352116E-12
  1.0   16120.00   .2340480E-12
  1.0   16130.00   .2328796E-12
  1.0   16140.00   .2317066E-12
  1.0   16150.00   .2305292E-12
  1.0   16160.00   .2293477E-12
  1.0   16170.00   .2281622E-12
  1.0   16180.00   .2269730E-12
  1.0   16190.00   .2257803E-12
  1.0   16200.00   .2245843E-12
  1.0   16210.00   .2233852E-12
  1.0   16220.00   .2221832E-12
  1.0   16230.00   .2209785E-12
  1.0   16240.00   .2197714E-12
  1.0   16250.00   .2185620E-12
  1.0   16260.00   .2173507E-12
  1.0   16270.00   .2161375E-12
  1.0   16280.00   .2149227E-12
  1.0   16290.00   .2137065E-12
  1.0   16300.00   .2124892E-12
  1.0   16310.00   .2112710E-12
  1.0   16320.00   .2100520E-12
  1.0   16330.00   .2088325E-12
  1.0   16340.00   .2076127E-12
  1.0   16350.00   .2063928E-12
  1.0   16360.00   .2051730E-12
  1.0   16370.00   .2039537E-12
  1.0   16380.00   .2027348E-12
  1.0   16390.00   .2015168E-12
  1.0   16400.00   .2002998E-12
  1.0   16410.00   .1990840E-12
  1.0   16420.00   .1978697E-12
  1.0   16430.00   .1966570E-12
  1.0   16440.00   .1954462E-12
  1.0   16450.00   .1942376E-12
  1.0   16460.00   .1930312E-12
  1.0   16470.00   .1918274E-12
  1.0   16480.00   .1906263E-12
  1.0   16490.00   .1894283E-12
  1.0   16500.00   .1882334E-12
  1.0   16510.00   .1870419E-12
  1.0   16520.00   .1858541E-12
  1.0   16530.00   .1846702E-12
  1.0   16540.00   .1834903E-12
  1.0   16550.00   .1823148E-12
  1.0   16560.00   .1811438E-12
  1.0   16570.00   .1799775E-12
  1.0   16580.00   .1788162E-12
  1.0   16590.00   .1776601E-12
  1.0   16600.00   .1765094E-12
  1.0   16610.00   .1753644E-12
  1.0   16620.00   .1742252E-12
  1.0   16630.00   .1730921E-12
  1.0   16640.00   .1719652E-12
  1.0   16650.00   .1708450E-12
  1.0   16660.00   .1697314E-12
  1.0   16670.00   .1686249E-12
  1.0   16680.00   .1675255E-12
  1.0   16690.00   .1664336E-12
  1.0   16700.00   .1653493E-12
  1.0   16710.00   .1642729E-12
  1.0   16720.00   .1632045E-12
  1.0   16730.00   .1621445E-12
  1.0   16740.00   .1610930E-12
  1.0   16750.00   .1600503E-12
  1.0   16760.00   .1590166E-12
  1.0   16770.00   .1579921E-12
  1.0   16780.00   .1569770E-12
  1.0   16790.00   .1559716E-12
  1.0   16800.00   .1549760E-12
  1.0   16810.00   .1539906E-12
  1.0   16820.00   .1530152E-12
  1.0   16830.00   .1520500E-12
  1.0   16840.00   .1510947E-12
  1.0   16850.00   .1501494E-12
  1.0   16860.00   .1492141E-12
  1.0   16870.00   .1482887E-12
  1.0   16880.00   .1473731E-12
  1.0   16890.00   .1464674E-12
  1.0   16900.00   .1455715E-12
  1.0   16910.00   .1446854E-12
  1.0   16920.00   .1438089E-12
  1.0   16930.00   .1429422E-12
  1.0   16940.00   .1420850E-12
  1.0   16950.00   .1412375E-12
  1.0   16960.00   .1403996E-12
  1.0   16970.00   .1395711E-12
  1.0   16980.00   .1387522E-12
  1.0   16990.00   .1379427E-12
  1.0   17000.00   .1371425E-12
  1.0   17010.00   .1363518E-12
  1.0   17020.00   .1355703E-12
  1.0   17030.00   .1347982E-12
  1.0   17040.00   .1340353E-12
  1.0   17050.00   .1332816E-12
  1.0   17060.00   .1325370E-12
  1.0   17070.00   .1318016E-12
  1.0   17080.00   .1310752E-12
  1.0   17090.00   .1303579E-12
  1.0   17100.00   .1296495E-12
  1.0   17110.00   .1289501E-12
  1.0   17120.00   .1282597E-12
  1.0   17130.00   .1275780E-12
  1.0   17140.00   .1269053E-12
  1.0   17150.00   .1262413E-12
  1.0   17160.00   .1255860E-12
  1.0   17170.00   .1249395E-12
  1.0   17180.00   .1243016E-12
  1.0   17190.00   .1236723E-12
  1.0   17200.00   .1230516E-12
  1.0   17210.00   .1224394E-12
  1.0   17220.00   .1218357E-12
  1.0   17230.00   .1212405E-12
  1.0   17240.00   .1206537E-12
  1.0   17250.00   .1200752E-12
  1.0   17260.00   .1195050E-12
  1.0   17270.00   .1189432E-12
  1.0   17280.00   .1183895E-12
  1.0   17290.00   .1178440E-12
  1.0   17300.00   .1173067E-12
  1.0   17310.00   .1167775E-12
  1.0   17320.00   .1162563E-12
  1.0   17330.00   .1157431E-12
  1.0   17340.00   .1152380E-12
  1.0   17350.00   .1147407E-12
  1.0   17360.00   .1142513E-12
  1.0   17370.00   .1137698E-12
  1.0   17380.00   .1132960E-12
  1.0   17390.00   .1128300E-12
  1.0   17400.00   .1123717E-12
  1.0   17410.00   .1119210E-12
  1.0   17420.00   .1114780E-12
  1.0   17430.00   .1110425E-12
  1.0   17440.00   .1106146E-12
  1.0   17450.00   .1101941E-12
  1.0   17460.00   .1097811E-12
  1.0   17470.00   .1093754E-12
  1.0   17480.00   .1089771E-12
  1.0   17490.00   .1085861E-12
  1.0   17500.00   .1082024E-12
  1.0   17510.00   .1078258E-12
  1.0   17520.00   .1074564E-12
  1.0   17530.00   .1070942E-12
  1.0   17540.00   .1067390E-12
  1.0   17550.00   .1063908E-12
  1.0   17560.00   .1060496E-12
  1.0   17570.00   .1057153E-12
  1.0   17580.00   .1053880E-12
  1.0   17590.00   .1050674E-12
  1.0   17600.00   .1047537E-12
  1.0   17610.00   .1044467E-12
  1.0   17620.00   .1041464E-12
  1.0   17630.00   .1038528E-12
  1.0   17640.00   .1035658E-12
  1.0   17650.00   .1032853E-12
  1.0   17660.00   .1030114E-12
  1.0   17670.00   .1027439E-12
  1.0   17680.00   .1024829E-12
  1.0   17690.00   .1022282E-12
  1.0   17700.00   .1019799E-12
  1.0   17710.00   .1017379E-12
  1.0   17720.00   .1015020E-12
  1.0   17730.00   .1012724E-12
  1.0   17740.00   .1010489E-12
  1.0   17750.00   .1008315E-12
  1.0   17760.00   .1006202E-12
  1.0   17770.00   .1004148E-12
  1.0   17780.00   .1002155E-12
  1.0   17790.00   .1000220E-12
  1.0   17800.00   .9983436E-13
  1.0   17810.00   .9965254E-13
  1.0   17820.00   .9947650E-13
  1.0   17830.00   .9930616E-13
  1.0   17840.00   .9914150E-13
  1.0   17850.00   .9898245E-13
  1.0   17860.00   .9882898E-13
  1.0   17870.00   .9868104E-13
  1.0   17880.00   .9853857E-13
  1.0   17890.00   .9840153E-13
  1.0   17900.00   .9826987E-13
  1.0   17910.00   .9814354E-13
  1.0   17920.00   .9802250E-13
  1.0   17930.00   .9790670E-13
  1.0   17940.00   .9779609E-13
  1.0   17950.00   .9769061E-13
  1.0   17960.00   .9759023E-13
  1.0   17970.00   .9749490E-13
  1.0   17980.00   .9740456E-13
  1.0   17990.00   .9731916E-13
  1.0   18000.00   .9723867E-13
  1.0   18010.00   .9716302E-13
  1.0   18020.00   .9709218E-13
  1.0   18030.00   .9702609E-13
  1.0   18040.00   .9696471E-13
  1.0   18050.00   .9690798E-13
  1.0   18060.00   .9685586E-13
  1.0   18070.00   .9680830E-13
  1.0   18080.00   .9676525E-13
  1.0   18090.00   .9672666E-13
  1.0   18100.00   .9669248E-13
  1.0   18110.00   .9666266E-13
  1.0   18120.00   .9663716E-13
  1.0   18130.00   .9661592E-13
  1.0   18140.00   .9659890E-13
  1.0   18150.00   .9658605E-13
  1.0   18160.00   .9657732E-13
  1.0   18170.00   .9657265E-13
  1.0   18180.00   .9657200E-13
  1.0   18190.00   .9657533E-13
  1.0   18200.00   .9658257E-13
  1.0   18210.00   .9659369E-13
  1.0   18220.00   .9660863E-13
  1.0   18230.00   .9662735E-13
  1.0   18240.00   .9664979E-13
  1.0   18250.00   .9667590E-13
  1.0   18260.00   .9670564E-13
  1.0   18270.00   .9673895E-13
  1.0   18280.00   .9677579E-13
  1.0   18290.00   .9681611E-13
  1.0   18300.00   .9685986E-13
  1.0   18310.00   .9690698E-13
  1.0   18320.00   .9695743E-13
  1.0   18330.00   .9701116E-13
  1.0   18340.00   .9706811E-13
  1.0   18350.00   .9712825E-13
  1.0   18360.00   .9719151E-13
  1.0   18370.00   .9725786E-13
  1.0   18380.00   .9732723E-13
  1.0   18390.00   .9739959E-13
  1.0   18400.00   .9747487E-13
  1.0   18410.00   .9755303E-13
  1.0   18420.00   .9763403E-13
  1.0   18430.00   .9771780E-13
  1.0   18440.00   .9780431E-13
  1.0   18450.00   .9789349E-13
  1.0   18460.00   .9798530E-13
  1.0   18470.00   .9807970E-13
  1.0   18480.00   .9817662E-13
  1.0   18490.00   .9827603E-13
  1.0   18500.00   .9837787E-13
  1.0   18510.00   .9848208E-13
  1.0   18520.00   .9858863E-13
  1.0   18530.00   .9869745E-13
  1.0   18540.00   .9880850E-13
  1.0   18550.00   .9892174E-13
  1.0   18560.00   .9903710E-13
  1.0   18570.00   .9915454E-13
  1.0   18580.00   .9927401E-13
  1.0   18590.00   .9939545E-13
  1.0   18600.00   .9951883E-13
  1.0   18610.00   .9964408E-13
  1.0   18620.00   .9977116E-13
  1.0   18630.00   .9990001E-13
  1.0   18640.00   .1000306E-12
  1.0   18650.00   .1001628E-12
  1.0   18660.00   .1002967E-12
  1.0   18670.00   .1004322E-12
  1.0   18680.00   .1005692E-12
  1.0   18690.00   .1007076E-12
  1.0   18700.00   .1008475E-12
  1.0   18710.00   .1009887E-12
  1.0   18720.00   .1011313E-12
  1.0   18730.00   .1012752E-12
  1.0   18740.00   .1014202E-12
  1.0   18750.00   .1015665E-12
  1.0   18760.00   .1017138E-12
  1.0   18770.00   .1018622E-12
  1.0   18780.00   .1020117E-12
  1.0   18790.00   .1021621E-12
  1.0   18800.00   .1023134E-12
  1.0   18810.00   .1024656E-12
  1.0   18820.00   .1026186E-12
  1.0   18830.00   .1027724E-12
  1.0   18840.00   .1029269E-12
  1.0   18850.00   .1030820E-12
  1.0   18860.00   .1032378E-12
  1.0   18870.00   .1033941E-12
  1.0   18880.00   .1035509E-12
  1.0   18890.00   .1037082E-12
  1.0   18900.00   .1038659E-12
  1.0   18910.00   .1040239E-12
  1.0   18920.00   .1041823E-12
  1.0   18930.00   .1043409E-12
  1.0   18940.00   .1044997E-12
  1.0   18950.00   .1046587E-12
  1.0   18960.00   .1048178E-12
  1.0   18970.00   .1049769E-12
  1.0   18980.00   .1051360E-12
  1.0   18990.00   .1052951E-12
  1.0   19000.00   .1054541E-12
  1.0   19010.00   .1056129E-12
  1.0   19020.00   .1057715E-12
  1.0   19030.00   .1059298E-12
  1.0   19040.00   .1060879E-12
  1.0   19050.00   .1062456E-12
  1.0   19060.00   .1064029E-12
  1.0   19070.00   .1065597E-12
  1.0   19080.00   .1067160E-12
  1.0   19090.00   .1068717E-12
  1.0   19100.00   .1070269E-12
  1.0   19110.00   .1071813E-12
  1.0   19120.00   .1073351E-12
  1.0   19130.00   .1074881E-12
  1.0   19140.00   .1076402E-12
  1.0   19150.00   .1077915E-12
  1.0   19160.00   .1079419E-12
  1.0   19170.00   .1080912E-12
  1.0   19180.00   .1082396E-12
  1.0   19190.00   .1083869E-12
  1.0   19200.00   .1085330E-12
  1.0   19210.00   .1086780E-12
  1.0   19220.00   .1088218E-12
  1.0   19230.00   .1089642E-12
  1.0   19240.00   .1091053E-12
  1.0   19250.00   .1092451E-12
  1.0   19260.00   .1093834E-12
  1.0   19270.00   .1095202E-12
  1.0   19280.00   .1096555E-12
  1.0   19290.00   .1097891E-12
  1.0   19300.00   .1099211E-12
  1.0   19310.00   .1100515E-12
  1.0   19320.00   .1101800E-12
  1.0   19330.00   .1103068E-12
  1.0   19340.00   .1104317E-12
  1.0   19350.00   .1105548E-12
  1.0   19360.00   .1106758E-12
  1.0   19370.00   .1107949E-12
  1.0   19380.00   .1109119E-12
  1.0   19390.00   .1110267E-12
  1.0   19400.00   .1111394E-12
  1.0   19410.00   .1112499E-12
  1.0   19420.00   .1113582E-12
  1.0   19430.00   .1114641E-12
  1.0   19440.00   .1115676E-12
  1.0   19450.00   .1116687E-12
  1.0   19460.00   .1117673E-12
  1.0   19470.00   .1118634E-12
  1.0   19480.00   .1119569E-12
  1.0   19490.00   .1120478E-12
  1.0   19500.00   .1121360E-12
  1.0   19510.00   .1122215E-12
  1.0   19520.00   .1123041E-12
  1.0   19530.00   .1123839E-12
  1.0   19540.00   .1124609E-12
  1.0   19550.00   .1125348E-12
  1.0   19560.00   .1126058E-12
  1.0   19570.00   .1126737E-12
  1.0   19580.00   .1127385E-12
  1.0   19590.00   .1128002E-12
  1.0   19600.00   .1128586E-12
  1.0   19610.00   .1129139E-12
  1.0   19620.00   .1129660E-12
  1.0   19630.00   .1130150E-12
  1.0   19640.00   .1130608E-12
  1.0   19650.00   .1131035E-12
  1.0   19660.00   .1131431E-12
  1.0   19670.00   .1131796E-12
  1.0   19680.00   .1132131E-12
  1.0   19690.00   .1132435E-12
  1.0   19700.00   .1132709E-12
  1.0   19710.00   .1132952E-12
  1.0   19720.00   .1133166E-12
  1.0   19730.00   .1133349E-12
  1.0   19740.00   .1133503E-12
  1.0   19750.00   .1133628E-12
  1.0   19760.00   .1133723E-12
  1.0   19770.00   .1133789E-12
  1.0   19780.00   .1133826E-12
  1.0   19790.00   .1133834E-12
  1.0   19800.00   .1133813E-12
  1.0   19810.00   .1133764E-12
  1.0   19820.00   .1133687E-12
  1.0   19830.00   .1133581E-12
  1.0   19840.00   .1133447E-12
  1.0   19850.00   .1133285E-12
  1.0   19860.00   .1133096E-12
  1.0   19870.00   .1132879E-12
  1.0   19880.00   .1132635E-12
  1.0   19890.00   .1132363E-12
  1.0   19900.00   .1132065E-12
  1.0   19910.00   .1131739E-12
  1.0   19920.00   .1131387E-12
  1.0   19930.00   .1131009E-12
  1.0   19940.00   .1130604E-12
  1.0   19950.00   .1130172E-12
  1.0   19960.00   .1129715E-12
  1.0   19970.00   .1129232E-12
  1.0   19980.00   .1128723E-12
  1.0   19990.00   .1128188E-12
  1.0   20000.00   .1127628E-12
  1.0   20010.00   .1127043E-12
  1.0   20020.00   .1126433E-12
  1.0   20030.00   .1125798E-12
  1.0   20040.00   .1125138E-12
  1.0   20050.00   .1124454E-12
  1.0   20060.00   .1123745E-12
  1.0   20070.00   .1123012E-12
  1.0   20080.00   .1122255E-12
  1.0   20090.00   .1121474E-12
  1.0   20100.00   .1120669E-12
  1.0   20110.00   .1119841E-12
  1.0   20120.00   .1118989E-12
  1.0   20130.00   .1118115E-12
  1.0   20140.00   .1117217E-12
  1.0   20150.00   .1116296E-12
  1.0   20160.00   .1115352E-12
  1.0   20170.00   .1114386E-12
  1.0   20180.00   .1113398E-12
  1.0   20190.00   .1112387E-12
  1.0   20200.00   .1111354E-12
  1.0   20210.00   .1110299E-12
  1.0   20220.00   .1109223E-12
  1.0   20230.00   .1108125E-12
  1.0   20240.00   .1107006E-12
  1.0   20250.00   .1105865E-12
  1.0   20260.00   .1104703E-12
  1.0   20270.00   .1103521E-12
  1.0   20280.00   .1102318E-12
  1.0   20290.00   .1101094E-12
  1.0   20300.00   .1099850E-12
  1.0   20310.00   .1098585E-12
  1.0   20320.00   .1097301E-12
  1.0   20330.00   .1095997E-12
  1.0   20340.00   .1094673E-12
  1.0   20350.00   .1093329E-12
  1.0   20360.00   .1091966E-12
  1.0   20370.00   .1090584E-12
  1.0   20380.00   .1089183E-12
  1.0   20390.00   .1087763E-12
  1.0   20400.00   .1086325E-12
  1.0   20410.00   .1084868E-12
  1.0   20420.00   .1083392E-12
  1.0   20430.00   .1081899E-12
  1.0   20440.00   .1080387E-12
  1.0   20450.00   .1078858E-12
  1.0   20460.00   .1077310E-12
  1.0   20470.00   .1075746E-12
  1.0   20480.00   .1074164E-12
  1.0   20490.00   .1072565E-12
  1.0   20500.00   .1070949E-12
  1.0   20510.00   .1069316E-12
  1.0   20520.00   .1067667E-12
  1.0   20530.00   .1066001E-12
  1.0   20540.00   .1064318E-12
  1.0   20550.00   .1062620E-12
  1.0   20560.00   .1060906E-12
  1.0   20570.00   .1059176E-12
  1.0   20580.00   .1057430E-12
  1.0   20590.00   .1055669E-12
  1.0   20600.00   .1053893E-12
  1.0   20610.00   .1052102E-12
  1.0   20620.00   .1050295E-12
  1.0   20630.00   .1048474E-12
  1.0   20640.00   .1046639E-12
  1.0   20650.00   .1044789E-12
  1.0   20660.00   .1042925E-12
  1.0   20670.00   .1041047E-12
  1.0   20680.00   .1039155E-12
  1.0   20690.00   .1037249E-12
  1.0   20700.00   .1035330E-12
  1.0   20710.00   .1033397E-12
  1.0   20720.00   .1031451E-12
  1.0   20730.00   .1029493E-12
  1.0   20740.00   .1027521E-12
  1.0   20750.00   .1025537E-12
  1.0   20760.00   .1023540E-12
  1.0   20770.00   .1021531E-12
  1.0   20780.00   .1019510E-12
  1.0   20790.00   .1017477E-12
  1.0   20800.00   .1015433E-12
  1.0   20810.00   .1013376E-12
  1.0   20820.00   .1011309E-12
  1.0   20830.00   .1009230E-12
  1.0   20840.00   .1007140E-12
  1.0   20850.00   .1005039E-12
  1.0   20860.00   .1002928E-12
  1.0   20870.00   .1000805E-12
  1.0   20880.00   .9986731E-13
  1.0   20890.00   .9965306E-13
  1.0   20900.00   .9943780E-13
  1.0   20910.00   .9922157E-13
  1.0   20920.00   .9900438E-13
  1.0   20930.00   .9878623E-13
  1.0   20940.00   .9856717E-13
  1.0   20950.00   .9834719E-13
  1.0   20960.00   .9812632E-13
  1.0   20970.00   .9790458E-13
  1.0   20980.00   .9768198E-13
  1.0   20990.00   .9745855E-13
  1.0   21000.00   .9723429E-13
  1.0   21010.00   .9700924E-13
  1.0   21020.00   .9678340E-13
  1.0   21030.00   .9655679E-13
  1.0   21040.00   .9632944E-13
  1.0   21050.00   .9610135E-13
  1.0   21060.00   .9587256E-13
  1.0   21070.00   .9564307E-13
  1.0   21080.00   .9541291E-13
  1.0   21090.00   .9518209E-13
  1.0   21100.00   .9495063E-13
  1.0   21110.00   .9471855E-13
  1.0   21120.00   .9448587E-13
  1.0   21130.00   .9425261E-13
  1.0   21140.00   .9401877E-13
  1.0   21150.00   .9378439E-13
  1.0   21160.00   .9354948E-13
  1.0   21170.00   .9331406E-13
  1.0   21180.00   .9307814E-13
  1.0   21190.00   .9284175E-13
  1.0   21200.00   .9260490E-13
  1.0   21210.00   .9236762E-13
  1.0   21220.00   .9212991E-13
  1.0   21230.00   .9189181E-13
  1.0   21240.00   .9165331E-13
  1.0   21250.00   .9141446E-13
  1.0   21260.00   .9117526E-13
  1.0   21270.00   .9093572E-13
  1.0   21280.00   .9069588E-13
  1.0   21290.00   .9045575E-13
  1.0   21300.00   .9021535E-13
  1.0   21310.00   .8997469E-13
  1.0   21320.00   .8973379E-13
  1.0   21330.00   .8949268E-13
  1.0   21340.00   .8925137E-13
  1.0   21350.00   .8900988E-13
  1.0   21360.00   .8876823E-13
  1.0   21370.00   .8852643E-13
  1.0   21380.00   .8828451E-13
  1.0   21390.00   .8804249E-13
  1.0   21400.00   .8780037E-13
  1.0   21410.00   .8755819E-13
  1.0   21420.00   .8731596E-13
  1.0   21430.00   .8707370E-13
  1.0   21440.00   .8683142E-13
  1.0   21450.00   .8658915E-13
  1.0   21460.00   .8634691E-13
  1.0   21470.00   .8610470E-13
  1.0   21480.00   .8586257E-13
  1.0   21490.00   .8562051E-13
  1.0   21500.00   .8537855E-13
  1.0   21510.00   .8513671E-13
  1.0   21520.00   .8489501E-13
  1.0   21530.00   .8465346E-13
  1.0   21540.00   .8441209E-13
  1.0   21550.00   .8417092E-13
  1.0   21560.00   .8392995E-13
  1.0   21570.00   .8368922E-13
  1.0   21580.00   .8344874E-13
  1.0   21590.00   .8320853E-13
  1.0   21600.00   .8296861E-13
  1.0   21610.00   .8272899E-13
  1.0   21620.00   .8248970E-13
  1.0   21630.00   .8225076E-13
  1.0   21640.00   .8201218E-13
  1.0   21650.00   .8177398E-13
  1.0   21660.00   .8153619E-13
  1.0   21670.00   .8129882E-13
  1.0   21680.00   .8106188E-13
  1.0   21690.00   .8082541E-13
  1.0   21700.00   .8058942E-13
  1.0   21710.00   .8035392E-13
  1.0   21720.00   .8011894E-13
  1.0   21730.00   .7988450E-13
  1.0   21740.00   .7965061E-13
  1.0   21750.00   .7941729E-13
  1.0   21760.00   .7918457E-13
  1.0   21770.00   .7895246E-13
  1.0   21780.00   .7872098E-13
  1.0   21790.00   .7849015E-13
  1.0   21800.00   .7825999E-13
  1.0   21810.00   .7803052E-13
  1.0   21820.00   .7780176E-13
  1.0   21830.00   .7757372E-13
  1.0   21840.00   .7734643E-13
  1.0   21850.00   .7711991E-13
  1.0   21860.00   .7689417E-13
  1.0   21870.00   .7666924E-13
  1.0   21880.00   .7644513E-13
  1.0   21890.00   .7622186E-13
  1.0   21900.00   .7599946E-13
  1.0   21910.00   .7577793E-13
  1.0   21920.00   .7555731E-13
  1.0   21930.00   .7533761E-13
  1.0   21940.00   .7511884E-13
  1.0   21950.00   .7490104E-13
  1.0   21960.00   .7468421E-13
  1.0   21970.00   .7446838E-13
  1.0   21980.00   .7425357E-13
  1.0   21990.00   .7403979E-13
  1.0   22000.00   .7382707E-13
  1.0   22010.00   .7361542E-13
  1.0   22020.00   .7340486E-13
  1.0   22030.00   .7319542E-13
  1.0   22040.00   .7298712E-13
  1.0   22050.00   .7277996E-13
  1.0   22060.00   .7257398E-13
  1.0   22070.00   .7236919E-13
  1.0   22080.00   .7216560E-13
  1.0   22090.00   .7196325E-13
  1.0   22100.00   .7176215E-13
  1.0   22110.00   .7156232E-13
  1.0   22120.00   .7136377E-13
  1.0   22130.00   .7116653E-13
  1.0   22140.00   .7097062E-13
  1.0   22150.00   .7077606E-13
  1.0   22160.00   .7058286E-13
  1.0   22170.00   .7039105E-13
  1.0   22180.00   .7020064E-13
  1.0   22190.00   .7001166E-13
  1.0   22200.00   .6982412E-13
  1.0   22210.00   .6963805E-13
  1.0   22220.00   .6945346E-13
  1.0   22230.00   .6927037E-13
  1.0   22240.00   .6908880E-13
  1.0   22250.00   .6890877E-13
  1.0   22260.00   .6873031E-13
  1.0   22270.00   .6855343E-13
  1.0   22280.00   .6837814E-13
  1.0   22290.00   .6820448E-13
  1.0   22300.00   .6803245E-13
  1.0   22310.00   .6786209E-13
  1.0   22320.00   .6769340E-13
  1.0   22330.00   .6752641E-13
  1.0   22340.00   .6736113E-13
  1.0   22350.00   .6719759E-13
  1.0   22360.00   .6703581E-13
  1.0   22370.00   .6687581E-13
  1.0   22380.00   .6671760E-13
  1.0   22390.00   .6656119E-13
  1.0   22400.00   .6640657E-13
  1.0   22410.00   .6625375E-13
  1.0   22420.00   .6610271E-13
  1.0   22430.00   .6595345E-13
  1.0   22440.00   .6580595E-13
  1.0   22450.00   .6566023E-13
  1.0   22460.00   .6551626E-13
  1.0   22470.00   .6537404E-13
  1.0   22480.00   .6523357E-13
  1.0   22490.00   .6509484E-13
  1.0   22500.00   .6495785E-13
  1.0   22510.00   .6482258E-13
  1.0   22520.00   .6468903E-13
  1.0   22530.00   .6455720E-13
  1.0   22540.00   .6442708E-13
  1.0   22550.00   .6429866E-13
  1.0   22560.00   .6417193E-13
  1.0   22570.00   .6404690E-13
  1.0   22580.00   .6392355E-13
  1.0   22590.00   .6380187E-13
  1.0   22600.00   .6368187E-13
  1.0   22610.00   .6356353E-13
  1.0   22620.00   .6344685E-13
  1.0   22630.00   .6333182E-13
  1.0   22640.00   .6321843E-13
  1.0   22650.00   .6310669E-13
  1.0   22660.00   .6299657E-13
  1.0   22670.00   .6288808E-13
  1.0   22680.00   .6278121E-13
  1.0   22690.00   .6267595E-13
  1.0   22700.00   .6257230E-13
  1.0   22710.00   .6247025E-13
  1.0   22720.00   .6236979E-13
  1.0   22730.00   .6227092E-13
  1.0   22740.00   .6217363E-13
  1.0   22750.00   .6207791E-13
  1.0   22760.00   .6198376E-13
  1.0   22770.00   .6189117E-13
  1.0   22780.00   .6180014E-13
  1.0   22790.00   .6171065E-13
  1.0   22800.00   .6162270E-13
  1.0   22810.00   .6153629E-13
  1.0   22820.00   .6145140E-13
  1.0   22830.00   .6136803E-13
  1.0   22840.00   .6128618E-13
  1.0   22850.00   .6120584E-13
  1.0   22860.00   .6112700E-13
  1.0   22870.00   .6104965E-13
  1.0   22880.00   .6097379E-13
  1.0   22890.00   .6089941E-13
  1.0   22900.00   .6082650E-13
  1.0   22910.00   .6075507E-13
  1.0   22920.00   .6068509E-13
  1.0   22930.00   .6061657E-13
  1.0   22940.00   .6054949E-13
  1.0   22950.00   .6048386E-13
  1.0   22960.00   .6041966E-13
  1.0   22970.00   .6035688E-13
  1.0   22980.00   .6029553E-13
  1.0   22990.00   .6023559E-13
  1.0   23000.00   .6017706E-13
  1.0   23010.00   .6011993E-13
  1.0   23020.00   .6006419E-13
  1.0   23030.00   .6000984E-13
  1.0   23040.00   .5995687E-13
  1.0   23050.00   .5990527E-13
  1.0   23060.00   .5985504E-13
  1.0   23070.00   .5980616E-13
  1.0   23080.00   .5975864E-13
  1.0   23090.00   .5971247E-13
  1.0   23100.00   .5966764E-13
  1.0   23110.00   .5962413E-13
  1.0   23120.00   .5958195E-13
  1.0   23130.00   .5954110E-13
  1.0   23140.00   .5950155E-13
  1.0   23150.00   .5946330E-13
  1.0   23160.00   .5942636E-13
  1.0   23170.00   .5939071E-13
  1.0   23180.00   .5935634E-13
  1.0   23190.00   .5932324E-13
  1.0   23200.00   .5929142E-13
  1.0   23210.00   .5926086E-13
  1.0   23220.00   .5923156E-13
  1.0   23230.00   .5920350E-13
  1.0   23240.00   .5917669E-13
  1.0   23250.00   .5915112E-13
  1.0   23260.00   .5912677E-13
  1.0   23270.00   .5910365E-13
  1.0   23280.00   .5908174E-13
  1.0   23290.00   .5906104E-13
  1.0   23300.00   .5904154E-13
  1.0   23310.00   .5902323E-13
  1.0   23320.00   .5900611E-13
  1.0   23330.00   .5899017E-13
  1.0   23340.00   .5897541E-13
  1.0   23350.00   .5896181E-13
  1.0   23360.00   .5894937E-13
  1.0   23370.00   .5893808E-13
  1.0   23380.00   .5892794E-13
  1.0   23390.00   .5891893E-13
  1.0   23400.00   .5891106E-13
  1.0   23410.00   .5890431E-13
  1.0   23420.00   .5889868E-13
  1.0   23430.00   .5889416E-13
  1.0   23440.00   .5889074E-13
  1.0   23450.00   .5888842E-13
  1.0   23460.00   .5888718E-13
  1.0   23470.00   .5888703E-13
  1.0   23480.00   .5888796E-13
  1.0   23490.00   .5888995E-13
  1.0   23500.00   .5889301E-13
  1.0   23510.00   .5889711E-13
  1.0   23520.00   .5890227E-13
  1.0   23530.00   .5890846E-13
  1.0   23540.00   .5891569E-13
  1.0   23550.00   .5892395E-13
  1.0   23560.00   .5893322E-13
  1.0   23570.00   .5894350E-13
  1.0   23580.00   .5895479E-13
  1.0   23590.00   .5896708E-13
  1.0   23600.00   .5898036E-13
  1.0   23610.00   .5899462E-13
  1.0   23620.00   .5900986E-13
  1.0   23630.00   .5902607E-13
  1.0   23640.00   .5904324E-13
  1.0   23650.00   .5906136E-13
  1.0   23660.00   .5908044E-13
  1.0   23670.00   .5910045E-13
  1.0   23680.00   .5912140E-13
  1.0   23690.00   .5914328E-13
  1.0   23700.00   .5916607E-13
  1.0   23710.00   .5918978E-13
  1.0   23720.00   .5921439E-13
  1.0   23730.00   .5923991E-13
  1.0   23740.00   .5926631E-13
  1.0   23750.00   .5929360E-13
  1.0   23760.00   .5932177E-13
  1.0   23770.00   .5935081E-13
  1.0   23780.00   .5938071E-13
  1.0   23790.00   .5941146E-13
  1.0   23800.00   .5944307E-13
  1.0   23810.00   .5947551E-13
  1.0   23820.00   .5950880E-13
  1.0   23830.00   .5954291E-13
  1.0   23840.00   .5957784E-13
  1.0   23850.00   .5961358E-13
  1.0   23860.00   .5965013E-13
  1.0   23870.00   .5968748E-13
  1.0   23880.00   .5972562E-13
  1.0   23890.00   .5976455E-13
  1.0   23900.00   .5980425E-13
  1.0   23910.00   .5984473E-13
  1.0   23920.00   .5988597E-13
  1.0   23930.00   .5992796E-13
  1.0   23940.00   .5997071E-13
  1.0   23950.00   .6001420E-13
  1.0   23960.00   .6005842E-13
  1.0   23970.00   .6010337E-13
  1.0   23980.00   .6014904E-13
  1.0   23990.00   .6019543E-13
  1.0   24000.00   .6024252E-13
  1.0   24010.00   .6029032E-13
  1.0   24020.00   .6033880E-13
  1.0   24030.00   .6038797E-13
  1.0   24040.00   .6043782E-13
  1.0   24050.00   .6048834E-13
  1.0   24060.00   .6053953E-13
  1.0   24070.00   .6059137E-13
  1.0   24080.00   .6064386E-13
  1.0   24090.00   .6069700E-13
  1.0   24100.00   .6075077E-13
  1.0   24110.00   .6080517E-13
  1.0   24120.00   .6086019E-13
  1.0   24130.00   .6091582E-13
  1.0   24140.00   .6097206E-13
  1.0   24150.00   .6102891E-13
  1.0   24160.00   .6108634E-13
  1.0   24170.00   .6114436E-13
  1.0   24180.00   .6120296E-13
  1.0   24190.00   .6126213E-13
  1.0   24200.00   .6132187E-13
  1.0   24210.00   .6138216E-13
  1.0   24220.00   .6144301E-13
  1.0   24230.00   .6150440E-13
  1.0   24240.00   .6156632E-13
  1.0   24250.00   .6162877E-13
  1.0   24260.00   .6169175E-13
  1.0   24270.00   .6175524E-13
  1.0   24280.00   .6181923E-13
  1.0   24290.00   .6188373E-13
  1.0   24300.00   .6194872E-13
  1.0   24310.00   .6201420E-13
  1.0   24320.00   .6208016E-13
  1.0   24330.00   .6214658E-13
  1.0   24340.00   .6221348E-13
  1.0   24350.00   .6228083E-13
  1.0   24360.00   .6234863E-13
  1.0   24370.00   .6241688E-13
  1.0   24380.00   .6248556E-13
  1.0   24390.00   .6255468E-13
  1.0   24400.00   .6262421E-13
  1.0   24410.00   .6269417E-13
  1.0   24420.00   .6276453E-13
  1.0   24430.00   .6283529E-13
  1.0   24440.00   .6290644E-13
  1.0   24450.00   .6297798E-13
  1.0   24460.00   .6304991E-13
  1.0   24470.00   .6312220E-13
  1.0   24480.00   .6319486E-13
  1.0   24490.00   .6326788E-13
  1.0   24500.00   .6334126E-13
  1.0   24510.00   .6341497E-13
  1.0   24520.00   .6348903E-13
  1.0   24530.00   .6356341E-13
  1.0   24540.00   .6363812E-13
  1.0   24550.00   .6371314E-13
  1.0   24560.00   .6378848E-13
  1.0   24570.00   .6386412E-13
  1.0   24580.00   .6394005E-13
  1.0   24590.00   .6401627E-13
  1.0   24600.00   .6409277E-13
  1.0   24610.00   .6416954E-13
  1.0   24620.00   .6424658E-13
  1.0   24630.00   .6432389E-13
  1.0   24640.00   .6440144E-13
  1.0   24650.00   .6447924E-13
  1.0   24660.00   .6455728E-13
  1.0   24670.00   .6463555E-13
  1.0   24680.00   .6471405E-13
  1.0   24690.00   .6479276E-13
  1.0   24700.00   .6487168E-13
  1.0   24710.00   .6495081E-13
  1.0   24720.00   .6503013E-13
  1.0   24730.00   .6510965E-13
  1.0   24740.00   .6518934E-13
  1.0   24750.00   .6526922E-13
  1.0   24760.00   .6534926E-13
  1.0   24770.00   .6542946E-13
  1.0   24780.00   .6550981E-13
  1.0   24790.00   .6559032E-13
  1.0   24800.00   .6567096E-13
  1.0   24810.00   .6575174E-13
  1.0   24820.00   .6583264E-13
  1.0   24830.00   .6591366E-13
  1.0   24840.00   .6599480E-13
  1.0   24850.00   .6607604E-13
  1.0   24860.00   .6615737E-13
  1.0   24870.00   .6623880E-13
  1.0   24880.00   .6632032E-13
  1.0   24890.00   .6640191E-13
  1.0   24900.00   .6648357E-13
  1.0   24910.00   .6656529E-13
  1.0   24920.00   .6664708E-13
  1.0   24930.00   .6672891E-13
  1.0   24940.00   .6681078E-13
  1.0   24950.00   .6689269E-13
  1.0   24960.00   .6697462E-13
  1.0   24970.00   .6705658E-13
  1.0   24980.00   .6713855E-13
  1.0   24990.00   .6722053E-13
  1.0   25000.00   .6730251E-13
