 55.0    1000.00   .6714695E-15
 55.0    1010.00   .2592768E-14
 55.0    1020.00   .6994980E-14
 55.0    1030.00   .1547744E-13
 55.0    1040.00   .3010321E-13
 55.0    1050.00   .5340568E-13
 55.0    1060.00   .8836939E-13
 55.0    1070.00   .1383821E-12
 55.0    1080.00   .2071575E-12
 55.0    1090.00   .2986261E-12
 55.0    1100.00   .4167990E-12
 55.0    1110.00   .5656015E-12
 55.0    1120.00   .7486873E-12
 55.0    1130.00   .9692318E-12
 55.0    1140.00   .1229716E-11
 55.0    1150.00   .1531708E-11
 55.0    1160.00   .1875650E-11
 55.0    1170.00   .2260664E-11
 55.0    1180.00   .2684379E-11
 55.0    1190.00   .3142808E-11
 55.0    1200.00   .3630261E-11
 55.0    1210.00   .4139330E-11
 55.0    1220.00   .4660924E-11
 55.0    1230.00   .5184406E-11
 55.0    1240.00   .5697779E-11
 55.0    1250.00   .6187976E-11
 55.0    1260.00   .6642536E-11
 55.0    1270.00   .7054565E-11
 55.0    1280.00   .7420109E-11
 55.0    1290.00   .7737018E-11
 55.0    1300.00   .8004881E-11
 55.0    1310.00   .8224915E-11
 55.0    1320.00   .8399793E-11
 55.0    1330.00   .8533461E-11
 55.0    1340.00   .8630925E-11
 55.0    1350.00   .8698051E-11
 55.0    1360.00   .8741356E-11
 55.0    1370.00   .8767847E-11
 55.0    1380.00   .8784733E-11
 55.0    1390.00   .8796540E-11
 55.0    1400.00   .8804944E-11
 55.0    1410.00   .8811470E-11
 55.0    1420.00   .8817630E-11
 55.0    1430.00   .8824924E-11
 55.0    1440.00   .8834850E-11
 55.0    1450.00   .8848914E-11
 55.0    1460.00   .8868643E-11
 55.0    1470.00   .8895589E-11
 55.0    1480.00   .8931348E-11
 55.0    1490.00   .8977571E-11
 55.0    1500.00   .9035982E-11
 55.0    1510.00   .9108050E-11
 55.0    1520.00   .9193988E-11
 55.0    1530.00   .9293688E-11
 55.0    1540.00   .9407050E-11
 55.0    1550.00   .9533978E-11
 55.0    1560.00   .9674375E-11
 55.0    1570.00   .9828143E-11
 55.0    1580.00   .9995192E-11
 55.0    1590.00   .1017542E-10
 55.0    1600.00   .1036870E-10
 55.0    1610.00   .1057491E-10
 55.0    1620.00   .1079391E-10
 55.0    1630.00   .1102553E-10
 55.0    1640.00   .1126957E-10
 55.0    1650.00   .1152582E-10
 55.0    1660.00   .1179402E-10
 55.0    1670.00   .1207389E-10
 55.0    1680.00   .1236508E-10
 55.0    1690.00   .1266723E-10
 55.0    1700.00   .1297990E-10
 55.0    1710.00   .1330261E-10
 55.0    1720.00   .1363482E-10
 55.0    1730.00   .1397589E-10
 55.0    1740.00   .1432518E-10
 55.0    1750.00   .1468193E-10
 55.0    1760.00   .1504540E-10
 55.0    1770.00   .1541520E-10
 55.0    1780.00   .1579099E-10
 55.0    1790.00   .1617239E-10
 55.0    1800.00   .1655897E-10
 55.0    1810.00   .1695026E-10
 55.0    1820.00   .1734575E-10
 55.0    1830.00   .1774488E-10
 55.0    1840.00   .1814704E-10
 55.0    1850.00   .1855157E-10
 55.0    1860.00   .1895778E-10
 55.0    1870.00   .1936489E-10
 55.0    1880.00   .1977212E-10
 55.0    1890.00   .2017861E-10
 55.0    1900.00   .2058346E-10
 55.0    1910.00   .2098571E-10
 55.0    1920.00   .2138439E-10
 55.0    1930.00   .2177846E-10
 55.0    1940.00   .2216683E-10
 55.0    1950.00   .2254837E-10
 55.0    1960.00   .2292195E-10
 55.0    1970.00   .2328636E-10
 55.0    1980.00   .2364037E-10
 55.0    1990.00   .2398275E-10
 55.0    2000.00   .2431223E-10
 55.0    2010.00   .2462770E-10
 55.0    2020.00   .2492885E-10
 55.0    2030.00   .2521559E-10
 55.0    2040.00   .2548785E-10
 55.0    2050.00   .2574563E-10
 55.0    2060.00   .2598897E-10
 55.0    2070.00   .2621792E-10
 55.0    2080.00   .2643260E-10
 55.0    2090.00   .2663314E-10
 55.0    2100.00   .2681972E-10
 55.0    2110.00   .2699253E-10
 55.0    2120.00   .2715182E-10
 55.0    2130.00   .2729784E-10
 55.0    2140.00   .2743087E-10
 55.0    2150.00   .2755125E-10
 55.0    2160.00   .2765930E-10
 55.0    2170.00   .2775537E-10
 55.0    2180.00   .2783985E-10
 55.0    2190.00   .2791312E-10
 55.0    2200.00   .2797560E-10
 55.0    2210.00   .2802770E-10
 55.0    2220.00   .2806988E-10
 55.0    2230.00   .2810255E-10
 55.0    2240.00   .2812621E-10
 55.0    2250.00   .2814130E-10
 55.0    2260.00   .2814849E-10
 55.0    2270.00   .2814922E-10
 55.0    2280.00   .2814516E-10
 55.0    2290.00   .2813795E-10
 55.0    2300.00   .2812925E-10
 55.0    2310.00   .2812077E-10
 55.0    2320.00   .2811416E-10
 55.0    2330.00   .2811112E-10
 55.0    2340.00   .2811335E-10
 55.0    2350.00   .2812253E-10
 55.0    2360.00   .2814039E-10
 55.0    2370.00   .2816865E-10
 55.0    2380.00   .2820905E-10
 55.0    2390.00   .2826335E-10
 55.0    2400.00   .2833335E-10
 55.0    2410.00   .2842088E-10
 55.0    2420.00   .2852780E-10
 55.0    2430.00   .2865600E-10
 55.0    2440.00   .2880748E-10
 55.0    2450.00   .2898426E-10
 55.0    2460.00   .2918845E-10
 55.0    2470.00   .2942226E-10
 55.0    2480.00   .2968799E-10
 55.0    2490.00   .2998806E-10
 55.0    2500.00   .3032502E-10
 55.0    2510.00   .2920543E-10
 55.0    2520.00   .3935470E-10
 55.0    2530.00   .4355394E-10
 55.0    2540.00   .3822302E-10
 55.0    2550.00   .3983161E-10
 55.0    2560.00   .3867025E-10
 55.0    2570.00   .4066030E-10
 55.0    2580.00   .3874438E-10
 55.0    2590.00   .3160237E-10
 55.0    2600.00   .2348444E-10
 55.0    2610.00   .2478832E-10
 55.0    2620.00   .3130934E-10
 55.0    2630.00   .2717924E-10
 55.0    2640.00   .3046765E-10
 55.0    2650.00   .3840858E-10
 55.0    2660.00   .4491319E-10
 55.0    2670.00   .5783414E-10
 55.0    2680.00   .7533004E-10
 55.0    2690.00   .8694775E-10
 55.0    2700.00   .1041434E-09
 55.0    2710.00   .1150180E-09
 55.0    2720.00   .1137395E-09
 55.0    2730.00   .1219658E-09
 55.0    2740.00   .1297800E-09
 55.0    2750.00   .1328780E-09
 55.0    2760.00   .1384856E-09
 55.0    2770.00   .1383048E-09
 55.0    2780.00   .1348747E-09
 55.0    2790.00   .1344286E-09
 55.0    2800.00   .1354602E-09
 55.0    2810.00   .1342252E-09
 55.0    2820.00   .1395883E-09
 55.0    2830.00   .1474790E-09
 55.0    2840.00   .1371113E-09
 55.0    2850.00   .1318648E-09
 55.0    2860.00   .1444853E-09
 55.0    2870.00   .1734281E-09
 55.0    2880.00   .1976042E-09
 55.0    2890.00   .2208485E-09
 55.0    2900.00   .2299237E-09
 55.0    2910.00   .2336495E-09
 55.0    2920.00   .2379886E-09
 55.0    2930.00   .2356772E-09
 55.0    2940.00   .2377344E-09
 55.0    2950.00   .2324619E-09
 55.0    2960.00   .2195945E-09
 55.0    2970.00   .2059848E-09
 55.0    2980.00   .2005521E-09
 55.0    2990.00   .2024329E-09
 55.0    3000.00   .1930428E-09
 55.0    3010.00   .1803937E-09
 55.0    3020.00   .1796904E-09
 55.0    3030.00   .1953840E-09
 55.0    3040.00   .1930116E-09
 55.0    3050.00   .1406738E-09
 55.0    3060.00   .1402660E-09
 55.0    3070.00   .2111875E-09
 55.0    3080.00   .2403338E-09
 55.0    3090.00   .2370189E-09
 55.0    3100.00   .2083184E-09
 55.0    3110.00   .1876691E-09
 55.0    3120.00   .1842964E-09
 55.0    3130.00   .1959462E-09
 55.0    3140.00   .2345575E-09
 55.0    3150.00   .2561969E-09
 55.0    3160.00   .2684655E-09
 55.0    3170.00   .2714398E-09
 55.0    3180.00   .2684474E-09
 55.0    3190.00   .3023652E-09
 55.0    3200.00   .3363599E-09
 55.0    3210.00   .3061119E-09
 55.0    3220.00   .2645918E-09
 55.0    3230.00   .2222377E-09
 55.0    3240.00   .1932991E-09
 55.0    3250.00   .2244976E-09
 55.0    3260.00   .2274158E-09
 55.0    3270.00   .2292050E-09
 55.0    3280.00   .2764646E-09
 55.0    3290.00   .2135908E-09
 55.0    3300.00   .1977131E-09
 55.0    3310.00   .2319976E-09
 55.0    3320.00   .2293469E-09
 55.0    3330.00   .2389667E-09
 55.0    3340.00   .2477168E-09
 55.0    3350.00   .2297987E-09
 55.0    3360.00   .2568733E-09
 55.0    3370.00   .2397285E-09
 55.0    3380.00   .2440684E-09
 55.0    3390.00   .2530879E-09
 55.0    3400.00   .2614319E-09
 55.0    3410.00   .2679370E-09
 55.0    3420.00   .2639911E-09
 55.0    3430.00   .2593800E-09
 55.0    3440.00   .2561951E-09
 55.0    3450.00   .2554135E-09
 55.0    3460.00   .2545846E-09
 55.0    3470.00   .2558610E-09
 55.0    3480.00   .2574683E-09
 55.0    3490.00   .2592241E-09
 55.0    3500.00   .2711701E-09
 55.0    3510.00   .2836357E-09
 55.0    3520.00   .2977573E-09
 55.0    3530.00   .3076238E-09
 55.0    3540.00   .3054206E-09
 55.0    3550.00   .3043958E-09
 55.0    3560.00   .2996099E-09
 55.0    3570.00   .3005008E-09
 55.0    3580.00   .3055192E-09
 55.0    3590.00   .3092831E-09
 55.0    3600.00   .3086365E-09
 55.0    3610.00   .3061995E-09
 55.0    3620.00   .2937345E-09
 55.0    3630.00   .3134215E-09
 55.0    3640.00   .3376744E-09
 55.0    3650.00   .3626451E-09
 55.0    3660.00   .3871072E-09
 55.0    3670.00   .4009451E-09
 55.0    3680.00   .4178000E-09
 55.0    3690.00   .4232120E-09
 55.0    3700.00   .4178176E-09
 55.0    3710.00   .4060085E-09
 55.0    3720.00   .3818359E-09
 55.0    3730.00   .3537951E-09
 55.0    3740.00   .3177458E-09
 55.0    3750.00   .2645999E-09
 55.0    3760.00   .2124644E-09
 55.0    3770.00   .1869324E-09
 55.0    3780.00   .1732889E-09
 55.0    3790.00   .1790259E-09
 55.0    3800.00   .1869128E-09
 55.0    3810.00   .1895662E-09
 55.0    3820.00   .2095816E-09
 55.0    3830.00   .2411201E-09
 55.0    3840.00   .2716942E-09
 55.0    3850.00   .3037302E-09
 55.0    3860.00   .3565538E-09
 55.0    3870.00   .3918210E-09
 55.0    3880.00   .3993592E-09
 55.0    3890.00   .4630442E-09
 55.0    3900.00   .5012551E-09
 55.0    3910.00   .5155170E-09
 55.0    3920.00   .5520556E-09
 55.0    3930.00   .5828142E-09
 55.0    3940.00   .5911430E-09
 55.0    3950.00   .6098616E-09
 55.0    3960.00   .6064843E-09
 55.0    3970.00   .6083974E-09
 55.0    3980.00   .5957264E-09
 55.0    3990.00   .5611760E-09
 55.0    4000.00   .5409317E-09
 55.0    4010.00   .5153577E-09
 55.0    4020.00   .4984174E-09
 55.0    4030.00   .4669364E-09
 55.0    4040.00   .4646992E-09
 55.0    4050.00   .4508813E-09
 55.0    4060.00   .4488618E-09
 55.0    4070.00   .4254954E-09
 55.0    4080.00   .4071700E-09
 55.0    4090.00   .4068331E-09
 55.0    4100.00   .3992651E-09
 55.0    4110.00   .3851170E-09
 55.0    4120.00   .3706669E-09
 55.0    4130.00   .3773377E-09
 55.0    4140.00   .3820102E-09
 55.0    4150.00   .3805981E-09
 55.0    4160.00   .3913661E-09
 55.0    4170.00   .3958384E-09
 55.0    4180.00   .4044653E-09
 55.0    4190.00   .4162417E-09
 55.0    4200.00   .4164064E-09
 55.0    4210.00   .4224770E-09
 55.0    4220.00   .4183971E-09
 55.0    4230.00   .4185611E-09
 55.0    4240.00   .4221135E-09
 55.0    4250.00   .4320620E-09
 55.0    4260.00   .4347954E-09
 55.0    4270.00   .4502999E-09
 55.0    4280.00   .4605262E-09
 55.0    4290.00   .4749500E-09
 55.0    4300.00   .4640240E-09
 55.0    4310.00   .4665173E-09
 55.0    4320.00   .4593793E-09
 55.0    4330.00   .4448366E-09
 55.0    4340.00   .4349441E-09
 55.0    4350.00   .4161744E-09
 55.0    4360.00   .3991142E-09
 55.0    4370.00   .3694066E-09
 55.0    4380.00   .3465106E-09
 55.0    4390.00   .3249389E-09
 55.0    4400.00   .3056648E-09
 55.0    4410.00   .3031968E-09
 55.0    4420.00   .2917820E-09
 55.0    4430.00   .2918352E-09
 55.0    4440.00   .3090492E-09
 55.0    4450.00   .3117193E-09
 55.0    4460.00   .3152857E-09
 55.0    4470.00   .3296145E-09
 55.0    4480.00   .3519753E-09
 55.0    4490.00   .3786334E-09
 55.0    4500.00   .4001955E-09
 55.0    4510.00   .4263778E-09
 55.0    4520.00   .4908226E-09
 55.0    4530.00   .5354710E-09
 55.0    4540.00   .5773192E-09
 55.0    4550.00   .6327131E-09
 55.0    4560.00   .6935697E-09
 55.0    4570.00   .7321374E-09
 55.0    4580.00   .7637634E-09
 55.0    4590.00   .7978481E-09
 55.0    4600.00   .8069184E-09
 55.0    4610.00   .8119293E-09
 55.0    4620.00   .8129922E-09
 55.0    4630.00   .7977648E-09
 55.0    4640.00   .7755729E-09
 55.0    4650.00   .7385583E-09
 55.0    4660.00   .6809755E-09
 55.0    4670.00   .6272506E-09
 55.0    4680.00   .5761265E-09
 55.0    4690.00   .5294876E-09
 55.0    4700.00   .4888882E-09
 55.0    4710.00   .4516185E-09
 55.0    4720.00   .4224786E-09
 55.0    4730.00   .3966639E-09
 55.0    4740.00   .3911163E-09
 55.0    4750.00   .3850805E-09
 55.0    4760.00   .3863162E-09
 55.0    4770.00   .4091932E-09
 55.0    4780.00   .4291120E-09
 55.0    4790.00   .4438513E-09
 55.0    4800.00   .4572449E-09
 55.0    4810.00   .4669278E-09
 55.0    4820.00   .4735597E-09
 55.0    4830.00   .4814818E-09
 55.0    4840.00   .4851848E-09
 55.0    4850.00   .4928428E-09
 55.0    4860.00   .4993602E-09
 55.0    4870.00   .5216738E-09
 55.0    4880.00   .5591560E-09
 55.0    4890.00   .5918797E-09
 55.0    4900.00   .6270612E-09
 55.0    4910.00   .6660168E-09
 55.0    4920.00   .6909380E-09
 55.0    4930.00   .7176439E-09
 55.0    4940.00   .7132927E-09
 55.0    4950.00   .6928399E-09
 55.0    4960.00   .6742760E-09
 55.0    4970.00   .6253749E-09
 55.0    4980.00   .5830960E-09
 55.0    4990.00   .5415368E-09
 55.0    5000.00   .4953835E-09
 55.0    5010.00   .4528897E-09
 55.0    5020.00   .4317372E-09
 55.0    5030.00   .4181888E-09
 55.0    5040.00   .4053772E-09
 55.0    5050.00   .3894882E-09
 55.0    5060.00   .3828423E-09
 55.0    5070.00   .3729322E-09
 55.0    5080.00   .3681906E-09
 55.0    5090.00   .3660411E-09
 55.0    5100.00   .3641846E-09
 55.0    5110.00   .3583772E-09
 55.0    5120.00   .3618259E-09
 55.0    5130.00   .3645565E-09
 55.0    5140.00   .3587159E-09
 55.0    5150.00   .3680534E-09
 55.0    5160.00   .3807321E-09
 55.0    5170.00   .3907715E-09
 55.0    5180.00   .4062102E-09
 55.0    5190.00   .4295319E-09
 55.0    5200.00   .4467041E-09
 55.0    5210.00   .4638177E-09
 55.0    5220.00   .4847571E-09
 55.0    5230.00   .5118681E-09
 55.0    5240.00   .5456183E-09
 55.0    5250.00   .5625019E-09
 55.0    5260.00   .5788383E-09
 55.0    5270.00   .5973061E-09
 55.0    5280.00   .6101238E-09
 55.0    5290.00   .6283151E-09
 55.0    5300.00   .6312488E-09
 55.0    5310.00   .6407807E-09
 55.0    5320.00   .6392318E-09
 55.0    5330.00   .6453879E-09
 55.0    5340.00   .6527113E-09
 55.0    5350.00   .6564175E-09
 55.0    5360.00   .6606729E-09
 55.0    5370.00   .6675600E-09
 55.0    5380.00   .6759428E-09
 55.0    5390.00   .6955015E-09
 55.0    5400.00   .7314487E-09
 55.0    5410.00   .7597552E-09
 55.0    5420.00   .7973688E-09
 55.0    5430.00   .8444127E-09
 55.0    5440.00   .8803975E-09
 55.0    5450.00   .9176558E-09
 55.0    5460.00   .9469529E-09
 55.0    5470.00   .9629553E-09
 55.0    5480.00   .9833852E-09
 55.0    5490.00   .9952567E-09
 55.0    5500.00   .1000507E-08
 55.0    5510.00   .1006387E-08
 55.0    5520.00   .9988654E-09
 55.0    5530.00   .9878927E-09
 55.0    5540.00   .9797984E-09
 55.0    5550.00   .9602414E-09
 55.0    5560.00   .9438727E-09
 55.0    5570.00   .9212015E-09
 55.0    5580.00   .8900680E-09
 55.0    5590.00   .8632064E-09
 55.0    5600.00   .8365498E-09
 55.0    5610.00   .8034698E-09
 55.0    5620.00   .7749419E-09
 55.0    5630.00   .7476859E-09
 55.0    5640.00   .7112636E-09
 55.0    5650.00   .6713487E-09
 55.0    5660.00   .6490498E-09
 55.0    5670.00   .6245147E-09
 55.0    5680.00   .6057056E-09
 55.0    5690.00   .6116976E-09
 55.0    5700.00   .5993640E-09
 55.0    5710.00   .5915263E-09
 55.0    5720.00   .5995591E-09
 55.0    5730.00   .6169571E-09
 55.0    5740.00   .6236393E-09
 55.0    5750.00   .6345095E-09
 55.0    5760.00   .6587290E-09
 55.0    5770.00   .6731599E-09
 55.0    5780.00   .6972131E-09
 55.0    5790.00   .7109006E-09
 55.0    5800.00   .7216762E-09
 55.0    5810.00   .7331387E-09
 55.0    5820.00   .7497737E-09
 55.0    5830.00   .7595704E-09
 55.0    5840.00   .7508300E-09
 55.0    5850.00   .7582383E-09
 55.0    5860.00   .7622578E-09
 55.0    5870.00   .7550012E-09
 55.0    5880.00   .7399499E-09
 55.0    5890.00   .7117007E-09
 55.0    5900.00   .7033732E-09
 55.0    5910.00   .6905921E-09
 55.0    5920.00   .6702872E-09
 55.0    5930.00   .6428624E-09
 55.0    5940.00   .6177825E-09
 55.0    5950.00   .5897124E-09
 55.0    5960.00   .5646009E-09
 55.0    5970.00   .5501606E-09
 55.0    5980.00   .5367958E-09
 55.0    5990.00   .5189262E-09
 55.0    6000.00   .5122236E-09
 55.0    6010.00   .5067882E-09
 55.0    6020.00   .5103047E-09
 55.0    6030.00   .5175486E-09
 55.0    6040.00   .5096101E-09
 55.0    6050.00   .5132347E-09
 55.0    6060.00   .5091097E-09
 55.0    6070.00   .5052612E-09
 55.0    6080.00   .4981667E-09
 55.0    6090.00   .5021100E-09
 55.0    6100.00   .5025996E-09
 55.0    6110.00   .4888433E-09
 55.0    6120.00   .4901707E-09
 55.0    6130.00   .4881060E-09
 55.0    6140.00   .4763628E-09
 55.0    6150.00   .4748074E-09
 55.0    6160.00   .4895295E-09
 55.0    6170.00   .4946936E-09
 55.0    6180.00   .4813410E-09
 55.0    6190.00   .4865880E-09
 55.0    6200.00   .5003308E-09
 55.0    6210.00   .4951828E-09
 55.0    6220.00   .5049901E-09
 55.0    6230.00   .5072514E-09
 55.0    6240.00   .5091060E-09
 55.0    6250.00   .4972615E-09
 55.0    6260.00   .5071159E-09
 55.0    6270.00   .5142841E-09
 55.0    6280.00   .5108130E-09
 55.0    6290.00   .5304238E-09
 55.0    6300.00   .5440329E-09
 55.0    6310.00   .5619466E-09
 55.0    6320.00   .5976825E-09
 55.0    6330.00   .6090647E-09
 55.0    6340.00   .6356350E-09
 55.0    6350.00   .6772926E-09
 55.0    6360.00   .7272736E-09
 55.0    6370.00   .7485582E-09
 55.0    6380.00   .7687330E-09
 55.0    6390.00   .8065122E-09
 55.0    6400.00   .8335322E-09
 55.0    6410.00   .8540408E-09
 55.0    6420.00   .8750079E-09
 55.0    6430.00   .9143132E-09
 55.0    6440.00   .9088371E-09
 55.0    6450.00   .9122888E-09
 55.0    6460.00   .9324347E-09
 55.0    6470.00   .9296020E-09
 55.0    6480.00   .9438343E-09
 55.0    6490.00   .9503938E-09
 55.0    6500.00   .9731289E-09
 55.0    6510.00   .9796891E-09
 55.0    6520.00   .9391845E-09
 55.0    6530.00   .9288970E-09
 55.0    6540.00   .9402729E-09
 55.0    6550.00   .9312877E-09
 55.0    6560.00   .9271844E-09
 55.0    6570.00   .9253163E-09
 55.0    6580.00   .8868481E-09
 55.0    6590.00   .8467285E-09
 55.0    6600.00   .8257374E-09
 55.0    6610.00   .7851347E-09
 55.0    6620.00   .7598106E-09
 55.0    6630.00   .7449981E-09
 55.0    6640.00   .6939307E-09
 55.0    6650.00   .6747298E-09
 55.0    6660.00   .6514518E-09
 55.0    6670.00   .6415905E-09
 55.0    6680.00   .6237456E-09
 55.0    6690.00   .5776529E-09
 55.0    6700.00   .5711365E-09
 55.0    6710.00   .5606985E-09
 55.0    6720.00   .5652495E-09
 55.0    6730.00   .5822668E-09
 55.0    6740.00   .5365279E-09
 55.0    6750.00   .5218993E-09
 55.0    6760.00   .5150313E-09
 55.0    6770.00   .4938013E-09
 55.0    6780.00   .4965904E-09
 55.0    6790.00   .4773023E-09
 55.0    6800.00   .4705043E-09
 55.0    6810.00   .4750128E-09
 55.0    6820.00   .4664683E-09
 55.0    6830.00   .4567699E-09
 55.0    6840.00   .4490332E-09
 55.0    6850.00   .4655703E-09
 55.0    6860.00   .4505614E-09
 55.0    6870.00   .4364883E-09
 55.0    6880.00   .4331025E-09
 55.0    6890.00   .4320838E-09
 55.0    6900.00   .4356669E-09
 55.0    6910.00   .4372592E-09
 55.0    6920.00   .4384078E-09
 55.0    6930.00   .4396038E-09
 55.0    6940.00   .4395186E-09
 55.0    6950.00   .4414242E-09
 55.0    6960.00   .4289013E-09
 55.0    6970.00   .4162306E-09
 55.0    6980.00   .4191579E-09
 55.0    6990.00   .4139415E-09
 55.0    7000.00   .4029022E-09
 55.0    7010.00   .3891720E-09
 55.0    7020.00   .3838599E-09
 55.0    7030.00   .3861467E-09
 55.0    7040.00   .3889455E-09
 55.0    7050.00   .3894420E-09
 55.0    7060.00   .3925727E-09
 55.0    7070.00   .3992481E-09
 55.0    7080.00   .4016163E-09
 55.0    7090.00   .4070459E-09
 55.0    7100.00   .4146385E-09
 55.0    7110.00   .4247271E-09
 55.0    7120.00   .4431664E-09
 55.0    7130.00   .4520815E-09
 55.0    7140.00   .4601733E-09
 55.0    7150.00   .4704446E-09
 55.0    7160.00   .4826824E-09
 55.0    7170.00   .4778611E-09
 55.0    7180.00   .4792155E-09
 55.0    7190.00   .4786990E-09
 55.0    7200.00   .4797577E-09
 55.0    7210.00   .4883163E-09
 55.0    7220.00   .4891353E-09
 55.0    7230.00   .4813721E-09
 55.0    7240.00   .4781944E-09
 55.0    7250.00   .4813058E-09
 55.0    7260.00   .4873356E-09
 55.0    7270.00   .4950448E-09
 55.0    7280.00   .5020977E-09
 55.0    7290.00   .5058994E-09
 55.0    7300.00   .5101157E-09
 55.0    7310.00   .5242270E-09
 55.0    7320.00   .5347422E-09
 55.0    7330.00   .5475157E-09
 55.0    7340.00   .5625413E-09
 55.0    7350.00   .5685780E-09
 55.0    7360.00   .5774476E-09
 55.0    7370.00   .5784294E-09
 55.0    7380.00   .5736160E-09
 55.0    7390.00   .5696238E-09
 55.0    7400.00   .5501050E-09
 55.0    7410.00   .5320904E-09
 55.0    7420.00   .5154646E-09
 55.0    7430.00   .4943350E-09
 55.0    7440.00   .4750734E-09
 55.0    7450.00   .4535845E-09
 55.0    7460.00   .4384843E-09
 55.0    7470.00   .4280815E-09
 55.0    7480.00   .4404945E-09
 55.0    7490.00   .3941615E-09
 55.0    7500.00   .3546989E-09
 55.0    7510.00   .4084777E-09
 55.0    7520.00   .3897968E-09
 55.0    7530.00   .4008434E-09
 55.0    7540.00   .4224945E-09
 55.0    7550.00   .4353527E-09
 55.0    7560.00   .4433756E-09
 55.0    7570.00   .4579265E-09
 55.0    7580.00   .4742218E-09
 55.0    7590.00   .4502832E-09
 55.0    7600.00   .4262900E-09
 55.0    7610.00   .4139186E-09
 55.0    7620.00   .4403213E-09
 55.0    7630.00   .4370550E-09
 55.0    7640.00   .4287685E-09
 55.0    7650.00   .4510222E-09
 55.0    7660.00   .4642777E-09
 55.0    7670.00   .4675558E-09
 55.0    7680.00   .4665635E-09
 55.0    7690.00   .4577382E-09
 55.0    7700.00   .4470826E-09
 55.0    7710.00   .4397592E-09
 55.0    7720.00   .4330091E-09
 55.0    7730.00   .4220618E-09
 55.0    7740.00   .4149628E-09
 55.0    7750.00   .3995883E-09
 55.0    7760.00   .3936411E-09
 55.0    7770.00   .3865942E-09
 55.0    7780.00   .3764602E-09
 55.0    7790.00   .3663016E-09
 55.0    7800.00   .3535466E-09
 55.0    7810.00   .3415071E-09
 55.0    7820.00   .3384787E-09
 55.0    7830.00   .3361732E-09
 55.0    7840.00   .3324762E-09
 55.0    7850.00   .3190292E-09
 55.0    7860.00   .3099782E-09
 55.0    7870.00   .3039059E-09
 55.0    7880.00   .2992969E-09
 55.0    7890.00   .2895754E-09
 55.0    7900.00   .2807451E-09
 55.0    7910.00   .2686658E-09
 55.0    7920.00   .2712337E-09
 55.0    7930.00   .2671161E-09
 55.0    7940.00   .2581920E-09
 55.0    7950.00   .2525777E-09
 55.0    7960.00   .2518843E-09
 55.0    7970.00   .2515963E-09
 55.0    7980.00   .2360068E-09
 55.0    7990.00   .2306098E-09
 55.0    8000.00   .2347886E-09
 55.0    8010.00   .2316012E-09
 55.0    8020.00   .2303522E-09
 55.0    8030.00   .2226203E-09
 55.0    8040.00   .2095511E-09
 55.0    8050.00   .2098403E-09
 55.0    8060.00   .2436905E-09
 55.0    8070.00   .1794190E-09
 55.0    8080.00   .1632032E-09
 55.0    8090.00   .1605472E-09
 55.0    8100.00   .1512872E-09
 55.0    8110.00   .1453057E-09
 55.0    8120.00   .1403036E-09
 55.0    8130.00   .1336833E-09
 55.0    8140.00   .1167930E-09
 55.0    8150.00   .1030536E-09
 55.0    8160.00   .9768590E-10
 55.0    8170.00   .9527126E-10
 55.0    8180.00   .8772881E-10
 55.0    8190.00   .8113565E-10
 55.0    8200.00   .7724227E-10
 55.0    8210.00   .7755835E-10
 55.0    8220.00   .7748215E-10
 55.0    8230.00   .7509334E-10
 55.0    8240.00   .7322734E-10
 55.0    8250.00   .7389708E-10
 55.0    8260.00   .7826182E-10
 55.0    8270.00   .8475453E-10
 55.0    8280.00   .9346061E-10
 55.0    8290.00   .1013064E-09
 55.0    8300.00   .9809363E-10
 55.0    8310.00   .1011942E-09
 55.0    8320.00   .1083072E-09
 55.0    8330.00   .1191326E-09
 55.0    8340.00   .1342795E-09
 55.0    8350.00   .1517795E-09
 55.0    8360.00   .1685287E-09
 55.0    8370.00   .1844383E-09
 55.0    8380.00   .2002641E-09
 55.0    8390.00   .2164600E-09
 55.0    8400.00   .2415680E-09
 55.0    8410.00   .2764774E-09
 55.0    8420.00   .2899554E-09
 55.0    8430.00   .2892809E-09
 55.0    8440.00   .2925344E-09
 55.0    8450.00   .3045120E-09
 55.0    8460.00   .3169184E-09
 55.0    8470.00   .3479387E-09
 55.0    8480.00   .3748620E-09
 55.0    8490.00   .3744380E-09
 55.0    8500.00   .3802861E-09
 55.0    8510.00   .3767746E-09
 55.0    8520.00   .3721211E-09
 55.0    8530.00   .3857984E-09
 55.0    8540.00   .4191647E-09
 55.0    8550.00   .4285929E-09
 55.0    8560.00   .4197295E-09
 55.0    8570.00   .4133549E-09
 55.0    8580.00   .4160198E-09
 55.0    8590.00   .4215852E-09
 55.0    8600.00   .4636338E-09
 55.0    8610.00   .4832466E-09
 55.0    8620.00   .4616228E-09
 55.0    8630.00   .4411099E-09
 55.0    8640.00   .4604022E-09
 55.0    8650.00   .4951711E-09
 55.0    8660.00   .5062962E-09
 55.0    8670.00   .5075661E-09
 55.0    8680.00   .5000330E-09
 55.0    8690.00   .4726119E-09
 55.0    8700.00   .4815634E-09
 55.0    8710.00   .4881175E-09
 55.0    8720.00   .5144151E-09
 55.0    8730.00   .5273242E-09
 55.0    8740.00   .4921836E-09
 55.0    8750.00   .4673801E-09
 55.0    8760.00   .4593161E-09
 55.0    8770.00   .4749150E-09
 55.0    8780.00   .4843537E-09
 55.0    8790.00   .4776844E-09
 55.0    8800.00   .4822786E-09
 55.0    8810.00   .4724482E-09
 55.0    8820.00   .4613895E-09
 55.0    8830.00   .4383769E-09
 55.0    8840.00   .4430599E-09
 55.0    8850.00   .4586872E-09
 55.0    8860.00   .4357856E-09
 55.0    8870.00   .4294744E-09
 55.0    8880.00   .4326780E-09
 55.0    8890.00   .4152909E-09
 55.0    8900.00   .4116510E-09
 55.0    8910.00   .4172755E-09
 55.0    8920.00   .4092889E-09
 55.0    8930.00   .3922786E-09
 55.0    8940.00   .3844805E-09
 55.0    8950.00   .3791245E-09
 55.0    8960.00   .3777010E-09
 55.0    8970.00   .3853434E-09
 55.0    8980.00   .3849062E-09
 55.0    8990.00   .3700571E-09
 55.0    9000.00   .3549851E-09
 55.0    9010.00   .3567922E-09
 55.0    9020.00   .3517753E-09
 55.0    9030.00   .3550571E-09
 55.0    9040.00   .3558384E-09
 55.0    9050.00   .3564853E-09
 55.0    9060.00   .3628756E-09
 55.0    9070.00   .3620438E-09
 55.0    9080.00   .3687107E-09
 55.0    9090.00   .3903422E-09
 55.0    9100.00   .3687565E-09
 55.0    9110.00   .3486791E-09
 55.0    9120.00   .3483001E-09
 55.0    9130.00   .3276101E-09
 55.0    9140.00   .3376077E-09
 55.0    9150.00   .3412964E-09
 55.0    9160.00   .3386524E-09
 55.0    9170.00   .3253533E-09
 55.0    9180.00   .2909178E-09
 55.0    9190.00   .2939269E-09
 55.0    9200.00   .3030059E-09
 55.0    9210.00   .3116024E-09
 55.0    9220.00   .2985104E-09
 55.0    9230.00   .3594214E-09
 55.0    9240.00   .3699678E-09
 55.0    9250.00   .2808056E-09
 55.0    9260.00   .2858273E-09
 55.0    9270.00   .2794285E-09
 55.0    9280.00   .2721273E-09
 55.0    9290.00   .2816581E-09
 55.0    9300.00   .2821031E-09
 55.0    9310.00   .2947370E-09
 55.0    9320.00   .2688685E-09
 55.0    9330.00   .2690767E-09
 55.0    9340.00   .2679213E-09
 55.0    9350.00   .2790021E-09
 55.0    9360.00   .2550194E-09
 55.0    9370.00   .2868792E-09
 55.0    9380.00   .3428798E-09
 55.0    9390.00   .3389373E-09
 55.0    9400.00   .3329749E-09
 55.0    9410.00   .3346624E-09
 55.0    9420.00   .2974504E-09
 55.0    9430.00   .2993383E-09
 55.0    9440.00   .3132859E-09
 55.0    9450.00   .3118716E-09
 55.0    9460.00   .3014381E-09
 55.0    9470.00   .2786548E-09
 55.0    9480.00   .2712897E-09
 55.0    9490.00   .2806125E-09
 55.0    9500.00   .2768570E-09
 55.0    9510.00   .2818000E-09
 55.0    9520.00   .2535647E-09
 55.0    9530.00   .2463341E-09
 55.0    9540.00   .2702814E-09
 55.0    9550.00   .2674317E-09
 55.0    9560.00   .2658939E-09
 55.0    9570.00   .2528058E-09
 55.0    9580.00   .2573277E-09
 55.0    9590.00   .2599049E-09
 55.0    9600.00   .2429444E-09
 55.0    9610.00   .2708542E-09
 55.0    9620.00   .2655635E-09
 55.0    9630.00   .2619531E-09
 55.0    9640.00   .2974138E-09
 55.0    9650.00   .2772748E-09
 55.0    9660.00   .2674976E-09
 55.0    9670.00   .2819120E-09
 55.0    9680.00   .3035486E-09
 55.0    9690.00   .3261462E-09
 55.0    9700.00   .3226295E-09
 55.0    9710.00   .3515395E-09
 55.0    9720.00   .3786442E-09
 55.0    9730.00   .3552433E-09
 55.0    9740.00   .3441219E-09
 55.0    9750.00   .3626458E-09
 55.0    9760.00   .3819173E-09
 55.0    9770.00   .3964801E-09
 55.0    9780.00   .3831001E-09
 55.0    9790.00   .3705758E-09
 55.0    9800.00   .4224713E-09
 55.0    9810.00   .4210837E-09
 55.0    9820.00   .3974094E-09
 55.0    9830.00   .4159140E-09
 55.0    9840.00   .4403789E-09
 55.0    9850.00   .4563205E-09
 55.0    9860.00   .4212460E-09
 55.0    9870.00   .3996784E-09
 55.0    9880.00   .4353882E-09
 55.0    9890.00   .4227414E-09
 55.0    9900.00   .4030793E-09
 55.0    9910.00   .4041704E-09
 55.0    9920.00   .3896345E-09
 55.0    9930.00   .3822865E-09
 55.0    9940.00   .4172003E-09
 55.0    9950.00   .4374623E-09
 55.0    9960.00   .3877677E-09
 55.0    9970.00   .3453808E-09
 55.0    9980.00   .3427264E-09
 55.0    9990.00   .3822554E-09
 55.0   10000.00   .3786852E-09
 55.0   10010.00   .3767008E-09
 55.0   10020.00   .3747090E-09
 55.0   10030.00   .3727090E-09
 55.0   10040.00   .3707018E-09
 55.0   10050.00   .3686864E-09
 55.0   10060.00   .3666636E-09
 55.0   10070.00   .3646331E-09
 55.0   10080.00   .3625946E-09
 55.0   10090.00   .3605487E-09
 55.0   10100.00   .3584945E-09
 55.0   10110.00   .3564324E-09
 55.0   10120.00   .3543631E-09
 55.0   10130.00   .3522854E-09
 55.0   10140.00   .3502001E-09
 55.0   10150.00   .3481066E-09
 55.0   10160.00   .3460057E-09
 55.0   10170.00   .3438966E-09
 55.0   10180.00   .3417793E-09
 55.0   10190.00   .3396546E-09
 55.0   10200.00   .3375216E-09
 55.0   10210.00   .3353808E-09
 55.0   10220.00   .3332320E-09
 55.0   10230.00   .3310753E-09
 55.0   10240.00   .3289103E-09
 55.0   10250.00   .3267375E-09
 55.0   10260.00   .3245567E-09
 55.0   10270.00   .3223676E-09
 55.0   10280.00   .3201708E-09
 55.0   10290.00   .3179659E-09
 55.0   10300.00   .3157527E-09
 55.0   10310.00   .3135317E-09
 55.0   10320.00   .3113025E-09
 55.0   10330.00   .3090653E-09
 55.0   10340.00   .3068199E-09
 55.0   10350.00   .3045663E-09
 55.0   10360.00   .3023049E-09
 55.0   10370.00   .3000351E-09
 55.0   10380.00   .2977573E-09
 55.0   10390.00   .2954713E-09
 55.0   10400.00   .2931772E-09
 55.0   10410.00   .2908751E-09
 55.0   10420.00   .2885649E-09
 55.0   10430.00   .2862464E-09
 55.0   10440.00   .2839195E-09
 55.0   10450.00   .2815849E-09
 55.0   10460.00   .2792419E-09
 55.0   10470.00   .2768911E-09
 55.0   10480.00   .2745316E-09
 55.0   10490.00   .2721641E-09
 55.0   10500.00   .2697884E-09
 55.0   10510.00   .2674047E-09
 55.0   10520.00   .2650129E-09
 55.0   10530.00   .2626128E-09
 55.0   10540.00   .2602046E-09
 55.0   10550.00   .2577881E-09
 55.0   10560.00   .2553635E-09
 55.0   10570.00   .2529308E-09
 55.0   10580.00   .2504899E-09
 55.0   10590.00   .2480409E-09
 55.0   10600.00   .2455838E-09
 55.0   10610.00   .2431184E-09
 55.0   10620.00   .2406447E-09
 55.0   10630.00   .2381631E-09
 55.0   10640.00   .2356732E-09
 55.0   10650.00   .2331754E-09
 55.0   10660.00   .2306694E-09
 55.0   10670.00   .2281552E-09
 55.0   10680.00   .2256328E-09
 55.0   10690.00   .2231025E-09
 55.0   10700.00   .2205639E-09
 55.0   10710.00   .2180172E-09
 55.0   10720.00   .2154623E-09
 55.0   10730.00   .2128997E-09
 55.0   10740.00   .2103289E-09
 55.0   10750.00   .2077498E-09
 55.0   10760.00   .2051630E-09
 55.0   10770.00   .2025677E-09
 55.0   10780.00   .1999646E-09
 55.0   10790.00   .1973534E-09
 55.0   10800.00   .1947343E-09
 55.0   10810.00   .1921069E-09
 55.0   10820.00   .1894720E-09
 55.0   10830.00   .1868289E-09
 55.0   10840.00   .1841776E-09
 55.0   10850.00   .1815183E-09
 55.0   10860.00   .1788514E-09
 55.0   10870.00   .1761764E-09
 55.0   10880.00   .1734935E-09
 55.0   10890.00   .1708026E-09
 55.0   10900.00   .1681039E-09
 55.0   10910.00   .1653974E-09
 55.0   10920.00   .1626829E-09
 55.0   10930.00   .1599607E-09
 55.0   10940.00   .1572305E-09
 55.0   10950.00   .1544925E-09
 55.0   10960.00   .1517467E-09
 55.0   10970.00   .1489933E-09
 55.0   10980.00   .1462319E-09
 55.0   10990.00   .1434629E-09
 55.0   11000.00   .1406862E-09
 55.0   11010.00   .1379017E-09
 55.0   11020.00   .1351097E-09
 55.0   11030.00   .1323097E-09
 55.0   11040.00   .1295022E-09
 55.0   11050.00   .1266872E-09
 55.0   11060.00   .1238645E-09
 55.0   11070.00   .1210342E-09
 55.0   11080.00   .1181964E-09
 55.0   11090.00   .1153509E-09
 55.0   11100.00   .1124981E-09
 55.0   11110.00   .1096376E-09
 55.0   11120.00   .1067698E-09
 55.0   11130.00   .1038946E-09
 55.0   11140.00   .1010118E-09
 55.0   11150.00   .9812166E-10
 55.0   11160.00   .9522420E-10
 55.0   11170.00   .9231950E-10
 55.0   11180.00   .8940718E-10
 55.0   11190.00   .8648782E-10
 55.0   11200.00   .8356117E-10
 55.0   11210.00   .8062720E-10
 55.0   11220.00   .7768609E-10
 55.0   11230.00   .7473777E-10
 55.0   11240.00   .7178225E-10
 55.0   11250.00   .6881969E-10
 55.0   11260.00   .6584999E-10
 55.0   11270.00   .6287324E-10
 55.0   11280.00   .5988946E-10
 55.0   11290.00   .5689868E-10
 55.0   11300.00   .5390093E-10
 55.0   11310.00   .5396012E-10
 55.0   11320.00   .5401912E-10
 55.0   11330.00   .5407794E-10
 55.0   11340.00   .5413653E-10
 55.0   11350.00   .5419493E-10
 55.0   11360.00   .5425306E-10
 55.0   11370.00   .5431111E-10
 55.0   11380.00   .5436884E-10
 55.0   11390.00   .5442642E-10
 55.0   11400.00   .5448372E-10
 55.0   11410.00   .5454083E-10
 55.0   11420.00   .5459776E-10
 55.0   11430.00   .5465442E-10
 55.0   11440.00   .5471086E-10
 55.0   11450.00   .5476711E-10
 55.0   11460.00   .5482311E-10
 55.0   11470.00   .5487891E-10
 55.0   11480.00   .5493444E-10
 55.0   11490.00   .5498975E-10
 55.0   11500.00   .5504487E-10
 55.0   11510.00   .5509970E-10
 55.0   11520.00   .5515431E-10
 55.0   11530.00   .5520867E-10
 55.0   11540.00   .5526285E-10
 55.0   11550.00   .5531672E-10
 55.0   11560.00   .5537037E-10
 55.0   11570.00   .5542378E-10
 55.0   11580.00   .5547691E-10
 55.0   11590.00   .5552983E-10
 55.0   11600.00   .5558248E-10
 55.0   11610.00   .5563486E-10
 55.0   11620.00   .5568701E-10
 55.0   11630.00   .5573887E-10
 55.0   11640.00   .5579047E-10
 55.0   11650.00   .5584191E-10
 55.0   11660.00   .5589297E-10
 55.0   11670.00   .5594379E-10
 55.0   11680.00   .5599439E-10
 55.0   11690.00   .5604465E-10
 55.0   11700.00   .5609467E-10
 55.0   11710.00   .5614445E-10
 55.0   11720.00   .5619393E-10
 55.0   11730.00   .5624317E-10
 55.0   11740.00   .5629203E-10
 55.0   11750.00   .5634073E-10
 55.0   11760.00   .5638907E-10
 55.0   11770.00   .5643714E-10
 55.0   11780.00   .5648498E-10
 55.0   11790.00   .5653250E-10
 55.0   11800.00   .5657972E-10
 55.0   11810.00   .5662665E-10
 55.0   11820.00   .5667329E-10
 55.0   11830.00   .5671963E-10
 55.0   11840.00   .5676569E-10
 55.0   11850.00   .5681143E-10
 55.0   11860.00   .5685688E-10
 55.0   11870.00   .5690202E-10
 55.0   11880.00   .5694689E-10
 55.0   11890.00   .5699142E-10
 55.0   11900.00   .5703565E-10
 55.0   11910.00   .5707958E-10
 55.0   11920.00   .5712320E-10
 55.0   11930.00   .5716649E-10
 55.0   11940.00   .5720950E-10
 55.0   11950.00   .5725219E-10
 55.0   11960.00   .5729451E-10
 55.0   11970.00   .5733654E-10
 55.0   11980.00   .5737824E-10
 55.0   11990.00   .5741963E-10
 55.0   12000.00   .5746069E-10
 55.0   12010.00   .5750144E-10
 55.0   12020.00   .5754186E-10
 55.0   12030.00   .5758193E-10
 55.0   12040.00   .5762167E-10
 55.0   12050.00   .5766110E-10
 55.0   12060.00   .5770016E-10
 55.0   12070.00   .5773891E-10
 55.0   12080.00   .5777728E-10
 55.0   12090.00   .5781535E-10
 55.0   12100.00   .5785307E-10
 55.0   12110.00   .5789043E-10
 55.0   12120.00   .5792742E-10
 55.0   12130.00   .5796414E-10
 55.0   12140.00   .5800045E-10
 55.0   12150.00   .5803641E-10
 55.0   12160.00   .5807202E-10
 55.0   12170.00   .5810729E-10
 55.0   12180.00   .5814218E-10
 55.0   12190.00   .5817675E-10
 55.0   12200.00   .5821093E-10
 55.0   12210.00   .5824477E-10
 55.0   12220.00   .5827822E-10
 55.0   12230.00   .5831128E-10
 55.0   12240.00   .5834400E-10
 55.0   12250.00   .5837636E-10
 55.0   12260.00   .5840837E-10
 55.0   12270.00   .5843997E-10
 55.0   12280.00   .5847120E-10
 55.0   12290.00   .5850207E-10
 55.0   12300.00   .5853257E-10
 55.0   12310.00   .5856264E-10
 55.0   12320.00   .5859238E-10
 55.0   12330.00   .5862168E-10
 55.0   12340.00   .5865062E-10
 55.0   12350.00   .5867920E-10
 55.0   12360.00   .5870741E-10
 55.0   12370.00   .5873518E-10
 55.0   12380.00   .5876254E-10
 55.0   12390.00   .5878957E-10
 55.0   12400.00   .5881614E-10
 55.0   12410.00   .5884238E-10
 55.0   12420.00   .5886815E-10
 55.0   12430.00   .5889355E-10
 55.0   12440.00   .5891856E-10
 55.0   12450.00   .5894315E-10
 55.0   12460.00   .5896735E-10
 55.0   12470.00   .5899113E-10
 55.0   12480.00   .5901454E-10
 55.0   12490.00   .5903750E-10
 55.0   12500.00   .5906008E-10
 55.0   12510.00   .5910099E-10
 55.0   12520.00   .5914151E-10
 55.0   12530.00   .5918158E-10
 55.0   12540.00   .5922118E-10
 55.0   12550.00   .5926038E-10
 55.0   12560.00   .5929909E-10
 55.0   12570.00   .5933744E-10
 55.0   12580.00   .5937530E-10
 55.0   12590.00   .5941266E-10
 55.0   12600.00   .5944964E-10
 55.0   12610.00   .5948616E-10
 55.0   12620.00   .5952219E-10
 55.0   12630.00   .5955779E-10
 55.0   12640.00   .5959291E-10
 55.0   12650.00   .5962758E-10
 55.0   12660.00   .5966176E-10
 55.0   12670.00   .5969548E-10
 55.0   12680.00   .5972879E-10
 55.0   12690.00   .5976161E-10
 55.0   12700.00   .5979392E-10
 55.0   12710.00   .5982579E-10
 55.0   12720.00   .5985714E-10
 55.0   12730.00   .5988805E-10
 55.0   12740.00   .5991849E-10
 55.0   12750.00   .5994842E-10
 55.0   12760.00   .5997790E-10
 55.0   12770.00   .6000687E-10
 55.0   12780.00   .6003535E-10
 55.0   12790.00   .6006333E-10
 55.0   12800.00   .6009086E-10
 55.0   12810.00   .6011786E-10
 55.0   12820.00   .6014436E-10
 55.0   12830.00   .6017037E-10
 55.0   12840.00   .6019589E-10
 55.0   12850.00   .6022092E-10
 55.0   12860.00   .6024539E-10
 55.0   12870.00   .6026940E-10
 55.0   12880.00   .6029292E-10
 55.0   12890.00   .6031588E-10
 55.0   12900.00   .6033844E-10
 55.0   12910.00   .6036048E-10
 55.0   12920.00   .6038201E-10
 55.0   12930.00   .6040311E-10
 55.0   12940.00   .6042366E-10
 55.0   12950.00   .6044377E-10
 55.0   12960.00   .6046340E-10
 55.0   12970.00   .6048253E-10
 55.0   12980.00   .6050121E-10
 55.0   12990.00   .6051939E-10
 55.0   13000.00   .6053715E-10
 55.0   13010.00   .6055443E-10
 55.0   13020.00   .6057116E-10
 55.0   13030.00   .6058756E-10
 55.0   13040.00   .6060345E-10
 55.0   13050.00   .6061886E-10
 55.0   13060.00   .6063386E-10
 55.0   13070.00   .6064840E-10
 55.0   13080.00   .6066250E-10
 55.0   13090.00   .6067614E-10
 55.0   13100.00   .6068933E-10
 55.0   13110.00   .6070210E-10
 55.0   13120.00   .6071441E-10
 55.0   13130.00   .6072632E-10
 55.0   13140.00   .6073778E-10
 55.0   13150.00   .6074880E-10
 55.0   13160.00   .6075943E-10
 55.0   13170.00   .6076962E-10
 55.0   13180.00   .6077933E-10
 55.0   13190.00   .6078871E-10
 55.0   13200.00   .6079764E-10
 55.0   13210.00   .6080616E-10
 55.0   13220.00   .6081426E-10
 55.0   13230.00   .6082199E-10
 55.0   13240.00   .6082928E-10
 55.0   13250.00   .6083619E-10
 55.0   13260.00   .6084269E-10
 55.0   13270.00   .6084879E-10
 55.0   13280.00   .6085448E-10
 55.0   13290.00   .6085981E-10
 55.0   13300.00   .6086475E-10
 55.0   13310.00   .6086931E-10
 55.0   13320.00   .6087346E-10
 55.0   13330.00   .6087725E-10
 55.0   13340.00   .6088066E-10
 55.0   13350.00   .6088370E-10
 55.0   13360.00   .6088636E-10
 55.0   13370.00   .6088867E-10
 55.0   13380.00   .6089055E-10
 55.0   13390.00   .6089215E-10
 55.0   13400.00   .6089335E-10
 55.0   13410.00   .6089419E-10
 55.0   13420.00   .6089472E-10
 55.0   13430.00   .6089487E-10
 55.0   13440.00   .6089465E-10
 55.0   13450.00   .6089410E-10
 55.0   13460.00   .6089318E-10
 55.0   13470.00   .6089198E-10
 55.0   13480.00   .6089039E-10
 55.0   13490.00   .6088846E-10
 55.0   13500.00   .6088627E-10
 55.0   13510.00   .6088370E-10
 55.0   13520.00   .6088084E-10
 55.0   13530.00   .6087760E-10
 55.0   13540.00   .6087407E-10
 55.0   13550.00   .6087020E-10
 55.0   13560.00   .6086606E-10
 55.0   13570.00   .6086156E-10
 55.0   13580.00   .6085682E-10
 55.0   13590.00   .6085174E-10
 55.0   13600.00   .6084631E-10
 55.0   13610.00   .6084061E-10
 55.0   13620.00   .6083464E-10
 55.0   13630.00   .6082836E-10
 55.0   13640.00   .6082178E-10
 55.0   13650.00   .6081491E-10
 55.0   13660.00   .6080776E-10
 55.0   13670.00   .6080033E-10
 55.0   13680.00   .6079264E-10
 55.0   13690.00   .6078463E-10
 55.0   13700.00   .6077642E-10
 55.0   13710.00   .6072313E-10
 55.0   13720.00   .6066952E-10
 55.0   13730.00   .6061566E-10
 55.0   13740.00   .6056159E-10
 55.0   13750.00   .6050715E-10
 55.0   13760.00   .6045248E-10
 55.0   13770.00   .6039756E-10
 55.0   13780.00   .6034234E-10
 55.0   13790.00   .6028688E-10
 55.0   13800.00   .6023116E-10
 55.0   13810.00   .6017520E-10
 55.0   13820.00   .6011897E-10
 55.0   13830.00   .6006253E-10
 55.0   13840.00   .6000578E-10
 55.0   13850.00   .5994886E-10
 55.0   13860.00   .5989161E-10
 55.0   13870.00   .5983422E-10
 55.0   13880.00   .5977655E-10
 55.0   13890.00   .5971869E-10
 55.0   13900.00   .5966055E-10
 55.0   13910.00   .5960225E-10
 55.0   13920.00   .5954365E-10
 55.0   13930.00   .5948489E-10
 55.0   13940.00   .5942588E-10
 55.0   13950.00   .5936671E-10
 55.0   13960.00   .5930731E-10
 55.0   13970.00   .5924771E-10
 55.0   13980.00   .5918790E-10
 55.0   13990.00   .5912788E-10
 55.0   14000.00   .5906768E-10
 55.0   14010.00   .5900730E-10
 55.0   14020.00   .5894675E-10
 55.0   14030.00   .5888598E-10
 55.0   14040.00   .5882506E-10
 55.0   14050.00   .5876393E-10
 55.0   14060.00   .5870264E-10
 55.0   14070.00   .5864118E-10
 55.0   14080.00   .5857952E-10
 55.0   14090.00   .5851776E-10
 55.0   14100.00   .5845579E-10
 55.0   14110.00   .5839367E-10
 55.0   14120.00   .5833136E-10
 55.0   14130.00   .5826896E-10
 55.0   14140.00   .5820634E-10
 55.0   14150.00   .5814363E-10
 55.0   14160.00   .5808072E-10
 55.0   14170.00   .5801775E-10
 55.0   14180.00   .5795460E-10
 55.0   14190.00   .5789129E-10
 55.0   14200.00   .5782788E-10
 55.0   14210.00   .5776432E-10
 55.0   14220.00   .5770066E-10
 55.0   14230.00   .5763685E-10
 55.0   14240.00   .5757290E-10
 55.0   14250.00   .5750890E-10
 55.0   14260.00   .5744474E-10
 55.0   14270.00   .5738049E-10
 55.0   14280.00   .5731612E-10
 55.0   14290.00   .5725167E-10
 55.0   14300.00   .5718707E-10
 55.0   14310.00   .5712244E-10
 55.0   14320.00   .5705769E-10
 55.0   14330.00   .5699281E-10
 55.0   14340.00   .5692783E-10
 55.0   14350.00   .5686282E-10
 55.0   14360.00   .5679771E-10
 55.0   14370.00   .5673249E-10
 55.0   14380.00   .5666725E-10
 55.0   14390.00   .5660189E-10
 55.0   14400.00   .5653645E-10
 55.0   14410.00   .5647096E-10
 55.0   14420.00   .5640545E-10
 55.0   14430.00   .5633980E-10
 55.0   14440.00   .5627415E-10
 55.0   14450.00   .5620841E-10
 55.0   14460.00   .5614263E-10
 55.0   14470.00   .5607684E-10
 55.0   14480.00   .5601095E-10
 55.0   14490.00   .5594500E-10
 55.0   14500.00   .5587903E-10
 55.0   14510.00   .5581303E-10
 55.0   14520.00   .5574703E-10
 55.0   14530.00   .5568094E-10
 55.0   14540.00   .5561484E-10
 55.0   14550.00   .5554874E-10
 55.0   14560.00   .5548259E-10
 55.0   14570.00   .5541645E-10
 55.0   14580.00   .5535025E-10
 55.0   14590.00   .5528404E-10
 55.0   14600.00   .5521783E-10
 55.0   14610.00   .5515157E-10
 55.0   14620.00   .5508536E-10
 55.0   14630.00   .5501916E-10
 55.0   14640.00   .5495292E-10
 55.0   14650.00   .5488672E-10
 55.0   14660.00   .5482049E-10
 55.0   14670.00   .5475431E-10
 55.0   14680.00   .5468810E-10
 55.0   14690.00   .5462193E-10
 55.0   14700.00   .5455574E-10
 55.0   14710.00   .5448961E-10
 55.0   14720.00   .5442347E-10
 55.0   14730.00   .5435740E-10
 55.0   14740.00   .5429137E-10
 55.0   14750.00   .5422527E-10
 55.0   14760.00   .5415933E-10
 55.0   14770.00   .5409338E-10
 55.0   14780.00   .5402745E-10
 55.0   14790.00   .5396162E-10
 55.0   14800.00   .5389575E-10
 55.0   14810.00   .5382999E-10
 55.0   14820.00   .5376424E-10
 55.0   14830.00   .5369862E-10
 55.0   14840.00   .5363299E-10
 55.0   14850.00   .5356743E-10
 55.0   14860.00   .5350196E-10
 55.0   14870.00   .5343651E-10
 55.0   14880.00   .5337112E-10
 55.0   14890.00   .5330582E-10
 55.0   14900.00   .5324052E-10
 55.0   14910.00   .5317533E-10
 55.0   14920.00   .5311019E-10
 55.0   14930.00   .5304512E-10
 55.0   14940.00   .5298006E-10
 55.0   14950.00   .5291510E-10
 55.0   14960.00   .5285018E-10
 55.0   14970.00   .5278536E-10
 55.0   14980.00   .5272059E-10
 55.0   14990.00   .5265587E-10
 55.0   15000.00   .5259121E-10
 55.0   15010.00   .5257195E-10
 55.0   15020.00   .5255277E-10
 55.0   15030.00   .5253369E-10
 55.0   15040.00   .5251467E-10
 55.0   15050.00   .5249571E-10
 55.0   15060.00   .5247683E-10
 55.0   15070.00   .5245798E-10
 55.0   15080.00   .5243929E-10
 55.0   15090.00   .5242062E-10
 55.0   15100.00   .5240201E-10
 55.0   15110.00   .5238350E-10
 55.0   15120.00   .5236506E-10
 55.0   15130.00   .5234669E-10
 55.0   15140.00   .5232838E-10
 55.0   15150.00   .5231018E-10
 55.0   15160.00   .5229207E-10
 55.0   15170.00   .5227402E-10
 55.0   15180.00   .5225601E-10
 55.0   15190.00   .5223811E-10
 55.0   15200.00   .5222027E-10
 55.0   15210.00   .5220252E-10
 55.0   15220.00   .5218486E-10
 55.0   15230.00   .5216725E-10
 55.0   15240.00   .5214976E-10
 55.0   15250.00   .5213228E-10
 55.0   15260.00   .5211496E-10
 55.0   15270.00   .5209767E-10
 55.0   15280.00   .5208046E-10
 55.0   15290.00   .5206338E-10
 55.0   15300.00   .5204636E-10
 55.0   15310.00   .5202940E-10
 55.0   15320.00   .5201253E-10
 55.0   15330.00   .5199576E-10
 55.0   15340.00   .5197904E-10
 55.0   15350.00   .5196244E-10
 55.0   15360.00   .5194589E-10
 55.0   15370.00   .5192946E-10
 55.0   15380.00   .5191308E-10
 55.0   15390.00   .5189684E-10
 55.0   15400.00   .5188063E-10
 55.0   15410.00   .5186452E-10
 55.0   15420.00   .5184850E-10
 55.0   15430.00   .5183256E-10
 55.0   15440.00   .5181671E-10
 55.0   15450.00   .5180096E-10
 55.0   15460.00   .5178526E-10
 55.0   15470.00   .5176968E-10
 55.0   15480.00   .5175420E-10
 55.0   15490.00   .5173878E-10
 55.0   15500.00   .5172346E-10
 55.0   15510.00   .5170823E-10
 55.0   15520.00   .5169312E-10
 55.0   15530.00   .5167807E-10
 55.0   15540.00   .5166311E-10
 55.0   15550.00   .5164824E-10
 55.0   15560.00   .5163346E-10
 55.0   15570.00   .5161878E-10
 55.0   15580.00   .5160420E-10
 55.0   15590.00   .5158972E-10
 55.0   15600.00   .5157530E-10
 55.0   15610.00   .5156100E-10
 55.0   15620.00   .5154677E-10
 55.0   15630.00   .5153266E-10
 55.0   15640.00   .5151860E-10
 55.0   15650.00   .5150470E-10
 55.0   15660.00   .5149086E-10
 55.0   15670.00   .5147711E-10
 55.0   15680.00   .5146347E-10
 55.0   15690.00   .5144991E-10
 55.0   15700.00   .5143646E-10
 55.0   15710.00   .5142309E-10
 55.0   15720.00   .5140983E-10
 55.0   15730.00   .5139667E-10
 55.0   15740.00   .5138363E-10
 55.0   15750.00   .5137067E-10
 55.0   15760.00   .5135778E-10
 55.0   15770.00   .5134500E-10
 55.0   15780.00   .5133233E-10
 55.0   15790.00   .5131980E-10
 55.0   15800.00   .5130728E-10
 55.0   15810.00   .5129496E-10
 55.0   15820.00   .5128271E-10
 55.0   15830.00   .5127052E-10
 55.0   15840.00   .5125845E-10
 55.0   15850.00   .5124649E-10
 55.0   15860.00   .5123467E-10
 55.0   15870.00   .5122292E-10
 55.0   15880.00   .5121124E-10
 55.0   15890.00   .5119973E-10
 55.0   15900.00   .5118829E-10
 55.0   15910.00   .5117693E-10
 55.0   15920.00   .5116570E-10
 55.0   15930.00   .5115460E-10
 55.0   15940.00   .5114358E-10
 55.0   15950.00   .5113265E-10
 55.0   15960.00   .5112184E-10
 55.0   15970.00   .5111114E-10
 55.0   15980.00   .5110054E-10
 55.0   15990.00   .5109009E-10
 55.0   16000.00   .5107967E-10
 55.0   16010.00   .5106941E-10
 55.0   16020.00   .5105923E-10
 55.0   16030.00   .5104920E-10
 55.0   16040.00   .5103926E-10
 55.0   16050.00   .5102945E-10
 55.0   16060.00   .5101970E-10
 55.0   16070.00   .5101008E-10
 55.0   16080.00   .5100059E-10
 55.0   16090.00   .5099121E-10
 55.0   16100.00   .5098192E-10
 55.0   16110.00   .5097277E-10
 55.0   16120.00   .5096372E-10
 55.0   16130.00   .5095477E-10
 55.0   16140.00   .5094595E-10
 55.0   16150.00   .5093724E-10
 55.0   16160.00   .5092863E-10
 55.0   16170.00   .5092016E-10
 55.0   16180.00   .5091180E-10
 55.0   16190.00   .5090351E-10
 55.0   16200.00   .5089537E-10
 55.0   16210.00   .5088735E-10
 55.0   16220.00   .5087945E-10
 55.0   16230.00   .5087165E-10
 55.0   16240.00   .5086397E-10
 55.0   16250.00   .5085642E-10
 55.0   16260.00   .5082971E-10
 55.0   16270.00   .5080314E-10
 55.0   16280.00   .5077675E-10
 55.0   16290.00   .5075051E-10
 55.0   16300.00   .5072441E-10
 55.0   16310.00   .5069850E-10
 55.0   16320.00   .5067274E-10
 55.0   16330.00   .5064717E-10
 55.0   16340.00   .5062173E-10
 55.0   16350.00   .5059644E-10
 55.0   16360.00   .5057139E-10
 55.0   16370.00   .5054647E-10
 55.0   16380.00   .5052170E-10
 55.0   16390.00   .5049708E-10
 55.0   16400.00   .5047261E-10
 55.0   16410.00   .5044834E-10
 55.0   16420.00   .5042424E-10
 55.0   16430.00   .5040028E-10
 55.0   16440.00   .5037651E-10
 55.0   16450.00   .5035287E-10
 55.0   16460.00   .5032942E-10
 55.0   16470.00   .5030612E-10
 55.0   16480.00   .5028296E-10
 55.0   16490.00   .5026004E-10
 55.0   16500.00   .5023726E-10
 55.0   16510.00   .5021460E-10
 55.0   16520.00   .5019215E-10
 55.0   16530.00   .5016985E-10
 55.0   16540.00   .5014768E-10
 55.0   16550.00   .5012574E-10
 55.0   16560.00   .5010393E-10
 55.0   16570.00   .5008228E-10
 55.0   16580.00   .5006084E-10
 55.0   16590.00   .5003952E-10
 55.0   16600.00   .5001835E-10
 55.0   16610.00   .4999740E-10
 55.0   16620.00   .4997661E-10
 55.0   16630.00   .4995595E-10
 55.0   16640.00   .4993550E-10
 55.0   16650.00   .4991516E-10
 55.0   16660.00   .4989502E-10
 55.0   16670.00   .4987508E-10
 55.0   16680.00   .4985525E-10
 55.0   16690.00   .4983565E-10
 55.0   16700.00   .4981619E-10
 55.0   16710.00   .4979688E-10
 55.0   16720.00   .4977773E-10
 55.0   16730.00   .4975878E-10
 55.0   16740.00   .4973998E-10
 55.0   16750.00   .4972135E-10
 55.0   16760.00   .4970289E-10
 55.0   16770.00   .4968462E-10
 55.0   16780.00   .4966649E-10
 55.0   16790.00   .4964854E-10
 55.0   16800.00   .4963076E-10
 55.0   16810.00   .4961317E-10
 55.0   16820.00   .4959571E-10
 55.0   16830.00   .4957845E-10
 55.0   16840.00   .4956132E-10
 55.0   16850.00   .4954436E-10
 55.0   16860.00   .4952760E-10
 55.0   16870.00   .4951101E-10
 55.0   16880.00   .4949455E-10
 55.0   16890.00   .4947824E-10
 55.0   16900.00   .4946212E-10
 55.0   16910.00   .4944618E-10
 55.0   16920.00   .4943039E-10
 55.0   16930.00   .4941474E-10
 55.0   16940.00   .4939925E-10
 55.0   16950.00   .4938391E-10
 55.0   16960.00   .4936873E-10
 55.0   16970.00   .4935370E-10
 55.0   16980.00   .4933885E-10
 55.0   16990.00   .4932413E-10
 55.0   17000.00   .4930961E-10
 55.0   17010.00   .4929519E-10
 55.0   17020.00   .4928092E-10
 55.0   17030.00   .4926681E-10
 55.0   17040.00   .4925287E-10
 55.0   17050.00   .4923907E-10
 55.0   17060.00   .4922541E-10
 55.0   17070.00   .4921188E-10
 55.0   17080.00   .4919850E-10
 55.0   17090.00   .4918528E-10
 55.0   17100.00   .4917220E-10
 55.0   17110.00   .4915927E-10
 55.0   17120.00   .4914648E-10
 55.0   17130.00   .4913380E-10
 55.0   17140.00   .4912132E-10
 55.0   17150.00   .4910892E-10
 55.0   17160.00   .4909670E-10
 55.0   17170.00   .4908459E-10
 55.0   17180.00   .4907264E-10
 55.0   17190.00   .4906083E-10
 55.0   17200.00   .4904915E-10
 55.0   17210.00   .4903761E-10
 55.0   17220.00   .4902616E-10
 55.0   17230.00   .4901487E-10
 55.0   17240.00   .4900373E-10
 55.0   17250.00   .4899272E-10
 55.0   17260.00   .4898183E-10
 55.0   17270.00   .4897104E-10
 55.0   17280.00   .4896042E-10
 55.0   17290.00   .4894987E-10
 55.0   17300.00   .4893954E-10
 55.0   17310.00   .4892925E-10
 55.0   17320.00   .4891912E-10
 55.0   17330.00   .4890916E-10
 55.0   17340.00   .4889926E-10
 55.0   17350.00   .4888951E-10
 55.0   17360.00   .4887985E-10
 55.0   17370.00   .4887035E-10
 55.0   17380.00   .4886096E-10
 55.0   17390.00   .4885168E-10
 55.0   17400.00   .4884250E-10
 55.0   17410.00   .4883347E-10
 55.0   17420.00   .4882454E-10
 55.0   17430.00   .4881576E-10
 55.0   17440.00   .4880707E-10
 55.0   17450.00   .4879849E-10
 55.0   17460.00   .4879003E-10
 55.0   17470.00   .4878165E-10
 55.0   17480.00   .4877344E-10
 55.0   17490.00   .4876530E-10
 55.0   17500.00   .4875728E-10
 55.0   17510.00   .4874937E-10
 55.0   17520.00   .4874159E-10
 55.0   17530.00   .4873390E-10
 55.0   17540.00   .4872633E-10
 55.0   17550.00   .4871883E-10
 55.0   17560.00   .4871146E-10
 55.0   17570.00   .4870419E-10
 55.0   17580.00   .4869705E-10
 55.0   17590.00   .4868999E-10
 55.0   17600.00   .4868306E-10
 55.0   17610.00   .4867616E-10
 55.0   17620.00   .4866944E-10
 55.0   17630.00   .4866276E-10
 55.0   17640.00   .4865623E-10
 55.0   17650.00   .4864978E-10
 55.0   17660.00   .4864340E-10
 55.0   17670.00   .4863714E-10
 55.0   17680.00   .4863099E-10
 55.0   17690.00   .4862489E-10
 55.0   17700.00   .4861893E-10
 55.0   17710.00   .4861304E-10
 55.0   17720.00   .4860726E-10
 55.0   17730.00   .4860157E-10
 55.0   17740.00   .4859594E-10
 55.0   17750.00   .4859043E-10
 55.0   17760.00   .4858498E-10
 55.0   17770.00   .4857966E-10
 55.0   17780.00   .4857440E-10
 55.0   17790.00   .4856924E-10
 55.0   17800.00   .4856414E-10
 55.0   17810.00   .4855917E-10
 55.0   17820.00   .4855426E-10
 55.0   17830.00   .4854941E-10
 55.0   17840.00   .4854467E-10
 55.0   17850.00   .4854003E-10
 55.0   17860.00   .4853545E-10
 55.0   17870.00   .4853096E-10
 55.0   17880.00   .4852657E-10
 55.0   17890.00   .4852217E-10
 55.0   17900.00   .4851796E-10
 55.0   17910.00   .4851377E-10
 55.0   17920.00   .4850966E-10
 55.0   17930.00   .4850562E-10
 55.0   17940.00   .4850168E-10
 55.0   17950.00   .4849780E-10
 55.0   17960.00   .4849395E-10
 55.0   17970.00   .4849024E-10
 55.0   17980.00   .4848657E-10
 55.0   17990.00   .4848297E-10
 55.0   18000.00   .4847948E-10
 55.0   18010.00   .4831978E-10
 55.0   18020.00   .4816015E-10
 55.0   18030.00   .4800067E-10
 55.0   18040.00   .4784121E-10
 55.0   18050.00   .4768188E-10
 55.0   18060.00   .4752259E-10
 55.0   18070.00   .4736340E-10
 55.0   18080.00   .4720431E-10
 55.0   18090.00   .4704528E-10
 55.0   18100.00   .4688636E-10
 55.0   18110.00   .4672751E-10
 55.0   18120.00   .4656870E-10
 55.0   18130.00   .4641001E-10
 55.0   18140.00   .4625135E-10
 55.0   18150.00   .4609281E-10
 55.0   18160.00   .4593434E-10
 55.0   18170.00   .4577589E-10
 55.0   18180.00   .4561755E-10
 55.0   18190.00   .4545925E-10
 55.0   18200.00   .4530103E-10
 55.0   18210.00   .4514287E-10
 55.0   18220.00   .4498481E-10
 55.0   18230.00   .4482676E-10
 55.0   18240.00   .4466880E-10
 55.0   18250.00   .4451088E-10
 55.0   18260.00   .4435308E-10
 55.0   18270.00   .4419527E-10
 55.0   18280.00   .4403752E-10
 55.0   18290.00   .4387985E-10
 55.0   18300.00   .4372222E-10
 55.0   18310.00   .4356466E-10
 55.0   18320.00   .4340713E-10
 55.0   18330.00   .4324965E-10
 55.0   18340.00   .4309223E-10
 55.0   18350.00   .4293487E-10
 55.0   18360.00   .4277757E-10
 55.0   18370.00   .4262030E-10
 55.0   18380.00   .4246305E-10
 55.0   18390.00   .4230586E-10
 55.0   18400.00   .4214875E-10
 55.0   18410.00   .4199163E-10
 55.0   18420.00   .4183456E-10
 55.0   18430.00   .4167755E-10
 55.0   18440.00   .4152058E-10
 55.0   18450.00   .4136363E-10
 55.0   18460.00   .4120674E-10
 55.0   18470.00   .4104984E-10
 55.0   18480.00   .4089304E-10
 55.0   18490.00   .4073622E-10
 55.0   18500.00   .4057948E-10
 55.0   18510.00   .4042272E-10
 55.0   18520.00   .4026600E-10
 55.0   18530.00   .4010936E-10
 55.0   18540.00   .3995269E-10
 55.0   18550.00   .3979608E-10
 55.0   18560.00   .3963949E-10
 55.0   18570.00   .3948294E-10
 55.0   18580.00   .3932640E-10
 55.0   18590.00   .3916988E-10
 55.0   18600.00   .3901340E-10
 55.0   18610.00   .3885694E-10
 55.0   18620.00   .3870049E-10
 55.0   18630.00   .3854407E-10
 55.0   18640.00   .3838768E-10
 55.0   18650.00   .3823129E-10
 55.0   18660.00   .3807494E-10
 55.0   18670.00   .3791861E-10
 55.0   18680.00   .3776228E-10
 55.0   18690.00   .3760598E-10
 55.0   18700.00   .3744968E-10
 55.0   18710.00   .3729340E-10
 55.0   18720.00   .3713713E-10
 55.0   18730.00   .3698088E-10
 55.0   18740.00   .3682465E-10
 55.0   18750.00   .3666845E-10
 55.0   18760.00   .3651221E-10
 55.0   18770.00   .3635603E-10
 55.0   18780.00   .3619984E-10
 55.0   18790.00   .3604365E-10
 55.0   18800.00   .3588748E-10
 55.0   18810.00   .3573132E-10
 55.0   18820.00   .3557517E-10
 55.0   18830.00   .3541901E-10
 55.0   18840.00   .3526286E-10
 55.0   18850.00   .3510674E-10
 55.0   18860.00   .3495060E-10
 55.0   18870.00   .3479448E-10
 55.0   18880.00   .3463836E-10
 55.0   18890.00   .3448222E-10
 55.0   18900.00   .3432612E-10
 55.0   18910.00   .3416998E-10
 55.0   18920.00   .3401388E-10
 55.0   18930.00   .3385779E-10
 55.0   18940.00   .3370166E-10
 55.0   18950.00   .3354554E-10
 55.0   18960.00   .3338942E-10
 55.0   18970.00   .3323334E-10
 55.0   18980.00   .3307720E-10
 55.0   18990.00   .3292110E-10
 55.0   19000.00   .3276497E-10
 55.0   19010.00   .3260886E-10
 55.0   19020.00   .3245274E-10
 55.0   19030.00   .3229661E-10
 55.0   19040.00   .3214048E-10
 55.0   19050.00   .3198435E-10
 55.0   19060.00   .3182818E-10
 55.0   19070.00   .3167205E-10
 55.0   19080.00   .3151590E-10
 55.0   19090.00   .3135974E-10
 55.0   19100.00   .3120358E-10
 55.0   19110.00   .3104741E-10
 55.0   19120.00   .3089122E-10
 55.0   19130.00   .3073505E-10
 55.0   19140.00   .3057885E-10
 55.0   19150.00   .3042266E-10
 55.0   19160.00   .3026646E-10
 55.0   19170.00   .3011021E-10
 55.0   19180.00   .2995400E-10
 55.0   19190.00   .2979776E-10
 55.0   19200.00   .2964152E-10
 55.0   19210.00   .2948527E-10
 55.0   19220.00   .2932899E-10
 55.0   19230.00   .2917272E-10
 55.0   19240.00   .2901644E-10
 55.0   19250.00   .2886014E-10
 55.0   19260.00   .2870382E-10
 55.0   19270.00   .2854751E-10
 55.0   19280.00   .2839119E-10
 55.0   19290.00   .2823485E-10
 55.0   19300.00   .2807850E-10
 55.0   19310.00   .2792215E-10
 55.0   19320.00   .2776576E-10
 55.0   19330.00   .2760935E-10
 55.0   19340.00   .2745299E-10
 55.0   19350.00   .2729655E-10
 55.0   19360.00   .2714013E-10
 55.0   19370.00   .2698371E-10
 55.0   19380.00   .2682724E-10
 55.0   19390.00   .2667077E-10
 55.0   19400.00   .2651433E-10
 55.0   19410.00   .2635780E-10
 55.0   19420.00   .2620132E-10
 55.0   19430.00   .2604481E-10
 55.0   19440.00   .2588829E-10
 55.0   19450.00   .2573174E-10
 55.0   19460.00   .2557517E-10
 55.0   19470.00   .2541863E-10
 55.0   19480.00   .2526203E-10
 55.0   19490.00   .2510545E-10
 55.0   19500.00   .2494886E-10
 55.0   19510.00   .2479224E-10
 55.0   19520.00   .2463561E-10
 55.0   19530.00   .2447895E-10
 55.0   19540.00   .2432232E-10
 55.0   19550.00   .2416564E-10
 55.0   19560.00   .2400897E-10
 55.0   19570.00   .2385228E-10
 55.0   19580.00   .2369556E-10
 55.0   19590.00   .2353886E-10
 55.0   19600.00   .2338212E-10
 55.0   19610.00   .2322540E-10
 55.0   19620.00   .2306862E-10
 55.0   19630.00   .2291190E-10
 55.0   19640.00   .2275510E-10
 55.0   19650.00   .2259834E-10
 55.0   19660.00   .2244156E-10
 55.0   19670.00   .2228477E-10
 55.0   19680.00   .2212797E-10
 55.0   19690.00   .2197116E-10
 55.0   19700.00   .2181434E-10
 55.0   19710.00   .2165754E-10
 55.0   19720.00   .2150073E-10
 55.0   19730.00   .2134391E-10
 55.0   19740.00   .2118709E-10
 55.0   19750.00   .2103027E-10
 55.0   19760.00   .2087344E-10
 55.0   19770.00   .2071661E-10
 55.0   19780.00   .2055979E-10
 55.0   19790.00   .2040297E-10
 55.0   19800.00   .2024614E-10
 55.0   19810.00   .2008932E-10
 55.0   19820.00   .1993250E-10
 55.0   19830.00   .1977570E-10
 55.0   19840.00   .1961886E-10
 55.0   19850.00   .1946206E-10
 55.0   19860.00   .1930526E-10
 55.0   19870.00   .1914846E-10
 55.0   19880.00   .1899166E-10
 55.0   19890.00   .1883489E-10
 55.0   19900.00   .1867810E-10
 55.0   19910.00   .1852132E-10
 55.0   19920.00   .1836456E-10
 55.0   19930.00   .1820781E-10
 55.0   19940.00   .1805107E-10
 55.0   19950.00   .1789432E-10
 55.0   19960.00   .1773761E-10
 55.0   19970.00   .1758089E-10
 55.0   19980.00   .1742419E-10
 55.0   19990.00   .1726750E-10
 55.0   20000.00   .1711082E-10
 55.0   20010.00   .1695416E-10
 55.0   20020.00   .1679750E-10
 55.0   20030.00   .1664085E-10
 55.0   20040.00   .1648424E-10
 55.0   20050.00   .1632763E-10
 55.0   20060.00   .1617102E-10
 55.0   20070.00   .1601445E-10
 55.0   20080.00   .1585789E-10
 55.0   20090.00   .1570134E-10
 55.0   20100.00   .1554482E-10
 55.0   20110.00   .1554336E-10
 55.0   20120.00   .1554190E-10
 55.0   20130.00   .1554043E-10
 55.0   20140.00   .1553894E-10
 55.0   20150.00   .1553745E-10
 55.0   20160.00   .1553597E-10
 55.0   20170.00   .1553444E-10
 55.0   20180.00   .1553293E-10
 55.0   20190.00   .1553139E-10
 55.0   20200.00   .1552985E-10
 55.0   20210.00   .1552829E-10
 55.0   20220.00   .1552674E-10
 55.0   20230.00   .1552516E-10
 55.0   20240.00   .1552357E-10
 55.0   20250.00   .1552199E-10
 55.0   20260.00   .1552039E-10
 55.0   20270.00   .1551878E-10
 55.0   20280.00   .1551717E-10
 55.0   20290.00   .1551554E-10
 55.0   20300.00   .1551392E-10
 55.0   20310.00   .1551228E-10
 55.0   20320.00   .1551062E-10
 55.0   20330.00   .1550896E-10
 55.0   20340.00   .1550730E-10
 55.0   20350.00   .1550562E-10
 55.0   20360.00   .1550393E-10
 55.0   20370.00   .1550224E-10
 55.0   20380.00   .1550054E-10
 55.0   20390.00   .1549884E-10
 55.0   20400.00   .1549712E-10
 55.0   20410.00   .1549540E-10
 55.0   20420.00   .1549369E-10
 55.0   20430.00   .1549194E-10
 55.0   20440.00   .1549021E-10
 55.0   20450.00   .1548847E-10
 55.0   20460.00   .1548670E-10
 55.0   20470.00   .1548494E-10
 55.0   20480.00   .1548318E-10
 55.0   20490.00   .1548140E-10
 55.0   20500.00   .1547963E-10
 55.0   20510.00   .1547784E-10
 55.0   20520.00   .1547605E-10
 55.0   20530.00   .1547426E-10
 55.0   20540.00   .1547246E-10
 55.0   20550.00   .1547065E-10
 55.0   20560.00   .1546884E-10
 55.0   20570.00   .1546702E-10
 55.0   20580.00   .1546519E-10
 55.0   20590.00   .1546337E-10
 55.0   20600.00   .1546153E-10
 55.0   20610.00   .1545970E-10
 55.0   20620.00   .1545786E-10
 55.0   20630.00   .1545601E-10
 55.0   20640.00   .1545416E-10
 55.0   20650.00   .1545231E-10
 55.0   20660.00   .1545045E-10
 55.0   20670.00   .1544858E-10
 55.0   20680.00   .1544673E-10
 55.0   20690.00   .1544485E-10
 55.0   20700.00   .1544299E-10
 55.0   20710.00   .1544111E-10
 55.0   20720.00   .1543922E-10
 55.0   20730.00   .1543735E-10
 55.0   20740.00   .1543545E-10
 55.0   20750.00   .1543356E-10
 55.0   20760.00   .1543168E-10
 55.0   20770.00   .1542979E-10
 55.0   20780.00   .1542789E-10
 55.0   20790.00   .1542599E-10
 55.0   20800.00   .1542408E-10
 55.0   20810.00   .1542218E-10
 55.0   20820.00   .1542028E-10
 55.0   20830.00   .1541836E-10
 55.0   20840.00   .1541647E-10
 55.0   20850.00   .1541455E-10
 55.0   20860.00   .1541265E-10
 55.0   20870.00   .1541073E-10
 55.0   20880.00   .1540882E-10
 55.0   20890.00   .1540691E-10
 55.0   20900.00   .1540498E-10
 55.0   20910.00   .1540307E-10
 55.0   20920.00   .1540115E-10
 55.0   20930.00   .1539922E-10
 55.0   20940.00   .1539731E-10
 55.0   20950.00   .1539540E-10
 55.0   20960.00   .1539347E-10
 55.0   20970.00   .1539156E-10
 55.0   20980.00   .1538963E-10
 55.0   20990.00   .1538772E-10
 55.0   21000.00   .1538580E-10
 55.0   21010.00   .1538388E-10
 55.0   21020.00   .1538196E-10
 55.0   21030.00   .1538003E-10
 55.0   21040.00   .1537812E-10
 55.0   21050.00   .1537620E-10
 55.0   21060.00   .1537429E-10
 55.0   21070.00   .1537238E-10
 55.0   21080.00   .1537046E-10
 55.0   21090.00   .1536855E-10
 55.0   21100.00   .1536665E-10
 55.0   21110.00   .1536474E-10
 55.0   21120.00   .1536283E-10
 55.0   21130.00   .1536093E-10
 55.0   21140.00   .1535903E-10
 55.0   21150.00   .1535713E-10
 55.0   21160.00   .1535523E-10
 55.0   21170.00   .1535334E-10
 55.0   21180.00   .1535143E-10
 55.0   21190.00   .1534955E-10
 55.0   21200.00   .1534765E-10
 55.0   21210.00   .1534577E-10
 55.0   21220.00   .1534389E-10
 55.0   21230.00   .1534203E-10
 55.0   21240.00   .1534014E-10
 55.0   21250.00   .1533826E-10
 55.0   21260.00   .1533639E-10
 55.0   21270.00   .1533454E-10
 55.0   21280.00   .1533266E-10
 55.0   21290.00   .1533083E-10
 55.0   21300.00   .1532896E-10
 55.0   21310.00   .1532712E-10
 55.0   21320.00   .1532527E-10
 55.0   21330.00   .1532343E-10
 55.0   21340.00   .1532158E-10
 55.0   21350.00   .1531976E-10
 55.0   21360.00   .1531793E-10
 55.0   21370.00   .1531611E-10
 55.0   21380.00   .1531430E-10
 55.0   21390.00   .1531248E-10
 55.0   21400.00   .1531068E-10
 55.0   21410.00   .1530887E-10
 55.0   21420.00   .1530709E-10
 55.0   21430.00   .1530530E-10
 55.0   21440.00   .1530351E-10
 55.0   21450.00   .1530174E-10
 55.0   21460.00   .1529996E-10
 55.0   21470.00   .1529820E-10
 55.0   21480.00   .1529644E-10
 55.0   21490.00   .1529468E-10
 55.0   21500.00   .1529294E-10
 55.0   21510.00   .1529120E-10
 55.0   21520.00   .1528946E-10
 55.0   21530.00   .1528774E-10
 55.0   21540.00   .1528601E-10
 55.0   21550.00   .1528430E-10
 55.0   21560.00   .1528260E-10
 55.0   21570.00   .1528090E-10
 55.0   21580.00   .1527921E-10
 55.0   21590.00   .1527753E-10
 55.0   21600.00   .1527585E-10
 55.0   21610.00   .1527418E-10
 55.0   21620.00   .1527253E-10
 55.0   21630.00   .1527088E-10
 55.0   21640.00   .1526924E-10
 55.0   21650.00   .1526760E-10
 55.0   21660.00   .1526597E-10
 55.0   21670.00   .1526436E-10
 55.0   21680.00   .1526275E-10
 55.0   21690.00   .1526115E-10
 55.0   21700.00   .1525956E-10
 55.0   21710.00   .1525798E-10
 55.0   21720.00   .1525641E-10
 55.0   21730.00   .1525484E-10
 55.0   21740.00   .1525330E-10
 55.0   21750.00   .1525174E-10
 55.0   21760.00   .1525021E-10
 55.0   21770.00   .1524869E-10
 55.0   21780.00   .1524716E-10
 55.0   21790.00   .1524567E-10
 55.0   21800.00   .1524418E-10
 55.0   21810.00   .1524269E-10
 55.0   21820.00   .1524123E-10
 55.0   21830.00   .1523975E-10
 55.0   21840.00   .1523831E-10
 55.0   21850.00   .1523687E-10
 55.0   21860.00   .1523543E-10
 55.0   21870.00   .1523402E-10
 55.0   21880.00   .1523261E-10
 55.0   21890.00   .1523121E-10
 55.0   21900.00   .1522984E-10
 55.0   21910.00   .1522846E-10
 55.0   21920.00   .1522710E-10
 55.0   21930.00   .1522574E-10
 55.0   21940.00   .1522440E-10
 55.0   21950.00   .1522308E-10
 55.0   21960.00   .1522176E-10
 55.0   21970.00   .1522046E-10
 55.0   21980.00   .1521918E-10
 55.0   21990.00   .1521790E-10
 55.0   22000.00   .1521663E-10
 55.0   22010.00   .1521538E-10
 55.0   22020.00   .1521415E-10
 55.0   22030.00   .1521291E-10
 55.0   22040.00   .1521171E-10
 55.0   22050.00   .1521050E-10
 55.0   22060.00   .1520932E-10
 55.0   22070.00   .1520814E-10
 55.0   22080.00   .1520700E-10
 55.0   22090.00   .1520585E-10
 55.0   22100.00   .1520472E-10
 55.0   22110.00   .1520361E-10
 55.0   22120.00   .1520249E-10
 55.0   22130.00   .1520142E-10
 55.0   22140.00   .1520034E-10
 55.0   22150.00   .1519928E-10
 55.0   22160.00   .1519824E-10
 55.0   22170.00   .1519721E-10
 55.0   22180.00   .1519620E-10
 55.0   22190.00   .1519518E-10
 55.0   22200.00   .1519421E-10
 55.0   22210.00   .1519325E-10
 55.0   22220.00   .1519228E-10
 55.0   22230.00   .1519135E-10
 55.0   22240.00   .1519043E-10
 55.0   22250.00   .1518952E-10
 55.0   22260.00   .1518863E-10
 55.0   22270.00   .1518775E-10
 55.0   22280.00   .1518689E-10
 55.0   22290.00   .1518605E-10
 55.0   22300.00   .1518523E-10
 55.0   22310.00   .1518441E-10
 55.0   22320.00   .1518363E-10
 55.0   22330.00   .1518286E-10
 55.0   22340.00   .1518208E-10
 55.0   22350.00   .1518135E-10
 55.0   22360.00   .1518062E-10
 55.0   22370.00   .1517992E-10
 55.0   22380.00   .1517922E-10
 55.0   22390.00   .1517856E-10
 55.0   22400.00   .1517789E-10
 55.0   22410.00   .1517725E-10
 55.0   22420.00   .1517664E-10
 55.0   22430.00   .1517603E-10
 55.0   22440.00   .1517544E-10
 55.0   22450.00   .1517487E-10
 55.0   22460.00   .1517431E-10
 55.0   22470.00   .1517379E-10
 55.0   22480.00   .1517325E-10
 55.0   22490.00   .1517276E-10
 55.0   22500.00   .1517227E-10
 55.0   22510.00   .1517180E-10
 55.0   22520.00   .1517135E-10
 55.0   22530.00   .1517090E-10
 55.0   22540.00   .1517049E-10
 55.0   22550.00   .1517007E-10
 55.0   22560.00   .1516969E-10
 55.0   22570.00   .1516932E-10
 55.0   22580.00   .1516896E-10
 55.0   22590.00   .1516862E-10
 55.0   22600.00   .1516830E-10
 55.0   22610.00   .1516799E-10
 55.0   22620.00   .1516769E-10
 55.0   22630.00   .1516741E-10
 55.0   22640.00   .1516715E-10
 55.0   22650.00   .1516690E-10
 55.0   22660.00   .1516668E-10
 55.0   22670.00   .1516646E-10
 55.0   22680.00   .1516628E-10
 55.0   22690.00   .1516609E-10
 55.0   22700.00   .1516591E-10
 55.0   22710.00   .1516576E-10
 55.0   22720.00   .1516562E-10
 55.0   22730.00   .1516550E-10
 55.0   22740.00   .1516538E-10
 55.0   22750.00   .1516530E-10
 55.0   22760.00   .1516522E-10
 55.0   22770.00   .1516516E-10
 55.0   22780.00   .1516511E-10
 55.0   22790.00   .1516508E-10
 55.0   22800.00   .1516505E-10
 55.0   22810.00   .1516505E-10
 55.0   22820.00   .1516506E-10
 55.0   22830.00   .1516509E-10
 55.0   22840.00   .1516512E-10
 55.0   22850.00   .1516517E-10
 55.0   22860.00   .1516524E-10
 55.0   22870.00   .1516533E-10
 55.0   22880.00   .1516543E-10
 55.0   22890.00   .1516554E-10
 55.0   22900.00   .1516565E-10
 55.0   22910.00   .1516580E-10
 55.0   22920.00   .1516595E-10
 55.0   22930.00   .1516611E-10
 55.0   22940.00   .1516628E-10
 55.0   22950.00   .1516649E-10
 55.0   22960.00   .1516669E-10
 55.0   22970.00   .1516691E-10
 55.0   22980.00   .1516714E-10
 55.0   22990.00   .1516739E-10
 55.0   23000.00   .1516765E-10
 55.0   23010.00   .1516792E-10
 55.0   23020.00   .1516822E-10
 55.0   23030.00   .1516852E-10
 55.0   23040.00   .1516884E-10
 55.0   23050.00   .1516916E-10
 55.0   23060.00   .1516950E-10
 55.0   23070.00   .1516985E-10
 55.0   23080.00   .1517022E-10
 55.0   23090.00   .1517059E-10
 55.0   23100.00   .1517098E-10
 55.0   23110.00   .1517139E-10
 55.0   23120.00   .1517181E-10
 55.0   23130.00   .1517224E-10
 55.0   23140.00   .1517267E-10
 55.0   23150.00   .1517313E-10
 55.0   23160.00   .1517359E-10
 55.0   23170.00   .1517407E-10
 55.0   23180.00   .1517457E-10
 55.0   23190.00   .1517506E-10
 55.0   23200.00   .1517558E-10
 55.0   23210.00   .1517610E-10
 55.0   23220.00   .1517664E-10
 55.0   23230.00   .1517720E-10
 55.0   23240.00   .1517776E-10
 55.0   23250.00   .1517834E-10
 55.0   23260.00   .1517892E-10
 55.0   23270.00   .1517952E-10
 55.0   23280.00   .1518012E-10
 55.0   23290.00   .1518074E-10
 55.0   23300.00   .1518140E-10
 55.0   23310.00   .1518201E-10
 55.0   23320.00   .1518267E-10
 55.0   23330.00   .1518334E-10
 55.0   23340.00   .1518402E-10
 55.0   23350.00   .1518471E-10
 55.0   23360.00   .1518541E-10
 55.0   23370.00   .1518612E-10
 55.0   23380.00   .1518684E-10
 55.0   23390.00   .1518759E-10
 55.0   23400.00   .1518832E-10
 55.0   23410.00   .1518908E-10
 55.0   23420.00   .1518983E-10
 55.0   23430.00   .1519061E-10
 55.0   23440.00   .1519140E-10
 55.0   23450.00   .1519219E-10
 55.0   23460.00   .1519300E-10
 55.0   23470.00   .1519383E-10
 55.0   23480.00   .1519463E-10
 55.0   23490.00   .1519548E-10
 55.0   23500.00   .1519633E-10
 55.0   23510.00   .1519719E-10
 55.0   23520.00   .1519806E-10
 55.0   23530.00   .1519894E-10
 55.0   23540.00   .1519983E-10
 55.0   23550.00   .1520072E-10
 55.0   23560.00   .1520164E-10
 55.0   23570.00   .1520255E-10
 55.0   23580.00   .1520348E-10
 55.0   23590.00   .1520440E-10
 55.0   23600.00   .1520536E-10
 55.0   23610.00   .1520630E-10
 55.0   23620.00   .1520728E-10
 55.0   23630.00   .1520825E-10
 55.0   23640.00   .1520924E-10
 55.0   23650.00   .1521024E-10
 55.0   23660.00   .1521123E-10
 55.0   23670.00   .1521226E-10
 55.0   23680.00   .1521327E-10
 55.0   23690.00   .1521429E-10
 55.0   23700.00   .1521533E-10
 55.0   23710.00   .1521638E-10
 55.0   23720.00   .1521744E-10
 55.0   23730.00   .1521851E-10
 55.0   23740.00   .1521958E-10
 55.0   23750.00   .1522065E-10
 55.0   23760.00   .1522174E-10
 55.0   23770.00   .1522285E-10
 55.0   23780.00   .1522394E-10
 55.0   23790.00   .1522508E-10
 55.0   23800.00   .1522620E-10
 55.0   23810.00   .1522733E-10
 55.0   23820.00   .1522846E-10
 55.0   23830.00   .1522961E-10
 55.0   23840.00   .1523076E-10
 55.0   23850.00   .1523194E-10
 55.0   23860.00   .1523311E-10
 55.0   23870.00   .1523428E-10
 55.0   23880.00   .1523548E-10
 55.0   23890.00   .1523666E-10
 55.0   23900.00   .1523788E-10
 55.0   23910.00   .1523908E-10
 55.0   23920.00   .1524029E-10
 55.0   23930.00   .1524153E-10
 55.0   23940.00   .1524275E-10
 55.0   23950.00   .1524400E-10
 55.0   23960.00   .1524524E-10
 55.0   23970.00   .1524651E-10
 55.0   23980.00   .1524776E-10
 55.0   23990.00   .1524904E-10
 55.0   24000.00   .1525030E-10
 55.0   24010.00   .1525159E-10
 55.0   24020.00   .1525288E-10
 55.0   24030.00   .1525418E-10
 55.0   24040.00   .1525549E-10
 55.0   24050.00   .1525680E-10
 55.0   24060.00   .1525811E-10
 55.0   24070.00   .1525943E-10
 55.0   24080.00   .1526077E-10
 55.0   24090.00   .1526211E-10
 55.0   24100.00   .1526345E-10
 55.0   24110.00   .1526479E-10
 55.0   24120.00   .1526613E-10
 55.0   24130.00   .1526750E-10
 55.0   24140.00   .1526888E-10
 55.0   24150.00   .1527025E-10
 55.0   24160.00   .1527162E-10
 55.0   24170.00   .1527300E-10
 55.0   24180.00   .1527440E-10
 55.0   24190.00   .1527581E-10
 55.0   24200.00   .1527720E-10
 55.0   24210.00   .1527862E-10
 55.0   24220.00   .1528002E-10
 55.0   24230.00   .1528144E-10
 55.0   24240.00   .1528287E-10
 55.0   24250.00   .1528430E-10
 55.0   24260.00   .1528573E-10
 55.0   24270.00   .1528717E-10
 55.0   24280.00   .1528863E-10
 55.0   24290.00   .1529007E-10
 55.0   24300.00   .1529153E-10
 55.0   24310.00   .1529299E-10
 55.0   24320.00   .1529445E-10
 55.0   24330.00   .1529592E-10
 55.0   24340.00   .1529741E-10
 55.0   24350.00   .1529888E-10
 55.0   24360.00   .1530037E-10
 55.0   24370.00   .1530186E-10
 55.0   24380.00   .1530336E-10
 55.0   24390.00   .1530486E-10
 55.0   24400.00   .1530637E-10
 55.0   24410.00   .1530787E-10
 55.0   24420.00   .1530939E-10
 55.0   24430.00   .1531090E-10
 55.0   24440.00   .1531241E-10
 55.0   24450.00   .1531395E-10
 55.0   24460.00   .1531548E-10
 55.0   24470.00   .1531700E-10
 55.0   24480.00   .1531855E-10
 55.0   24490.00   .1532008E-10
 55.0   24500.00   .1532164E-10
 55.0   24510.00   .1532318E-10
 55.0   24520.00   .1532473E-10
 55.0   24530.00   .1532630E-10
 55.0   24540.00   .1532784E-10
 55.0   24550.00   .1532942E-10
 55.0   24560.00   .1533098E-10
 55.0   24570.00   .1533254E-10
 55.0   24580.00   .1533411E-10
 55.0   24590.00   .1533570E-10
 55.0   24600.00   .1533728E-10
 55.0   24610.00   .1533885E-10
 55.0   24620.00   .1534045E-10
 55.0   24630.00   .1534204E-10
 55.0   24640.00   .1534362E-10
 55.0   24650.00   .1534522E-10
 55.0   24660.00   .1534682E-10
 55.0   24670.00   .1534841E-10
 55.0   24680.00   .1535001E-10
 55.0   24690.00   .1535162E-10
 55.0   24700.00   .1535322E-10
 55.0   24710.00   .1535483E-10
 55.0   24720.00   .1535646E-10
 55.0   24730.00   .1535806E-10
 55.0   24740.00   .1535968E-10
 55.0   24750.00   .1536131E-10
 55.0   24760.00   .1536293E-10
 55.0   24770.00   .1536455E-10
 55.0   24780.00   .1536619E-10
 55.0   24790.00   .1536781E-10
 55.0   24800.00   .1536945E-10
 55.0   24810.00   .1537106E-10
 55.0   24820.00   .1537269E-10
 55.0   24830.00   .1537433E-10
 55.0   24840.00   .1537596E-10
 55.0   24850.00   .1537761E-10
 55.0   24860.00   .1537923E-10
 55.0   24870.00   .1538089E-10
 55.0   24880.00   .1538253E-10
 55.0   24890.00   .1538418E-10
 55.0   24900.00   .1538583E-10
 55.0   24910.00   .1538745E-10
 55.0   24920.00   .1538912E-10
 55.0   24930.00   .1539076E-10
 55.0   24940.00   .1539240E-10
 55.0   24950.00   .1539407E-10
 55.0   24960.00   .1539570E-10
 55.0   24970.00   .1539737E-10
 55.0   24980.00   .1539901E-10
 55.0   24990.00   .1540067E-10
 55.0   25000.00   .1540232E-10
