 30.0    1000.00   .1810060E-14
 30.0    1010.00   .6896138E-14
 30.0    1020.00   .1838157E-13
 30.0    1030.00   .4027869E-13
 30.0    1040.00   .7774013E-13
 30.0    1050.00   .1370851E-12
 30.0    1060.00   .2257701E-12
 30.0    1070.00   .3523036E-12
 30.0    1080.00   .5260975E-12
 30.0    1090.00   .7572553E-12
 30.0    1100.00   .1056308E-11
 30.0    1110.00   .1433878E-11
 30.0    1120.00   .1900315E-11
 30.0    1130.00   .2465262E-11
 30.0    1140.00   .3137217E-11
 30.0    1150.00   .3923055E-11
 30.0    1160.00   .4827550E-11
 30.0    1170.00   .5852923E-11
 30.0    1180.00   .6998379E-11
 30.0    1190.00   .8259746E-11
 30.0    1200.00   .9629114E-11
 30.0    1210.00   .1109460E-10
 30.0    1220.00   .1264020E-10
 30.0    1230.00   .1424573E-10
 30.0    1240.00   .1588699E-10
 30.0    1250.00   .1753588E-10
 30.0    1260.00   .1916399E-10
 30.0    1270.00   .2075396E-10
 30.0    1280.00   .2229393E-10
 30.0    1290.00   .2377515E-10
 30.0    1300.00   .2519214E-10
 30.0    1310.00   .2654277E-10
 30.0    1320.00   .2782817E-10
 30.0    1330.00   .2905272E-10
 30.0    1340.00   .3022386E-10
 30.0    1350.00   .3135196E-10
 30.0    1360.00   .3245015E-10
 30.0    1370.00   .3353416E-10
 30.0    1380.00   .3462169E-10
 30.0    1390.00   .3572085E-10
 30.0    1400.00   .3682842E-10
 30.0    1410.00   .3794045E-10
 30.0    1420.00   .3905276E-10
 30.0    1430.00   .4016102E-10
 30.0    1440.00   .4126082E-10
 30.0    1450.00   .4234778E-10
 30.0    1460.00   .4341753E-10
 30.0    1470.00   .4446580E-10
 30.0    1480.00   .4548847E-10
 30.0    1490.00   .4648156E-10
 30.0    1500.00   .4744127E-10
 30.0    1510.00   .4836476E-10
 30.0    1520.00   .4925285E-10
 30.0    1530.00   .5010732E-10
 30.0    1540.00   .5093004E-10
 30.0    1550.00   .5172295E-10
 30.0    1560.00   .5248813E-10
 30.0    1570.00   .5322772E-10
 30.0    1580.00   .5394392E-10
 30.0    1590.00   .5463906E-10
 30.0    1600.00   .5531553E-10
 30.0    1610.00   .5597579E-10
 30.0    1620.00   .5662241E-10
 30.0    1630.00   .5725802E-10
 30.0    1640.00   .5788538E-10
 30.0    1650.00   .5850731E-10
 30.0    1660.00   .5912678E-10
 30.0    1670.00   .5974686E-10
 30.0    1680.00   .6037070E-10
 30.0    1690.00   .6100162E-10
 30.0    1700.00   .6164309E-10
 30.0    1710.00   .6229869E-10
 30.0    1720.00   .6297219E-10
 30.0    1730.00   .6366751E-10
 30.0    1740.00   .6438878E-10
 30.0    1750.00   .6514030E-10
 30.0    1760.00   .6592571E-10
 30.0    1770.00   .6674527E-10
 30.0    1780.00   .6759830E-10
 30.0    1790.00   .6848409E-10
 30.0    1800.00   .6940184E-10
 30.0    1810.00   .7035068E-10
 30.0    1820.00   .7132970E-10
 30.0    1830.00   .7233783E-10
 30.0    1840.00   .7337399E-10
 30.0    1850.00   .7443698E-10
 30.0    1860.00   .7552551E-10
 30.0    1870.00   .7663820E-10
 30.0    1880.00   .7777353E-10
 30.0    1890.00   .7892989E-10
 30.0    1900.00   .8010559E-10
 30.0    1910.00   .8129878E-10
 30.0    1920.00   .8250753E-10
 30.0    1930.00   .8372974E-10
 30.0    1940.00   .8496320E-10
 30.0    1950.00   .8620555E-10
 30.0    1960.00   .8745439E-10
 30.0    1970.00   .8870705E-10
 30.0    1980.00   .8996086E-10
 30.0    1990.00   .9121289E-10
 30.0    2000.00   .9246011E-10
 30.0    2010.00   .9370003E-10
 30.0    2020.00   .9493228E-10
 30.0    2030.00   .9615719E-10
 30.0    2040.00   .9737511E-10
 30.0    2050.00   .9858639E-10
 30.0    2060.00   .9979150E-10
 30.0    2070.00   .1009908E-09
 30.0    2080.00   .1021848E-09
 30.0    2090.00   .1033742E-09
 30.0    2100.00   .1045593E-09
 30.0    2110.00   .1057408E-09
 30.0    2120.00   .1069193E-09
 30.0    2130.00   .1080956E-09
 30.0    2140.00   .1092701E-09
 30.0    2150.00   .1104438E-09
 30.0    2160.00   .1116174E-09
 30.0    2170.00   .1127917E-09
 30.0    2180.00   .1139675E-09
 30.0    2190.00   .1151458E-09
 30.0    2200.00   .1163273E-09
 30.0    2210.00   .1175131E-09
 30.0    2220.00   .1187042E-09
 30.0    2230.00   .1199015E-09
 30.0    2240.00   .1211062E-09
 30.0    2250.00   .1223193E-09
 30.0    2260.00   .1235415E-09
 30.0    2270.00   .1247715E-09
 30.0    2280.00   .1260078E-09
 30.0    2290.00   .1272485E-09
 30.0    2300.00   .1284919E-09
 30.0    2310.00   .1297358E-09
 30.0    2320.00   .1309785E-09
 30.0    2330.00   .1322180E-09
 30.0    2340.00   .1334520E-09
 30.0    2350.00   .1346785E-09
 30.0    2360.00   .1358953E-09
 30.0    2370.00   .1371002E-09
 30.0    2380.00   .1382909E-09
 30.0    2390.00   .1394649E-09
 30.0    2400.00   .1406199E-09
 30.0    2410.00   .1417534E-09
 30.0    2420.00   .1428629E-09
 30.0    2430.00   .1439457E-09
 30.0    2440.00   .1449994E-09
 30.0    2450.00   .1460211E-09
 30.0    2460.00   .1470081E-09
 30.0    2470.00   .1479578E-09
 30.0    2480.00   .1488672E-09
 30.0    2490.00   .1497335E-09
 30.0    2500.00   .1505537E-09
 30.0    2510.00   .1682485E-09
 30.0    2520.00   .1976047E-09
 30.0    2530.00   .2397230E-09
 30.0    2540.00   .2402614E-09
 30.0    2550.00   .2311706E-09
 30.0    2560.00   .2207060E-09
 30.0    2570.00   .2112218E-09
 30.0    2580.00   .2007580E-09
 30.0    2590.00   .2075979E-09
 30.0    2600.00   .2074342E-09
 30.0    2610.00   .2110632E-09
 30.0    2620.00   .1957896E-09
 30.0    2630.00   .1757036E-09
 30.0    2640.00   .1811083E-09
 30.0    2650.00   .2049689E-09
 30.0    2660.00   .2298370E-09
 30.0    2670.00   .2621148E-09
 30.0    2680.00   .3190354E-09
 30.0    2690.00   .3823298E-09
 30.0    2700.00   .4307843E-09
 30.0    2710.00   .4807963E-09
 30.0    2720.00   .5150829E-09
 30.0    2730.00   .5362008E-09
 30.0    2740.00   .5675400E-09
 30.0    2750.00   .6017438E-09
 30.0    2760.00   .5990688E-09
 30.0    2770.00   .6491414E-09
 30.0    2780.00   .6569820E-09
 30.0    2790.00   .6351729E-09
 30.0    2800.00   .6137768E-09
 30.0    2810.00   .6683184E-09
 30.0    2820.00   .6928085E-09
 30.0    2830.00   .7318097E-09
 30.0    2840.00   .7763562E-09
 30.0    2850.00   .7833761E-09
 30.0    2860.00   .8731511E-09
 30.0    2870.00   .9860651E-09
 30.0    2880.00   .1073417E-08
 30.0    2890.00   .1207613E-08
 30.0    2900.00   .1338386E-08
 30.0    2910.00   .1467759E-08
 30.0    2920.00   .1526675E-08
 30.0    2930.00   .1561300E-08
 30.0    2940.00   .1581193E-08
 30.0    2950.00   .1556598E-08
 30.0    2960.00   .1515584E-08
 30.0    2970.00   .1426739E-08
 30.0    2980.00   .1348449E-08
 30.0    2990.00   .1244491E-08
 30.0    3000.00   .1177015E-08
 30.0    3010.00   .1143529E-08
 30.0    3020.00   .1135279E-08
 30.0    3030.00   .1157168E-08
 30.0    3040.00   .1168542E-08
 30.0    3050.00   .1055907E-08
 30.0    3060.00   .9993260E-09
 30.0    3070.00   .1118175E-08
 30.0    3080.00   .1167218E-08
 30.0    3090.00   .1187535E-08
 30.0    3100.00   .1196644E-08
 30.0    3110.00   .1211379E-08
 30.0    3120.00   .1285225E-08
 30.0    3130.00   .1410575E-08
 30.0    3140.00   .1518062E-08
 30.0    3150.00   .1649342E-08
 30.0    3160.00   .1766112E-08
 30.0    3170.00   .1879707E-08
 30.0    3180.00   .1864497E-08
 30.0    3190.00   .1813355E-08
 30.0    3200.00   .1728869E-08
 30.0    3210.00   .1544857E-08
 30.0    3220.00   .1645622E-08
 30.0    3230.00   .1584514E-08
 30.0    3240.00   .1501503E-08
 30.0    3250.00   .1322822E-08
 30.0    3260.00   .1183451E-08
 30.0    3270.00   .1276684E-08
 30.0    3280.00   .1295699E-08
 30.0    3290.00   .1260240E-08
 30.0    3300.00   .1273117E-08
 30.0    3310.00   .1419342E-08
 30.0    3320.00   .1403952E-08
 30.0    3330.00   .1491841E-08
 30.0    3340.00   .1526550E-08
 30.0    3350.00   .1568714E-08
 30.0    3360.00   .1575666E-08
 30.0    3370.00   .1594534E-08
 30.0    3380.00   .1645579E-08
 30.0    3390.00   .1680755E-08
 30.0    3400.00   .1746549E-08
 30.0    3410.00   .1771005E-08
 30.0    3420.00   .1809251E-08
 30.0    3430.00   .1830946E-08
 30.0    3440.00   .1850862E-08
 30.0    3450.00   .1910670E-08
 30.0    3460.00   .1962073E-08
 30.0    3470.00   .2035756E-08
 30.0    3480.00   .2097639E-08
 30.0    3490.00   .2198471E-08
 30.0    3500.00   .2324575E-08
 30.0    3510.00   .2519541E-08
 30.0    3520.00   .2627794E-08
 30.0    3530.00   .2785131E-08
 30.0    3540.00   .2938171E-08
 30.0    3550.00   .3011391E-08
 30.0    3560.00   .3098921E-08
 30.0    3570.00   .3120426E-08
 30.0    3580.00   .3149713E-08
 30.0    3590.00   .3156649E-08
 30.0    3600.00   .3115327E-08
 30.0    3610.00   .3072774E-08
 30.0    3620.00   .2989024E-08
 30.0    3630.00   .2991868E-08
 30.0    3640.00   .3051241E-08
 30.0    3650.00   .3218072E-08
 30.0    3660.00   .3351121E-08
 30.0    3670.00   .3310233E-08
 30.0    3680.00   .3219630E-08
 30.0    3690.00   .3006502E-08
 30.0    3700.00   .2743611E-08
 30.0    3710.00   .2485077E-08
 30.0    3720.00   .2309035E-08
 30.0    3730.00   .2154195E-08
 30.0    3740.00   .2066913E-08
 30.0    3750.00   .1965351E-08
 30.0    3760.00   .1864434E-08
 30.0    3770.00   .1798083E-08
 30.0    3780.00   .1755694E-08
 30.0    3790.00   .1738817E-08
 30.0    3800.00   .1751749E-08
 30.0    3810.00   .1825864E-08
 30.0    3820.00   .1974988E-08
 30.0    3830.00   .2204815E-08
 30.0    3840.00   .2479894E-08
 30.0    3850.00   .2786812E-08
 30.0    3860.00   .3125269E-08
 30.0    3870.00   .3504379E-08
 30.0    3880.00   .3828242E-08
 30.0    3890.00   .4171427E-08
 30.0    3900.00   .4467564E-08
 30.0    3910.00   .4717995E-08
 30.0    3920.00   .4883385E-08
 30.0    3930.00   .4964309E-08
 30.0    3940.00   .4989316E-08
 30.0    3950.00   .4976212E-08
 30.0    3960.00   .4877380E-08
 30.0    3970.00   .4600545E-08
 30.0    3980.00   .4350189E-08
 30.0    3990.00   .4074798E-08
 30.0    4000.00   .3892395E-08
 30.0    4010.00   .3778896E-08
 30.0    4020.00   .3744125E-08
 30.0    4030.00   .3762368E-08
 30.0    4040.00   .3889868E-08
 30.0    4050.00   .3990252E-08
 30.0    4060.00   .4148736E-08
 30.0    4070.00   .4275776E-08
 30.0    4080.00   .4355162E-08
 30.0    4090.00   .4301918E-08
 30.0    4100.00   .4342032E-08
 30.0    4110.00   .4315049E-08
 30.0    4120.00   .4324370E-08
 30.0    4130.00   .4339864E-08
 30.0    4140.00   .4371724E-08
 30.0    4150.00   .4392096E-08
 30.0    4160.00   .4428877E-08
 30.0    4170.00   .4469312E-08
 30.0    4180.00   .4467295E-08
 30.0    4190.00   .4478121E-08
 30.0    4200.00   .4429036E-08
 30.0    4210.00   .4392978E-08
 30.0    4220.00   .4290201E-08
 30.0    4230.00   .4191345E-08
 30.0    4240.00   .4076570E-08
 30.0    4250.00   .3980056E-08
 30.0    4260.00   .3834941E-08
 30.0    4270.00   .3785977E-08
 30.0    4280.00   .3654294E-08
 30.0    4290.00   .3511563E-08
 30.0    4300.00   .3357267E-08
 30.0    4310.00   .3235149E-08
 30.0    4320.00   .3124131E-08
 30.0    4330.00   .3063723E-08
 30.0    4340.00   .3033198E-08
 30.0    4350.00   .3011139E-08
 30.0    4360.00   .2972549E-08
 30.0    4370.00   .2927168E-08
 30.0    4380.00   .2910003E-08
 30.0    4390.00   .2894376E-08
 30.0    4400.00   .2869748E-08
 30.0    4410.00   .2911366E-08
 30.0    4420.00   .2959807E-08
 30.0    4430.00   .3022223E-08
 30.0    4440.00   .3144178E-08
 30.0    4450.00   .3278934E-08
 30.0    4460.00   .3413180E-08
 30.0    4470.00   .3562852E-08
 30.0    4480.00   .3708144E-08
 30.0    4490.00   .3883548E-08
 30.0    4500.00   .4040970E-08
 30.0    4510.00   .4184865E-08
 30.0    4520.00   .4370026E-08
 30.0    4530.00   .4509296E-08
 30.0    4540.00   .4651104E-08
 30.0    4550.00   .4741952E-08
 30.0    4560.00   .4827135E-08
 30.0    4570.00   .4909806E-08
 30.0    4580.00   .4948154E-08
 30.0    4590.00   .4976190E-08
 30.0    4600.00   .4980738E-08
 30.0    4610.00   .4968864E-08
 30.0    4620.00   .4932900E-08
 30.0    4630.00   .4839492E-08
 30.0    4640.00   .4678991E-08
 30.0    4650.00   .4513477E-08
 30.0    4660.00   .4274926E-08
 30.0    4670.00   .4060240E-08
 30.0    4680.00   .3793951E-08
 30.0    4690.00   .3644541E-08
 30.0    4700.00   .3581082E-08
 30.0    4710.00   .3471010E-08
 30.0    4720.00   .3352971E-08
 30.0    4730.00   .3251278E-08
 30.0    4740.00   .3164769E-08
 30.0    4750.00   .3039656E-08
 30.0    4760.00   .2951132E-08
 30.0    4770.00   .2923589E-08
 30.0    4780.00   .2904903E-08
 30.0    4790.00   .2900464E-08
 30.0    4800.00   .2891765E-08
 30.0    4810.00   .2876749E-08
 30.0    4820.00   .2855925E-08
 30.0    4830.00   .2808675E-08
 30.0    4840.00   .2743323E-08
 30.0    4850.00   .2657120E-08
 30.0    4860.00   .2602556E-08
 30.0    4870.00   .2589870E-08
 30.0    4880.00   .2581472E-08
 30.0    4890.00   .2642889E-08
 30.0    4900.00   .2759556E-08
 30.0    4910.00   .2870817E-08
 30.0    4920.00   .2994453E-08
 30.0    4930.00   .3074915E-08
 30.0    4940.00   .3105832E-08
 30.0    4950.00   .3119088E-08
 30.0    4960.00   .3091924E-08
 30.0    4970.00   .3036109E-08
 30.0    4980.00   .2953407E-08
 30.0    4990.00   .2878960E-08
 30.0    5000.00   .2822905E-08
 30.0    5010.00   .2785183E-08
 30.0    5020.00   .2787122E-08
 30.0    5030.00   .2825223E-08
 30.0    5040.00   .2883978E-08
 30.0    5050.00   .2950655E-08
 30.0    5060.00   .3020767E-08
 30.0    5070.00   .3108251E-08
 30.0    5080.00   .3186506E-08
 30.0    5090.00   .3256819E-08
 30.0    5100.00   .3312702E-08
 30.0    5110.00   .3406399E-08
 30.0    5120.00   .3471590E-08
 30.0    5130.00   .3529324E-08
 30.0    5140.00   .3592734E-08
 30.0    5150.00   .3666766E-08
 30.0    5160.00   .3733861E-08
 30.0    5170.00   .3779726E-08
 30.0    5180.00   .3822142E-08
 30.0    5190.00   .3873382E-08
 30.0    5200.00   .3902100E-08
 30.0    5210.00   .3925811E-08
 30.0    5220.00   .3947771E-08
 30.0    5230.00   .3933256E-08
 30.0    5240.00   .3863840E-08
 30.0    5250.00   .3788105E-08
 30.0    5260.00   .3678942E-08
 30.0    5270.00   .3572473E-08
 30.0    5280.00   .3463148E-08
 30.0    5290.00   .3316694E-08
 30.0    5300.00   .3199072E-08
 30.0    5310.00   .3114689E-08
 30.0    5320.00   .3087960E-08
 30.0    5330.00   .3066207E-08
 30.0    5340.00   .3051144E-08
 30.0    5350.00   .3056441E-08
 30.0    5360.00   .3063672E-08
 30.0    5370.00   .3064415E-08
 30.0    5380.00   .3038743E-08
 30.0    5390.00   .3012522E-08
 30.0    5400.00   .2994714E-08
 30.0    5410.00   .2965623E-08
 30.0    5420.00   .2912521E-08
 30.0    5430.00   .2845028E-08
 30.0    5440.00   .2771233E-08
 30.0    5450.00   .2704384E-08
 30.0    5460.00   .2631013E-08
 30.0    5470.00   .2562070E-08
 30.0    5480.00   .2501508E-08
 30.0    5490.00   .2491135E-08
 30.0    5500.00   .2478005E-08
 30.0    5510.00   .2493179E-08
 30.0    5520.00   .2542070E-08
 30.0    5530.00   .2612881E-08
 30.0    5540.00   .2684270E-08
 30.0    5550.00   .2743491E-08
 30.0    5560.00   .2779576E-08
 30.0    5570.00   .2810857E-08
 30.0    5580.00   .2838446E-08
 30.0    5590.00   .2813587E-08
 30.0    5600.00   .2774314E-08
 30.0    5610.00   .2751235E-08
 30.0    5620.00   .2721112E-08
 30.0    5630.00   .2678063E-08
 30.0    5640.00   .2634600E-08
 30.0    5650.00   .2600211E-08
 30.0    5660.00   .2557646E-08
 30.0    5670.00   .2511951E-08
 30.0    5680.00   .2467878E-08
 30.0    5690.00   .2428870E-08
 30.0    5700.00   .2399558E-08
 30.0    5710.00   .2354283E-08
 30.0    5720.00   .2301422E-08
 30.0    5730.00   .2270404E-08
 30.0    5740.00   .2216790E-08
 30.0    5750.00   .2181423E-08
 30.0    5760.00   .2170373E-08
 30.0    5770.00   .2153646E-08
 30.0    5780.00   .2160798E-08
 30.0    5790.00   .2192911E-08
 30.0    5800.00   .2216415E-08
 30.0    5810.00   .2266027E-08
 30.0    5820.00   .2341945E-08
 30.0    5830.00   .2407952E-08
 30.0    5840.00   .2473487E-08
 30.0    5850.00   .2522186E-08
 30.0    5860.00   .2576507E-08
 30.0    5870.00   .2638531E-08
 30.0    5880.00   .2669386E-08
 30.0    5890.00   .2639917E-08
 30.0    5900.00   .2626240E-08
 30.0    5910.00   .2631724E-08
 30.0    5920.00   .2626780E-08
 30.0    5930.00   .2598227E-08
 30.0    5940.00   .2566075E-08
 30.0    5950.00   .2535787E-08
 30.0    5960.00   .2482536E-08
 30.0    5970.00   .2453142E-08
 30.0    5980.00   .2413991E-08
 30.0    5990.00   .2374237E-08
 30.0    6000.00   .2336686E-08
 30.0    6010.00   .2298140E-08
 30.0    6020.00   .2222843E-08
 30.0    6030.00   .2137816E-08
 30.0    6040.00   .2054812E-08
 30.0    6050.00   .1917639E-08
 30.0    6060.00   .1738523E-08
 30.0    6070.00   .1535782E-08
 30.0    6080.00   .1367931E-08
 30.0    6090.00   .1214571E-08
 30.0    6100.00   .1086968E-08
 30.0    6110.00   .9771433E-09
 30.0    6120.00   .8931942E-09
 30.0    6130.00   .8597592E-09
 30.0    6140.00   .8503642E-09
 30.0    6150.00   .8651132E-09
 30.0    6160.00   .9010588E-09
 30.0    6170.00   .9713188E-09
 30.0    6180.00   .1043306E-08
 30.0    6190.00   .1120414E-08
 30.0    6200.00   .1217675E-08
 30.0    6210.00   .1346955E-08
 30.0    6220.00   .1438621E-08
 30.0    6230.00   .1528270E-08
 30.0    6240.00   .1622201E-08
 30.0    6250.00   .1723746E-08
 30.0    6260.00   .1809864E-08
 30.0    6270.00   .1877458E-08
 30.0    6280.00   .1917861E-08
 30.0    6290.00   .1966062E-08
 30.0    6300.00   .2014931E-08
 30.0    6310.00   .2049277E-08
 30.0    6320.00   .2053411E-08
 30.0    6330.00   .2060427E-08
 30.0    6340.00   .2063707E-08
 30.0    6350.00   .2069993E-08
 30.0    6360.00   .2058222E-08
 30.0    6370.00   .2050848E-08
 30.0    6380.00   .2050453E-08
 30.0    6390.00   .2040917E-08
 30.0    6400.00   .2029588E-08
 30.0    6410.00   .2024936E-08
 30.0    6420.00   .2010071E-08
 30.0    6430.00   .2001821E-08
 30.0    6440.00   .1998487E-08
 30.0    6450.00   .1975372E-08
 30.0    6460.00   .1964809E-08
 30.0    6470.00   .1957017E-08
 30.0    6480.00   .1940456E-08
 30.0    6490.00   .1923629E-08
 30.0    6500.00   .1907168E-08
 30.0    6510.00   .1900841E-08
 30.0    6520.00   .1877238E-08
 30.0    6530.00   .1852197E-08
 30.0    6540.00   .1822914E-08
 30.0    6550.00   .1799519E-08
 30.0    6560.00   .1770800E-08
 30.0    6570.00   .1744006E-08
 30.0    6580.00   .1711453E-08
 30.0    6590.00   .1687694E-08
 30.0    6600.00   .1647950E-08
 30.0    6610.00   .1609843E-08
 30.0    6620.00   .1564134E-08
 30.0    6630.00   .1535286E-08
 30.0    6640.00   .1498533E-08
 30.0    6650.00   .1472375E-08
 30.0    6660.00   .1445045E-08
 30.0    6670.00   .1416113E-08
 30.0    6680.00   .1393581E-08
 30.0    6690.00   .1357423E-08
 30.0    6700.00   .1321129E-08
 30.0    6710.00   .1287100E-08
 30.0    6720.00   .1271012E-08
 30.0    6730.00   .1250300E-08
 30.0    6740.00   .1237334E-08
 30.0    6750.00   .1212770E-08
 30.0    6760.00   .1183192E-08
 30.0    6770.00   .1165205E-08
 30.0    6780.00   .1143800E-08
 30.0    6790.00   .1127242E-08
 30.0    6800.00   .1119334E-08
 30.0    6810.00   .1116282E-08
 30.0    6820.00   .1103653E-08
 30.0    6830.00   .1071990E-08
 30.0    6840.00   .1029124E-08
 30.0    6850.00   .1032163E-08
 30.0    6860.00   .1000698E-08
 30.0    6870.00   .9785130E-09
 30.0    6880.00   .9642853E-09
 30.0    6890.00   .9663116E-09
 30.0    6900.00   .9614758E-09
 30.0    6910.00   .9685976E-09
 30.0    6920.00   .9722218E-09
 30.0    6930.00   .9694356E-09
 30.0    6940.00   .9634839E-09
 30.0    6950.00   .9577129E-09
 30.0    6960.00   .9477610E-09
 30.0    6970.00   .9469934E-09
 30.0    6980.00   .9391144E-09
 30.0    6990.00   .9344253E-09
 30.0    7000.00   .9191040E-09
 30.0    7010.00   .9135540E-09
 30.0    7020.00   .9078212E-09
 30.0    7030.00   .9044490E-09
 30.0    7040.00   .9028493E-09
 30.0    7050.00   .9014346E-09
 30.0    7060.00   .8948643E-09
 30.0    7070.00   .8895732E-09
 30.0    7080.00   .8839642E-09
 30.0    7090.00   .8818982E-09
 30.0    7100.00   .8798250E-09
 30.0    7110.00   .8804164E-09
 30.0    7120.00   .8721743E-09
 30.0    7130.00   .8601655E-09
 30.0    7140.00   .8545849E-09
 30.0    7150.00   .8653233E-09
 30.0    7160.00   .8330307E-09
 30.0    7170.00   .8372511E-09
 30.0    7180.00   .8540947E-09
 30.0    7190.00   .8336188E-09
 30.0    7200.00   .8591132E-09
 30.0    7210.00   .8271380E-09
 30.0    7220.00   .8275012E-09
 30.0    7230.00   .8030896E-09
 30.0    7240.00   .8034230E-09
 30.0    7250.00   .8121694E-09
 30.0    7260.00   .8248910E-09
 30.0    7270.00   .7900477E-09
 30.0    7280.00   .8161480E-09
 30.0    7290.00   .8050368E-09
 30.0    7300.00   .7807259E-09
 30.0    7310.00   .7901676E-09
 30.0    7320.00   .7673254E-09
 30.0    7330.00   .7477625E-09
 30.0    7340.00   .7098553E-09
 30.0    7350.00   .7055225E-09
 30.0    7360.00   .6739559E-09
 30.0    7370.00   .6517143E-09
 30.0    7380.00   .6509917E-09
 30.0    7390.00   .6239927E-09
 30.0    7400.00   .6265506E-09
 30.0    7410.00   .5825100E-09
 30.0    7420.00   .5867125E-09
 30.0    7430.00   .5957428E-09
 30.0    7440.00   .5886587E-09
 30.0    7450.00   .5791164E-09
 30.0    7460.00   .5517911E-09
 30.0    7470.00   .5046423E-09
 30.0    7480.00   .4732120E-09
 30.0    7490.00   .4253889E-09
 30.0    7500.00   .4096715E-09
 30.0    7510.00   .4339774E-09
 30.0    7520.00   .4532334E-09
 30.0    7530.00   .4653092E-09
 30.0    7540.00   .4625242E-09
 30.0    7550.00   .4749414E-09
 30.0    7560.00   .4683768E-09
 30.0    7570.00   .4758171E-09
 30.0    7580.00   .4902441E-09
 30.0    7590.00   .4679074E-09
 30.0    7600.00   .4598397E-09
 30.0    7610.00   .5278145E-09
 30.0    7620.00   .4897611E-09
 30.0    7630.00   .5117918E-09
 30.0    7640.00   .5118445E-09
 30.0    7650.00   .4903947E-09
 30.0    7660.00   .4982706E-09
 30.0    7670.00   .4921961E-09
 30.0    7680.00   .4831522E-09
 30.0    7690.00   .4978496E-09
 30.0    7700.00   .4937298E-09
 30.0    7710.00   .4946805E-09
 30.0    7720.00   .4898399E-09
 30.0    7730.00   .4838592E-09
 30.0    7740.00   .4711893E-09
 30.0    7750.00   .5101506E-09
 30.0    7760.00   .5161980E-09
 30.0    7770.00   .5233001E-09
 30.0    7780.00   .5346542E-09
 30.0    7790.00   .5350423E-09
 30.0    7800.00   .5354469E-09
 30.0    7810.00   .5626126E-09
 30.0    7820.00   .5473892E-09
 30.0    7830.00   .5620717E-09
 30.0    7840.00   .5543441E-09
 30.0    7850.00   .5594495E-09
 30.0    7860.00   .5655253E-09
 30.0    7870.00   .5592418E-09
 30.0    7880.00   .5609454E-09
 30.0    7890.00   .5694046E-09
 30.0    7900.00   .5601083E-09
 30.0    7910.00   .5648634E-09
 30.0    7920.00   .5431857E-09
 30.0    7930.00   .5311534E-09
 30.0    7940.00   .5369985E-09
 30.0    7950.00   .4985546E-09
 30.0    7960.00   .4987532E-09
 30.0    7970.00   .4876329E-09
 30.0    7980.00   .4727512E-09
 30.0    7990.00   .4727364E-09
 30.0    8000.00   .4576416E-09
 30.0    8010.00   .4640400E-09
 30.0    8020.00   .4363295E-09
 30.0    8030.00   .4369862E-09
 30.0    8040.00   .4227416E-09
 30.0    8050.00   .4151209E-09
 30.0    8060.00   .4036794E-09
 30.0    8070.00   .4007943E-09
 30.0    8080.00   .3894176E-09
 30.0    8090.00   .4079963E-09
 30.0    8100.00   .4017208E-09
 30.0    8110.00   .3896027E-09
 30.0    8120.00   .3955259E-09
 30.0    8130.00   .3721910E-09
 30.0    8140.00   .3894545E-09
 30.0    8150.00   .3882637E-09
 30.0    8160.00   .3680353E-09
 30.0    8170.00   .3760592E-09
 30.0    8180.00   .3327008E-09
 30.0    8190.00   .2849101E-09
 30.0    8200.00   .2887456E-09
 30.0    8210.00   .2594839E-09
 30.0    8220.00   .2527775E-09
 30.0    8230.00   .2387439E-09
 30.0    8240.00   .2332767E-09
 30.0    8250.00   .2436221E-09
 30.0    8260.00   .2392168E-09
 30.0    8270.00   .2453131E-09
 30.0    8280.00   .2327895E-09
 30.0    8290.00   .2429347E-09
 30.0    8300.00   .2562491E-09
 30.0    8310.00   .2787663E-09
 30.0    8320.00   .2908474E-09
 30.0    8330.00   .3019581E-09
 30.0    8340.00   .3162730E-09
 30.0    8350.00   .3050850E-09
 30.0    8360.00   .3071838E-09
 30.0    8370.00   .3048515E-09
 30.0    8380.00   .3010599E-09
 30.0    8390.00   .3282120E-09
 30.0    8400.00   .3311266E-09
 30.0    8410.00   .3301487E-09
 30.0    8420.00   .3561436E-09
 30.0    8430.00   .3842570E-09
 30.0    8440.00   .4311359E-09
 30.0    8450.00   .4694530E-09
 30.0    8460.00   .5070683E-09
 30.0    8470.00   .5069965E-09
 30.0    8480.00   .5355826E-09
 30.0    8490.00   .5643585E-09
 30.0    8500.00   .6009581E-09
 30.0    8510.00   .6097518E-09
 30.0    8520.00   .6129848E-09
 30.0    8530.00   .6057288E-09
 30.0    8540.00   .6250186E-09
 30.0    8550.00   .6145751E-09
 30.0    8560.00   .6244725E-09
 30.0    8570.00   .6240515E-09
 30.0    8580.00   .6159396E-09
 30.0    8590.00   .6569360E-09
 30.0    8600.00   .6761185E-09
 30.0    8610.00   .6667376E-09
 30.0    8620.00   .6874123E-09
 30.0    8630.00   .6826976E-09
 30.0    8640.00   .6770642E-09
 30.0    8650.00   .6714167E-09
 30.0    8660.00   .6773523E-09
 30.0    8670.00   .6695172E-09
 30.0    8680.00   .6523316E-09
 30.0    8690.00   .6422297E-09
 30.0    8700.00   .6604264E-09
 30.0    8710.00   .6581977E-09
 30.0    8720.00   .6585675E-09
 30.0    8730.00   .6614817E-09
 30.0    8740.00   .6507428E-09
 30.0    8750.00   .6397078E-09
 30.0    8760.00   .6422012E-09
 30.0    8770.00   .6272751E-09
 30.0    8780.00   .6175262E-09
 30.0    8790.00   .6111133E-09
 30.0    8800.00   .6093575E-09
 30.0    8810.00   .6354008E-09
 30.0    8820.00   .6222105E-09
 30.0    8830.00   .5831943E-09
 30.0    8840.00   .5923834E-09
 30.0    8850.00   .5825715E-09
 30.0    8860.00   .5724188E-09
 30.0    8870.00   .5389637E-09
 30.0    8880.00   .5025279E-09
 30.0    8890.00   .4956007E-09
 30.0    8900.00   .4760311E-09
 30.0    8910.00   .4602886E-09
 30.0    8920.00   .4532682E-09
 30.0    8930.00   .4441067E-09
 30.0    8940.00   .4568837E-09
 30.0    8950.00   .4319881E-09
 30.0    8960.00   .4247390E-09
 30.0    8970.00   .4429006E-09
 30.0    8980.00   .4451900E-09
 30.0    8990.00   .4521344E-09
 30.0    9000.00   .4347940E-09
 30.0    9010.00   .4399138E-09
 30.0    9020.00   .4251678E-09
 30.0    9030.00   .4192520E-09
 30.0    9040.00   .4094483E-09
 30.0    9050.00   .4027380E-09
 30.0    9060.00   .3971471E-09
 30.0    9070.00   .3844989E-09
 30.0    9080.00   .3670478E-09
 30.0    9090.00   .3635873E-09
 30.0    9100.00   .3933717E-09
 30.0    9110.00   .3858376E-09
 30.0    9120.00   .3480989E-09
 30.0    9130.00   .3511043E-09
 30.0    9140.00   .3584625E-09
 30.0    9150.00   .3381857E-09
 30.0    9160.00   .3438345E-09
 30.0    9170.00   .3062000E-09
 30.0    9180.00   .3261887E-09
 30.0    9190.00   .3225310E-09
 30.0    9200.00   .3266377E-09
 30.0    9210.00   .3259910E-09
 30.0    9220.00   .3326389E-09
 30.0    9230.00   .3304824E-09
 30.0    9240.00   .3244372E-09
 30.0    9250.00   .3336393E-09
 30.0    9260.00   .3230552E-09
 30.0    9270.00   .3103171E-09
 30.0    9280.00   .2999492E-09
 30.0    9290.00   .2932444E-09
 30.0    9300.00   .2883346E-09
 30.0    9310.00   .2586930E-09
 30.0    9320.00   .2363571E-09
 30.0    9330.00   .2364342E-09
 30.0    9340.00   .2480960E-09
 30.0    9350.00   .2413439E-09
 30.0    9360.00   .2444749E-09
 30.0    9370.00   .2370832E-09
 30.0    9380.00   .2521600E-09
 30.0    9390.00   .2608833E-09
 30.0    9400.00   .2492695E-09
 30.0    9410.00   .2530267E-09
 30.0    9420.00   .2280906E-09
 30.0    9430.00   .2370411E-09
 30.0    9440.00   .2447006E-09
 30.0    9450.00   .2265101E-09
 30.0    9460.00   .2378691E-09
 30.0    9470.00   .2432540E-09
 30.0    9480.00   .2223656E-09
 30.0    9490.00   .2183861E-09
 30.0    9500.00   .2281049E-09
 30.0    9510.00   .2038620E-09
 30.0    9520.00   .1993136E-09
 30.0    9530.00   .2077191E-09
 30.0    9540.00   .2099846E-09
 30.0    9550.00   .2077825E-09
 30.0    9560.00   .2167689E-09
 30.0    9570.00   .2152854E-09
 30.0    9580.00   .1947095E-09
 30.0    9590.00   .2034263E-09
 30.0    9600.00   .2138876E-09
 30.0    9610.00   .1952638E-09
 30.0    9620.00   .2082850E-09
 30.0    9630.00   .1991717E-09
 30.0    9640.00   .1895602E-09
 30.0    9650.00   .2063944E-09
 30.0    9660.00   .1991326E-09
 30.0    9670.00   .2013647E-09
 30.0    9680.00   .2018726E-09
 30.0    9690.00   .2019690E-09
 30.0    9700.00   .1990733E-09
 30.0    9710.00   .2088674E-09
 30.0    9720.00   .1923111E-09
 30.0    9730.00   .1858188E-09
 30.0    9740.00   .1728041E-09
 30.0    9750.00   .1748563E-09
 30.0    9760.00   .1736236E-09
 30.0    9770.00   .1726876E-09
 30.0    9780.00   .1701849E-09
 30.0    9790.00   .1674540E-09
 30.0    9800.00   .1638112E-09
 30.0    9810.00   .1600064E-09
 30.0    9820.00   .1564797E-09
 30.0    9830.00   .1540538E-09
 30.0    9840.00   .1527999E-09
 30.0    9850.00   .1516734E-09
 30.0    9860.00   .1509992E-09
 30.0    9870.00   .1506664E-09
 30.0    9880.00   .1503422E-09
 30.0    9890.00   .1499925E-09
 30.0    9900.00   .1495893E-09
 30.0    9910.00   .1489958E-09
 30.0    9920.00   .1479225E-09
 30.0    9930.00   .1466784E-09
 30.0    9940.00   .1468922E-09
 30.0    9950.00   .1472068E-09
 30.0    9960.00   .1452346E-09
 30.0    9970.00   .1428083E-09
 30.0    9980.00   .1420509E-09
 30.0    9990.00   .1420484E-09
 30.0   10000.00   .1405445E-09
 30.0   10010.00   .1403642E-09
 30.0   10020.00   .1401839E-09
 30.0   10030.00   .1400036E-09
 30.0   10040.00   .1398232E-09
 30.0   10050.00   .1396429E-09
 30.0   10060.00   .1394623E-09
 30.0   10070.00   .1392818E-09
 30.0   10080.00   .1391014E-09
 30.0   10090.00   .1389208E-09
 30.0   10100.00   .1387401E-09
 30.0   10110.00   .1385594E-09
 30.0   10120.00   .1383786E-09
 30.0   10130.00   .1381977E-09
 30.0   10140.00   .1380167E-09
 30.0   10150.00   .1378355E-09
 30.0   10160.00   .1376543E-09
 30.0   10170.00   .1374727E-09
 30.0   10180.00   .1372911E-09
 30.0   10190.00   .1371095E-09
 30.0   10200.00   .1369275E-09
 30.0   10210.00   .1367455E-09
 30.0   10220.00   .1365632E-09
 30.0   10230.00   .1363808E-09
 30.0   10240.00   .1361983E-09
 30.0   10250.00   .1360152E-09
 30.0   10260.00   .1358321E-09
 30.0   10270.00   .1356488E-09
 30.0   10280.00   .1354651E-09
 30.0   10290.00   .1352814E-09
 30.0   10300.00   .1350974E-09
 30.0   10310.00   .1349130E-09
 30.0   10320.00   .1347284E-09
 30.0   10330.00   .1345434E-09
 30.0   10340.00   .1343582E-09
 30.0   10350.00   .1341727E-09
 30.0   10360.00   .1339870E-09
 30.0   10370.00   .1338008E-09
 30.0   10380.00   .1336143E-09
 30.0   10390.00   .1334275E-09
 30.0   10400.00   .1332405E-09
 30.0   10410.00   .1330531E-09
 30.0   10420.00   .1328651E-09
 30.0   10430.00   .1326769E-09
 30.0   10440.00   .1324884E-09
 30.0   10450.00   .1322994E-09
 30.0   10460.00   .1321101E-09
 30.0   10470.00   .1319204E-09
 30.0   10480.00   .1317302E-09
 30.0   10490.00   .1315399E-09
 30.0   10500.00   .1313488E-09
 30.0   10510.00   .1311575E-09
 30.0   10520.00   .1309659E-09
 30.0   10530.00   .1307738E-09
 30.0   10540.00   .1305813E-09
 30.0   10550.00   .1303884E-09
 30.0   10560.00   .1301951E-09
 30.0   10570.00   .1300013E-09
 30.0   10580.00   .1298071E-09
 30.0   10590.00   .1296125E-09
 30.0   10600.00   .1294176E-09
 30.0   10610.00   .1292219E-09
 30.0   10620.00   .1290262E-09
 30.0   10630.00   .1288299E-09
 30.0   10640.00   .1286332E-09
 30.0   10650.00   .1284360E-09
 30.0   10660.00   .1282382E-09
 30.0   10670.00   .1280401E-09
 30.0   10680.00   .1278415E-09
 30.0   10690.00   .1276426E-09
 30.0   10700.00   .1274430E-09
 30.0   10710.00   .1272431E-09
 30.0   10720.00   .1270427E-09
 30.0   10730.00   .1268418E-09
 30.0   10740.00   .1266405E-09
 30.0   10750.00   .1264385E-09
 30.0   10760.00   .1262362E-09
 30.0   10770.00   .1260335E-09
 30.0   10780.00   .1258302E-09
 30.0   10790.00   .1256263E-09
 30.0   10800.00   .1254221E-09
 30.0   10810.00   .1252171E-09
 30.0   10820.00   .1250117E-09
 30.0   10830.00   .1248062E-09
 30.0   10840.00   .1245998E-09
 30.0   10850.00   .1243930E-09
 30.0   10860.00   .1241857E-09
 30.0   10870.00   .1239779E-09
 30.0   10880.00   .1237695E-09
 30.0   10890.00   .1235607E-09
 30.0   10900.00   .1233511E-09
 30.0   10910.00   .1231413E-09
 30.0   10920.00   .1229307E-09
 30.0   10930.00   .1227198E-09
 30.0   10940.00   .1225083E-09
 30.0   10950.00   .1222961E-09
 30.0   10960.00   .1220835E-09
 30.0   10970.00   .1218703E-09
 30.0   10980.00   .1216565E-09
 30.0   10990.00   .1214424E-09
 30.0   11000.00   .1212275E-09
 30.0   11010.00   .1210122E-09
 30.0   11020.00   .1207961E-09
 30.0   11030.00   .1205796E-09
 30.0   11040.00   .1203626E-09
 30.0   11050.00   .1201449E-09
 30.0   11060.00   .1199266E-09
 30.0   11070.00   .1197078E-09
 30.0   11080.00   .1194884E-09
 30.0   11090.00   .1192683E-09
 30.0   11100.00   .1190478E-09
 30.0   11110.00   .1188266E-09
 30.0   11120.00   .1186048E-09
 30.0   11130.00   .1183827E-09
 30.0   11140.00   .1181595E-09
 30.0   11150.00   .1179361E-09
 30.0   11160.00   .1177120E-09
 30.0   11170.00   .1174872E-09
 30.0   11180.00   .1172618E-09
 30.0   11190.00   .1170359E-09
 30.0   11200.00   .1168093E-09
 30.0   11210.00   .1165823E-09
 30.0   11220.00   .1163545E-09
 30.0   11230.00   .1161260E-09
 30.0   11240.00   .1158970E-09
 30.0   11250.00   .1156672E-09
 30.0   11260.00   .1154371E-09
 30.0   11270.00   .1152060E-09
 30.0   11280.00   .1149745E-09
 30.0   11290.00   .1147423E-09
 30.0   11300.00   .1145094E-09
 30.0   11310.00   .1146141E-09
 30.0   11320.00   .1147187E-09
 30.0   11330.00   .1148232E-09
 30.0   11340.00   .1149280E-09
 30.0   11350.00   .1150324E-09
 30.0   11360.00   .1151368E-09
 30.0   11370.00   .1152413E-09
 30.0   11380.00   .1153457E-09
 30.0   11390.00   .1154502E-09
 30.0   11400.00   .1155544E-09
 30.0   11410.00   .1156589E-09
 30.0   11420.00   .1157628E-09
 30.0   11430.00   .1158670E-09
 30.0   11440.00   .1159710E-09
 30.0   11450.00   .1160751E-09
 30.0   11460.00   .1161792E-09
 30.0   11470.00   .1162830E-09
 30.0   11480.00   .1163869E-09
 30.0   11490.00   .1164906E-09
 30.0   11500.00   .1165944E-09
 30.0   11510.00   .1166979E-09
 30.0   11520.00   .1168013E-09
 30.0   11530.00   .1169049E-09
 30.0   11540.00   .1170082E-09
 30.0   11550.00   .1171117E-09
 30.0   11560.00   .1172148E-09
 30.0   11570.00   .1173179E-09
 30.0   11580.00   .1174209E-09
 30.0   11590.00   .1175236E-09
 30.0   11600.00   .1176264E-09
 30.0   11610.00   .1177293E-09
 30.0   11620.00   .1178318E-09
 30.0   11630.00   .1179342E-09
 30.0   11640.00   .1180366E-09
 30.0   11650.00   .1181388E-09
 30.0   11660.00   .1182410E-09
 30.0   11670.00   .1183428E-09
 30.0   11680.00   .1184447E-09
 30.0   11690.00   .1185463E-09
 30.0   11700.00   .1186480E-09
 30.0   11710.00   .1187496E-09
 30.0   11720.00   .1188508E-09
 30.0   11730.00   .1189520E-09
 30.0   11740.00   .1190531E-09
 30.0   11750.00   .1191539E-09
 30.0   11760.00   .1192546E-09
 30.0   11770.00   .1193553E-09
 30.0   11780.00   .1194556E-09
 30.0   11790.00   .1195560E-09
 30.0   11800.00   .1196560E-09
 30.0   11810.00   .1197561E-09
 30.0   11820.00   .1198558E-09
 30.0   11830.00   .1199553E-09
 30.0   11840.00   .1200546E-09
 30.0   11850.00   .1201538E-09
 30.0   11860.00   .1202531E-09
 30.0   11870.00   .1203519E-09
 30.0   11880.00   .1204506E-09
 30.0   11890.00   .1205491E-09
 30.0   11900.00   .1206473E-09
 30.0   11910.00   .1207453E-09
 30.0   11920.00   .1208434E-09
 30.0   11930.00   .1209409E-09
 30.0   11940.00   .1210384E-09
 30.0   11950.00   .1211356E-09
 30.0   11960.00   .1212327E-09
 30.0   11970.00   .1213295E-09
 30.0   11980.00   .1214262E-09
 30.0   11990.00   .1215225E-09
 30.0   12000.00   .1216186E-09
 30.0   12010.00   .1217147E-09
 30.0   12020.00   .1218103E-09
 30.0   12030.00   .1219058E-09
 30.0   12040.00   .1220011E-09
 30.0   12050.00   .1220959E-09
 30.0   12060.00   .1221906E-09
 30.0   12070.00   .1222853E-09
 30.0   12080.00   .1223794E-09
 30.0   12090.00   .1224734E-09
 30.0   12100.00   .1225671E-09
 30.0   12110.00   .1226605E-09
 30.0   12120.00   .1227536E-09
 30.0   12130.00   .1228465E-09
 30.0   12140.00   .1229392E-09
 30.0   12150.00   .1230314E-09
 30.0   12160.00   .1231236E-09
 30.0   12170.00   .1232154E-09
 30.0   12180.00   .1233068E-09
 30.0   12190.00   .1233981E-09
 30.0   12200.00   .1234889E-09
 30.0   12210.00   .1235795E-09
 30.0   12220.00   .1236697E-09
 30.0   12230.00   .1237598E-09
 30.0   12240.00   .1238495E-09
 30.0   12250.00   .1239387E-09
 30.0   12260.00   .1240279E-09
 30.0   12270.00   .1241166E-09
 30.0   12280.00   .1242052E-09
 30.0   12290.00   .1242932E-09
 30.0   12300.00   .1243810E-09
 30.0   12310.00   .1244683E-09
 30.0   12320.00   .1245556E-09
 30.0   12330.00   .1246422E-09
 30.0   12340.00   .1247287E-09
 30.0   12350.00   .1248146E-09
 30.0   12360.00   .1249005E-09
 30.0   12370.00   .1249857E-09
 30.0   12380.00   .1250707E-09
 30.0   12390.00   .1251555E-09
 30.0   12400.00   .1252396E-09
 30.0   12410.00   .1253237E-09
 30.0   12420.00   .1254071E-09
 30.0   12430.00   .1254903E-09
 30.0   12440.00   .1255730E-09
 30.0   12450.00   .1256555E-09
 30.0   12460.00   .1257375E-09
 30.0   12470.00   .1258190E-09
 30.0   12480.00   .1259002E-09
 30.0   12490.00   .1259812E-09
 30.0   12500.00   .1260616E-09
 30.0   12510.00   .1261616E-09
 30.0   12520.00   .1262613E-09
 30.0   12530.00   .1263607E-09
 30.0   12540.00   .1264596E-09
 30.0   12550.00   .1265581E-09
 30.0   12560.00   .1266560E-09
 30.0   12570.00   .1267538E-09
 30.0   12580.00   .1268508E-09
 30.0   12590.00   .1269475E-09
 30.0   12600.00   .1270437E-09
 30.0   12610.00   .1271395E-09
 30.0   12620.00   .1272348E-09
 30.0   12630.00   .1273297E-09
 30.0   12640.00   .1274242E-09
 30.0   12650.00   .1275181E-09
 30.0   12660.00   .1276117E-09
 30.0   12670.00   .1277045E-09
 30.0   12680.00   .1277971E-09
 30.0   12690.00   .1278889E-09
 30.0   12700.00   .1279806E-09
 30.0   12710.00   .1280715E-09
 30.0   12720.00   .1281621E-09
 30.0   12730.00   .1282522E-09
 30.0   12740.00   .1283416E-09
 30.0   12750.00   .1284308E-09
 30.0   12760.00   .1285191E-09
 30.0   12770.00   .1286073E-09
 30.0   12780.00   .1286946E-09
 30.0   12790.00   .1287816E-09
 30.0   12800.00   .1288680E-09
 30.0   12810.00   .1289538E-09
 30.0   12820.00   .1290393E-09
 30.0   12830.00   .1291239E-09
 30.0   12840.00   .1292082E-09
 30.0   12850.00   .1292920E-09
 30.0   12860.00   .1293751E-09
 30.0   12870.00   .1294577E-09
 30.0   12880.00   .1295399E-09
 30.0   12890.00   .1296214E-09
 30.0   12900.00   .1297022E-09
 30.0   12910.00   .1297828E-09
 30.0   12920.00   .1298627E-09
 30.0   12930.00   .1299421E-09
 30.0   12940.00   .1300211E-09
 30.0   12950.00   .1300993E-09
 30.0   12960.00   .1301770E-09
 30.0   12970.00   .1302543E-09
 30.0   12980.00   .1303310E-09
 30.0   12990.00   .1304072E-09
 30.0   13000.00   .1304830E-09
 30.0   13010.00   .1305582E-09
 30.0   13020.00   .1306326E-09
 30.0   13030.00   .1307069E-09
 30.0   13040.00   .1307806E-09
 30.0   13050.00   .1308537E-09
 30.0   13060.00   .1309264E-09
 30.0   13070.00   .1309985E-09
 30.0   13080.00   .1310700E-09
 30.0   13090.00   .1311412E-09
 30.0   13100.00   .1312120E-09
 30.0   13110.00   .1312819E-09
 30.0   13120.00   .1313514E-09
 30.0   13130.00   .1314206E-09
 30.0   13140.00   .1314893E-09
 30.0   13150.00   .1315574E-09
 30.0   13160.00   .1316251E-09
 30.0   13170.00   .1316923E-09
 30.0   13180.00   .1317590E-09
 30.0   13190.00   .1318253E-09
 30.0   13200.00   .1318908E-09
 30.0   13210.00   .1319562E-09
 30.0   13220.00   .1320210E-09
 30.0   13230.00   .1320854E-09
 30.0   13240.00   .1321493E-09
 30.0   13250.00   .1322127E-09
 30.0   13260.00   .1322756E-09
 30.0   13270.00   .1323382E-09
 30.0   13280.00   .1324001E-09
 30.0   13290.00   .1324618E-09
 30.0   13300.00   .1325227E-09
 30.0   13310.00   .1325836E-09
 30.0   13320.00   .1326437E-09
 30.0   13330.00   .1327035E-09
 30.0   13340.00   .1327628E-09
 30.0   13350.00   .1328217E-09
 30.0   13360.00   .1328801E-09
 30.0   13370.00   .1329381E-09
 30.0   13380.00   .1329959E-09
 30.0   13390.00   .1330529E-09
 30.0   13400.00   .1331097E-09
 30.0   13410.00   .1331658E-09
 30.0   13420.00   .1332217E-09
 30.0   13430.00   .1332772E-09
 30.0   13440.00   .1333323E-09
 30.0   13450.00   .1333870E-09
 30.0   13460.00   .1334411E-09
 30.0   13470.00   .1334949E-09
 30.0   13480.00   .1335482E-09
 30.0   13490.00   .1336012E-09
 30.0   13500.00   .1336537E-09
 30.0   13510.00   .1337060E-09
 30.0   13520.00   .1337578E-09
 30.0   13530.00   .1338091E-09
 30.0   13540.00   .1338600E-09
 30.0   13550.00   .1339106E-09
 30.0   13560.00   .1339610E-09
 30.0   13570.00   .1340107E-09
 30.0   13580.00   .1340603E-09
 30.0   13590.00   .1341092E-09
 30.0   13600.00   .1341579E-09
 30.0   13610.00   .1342062E-09
 30.0   13620.00   .1342542E-09
 30.0   13630.00   .1343017E-09
 30.0   13640.00   .1343489E-09
 30.0   13650.00   .1343957E-09
 30.0   13660.00   .1344422E-09
 30.0   13670.00   .1344884E-09
 30.0   13680.00   .1345339E-09
 30.0   13690.00   .1345793E-09
 30.0   13700.00   .1346243E-09
 30.0   13710.00   .1339603E-09
 30.0   13720.00   .1332954E-09
 30.0   13730.00   .1326297E-09
 30.0   13740.00   .1319631E-09
 30.0   13750.00   .1312958E-09
 30.0   13760.00   .1306278E-09
 30.0   13770.00   .1299588E-09
 30.0   13780.00   .1292891E-09
 30.0   13790.00   .1286188E-09
 30.0   13800.00   .1279476E-09
 30.0   13810.00   .1272757E-09
 30.0   13820.00   .1266031E-09
 30.0   13830.00   .1259298E-09
 30.0   13840.00   .1252559E-09
 30.0   13850.00   .1245811E-09
 30.0   13860.00   .1239053E-09
 30.0   13870.00   .1232291E-09
 30.0   13880.00   .1225523E-09
 30.0   13890.00   .1218749E-09
 30.0   13900.00   .1211967E-09
 30.0   13910.00   .1205179E-09
 30.0   13920.00   .1198381E-09
 30.0   13930.00   .1191579E-09
 30.0   13940.00   .1184770E-09
 30.0   13950.00   .1177955E-09
 30.0   13960.00   .1171135E-09
 30.0   13970.00   .1164306E-09
 30.0   13980.00   .1157474E-09
 30.0   13990.00   .1150633E-09
 30.0   14000.00   .1143787E-09
 30.0   14010.00   .1136937E-09
 30.0   14020.00   .1130076E-09
 30.0   14030.00   .1123214E-09
 30.0   14040.00   .1116344E-09
 30.0   14050.00   .1109470E-09
 30.0   14060.00   .1102587E-09
 30.0   14070.00   .1095700E-09
 30.0   14080.00   .1088809E-09
 30.0   14090.00   .1081909E-09
 30.0   14100.00   .1075007E-09
 30.0   14110.00   .1068099E-09
 30.0   14120.00   .1061186E-09
 30.0   14130.00   .1054266E-09
 30.0   14140.00   .1047343E-09
 30.0   14150.00   .1040412E-09
 30.0   14160.00   .1033477E-09
 30.0   14170.00   .1026540E-09
 30.0   14180.00   .1019594E-09
 30.0   14190.00   .1012645E-09
 30.0   14200.00   .1005691E-09
 30.0   14210.00   .9987329E-10
 30.0   14220.00   .9917676E-10
 30.0   14230.00   .9848000E-10
 30.0   14240.00   .9778272E-10
 30.0   14250.00   .9708487E-10
 30.0   14260.00   .9638686E-10
 30.0   14270.00   .9568798E-10
 30.0   14280.00   .9498903E-10
 30.0   14290.00   .9428943E-10
 30.0   14300.00   .9358954E-10
 30.0   14310.00   .9288902E-10
 30.0   14320.00   .9218821E-10
 30.0   14330.00   .9148702E-10
 30.0   14340.00   .9078529E-10
 30.0   14350.00   .9008328E-10
 30.0   14360.00   .8938075E-10
 30.0   14370.00   .8867794E-10
 30.0   14380.00   .8797468E-10
 30.0   14390.00   .8727091E-10
 30.0   14400.00   .8656696E-10
 30.0   14410.00   .8586249E-10
 30.0   14420.00   .8515776E-10
 30.0   14430.00   .8445253E-10
 30.0   14440.00   .8374696E-10
 30.0   14450.00   .8304106E-10
 30.0   14460.00   .8233476E-10
 30.0   14470.00   .8162811E-10
 30.0   14480.00   .8092111E-10
 30.0   14490.00   .8021379E-10
 30.0   14500.00   .7950609E-10
 30.0   14510.00   .7879807E-10
 30.0   14520.00   .7808968E-10
 30.0   14530.00   .7738103E-10
 30.0   14540.00   .7667194E-10
 30.0   14550.00   .7596257E-10
 30.0   14560.00   .7525289E-10
 30.0   14570.00   .7454285E-10
 30.0   14580.00   .7383249E-10
 30.0   14590.00   .7312188E-10
 30.0   14600.00   .7241091E-10
 30.0   14610.00   .7169962E-10
 30.0   14620.00   .7098804E-10
 30.0   14630.00   .7027618E-10
 30.0   14640.00   .6956398E-10
 30.0   14650.00   .6885152E-10
 30.0   14660.00   .6813873E-10
 30.0   14670.00   .6742566E-10
 30.0   14680.00   .6671230E-10
 30.0   14690.00   .6599867E-10
 30.0   14700.00   .6528475E-10
 30.0   14710.00   .6457052E-10
 30.0   14720.00   .6385599E-10
 30.0   14730.00   .6314123E-10
 30.0   14740.00   .6242618E-10
 30.0   14750.00   .6171089E-10
 30.0   14760.00   .6099528E-10
 30.0   14770.00   .6027943E-10
 30.0   14780.00   .5956333E-10
 30.0   14790.00   .5884692E-10
 30.0   14800.00   .5813027E-10
 30.0   14810.00   .5741335E-10
 30.0   14820.00   .5669615E-10
 30.0   14830.00   .5597871E-10
 30.0   14840.00   .5526105E-10
 30.0   14850.00   .5454307E-10
 30.0   14860.00   .5382488E-10
 30.0   14870.00   .5310641E-10
 30.0   14880.00   .5238767E-10
 30.0   14890.00   .5166874E-10
 30.0   14900.00   .5094948E-10
 30.0   14910.00   .5023002E-10
 30.0   14920.00   .4951028E-10
 30.0   14930.00   .4879031E-10
 30.0   14940.00   .4807003E-10
 30.0   14950.00   .4734957E-10
 30.0   14960.00   .4662883E-10
 30.0   14970.00   .4590784E-10
 30.0   14980.00   .4518659E-10
 30.0   14990.00   .4446508E-10
 30.0   15000.00   .4374334E-10
 30.0   15010.00   .4375061E-10
 30.0   15020.00   .4375788E-10
 30.0   15030.00   .4376509E-10
 30.0   15040.00   .4377234E-10
 30.0   15050.00   .4377956E-10
 30.0   15060.00   .4378676E-10
 30.0   15070.00   .4379399E-10
 30.0   15080.00   .4380120E-10
 30.0   15090.00   .4380837E-10
 30.0   15100.00   .4381557E-10
 30.0   15110.00   .4382275E-10
 30.0   15120.00   .4382993E-10
 30.0   15130.00   .4383710E-10
 30.0   15140.00   .4384426E-10
 30.0   15150.00   .4385142E-10
 30.0   15160.00   .4385854E-10
 30.0   15170.00   .4386569E-10
 30.0   15180.00   .4387279E-10
 30.0   15190.00   .4387996E-10
 30.0   15200.00   .4388706E-10
 30.0   15210.00   .4389416E-10
 30.0   15220.00   .4390128E-10
 30.0   15230.00   .4390838E-10
 30.0   15240.00   .4391548E-10
 30.0   15250.00   .4392256E-10
 30.0   15260.00   .4392963E-10
 30.0   15270.00   .4393671E-10
 30.0   15280.00   .4394376E-10
 30.0   15290.00   .4395079E-10
 30.0   15300.00   .4395785E-10
 30.0   15310.00   .4396490E-10
 30.0   15320.00   .4397195E-10
 30.0   15330.00   .4397898E-10
 30.0   15340.00   .4398599E-10
 30.0   15350.00   .4399301E-10
 30.0   15360.00   .4400004E-10
 30.0   15370.00   .4400704E-10
 30.0   15380.00   .4401403E-10
 30.0   15390.00   .4402099E-10
 30.0   15400.00   .4402800E-10
 30.0   15410.00   .4403497E-10
 30.0   15420.00   .4404195E-10
 30.0   15430.00   .4404892E-10
 30.0   15440.00   .4405589E-10
 30.0   15450.00   .4406282E-10
 30.0   15460.00   .4406975E-10
 30.0   15470.00   .4407672E-10
 30.0   15480.00   .4408365E-10
 30.0   15490.00   .4409059E-10
 30.0   15500.00   .4409750E-10
 30.0   15510.00   .4410441E-10
 30.0   15520.00   .4411135E-10
 30.0   15530.00   .4411822E-10
 30.0   15540.00   .4412514E-10
 30.0   15550.00   .4413201E-10
 30.0   15560.00   .4413891E-10
 30.0   15570.00   .4414581E-10
 30.0   15580.00   .4415268E-10
 30.0   15590.00   .4415953E-10
 30.0   15600.00   .4416639E-10
 30.0   15610.00   .4417326E-10
 30.0   15620.00   .4418010E-10
 30.0   15630.00   .4418697E-10
 30.0   15640.00   .4419379E-10
 30.0   15650.00   .4420065E-10
 30.0   15660.00   .4420749E-10
 30.0   15670.00   .4421428E-10
 30.0   15680.00   .4422112E-10
 30.0   15690.00   .4422792E-10
 30.0   15700.00   .4423472E-10
 30.0   15710.00   .4424151E-10
 30.0   15720.00   .4424834E-10
 30.0   15730.00   .4425511E-10
 30.0   15740.00   .4426190E-10
 30.0   15750.00   .4426866E-10
 30.0   15760.00   .4427547E-10
 30.0   15770.00   .4428223E-10
 30.0   15780.00   .4428900E-10
 30.0   15790.00   .4429576E-10
 30.0   15800.00   .4430251E-10
 30.0   15810.00   .4430925E-10
 30.0   15820.00   .4431599E-10
 30.0   15830.00   .4432273E-10
 30.0   15840.00   .4432946E-10
 30.0   15850.00   .4433620E-10
 30.0   15860.00   .4434294E-10
 30.0   15870.00   .4434963E-10
 30.0   15880.00   .4435637E-10
 30.0   15890.00   .4436304E-10
 30.0   15900.00   .4436979E-10
 30.0   15910.00   .4437647E-10
 30.0   15920.00   .4438316E-10
 30.0   15930.00   .4438986E-10
 30.0   15940.00   .4439653E-10
 30.0   15950.00   .4440322E-10
 30.0   15960.00   .4440989E-10
 30.0   15970.00   .4441655E-10
 30.0   15980.00   .4442321E-10
 30.0   15990.00   .4442989E-10
 30.0   16000.00   .4443657E-10
 30.0   16010.00   .4444322E-10
 30.0   16020.00   .4444985E-10
 30.0   16030.00   .4445650E-10
 30.0   16040.00   .4446311E-10
 30.0   16050.00   .4446975E-10
 30.0   16060.00   .4447638E-10
 30.0   16070.00   .4448304E-10
 30.0   16080.00   .4448964E-10
 30.0   16090.00   .4449623E-10
 30.0   16100.00   .4450285E-10
 30.0   16110.00   .4450946E-10
 30.0   16120.00   .4451605E-10
 30.0   16130.00   .4452265E-10
 30.0   16140.00   .4452924E-10
 30.0   16150.00   .4453587E-10
 30.0   16160.00   .4454242E-10
 30.0   16170.00   .4454900E-10
 30.0   16180.00   .4455558E-10
 30.0   16190.00   .4456216E-10
 30.0   16200.00   .4456874E-10
 30.0   16210.00   .4457528E-10
 30.0   16220.00   .4458187E-10
 30.0   16230.00   .4458842E-10
 30.0   16240.00   .4459493E-10
 30.0   16250.00   .4460150E-10
 30.0   16260.00   .4459744E-10
 30.0   16270.00   .4459337E-10
 30.0   16280.00   .4458932E-10
 30.0   16290.00   .4458526E-10
 30.0   16300.00   .4458122E-10
 30.0   16310.00   .4457721E-10
 30.0   16320.00   .4457321E-10
 30.0   16330.00   .4456918E-10
 30.0   16340.00   .4456520E-10
 30.0   16350.00   .4456125E-10
 30.0   16360.00   .4455728E-10
 30.0   16370.00   .4455333E-10
 30.0   16380.00   .4454939E-10
 30.0   16390.00   .4454548E-10
 30.0   16400.00   .4454156E-10
 30.0   16410.00   .4453768E-10
 30.0   16420.00   .4453377E-10
 30.0   16430.00   .4452990E-10
 30.0   16440.00   .4452604E-10
 30.0   16450.00   .4452219E-10
 30.0   16460.00   .4451837E-10
 30.0   16470.00   .4451452E-10
 30.0   16480.00   .4451072E-10
 30.0   16490.00   .4450691E-10
 30.0   16500.00   .4450313E-10
 30.0   16510.00   .4449934E-10
 30.0   16520.00   .4449555E-10
 30.0   16530.00   .4449185E-10
 30.0   16540.00   .4448810E-10
 30.0   16550.00   .4448437E-10
 30.0   16560.00   .4448065E-10
 30.0   16570.00   .4447695E-10
 30.0   16580.00   .4447325E-10
 30.0   16590.00   .4446955E-10
 30.0   16600.00   .4446591E-10
 30.0   16610.00   .4446224E-10
 30.0   16620.00   .4445860E-10
 30.0   16630.00   .4445496E-10
 30.0   16640.00   .4445136E-10
 30.0   16650.00   .4444774E-10
 30.0   16660.00   .4444415E-10
 30.0   16670.00   .4444058E-10
 30.0   16680.00   .4443701E-10
 30.0   16690.00   .4443344E-10
 30.0   16700.00   .4442987E-10
 30.0   16710.00   .4442636E-10
 30.0   16720.00   .4442284E-10
 30.0   16730.00   .4441930E-10
 30.0   16740.00   .4441580E-10
 30.0   16750.00   .4441231E-10
 30.0   16760.00   .4440885E-10
 30.0   16770.00   .4440538E-10
 30.0   16780.00   .4440195E-10
 30.0   16790.00   .4439850E-10
 30.0   16800.00   .4439504E-10
 30.0   16810.00   .4439163E-10
 30.0   16820.00   .4438824E-10
 30.0   16830.00   .4438483E-10
 30.0   16840.00   .4438146E-10
 30.0   16850.00   .4437808E-10
 30.0   16860.00   .4437474E-10
 30.0   16870.00   .4437138E-10
 30.0   16880.00   .4436801E-10
 30.0   16890.00   .4436472E-10
 30.0   16900.00   .4436140E-10
 30.0   16910.00   .4435812E-10
 30.0   16920.00   .4435482E-10
 30.0   16930.00   .4435152E-10
 30.0   16940.00   .4434824E-10
 30.0   16950.00   .4434500E-10
 30.0   16960.00   .4434175E-10
 30.0   16970.00   .4433853E-10
 30.0   16980.00   .4433528E-10
 30.0   16990.00   .4433209E-10
 30.0   17000.00   .4432890E-10
 30.0   17010.00   .4432568E-10
 30.0   17020.00   .4432251E-10
 30.0   17030.00   .4431935E-10
 30.0   17040.00   .4431615E-10
 30.0   17050.00   .4431306E-10
 30.0   17060.00   .4430991E-10
 30.0   17070.00   .4430678E-10
 30.0   17080.00   .4430366E-10
 30.0   17090.00   .4430054E-10
 30.0   17100.00   .4429746E-10
 30.0   17110.00   .4429439E-10
 30.0   17120.00   .4429132E-10
 30.0   17130.00   .4428826E-10
 30.0   17140.00   .4428521E-10
 30.0   17150.00   .4428216E-10
 30.0   17160.00   .4427914E-10
 30.0   17170.00   .4427612E-10
 30.0   17180.00   .4427310E-10
 30.0   17190.00   .4427008E-10
 30.0   17200.00   .4426715E-10
 30.0   17210.00   .4426416E-10
 30.0   17220.00   .4426118E-10
 30.0   17230.00   .4425823E-10
 30.0   17240.00   .4425530E-10
 30.0   17250.00   .4425235E-10
 30.0   17260.00   .4424943E-10
 30.0   17270.00   .4424651E-10
 30.0   17280.00   .4424358E-10
 30.0   17290.00   .4424069E-10
 30.0   17300.00   .4423781E-10
 30.0   17310.00   .4423496E-10
 30.0   17320.00   .4423206E-10
 30.0   17330.00   .4422924E-10
 30.0   17340.00   .4422640E-10
 30.0   17350.00   .4422353E-10
 30.0   17360.00   .4422073E-10
 30.0   17370.00   .4421790E-10
 30.0   17380.00   .4421507E-10
 30.0   17390.00   .4421230E-10
 30.0   17400.00   .4420950E-10
 30.0   17410.00   .4420672E-10
 30.0   17420.00   .4420394E-10
 30.0   17430.00   .4420120E-10
 30.0   17440.00   .4419846E-10
 30.0   17450.00   .4419570E-10
 30.0   17460.00   .4419298E-10
 30.0   17470.00   .4419024E-10
 30.0   17480.00   .4418753E-10
 30.0   17490.00   .4418483E-10
 30.0   17500.00   .4418214E-10
 30.0   17510.00   .4417950E-10
 30.0   17520.00   .4417678E-10
 30.0   17530.00   .4417412E-10
 30.0   17540.00   .4417145E-10
 30.0   17550.00   .4416881E-10
 30.0   17560.00   .4416616E-10
 30.0   17570.00   .4416355E-10
 30.0   17580.00   .4416092E-10
 30.0   17590.00   .4415835E-10
 30.0   17600.00   .4415571E-10
 30.0   17610.00   .4415313E-10
 30.0   17620.00   .4415055E-10
 30.0   17630.00   .4414793E-10
 30.0   17640.00   .4414539E-10
 30.0   17650.00   .4414286E-10
 30.0   17660.00   .4414029E-10
 30.0   17670.00   .4413773E-10
 30.0   17680.00   .4413523E-10
 30.0   17690.00   .4413271E-10
 30.0   17700.00   .4413017E-10
 30.0   17710.00   .4412769E-10
 30.0   17720.00   .4412515E-10
 30.0   17730.00   .4412269E-10
 30.0   17740.00   .4412021E-10
 30.0   17750.00   .4411773E-10
 30.0   17760.00   .4411529E-10
 30.0   17770.00   .4411280E-10
 30.0   17780.00   .4411036E-10
 30.0   17790.00   .4410793E-10
 30.0   17800.00   .4410548E-10
 30.0   17810.00   .4410306E-10
 30.0   17820.00   .4410065E-10
 30.0   17830.00   .4409825E-10
 30.0   17840.00   .4409584E-10
 30.0   17850.00   .4409345E-10
 30.0   17860.00   .4409108E-10
 30.0   17870.00   .4408870E-10
 30.0   17880.00   .4408638E-10
 30.0   17890.00   .4408400E-10
 30.0   17900.00   .4408161E-10
 30.0   17910.00   .4407928E-10
 30.0   17920.00   .4407696E-10
 30.0   17930.00   .4407463E-10
 30.0   17940.00   .4407232E-10
 30.0   17950.00   .4407001E-10
 30.0   17960.00   .4406766E-10
 30.0   17970.00   .4406540E-10
 30.0   17980.00   .4406313E-10
 30.0   17990.00   .4406084E-10
 30.0   18000.00   .4405852E-10
 30.0   18010.00   .4393176E-10
 30.0   18020.00   .4380498E-10
 30.0   18030.00   .4367820E-10
 30.0   18040.00   .4355146E-10
 30.0   18050.00   .4342474E-10
 30.0   18060.00   .4329808E-10
 30.0   18070.00   .4317137E-10
 30.0   18080.00   .4304470E-10
 30.0   18090.00   .4291804E-10
 30.0   18100.00   .4279144E-10
 30.0   18110.00   .4266480E-10
 30.0   18120.00   .4253826E-10
 30.0   18130.00   .4241166E-10
 30.0   18140.00   .4228514E-10
 30.0   18150.00   .4215862E-10
 30.0   18160.00   .4203209E-10
 30.0   18170.00   .4190560E-10
 30.0   18180.00   .4177911E-10
 30.0   18190.00   .4165268E-10
 30.0   18200.00   .4152625E-10
 30.0   18210.00   .4139984E-10
 30.0   18220.00   .4127344E-10
 30.0   18230.00   .4114710E-10
 30.0   18240.00   .4102069E-10
 30.0   18250.00   .4089436E-10
 30.0   18260.00   .4076803E-10
 30.0   18270.00   .4064175E-10
 30.0   18280.00   .4051546E-10
 30.0   18290.00   .4038916E-10
 30.0   18300.00   .4026292E-10
 30.0   18310.00   .4013669E-10
 30.0   18320.00   .4001048E-10
 30.0   18330.00   .3988427E-10
 30.0   18340.00   .3975808E-10
 30.0   18350.00   .3963191E-10
 30.0   18360.00   .3950573E-10
 30.0   18370.00   .3937963E-10
 30.0   18380.00   .3925351E-10
 30.0   18390.00   .3912741E-10
 30.0   18400.00   .3900131E-10
 30.0   18410.00   .3887526E-10
 30.0   18420.00   .3874921E-10
 30.0   18430.00   .3862317E-10
 30.0   18440.00   .3849719E-10
 30.0   18450.00   .3837115E-10
 30.0   18460.00   .3824519E-10
 30.0   18470.00   .3811923E-10
 30.0   18480.00   .3799330E-10
 30.0   18490.00   .3786735E-10
 30.0   18500.00   .3774144E-10
 30.0   18510.00   .3761550E-10
 30.0   18520.00   .3748966E-10
 30.0   18530.00   .3736379E-10
 30.0   18540.00   .3723792E-10
 30.0   18550.00   .3711208E-10
 30.0   18560.00   .3698623E-10
 30.0   18570.00   .3686046E-10
 30.0   18580.00   .3673466E-10
 30.0   18590.00   .3660886E-10
 30.0   18600.00   .3648311E-10
 30.0   18610.00   .3635736E-10
 30.0   18620.00   .3623165E-10
 30.0   18630.00   .3610592E-10
 30.0   18640.00   .3598021E-10
 30.0   18650.00   .3585453E-10
 30.0   18660.00   .3572884E-10
 30.0   18670.00   .3560321E-10
 30.0   18680.00   .3547757E-10
 30.0   18690.00   .3535192E-10
 30.0   18700.00   .3522630E-10
 30.0   18710.00   .3510073E-10
 30.0   18720.00   .3497514E-10
 30.0   18730.00   .3484956E-10
 30.0   18740.00   .3472401E-10
 30.0   18750.00   .3459844E-10
 30.0   18760.00   .3447293E-10
 30.0   18770.00   .3434742E-10
 30.0   18780.00   .3422191E-10
 30.0   18790.00   .3409645E-10
 30.0   18800.00   .3397095E-10
 30.0   18810.00   .3384550E-10
 30.0   18820.00   .3372005E-10
 30.0   18830.00   .3359462E-10
 30.0   18840.00   .3346918E-10
 30.0   18850.00   .3334381E-10
 30.0   18860.00   .3321840E-10
 30.0   18870.00   .3309304E-10
 30.0   18880.00   .3296768E-10
 30.0   18890.00   .3284232E-10
 30.0   18900.00   .3271699E-10
 30.0   18910.00   .3259164E-10
 30.0   18920.00   .3246634E-10
 30.0   18930.00   .3234104E-10
 30.0   18940.00   .3221578E-10
 30.0   18950.00   .3209049E-10
 30.0   18960.00   .3196521E-10
 30.0   18970.00   .3184000E-10
 30.0   18980.00   .3171475E-10
 30.0   18990.00   .3158952E-10
 30.0   19000.00   .3146432E-10
 30.0   19010.00   .3133910E-10
 30.0   19020.00   .3121393E-10
 30.0   19030.00   .3108874E-10
 30.0   19040.00   .3096362E-10
 30.0   19050.00   .3083844E-10
 30.0   19060.00   .3071332E-10
 30.0   19070.00   .3058818E-10
 30.0   19080.00   .3046309E-10
 30.0   19090.00   .3033798E-10
 30.0   19100.00   .3021291E-10
 30.0   19110.00   .3008781E-10
 30.0   19120.00   .2996275E-10
 30.0   19130.00   .2983771E-10
 30.0   19140.00   .2971267E-10
 30.0   19150.00   .2958763E-10
 30.0   19160.00   .2946261E-10
 30.0   19170.00   .2933762E-10
 30.0   19180.00   .2921261E-10
 30.0   19190.00   .2908763E-10
 30.0   19200.00   .2896267E-10
 30.0   19210.00   .2883771E-10
 30.0   19220.00   .2871276E-10
 30.0   19230.00   .2858785E-10
 30.0   19240.00   .2846290E-10
 30.0   19250.00   .2833798E-10
 30.0   19260.00   .2821308E-10
 30.0   19270.00   .2808818E-10
 30.0   19280.00   .2796331E-10
 30.0   19290.00   .2783844E-10
 30.0   19300.00   .2771358E-10
 30.0   19310.00   .2758875E-10
 30.0   19320.00   .2746395E-10
 30.0   19330.00   .2733908E-10
 30.0   19340.00   .2721427E-10
 30.0   19350.00   .2708948E-10
 30.0   19360.00   .2696467E-10
 30.0   19370.00   .2683987E-10
 30.0   19380.00   .2671509E-10
 30.0   19390.00   .2659033E-10
 30.0   19400.00   .2646563E-10
 30.0   19410.00   .2634087E-10
 30.0   19420.00   .2621612E-10
 30.0   19430.00   .2609138E-10
 30.0   19440.00   .2596671E-10
 30.0   19450.00   .2584199E-10
 30.0   19460.00   .2571729E-10
 30.0   19470.00   .2559263E-10
 30.0   19480.00   .2546795E-10
 30.0   19490.00   .2534330E-10
 30.0   19500.00   .2521864E-10
 30.0   19510.00   .2509402E-10
 30.0   19520.00   .2496938E-10
 30.0   19530.00   .2484478E-10
 30.0   19540.00   .2472014E-10
 30.0   19550.00   .2459556E-10
 30.0   19560.00   .2447096E-10
 30.0   19570.00   .2434637E-10
 30.0   19580.00   .2422183E-10
 30.0   19590.00   .2409724E-10
 30.0   19600.00   .2397271E-10
 30.0   19610.00   .2384817E-10
 30.0   19620.00   .2372362E-10
 30.0   19630.00   .2359911E-10
 30.0   19640.00   .2347459E-10
 30.0   19650.00   .2335011E-10
 30.0   19660.00   .2322561E-10
 30.0   19670.00   .2310112E-10
 30.0   19680.00   .2297667E-10
 30.0   19690.00   .2285220E-10
 30.0   19700.00   .2272775E-10
 30.0   19710.00   .2260330E-10
 30.0   19720.00   .2247886E-10
 30.0   19730.00   .2235444E-10
 30.0   19740.00   .2223003E-10
 30.0   19750.00   .2210564E-10
 30.0   19760.00   .2198126E-10
 30.0   19770.00   .2185686E-10
 30.0   19780.00   .2173249E-10
 30.0   19790.00   .2160813E-10
 30.0   19800.00   .2148379E-10
 30.0   19810.00   .2135944E-10
 30.0   19820.00   .2123513E-10
 30.0   19830.00   .2111080E-10
 30.0   19840.00   .2098649E-10
 30.0   19850.00   .2086220E-10
 30.0   19860.00   .2073792E-10
 30.0   19870.00   .2061363E-10
 30.0   19880.00   .2048936E-10
 30.0   19890.00   .2036510E-10
 30.0   19900.00   .2024086E-10
 30.0   19910.00   .2011664E-10
 30.0   19920.00   .1999240E-10
 30.0   19930.00   .1986818E-10
 30.0   19940.00   .1974397E-10
 30.0   19950.00   .1961979E-10
 30.0   19960.00   .1949562E-10
 30.0   19970.00   .1937142E-10
 30.0   19980.00   .1924727E-10
 30.0   19990.00   .1912311E-10
 30.0   20000.00   .1899898E-10
 30.0   20010.00   .1887483E-10
 30.0   20020.00   .1875071E-10
 30.0   20030.00   .1862660E-10
 30.0   20040.00   .1850250E-10
 30.0   20050.00   .1837841E-10
 30.0   20060.00   .1825434E-10
 30.0   20070.00   .1813027E-10
 30.0   20080.00   .1800620E-10
 30.0   20090.00   .1788215E-10
 30.0   20100.00   .1775812E-10
 30.0   20110.00   .1775760E-10
 30.0   20120.00   .1775710E-10
 30.0   20130.00   .1775661E-10
 30.0   20140.00   .1775610E-10
 30.0   20150.00   .1775561E-10
 30.0   20160.00   .1775511E-10
 30.0   20170.00   .1775462E-10
 30.0   20180.00   .1775414E-10
 30.0   20190.00   .1775366E-10
 30.0   20200.00   .1775316E-10
 30.0   20210.00   .1775270E-10
 30.0   20220.00   .1775225E-10
 30.0   20230.00   .1775176E-10
 30.0   20240.00   .1775130E-10
 30.0   20250.00   .1775085E-10
 30.0   20260.00   .1775039E-10
 30.0   20270.00   .1774993E-10
 30.0   20280.00   .1774948E-10
 30.0   20290.00   .1774903E-10
 30.0   20300.00   .1774858E-10
 30.0   20310.00   .1774817E-10
 30.0   20320.00   .1774772E-10
 30.0   20330.00   .1774729E-10
 30.0   20340.00   .1774687E-10
 30.0   20350.00   .1774643E-10
 30.0   20360.00   .1774603E-10
 30.0   20370.00   .1774560E-10
 30.0   20380.00   .1774520E-10
 30.0   20390.00   .1774480E-10
 30.0   20400.00   .1774440E-10
 30.0   20410.00   .1774400E-10
 30.0   20420.00   .1774363E-10
 30.0   20430.00   .1774323E-10
 30.0   20440.00   .1774285E-10
 30.0   20450.00   .1774248E-10
 30.0   20460.00   .1774210E-10
 30.0   20470.00   .1774173E-10
 30.0   20480.00   .1774136E-10
 30.0   20490.00   .1774100E-10
 30.0   20500.00   .1774066E-10
 30.0   20510.00   .1774032E-10
 30.0   20520.00   .1773996E-10
 30.0   20530.00   .1773962E-10
 30.0   20540.00   .1773929E-10
 30.0   20550.00   .1773896E-10
 30.0   20560.00   .1773865E-10
 30.0   20570.00   .1773831E-10
 30.0   20580.00   .1773800E-10
 30.0   20590.00   .1773769E-10
 30.0   20600.00   .1773739E-10
 30.0   20610.00   .1773710E-10
 30.0   20620.00   .1773680E-10
 30.0   20630.00   .1773650E-10
 30.0   20640.00   .1773623E-10
 30.0   20650.00   .1773596E-10
 30.0   20660.00   .1773569E-10
 30.0   20670.00   .1773542E-10
 30.0   20680.00   .1773516E-10
 30.0   20690.00   .1773489E-10
 30.0   20700.00   .1773464E-10
 30.0   20710.00   .1773442E-10
 30.0   20720.00   .1773416E-10
 30.0   20730.00   .1773394E-10
 30.0   20740.00   .1773372E-10
 30.0   20750.00   .1773349E-10
 30.0   20760.00   .1773326E-10
 30.0   20770.00   .1773308E-10
 30.0   20780.00   .1773288E-10
 30.0   20790.00   .1773267E-10
 30.0   20800.00   .1773248E-10
 30.0   20810.00   .1773231E-10
 30.0   20820.00   .1773214E-10
 30.0   20830.00   .1773196E-10
 30.0   20840.00   .1773179E-10
 30.0   20850.00   .1773164E-10
 30.0   20860.00   .1773148E-10
 30.0   20870.00   .1773134E-10
 30.0   20880.00   .1773121E-10
 30.0   20890.00   .1773107E-10
 30.0   20900.00   .1773095E-10
 30.0   20910.00   .1773083E-10
 30.0   20920.00   .1773071E-10
 30.0   20930.00   .1773063E-10
 30.0   20940.00   .1773052E-10
 30.0   20950.00   .1773041E-10
 30.0   20960.00   .1773032E-10
 30.0   20970.00   .1773026E-10
 30.0   20980.00   .1773019E-10
 30.0   20990.00   .1773010E-10
 30.0   21000.00   .1773006E-10
 30.0   21010.00   .1773000E-10
 30.0   21020.00   .1772997E-10
 30.0   21030.00   .1772992E-10
 30.0   21040.00   .1772989E-10
 30.0   21050.00   .1772988E-10
 30.0   21060.00   .1772987E-10
 30.0   21070.00   .1772986E-10
 30.0   21080.00   .1772986E-10
 30.0   21090.00   .1772987E-10
 30.0   21100.00   .1772988E-10
 30.0   21110.00   .1772990E-10
 30.0   21120.00   .1772994E-10
 30.0   21130.00   .1772997E-10
 30.0   21140.00   .1773002E-10
 30.0   21150.00   .1773006E-10
 30.0   21160.00   .1773011E-10
 30.0   21170.00   .1773018E-10
 30.0   21180.00   .1773028E-10
 30.0   21190.00   .1773035E-10
 30.0   21200.00   .1773044E-10
 30.0   21210.00   .1773056E-10
 30.0   21220.00   .1773065E-10
 30.0   21230.00   .1773078E-10
 30.0   21240.00   .1773088E-10
 30.0   21250.00   .1773101E-10
 30.0   21260.00   .1773116E-10
 30.0   21270.00   .1773131E-10
 30.0   21280.00   .1773148E-10
 30.0   21290.00   .1773164E-10
 30.0   21300.00   .1773181E-10
 30.0   21310.00   .1773198E-10
 30.0   21320.00   .1773215E-10
 30.0   21330.00   .1773237E-10
 30.0   21340.00   .1773257E-10
 30.0   21350.00   .1773280E-10
 30.0   21360.00   .1773302E-10
 30.0   21370.00   .1773324E-10
 30.0   21380.00   .1773350E-10
 30.0   21390.00   .1773374E-10
 30.0   21400.00   .1773399E-10
 30.0   21410.00   .1773426E-10
 30.0   21420.00   .1773454E-10
 30.0   21430.00   .1773483E-10
 30.0   21440.00   .1773512E-10
 30.0   21450.00   .1773542E-10
 30.0   21460.00   .1773574E-10
 30.0   21470.00   .1773604E-10
 30.0   21480.00   .1773638E-10
 30.0   21490.00   .1773672E-10
 30.0   21500.00   .1773709E-10
 30.0   21510.00   .1773744E-10
 30.0   21520.00   .1773780E-10
 30.0   21530.00   .1773817E-10
 30.0   21540.00   .1773855E-10
 30.0   21550.00   .1773896E-10
 30.0   21560.00   .1773935E-10
 30.0   21570.00   .1773977E-10
 30.0   21580.00   .1774018E-10
 30.0   21590.00   .1774062E-10
 30.0   21600.00   .1774106E-10
 30.0   21610.00   .1774152E-10
 30.0   21620.00   .1774198E-10
 30.0   21630.00   .1774244E-10
 30.0   21640.00   .1774294E-10
 30.0   21650.00   .1774342E-10
 30.0   21660.00   .1774394E-10
 30.0   21670.00   .1774444E-10
 30.0   21680.00   .1774498E-10
 30.0   21690.00   .1774550E-10
 30.0   21700.00   .1774605E-10
 30.0   21710.00   .1774658E-10
 30.0   21720.00   .1774716E-10
 30.0   21730.00   .1774774E-10
 30.0   21740.00   .1774830E-10
 30.0   21750.00   .1774891E-10
 30.0   21760.00   .1774950E-10
 30.0   21770.00   .1775013E-10
 30.0   21780.00   .1775075E-10
 30.0   21790.00   .1775138E-10
 30.0   21800.00   .1775202E-10
 30.0   21810.00   .1775267E-10
 30.0   21820.00   .1775334E-10
 30.0   21830.00   .1775404E-10
 30.0   21840.00   .1775472E-10
 30.0   21850.00   .1775540E-10
 30.0   21860.00   .1775612E-10
 30.0   21870.00   .1775684E-10
 30.0   21880.00   .1775756E-10
 30.0   21890.00   .1775833E-10
 30.0   21900.00   .1775908E-10
 30.0   21910.00   .1775985E-10
 30.0   21920.00   .1776061E-10
 30.0   21930.00   .1776141E-10
 30.0   21940.00   .1776220E-10
 30.0   21950.00   .1776300E-10
 30.0   21960.00   .1776382E-10
 30.0   21970.00   .1776466E-10
 30.0   21980.00   .1776550E-10
 30.0   21990.00   .1776634E-10
 30.0   22000.00   .1776722E-10
 30.0   22010.00   .1776809E-10
 30.0   22020.00   .1776899E-10
 30.0   22030.00   .1776988E-10
 30.0   22040.00   .1777080E-10
 30.0   22050.00   .1777171E-10
 30.0   22060.00   .1777266E-10
 30.0   22070.00   .1777362E-10
 30.0   22080.00   .1777456E-10
 30.0   22090.00   .1777553E-10
 30.0   22100.00   .1777650E-10
 30.0   22110.00   .1777753E-10
 30.0   22120.00   .1777852E-10
 30.0   22130.00   .1777952E-10
 30.0   22140.00   .1778058E-10
 30.0   22150.00   .1778160E-10
 30.0   22160.00   .1778265E-10
 30.0   22170.00   .1778374E-10
 30.0   22180.00   .1778483E-10
 30.0   22190.00   .1778591E-10
 30.0   22200.00   .1778701E-10
 30.0   22210.00   .1778813E-10
 30.0   22220.00   .1778924E-10
 30.0   22230.00   .1779040E-10
 30.0   22240.00   .1779158E-10
 30.0   22250.00   .1779271E-10
 30.0   22260.00   .1779389E-10
 30.0   22270.00   .1779509E-10
 30.0   22280.00   .1779630E-10
 30.0   22290.00   .1779753E-10
 30.0   22300.00   .1779875E-10
 30.0   22310.00   .1779999E-10
 30.0   22320.00   .1780124E-10
 30.0   22330.00   .1780251E-10
 30.0   22340.00   .1780381E-10
 30.0   22350.00   .1780510E-10
 30.0   22360.00   .1780641E-10
 30.0   22370.00   .1780772E-10
 30.0   22380.00   .1780906E-10
 30.0   22390.00   .1781040E-10
 30.0   22400.00   .1781177E-10
 30.0   22410.00   .1781315E-10
 30.0   22420.00   .1781454E-10
 30.0   22430.00   .1781593E-10
 30.0   22440.00   .1781735E-10
 30.0   22450.00   .1781878E-10
 30.0   22460.00   .1782022E-10
 30.0   22470.00   .1782167E-10
 30.0   22480.00   .1782314E-10
 30.0   22490.00   .1782460E-10
 30.0   22500.00   .1782608E-10
 30.0   22510.00   .1782761E-10
 30.0   22520.00   .1782912E-10
 30.0   22530.00   .1783065E-10
 30.0   22540.00   .1783218E-10
 30.0   22550.00   .1783373E-10
 30.0   22560.00   .1783531E-10
 30.0   22570.00   .1783688E-10
 30.0   22580.00   .1783846E-10
 30.0   22590.00   .1784008E-10
 30.0   22600.00   .1784169E-10
 30.0   22610.00   .1784333E-10
 30.0   22620.00   .1784494E-10
 30.0   22630.00   .1784660E-10
 30.0   22640.00   .1784825E-10
 30.0   22650.00   .1784994E-10
 30.0   22660.00   .1785165E-10
 30.0   22670.00   .1785332E-10
 30.0   22680.00   .1785503E-10
 30.0   22690.00   .1785677E-10
 30.0   22700.00   .1785850E-10
 30.0   22710.00   .1786025E-10
 30.0   22720.00   .1786201E-10
 30.0   22730.00   .1786378E-10
 30.0   22740.00   .1786555E-10
 30.0   22750.00   .1786735E-10
 30.0   22760.00   .1786916E-10
 30.0   22770.00   .1787095E-10
 30.0   22780.00   .1787280E-10
 30.0   22790.00   .1787461E-10
 30.0   22800.00   .1787648E-10
 30.0   22810.00   .1787834E-10
 30.0   22820.00   .1788022E-10
 30.0   22830.00   .1788208E-10
 30.0   22840.00   .1788399E-10
 30.0   22850.00   .1788590E-10
 30.0   22860.00   .1788781E-10
 30.0   22870.00   .1788974E-10
 30.0   22880.00   .1789167E-10
 30.0   22890.00   .1789363E-10
 30.0   22900.00   .1789558E-10
 30.0   22910.00   .1789755E-10
 30.0   22920.00   .1789952E-10
 30.0   22930.00   .1790152E-10
 30.0   22940.00   .1790354E-10
 30.0   22950.00   .1790553E-10
 30.0   22960.00   .1790756E-10
 30.0   22970.00   .1790960E-10
 30.0   22980.00   .1791163E-10
 30.0   22990.00   .1791368E-10
 30.0   23000.00   .1791576E-10
 30.0   23010.00   .1791784E-10
 30.0   23020.00   .1791992E-10
 30.0   23030.00   .1792202E-10
 30.0   23040.00   .1792412E-10
 30.0   23050.00   .1792624E-10
 30.0   23060.00   .1792836E-10
 30.0   23070.00   .1793049E-10
 30.0   23080.00   .1793264E-10
 30.0   23090.00   .1793478E-10
 30.0   23100.00   .1793695E-10
 30.0   23110.00   .1793914E-10
 30.0   23120.00   .1794132E-10
 30.0   23130.00   .1794349E-10
 30.0   23140.00   .1794572E-10
 30.0   23150.00   .1794792E-10
 30.0   23160.00   .1795015E-10
 30.0   23170.00   .1795236E-10
 30.0   23180.00   .1795462E-10
 30.0   23190.00   .1795686E-10
 30.0   23200.00   .1795914E-10
 30.0   23210.00   .1796140E-10
 30.0   23220.00   .1796370E-10
 30.0   23230.00   .1796598E-10
 30.0   23240.00   .1796827E-10
 30.0   23250.00   .1797058E-10
 30.0   23260.00   .1797290E-10
 30.0   23270.00   .1797522E-10
 30.0   23280.00   .1797755E-10
 30.0   23290.00   .1797990E-10
 30.0   23300.00   .1798227E-10
 30.0   23310.00   .1798461E-10
 30.0   23320.00   .1798697E-10
 30.0   23330.00   .1798935E-10
 30.0   23340.00   .1799174E-10
 30.0   23350.00   .1799415E-10
 30.0   23360.00   .1799654E-10
 30.0   23370.00   .1799895E-10
 30.0   23380.00   .1800137E-10
 30.0   23390.00   .1800380E-10
 30.0   23400.00   .1800624E-10
 30.0   23410.00   .1800870E-10
 30.0   23420.00   .1801116E-10
 30.0   23430.00   .1801360E-10
 30.0   23440.00   .1801608E-10
 30.0   23450.00   .1801856E-10
 30.0   23460.00   .1802107E-10
 30.0   23470.00   .1802354E-10
 30.0   23480.00   .1802605E-10
 30.0   23490.00   .1802855E-10
 30.0   23500.00   .1803109E-10
 30.0   23510.00   .1803361E-10
 30.0   23520.00   .1803616E-10
 30.0   23530.00   .1803868E-10
 30.0   23540.00   .1804125E-10
 30.0   23550.00   .1804379E-10
 30.0   23560.00   .1804637E-10
 30.0   23570.00   .1804893E-10
 30.0   23580.00   .1805151E-10
 30.0   23590.00   .1805411E-10
 30.0   23600.00   .1805671E-10
 30.0   23610.00   .1805931E-10
 30.0   23620.00   .1806192E-10
 30.0   23630.00   .1806453E-10
 30.0   23640.00   .1806716E-10
 30.0   23650.00   .1806980E-10
 30.0   23660.00   .1807245E-10
 30.0   23670.00   .1807510E-10
 30.0   23680.00   .1807775E-10
 30.0   23690.00   .1808040E-10
 30.0   23700.00   .1808305E-10
 30.0   23710.00   .1808575E-10
 30.0   23720.00   .1808843E-10
 30.0   23730.00   .1809111E-10
 30.0   23740.00   .1809382E-10
 30.0   23750.00   .1809650E-10
 30.0   23760.00   .1809924E-10
 30.0   23770.00   .1810195E-10
 30.0   23780.00   .1810468E-10
 30.0   23790.00   .1810740E-10
 30.0   23800.00   .1811014E-10
 30.0   23810.00   .1811287E-10
 30.0   23820.00   .1811562E-10
 30.0   23830.00   .1811837E-10
 30.0   23840.00   .1812114E-10
 30.0   23850.00   .1812391E-10
 30.0   23860.00   .1812668E-10
 30.0   23870.00   .1812946E-10
 30.0   23880.00   .1813226E-10
 30.0   23890.00   .1813503E-10
 30.0   23900.00   .1813783E-10
 30.0   23910.00   .1814065E-10
 30.0   23920.00   .1814347E-10
 30.0   23930.00   .1814627E-10
 30.0   23940.00   .1814910E-10
 30.0   23950.00   .1815192E-10
 30.0   23960.00   .1815474E-10
 30.0   23970.00   .1815758E-10
 30.0   23980.00   .1816044E-10
 30.0   23990.00   .1816328E-10
 30.0   24000.00   .1816615E-10
 30.0   24010.00   .1816899E-10
 30.0   24020.00   .1817188E-10
 30.0   24030.00   .1817474E-10
 30.0   24040.00   .1817761E-10
 30.0   24050.00   .1818050E-10
 30.0   24060.00   .1818339E-10
 30.0   24070.00   .1818630E-10
 30.0   24080.00   .1818918E-10
 30.0   24090.00   .1819209E-10
 30.0   24100.00   .1819501E-10
 30.0   24110.00   .1819790E-10
 30.0   24120.00   .1820082E-10
 30.0   24130.00   .1820374E-10
 30.0   24140.00   .1820668E-10
 30.0   24150.00   .1820960E-10
 30.0   24160.00   .1821255E-10
 30.0   24170.00   .1821550E-10
 30.0   24180.00   .1821846E-10
 30.0   24190.00   .1822139E-10
 30.0   24200.00   .1822436E-10
 30.0   24210.00   .1822731E-10
 30.0   24220.00   .1823024E-10
 30.0   24230.00   .1823323E-10
 30.0   24240.00   .1823621E-10
 30.0   24250.00   .1823920E-10
 30.0   24260.00   .1824218E-10
 30.0   24270.00   .1824517E-10
 30.0   24280.00   .1824813E-10
 30.0   24290.00   .1825115E-10
 30.0   24300.00   .1825414E-10
 30.0   24310.00   .1825713E-10
 30.0   24320.00   .1826016E-10
 30.0   24330.00   .1826317E-10
 30.0   24340.00   .1826618E-10
 30.0   24350.00   .1826919E-10
 30.0   24360.00   .1827222E-10
 30.0   24370.00   .1827525E-10
 30.0   24380.00   .1827827E-10
 30.0   24390.00   .1828132E-10
 30.0   24400.00   .1828435E-10
 30.0   24410.00   .1828739E-10
 30.0   24420.00   .1829043E-10
 30.0   24430.00   .1829349E-10
 30.0   24440.00   .1829652E-10
 30.0   24450.00   .1829959E-10
 30.0   24460.00   .1830265E-10
 30.0   24470.00   .1830572E-10
 30.0   24480.00   .1830878E-10
 30.0   24490.00   .1831184E-10
 30.0   24500.00   .1831491E-10
 30.0   24510.00   .1831797E-10
 30.0   24520.00   .1832107E-10
 30.0   24530.00   .1832415E-10
 30.0   24540.00   .1832723E-10
 30.0   24550.00   .1833031E-10
 30.0   24560.00   .1833340E-10
 30.0   24570.00   .1833648E-10
 30.0   24580.00   .1833957E-10
 30.0   24590.00   .1834267E-10
 30.0   24600.00   .1834579E-10
 30.0   24610.00   .1834888E-10
 30.0   24620.00   .1835198E-10
 30.0   24630.00   .1835510E-10
 30.0   24640.00   .1835819E-10
 30.0   24650.00   .1836131E-10
 30.0   24660.00   .1836443E-10
 30.0   24670.00   .1836753E-10
 30.0   24680.00   .1837066E-10
 30.0   24690.00   .1837377E-10
 30.0   24700.00   .1837690E-10
 30.0   24710.00   .1838002E-10
 30.0   24720.00   .1838314E-10
 30.0   24730.00   .1838629E-10
 30.0   24740.00   .1838941E-10
 30.0   24750.00   .1839253E-10
 30.0   24760.00   .1839566E-10
 30.0   24770.00   .1839881E-10
 30.0   24780.00   .1840194E-10
 30.0   24790.00   .1840510E-10
 30.0   24800.00   .1840821E-10
 30.0   24810.00   .1841137E-10
 30.0   24820.00   .1841451E-10
 30.0   24830.00   .1841765E-10
 30.0   24840.00   .1842079E-10
 30.0   24850.00   .1842394E-10
 30.0   24860.00   .1842709E-10
 30.0   24870.00   .1843025E-10
 30.0   24880.00   .1843339E-10
 30.0   24890.00   .1843655E-10
 30.0   24900.00   .1843972E-10
 30.0   24910.00   .1844284E-10
 30.0   24920.00   .1844600E-10
 30.0   24930.00   .1844917E-10
 30.0   24940.00   .1845232E-10
 30.0   24950.00   .1845548E-10
 30.0   24960.00   .1845864E-10
 30.0   24970.00   .1846179E-10
 30.0   24980.00   .1846495E-10
 30.0   24990.00   .1846813E-10
 30.0   25000.00   .1847129E-10
