 49.0    1000.00   .7761449E-15
 49.0    1010.00   .2998172E-14
 49.0    1020.00   .8088273E-14
 49.0    1030.00   .1789393E-13
 49.0    1040.00   .3479798E-13
 49.0    1050.00   .6172637E-13
 49.0    1060.00   .1021263E-12
 49.0    1070.00   .1599113E-12
 49.0    1080.00   .2393724E-12
 49.0    1090.00   .3450534E-12
 49.0    1100.00   .4815939E-12
 49.0    1110.00   .6535384E-12
 49.0    1120.00   .8651235E-12
 49.0    1130.00   .1120039E-11
 49.0    1140.00   .1421181E-11
 49.0    1150.00   .1770399E-11
 49.0    1160.00   .2168252E-11
 49.0    1170.00   .2613783E-11
 49.0    1180.00   .3104320E-11
 49.0    1190.00   .3635330E-11
 49.0    1200.00   .4200325E-11
 49.0    1210.00   .4790825E-11
 49.0    1220.00   .5396420E-11
 49.0    1230.00   .6004899E-11
 49.0    1240.00   .6602472E-11
 49.0    1250.00   .7174100E-11
 49.0    1260.00   .7705417E-11
 49.0    1270.00   .8188454E-11
 49.0    1280.00   .8618618E-11
 49.0    1290.00   .8993383E-11
 49.0    1300.00   .9312217E-11
 49.0    1310.00   .9576460E-11
 49.0    1320.00   .9789134E-11
 49.0    1330.00   .9954726E-11
 49.0    1340.00   .1007896E-10
 49.0    1350.00   .1016857E-10
 49.0    1360.00   .1023104E-10
 49.0    1370.00   .1027444E-10
 49.0    1380.00   .1030711E-10
 49.0    1390.00   .1033421E-10
 49.0    1400.00   .1035757E-10
 49.0    1410.00   .1037881E-10
 49.0    1420.00   .1039955E-10
 49.0    1430.00   .1042137E-10
 49.0    1440.00   .1044590E-10
 49.0    1450.00   .1047473E-10
 49.0    1460.00   .1050950E-10
 49.0    1470.00   .1055187E-10
 49.0    1480.00   .1060357E-10
 49.0    1490.00   .1066637E-10
 49.0    1500.00   .1074213E-10
 49.0    1510.00   .1083245E-10
 49.0    1520.00   .1093756E-10
 49.0    1530.00   .1105734E-10
 49.0    1540.00   .1119167E-10
 49.0    1550.00   .1134045E-10
 49.0    1560.00   .1150356E-10
 49.0    1570.00   .1168090E-10
 49.0    1580.00   .1187233E-10
 49.0    1590.00   .1207774E-10
 49.0    1600.00   .1229697E-10
 49.0    1610.00   .1252986E-10
 49.0    1620.00   .1277623E-10
 49.0    1630.00   .1303586E-10
 49.0    1640.00   .1330852E-10
 49.0    1650.00   .1359392E-10
 49.0    1660.00   .1389176E-10
 49.0    1670.00   .1420169E-10
 49.0    1680.00   .1452330E-10
 49.0    1690.00   .1485612E-10
 49.0    1700.00   .1519965E-10
 49.0    1710.00   .1555330E-10
 49.0    1720.00   .1591644E-10
 49.0    1730.00   .1628834E-10
 49.0    1740.00   .1666823E-10
 49.0    1750.00   .1705523E-10
 49.0    1760.00   .1744852E-10
 49.0    1770.00   .1784775E-10
 49.0    1780.00   .1825266E-10
 49.0    1790.00   .1866297E-10
 49.0    1800.00   .1907836E-10
 49.0    1810.00   .1949849E-10
 49.0    1820.00   .1992296E-10
 49.0    1830.00   .2035138E-10
 49.0    1840.00   .2078329E-10
 49.0    1850.00   .2121821E-10
 49.0    1860.00   .2165564E-10
 49.0    1870.00   .2209502E-10
 49.0    1880.00   .2253576E-10
 49.0    1890.00   .2297726E-10
 49.0    1900.00   .2341887E-10
 49.0    1910.00   .2385987E-10
 49.0    1920.00   .2429958E-10
 49.0    1930.00   .2473724E-10
 49.0    1940.00   .2517205E-10
 49.0    1950.00   .2560321E-10
 49.0    1960.00   .2602986E-10
 49.0    1970.00   .2645114E-10
 49.0    1980.00   .2686612E-10
 49.0    1990.00   .2727391E-10
 49.0    2000.00   .2767351E-10
 49.0    2010.00   .2806412E-10
 49.0    2020.00   .2844546E-10
 49.0    2030.00   .2881746E-10
 49.0    2040.00   .2918003E-10
 49.0    2050.00   .2953314E-10
 49.0    2060.00   .2987677E-10
 49.0    2070.00   .3021092E-10
 49.0    2080.00   .3053563E-10
 49.0    2090.00   .3085093E-10
 49.0    2100.00   .3115690E-10
 49.0    2110.00   .3145365E-10
 49.0    2120.00   .3174126E-10
 49.0    2130.00   .3201988E-10
 49.0    2140.00   .3228967E-10
 49.0    2150.00   .3255081E-10
 49.0    2160.00   .3280347E-10
 49.0    2170.00   .3304789E-10
 49.0    2180.00   .3328428E-10
 49.0    2190.00   .3351289E-10
 49.0    2200.00   .3373398E-10
 49.0    2210.00   .3394784E-10
 49.0    2220.00   .3415474E-10
 49.0    2230.00   .3435501E-10
 49.0    2240.00   .3454897E-10
 49.0    2250.00   .3473695E-10
 49.0    2260.00   .3491942E-10
 49.0    2270.00   .3509724E-10
 49.0    2280.00   .3527143E-10
 49.0    2290.00   .3544302E-10
 49.0    2300.00   .3561305E-10
 49.0    2310.00   .3578260E-10
 49.0    2320.00   .3595274E-10
 49.0    2330.00   .3612459E-10
 49.0    2340.00   .3629924E-10
 49.0    2350.00   .3647784E-10
 49.0    2360.00   .3666155E-10
 49.0    2370.00   .3685154E-10
 49.0    2380.00   .3704901E-10
 49.0    2390.00   .3725517E-10
 49.0    2400.00   .3747130E-10
 49.0    2410.00   .3769864E-10
 49.0    2420.00   .3793854E-10
 49.0    2430.00   .3819232E-10
 49.0    2440.00   .3846137E-10
 49.0    2450.00   .3874713E-10
 49.0    2460.00   .3905106E-10
 49.0    2470.00   .3937474E-10
 49.0    2480.00   .3971973E-10
 49.0    2490.00   .4008771E-10
 49.0    2500.00   .4048042E-10
 49.0    2510.00   .3760516E-10
 49.0    2520.00   .5053027E-10
 49.0    2530.00   .5423958E-10
 49.0    2540.00   .4616119E-10
 49.0    2550.00   .4712435E-10
 49.0    2560.00   .4533026E-10
 49.0    2570.00   .4776022E-10
 49.0    2580.00   .4633445E-10
 49.0    2590.00   .3551962E-10
 49.0    2600.00   .2443782E-10
 49.0    2610.00   .2935171E-10
 49.0    2620.00   .3930934E-10
 49.0    2630.00   .3385856E-10
 49.0    2640.00   .3483972E-10
 49.0    2650.00   .4310614E-10
 49.0    2660.00   .4423537E-10
 49.0    2670.00   .5199311E-10
 49.0    2680.00   .6598011E-10
 49.0    2690.00   .7788917E-10
 49.0    2700.00   .1042070E-09
 49.0    2710.00   .1234000E-09
 49.0    2720.00   .1195976E-09
 49.0    2730.00   .1322789E-09
 49.0    2740.00   .1445821E-09
 49.0    2750.00   .1472750E-09
 49.0    2760.00   .1513830E-09
 49.0    2770.00   .1509835E-09
 49.0    2780.00   .1474993E-09
 49.0    2790.00   .1485786E-09
 49.0    2800.00   .1521142E-09
 49.0    2810.00   .1522110E-09
 49.0    2820.00   .1569941E-09
 49.0    2830.00   .1672258E-09
 49.0    2840.00   .1514050E-09
 49.0    2850.00   .1350951E-09
 49.0    2860.00   .1531281E-09
 49.0    2870.00   .1890482E-09
 49.0    2880.00   .2237499E-09
 49.0    2890.00   .2578556E-09
 49.0    2900.00   .2716975E-09
 49.0    2910.00   .2760216E-09
 49.0    2920.00   .2844652E-09
 49.0    2930.00   .2847150E-09
 49.0    2940.00   .2868039E-09
 49.0    2950.00   .2847547E-09
 49.0    2960.00   .2714356E-09
 49.0    2970.00   .2476473E-09
 49.0    2980.00   .2424738E-09
 49.0    2990.00   .2487043E-09
 49.0    3000.00   .2265057E-09
 49.0    3010.00   .2037938E-09
 49.0    3020.00   .2111451E-09
 49.0    3030.00   .2276874E-09
 49.0    3040.00   .2169793E-09
 49.0    3050.00   .1448882E-09
 49.0    3060.00   .1404919E-09
 49.0    3070.00   .2460140E-09
 49.0    3080.00   .2976901E-09
 49.0    3090.00   .2931829E-09
 49.0    3100.00   .2422272E-09
 49.0    3110.00   .2071361E-09
 49.0    3120.00   .1933020E-09
 49.0    3130.00   .2117587E-09
 49.0    3140.00   .2656824E-09
 49.0    3150.00   .2981564E-09
 49.0    3160.00   .3192238E-09
 49.0    3170.00   .3322402E-09
 49.0    3180.00   .3365717E-09
 49.0    3190.00   .3925132E-09
 49.0    3200.00   .4531622E-09
 49.0    3210.00   .4111812E-09
 49.0    3220.00   .3492888E-09
 49.0    3230.00   .2795011E-09
 49.0    3240.00   .2349259E-09
 49.0    3250.00   .2823958E-09
 49.0    3260.00   .2824171E-09
 49.0    3270.00   .2831274E-09
 49.0    3280.00   .3574697E-09
 49.0    3290.00   .2573003E-09
 49.0    3300.00   .2348553E-09
 49.0    3310.00   .2835181E-09
 49.0    3320.00   .2814610E-09
 49.0    3330.00   .2964268E-09
 49.0    3340.00   .3101521E-09
 49.0    3350.00   .2809503E-09
 49.0    3360.00   .3185890E-09
 49.0    3370.00   .2812764E-09
 49.0    3380.00   .2867712E-09
 49.0    3390.00   .2923963E-09
 49.0    3400.00   .3074624E-09
 49.0    3410.00   .3161365E-09
 49.0    3420.00   .3130826E-09
 49.0    3430.00   .3067981E-09
 49.0    3440.00   .3015891E-09
 49.0    3450.00   .2963615E-09
 49.0    3460.00   .2936723E-09
 49.0    3470.00   .2971711E-09
 49.0    3480.00   .2954530E-09
 49.0    3490.00   .2878365E-09
 49.0    3500.00   .2988700E-09
 49.0    3510.00   .3162961E-09
 49.0    3520.00   .3304350E-09
 49.0    3530.00   .3418050E-09
 49.0    3540.00   .3393900E-09
 49.0    3550.00   .3367247E-09
 49.0    3560.00   .3388950E-09
 49.0    3570.00   .3393024E-09
 49.0    3580.00   .3392077E-09
 49.0    3590.00   .3408979E-09
 49.0    3600.00   .3420569E-09
 49.0    3610.00   .3393274E-09
 49.0    3620.00   .3229083E-09
 49.0    3630.00   .3293716E-09
 49.0    3640.00   .3468851E-09
 49.0    3650.00   .3636256E-09
 49.0    3660.00   .3873970E-09
 49.0    3670.00   .4113924E-09
 49.0    3680.00   .4356992E-09
 49.0    3690.00   .4588092E-09
 49.0    3700.00   .4643795E-09
 49.0    3710.00   .4488970E-09
 49.0    3720.00   .4239327E-09
 49.0    3730.00   .4035857E-09
 49.0    3740.00   .3722284E-09
 49.0    3750.00   .3327714E-09
 49.0    3760.00   .2953179E-09
 49.0    3770.00   .2702364E-09
 49.0    3780.00   .2501816E-09
 49.0    3790.00   .2419261E-09
 49.0    3800.00   .2343264E-09
 49.0    3810.00   .2361929E-09
 49.0    3820.00   .2538543E-09
 49.0    3830.00   .2837672E-09
 49.0    3840.00   .3165984E-09
 49.0    3850.00   .3481597E-09
 49.0    3860.00   .4111443E-09
 49.0    3870.00   .4547175E-09
 49.0    3880.00   .4746586E-09
 49.0    3890.00   .5411890E-09
 49.0    3900.00   .5720601E-09
 49.0    3910.00   .6007599E-09
 49.0    3920.00   .6512339E-09
 49.0    3930.00   .6698279E-09
 49.0    3940.00   .6835433E-09
 49.0    3950.00   .7257064E-09
 49.0    3960.00   .7318287E-09
 49.0    3970.00   .7232113E-09
 49.0    3980.00   .7178242E-09
 49.0    3990.00   .6891276E-09
 49.0    4000.00   .6608905E-09
 49.0    4010.00   .6331238E-09
 49.0    4020.00   .6138640E-09
 49.0    4030.00   .5851138E-09
 49.0    4040.00   .5789383E-09
 49.0    4050.00   .5713819E-09
 49.0    4060.00   .5801563E-09
 49.0    4070.00   .5567548E-09
 49.0    4080.00   .5417520E-09
 49.0    4090.00   .5357814E-09
 49.0    4100.00   .5277458E-09
 49.0    4110.00   .5123627E-09
 49.0    4120.00   .4990708E-09
 49.0    4130.00   .5047678E-09
 49.0    4140.00   .5110211E-09
 49.0    4150.00   .5060611E-09
 49.0    4160.00   .5185008E-09
 49.0    4170.00   .5280739E-09
 49.0    4180.00   .5440205E-09
 49.0    4190.00   .5636166E-09
 49.0    4200.00   .5650118E-09
 49.0    4210.00   .5694627E-09
 49.0    4220.00   .5699917E-09
 49.0    4230.00   .5645697E-09
 49.0    4240.00   .5667714E-09
 49.0    4250.00   .5800470E-09
 49.0    4260.00   .5825569E-09
 49.0    4270.00   .5971510E-09
 49.0    4280.00   .6132231E-09
 49.0    4290.00   .6373788E-09
 49.0    4300.00   .6323695E-09
 49.0    4310.00   .6389313E-09
 49.0    4320.00   .6409438E-09
 49.0    4330.00   .6331699E-09
 49.0    4340.00   .6204440E-09
 49.0    4350.00   .5933257E-09
 49.0    4360.00   .5748636E-09
 49.0    4370.00   .5348081E-09
 49.0    4380.00   .4977336E-09
 49.0    4390.00   .4653948E-09
 49.0    4400.00   .4400288E-09
 49.0    4410.00   .4353857E-09
 49.0    4420.00   .4179898E-09
 49.0    4430.00   .4119278E-09
 49.0    4440.00   .4330199E-09
 49.0    4450.00   .4378922E-09
 49.0    4460.00   .4412516E-09
 49.0    4470.00   .4596054E-09
 49.0    4480.00   .4800829E-09
 49.0    4490.00   .5129040E-09
 49.0    4500.00   .5383337E-09
 49.0    4510.00   .5685332E-09
 49.0    4520.00   .6499151E-09
 49.0    4530.00   .7117113E-09
 49.0    4540.00   .7765508E-09
 49.0    4550.00   .8671752E-09
 49.0    4560.00   .9707138E-09
 49.0    4570.00   .1038581E-08
 49.0    4580.00   .1090304E-08
 49.0    4590.00   .1152037E-08
 49.0    4600.00   .1174449E-08
 49.0    4610.00   .1192343E-08
 49.0    4620.00   .1214334E-08
 49.0    4630.00   .1217867E-08
 49.0    4640.00   .1209351E-08
 49.0    4650.00   .1170510E-08
 49.0    4660.00   .1086686E-08
 49.0    4670.00   .1003822E-08
 49.0    4680.00   .9118415E-09
 49.0    4690.00   .8339426E-09
 49.0    4700.00   .7649878E-09
 49.0    4710.00   .7077187E-09
 49.0    4720.00   .6555807E-09
 49.0    4730.00   .6111782E-09
 49.0    4740.00   .5952206E-09
 49.0    4750.00   .5795427E-09
 49.0    4760.00   .5711748E-09
 49.0    4770.00   .5964509E-09
 49.0    4780.00   .6246647E-09
 49.0    4790.00   .6532177E-09
 49.0    4800.00   .6815136E-09
 49.0    4810.00   .7170252E-09
 49.0    4820.00   .7394472E-09
 49.0    4830.00   .7543657E-09
 49.0    4840.00   .7501341E-09
 49.0    4850.00   .7435742E-09
 49.0    4860.00   .7428963E-09
 49.0    4870.00   .7648314E-09
 49.0    4880.00   .8045230E-09
 49.0    4890.00   .8435878E-09
 49.0    4900.00   .9009070E-09
 49.0    4910.00   .9647983E-09
 49.0    4920.00   .1016165E-08
 49.0    4930.00   .1087512E-08
 49.0    4940.00   .1098320E-08
 49.0    4950.00   .1092316E-08
 49.0    4960.00   .1076592E-08
 49.0    4970.00   .1005035E-08
 49.0    4980.00   .9397498E-09
 49.0    4990.00   .8738050E-09
 49.0    5000.00   .7946435E-09
 49.0    5010.00   .7311324E-09
 49.0    5020.00   .6878453E-09
 49.0    5030.00   .6585029E-09
 49.0    5040.00   .6367357E-09
 49.0    5050.00   .6116219E-09
 49.0    5060.00   .5952590E-09
 49.0    5070.00   .5806476E-09
 49.0    5080.00   .5675645E-09
 49.0    5090.00   .5665275E-09
 49.0    5100.00   .5612474E-09
 49.0    5110.00   .5508436E-09
 49.0    5120.00   .5522208E-09
 49.0    5130.00   .5523583E-09
 49.0    5140.00   .5464176E-09
 49.0    5150.00   .5589615E-09
 49.0    5160.00   .5765092E-09
 49.0    5170.00   .5893659E-09
 49.0    5180.00   .6064452E-09
 49.0    5190.00   .6436736E-09
 49.0    5200.00   .6708833E-09
 49.0    5210.00   .7020839E-09
 49.0    5220.00   .7463827E-09
 49.0    5230.00   .7918228E-09
 49.0    5240.00   .8400193E-09
 49.0    5250.00   .8675914E-09
 49.0    5260.00   .8991527E-09
 49.0    5270.00   .9345021E-09
 49.0    5280.00   .9624777E-09
 49.0    5290.00   .9979545E-09
 49.0    5300.00   .1016187E-08
 49.0    5310.00   .1032306E-08
 49.0    5320.00   .1027115E-08
 49.0    5330.00   .1027961E-08
 49.0    5340.00   .1031255E-08
 49.0    5350.00   .1023978E-08
 49.0    5360.00   .1014827E-08
 49.0    5370.00   .1011671E-08
 49.0    5380.00   .1015334E-08
 49.0    5390.00   .1047884E-08
 49.0    5400.00   .1096390E-08
 49.0    5410.00   .1140564E-08
 49.0    5420.00   .1198387E-08
 49.0    5430.00   .1258342E-08
 49.0    5440.00   .1310808E-08
 49.0    5450.00   .1362744E-08
 49.0    5460.00   .1406238E-08
 49.0    5470.00   .1424738E-08
 49.0    5480.00   .1455311E-08
 49.0    5490.00   .1463054E-08
 49.0    5500.00   .1468194E-08
 49.0    5510.00   .1472817E-08
 49.0    5520.00   .1459020E-08
 49.0    5530.00   .1445535E-08
 49.0    5540.00   .1442182E-08
 49.0    5550.00   .1409520E-08
 49.0    5560.00   .1390954E-08
 49.0    5570.00   .1359569E-08
 49.0    5580.00   .1316565E-08
 49.0    5590.00   .1280235E-08
 49.0    5600.00   .1241706E-08
 49.0    5610.00   .1203610E-08
 49.0    5620.00   .1165169E-08
 49.0    5630.00   .1125445E-08
 49.0    5640.00   .1075899E-08
 49.0    5650.00   .1016812E-08
 49.0    5660.00   .9813535E-09
 49.0    5670.00   .9388454E-09
 49.0    5680.00   .9051019E-09
 49.0    5690.00   .8998066E-09
 49.0    5700.00   .8657788E-09
 49.0    5710.00   .8440972E-09
 49.0    5720.00   .8466230E-09
 49.0    5730.00   .8592012E-09
 49.0    5740.00   .8614555E-09
 49.0    5750.00   .8730826E-09
 49.0    5760.00   .9028703E-09
 49.0    5770.00   .9264026E-09
 49.0    5780.00   .9645319E-09
 49.0    5790.00   .9911892E-09
 49.0    5800.00   .1020736E-08
 49.0    5810.00   .1054474E-08
 49.0    5820.00   .1085315E-08
 49.0    5830.00   .1112739E-08
 49.0    5840.00   .1120287E-08
 49.0    5850.00   .1137373E-08
 49.0    5860.00   .1149624E-08
 49.0    5870.00   .1156721E-08
 49.0    5880.00   .1141751E-08
 49.0    5890.00   .1114702E-08
 49.0    5900.00   .1098832E-08
 49.0    5910.00   .1087569E-08
 49.0    5920.00   .1058637E-08
 49.0    5930.00   .1013260E-08
 49.0    5940.00   .9750548E-09
 49.0    5950.00   .9298720E-09
 49.0    5960.00   .8808447E-09
 49.0    5970.00   .8424510E-09
 49.0    5980.00   .8212445E-09
 49.0    5990.00   .7923851E-09
 49.0    6000.00   .7831641E-09
 49.0    6010.00   .7747217E-09
 49.0    6020.00   .7798948E-09
 49.0    6030.00   .7880985E-09
 49.0    6040.00   .7713635E-09
 49.0    6050.00   .7677345E-09
 49.0    6060.00   .7581309E-09
 49.0    6070.00   .7438101E-09
 49.0    6080.00   .7331738E-09
 49.0    6090.00   .7348052E-09
 49.0    6100.00   .7317616E-09
 49.0    6110.00   .7101345E-09
 49.0    6120.00   .7044554E-09
 49.0    6130.00   .6928096E-09
 49.0    6140.00   .6675131E-09
 49.0    6150.00   .6512862E-09
 49.0    6160.00   .6597345E-09
 49.0    6170.00   .6647515E-09
 49.0    6180.00   .6494400E-09
 49.0    6190.00   .6609119E-09
 49.0    6200.00   .6873330E-09
 49.0    6210.00   .6901530E-09
 49.0    6220.00   .7077706E-09
 49.0    6230.00   .7148972E-09
 49.0    6240.00   .7205167E-09
 49.0    6250.00   .7084391E-09
 49.0    6260.00   .7198065E-09
 49.0    6270.00   .7307066E-09
 49.0    6280.00   .7249944E-09
 49.0    6290.00   .7527456E-09
 49.0    6300.00   .7761631E-09
 49.0    6310.00   .8107858E-09
 49.0    6320.00   .8456188E-09
 49.0    6330.00   .8654270E-09
 49.0    6340.00   .9012212E-09
 49.0    6350.00   .9578003E-09
 49.0    6360.00   .1030543E-08
 49.0    6370.00   .1053727E-08
 49.0    6380.00   .1086936E-08
 49.0    6390.00   .1132902E-08
 49.0    6400.00   .1175146E-08
 49.0    6410.00   .1195625E-08
 49.0    6420.00   .1222561E-08
 49.0    6430.00   .1267215E-08
 49.0    6440.00   .1263041E-08
 49.0    6450.00   .1273963E-08
 49.0    6460.00   .1287643E-08
 49.0    6470.00   .1284700E-08
 49.0    6480.00   .1311434E-08
 49.0    6490.00   .1320683E-08
 49.0    6500.00   .1334162E-08
 49.0    6510.00   .1354515E-08
 49.0    6520.00   .1310355E-08
 49.0    6530.00   .1293752E-08
 49.0    6540.00   .1306690E-08
 49.0    6550.00   .1303647E-08
 49.0    6560.00   .1316546E-08
 49.0    6570.00   .1311916E-08
 49.0    6580.00   .1260034E-08
 49.0    6590.00   .1205963E-08
 49.0    6600.00   .1188445E-08
 49.0    6610.00   .1133481E-08
 49.0    6620.00   .1091182E-08
 49.0    6630.00   .1062074E-08
 49.0    6640.00   .9946747E-09
 49.0    6650.00   .9726823E-09
 49.0    6660.00   .9372987E-09
 49.0    6670.00   .9184666E-09
 49.0    6680.00   .8843218E-09
 49.0    6690.00   .8322592E-09
 49.0    6700.00   .8215315E-09
 49.0    6710.00   .7985321E-09
 49.0    6720.00   .8033888E-09
 49.0    6730.00   .8121834E-09
 49.0    6740.00   .7503378E-09
 49.0    6750.00   .7181860E-09
 49.0    6760.00   .7149736E-09
 49.0    6770.00   .6960256E-09
 49.0    6780.00   .6811424E-09
 49.0    6790.00   .6631137E-09
 49.0    6800.00   .6557314E-09
 49.0    6810.00   .6486735E-09
 49.0    6820.00   .6356553E-09
 49.0    6830.00   .6287146E-09
 49.0    6840.00   .6220048E-09
 49.0    6850.00   .6258949E-09
 49.0    6860.00   .6045644E-09
 49.0    6870.00   .5828750E-09
 49.0    6880.00   .5702344E-09
 49.0    6890.00   .5808302E-09
 49.0    6900.00   .5879106E-09
 49.0    6910.00   .5936284E-09
 49.0    6920.00   .5959553E-09
 49.0    6930.00   .5963661E-09
 49.0    6940.00   .5985889E-09
 49.0    6950.00   .5986504E-09
 49.0    6960.00   .5867458E-09
 49.0    6970.00   .5770546E-09
 49.0    6980.00   .5730361E-09
 49.0    6990.00   .5649478E-09
 49.0    7000.00   .5581310E-09
 49.0    7010.00   .5510235E-09
 49.0    7020.00   .5393632E-09
 49.0    7030.00   .5417498E-09
 49.0    7040.00   .5438621E-09
 49.0    7050.00   .5442189E-09
 49.0    7060.00   .5422294E-09
 49.0    7070.00   .5454523E-09
 49.0    7080.00   .5456550E-09
 49.0    7090.00   .5498363E-09
 49.0    7100.00   .5557607E-09
 49.0    7110.00   .5636267E-09
 49.0    7120.00   .5806445E-09
 49.0    7130.00   .5905749E-09
 49.0    7140.00   .5997136E-09
 49.0    7150.00   .6119009E-09
 49.0    7160.00   .6246851E-09
 49.0    7170.00   .6213777E-09
 49.0    7180.00   .6195122E-09
 49.0    7190.00   .6157527E-09
 49.0    7200.00   .6194890E-09
 49.0    7210.00   .6359196E-09
 49.0    7220.00   .6437279E-09
 49.0    7230.00   .6324541E-09
 49.0    7240.00   .6223174E-09
 49.0    7250.00   .6243749E-09
 49.0    7260.00   .6318572E-09
 49.0    7270.00   .6394035E-09
 49.0    7280.00   .6441153E-09
 49.0    7290.00   .6482800E-09
 49.0    7300.00   .6525642E-09
 49.0    7310.00   .6653480E-09
 49.0    7320.00   .6827616E-09
 49.0    7330.00   .6974966E-09
 49.0    7340.00   .7153746E-09
 49.0    7350.00   .7215452E-09
 49.0    7360.00   .7336934E-09
 49.0    7370.00   .7406110E-09
 49.0    7380.00   .7423263E-09
 49.0    7390.00   .7467205E-09
 49.0    7400.00   .7358791E-09
 49.0    7410.00   .7284641E-09
 49.0    7420.00   .7058905E-09
 49.0    7430.00   .6879778E-09
 49.0    7440.00   .6753430E-09
 49.0    7450.00   .6477329E-09
 49.0    7460.00   .6308534E-09
 49.0    7470.00   .6165190E-09
 49.0    7480.00   .6123527E-09
 49.0    7490.00   .5857468E-09
 49.0    7500.00   .5509521E-09
 49.0    7510.00   .5768491E-09
 49.0    7520.00   .5619322E-09
 49.0    7530.00   .5635878E-09
 49.0    7540.00   .5799428E-09
 49.0    7550.00   .5912062E-09
 49.0    7560.00   .5988846E-09
 49.0    7570.00   .6097041E-09
 49.0    7580.00   .6322148E-09
 49.0    7590.00   .5733707E-09
 49.0    7600.00   .4942298E-09
 49.0    7610.00   .4490925E-09
 49.0    7620.00   .5119832E-09
 49.0    7630.00   .5215446E-09
 49.0    7640.00   .5167550E-09
 49.0    7650.00   .5775785E-09
 49.0    7660.00   .6079377E-09
 49.0    7670.00   .6324762E-09
 49.0    7680.00   .6466346E-09
 49.0    7690.00   .6473889E-09
 49.0    7700.00   .6451913E-09
 49.0    7710.00   .6387622E-09
 49.0    7720.00   .6316672E-09
 49.0    7730.00   .6239088E-09
 49.0    7740.00   .6206953E-09
 49.0    7750.00   .6027482E-09
 49.0    7760.00   .6018234E-09
 49.0    7770.00   .5942952E-09
 49.0    7780.00   .5771171E-09
 49.0    7790.00   .5684608E-09
 49.0    7800.00   .5642527E-09
 49.0    7810.00   .5551224E-09
 49.0    7820.00   .5513106E-09
 49.0    7830.00   .5528028E-09
 49.0    7840.00   .5502916E-09
 49.0    7850.00   .5398342E-09
 49.0    7860.00   .5342232E-09
 49.0    7870.00   .5241646E-09
 49.0    7880.00   .5167644E-09
 49.0    7890.00   .5109036E-09
 49.0    7900.00   .4965598E-09
 49.0    7910.00   .4790669E-09
 49.0    7920.00   .4831080E-09
 49.0    7930.00   .4801253E-09
 49.0    7940.00   .4709825E-09
 49.0    7950.00   .4585957E-09
 49.0    7960.00   .4513905E-09
 49.0    7970.00   .4492148E-09
 49.0    7980.00   .4327678E-09
 49.0    7990.00   .4287468E-09
 49.0    8000.00   .4289710E-09
 49.0    8010.00   .4206569E-09
 49.0    8020.00   .4169332E-09
 49.0    8030.00   .4030933E-09
 49.0    8040.00   .3890874E-09
 49.0    8050.00   .3879488E-09
 49.0    8060.00   .4149184E-09
 49.0    8070.00   .3541292E-09
 49.0    8080.00   .3326743E-09
 49.0    8090.00   .3188021E-09
 49.0    8100.00   .3064132E-09
 49.0    8110.00   .2917301E-09
 49.0    8120.00   .2809318E-09
 49.0    8130.00   .2652785E-09
 49.0    8140.00   .2360206E-09
 49.0    8150.00   .2097915E-09
 49.0    8160.00   .1968472E-09
 49.0    8170.00   .1827831E-09
 49.0    8180.00   .1644245E-09
 49.0    8190.00   .1543001E-09
 49.0    8200.00   .1480494E-09
 49.0    8210.00   .1429135E-09
 49.0    8220.00   .1334217E-09
 49.0    8230.00   .1271920E-09
 49.0    8240.00   .1258075E-09
 49.0    8250.00   .1266084E-09
 49.0    8260.00   .1304659E-09
 49.0    8270.00   .1382788E-09
 49.0    8280.00   .1413270E-09
 49.0    8290.00   .1489755E-09
 49.0    8300.00   .1447958E-09
 49.0    8310.00   .1525665E-09
 49.0    8320.00   .1669157E-09
 49.0    8330.00   .1811965E-09
 49.0    8340.00   .1923578E-09
 49.0    8350.00   .2115825E-09
 49.0    8360.00   .2319228E-09
 49.0    8370.00   .2530815E-09
 49.0    8380.00   .2702750E-09
 49.0    8390.00   .2875163E-09
 49.0    8400.00   .3070990E-09
 49.0    8410.00   .3427810E-09
 49.0    8420.00   .3577750E-09
 49.0    8430.00   .3635753E-09
 49.0    8440.00   .3801034E-09
 49.0    8450.00   .4111331E-09
 49.0    8460.00   .4418683E-09
 49.0    8470.00   .5007978E-09
 49.0    8480.00   .5382703E-09
 49.0    8490.00   .5496207E-09
 49.0    8500.00   .5848165E-09
 49.0    8510.00   .5920655E-09
 49.0    8520.00   .5959899E-09
 49.0    8530.00   .6194304E-09
 49.0    8540.00   .6474880E-09
 49.0    8550.00   .6620182E-09
 49.0    8560.00   .6637734E-09
 49.0    8570.00   .6648337E-09
 49.0    8580.00   .6651500E-09
 49.0    8590.00   .6699911E-09
 49.0    8600.00   .7027199E-09
 49.0    8610.00   .7188038E-09
 49.0    8620.00   .7044225E-09
 49.0    8630.00   .6905859E-09
 49.0    8640.00   .6999925E-09
 49.0    8650.00   .7336614E-09
 49.0    8660.00   .7523553E-09
 49.0    8670.00   .7654868E-09
 49.0    8680.00   .7674107E-09
 49.0    8690.00   .7541826E-09
 49.0    8700.00   .7835415E-09
 49.0    8710.00   .7826619E-09
 49.0    8720.00   .8026518E-09
 49.0    8730.00   .8338797E-09
 49.0    8740.00   .7986946E-09
 49.0    8750.00   .7791070E-09
 49.0    8760.00   .7625087E-09
 49.0    8770.00   .7820276E-09
 49.0    8780.00   .7942657E-09
 49.0    8790.00   .7936680E-09
 49.0    8800.00   .8017111E-09
 49.0    8810.00   .7935453E-09
 49.0    8820.00   .7858638E-09
 49.0    8830.00   .7421240E-09
 49.0    8840.00   .7561909E-09
 49.0    8850.00   .7731752E-09
 49.0    8860.00   .7537885E-09
 49.0    8870.00   .7446877E-09
 49.0    8880.00   .7433855E-09
 49.0    8890.00   .7142392E-09
 49.0    8900.00   .7100183E-09
 49.0    8910.00   .7058229E-09
 49.0    8920.00   .6866147E-09
 49.0    8930.00   .6619402E-09
 49.0    8940.00   .6411559E-09
 49.0    8950.00   .6289800E-09
 49.0    8960.00   .6084459E-09
 49.0    8970.00   .6083120E-09
 49.0    8980.00   .6051779E-09
 49.0    8990.00   .5792356E-09
 49.0    9000.00   .5658478E-09
 49.0    9010.00   .5665732E-09
 49.0    9020.00   .5630590E-09
 49.0    9030.00   .5687420E-09
 49.0    9040.00   .5700225E-09
 49.0    9050.00   .5715053E-09
 49.0    9060.00   .5733607E-09
 49.0    9070.00   .5595458E-09
 49.0    9080.00   .5583115E-09
 49.0    9090.00   .5745442E-09
 49.0    9100.00   .5522375E-09
 49.0    9110.00   .5378905E-09
 49.0    9120.00   .5471053E-09
 49.0    9130.00   .5130005E-09
 49.0    9140.00   .5162448E-09
 49.0    9150.00   .5162399E-09
 49.0    9160.00   .5097524E-09
 49.0    9170.00   .4995998E-09
 49.0    9180.00   .4697942E-09
 49.0    9190.00   .4850269E-09
 49.0    9200.00   .4919427E-09
 49.0    9210.00   .4998383E-09
 49.0    9220.00   .4762381E-09
 49.0    9230.00   .5167715E-09
 49.0    9240.00   .5251418E-09
 49.0    9250.00   .4614009E-09
 49.0    9260.00   .4548735E-09
 49.0    9270.00   .4431251E-09
 49.0    9280.00   .4197856E-09
 49.0    9290.00   .4134333E-09
 49.0    9300.00   .3970283E-09
 49.0    9310.00   .3904227E-09
 49.0    9320.00   .3298051E-09
 49.0    9330.00   .3290639E-09
 49.0    9340.00   .3277446E-09
 49.0    9350.00   .3461988E-09
 49.0    9360.00   .3232421E-09
 49.0    9370.00   .3448707E-09
 49.0    9380.00   .3769748E-09
 49.0    9390.00   .4136592E-09
 49.0    9400.00   .4148815E-09
 49.0    9410.00   .4274000E-09
 49.0    9420.00   .3794263E-09
 49.0    9430.00   .3739982E-09
 49.0    9440.00   .3752909E-09
 49.0    9450.00   .3797216E-09
 49.0    9460.00   .3704178E-09
 49.0    9470.00   .3542452E-09
 49.0    9480.00   .3599935E-09
 49.0    9490.00   .3691604E-09
 49.0    9500.00   .3716572E-09
 49.0    9510.00   .3743347E-09
 49.0    9520.00   .3417937E-09
 49.0    9530.00   .3416744E-09
 49.0    9540.00   .3699154E-09
 49.0    9550.00   .3531343E-09
 49.0    9560.00   .3552842E-09
 49.0    9570.00   .3453680E-09
 49.0    9580.00   .3412022E-09
 49.0    9590.00   .3437692E-09
 49.0    9600.00   .3328908E-09
 49.0    9610.00   .3480003E-09
 49.0    9620.00   .3444006E-09
 49.0    9630.00   .3394697E-09
 49.0    9640.00   .3684120E-09
 49.0    9650.00   .3495748E-09
 49.0    9660.00   .3413170E-09
 49.0    9670.00   .3544686E-09
 49.0    9680.00   .3648064E-09
 49.0    9690.00   .3840878E-09
 49.0    9700.00   .3869466E-09
 49.0    9710.00   .3968048E-09
 49.0    9720.00   .4158105E-09
 49.0    9730.00   .4026079E-09
 49.0    9740.00   .3978926E-09
 49.0    9750.00   .4191517E-09
 49.0    9760.00   .4364411E-09
 49.0    9770.00   .4588334E-09
 49.0    9780.00   .4358857E-09
 49.0    9790.00   .4250437E-09
 49.0    9800.00   .4604238E-09
 49.0    9810.00   .4783942E-09
 49.0    9820.00   .4625819E-09
 49.0    9830.00   .4746852E-09
 49.0    9840.00   .5001414E-09
 49.0    9850.00   .5126817E-09
 49.0    9860.00   .4901279E-09
 49.0    9870.00   .4605767E-09
 49.0    9880.00   .4926184E-09
 49.0    9890.00   .4881677E-09
 49.0    9900.00   .4632374E-09
 49.0    9910.00   .4684792E-09
 49.0    9920.00   .4585692E-09
 49.0    9930.00   .4318467E-09
 49.0    9940.00   .4646050E-09
 49.0    9950.00   .4785560E-09
 49.0    9960.00   .4345423E-09
 49.0    9970.00   .4023760E-09
 49.0    9980.00   .4022256E-09
 49.0    9990.00   .4317598E-09
 49.0   10000.00   .4349839E-09
 49.0   10010.00   .4324294E-09
 49.0   10020.00   .4298696E-09
 49.0   10030.00   .4273042E-09
 49.0   10040.00   .4247339E-09
 49.0   10050.00   .4221575E-09
 49.0   10060.00   .4195761E-09
 49.0   10070.00   .4169895E-09
 49.0   10080.00   .4143973E-09
 49.0   10090.00   .4117998E-09
 49.0   10100.00   .4091968E-09
 49.0   10110.00   .4065885E-09
 49.0   10120.00   .4039749E-09
 49.0   10130.00   .4013556E-09
 49.0   10140.00   .3987313E-09
 49.0   10150.00   .3961010E-09
 49.0   10160.00   .3934661E-09
 49.0   10170.00   .3908254E-09
 49.0   10180.00   .3881788E-09
 49.0   10190.00   .3855277E-09
 49.0   10200.00   .3828707E-09
 49.0   10210.00   .3802084E-09
 49.0   10220.00   .3775407E-09
 49.0   10230.00   .3748680E-09
 49.0   10240.00   .3721889E-09
 49.0   10250.00   .3695050E-09
 49.0   10260.00   .3668158E-09
 49.0   10270.00   .3641209E-09
 49.0   10280.00   .3614206E-09
 49.0   10290.00   .3587150E-09
 49.0   10300.00   .3560038E-09
 49.0   10310.00   .3532874E-09
 49.0   10320.00   .3505654E-09
 49.0   10330.00   .3478384E-09
 49.0   10340.00   .3451054E-09
 49.0   10350.00   .3423669E-09
 49.0   10360.00   .3396235E-09
 49.0   10370.00   .3368741E-09
 49.0   10380.00   .3341197E-09
 49.0   10390.00   .3313596E-09
 49.0   10400.00   .3285940E-09
 49.0   10410.00   .3258232E-09
 49.0   10420.00   .3230469E-09
 49.0   10430.00   .3202651E-09
 49.0   10440.00   .3174776E-09
 49.0   10450.00   .3146850E-09
 49.0   10460.00   .3118867E-09
 49.0   10470.00   .3090833E-09
 49.0   10480.00   .3062738E-09
 49.0   10490.00   .3034590E-09
 49.0   10500.00   .3006385E-09
 49.0   10510.00   .2978128E-09
 49.0   10520.00   .2949815E-09
 49.0   10530.00   .2921445E-09
 49.0   10540.00   .2893020E-09
 49.0   10550.00   .2864538E-09
 49.0   10560.00   .2836001E-09
 49.0   10570.00   .2807410E-09
 49.0   10580.00   .2778760E-09
 49.0   10590.00   .2750058E-09
 49.0   10600.00   .2721297E-09
 49.0   10610.00   .2692481E-09
 49.0   10620.00   .2663605E-09
 49.0   10630.00   .2634676E-09
 49.0   10640.00   .2605691E-09
 49.0   10650.00   .2576649E-09
 49.0   10660.00   .2547551E-09
 49.0   10670.00   .2518397E-09
 49.0   10680.00   .2489186E-09
 49.0   10690.00   .2459918E-09
 49.0   10700.00   .2430594E-09
 49.0   10710.00   .2401213E-09
 49.0   10720.00   .2371773E-09
 49.0   10730.00   .2342282E-09
 49.0   10740.00   .2312732E-09
 49.0   10750.00   .2283124E-09
 49.0   10760.00   .2253461E-09
 49.0   10770.00   .2223740E-09
 49.0   10780.00   .2193964E-09
 49.0   10790.00   .2164129E-09
 49.0   10800.00   .2134240E-09
 49.0   10810.00   .2104291E-09
 49.0   10820.00   .2074290E-09
 49.0   10830.00   .2044231E-09
 49.0   10840.00   .2014114E-09
 49.0   10850.00   .1983939E-09
 49.0   10860.00   .1953712E-09
 49.0   10870.00   .1923426E-09
 49.0   10880.00   .1893086E-09
 49.0   10890.00   .1862686E-09
 49.0   10900.00   .1832232E-09
 49.0   10910.00   .1801722E-09
 49.0   10920.00   .1771155E-09
 49.0   10930.00   .1740534E-09
 49.0   10940.00   .1709854E-09
 49.0   10950.00   .1679119E-09
 49.0   10960.00   .1648329E-09
 49.0   10970.00   .1617482E-09
 49.0   10980.00   .1586580E-09
 49.0   10990.00   .1555621E-09
 49.0   11000.00   .1524608E-09
 49.0   11010.00   .1493540E-09
 49.0   11020.00   .1462417E-09
 49.0   11030.00   .1431236E-09
 49.0   11040.00   .1400001E-09
 49.0   11050.00   .1368712E-09
 49.0   11060.00   .1337368E-09
 49.0   11070.00   .1305968E-09
 49.0   11080.00   .1274515E-09
 49.0   11090.00   .1243005E-09
 49.0   11100.00   .1211442E-09
 49.0   11110.00   .1179824E-09
 49.0   11120.00   .1148154E-09
 49.0   11130.00   .1116429E-09
 49.0   11140.00   .1084648E-09
 49.0   11150.00   .1052814E-09
 49.0   11160.00   .1020927E-09
 49.0   11170.00   .9889879E-10
 49.0   11180.00   .9569925E-10
 49.0   11190.00   .9249465E-10
 49.0   11200.00   .8928474E-10
 49.0   11210.00   .8606943E-10
 49.0   11220.00   .8284892E-10
 49.0   11230.00   .7962317E-10
 49.0   11240.00   .7639213E-10
 49.0   11250.00   .7315594E-10
 49.0   11260.00   .6991455E-10
 49.0   11270.00   .6666798E-10
 49.0   11280.00   .6341625E-10
 49.0   11290.00   .6015945E-10
 49.0   11300.00   .5689749E-10
 49.0   11310.00   .5693950E-10
 49.0   11320.00   .5698136E-10
 49.0   11330.00   .5702313E-10
 49.0   11340.00   .5706473E-10
 49.0   11350.00   .5710621E-10
 49.0   11360.00   .5714750E-10
 49.0   11370.00   .5718877E-10
 49.0   11380.00   .5722979E-10
 49.0   11390.00   .5727071E-10
 49.0   11400.00   .5731144E-10
 49.0   11410.00   .5735207E-10
 49.0   11420.00   .5739254E-10
 49.0   11430.00   .5743286E-10
 49.0   11440.00   .5747300E-10
 49.0   11450.00   .5751303E-10
 49.0   11460.00   .5755288E-10
 49.0   11470.00   .5759258E-10
 49.0   11480.00   .5763212E-10
 49.0   11490.00   .5767150E-10
 49.0   11500.00   .5771074E-10
 49.0   11510.00   .5774978E-10
 49.0   11520.00   .5778865E-10
 49.0   11530.00   .5782735E-10
 49.0   11540.00   .5786594E-10
 49.0   11550.00   .5790430E-10
 49.0   11560.00   .5794250E-10
 49.0   11570.00   .5798056E-10
 49.0   11580.00   .5801839E-10
 49.0   11590.00   .5805608E-10
 49.0   11600.00   .5809360E-10
 49.0   11610.00   .5813089E-10
 49.0   11620.00   .5816804E-10
 49.0   11630.00   .5820498E-10
 49.0   11640.00   .5824175E-10
 49.0   11650.00   .5827836E-10
 49.0   11660.00   .5831473E-10
 49.0   11670.00   .5835093E-10
 49.0   11680.00   .5838696E-10
 49.0   11690.00   .5842273E-10
 49.0   11700.00   .5845835E-10
 49.0   11710.00   .5849379E-10
 49.0   11720.00   .5852901E-10
 49.0   11730.00   .5856404E-10
 49.0   11740.00   .5859881E-10
 49.0   11750.00   .5863345E-10
 49.0   11760.00   .5866784E-10
 49.0   11770.00   .5870205E-10
 49.0   11780.00   .5873606E-10
 49.0   11790.00   .5876985E-10
 49.0   11800.00   .5880342E-10
 49.0   11810.00   .5883677E-10
 49.0   11820.00   .5886991E-10
 49.0   11830.00   .5890280E-10
 49.0   11840.00   .5893551E-10
 49.0   11850.00   .5896797E-10
 49.0   11860.00   .5900022E-10
 49.0   11870.00   .5903225E-10
 49.0   11880.00   .5906407E-10
 49.0   11890.00   .5909563E-10
 49.0   11900.00   .5912698E-10
 49.0   11910.00   .5915810E-10
 49.0   11920.00   .5918898E-10
 49.0   11930.00   .5921961E-10
 49.0   11940.00   .5925004E-10
 49.0   11950.00   .5928024E-10
 49.0   11960.00   .5931014E-10
 49.0   11970.00   .5933982E-10
 49.0   11980.00   .5936926E-10
 49.0   11990.00   .5939848E-10
 49.0   12000.00   .5942741E-10
 49.0   12010.00   .5945615E-10
 49.0   12020.00   .5948462E-10
 49.0   12030.00   .5951282E-10
 49.0   12040.00   .5954076E-10
 49.0   12050.00   .5956848E-10
 49.0   12060.00   .5959591E-10
 49.0   12070.00   .5962312E-10
 49.0   12080.00   .5965002E-10
 49.0   12090.00   .5967670E-10
 49.0   12100.00   .5970310E-10
 49.0   12110.00   .5972925E-10
 49.0   12120.00   .5975509E-10
 49.0   12130.00   .5978074E-10
 49.0   12140.00   .5980608E-10
 49.0   12150.00   .5983110E-10
 49.0   12160.00   .5985589E-10
 49.0   12170.00   .5988043E-10
 49.0   12180.00   .5990466E-10
 49.0   12190.00   .5992863E-10
 49.0   12200.00   .5995232E-10
 49.0   12210.00   .5997572E-10
 49.0   12220.00   .5999884E-10
 49.0   12230.00   .6002166E-10
 49.0   12240.00   .6004420E-10
 49.0   12250.00   .6006648E-10
 49.0   12260.00   .6008847E-10
 49.0   12270.00   .6011017E-10
 49.0   12280.00   .6013154E-10
 49.0   12290.00   .6015266E-10
 49.0   12300.00   .6017347E-10
 49.0   12310.00   .6019396E-10
 49.0   12320.00   .6021419E-10
 49.0   12330.00   .6023404E-10
 49.0   12340.00   .6025365E-10
 49.0   12350.00   .6027297E-10
 49.0   12360.00   .6029199E-10
 49.0   12370.00   .6031066E-10
 49.0   12380.00   .6032902E-10
 49.0   12390.00   .6034713E-10
 49.0   12400.00   .6036486E-10
 49.0   12410.00   .6038232E-10
 49.0   12420.00   .6039944E-10
 49.0   12430.00   .6041625E-10
 49.0   12440.00   .6043275E-10
 49.0   12450.00   .6044892E-10
 49.0   12460.00   .6046477E-10
 49.0   12470.00   .6048031E-10
 49.0   12480.00   .6049555E-10
 49.0   12490.00   .6051042E-10
 49.0   12500.00   .6052500E-10
 49.0   12510.00   .6056978E-10
 49.0   12520.00   .6061416E-10
 49.0   12530.00   .6065823E-10
 49.0   12540.00   .6070189E-10
 49.0   12550.00   .6074520E-10
 49.0   12560.00   .6078813E-10
 49.0   12570.00   .6083072E-10
 49.0   12580.00   .6087291E-10
 49.0   12590.00   .6091470E-10
 49.0   12600.00   .6095615E-10
 49.0   12610.00   .6099719E-10
 49.0   12620.00   .6103782E-10
 49.0   12630.00   .6107812E-10
 49.0   12640.00   .6111800E-10
 49.0   12650.00   .6115748E-10
 49.0   12660.00   .6119659E-10
 49.0   12670.00   .6123525E-10
 49.0   12680.00   .6127364E-10
 49.0   12690.00   .6131154E-10
 49.0   12700.00   .6134905E-10
 49.0   12710.00   .6138615E-10
 49.0   12720.00   .6142284E-10
 49.0   12730.00   .6145914E-10
 49.0   12740.00   .6149507E-10
 49.0   12750.00   .6153054E-10
 49.0   12760.00   .6156559E-10
 49.0   12770.00   .6160025E-10
 49.0   12780.00   .6163448E-10
 49.0   12790.00   .6166827E-10
 49.0   12800.00   .6170170E-10
 49.0   12810.00   .6173467E-10
 49.0   12820.00   .6176724E-10
 49.0   12830.00   .6179934E-10
 49.0   12840.00   .6183103E-10
 49.0   12850.00   .6186231E-10
 49.0   12860.00   .6189311E-10
 49.0   12870.00   .6192350E-10
 49.0   12880.00   .6195350E-10
 49.0   12890.00   .6198301E-10
 49.0   12900.00   .6201217E-10
 49.0   12910.00   .6204088E-10
 49.0   12920.00   .6206915E-10
 49.0   12930.00   .6209707E-10
 49.0   12940.00   .6212450E-10
 49.0   12950.00   .6215158E-10
 49.0   12960.00   .6217821E-10
 49.0   12970.00   .6220444E-10
 49.0   12980.00   .6223028E-10
 49.0   12990.00   .6225570E-10
 49.0   13000.00   .6228073E-10
 49.0   13010.00   .6230538E-10
 49.0   13020.00   .6232954E-10
 49.0   13030.00   .6235344E-10
 49.0   13040.00   .6237689E-10
 49.0   13050.00   .6239992E-10
 49.0   13060.00   .6242262E-10
 49.0   13070.00   .6244490E-10
 49.0   13080.00   .6246682E-10
 49.0   13090.00   .6248837E-10
 49.0   13100.00   .6250950E-10
 49.0   13110.00   .6253025E-10
 49.0   13120.00   .6255064E-10
 49.0   13130.00   .6257069E-10
 49.0   13140.00   .6259034E-10
 49.0   13150.00   .6260962E-10
 49.0   13160.00   .6262860E-10
 49.0   13170.00   .6264717E-10
 49.0   13180.00   .6266532E-10
 49.0   13190.00   .6268320E-10
 49.0   13200.00   .6270070E-10
 49.0   13210.00   .6271784E-10
 49.0   13220.00   .6273464E-10
 49.0   13230.00   .6275111E-10
 49.0   13240.00   .6276722E-10
 49.0   13250.00   .6278300E-10
 49.0   13260.00   .6279839E-10
 49.0   13270.00   .6281351E-10
 49.0   13280.00   .6282822E-10
 49.0   13290.00   .6284266E-10
 49.0   13300.00   .6285674E-10
 49.0   13310.00   .6287051E-10
 49.0   13320.00   .6288394E-10
 49.0   13330.00   .6289704E-10
 49.0   13340.00   .6290985E-10
 49.0   13350.00   .6292232E-10
 49.0   13360.00   .6293445E-10
 49.0   13370.00   .6294632E-10
 49.0   13380.00   .6295782E-10
 49.0   13390.00   .6296906E-10
 49.0   13400.00   .6297996E-10
 49.0   13410.00   .6299057E-10
 49.0   13420.00   .6300091E-10
 49.0   13430.00   .6301094E-10
 49.0   13440.00   .6302061E-10
 49.0   13450.00   .6303006E-10
 49.0   13460.00   .6303917E-10
 49.0   13470.00   .6304804E-10
 49.0   13480.00   .6305657E-10
 49.0   13490.00   .6306485E-10
 49.0   13500.00   .6307287E-10
 49.0   13510.00   .6308055E-10
 49.0   13520.00   .6308801E-10
 49.0   13530.00   .6309517E-10
 49.0   13540.00   .6310206E-10
 49.0   13550.00   .6310870E-10
 49.0   13560.00   .6311506E-10
 49.0   13570.00   .6312112E-10
 49.0   13580.00   .6312704E-10
 49.0   13590.00   .6313259E-10
 49.0   13600.00   .6313787E-10
 49.0   13610.00   .6314294E-10
 49.0   13620.00   .6314776E-10
 49.0   13630.00   .6315236E-10
 49.0   13640.00   .6315667E-10
 49.0   13650.00   .6316075E-10
 49.0   13660.00   .6316457E-10
 49.0   13670.00   .6316820E-10
 49.0   13680.00   .6317157E-10
 49.0   13690.00   .6317469E-10
 49.0   13700.00   .6317761E-10
 49.0   13710.00   .6321172E-10
 49.0   13720.00   .6324561E-10
 49.0   13730.00   .6327922E-10
 49.0   13740.00   .6331262E-10
 49.0   13750.00   .6334571E-10
 49.0   13760.00   .6337858E-10
 49.0   13770.00   .6341125E-10
 49.0   13780.00   .6344366E-10
 49.0   13790.00   .6347578E-10
 49.0   13800.00   .6350772E-10
 49.0   13810.00   .6353940E-10
 49.0   13820.00   .6357084E-10
 49.0   13830.00   .6360210E-10
 49.0   13840.00   .6363308E-10
 49.0   13850.00   .6366388E-10
 49.0   13860.00   .6369437E-10
 49.0   13870.00   .6372471E-10
 49.0   13880.00   .6375481E-10
 49.0   13890.00   .6378471E-10
 49.0   13900.00   .6381436E-10
 49.0   13910.00   .6384386E-10
 49.0   13920.00   .6387307E-10
 49.0   13930.00   .6390211E-10
 49.0   13940.00   .6393092E-10
 49.0   13950.00   .6395954E-10
 49.0   13960.00   .6398799E-10
 49.0   13970.00   .6401619E-10
 49.0   13980.00   .6404417E-10
 49.0   13990.00   .6407198E-10
 49.0   14000.00   .6409960E-10
 49.0   14010.00   .6412706E-10
 49.0   14020.00   .6415432E-10
 49.0   14030.00   .6418137E-10
 49.0   14040.00   .6420825E-10
 49.0   14050.00   .6423493E-10
 49.0   14060.00   .6426145E-10
 49.0   14070.00   .6428778E-10
 49.0   14080.00   .6431389E-10
 49.0   14090.00   .6433992E-10
 49.0   14100.00   .6436572E-10
 49.0   14110.00   .6439138E-10
 49.0   14120.00   .6441683E-10
 49.0   14130.00   .6444217E-10
 49.0   14140.00   .6446728E-10
 49.0   14150.00   .6449230E-10
 49.0   14160.00   .6451710E-10
 49.0   14170.00   .6454180E-10
 49.0   14180.00   .6456635E-10
 49.0   14190.00   .6459071E-10
 49.0   14200.00   .6461494E-10
 49.0   14210.00   .6463903E-10
 49.0   14220.00   .6466300E-10
 49.0   14230.00   .6468681E-10
 49.0   14240.00   .6471044E-10
 49.0   14250.00   .6473400E-10
 49.0   14260.00   .6475739E-10
 49.0   14270.00   .6478068E-10
 49.0   14280.00   .6480384E-10
 49.0   14290.00   .6482689E-10
 49.0   14300.00   .6484976E-10
 49.0   14310.00   .6487259E-10
 49.0   14320.00   .6489527E-10
 49.0   14330.00   .6491781E-10
 49.0   14340.00   .6494023E-10
 49.0   14350.00   .6496258E-10
 49.0   14360.00   .6498483E-10
 49.0   14370.00   .6500693E-10
 49.0   14380.00   .6502900E-10
 49.0   14390.00   .6505094E-10
 49.0   14400.00   .6507275E-10
 49.0   14410.00   .6509449E-10
 49.0   14420.00   .6511619E-10
 49.0   14430.00   .6513775E-10
 49.0   14440.00   .6515928E-10
 49.0   14450.00   .6518066E-10
 49.0   14460.00   .6520199E-10
 49.0   14470.00   .6522329E-10
 49.0   14480.00   .6524447E-10
 49.0   14490.00   .6526558E-10
 49.0   14500.00   .6528663E-10
 49.0   14510.00   .6530762E-10
 49.0   14520.00   .6532858E-10
 49.0   14530.00   .6534944E-10
 49.0   14540.00   .6537025E-10
 49.0   14550.00   .6539106E-10
 49.0   14560.00   .6541175E-10
 49.0   14570.00   .6543246E-10
 49.0   14580.00   .6545307E-10
 49.0   14590.00   .6547366E-10
 49.0   14600.00   .6549420E-10
 49.0   14610.00   .6551466E-10
 49.0   14620.00   .6553518E-10
 49.0   14630.00   .6555566E-10
 49.0   14640.00   .6557610E-10
 49.0   14650.00   .6559653E-10
 49.0   14660.00   .6561692E-10
 49.0   14670.00   .6563732E-10
 49.0   14680.00   .6565766E-10
 49.0   14690.00   .6567804E-10
 49.0   14700.00   .6569837E-10
 49.0   14710.00   .6571873E-10
 49.0   14720.00   .6573906E-10
 49.0   14730.00   .6575941E-10
 49.0   14740.00   .6577981E-10
 49.0   14750.00   .6580012E-10
 49.0   14760.00   .6582054E-10
 49.0   14770.00   .6584094E-10
 49.0   14780.00   .6586135E-10
 49.0   14790.00   .6588181E-10
 49.0   14800.00   .6590223E-10
 49.0   14810.00   .6592274E-10
 49.0   14820.00   .6594323E-10
 49.0   14830.00   .6596385E-10
 49.0   14840.00   .6598441E-10
 49.0   14850.00   .6600502E-10
 49.0   14860.00   .6602571E-10
 49.0   14870.00   .6604640E-10
 49.0   14880.00   .6606715E-10
 49.0   14890.00   .6608793E-10
 49.0   14900.00   .6610869E-10
 49.0   14910.00   .6612958E-10
 49.0   14920.00   .6615048E-10
 49.0   14930.00   .6617141E-10
 49.0   14940.00   .6619234E-10
 49.0   14950.00   .6621332E-10
 49.0   14960.00   .6623438E-10
 49.0   14970.00   .6625548E-10
 49.0   14980.00   .6627660E-10
 49.0   14990.00   .6629776E-10
 49.0   15000.00   .6631893E-10
 49.0   15010.00   .6631145E-10
 49.0   15020.00   .6630406E-10
 49.0   15030.00   .6629678E-10
 49.0   15040.00   .6628956E-10
 49.0   15050.00   .6628240E-10
 49.0   15060.00   .6627537E-10
 49.0   15070.00   .6626833E-10
 49.0   15080.00   .6626148E-10
 49.0   15090.00   .6625466E-10
 49.0   15100.00   .6624790E-10
 49.0   15110.00   .6624126E-10
 49.0   15120.00   .6623466E-10
 49.0   15130.00   .6622819E-10
 49.0   15140.00   .6622175E-10
 49.0   15150.00   .6621543E-10
 49.0   15160.00   .6620924E-10
 49.0   15170.00   .6620306E-10
 49.0   15180.00   .6619695E-10
 49.0   15190.00   .6619094E-10
 49.0   15200.00   .6618503E-10
 49.0   15210.00   .6617917E-10
 49.0   15220.00   .6617342E-10
 49.0   15230.00   .6616772E-10
 49.0   15240.00   .6616213E-10
 49.0   15250.00   .6615657E-10
 49.0   15260.00   .6615115E-10
 49.0   15270.00   .6614580E-10
 49.0   15280.00   .6614051E-10
 49.0   15290.00   .6613533E-10
 49.0   15300.00   .6613022E-10
 49.0   15310.00   .6612517E-10
 49.0   15320.00   .6612019E-10
 49.0   15330.00   .6611536E-10
 49.0   15340.00   .6611053E-10
 49.0   15350.00   .6610583E-10
 49.0   15360.00   .6610119E-10
 49.0   15370.00   .6609665E-10
 49.0   15380.00   .6609214E-10
 49.0   15390.00   .6608781E-10
 49.0   15400.00   .6608346E-10
 49.0   15410.00   .6607922E-10
 49.0   15420.00   .6607506E-10
 49.0   15430.00   .6607100E-10
 49.0   15440.00   .6606700E-10
 49.0   15450.00   .6606309E-10
 49.0   15460.00   .6605924E-10
 49.0   15470.00   .6605546E-10
 49.0   15480.00   .6605181E-10
 49.0   15490.00   .6604821E-10
 49.0   15500.00   .6604468E-10
 49.0   15510.00   .6604124E-10
 49.0   15520.00   .6603793E-10
 49.0   15530.00   .6603464E-10
 49.0   15540.00   .6603144E-10
 49.0   15550.00   .6602832E-10
 49.0   15560.00   .6602526E-10
 49.0   15570.00   .6602231E-10
 49.0   15580.00   .6601942E-10
 49.0   15590.00   .6601666E-10
 49.0   15600.00   .6601392E-10
 49.0   15610.00   .6601129E-10
 49.0   15620.00   .6600872E-10
 49.0   15630.00   .6600624E-10
 49.0   15640.00   .6600381E-10
 49.0   15650.00   .6600152E-10
 49.0   15660.00   .6599925E-10
 49.0   15670.00   .6599710E-10
 49.0   15680.00   .6599501E-10
 49.0   15690.00   .6599299E-10
 49.0   15700.00   .6599106E-10
 49.0   15710.00   .6598921E-10
 49.0   15720.00   .6598741E-10
 49.0   15730.00   .6598571E-10
 49.0   15740.00   .6598413E-10
 49.0   15750.00   .6598260E-10
 49.0   15760.00   .6598110E-10
 49.0   15770.00   .6597971E-10
 49.0   15780.00   .6597841E-10
 49.0   15790.00   .6597721E-10
 49.0   15800.00   .6597601E-10
 49.0   15810.00   .6597501E-10
 49.0   15820.00   .6597402E-10
 49.0   15830.00   .6597307E-10
 49.0   15840.00   .6597223E-10
 49.0   15850.00   .6597147E-10
 49.0   15860.00   .6597084E-10
 49.0   15870.00   .6597023E-10
 49.0   15880.00   .6596967E-10
 49.0   15890.00   .6596926E-10
 49.0   15900.00   .6596889E-10
 49.0   15910.00   .6596858E-10
 49.0   15920.00   .6596839E-10
 49.0   15930.00   .6596827E-10
 49.0   15940.00   .6596822E-10
 49.0   15950.00   .6596823E-10
 49.0   15960.00   .6596832E-10
 49.0   15970.00   .6596849E-10
 49.0   15980.00   .6596873E-10
 49.0   15990.00   .6596911E-10
 49.0   16000.00   .6596947E-10
 49.0   16010.00   .6596995E-10
 49.0   16020.00   .6597049E-10
 49.0   16030.00   .6597116E-10
 49.0   16040.00   .6597189E-10
 49.0   16050.00   .6597271E-10
 49.0   16060.00   .6597355E-10
 49.0   16070.00   .6597449E-10
 49.0   16080.00   .6597551E-10
 49.0   16090.00   .6597663E-10
 49.0   16100.00   .6597781E-10
 49.0   16110.00   .6597908E-10
 49.0   16120.00   .6598042E-10
 49.0   16130.00   .6598180E-10
 49.0   16140.00   .6598328E-10
 49.0   16150.00   .6598489E-10
 49.0   16160.00   .6598651E-10
 49.0   16170.00   .6598822E-10
 49.0   16180.00   .6599004E-10
 49.0   16190.00   .6599188E-10
 49.0   16200.00   .6599380E-10
 49.0   16210.00   .6599584E-10
 49.0   16220.00   .6599793E-10
 49.0   16230.00   .6600011E-10
 49.0   16240.00   .6600234E-10
 49.0   16250.00   .6600467E-10
 49.0   16260.00   .6598050E-10
 49.0   16270.00   .6595642E-10
 49.0   16280.00   .6593250E-10
 49.0   16290.00   .6590869E-10
 49.0   16300.00   .6588496E-10
 49.0   16310.00   .6586141E-10
 49.0   16320.00   .6583797E-10
 49.0   16330.00   .6581469E-10
 49.0   16340.00   .6579147E-10
 49.0   16350.00   .6576839E-10
 49.0   16360.00   .6574551E-10
 49.0   16370.00   .6572271E-10
 49.0   16380.00   .6570002E-10
 49.0   16390.00   .6567747E-10
 49.0   16400.00   .6565501E-10
 49.0   16410.00   .6563268E-10
 49.0   16420.00   .6561052E-10
 49.0   16430.00   .6558844E-10
 49.0   16440.00   .6556653E-10
 49.0   16450.00   .6554468E-10
 49.0   16460.00   .6552300E-10
 49.0   16470.00   .6550142E-10
 49.0   16480.00   .6547993E-10
 49.0   16490.00   .6545864E-10
 49.0   16500.00   .6543744E-10
 49.0   16510.00   .6541633E-10
 49.0   16520.00   .6539537E-10
 49.0   16530.00   .6537453E-10
 49.0   16540.00   .6535377E-10
 49.0   16550.00   .6533316E-10
 49.0   16560.00   .6531269E-10
 49.0   16570.00   .6529230E-10
 49.0   16580.00   .6527211E-10
 49.0   16590.00   .6525193E-10
 49.0   16600.00   .6523190E-10
 49.0   16610.00   .6521204E-10
 49.0   16620.00   .6519226E-10
 49.0   16630.00   .6517258E-10
 49.0   16640.00   .6515307E-10
 49.0   16650.00   .6513359E-10
 49.0   16660.00   .6511428E-10
 49.0   16670.00   .6509512E-10
 49.0   16680.00   .6507601E-10
 49.0   16690.00   .6505710E-10
 49.0   16700.00   .6503825E-10
 49.0   16710.00   .6501950E-10
 49.0   16720.00   .6500086E-10
 49.0   16730.00   .6498239E-10
 49.0   16740.00   .6496398E-10
 49.0   16750.00   .6494573E-10
 49.0   16760.00   .6492755E-10
 49.0   16770.00   .6490952E-10
 49.0   16780.00   .6489160E-10
 49.0   16790.00   .6487378E-10
 49.0   16800.00   .6485607E-10
 49.0   16810.00   .6483851E-10
 49.0   16820.00   .6482102E-10
 49.0   16830.00   .6480364E-10
 49.0   16840.00   .6478637E-10
 49.0   16850.00   .6476920E-10
 49.0   16860.00   .6475218E-10
 49.0   16870.00   .6473528E-10
 49.0   16880.00   .6471847E-10
 49.0   16890.00   .6470171E-10
 49.0   16900.00   .6468511E-10
 49.0   16910.00   .6466865E-10
 49.0   16920.00   .6465228E-10
 49.0   16930.00   .6463599E-10
 49.0   16940.00   .6461982E-10
 49.0   16950.00   .6460373E-10
 49.0   16960.00   .6458776E-10
 49.0   16970.00   .6457187E-10
 49.0   16980.00   .6455610E-10
 49.0   16990.00   .6454044E-10
 49.0   17000.00   .6452491E-10
 49.0   17010.00   .6450944E-10
 49.0   17020.00   .6449407E-10
 49.0   17030.00   .6447879E-10
 49.0   17040.00   .6446365E-10
 49.0   17050.00   .6444859E-10
 49.0   17060.00   .6443359E-10
 49.0   17070.00   .6441872E-10
 49.0   17080.00   .6440392E-10
 49.0   17090.00   .6438925E-10
 49.0   17100.00   .6437466E-10
 49.0   17110.00   .6436016E-10
 49.0   17120.00   .6434576E-10
 49.0   17130.00   .6433142E-10
 49.0   17140.00   .6431726E-10
 49.0   17150.00   .6430312E-10
 49.0   17160.00   .6428910E-10
 49.0   17170.00   .6427515E-10
 49.0   17180.00   .6426129E-10
 49.0   17190.00   .6424755E-10
 49.0   17200.00   .6423388E-10
 49.0   17210.00   .6422030E-10
 49.0   17220.00   .6420678E-10
 49.0   17230.00   .6419336E-10
 49.0   17240.00   .6418004E-10
 49.0   17250.00   .6416682E-10
 49.0   17260.00   .6415367E-10
 49.0   17270.00   .6414055E-10
 49.0   17280.00   .6412760E-10
 49.0   17290.00   .6411466E-10
 49.0   17300.00   .6410188E-10
 49.0   17310.00   .6408909E-10
 49.0   17320.00   .6407646E-10
 49.0   17330.00   .6406391E-10
 49.0   17340.00   .6405140E-10
 49.0   17350.00   .6403900E-10
 49.0   17360.00   .6402662E-10
 49.0   17370.00   .6401439E-10
 49.0   17380.00   .6400221E-10
 49.0   17390.00   .6399010E-10
 49.0   17400.00   .6397807E-10
 49.0   17410.00   .6396612E-10
 49.0   17420.00   .6395424E-10
 49.0   17430.00   .6394247E-10
 49.0   17440.00   .6393073E-10
 49.0   17450.00   .6391907E-10
 49.0   17460.00   .6390750E-10
 49.0   17470.00   .6389597E-10
 49.0   17480.00   .6388455E-10
 49.0   17490.00   .6387318E-10
 49.0   17500.00   .6386188E-10
 49.0   17510.00   .6385064E-10
 49.0   17520.00   .6383952E-10
 49.0   17530.00   .6382843E-10
 49.0   17540.00   .6381741E-10
 49.0   17550.00   .6380647E-10
 49.0   17560.00   .6379557E-10
 49.0   17570.00   .6378475E-10
 49.0   17580.00   .6377402E-10
 49.0   17590.00   .6376336E-10
 49.0   17600.00   .6375276E-10
 49.0   17610.00   .6374217E-10
 49.0   17620.00   .6373172E-10
 49.0   17630.00   .6372126E-10
 49.0   17640.00   .6371091E-10
 49.0   17650.00   .6370060E-10
 49.0   17660.00   .6369037E-10
 49.0   17670.00   .6368019E-10
 49.0   17680.00   .6367008E-10
 49.0   17690.00   .6366000E-10
 49.0   17700.00   .6365004E-10
 49.0   17710.00   .6364008E-10
 49.0   17720.00   .6363019E-10
 49.0   17730.00   .6362038E-10
 49.0   17740.00   .6361060E-10
 49.0   17750.00   .6360088E-10
 49.0   17760.00   .6359122E-10
 49.0   17770.00   .6358164E-10
 49.0   17780.00   .6357207E-10
 49.0   17790.00   .6356260E-10
 49.0   17800.00   .6355312E-10
 49.0   17810.00   .6354377E-10
 49.0   17820.00   .6353442E-10
 49.0   17830.00   .6352513E-10
 49.0   17840.00   .6351588E-10
 49.0   17850.00   .6350672E-10
 49.0   17860.00   .6349758E-10
 49.0   17870.00   .6348851E-10
 49.0   17880.00   .6347950E-10
 49.0   17890.00   .6347046E-10
 49.0   17900.00   .6346159E-10
 49.0   17910.00   .6345267E-10
 49.0   17920.00   .6344385E-10
 49.0   17930.00   .6343503E-10
 49.0   17940.00   .6342630E-10
 49.0   17950.00   .6341759E-10
 49.0   17960.00   .6340888E-10
 49.0   17970.00   .6340029E-10
 49.0   17980.00   .6339170E-10
 49.0   17990.00   .6338316E-10
 49.0   18000.00   .6337469E-10
 49.0   18010.00   .6316673E-10
 49.0   18020.00   .6295882E-10
 49.0   18030.00   .6275111E-10
 49.0   18040.00   .6254338E-10
 49.0   18050.00   .6233580E-10
 49.0   18060.00   .6212826E-10
 49.0   18070.00   .6192083E-10
 49.0   18080.00   .6171350E-10
 49.0   18090.00   .6150627E-10
 49.0   18100.00   .6129912E-10
 49.0   18110.00   .6109205E-10
 49.0   18120.00   .6088504E-10
 49.0   18130.00   .6067816E-10
 49.0   18140.00   .6047132E-10
 49.0   18150.00   .6026459E-10
 49.0   18160.00   .6005797E-10
 49.0   18170.00   .5985137E-10
 49.0   18180.00   .5964486E-10
 49.0   18190.00   .5943842E-10
 49.0   18200.00   .5923207E-10
 49.0   18210.00   .5902582E-10
 49.0   18220.00   .5881965E-10
 49.0   18230.00   .5861350E-10
 49.0   18240.00   .5840748E-10
 49.0   18250.00   .5820151E-10
 49.0   18260.00   .5799565E-10
 49.0   18270.00   .5778980E-10
 49.0   18280.00   .5758403E-10
 49.0   18290.00   .5737836E-10
 49.0   18300.00   .5717276E-10
 49.0   18310.00   .5696723E-10
 49.0   18320.00   .5676175E-10
 49.0   18330.00   .5655631E-10
 49.0   18340.00   .5635097E-10
 49.0   18350.00   .5614573E-10
 49.0   18360.00   .5594055E-10
 49.0   18370.00   .5573542E-10
 49.0   18380.00   .5553033E-10
 49.0   18390.00   .5532530E-10
 49.0   18400.00   .5512038E-10
 49.0   18410.00   .5491549E-10
 49.0   18420.00   .5471064E-10
 49.0   18430.00   .5450591E-10
 49.0   18440.00   .5430122E-10
 49.0   18450.00   .5409654E-10
 49.0   18460.00   .5389200E-10
 49.0   18470.00   .5368743E-10
 49.0   18480.00   .5348301E-10
 49.0   18490.00   .5327859E-10
 49.0   18500.00   .5307426E-10
 49.0   18510.00   .5286992E-10
 49.0   18520.00   .5266567E-10
 49.0   18530.00   .5246153E-10
 49.0   18540.00   .5225738E-10
 49.0   18550.00   .5205330E-10
 49.0   18560.00   .5184928E-10
 49.0   18570.00   .5164531E-10
 49.0   18580.00   .5144139E-10
 49.0   18590.00   .5123752E-10
 49.0   18600.00   .5103370E-10
 49.0   18610.00   .5082995E-10
 49.0   18620.00   .5062622E-10
 49.0   18630.00   .5042256E-10
 49.0   18640.00   .5021895E-10
 49.0   18650.00   .5001536E-10
 49.0   18660.00   .4981186E-10
 49.0   18670.00   .4960840E-10
 49.0   18680.00   .4940496E-10
 49.0   18690.00   .4920159E-10
 49.0   18700.00   .4899825E-10
 49.0   18710.00   .4879495E-10
 49.0   18720.00   .4859170E-10
 49.0   18730.00   .4838850E-10
 49.0   18740.00   .4818536E-10
 49.0   18750.00   .4798227E-10
 49.0   18760.00   .4777920E-10
 49.0   18770.00   .4757617E-10
 49.0   18780.00   .4737319E-10
 49.0   18790.00   .4717025E-10
 49.0   18800.00   .4696735E-10
 49.0   18810.00   .4676450E-10
 49.0   18820.00   .4656170E-10
 49.0   18830.00   .4635892E-10
 49.0   18840.00   .4615618E-10
 49.0   18850.00   .4595351E-10
 49.0   18860.00   .4575083E-10
 49.0   18870.00   .4554822E-10
 49.0   18880.00   .4534567E-10
 49.0   18890.00   .4514312E-10
 49.0   18900.00   .4494064E-10
 49.0   18910.00   .4473815E-10
 49.0   18920.00   .4453574E-10
 49.0   18930.00   .4433337E-10
 49.0   18940.00   .4413101E-10
 49.0   18950.00   .4392868E-10
 49.0   18960.00   .4372641E-10
 49.0   18970.00   .4352419E-10
 49.0   18980.00   .4332198E-10
 49.0   18990.00   .4311983E-10
 49.0   19000.00   .4291767E-10
 49.0   19010.00   .4271559E-10
 49.0   19020.00   .4251356E-10
 49.0   19030.00   .4231151E-10
 49.0   19040.00   .4210952E-10
 49.0   19050.00   .4190757E-10
 49.0   19060.00   .4170561E-10
 49.0   19070.00   .4150376E-10
 49.0   19080.00   .4130191E-10
 49.0   19090.00   .4110008E-10
 49.0   19100.00   .4089829E-10
 49.0   19110.00   .4069655E-10
 49.0   19120.00   .4049481E-10
 49.0   19130.00   .4029312E-10
 49.0   19140.00   .4009148E-10
 49.0   19150.00   .3988986E-10
 49.0   19160.00   .3968829E-10
 49.0   19170.00   .3948667E-10
 49.0   19180.00   .3928517E-10
 49.0   19190.00   .3908368E-10
 49.0   19200.00   .3888222E-10
 49.0   19210.00   .3868078E-10
 49.0   19220.00   .3847937E-10
 49.0   19230.00   .3827800E-10
 49.0   19240.00   .3807668E-10
 49.0   19250.00   .3787536E-10
 49.0   19260.00   .3767409E-10
 49.0   19270.00   .3747285E-10
 49.0   19280.00   .3727165E-10
 49.0   19290.00   .3707047E-10
 49.0   19300.00   .3686933E-10
 49.0   19310.00   .3666822E-10
 49.0   19320.00   .3646712E-10
 49.0   19330.00   .3626604E-10
 49.0   19340.00   .3606504E-10
 49.0   19350.00   .3586404E-10
 49.0   19360.00   .3566308E-10
 49.0   19370.00   .3546215E-10
 49.0   19380.00   .3526123E-10
 49.0   19390.00   .3506035E-10
 49.0   19400.00   .3485955E-10
 49.0   19410.00   .3465870E-10
 49.0   19420.00   .3445794E-10
 49.0   19430.00   .3425719E-10
 49.0   19440.00   .3405648E-10
 49.0   19450.00   .3385580E-10
 49.0   19460.00   .3365512E-10
 49.0   19470.00   .3345452E-10
 49.0   19480.00   .3325390E-10
 49.0   19490.00   .3305335E-10
 49.0   19500.00   .3285284E-10
 49.0   19510.00   .3265235E-10
 49.0   19520.00   .3245188E-10
 49.0   19530.00   .3225141E-10
 49.0   19540.00   .3205105E-10
 49.0   19550.00   .3185064E-10
 49.0   19560.00   .3165033E-10
 49.0   19570.00   .3145002E-10
 49.0   19580.00   .3124975E-10
 49.0   19590.00   .3104951E-10
 49.0   19600.00   .3084930E-10
 49.0   19610.00   .3064914E-10
 49.0   19620.00   .3044896E-10
 49.0   19630.00   .3024889E-10
 49.0   19640.00   .3004880E-10
 49.0   19650.00   .2984879E-10
 49.0   19660.00   .2964878E-10
 49.0   19670.00   .2944882E-10
 49.0   19680.00   .2924889E-10
 49.0   19690.00   .2904900E-10
 49.0   19700.00   .2884916E-10
 49.0   19710.00   .2864936E-10
 49.0   19720.00   .2844960E-10
 49.0   19730.00   .2824988E-10
 49.0   19740.00   .2805021E-10
 49.0   19750.00   .2785056E-10
 49.0   19760.00   .2765097E-10
 49.0   19770.00   .2745140E-10
 49.0   19780.00   .2725190E-10
 49.0   19790.00   .2705243E-10
 49.0   19800.00   .2685301E-10
 49.0   19810.00   .2665362E-10
 49.0   19820.00   .2645430E-10
 49.0   19830.00   .2625504E-10
 49.0   19840.00   .2605577E-10
 49.0   19850.00   .2585659E-10
 49.0   19860.00   .2565746E-10
 49.0   19870.00   .2545834E-10
 49.0   19880.00   .2525929E-10
 49.0   19890.00   .2506032E-10
 49.0   19900.00   .2486138E-10
 49.0   19910.00   .2466246E-10
 49.0   19920.00   .2446363E-10
 49.0   19930.00   .2426484E-10
 49.0   19940.00   .2406610E-10
 49.0   19950.00   .2386740E-10
 49.0   19960.00   .2366878E-10
 49.0   19970.00   .2347020E-10
 49.0   19980.00   .2327166E-10
 49.0   19990.00   .2307320E-10
 49.0   20000.00   .2287477E-10
 49.0   20010.00   .2267642E-10
 49.0   20020.00   .2247810E-10
 49.0   20030.00   .2227983E-10
 49.0   20040.00   .2208164E-10
 49.0   20050.00   .2188352E-10
 49.0   20060.00   .2168541E-10
 49.0   20070.00   .2148739E-10
 49.0   20080.00   .2128942E-10
 49.0   20090.00   .2109152E-10
 49.0   20100.00   .2089367E-10
 49.0   20110.00   .2089003E-10
 49.0   20120.00   .2088639E-10
 49.0   20130.00   .2088275E-10
 49.0   20140.00   .2087910E-10
 49.0   20150.00   .2087544E-10
 49.0   20160.00   .2087180E-10
 49.0   20170.00   .2086811E-10
 49.0   20180.00   .2086443E-10
 49.0   20190.00   .2086075E-10
 49.0   20200.00   .2085706E-10
 49.0   20210.00   .2085337E-10
 49.0   20220.00   .2084967E-10
 49.0   20230.00   .2084595E-10
 49.0   20240.00   .2084224E-10
 49.0   20250.00   .2083851E-10
 49.0   20260.00   .2083480E-10
 49.0   20270.00   .2083106E-10
 49.0   20280.00   .2082733E-10
 49.0   20290.00   .2082359E-10
 49.0   20300.00   .2081985E-10
 49.0   20310.00   .2081611E-10
 49.0   20320.00   .2081235E-10
 49.0   20330.00   .2080858E-10
 49.0   20340.00   .2080483E-10
 49.0   20350.00   .2080106E-10
 49.0   20360.00   .2079729E-10
 49.0   20370.00   .2079350E-10
 49.0   20380.00   .2078973E-10
 49.0   20390.00   .2078594E-10
 49.0   20400.00   .2078217E-10
 49.0   20410.00   .2077837E-10
 49.0   20420.00   .2077460E-10
 49.0   20430.00   .2077079E-10
 49.0   20440.00   .2076701E-10
 49.0   20450.00   .2076322E-10
 49.0   20460.00   .2075940E-10
 49.0   20470.00   .2075559E-10
 49.0   20480.00   .2075180E-10
 49.0   20490.00   .2074798E-10
 49.0   20500.00   .2074418E-10
 49.0   20510.00   .2074038E-10
 49.0   20520.00   .2073656E-10
 49.0   20530.00   .2073277E-10
 49.0   20540.00   .2072895E-10
 49.0   20550.00   .2072514E-10
 49.0   20560.00   .2072132E-10
 49.0   20570.00   .2071751E-10
 49.0   20580.00   .2071369E-10
 49.0   20590.00   .2070987E-10
 49.0   20600.00   .2070606E-10
 49.0   20610.00   .2070225E-10
 49.0   20620.00   .2069842E-10
 49.0   20630.00   .2069461E-10
 49.0   20640.00   .2069080E-10
 49.0   20650.00   .2068700E-10
 49.0   20660.00   .2068318E-10
 49.0   20670.00   .2067936E-10
 49.0   20680.00   .2067556E-10
 49.0   20690.00   .2067175E-10
 49.0   20700.00   .2066795E-10
 49.0   20710.00   .2066414E-10
 49.0   20720.00   .2066032E-10
 49.0   20730.00   .2065653E-10
 49.0   20740.00   .2065272E-10
 49.0   20750.00   .2064892E-10
 49.0   20760.00   .2064513E-10
 49.0   20770.00   .2064134E-10
 49.0   20780.00   .2063755E-10
 49.0   20790.00   .2063377E-10
 49.0   20800.00   .2062997E-10
 49.0   20810.00   .2062619E-10
 49.0   20820.00   .2062242E-10
 49.0   20830.00   .2061864E-10
 49.0   20840.00   .2061488E-10
 49.0   20850.00   .2061111E-10
 49.0   20860.00   .2060735E-10
 49.0   20870.00   .2060359E-10
 49.0   20880.00   .2059983E-10
 49.0   20890.00   .2059609E-10
 49.0   20900.00   .2059232E-10
 49.0   20910.00   .2058859E-10
 49.0   20920.00   .2058486E-10
 49.0   20930.00   .2058112E-10
 49.0   20940.00   .2057739E-10
 49.0   20950.00   .2057369E-10
 49.0   20960.00   .2056996E-10
 49.0   20970.00   .2056626E-10
 49.0   20980.00   .2056255E-10
 49.0   20990.00   .2055887E-10
 49.0   21000.00   .2055516E-10
 49.0   21010.00   .2055147E-10
 49.0   21020.00   .2054780E-10
 49.0   21030.00   .2054412E-10
 49.0   21040.00   .2054046E-10
 49.0   21050.00   .2053680E-10
 49.0   21060.00   .2053314E-10
 49.0   21070.00   .2052950E-10
 49.0   21080.00   .2052586E-10
 49.0   21090.00   .2052223E-10
 49.0   21100.00   .2051862E-10
 49.0   21110.00   .2051499E-10
 49.0   21120.00   .2051139E-10
 49.0   21130.00   .2050780E-10
 49.0   21140.00   .2050421E-10
 49.0   21150.00   .2050062E-10
 49.0   21160.00   .2049704E-10
 49.0   21170.00   .2049349E-10
 49.0   21180.00   .2048992E-10
 49.0   21190.00   .2048637E-10
 49.0   21200.00   .2048282E-10
 49.0   21210.00   .2047930E-10
 49.0   21220.00   .2047578E-10
 49.0   21230.00   .2047228E-10
 49.0   21240.00   .2046878E-10
 49.0   21250.00   .2046527E-10
 49.0   21260.00   .2046179E-10
 49.0   21270.00   .2045835E-10
 49.0   21280.00   .2045485E-10
 49.0   21290.00   .2045142E-10
 49.0   21300.00   .2044798E-10
 49.0   21310.00   .2044457E-10
 49.0   21320.00   .2044113E-10
 49.0   21330.00   .2043773E-10
 49.0   21340.00   .2043431E-10
 49.0   21350.00   .2043095E-10
 49.0   21360.00   .2042757E-10
 49.0   21370.00   .2042421E-10
 49.0   21380.00   .2042087E-10
 49.0   21390.00   .2041752E-10
 49.0   21400.00   .2041421E-10
 49.0   21410.00   .2041088E-10
 49.0   21420.00   .2040759E-10
 49.0   21430.00   .2040431E-10
 49.0   21440.00   .2040102E-10
 49.0   21450.00   .2039777E-10
 49.0   21460.00   .2039451E-10
 49.0   21470.00   .2039128E-10
 49.0   21480.00   .2038806E-10
 49.0   21490.00   .2038485E-10
 49.0   21500.00   .2038165E-10
 49.0   21510.00   .2037848E-10
 49.0   21520.00   .2037529E-10
 49.0   21530.00   .2037216E-10
 49.0   21540.00   .2036901E-10
 49.0   21550.00   .2036589E-10
 49.0   21560.00   .2036277E-10
 49.0   21570.00   .2035968E-10
 49.0   21580.00   .2035660E-10
 49.0   21590.00   .2035352E-10
 49.0   21600.00   .2035047E-10
 49.0   21610.00   .2034742E-10
 49.0   21620.00   .2034443E-10
 49.0   21630.00   .2034142E-10
 49.0   21640.00   .2033843E-10
 49.0   21650.00   .2033545E-10
 49.0   21660.00   .2033249E-10
 49.0   21670.00   .2032955E-10
 49.0   21680.00   .2032663E-10
 49.0   21690.00   .2032372E-10
 49.0   21700.00   .2032082E-10
 49.0   21710.00   .2031794E-10
 49.0   21720.00   .2031509E-10
 49.0   21730.00   .2031224E-10
 49.0   21740.00   .2030942E-10
 49.0   21750.00   .2030662E-10
 49.0   21760.00   .2030383E-10
 49.0   21770.00   .2030104E-10
 49.0   21780.00   .2029829E-10
 49.0   21790.00   .2029557E-10
 49.0   21800.00   .2029285E-10
 49.0   21810.00   .2029015E-10
 49.0   21820.00   .2028747E-10
 49.0   21830.00   .2028479E-10
 49.0   21840.00   .2028216E-10
 49.0   21850.00   .2027953E-10
 49.0   21860.00   .2027691E-10
 49.0   21870.00   .2027434E-10
 49.0   21880.00   .2027177E-10
 49.0   21890.00   .2026921E-10
 49.0   21900.00   .2026669E-10
 49.0   21910.00   .2026417E-10
 49.0   21920.00   .2026169E-10
 49.0   21930.00   .2025921E-10
 49.0   21940.00   .2025677E-10
 49.0   21950.00   .2025433E-10
 49.0   21960.00   .2025192E-10
 49.0   21970.00   .2024953E-10
 49.0   21980.00   .2024717E-10
 49.0   21990.00   .2024482E-10
 49.0   22000.00   .2024249E-10
 49.0   22010.00   .2024017E-10
 49.0   22020.00   .2023791E-10
 49.0   22030.00   .2023564E-10
 49.0   22040.00   .2023341E-10
 49.0   22050.00   .2023117E-10
 49.0   22060.00   .2022898E-10
 49.0   22070.00   .2022681E-10
 49.0   22080.00   .2022466E-10
 49.0   22090.00   .2022252E-10
 49.0   22100.00   .2022043E-10
 49.0   22110.00   .2021834E-10
 49.0   22120.00   .2021625E-10
 49.0   22130.00   .2021423E-10
 49.0   22140.00   .2021221E-10
 49.0   22150.00   .2021022E-10
 49.0   22160.00   .2020826E-10
 49.0   22170.00   .2020630E-10
 49.0   22180.00   .2020438E-10
 49.0   22190.00   .2020247E-10
 49.0   22200.00   .2020060E-10
 49.0   22210.00   .2019875E-10
 49.0   22220.00   .2019693E-10
 49.0   22230.00   .2019513E-10
 49.0   22240.00   .2019336E-10
 49.0   22250.00   .2019159E-10
 49.0   22260.00   .2018986E-10
 49.0   22270.00   .2018816E-10
 49.0   22280.00   .2018648E-10
 49.0   22290.00   .2018484E-10
 49.0   22300.00   .2018321E-10
 49.0   22310.00   .2018160E-10
 49.0   22320.00   .2018004E-10
 49.0   22330.00   .2017849E-10
 49.0   22340.00   .2017695E-10
 49.0   22350.00   .2017545E-10
 49.0   22360.00   .2017399E-10
 49.0   22370.00   .2017254E-10
 49.0   22380.00   .2017112E-10
 49.0   22390.00   .2016973E-10
 49.0   22400.00   .2016837E-10
 49.0   22410.00   .2016701E-10
 49.0   22420.00   .2016572E-10
 49.0   22430.00   .2016443E-10
 49.0   22440.00   .2016316E-10
 49.0   22450.00   .2016193E-10
 49.0   22460.00   .2016073E-10
 49.0   22470.00   .2015955E-10
 49.0   22480.00   .2015837E-10
 49.0   22490.00   .2015726E-10
 49.0   22500.00   .2015615E-10
 49.0   22510.00   .2015507E-10
 49.0   22520.00   .2015403E-10
 49.0   22530.00   .2015297E-10
 49.0   22540.00   .2015198E-10
 49.0   22550.00   .2015099E-10
 49.0   22560.00   .2015005E-10
 49.0   22570.00   .2014911E-10
 49.0   22580.00   .2014820E-10
 49.0   22590.00   .2014733E-10
 49.0   22600.00   .2014647E-10
 49.0   22610.00   .2014563E-10
 49.0   22620.00   .2014482E-10
 49.0   22630.00   .2014404E-10
 49.0   22640.00   .2014327E-10
 49.0   22650.00   .2014254E-10
 49.0   22660.00   .2014183E-10
 49.0   22670.00   .2014114E-10
 49.0   22680.00   .2014049E-10
 49.0   22690.00   .2013984E-10
 49.0   22700.00   .2013921E-10
 49.0   22710.00   .2013862E-10
 49.0   22720.00   .2013805E-10
 49.0   22730.00   .2013750E-10
 49.0   22740.00   .2013697E-10
 49.0   22750.00   .2013647E-10
 49.0   22760.00   .2013599E-10
 49.0   22770.00   .2013554E-10
 49.0   22780.00   .2013509E-10
 49.0   22790.00   .2013468E-10
 49.0   22800.00   .2013429E-10
 49.0   22810.00   .2013393E-10
 49.0   22820.00   .2013358E-10
 49.0   22830.00   .2013325E-10
 49.0   22840.00   .2013295E-10
 49.0   22850.00   .2013267E-10
 49.0   22860.00   .2013242E-10
 49.0   22870.00   .2013218E-10
 49.0   22880.00   .2013196E-10
 49.0   22890.00   .2013177E-10
 49.0   22900.00   .2013159E-10
 49.0   22910.00   .2013146E-10
 49.0   22920.00   .2013132E-10
 49.0   22930.00   .2013122E-10
 49.0   22940.00   .2013112E-10
 49.0   22950.00   .2013106E-10
 49.0   22960.00   .2013101E-10
 49.0   22970.00   .2013100E-10
 49.0   22980.00   .2013099E-10
 49.0   22990.00   .2013101E-10
 49.0   23000.00   .2013104E-10
 49.0   23010.00   .2013109E-10
 49.0   23020.00   .2013118E-10
 49.0   23030.00   .2013128E-10
 49.0   23040.00   .2013140E-10
 49.0   23050.00   .2013153E-10
 49.0   23060.00   .2013169E-10
 49.0   23070.00   .2013187E-10
 49.0   23080.00   .2013207E-10
 49.0   23090.00   .2013228E-10
 49.0   23100.00   .2013252E-10
 49.0   23110.00   .2013277E-10
 49.0   23120.00   .2013306E-10
 49.0   23130.00   .2013334E-10
 49.0   23140.00   .2013366E-10
 49.0   23150.00   .2013399E-10
 49.0   23160.00   .2013433E-10
 49.0   23170.00   .2013470E-10
 49.0   23180.00   .2013509E-10
 49.0   23190.00   .2013549E-10
 49.0   23200.00   .2013592E-10
 49.0   23210.00   .2013636E-10
 49.0   23220.00   .2013683E-10
 49.0   23230.00   .2013731E-10
 49.0   23240.00   .2013780E-10
 49.0   23250.00   .2013831E-10
 49.0   23260.00   .2013885E-10
 49.0   23270.00   .2013941E-10
 49.0   23280.00   .2013997E-10
 49.0   23290.00   .2014055E-10
 49.0   23300.00   .2014118E-10
 49.0   23310.00   .2014177E-10
 49.0   23320.00   .2014241E-10
 49.0   23330.00   .2014308E-10
 49.0   23340.00   .2014375E-10
 49.0   23350.00   .2014444E-10
 49.0   23360.00   .2014514E-10
 49.0   23370.00   .2014587E-10
 49.0   23380.00   .2014660E-10
 49.0   23390.00   .2014737E-10
 49.0   23400.00   .2014814E-10
 49.0   23410.00   .2014893E-10
 49.0   23420.00   .2014972E-10
 49.0   23430.00   .2015055E-10
 49.0   23440.00   .2015140E-10
 49.0   23450.00   .2015225E-10
 49.0   23460.00   .2015311E-10
 49.0   23470.00   .2015401E-10
 49.0   23480.00   .2015488E-10
 49.0   23490.00   .2015580E-10
 49.0   23500.00   .2015674E-10
 49.0   23510.00   .2015770E-10
 49.0   23520.00   .2015866E-10
 49.0   23530.00   .2015963E-10
 49.0   23540.00   .2016062E-10
 49.0   23550.00   .2016164E-10
 49.0   23560.00   .2016266E-10
 49.0   23570.00   .2016369E-10
 49.0   23580.00   .2016475E-10
 49.0   23590.00   .2016581E-10
 49.0   23600.00   .2016690E-10
 49.0   23610.00   .2016798E-10
 49.0   23620.00   .2016911E-10
 49.0   23630.00   .2017022E-10
 49.0   23640.00   .2017137E-10
 49.0   23650.00   .2017253E-10
 49.0   23660.00   .2017368E-10
 49.0   23670.00   .2017489E-10
 49.0   23680.00   .2017607E-10
 49.0   23690.00   .2017727E-10
 49.0   23700.00   .2017850E-10
 49.0   23710.00   .2017973E-10
 49.0   23720.00   .2018098E-10
 49.0   23730.00   .2018225E-10
 49.0   23740.00   .2018351E-10
 49.0   23750.00   .2018480E-10
 49.0   23760.00   .2018611E-10
 49.0   23770.00   .2018742E-10
 49.0   23780.00   .2018874E-10
 49.0   23790.00   .2019009E-10
 49.0   23800.00   .2019144E-10
 49.0   23810.00   .2019280E-10
 49.0   23820.00   .2019418E-10
 49.0   23830.00   .2019556E-10
 49.0   23840.00   .2019696E-10
 49.0   23850.00   .2019839E-10
 49.0   23860.00   .2019981E-10
 49.0   23870.00   .2020123E-10
 49.0   23880.00   .2020270E-10
 49.0   23890.00   .2020415E-10
 49.0   23900.00   .2020564E-10
 49.0   23910.00   .2020712E-10
 49.0   23920.00   .2020860E-10
 49.0   23930.00   .2021011E-10
 49.0   23940.00   .2021162E-10
 49.0   23950.00   .2021316E-10
 49.0   23960.00   .2021468E-10
 49.0   23970.00   .2021625E-10
 49.0   23980.00   .2021780E-10
 49.0   23990.00   .2021939E-10
 49.0   24000.00   .2022095E-10
 49.0   24010.00   .2022255E-10
 49.0   24020.00   .2022416E-10
 49.0   24030.00   .2022578E-10
 49.0   24040.00   .2022741E-10
 49.0   24050.00   .2022904E-10
 49.0   24060.00   .2023068E-10
 49.0   24070.00   .2023233E-10
 49.0   24080.00   .2023400E-10
 49.0   24090.00   .2023567E-10
 49.0   24100.00   .2023736E-10
 49.0   24110.00   .2023905E-10
 49.0   24120.00   .2024073E-10
 49.0   24130.00   .2024246E-10
 49.0   24140.00   .2024418E-10
 49.0   24150.00   .2024591E-10
 49.0   24160.00   .2024765E-10
 49.0   24170.00   .2024940E-10
 49.0   24180.00   .2025115E-10
 49.0   24190.00   .2025293E-10
 49.0   24200.00   .2025470E-10
 49.0   24210.00   .2025650E-10
 49.0   24220.00   .2025828E-10
 49.0   24230.00   .2026008E-10
 49.0   24240.00   .2026189E-10
 49.0   24250.00   .2026371E-10
 49.0   24260.00   .2026553E-10
 49.0   24270.00   .2026735E-10
 49.0   24280.00   .2026921E-10
 49.0   24290.00   .2027105E-10
 49.0   24300.00   .2027291E-10
 49.0   24310.00   .2027478E-10
 49.0   24320.00   .2027665E-10
 49.0   24330.00   .2027853E-10
 49.0   24340.00   .2028041E-10
 49.0   24350.00   .2028229E-10
 49.0   24360.00   .2028420E-10
 49.0   24370.00   .2028611E-10
 49.0   24380.00   .2028803E-10
 49.0   24390.00   .2028995E-10
 49.0   24400.00   .2029188E-10
 49.0   24410.00   .2029381E-10
 49.0   24420.00   .2029577E-10
 49.0   24430.00   .2029770E-10
 49.0   24440.00   .2029963E-10
 49.0   24450.00   .2030160E-10
 49.0   24460.00   .2030357E-10
 49.0   24470.00   .2030553E-10
 49.0   24480.00   .2030753E-10
 49.0   24490.00   .2030950E-10
 49.0   24500.00   .2031151E-10
 49.0   24510.00   .2031350E-10
 49.0   24520.00   .2031550E-10
 49.0   24530.00   .2031751E-10
 49.0   24540.00   .2031951E-10
 49.0   24550.00   .2032154E-10
 49.0   24560.00   .2032357E-10
 49.0   24570.00   .2032558E-10
 49.0   24580.00   .2032762E-10
 49.0   24590.00   .2032965E-10
 49.0   24600.00   .2033171E-10
 49.0   24610.00   .2033374E-10
 49.0   24620.00   .2033580E-10
 49.0   24630.00   .2033785E-10
 49.0   24640.00   .2033991E-10
 49.0   24650.00   .2034197E-10
 49.0   24660.00   .2034405E-10
 49.0   24670.00   .2034612E-10
 49.0   24680.00   .2034818E-10
 49.0   24690.00   .2035027E-10
 49.0   24700.00   .2035236E-10
 49.0   24710.00   .2035443E-10
 49.0   24720.00   .2035654E-10
 49.0   24730.00   .2035863E-10
 49.0   24740.00   .2036073E-10
 49.0   24750.00   .2036284E-10
 49.0   24760.00   .2036494E-10
 49.0   24770.00   .2036705E-10
 49.0   24780.00   .2036917E-10
 49.0   24790.00   .2037128E-10
 49.0   24800.00   .2037341E-10
 49.0   24810.00   .2037551E-10
 49.0   24820.00   .2037762E-10
 49.0   24830.00   .2037977E-10
 49.0   24840.00   .2038187E-10
 49.0   24850.00   .2038402E-10
 49.0   24860.00   .2038614E-10
 49.0   24870.00   .2038829E-10
 49.0   24880.00   .2039042E-10
 49.0   24890.00   .2039257E-10
 49.0   24900.00   .2039471E-10
 49.0   24910.00   .2039683E-10
 49.0   24920.00   .2039899E-10
 49.0   24930.00   .2040113E-10
 49.0   24940.00   .2040328E-10
 49.0   24950.00   .2040542E-10
 49.0   24960.00   .2040755E-10
 49.0   24970.00   .2040972E-10
 49.0   24980.00   .2041187E-10
 49.0   24990.00   .2041403E-10
 49.0   25000.00   .2041618E-10
