 44.0    1000.00   .8984631E-15
 44.0    1010.00   .3467061E-14
 44.0    1020.00   .9347994E-14
 44.0    1030.00   .2067328E-13
 44.0    1040.00   .4019208E-13
 44.0    1050.00   .7127967E-13
 44.0    1060.00   .1179122E-12
 44.0    1070.00   .1846039E-12
 44.0    1080.00   .2763047E-12
 44.0    1090.00   .3982578E-12
 44.0    1100.00   .5558185E-12
 44.0    1110.00   .7542376E-12
 44.0    1120.00   .9984151E-12
 44.0    1130.00   .1292627E-11
 44.0    1140.00   .1640243E-11
 44.0    1150.00   .2043437E-11
 44.0    1160.00   .2502901E-11
 44.0    1170.00   .3017595E-11
 44.0    1180.00   .3584508E-11
 44.0    1190.00   .4198497E-11
 44.0    1200.00   .4852168E-11
 44.0    1210.00   .5535836E-11
 44.0    1220.00   .6237586E-11
 44.0    1230.00   .6943421E-11
 44.0    1240.00   .7637508E-11
 44.0    1250.00   .8302552E-11
 44.0    1260.00   .8921991E-11
 44.0    1270.00   .9486610E-11
 44.0    1280.00   .9991054E-11
 44.0    1290.00   .1043232E-10
 44.0    1300.00   .1080969E-10
 44.0    1310.00   .1112461E-10
 44.0    1320.00   .1138046E-10
 44.0    1330.00   .1158230E-10
 44.0    1340.00   .1173666E-10
 44.0    1350.00   .1185121E-10
 44.0    1360.00   .1193454E-10
 44.0    1370.00   .1199595E-10
 44.0    1380.00   .1204505E-10
 44.0    1390.00   .1208776E-10
 44.0    1400.00   .1212608E-10
 44.0    1410.00   .1216180E-10
 44.0    1420.00   .1219670E-10
 44.0    1430.00   .1223253E-10
 44.0    1440.00   .1227110E-10
 44.0    1450.00   .1231418E-10
 44.0    1460.00   .1236361E-10
 44.0    1470.00   .1242123E-10
 44.0    1480.00   .1248901E-10
 44.0    1490.00   .1256893E-10
 44.0    1500.00   .1266310E-10
 44.0    1510.00   .1277332E-10
 44.0    1520.00   .1289988E-10
 44.0    1530.00   .1304270E-10
 44.0    1540.00   .1320168E-10
 44.0    1550.00   .1337671E-10
 44.0    1560.00   .1356770E-10
 44.0    1570.00   .1377453E-10
 44.0    1580.00   .1399709E-10
 44.0    1590.00   .1423524E-10
 44.0    1600.00   .1448881E-10
 44.0    1610.00   .1475764E-10
 44.0    1620.00   .1504153E-10
 44.0    1630.00   .1534023E-10
 44.0    1640.00   .1565351E-10
 44.0    1650.00   .1598103E-10
 44.0    1660.00   .1632247E-10
 44.0    1670.00   .1667744E-10
 44.0    1680.00   .1704549E-10
 44.0    1690.00   .1742611E-10
 44.0    1700.00   .1781876E-10
 44.0    1710.00   .1822280E-10
 44.0    1720.00   .1863752E-10
 44.0    1730.00   .1906219E-10
 44.0    1740.00   .1949592E-10
 44.0    1750.00   .1993780E-10
 44.0    1760.00   .2038695E-10
 44.0    1770.00   .2084295E-10
 44.0    1780.00   .2130554E-10
 44.0    1790.00   .2177439E-10
 44.0    1800.00   .2224912E-10
 44.0    1810.00   .2272936E-10
 44.0    1820.00   .2321466E-10
 44.0    1830.00   .2370460E-10
 44.0    1840.00   .2419864E-10
 44.0    1850.00   .2469626E-10
 44.0    1860.00   .2519686E-10
 44.0    1870.00   .2569986E-10
 44.0    1880.00   .2620458E-10
 44.0    1890.00   .2671036E-10
 44.0    1900.00   .2721647E-10
 44.0    1910.00   .2772211E-10
 44.0    1920.00   .2822651E-10
 44.0    1930.00   .2872883E-10
 44.0    1940.00   .2922817E-10
 44.0    1950.00   .2972365E-10
 44.0    1960.00   .3021431E-10
 44.0    1970.00   .3069917E-10
 44.0    1980.00   .3117723E-10
 44.0    1990.00   .3164744E-10
 44.0    2000.00   .3210871E-10
 44.0    2010.00   .3256018E-10
 44.0    2020.00   .3300169E-10
 44.0    2030.00   .3343336E-10
 44.0    2040.00   .3385533E-10
 44.0    2050.00   .3426774E-10
 44.0    2060.00   .3467083E-10
 44.0    2070.00   .3506481E-10
 44.0    2080.00   .3544992E-10
 44.0    2090.00   .3582649E-10
 44.0    2100.00   .3619481E-10
 44.0    2110.00   .3655525E-10
 44.0    2120.00   .3690818E-10
 44.0    2130.00   .3725398E-10
 44.0    2140.00   .3759311E-10
 44.0    2150.00   .3792600E-10
 44.0    2160.00   .3825312E-10
 44.0    2170.00   .3857500E-10
 44.0    2180.00   .3889213E-10
 44.0    2190.00   .3920510E-10
 44.0    2200.00   .3951444E-10
 44.0    2210.00   .3982076E-10
 44.0    2220.00   .4012465E-10
 44.0    2230.00   .4042676E-10
 44.0    2240.00   .4072772E-10
 44.0    2250.00   .4102824E-10
 44.0    2260.00   .4132886E-10
 44.0    2270.00   .4162972E-10
 44.0    2280.00   .4193089E-10
 44.0    2290.00   .4223237E-10
 44.0    2300.00   .4253421E-10
 44.0    2310.00   .4283645E-10
 44.0    2320.00   .4313912E-10
 44.0    2330.00   .4344230E-10
 44.0    2340.00   .4374599E-10
 44.0    2350.00   .4405024E-10
 44.0    2360.00   .4435512E-10
 44.0    2370.00   .4466068E-10
 44.0    2380.00   .4496695E-10
 44.0    2390.00   .4527401E-10
 44.0    2400.00   .4558192E-10
 44.0    2410.00   .4589071E-10
 44.0    2420.00   .4620048E-10
 44.0    2430.00   .4651128E-10
 44.0    2440.00   .4682317E-10
 44.0    2450.00   .4713623E-10
 44.0    2460.00   .4745051E-10
 44.0    2470.00   .4776612E-10
 44.0    2480.00   .4808310E-10
 44.0    2490.00   .4840152E-10
 44.0    2500.00   .4872148E-10
 44.0    2510.00   .4727783E-10
 44.0    2520.00   .5972182E-10
 44.0    2530.00   .6098123E-10
 44.0    2540.00   .5376660E-10
 44.0    2550.00   .5328124E-10
 44.0    2560.00   .5149142E-10
 44.0    2570.00   .5333738E-10
 44.0    2580.00   .5245236E-10
 44.0    2590.00   .4123312E-10
 44.0    2600.00   .3104004E-10
 44.0    2610.00   .3744525E-10
 44.0    2620.00   .4817846E-10
 44.0    2630.00   .4474509E-10
 44.0    2640.00   .4479745E-10
 44.0    2650.00   .5188994E-10
 44.0    2660.00   .4789281E-10
 44.0    2670.00   .4962959E-10
 44.0    2680.00   .6001917E-10
 44.0    2690.00   .7334480E-10
 44.0    2700.00   .1035663E-09
 44.0    2710.00   .1279279E-09
 44.0    2720.00   .1275651E-09
 44.0    2730.00   .1431718E-09
 44.0    2740.00   .1546885E-09
 44.0    2750.00   .1557570E-09
 44.0    2760.00   .1612256E-09
 44.0    2770.00   .1617847E-09
 44.0    2780.00   .1589201E-09
 44.0    2790.00   .1629900E-09
 44.0    2800.00   .1660227E-09
 44.0    2810.00   .1664406E-09
 44.0    2820.00   .1724389E-09
 44.0    2830.00   .1814318E-09
 44.0    2840.00   .1675252E-09
 44.0    2850.00   .1494320E-09
 44.0    2860.00   .1687067E-09
 44.0    2870.00   .2051295E-09
 44.0    2880.00   .2483209E-09
 44.0    2890.00   .2867187E-09
 44.0    2900.00   .3056907E-09
 44.0    2910.00   .3143103E-09
 44.0    2920.00   .3283639E-09
 44.0    2930.00   .3289336E-09
 44.0    2940.00   .3304299E-09
 44.0    2950.00   .3314256E-09
 44.0    2960.00   .3181413E-09
 44.0    2970.00   .2914829E-09
 44.0    2980.00   .2848841E-09
 44.0    2990.00   .2877936E-09
 44.0    3000.00   .2597922E-09
 44.0    3010.00   .2357747E-09
 44.0    3020.00   .2487331E-09
 44.0    3030.00   .2555246E-09
 44.0    3040.00   .2373839E-09
 44.0    3050.00   .1731221E-09
 44.0    3060.00   .1638295E-09
 44.0    3070.00   .2669476E-09
 44.0    3080.00   .3337844E-09
 44.0    3090.00   .3313146E-09
 44.0    3100.00   .2768303E-09
 44.0    3110.00   .2405413E-09
 44.0    3120.00   .2230237E-09
 44.0    3130.00   .2441500E-09
 44.0    3140.00   .3059335E-09
 44.0    3150.00   .3434902E-09
 44.0    3160.00   .3738530E-09
 44.0    3170.00   .3911482E-09
 44.0    3180.00   .4064044E-09
 44.0    3190.00   .4699659E-09
 44.0    3200.00   .5420680E-09
 44.0    3210.00   .4988835E-09
 44.0    3220.00   .4279989E-09
 44.0    3230.00   .3451302E-09
 44.0    3240.00   .2871318E-09
 44.0    3250.00   .3417762E-09
 44.0    3260.00   .3358298E-09
 44.0    3270.00   .3269786E-09
 44.0    3280.00   .4184376E-09
 44.0    3290.00   .3059790E-09
 44.0    3300.00   .2803038E-09
 44.0    3310.00   .3387893E-09
 44.0    3320.00   .3421642E-09
 44.0    3330.00   .3654905E-09
 44.0    3340.00   .3860323E-09
 44.0    3350.00   .3495790E-09
 44.0    3360.00   .3947158E-09
 44.0    3370.00   .3398342E-09
 44.0    3380.00   .3495859E-09
 44.0    3390.00   .3531166E-09
 44.0    3400.00   .3730360E-09
 44.0    3410.00   .3889688E-09
 44.0    3420.00   .3857089E-09
 44.0    3430.00   .3813665E-09
 44.0    3440.00   .3819613E-09
 44.0    3450.00   .3763258E-09
 44.0    3460.00   .3712213E-09
 44.0    3470.00   .3850645E-09
 44.0    3480.00   .3822565E-09
 44.0    3490.00   .3644969E-09
 44.0    3500.00   .3854927E-09
 44.0    3510.00   .4082861E-09
 44.0    3520.00   .4266806E-09
 44.0    3530.00   .4494669E-09
 44.0    3540.00   .4532240E-09
 44.0    3550.00   .4504439E-09
 44.0    3560.00   .4588108E-09
 44.0    3570.00   .4640812E-09
 44.0    3580.00   .4661437E-09
 44.0    3590.00   .4668406E-09
 44.0    3600.00   .4590804E-09
 44.0    3610.00   .4508240E-09
 44.0    3620.00   .4344826E-09
 44.0    3630.00   .4281728E-09
 44.0    3640.00   .4364776E-09
 44.0    3650.00   .4484043E-09
 44.0    3660.00   .4848328E-09
 44.0    3670.00   .5326999E-09
 44.0    3680.00   .5565513E-09
 44.0    3690.00   .6154521E-09
 44.0    3700.00   .6234526E-09
 44.0    3710.00   .5723133E-09
 44.0    3720.00   .5357198E-09
 44.0    3730.00   .5245465E-09
 44.0    3740.00   .4986772E-09
 44.0    3750.00   .4655602E-09
 44.0    3760.00   .4443018E-09
 44.0    3770.00   .4292145E-09
 44.0    3780.00   .4135416E-09
 44.0    3790.00   .3908055E-09
 44.0    3800.00   .3652051E-09
 44.0    3810.00   .3671811E-09
 44.0    3820.00   .3864605E-09
 44.0    3830.00   .3995081E-09
 44.0    3840.00   .4359528E-09
 44.0    3850.00   .4826420E-09
 44.0    3860.00   .5580847E-09
 44.0    3870.00   .6196602E-09
 44.0    3880.00   .6562718E-09
 44.0    3890.00   .7198797E-09
 44.0    3900.00   .7598527E-09
 44.0    3910.00   .8096917E-09
 44.0    3920.00   .8611768E-09
 44.0    3930.00   .8645802E-09
 44.0    3940.00   .8819235E-09
 44.0    3950.00   .9393395E-09
 44.0    3960.00   .9622061E-09
 44.0    3970.00   .9294071E-09
 44.0    3980.00   .9250071E-09
 44.0    3990.00   .9097846E-09
 44.0    4000.00   .8671142E-09
 44.0    4010.00   .8280727E-09
 44.0    4020.00   .8003747E-09
 44.0    4030.00   .7737421E-09
 44.0    4040.00   .7630611E-09
 44.0    4050.00   .7576689E-09
 44.0    4060.00   .7694491E-09
 44.0    4070.00   .7682584E-09
 44.0    4080.00   .7591339E-09
 44.0    4090.00   .7416704E-09
 44.0    4100.00   .7311718E-09
 44.0    4110.00   .7194998E-09
 44.0    4120.00   .7118609E-09
 44.0    4130.00   .7112384E-09
 44.0    4140.00   .7183025E-09
 44.0    4150.00   .7164886E-09
 44.0    4160.00   .7220362E-09
 44.0    4170.00   .7337947E-09
 44.0    4180.00   .7604504E-09
 44.0    4190.00   .7856606E-09
 44.0    4200.00   .7939700E-09
 44.0    4210.00   .7956653E-09
 44.0    4220.00   .8030157E-09
 44.0    4230.00   .7934231E-09
 44.0    4240.00   .7882525E-09
 44.0    4250.00   .8037171E-09
 44.0    4260.00   .8099345E-09
 44.0    4270.00   .8177862E-09
 44.0    4280.00   .8369216E-09
 44.0    4290.00   .8679554E-09
 44.0    4300.00   .8822004E-09
 44.0    4310.00   .9007758E-09
 44.0    4320.00   .9129353E-09
 44.0    4330.00   .9073820E-09
 44.0    4340.00   .8839026E-09
 44.0    4350.00   .8458612E-09
 44.0    4360.00   .8130188E-09
 44.0    4370.00   .7651743E-09
 44.0    4380.00   .7114359E-09
 44.0    4390.00   .6639399E-09
 44.0    4400.00   .6336234E-09
 44.0    4410.00   .6240804E-09
 44.0    4420.00   .6126986E-09
 44.0    4430.00   .6044870E-09
 44.0    4440.00   .6208782E-09
 44.0    4450.00   .6393075E-09
 44.0    4460.00   .6513040E-09
 44.0    4470.00   .6651591E-09
 44.0    4480.00   .6958852E-09
 44.0    4490.00   .7400932E-09
 44.0    4500.00   .7928765E-09
 44.0    4510.00   .8445608E-09
 44.0    4520.00   .9277112E-09
 44.0    4530.00   .1026208E-08
 44.0    4540.00   .1138254E-08
 44.0    4550.00   .1282763E-08
 44.0    4560.00   .1449990E-08
 44.0    4570.00   .1575743E-08
 44.0    4580.00   .1666013E-08
 44.0    4590.00   .1756812E-08
 44.0    4600.00   .1807381E-08
 44.0    4610.00   .1845498E-08
 44.0    4620.00   .1894616E-08
 44.0    4630.00   .1927109E-08
 44.0    4640.00   .1939236E-08
 44.0    4650.00   .1888778E-08
 44.0    4660.00   .1771495E-08
 44.0    4670.00   .1626238E-08
 44.0    4680.00   .1452113E-08
 44.0    4690.00   .1316338E-08
 44.0    4700.00   .1202823E-08
 44.0    4710.00   .1117029E-08
 44.0    4720.00   .1035207E-08
 44.0    4730.00   .9710616E-09
 44.0    4740.00   .9400673E-09
 44.0    4750.00   .9219370E-09
 44.0    4760.00   .8970522E-09
 44.0    4770.00   .9134481E-09
 44.0    4780.00   .9433639E-09
 44.0    4790.00   .1003378E-08
 44.0    4800.00   .1058721E-08
 44.0    4810.00   .1149983E-08
 44.0    4820.00   .1209280E-08
 44.0    4830.00   .1227619E-08
 44.0    4840.00   .1208573E-08
 44.0    4850.00   .1174109E-08
 44.0    4860.00   .1164293E-08
 44.0    4870.00   .1196982E-08
 44.0    4880.00   .1226715E-08
 44.0    4890.00   .1265643E-08
 44.0    4900.00   .1356630E-08
 44.0    4910.00   .1458485E-08
 44.0    4920.00   .1551556E-08
 44.0    4930.00   .1672122E-08
 44.0    4940.00   .1718410E-08
 44.0    4950.00   .1740132E-08
 44.0    4960.00   .1717971E-08
 44.0    4970.00   .1627618E-08
 44.0    4980.00   .1517705E-08
 44.0    4990.00   .1403120E-08
 44.0    5000.00   .1286209E-08
 44.0    5010.00   .1203009E-08
 44.0    5020.00   .1115314E-08
 44.0    5030.00   .1054069E-08
 44.0    5040.00   .1018131E-08
 44.0    5050.00   .9849684E-09
 44.0    5060.00   .9518723E-09
 44.0    5070.00   .9354530E-09
 44.0    5080.00   .9116182E-09
 44.0    5090.00   .9051825E-09
 44.0    5100.00   .8883618E-09
 44.0    5110.00   .8853221E-09
 44.0    5120.00   .8785228E-09
 44.0    5130.00   .8783977E-09
 44.0    5140.00   .8828450E-09
 44.0    5150.00   .8979528E-09
 44.0    5160.00   .9228207E-09
 44.0    5170.00   .9563621E-09
 44.0    5180.00   .9875417E-09
 44.0    5190.00   .1035991E-08
 44.0    5200.00   .1092140E-08
 44.0    5210.00   .1158672E-08
 44.0    5220.00   .1256836E-08
 44.0    5230.00   .1328796E-08
 44.0    5240.00   .1392645E-08
 44.0    5250.00   .1448866E-08
 44.0    5260.00   .1498170E-08
 44.0    5270.00   .1563032E-08
 44.0    5280.00   .1620344E-08
 44.0    5290.00   .1678552E-08
 44.0    5300.00   .1724542E-08
 44.0    5310.00   .1758298E-08
 44.0    5320.00   .1747915E-08
 44.0    5330.00   .1728159E-08
 44.0    5340.00   .1712472E-08
 44.0    5350.00   .1679432E-08
 44.0    5360.00   .1638103E-08
 44.0    5370.00   .1620969E-08
 44.0    5380.00   .1622432E-08
 44.0    5390.00   .1664921E-08
 44.0    5400.00   .1731551E-08
 44.0    5410.00   .1805756E-08
 44.0    5420.00   .1882204E-08
 44.0    5430.00   .1947532E-08
 44.0    5440.00   .2014499E-08
 44.0    5450.00   .2068333E-08
 44.0    5460.00   .2111520E-08
 44.0    5470.00   .2130160E-08
 44.0    5480.00   .2152804E-08
 44.0    5490.00   .2139306E-08
 44.0    5500.00   .2133461E-08
 44.0    5510.00   .2111442E-08
 44.0    5520.00   .2088125E-08
 44.0    5530.00   .2059491E-08
 44.0    5540.00   .2043093E-08
 44.0    5550.00   .1990832E-08
 44.0    5560.00   .1948017E-08
 44.0    5570.00   .1905221E-08
 44.0    5580.00   .1853370E-08
 44.0    5590.00   .1795837E-08
 44.0    5600.00   .1730443E-08
 44.0    5610.00   .1688824E-08
 44.0    5620.00   .1632445E-08
 44.0    5630.00   .1572456E-08
 44.0    5640.00   .1503174E-08
 44.0    5650.00   .1428507E-08
 44.0    5660.00   .1377942E-08
 44.0    5670.00   .1324930E-08
 44.0    5680.00   .1279024E-08
 44.0    5690.00   .1244074E-08
 44.0    5700.00   .1188273E-08
 44.0    5710.00   .1158238E-08
 44.0    5720.00   .1137387E-08
 44.0    5730.00   .1138889E-08
 44.0    5740.00   .1146335E-08
 44.0    5750.00   .1158871E-08
 44.0    5760.00   .1203583E-08
 44.0    5770.00   .1244279E-08
 44.0    5780.00   .1300923E-08
 44.0    5790.00   .1360643E-08
 44.0    5800.00   .1425988E-08
 44.0    5810.00   .1473741E-08
 44.0    5820.00   .1524775E-08
 44.0    5830.00   .1574678E-08
 44.0    5840.00   .1619948E-08
 44.0    5850.00   .1667545E-08
 44.0    5860.00   .1703874E-08
 44.0    5870.00   .1730257E-08
 44.0    5880.00   .1725233E-08
 44.0    5890.00   .1702406E-08
 44.0    5900.00   .1668524E-08
 44.0    5910.00   .1657159E-08
 44.0    5920.00   .1618631E-08
 44.0    5930.00   .1562552E-08
 44.0    5940.00   .1484613E-08
 44.0    5950.00   .1412540E-08
 44.0    5960.00   .1329713E-08
 44.0    5970.00   .1251482E-08
 44.0    5980.00   .1212768E-08
 44.0    5990.00   .1177759E-08
 44.0    6000.00   .1165013E-08
 44.0    6010.00   .1159158E-08
 44.0    6020.00   .1157085E-08
 44.0    6030.00   .1143798E-08
 44.0    6040.00   .1114735E-08
 44.0    6050.00   .1088928E-08
 44.0    6060.00   .1068746E-08
 44.0    6070.00   .1043585E-08
 44.0    6080.00   .1030621E-08
 44.0    6090.00   .1020586E-08
 44.0    6100.00   .1009163E-08
 44.0    6110.00   .9862214E-09
 44.0    6120.00   .9542269E-09
 44.0    6130.00   .9193011E-09
 44.0    6140.00   .8859237E-09
 44.0    6150.00   .8479071E-09
 44.0    6160.00   .8365002E-09
 44.0    6170.00   .8362117E-09
 44.0    6180.00   .8319130E-09
 44.0    6190.00   .8450740E-09
 44.0    6200.00   .8884167E-09
 44.0    6210.00   .9158771E-09
 44.0    6220.00   .9359552E-09
 44.0    6230.00   .9476875E-09
 44.0    6240.00   .9518229E-09
 44.0    6250.00   .9598300E-09
 44.0    6260.00   .9835560E-09
 44.0    6270.00   .9888813E-09
 44.0    6280.00   .9708377E-09
 44.0    6290.00   .1023591E-08
 44.0    6300.00   .1067794E-08
 44.0    6310.00   .1108310E-08
 44.0    6320.00   .1135476E-08
 44.0    6330.00   .1181188E-08
 44.0    6340.00   .1226636E-08
 44.0    6350.00   .1281273E-08
 44.0    6360.00   .1361270E-08
 44.0    6370.00   .1404490E-08
 44.0    6380.00   .1443979E-08
 44.0    6390.00   .1499238E-08
 44.0    6400.00   .1564168E-08
 44.0    6410.00   .1563233E-08
 44.0    6420.00   .1584566E-08
 44.0    6430.00   .1614861E-08
 44.0    6440.00   .1630711E-08
 44.0    6450.00   .1643248E-08
 44.0    6460.00   .1639637E-08
 44.0    6470.00   .1645383E-08
 44.0    6480.00   .1668784E-08
 44.0    6490.00   .1667854E-08
 44.0    6500.00   .1666340E-08
 44.0    6510.00   .1682108E-08
 44.0    6520.00   .1662973E-08
 44.0    6530.00   .1649181E-08
 44.0    6540.00   .1636463E-08
 44.0    6550.00   .1622405E-08
 44.0    6560.00   .1631958E-08
 44.0    6570.00   .1608574E-08
 44.0    6580.00   .1568446E-08
 44.0    6590.00   .1526812E-08
 44.0    6600.00   .1493829E-08
 44.0    6610.00   .1423287E-08
 44.0    6620.00   .1344896E-08
 44.0    6630.00   .1290566E-08
 44.0    6640.00   .1230660E-08
 44.0    6650.00   .1190133E-08
 44.0    6660.00   .1141051E-08
 44.0    6670.00   .1104129E-08
 44.0    6680.00   .1058126E-08
 44.0    6690.00   .1018468E-08
 44.0    6700.00   .9905877E-09
 44.0    6710.00   .9560377E-09
 44.0    6720.00   .9411580E-09
 44.0    6730.00   .9318190E-09
 44.0    6740.00   .8948652E-09
 44.0    6750.00   .8544945E-09
 44.0    6760.00   .8389908E-09
 44.0    6770.00   .8128121E-09
 44.0    6780.00   .7887314E-09
 44.0    6790.00   .7681003E-09
 44.0    6800.00   .7540411E-09
 44.0    6810.00   .7424248E-09
 44.0    6820.00   .7323526E-09
 44.0    6830.00   .7191986E-09
 44.0    6840.00   .7083577E-09
 44.0    6850.00   .7028291E-09
 44.0    6860.00   .6644869E-09
 44.0    6870.00   .6217888E-09
 44.0    6880.00   .6109209E-09
 44.0    6890.00   .6265178E-09
 44.0    6900.00   .6384323E-09
 44.0    6910.00   .6575890E-09
 44.0    6920.00   .6663195E-09
 44.0    6930.00   .6740414E-09
 44.0    6940.00   .6773316E-09
 44.0    6950.00   .6751802E-09
 44.0    6960.00   .6712814E-09
 44.0    6970.00   .6709010E-09
 44.0    6980.00   .6614268E-09
 44.0    6990.00   .6540646E-09
 44.0    7000.00   .6431111E-09
 44.0    7010.00   .6365684E-09
 44.0    7020.00   .6268840E-09
 44.0    7030.00   .6293582E-09
 44.0    7040.00   .6285704E-09
 44.0    7050.00   .6303114E-09
 44.0    7060.00   .6222615E-09
 44.0    7070.00   .6204381E-09
 44.0    7080.00   .6213738E-09
 44.0    7090.00   .6252606E-09
 44.0    7100.00   .6291166E-09
 44.0    7110.00   .6364870E-09
 44.0    7120.00   .6472875E-09
 44.0    7130.00   .6574638E-09
 44.0    7140.00   .6659344E-09
 44.0    7150.00   .6754235E-09
 44.0    7160.00   .6812027E-09
 44.0    7170.00   .6747656E-09
 44.0    7180.00   .6669118E-09
 44.0    7190.00   .6552333E-09
 44.0    7200.00   .6596439E-09
 44.0    7210.00   .6786533E-09
 44.0    7220.00   .6928578E-09
 44.0    7230.00   .6775374E-09
 44.0    7240.00   .6625220E-09
 44.0    7250.00   .6661876E-09
 44.0    7260.00   .6728959E-09
 44.0    7270.00   .6786365E-09
 44.0    7280.00   .6783800E-09
 44.0    7290.00   .6842358E-09
 44.0    7300.00   .6861890E-09
 44.0    7310.00   .6902733E-09
 44.0    7320.00   .7106020E-09
 44.0    7330.00   .7209120E-09
 44.0    7340.00   .7311382E-09
 44.0    7350.00   .7279428E-09
 44.0    7360.00   .7313881E-09
 44.0    7370.00   .7346176E-09
 44.0    7380.00   .7369406E-09
 44.0    7390.00   .7422613E-09
 44.0    7400.00   .7403386E-09
 44.0    7410.00   .7381353E-09
 44.0    7420.00   .7006346E-09
 44.0    7430.00   .6889169E-09
 44.0    7440.00   .6908306E-09
 44.0    7450.00   .6673506E-09
 44.0    7460.00   .6592804E-09
 44.0    7470.00   .6510130E-09
 44.0    7480.00   .6365679E-09
 44.0    7490.00   .6318315E-09
 44.0    7500.00   .6224410E-09
 44.0    7510.00   .6146455E-09
 44.0    7520.00   .6055769E-09
 44.0    7530.00   .6017639E-09
 44.0    7540.00   .6097847E-09
 44.0    7550.00   .6194944E-09
 44.0    7560.00   .6279753E-09
 44.0    7570.00   .6295760E-09
 44.0    7580.00   .6390167E-09
 44.0    7590.00   .5378506E-09
 44.0    7600.00   .3803846E-09
 44.0    7610.00   .3138010E-09
 44.0    7620.00   .3945893E-09
 44.0    7630.00   .4205072E-09
 44.0    7640.00   .4292597E-09
 44.0    7650.00   .5192297E-09
 44.0    7660.00   .5680759E-09
 44.0    7670.00   .6154859E-09
 44.0    7680.00   .6445474E-09
 44.0    7690.00   .6608381E-09
 44.0    7700.00   .6684850E-09
 44.0    7710.00   .6703783E-09
 44.0    7720.00   .6664405E-09
 44.0    7730.00   .6638934E-09
 44.0    7740.00   .6587578E-09
 44.0    7750.00   .6498591E-09
 44.0    7760.00   .6568167E-09
 44.0    7770.00   .6467602E-09
 44.0    7780.00   .6259478E-09
 44.0    7790.00   .6242954E-09
 44.0    7800.00   .6368465E-09
 44.0    7810.00   .6414207E-09
 44.0    7820.00   .6397470E-09
 44.0    7830.00   .6475266E-09
 44.0    7840.00   .6482551E-09
 44.0    7850.00   .6547207E-09
 44.0    7860.00   .6596904E-09
 44.0    7870.00   .6479183E-09
 44.0    7880.00   .6431441E-09
 44.0    7890.00   .6492289E-09
 44.0    7900.00   .6322000E-09
 44.0    7910.00   .6184460E-09
 44.0    7920.00   .6251376E-09
 44.0    7930.00   .6269262E-09
 44.0    7940.00   .6260270E-09
 44.0    7950.00   .6051125E-09
 44.0    7960.00   .5873555E-09
 44.0    7970.00   .5829490E-09
 44.0    7980.00   .5801579E-09
 44.0    7990.00   .5779059E-09
 44.0    8000.00   .5683576E-09
 44.0    8010.00   .5553328E-09
 44.0    8020.00   .5463805E-09
 44.0    8030.00   .5273194E-09
 44.0    8040.00   .5136657E-09
 44.0    8050.00   .5116888E-09
 44.0    8060.00   .5063420E-09
 44.0    8070.00   .4849123E-09
 44.0    8080.00   .4591272E-09
 44.0    8090.00   .4257189E-09
 44.0    8100.00   .4118725E-09
 44.0    8110.00   .3864717E-09
 44.0    8120.00   .3659124E-09
 44.0    8130.00   .3347604E-09
 44.0    8140.00   .3050309E-09
 44.0    8150.00   .2722259E-09
 44.0    8160.00   .2491574E-09
 44.0    8170.00   .2240938E-09
 44.0    8180.00   .2049227E-09
 44.0    8190.00   .1935476E-09
 44.0    8200.00   .1904673E-09
 44.0    8210.00   .1808480E-09
 44.0    8220.00   .1572129E-09
 44.0    8230.00   .1504678E-09
 44.0    8240.00   .1534537E-09
 44.0    8250.00   .1533782E-09
 44.0    8260.00   .1529436E-09
 44.0    8270.00   .1585834E-09
 44.0    8280.00   .1498933E-09
 44.0    8290.00   .1536827E-09
 44.0    8300.00   .1466956E-09
 44.0    8310.00   .1598474E-09
 44.0    8320.00   .1832334E-09
 44.0    8330.00   .1983920E-09
 44.0    8340.00   .1996994E-09
 44.0    8350.00   .2124845E-09
 44.0    8360.00   .2308535E-09
 44.0    8370.00   .2474584E-09
 44.0    8380.00   .2611271E-09
 44.0    8390.00   .2741264E-09
 44.0    8400.00   .2743302E-09
 44.0    8410.00   .2917905E-09
 44.0    8420.00   .3029010E-09
 44.0    8430.00   .3172115E-09
 44.0    8440.00   .3480137E-09
 44.0    8450.00   .3952919E-09
 44.0    8460.00   .4411175E-09
 44.0    8470.00   .5159749E-09
 44.0    8480.00   .5527572E-09
 44.0    8490.00   .5778667E-09
 44.0    8500.00   .6424950E-09
 44.0    8510.00   .6631633E-09
 44.0    8520.00   .6793854E-09
 44.0    8530.00   .7070592E-09
 44.0    8540.00   .7140753E-09
 44.0    8550.00   .7303179E-09
 44.0    8560.00   .7481336E-09
 44.0    8570.00   .7602405E-09
 44.0    8580.00   .7569081E-09
 44.0    8590.00   .7588531E-09
 44.0    8600.00   .7617923E-09
 44.0    8610.00   .7653078E-09
 44.0    8620.00   .7686514E-09
 44.0    8630.00   .7723243E-09
 44.0    8640.00   .7623614E-09
 44.0    8650.00   .7790319E-09
 44.0    8660.00   .7997877E-09
 44.0    8670.00   .8263763E-09
 44.0    8680.00   .8418124E-09
 44.0    8690.00   .8563882E-09
 44.0    8700.00   .9027530E-09
 44.0    8710.00   .8912336E-09
 44.0    8720.00   .8917687E-09
 44.0    8730.00   .9361855E-09
 44.0    8740.00   .9178442E-09
 44.0    8750.00   .9152644E-09
 44.0    8760.00   .8931643E-09
 44.0    8770.00   .9087830E-09
 44.0    8780.00   .9198087E-09
 44.0    8790.00   .9282644E-09
 44.0    8800.00   .9379651E-09
 44.0    8810.00   .9359545E-09
 44.0    8820.00   .9364019E-09
 44.0    8830.00   .8809383E-09
 44.0    8840.00   .9022544E-09
 44.0    8850.00   .9131667E-09
 44.0    8860.00   .9072827E-09
 44.0    8870.00   .8975270E-09
 44.0    8880.00   .8889450E-09
 44.0    8890.00   .8550814E-09
 44.0    8900.00   .8516114E-09
 44.0    8910.00   .8345853E-09
 44.0    8920.00   .8066774E-09
 44.0    8930.00   .7812450E-09
 44.0    8940.00   .7499333E-09
 44.0    8950.00   .7336620E-09
 44.0    8960.00   .6929593E-09
 44.0    8970.00   .6814832E-09
 44.0    8980.00   .6750666E-09
 44.0    8990.00   .6449583E-09
 44.0    9000.00   .6403151E-09
 44.0    9010.00   .6383561E-09
 44.0    9020.00   .6385782E-09
 44.0    9030.00   .6440753E-09
 44.0    9040.00   .6457255E-09
 44.0    9050.00   .6482752E-09
 44.0    9060.00   .6415485E-09
 44.0    9070.00   .6140423E-09
 44.0    9080.00   .6014864E-09
 44.0    9090.00   .6023121E-09
 44.0    9100.00   .5888219E-09
 44.0    9110.00   .5885501E-09
 44.0    9120.00   .6072523E-09
 44.0    9130.00   .5705289E-09
 44.0    9140.00   .5600131E-09
 44.0    9150.00   .5561860E-09
 44.0    9160.00   .5457818E-09
 44.0    9170.00   .5461876E-09
 44.0    9180.00   .5350806E-09
 44.0    9190.00   .5616222E-09
 44.0    9200.00   .5620831E-09
 44.0    9210.00   .5656042E-09
 44.0    9220.00   .5379158E-09
 44.0    9230.00   .5298472E-09
 44.0    9240.00   .5311194E-09
 44.0    9250.00   .5326947E-09
 44.0    9260.00   .5125055E-09
 44.0    9270.00   .4990192E-09
 44.0    9280.00   .4626521E-09
 44.0    9290.00   .4359778E-09
 44.0    9300.00   .4027934E-09
 44.0    9310.00   .3725273E-09
 44.0    9320.00   .2884283E-09
 44.0    9330.00   .2873802E-09
 44.0    9340.00   .2877303E-09
 44.0    9350.00   .3071453E-09
 44.0    9360.00   .2935867E-09
 44.0    9370.00   .2904485E-09
 44.0    9380.00   .2755164E-09
 44.0    9390.00   .3543247E-09
 44.0    9400.00   .3653240E-09
 44.0    9410.00   .3902596E-09
 44.0    9420.00   .3415593E-09
 44.0    9430.00   .3294307E-09
 44.0    9440.00   .3139021E-09
 44.0    9450.00   .3213066E-09
 44.0    9460.00   .3211109E-09
 44.0    9470.00   .3234697E-09
 44.0    9480.00   .3416704E-09
 44.0    9490.00   .3464546E-09
 44.0    9500.00   .3592355E-09
 44.0    9510.00   .3533649E-09
 44.0    9520.00   .3285000E-09
 44.0    9530.00   .3400552E-09
 44.0    9540.00   .3630707E-09
 44.0    9550.00   .3330333E-09
 44.0    9560.00   .3419461E-09
 44.0    9570.00   .3406826E-09
 44.0    9580.00   .3227949E-09
 44.0    9590.00   .3274631E-09
 44.0    9600.00   .3323221E-09
 44.0    9610.00   .3187050E-09
 44.0    9620.00   .3221070E-09
 44.0    9630.00   .3154605E-09
 44.0    9640.00   .3215924E-09
 44.0    9650.00   .3175302E-09
 44.0    9660.00   .3137934E-09
 44.0    9670.00   .3199425E-09
 44.0    9680.00   .3107351E-09
 44.0    9690.00   .3165437E-09
 44.0    9700.00   .3253868E-09
 44.0    9710.00   .3094684E-09
 44.0    9720.00   .3047832E-09
 44.0    9730.00   .3110803E-09
 44.0    9740.00   .3142920E-09
 44.0    9750.00   .3325882E-09
 44.0    9760.00   .3399462E-09
 44.0    9770.00   .3635094E-09
 44.0    9780.00   .3369161E-09
 44.0    9790.00   .3328534E-09
 44.0    9800.00   .3306871E-09
 44.0    9810.00   .3670831E-09
 44.0    9820.00   .3683348E-09
 44.0    9830.00   .3666623E-09
 44.0    9840.00   .3828350E-09
 44.0    9850.00   .3855519E-09
 44.0    9860.00   .3892579E-09
 44.0    9870.00   .3612197E-09
 44.0    9880.00   .3752789E-09
 44.0    9890.00   .3836518E-09
 44.0    9900.00   .3618747E-09
 44.0    9910.00   .3705784E-09
 44.0    9920.00   .3710274E-09
 44.0    9930.00   .3294612E-09
 44.0    9940.00   .3456912E-09
 44.0    9950.00   .3454618E-09
 44.0    9960.00   .3272779E-09
 44.0    9970.00   .3217876E-09
 44.0    9980.00   .3249715E-09
 44.0    9990.00   .3292107E-09
 44.0   10000.00   .3399730E-09
 44.0   10010.00   .3377578E-09
 44.0   10020.00   .3355411E-09
 44.0   10030.00   .3333230E-09
 44.0   10040.00   .3311030E-09
 44.0   10050.00   .3288811E-09
 44.0   10060.00   .3266576E-09
 44.0   10070.00   .3244330E-09
 44.0   10080.00   .3222060E-09
 44.0   10090.00   .3199776E-09
 44.0   10100.00   .3177477E-09
 44.0   10110.00   .3155166E-09
 44.0   10120.00   .3132833E-09
 44.0   10130.00   .3110483E-09
 44.0   10140.00   .3088121E-09
 44.0   10150.00   .3065742E-09
 44.0   10160.00   .3043347E-09
 44.0   10170.00   .3020939E-09
 44.0   10180.00   .2998511E-09
 44.0   10190.00   .2976069E-09
 44.0   10200.00   .2953614E-09
 44.0   10210.00   .2931141E-09
 44.0   10220.00   .2908651E-09
 44.0   10230.00   .2886151E-09
 44.0   10240.00   .2863630E-09
 44.0   10250.00   .2841098E-09
 44.0   10260.00   .2818551E-09
 44.0   10270.00   .2795986E-09
 44.0   10280.00   .2773407E-09
 44.0   10290.00   .2750814E-09
 44.0   10300.00   .2728207E-09
 44.0   10310.00   .2705584E-09
 44.0   10320.00   .2682949E-09
 44.0   10330.00   .2660299E-09
 44.0   10340.00   .2637632E-09
 44.0   10350.00   .2614950E-09
 44.0   10360.00   .2592257E-09
 44.0   10370.00   .2569543E-09
 44.0   10380.00   .2546822E-09
 44.0   10390.00   .2524083E-09
 44.0   10400.00   .2501329E-09
 44.0   10410.00   .2478562E-09
 44.0   10420.00   .2455781E-09
 44.0   10430.00   .2432985E-09
 44.0   10440.00   .2410177E-09
 44.0   10450.00   .2387354E-09
 44.0   10460.00   .2364514E-09
 44.0   10470.00   .2341664E-09
 44.0   10480.00   .2318796E-09
 44.0   10490.00   .2295916E-09
 44.0   10500.00   .2273021E-09
 44.0   10510.00   .2250109E-09
 44.0   10520.00   .2227190E-09
 44.0   10530.00   .2204250E-09
 44.0   10540.00   .2181298E-09
 44.0   10550.00   .2158331E-09
 44.0   10560.00   .2135349E-09
 44.0   10570.00   .2112354E-09
 44.0   10580.00   .2089343E-09
 44.0   10590.00   .2066323E-09
 44.0   10600.00   .2043281E-09
 44.0   10610.00   .2020229E-09
 44.0   10620.00   .1997160E-09
 44.0   10630.00   .1974076E-09
 44.0   10640.00   .1950981E-09
 44.0   10650.00   .1927868E-09
 44.0   10660.00   .1904743E-09
 44.0   10670.00   .1881604E-09
 44.0   10680.00   .1858447E-09
 44.0   10690.00   .1835278E-09
 44.0   10700.00   .1812094E-09
 44.0   10710.00   .1788896E-09
 44.0   10720.00   .1765684E-09
 44.0   10730.00   .1742456E-09
 44.0   10740.00   .1719214E-09
 44.0   10750.00   .1695959E-09
 44.0   10760.00   .1672685E-09
 44.0   10770.00   .1649402E-09
 44.0   10780.00   .1626102E-09
 44.0   10790.00   .1602788E-09
 44.0   10800.00   .1579461E-09
 44.0   10810.00   .1556115E-09
 44.0   10820.00   .1532760E-09
 44.0   10830.00   .1509389E-09
 44.0   10840.00   .1486002E-09
 44.0   10850.00   .1462602E-09
 44.0   10860.00   .1439189E-09
 44.0   10870.00   .1415760E-09
 44.0   10880.00   .1392319E-09
 44.0   10890.00   .1368861E-09
 44.0   10900.00   .1345390E-09
 44.0   10910.00   .1321905E-09
 44.0   10920.00   .1298404E-09
 44.0   10930.00   .1274891E-09
 44.0   10940.00   .1251364E-09
 44.0   10950.00   .1227824E-09
 44.0   10960.00   .1204268E-09
 44.0   10970.00   .1180697E-09
 44.0   10980.00   .1157115E-09
 44.0   10990.00   .1133517E-09
 44.0   11000.00   .1109906E-09
 44.0   11010.00   .1086282E-09
 44.0   11020.00   .1062644E-09
 44.0   11030.00   .1038991E-09
 44.0   11040.00   .1015326E-09
 44.0   11050.00   .9916463E-10
 44.0   11060.00   .9679537E-10
 44.0   11070.00   .9442473E-10
 44.0   11080.00   .9205275E-10
 44.0   11090.00   .8967938E-10
 44.0   11100.00   .8730477E-10
 44.0   11110.00   .8492882E-10
 44.0   11120.00   .8255152E-10
 44.0   11130.00   .8017291E-10
 44.0   11140.00   .7779295E-10
 44.0   11150.00   .7541172E-10
 44.0   11160.00   .7302918E-10
 44.0   11170.00   .7064535E-10
 44.0   11180.00   .6826018E-10
 44.0   11190.00   .6587381E-10
 44.0   11200.00   .6348620E-10
 44.0   11210.00   .6109723E-10
 44.0   11220.00   .5870701E-10
 44.0   11230.00   .5631559E-10
 44.0   11240.00   .5392285E-10
 44.0   11250.00   .5152889E-10
 44.0   11260.00   .4913374E-10
 44.0   11270.00   .4673733E-10
 44.0   11280.00   .4433965E-10
 44.0   11290.00   .4194084E-10
 44.0   11300.00   .3954080E-10
 44.0   11310.00   .3955024E-10
 44.0   11320.00   .3955956E-10
 44.0   11330.00   .3956892E-10
 44.0   11340.00   .3957819E-10
 44.0   11350.00   .3958741E-10
 44.0   11360.00   .3959662E-10
 44.0   11370.00   .3960577E-10
 44.0   11380.00   .3961484E-10
 44.0   11390.00   .3962386E-10
 44.0   11400.00   .3963284E-10
 44.0   11410.00   .3964179E-10
 44.0   11420.00   .3965064E-10
 44.0   11430.00   .3965954E-10
 44.0   11440.00   .3966828E-10
 44.0   11450.00   .3967701E-10
 44.0   11460.00   .3968571E-10
 44.0   11470.00   .3969430E-10
 44.0   11480.00   .3970290E-10
 44.0   11490.00   .3971144E-10
 44.0   11500.00   .3971989E-10
 44.0   11510.00   .3972832E-10
 44.0   11520.00   .3973664E-10
 44.0   11530.00   .3974497E-10
 44.0   11540.00   .3975318E-10
 44.0   11550.00   .3976139E-10
 44.0   11560.00   .3976949E-10
 44.0   11570.00   .3977756E-10
 44.0   11580.00   .3978559E-10
 44.0   11590.00   .3979354E-10
 44.0   11600.00   .3980145E-10
 44.0   11610.00   .3980927E-10
 44.0   11620.00   .3981708E-10
 44.0   11630.00   .3982477E-10
 44.0   11640.00   .3983247E-10
 44.0   11650.00   .3984001E-10
 44.0   11660.00   .3984756E-10
 44.0   11670.00   .3985503E-10
 44.0   11680.00   .3986248E-10
 44.0   11690.00   .3986979E-10
 44.0   11700.00   .3987707E-10
 44.0   11710.00   .3988432E-10
 44.0   11720.00   .3989149E-10
 44.0   11730.00   .3989854E-10
 44.0   11740.00   .3990557E-10
 44.0   11750.00   .3991253E-10
 44.0   11760.00   .3991944E-10
 44.0   11770.00   .3992630E-10
 44.0   11780.00   .3993303E-10
 44.0   11790.00   .3993973E-10
 44.0   11800.00   .3994636E-10
 44.0   11810.00   .3995294E-10
 44.0   11820.00   .3995942E-10
 44.0   11830.00   .3996582E-10
 44.0   11840.00   .3997217E-10
 44.0   11850.00   .3997845E-10
 44.0   11860.00   .3998466E-10
 44.0   11870.00   .3999082E-10
 44.0   11880.00   .3999687E-10
 44.0   11890.00   .4000287E-10
 44.0   11900.00   .4000882E-10
 44.0   11910.00   .4001467E-10
 44.0   11920.00   .4002043E-10
 44.0   11930.00   .4002612E-10
 44.0   11940.00   .4003179E-10
 44.0   11950.00   .4003733E-10
 44.0   11960.00   .4004280E-10
 44.0   11970.00   .4004822E-10
 44.0   11980.00   .4005357E-10
 44.0   11990.00   .4005883E-10
 44.0   12000.00   .4006399E-10
 44.0   12010.00   .4006909E-10
 44.0   12020.00   .4007411E-10
 44.0   12030.00   .4007908E-10
 44.0   12040.00   .4008394E-10
 44.0   12050.00   .4008872E-10
 44.0   12060.00   .4009344E-10
 44.0   12070.00   .4009808E-10
 44.0   12080.00   .4010265E-10
 44.0   12090.00   .4010710E-10
 44.0   12100.00   .4011149E-10
 44.0   12110.00   .4011585E-10
 44.0   12120.00   .4012005E-10
 44.0   12130.00   .4012421E-10
 44.0   12140.00   .4012827E-10
 44.0   12150.00   .4013224E-10
 44.0   12160.00   .4013612E-10
 44.0   12170.00   .4013995E-10
 44.0   12180.00   .4014369E-10
 44.0   12190.00   .4014734E-10
 44.0   12200.00   .4015090E-10
 44.0   12210.00   .4015433E-10
 44.0   12220.00   .4015774E-10
 44.0   12230.00   .4016105E-10
 44.0   12240.00   .4016428E-10
 44.0   12250.00   .4016742E-10
 44.0   12260.00   .4017046E-10
 44.0   12270.00   .4017342E-10
 44.0   12280.00   .4017627E-10
 44.0   12290.00   .4017908E-10
 44.0   12300.00   .4018176E-10
 44.0   12310.00   .4018435E-10
 44.0   12320.00   .4018688E-10
 44.0   12330.00   .4018930E-10
 44.0   12340.00   .4019162E-10
 44.0   12350.00   .4019386E-10
 44.0   12360.00   .4019601E-10
 44.0   12370.00   .4019807E-10
 44.0   12380.00   .4020003E-10
 44.0   12390.00   .4020192E-10
 44.0   12400.00   .4020370E-10
 44.0   12410.00   .4020537E-10
 44.0   12420.00   .4020700E-10
 44.0   12430.00   .4020850E-10
 44.0   12440.00   .4020989E-10
 44.0   12450.00   .4021120E-10
 44.0   12460.00   .4021239E-10
 44.0   12470.00   .4021354E-10
 44.0   12480.00   .4021456E-10
 44.0   12490.00   .4021548E-10
 44.0   12500.00   .4021631E-10
 44.0   12510.00   .4024267E-10
 44.0   12520.00   .4026876E-10
 44.0   12530.00   .4029485E-10
 44.0   12540.00   .4032072E-10
 44.0   12550.00   .4034649E-10
 44.0   12560.00   .4037212E-10
 44.0   12570.00   .4039763E-10
 44.0   12580.00   .4042297E-10
 44.0   12590.00   .4044821E-10
 44.0   12600.00   .4047331E-10
 44.0   12610.00   .4049822E-10
 44.0   12620.00   .4052301E-10
 44.0   12630.00   .4054769E-10
 44.0   12640.00   .4057221E-10
 44.0   12650.00   .4059657E-10
 44.0   12660.00   .4062085E-10
 44.0   12670.00   .4064491E-10
 44.0   12680.00   .4066891E-10
 44.0   12690.00   .4069269E-10
 44.0   12700.00   .4071638E-10
 44.0   12710.00   .4073990E-10
 44.0   12720.00   .4076329E-10
 44.0   12730.00   .4078652E-10
 44.0   12740.00   .4080965E-10
 44.0   12750.00   .4083258E-10
 44.0   12760.00   .4085536E-10
 44.0   12770.00   .4087803E-10
 44.0   12780.00   .4090053E-10
 44.0   12790.00   .4092289E-10
 44.0   12800.00   .4094508E-10
 44.0   12810.00   .4096715E-10
 44.0   12820.00   .4098907E-10
 44.0   12830.00   .4101083E-10
 44.0   12840.00   .4103244E-10
 44.0   12850.00   .4105389E-10
 44.0   12860.00   .4107519E-10
 44.0   12870.00   .4109633E-10
 44.0   12880.00   .4111736E-10
 44.0   12890.00   .4113821E-10
 44.0   12900.00   .4115895E-10
 44.0   12910.00   .4117947E-10
 44.0   12920.00   .4119991E-10
 44.0   12930.00   .4122019E-10
 44.0   12940.00   .4124033E-10
 44.0   12950.00   .4126031E-10
 44.0   12960.00   .4128014E-10
 44.0   12970.00   .4129985E-10
 44.0   12980.00   .4131941E-10
 44.0   12990.00   .4133883E-10
 44.0   13000.00   .4135808E-10
 44.0   13010.00   .4137724E-10
 44.0   13020.00   .4139624E-10
 44.0   13030.00   .4141512E-10
 44.0   13040.00   .4143385E-10
 44.0   13050.00   .4145240E-10
 44.0   13060.00   .4147088E-10
 44.0   13070.00   .4148921E-10
 44.0   13080.00   .4150740E-10
 44.0   13090.00   .4152548E-10
 44.0   13100.00   .4154341E-10
 44.0   13110.00   .4156117E-10
 44.0   13120.00   .4157883E-10
 44.0   13130.00   .4159637E-10
 44.0   13140.00   .4161376E-10
 44.0   13150.00   .4163104E-10
 44.0   13160.00   .4164824E-10
 44.0   13170.00   .4166530E-10
 44.0   13180.00   .4168215E-10
 44.0   13190.00   .4169894E-10
 44.0   13200.00   .4171560E-10
 44.0   13210.00   .4173213E-10
 44.0   13220.00   .4174853E-10
 44.0   13230.00   .4176486E-10
 44.0   13240.00   .4178103E-10
 44.0   13250.00   .4179709E-10
 44.0   13260.00   .4181297E-10
 44.0   13270.00   .4182884E-10
 44.0   13280.00   .4184452E-10
 44.0   13290.00   .4186012E-10
 44.0   13300.00   .4187560E-10
 44.0   13310.00   .4189094E-10
 44.0   13320.00   .4190617E-10
 44.0   13330.00   .4192132E-10
 44.0   13340.00   .4193635E-10
 44.0   13350.00   .4195125E-10
 44.0   13360.00   .4196605E-10
 44.0   13370.00   .4198075E-10
 44.0   13380.00   .4199534E-10
 44.0   13390.00   .4200982E-10
 44.0   13400.00   .4202420E-10
 44.0   13410.00   .4203846E-10
 44.0   13420.00   .4205264E-10
 44.0   13430.00   .4206670E-10
 44.0   13440.00   .4208062E-10
 44.0   13450.00   .4209451E-10
 44.0   13460.00   .4210831E-10
 44.0   13470.00   .4212194E-10
 44.0   13480.00   .4213546E-10
 44.0   13490.00   .4214899E-10
 44.0   13500.00   .4216231E-10
 44.0   13510.00   .4217556E-10
 44.0   13520.00   .4218874E-10
 44.0   13530.00   .4220180E-10
 44.0   13540.00   .4221478E-10
 44.0   13550.00   .4222770E-10
 44.0   13560.00   .4224050E-10
 44.0   13570.00   .4225318E-10
 44.0   13580.00   .4226586E-10
 44.0   13590.00   .4227834E-10
 44.0   13600.00   .4229075E-10
 44.0   13610.00   .4230311E-10
 44.0   13620.00   .4231537E-10
 44.0   13630.00   .4232758E-10
 44.0   13640.00   .4233968E-10
 44.0   13650.00   .4235168E-10
 44.0   13660.00   .4236360E-10
 44.0   13670.00   .4237548E-10
 44.0   13680.00   .4238721E-10
 44.0   13690.00   .4239892E-10
 44.0   13700.00   .4241049E-10
 44.0   13710.00   .4250589E-10
 44.0   13720.00   .4260134E-10
 44.0   13730.00   .4269671E-10
 44.0   13740.00   .4279200E-10
 44.0   13750.00   .4288728E-10
 44.0   13760.00   .4298255E-10
 44.0   13770.00   .4307781E-10
 44.0   13780.00   .4317304E-10
 44.0   13790.00   .4326820E-10
 44.0   13800.00   .4336335E-10
 44.0   13810.00   .4345845E-10
 44.0   13820.00   .4355354E-10
 44.0   13830.00   .4364860E-10
 44.0   13840.00   .4374367E-10
 44.0   13850.00   .4383868E-10
 44.0   13860.00   .4393366E-10
 44.0   13870.00   .4402862E-10
 44.0   13880.00   .4412357E-10
 44.0   13890.00   .4421849E-10
 44.0   13900.00   .4431340E-10
 44.0   13910.00   .4440828E-10
 44.0   13920.00   .4450314E-10
 44.0   13930.00   .4459798E-10
 44.0   13940.00   .4469282E-10
 44.0   13950.00   .4478757E-10
 44.0   13960.00   .4488236E-10
 44.0   13970.00   .4497709E-10
 44.0   13980.00   .4507180E-10
 44.0   13990.00   .4516655E-10
 44.0   14000.00   .4526126E-10
 44.0   14010.00   .4535593E-10
 44.0   14020.00   .4545063E-10
 44.0   14030.00   .4554529E-10
 44.0   14040.00   .4563990E-10
 44.0   14050.00   .4573455E-10
 44.0   14060.00   .4582919E-10
 44.0   14070.00   .4592379E-10
 44.0   14080.00   .4601835E-10
 44.0   14090.00   .4611297E-10
 44.0   14100.00   .4620751E-10
 44.0   14110.00   .4630212E-10
 44.0   14120.00   .4639667E-10
 44.0   14130.00   .4649124E-10
 44.0   14140.00   .4658576E-10
 44.0   14150.00   .4668033E-10
 44.0   14160.00   .4677486E-10
 44.0   14170.00   .4686936E-10
 44.0   14180.00   .4696394E-10
 44.0   14190.00   .4705846E-10
 44.0   14200.00   .4715298E-10
 44.0   14210.00   .4724752E-10
 44.0   14220.00   .4734205E-10
 44.0   14230.00   .4743662E-10
 44.0   14240.00   .4753115E-10
 44.0   14250.00   .4762568E-10
 44.0   14260.00   .4772017E-10
 44.0   14270.00   .4781475E-10
 44.0   14280.00   .4790933E-10
 44.0   14290.00   .4800385E-10
 44.0   14300.00   .4809844E-10
 44.0   14310.00   .4819301E-10
 44.0   14320.00   .4828761E-10
 44.0   14330.00   .4838220E-10
 44.0   14340.00   .4847682E-10
 44.0   14350.00   .4857141E-10
 44.0   14360.00   .4866607E-10
 44.0   14370.00   .4876069E-10
 44.0   14380.00   .4885538E-10
 44.0   14390.00   .4895009E-10
 44.0   14400.00   .4904478E-10
 44.0   14410.00   .4913946E-10
 44.0   14420.00   .4923419E-10
 44.0   14430.00   .4932900E-10
 44.0   14440.00   .4942378E-10
 44.0   14450.00   .4951858E-10
 44.0   14460.00   .4961340E-10
 44.0   14470.00   .4970823E-10
 44.0   14480.00   .4980313E-10
 44.0   14490.00   .4989806E-10
 44.0   14500.00   .4999297E-10
 44.0   14510.00   .5008796E-10
 44.0   14520.00   .5018296E-10
 44.0   14530.00   .5027796E-10
 44.0   14540.00   .5037304E-10
 44.0   14550.00   .5046816E-10
 44.0   14560.00   .5056327E-10
 44.0   14570.00   .5065842E-10
 44.0   14580.00   .5075365E-10
 44.0   14590.00   .5084890E-10
 44.0   14600.00   .5094413E-10
 44.0   14610.00   .5103949E-10
 44.0   14620.00   .5113484E-10
 44.0   14630.00   .5123025E-10
 44.0   14640.00   .5132572E-10
 44.0   14650.00   .5142122E-10
 44.0   14660.00   .5151675E-10
 44.0   14670.00   .5161237E-10
 44.0   14680.00   .5170798E-10
 44.0   14690.00   .5180370E-10
 44.0   14700.00   .5189946E-10
 44.0   14710.00   .5199527E-10
 44.0   14720.00   .5209112E-10
 44.0   14730.00   .5218700E-10
 44.0   14740.00   .5228298E-10
 44.0   14750.00   .5237907E-10
 44.0   14760.00   .5247511E-10
 44.0   14770.00   .5257126E-10
 44.0   14780.00   .5266750E-10
 44.0   14790.00   .5276373E-10
 44.0   14800.00   .5286010E-10
 44.0   14810.00   .5295651E-10
 44.0   14820.00   .5305300E-10
 44.0   14830.00   .5314957E-10
 44.0   14840.00   .5324616E-10
 44.0   14850.00   .5334286E-10
 44.0   14860.00   .5343960E-10
 44.0   14870.00   .5353646E-10
 44.0   14880.00   .5363337E-10
 44.0   14890.00   .5373031E-10
 44.0   14900.00   .5382735E-10
 44.0   14910.00   .5392448E-10
 44.0   14920.00   .5402168E-10
 44.0   14930.00   .5411893E-10
 44.0   14940.00   .5421624E-10
 44.0   14950.00   .5431362E-10
 44.0   14960.00   .5441111E-10
 44.0   14970.00   .5450867E-10
 44.0   14980.00   .5460626E-10
 44.0   14990.00   .5470396E-10
 44.0   15000.00   .5480168E-10
 44.0   15010.00   .5481327E-10
 44.0   15020.00   .5482491E-10
 44.0   15030.00   .5483656E-10
 44.0   15040.00   .5484829E-10
 44.0   15050.00   .5485998E-10
 44.0   15060.00   .5487177E-10
 44.0   15070.00   .5488355E-10
 44.0   15080.00   .5489539E-10
 44.0   15090.00   .5490726E-10
 44.0   15100.00   .5491916E-10
 44.0   15110.00   .5493111E-10
 44.0   15120.00   .5494301E-10
 44.0   15130.00   .5495504E-10
 44.0   15140.00   .5496708E-10
 44.0   15150.00   .5497914E-10
 44.0   15160.00   .5499127E-10
 44.0   15170.00   .5500338E-10
 44.0   15180.00   .5501555E-10
 44.0   15190.00   .5502769E-10
 44.0   15200.00   .5503996E-10
 44.0   15210.00   .5505223E-10
 44.0   15220.00   .5506452E-10
 44.0   15230.00   .5507683E-10
 44.0   15240.00   .5508917E-10
 44.0   15250.00   .5510159E-10
 44.0   15260.00   .5511401E-10
 44.0   15270.00   .5512647E-10
 44.0   15280.00   .5513895E-10
 44.0   15290.00   .5515143E-10
 44.0   15300.00   .5516398E-10
 44.0   15310.00   .5517658E-10
 44.0   15320.00   .5518914E-10
 44.0   15330.00   .5520180E-10
 44.0   15340.00   .5521446E-10
 44.0   15350.00   .5522719E-10
 44.0   15360.00   .5523992E-10
 44.0   15370.00   .5525267E-10
 44.0   15380.00   .5526545E-10
 44.0   15390.00   .5527830E-10
 44.0   15400.00   .5529110E-10
 44.0   15410.00   .5530398E-10
 44.0   15420.00   .5531690E-10
 44.0   15430.00   .5532985E-10
 44.0   15440.00   .5534282E-10
 44.0   15450.00   .5535580E-10
 44.0   15460.00   .5536884E-10
 44.0   15470.00   .5538185E-10
 44.0   15480.00   .5539495E-10
 44.0   15490.00   .5540807E-10
 44.0   15500.00   .5542122E-10
 44.0   15510.00   .5543437E-10
 44.0   15520.00   .5544759E-10
 44.0   15530.00   .5546080E-10
 44.0   15540.00   .5547405E-10
 44.0   15550.00   .5548730E-10
 44.0   15560.00   .5550062E-10
 44.0   15570.00   .5551395E-10
 44.0   15580.00   .5552730E-10
 44.0   15590.00   .5554071E-10
 44.0   15600.00   .5555413E-10
 44.0   15610.00   .5556757E-10
 44.0   15620.00   .5558104E-10
 44.0   15630.00   .5559453E-10
 44.0   15640.00   .5560806E-10
 44.0   15650.00   .5562164E-10
 44.0   15660.00   .5563514E-10
 44.0   15670.00   .5564879E-10
 44.0   15680.00   .5566240E-10
 44.0   15690.00   .5567606E-10
 44.0   15700.00   .5568973E-10
 44.0   15710.00   .5570346E-10
 44.0   15720.00   .5571716E-10
 44.0   15730.00   .5573088E-10
 44.0   15740.00   .5574466E-10
 44.0   15750.00   .5575849E-10
 44.0   15760.00   .5577229E-10
 44.0   15770.00   .5578617E-10
 44.0   15780.00   .5580003E-10
 44.0   15790.00   .5581392E-10
 44.0   15800.00   .5582787E-10
 44.0   15810.00   .5584183E-10
 44.0   15820.00   .5585577E-10
 44.0   15830.00   .5586976E-10
 44.0   15840.00   .5588380E-10
 44.0   15850.00   .5589785E-10
 44.0   15860.00   .5591191E-10
 44.0   15870.00   .5592600E-10
 44.0   15880.00   .5594009E-10
 44.0   15890.00   .5595423E-10
 44.0   15900.00   .5596839E-10
 44.0   15910.00   .5598257E-10
 44.0   15920.00   .5599679E-10
 44.0   15930.00   .5601101E-10
 44.0   15940.00   .5602526E-10
 44.0   15950.00   .5603952E-10
 44.0   15960.00   .5605380E-10
 44.0   15970.00   .5606810E-10
 44.0   15980.00   .5608243E-10
 44.0   15990.00   .5609680E-10
 44.0   16000.00   .5611114E-10
 44.0   16010.00   .5612557E-10
 44.0   16020.00   .5613996E-10
 44.0   16030.00   .5615442E-10
 44.0   16040.00   .5616886E-10
 44.0   16050.00   .5618334E-10
 44.0   16060.00   .5619785E-10
 44.0   16070.00   .5621238E-10
 44.0   16080.00   .5622689E-10
 44.0   16090.00   .5624144E-10
 44.0   16100.00   .5625606E-10
 44.0   16110.00   .5627063E-10
 44.0   16120.00   .5628522E-10
 44.0   16130.00   .5629985E-10
 44.0   16140.00   .5631447E-10
 44.0   16150.00   .5632918E-10
 44.0   16160.00   .5634389E-10
 44.0   16170.00   .5635856E-10
 44.0   16180.00   .5637333E-10
 44.0   16190.00   .5638809E-10
 44.0   16200.00   .5640281E-10
 44.0   16210.00   .5641759E-10
 44.0   16220.00   .5643238E-10
 44.0   16230.00   .5644719E-10
 44.0   16240.00   .5646202E-10
 44.0   16250.00   .5647688E-10
 44.0   16260.00   .5646773E-10
 44.0   16270.00   .5645864E-10
 44.0   16280.00   .5644959E-10
 44.0   16290.00   .5644058E-10
 44.0   16300.00   .5643164E-10
 44.0   16310.00   .5642274E-10
 44.0   16320.00   .5641389E-10
 44.0   16330.00   .5640512E-10
 44.0   16340.00   .5639637E-10
 44.0   16350.00   .5638766E-10
 44.0   16360.00   .5637902E-10
 44.0   16370.00   .5637047E-10
 44.0   16380.00   .5636193E-10
 44.0   16390.00   .5635344E-10
 44.0   16400.00   .5634497E-10
 44.0   16410.00   .5633656E-10
 44.0   16420.00   .5632822E-10
 44.0   16430.00   .5631993E-10
 44.0   16440.00   .5631166E-10
 44.0   16450.00   .5630347E-10
 44.0   16460.00   .5629534E-10
 44.0   16470.00   .5628720E-10
 44.0   16480.00   .5627915E-10
 44.0   16490.00   .5627115E-10
 44.0   16500.00   .5626317E-10
 44.0   16510.00   .5625527E-10
 44.0   16520.00   .5624737E-10
 44.0   16530.00   .5623955E-10
 44.0   16540.00   .5623179E-10
 44.0   16550.00   .5622398E-10
 44.0   16560.00   .5621634E-10
 44.0   16570.00   .5620870E-10
 44.0   16580.00   .5620110E-10
 44.0   16590.00   .5619351E-10
 44.0   16600.00   .5618599E-10
 44.0   16610.00   .5617853E-10
 44.0   16620.00   .5617111E-10
 44.0   16630.00   .5616371E-10
 44.0   16640.00   .5615635E-10
 44.0   16650.00   .5614905E-10
 44.0   16660.00   .5614178E-10
 44.0   16670.00   .5613457E-10
 44.0   16680.00   .5612736E-10
 44.0   16690.00   .5612023E-10
 44.0   16700.00   .5611315E-10
 44.0   16710.00   .5610605E-10
 44.0   16720.00   .5609905E-10
 44.0   16730.00   .5609207E-10
 44.0   16740.00   .5608513E-10
 44.0   16750.00   .5607825E-10
 44.0   16760.00   .5607137E-10
 44.0   16770.00   .5606454E-10
 44.0   16780.00   .5605777E-10
 44.0   16790.00   .5605103E-10
 44.0   16800.00   .5604431E-10
 44.0   16810.00   .5603766E-10
 44.0   16820.00   .5603104E-10
 44.0   16830.00   .5602441E-10
 44.0   16840.00   .5601785E-10
 44.0   16850.00   .5601132E-10
 44.0   16860.00   .5600484E-10
 44.0   16870.00   .5599842E-10
 44.0   16880.00   .5599202E-10
 44.0   16890.00   .5598562E-10
 44.0   16900.00   .5597926E-10
 44.0   16910.00   .5597296E-10
 44.0   16920.00   .5596673E-10
 44.0   16930.00   .5596047E-10
 44.0   16940.00   .5595430E-10
 44.0   16950.00   .5594812E-10
 44.0   16960.00   .5594199E-10
 44.0   16970.00   .5593589E-10
 44.0   16980.00   .5592981E-10
 44.0   16990.00   .5592380E-10
 44.0   17000.00   .5591782E-10
 44.0   17010.00   .5591186E-10
 44.0   17020.00   .5590594E-10
 44.0   17030.00   .5590004E-10
 44.0   17040.00   .5589417E-10
 44.0   17050.00   .5588836E-10
 44.0   17060.00   .5588253E-10
 44.0   17070.00   .5587676E-10
 44.0   17080.00   .5587103E-10
 44.0   17090.00   .5586533E-10
 44.0   17100.00   .5585965E-10
 44.0   17110.00   .5585403E-10
 44.0   17120.00   .5584842E-10
 44.0   17130.00   .5584281E-10
 44.0   17140.00   .5583732E-10
 44.0   17150.00   .5583184E-10
 44.0   17160.00   .5582633E-10
 44.0   17170.00   .5582088E-10
 44.0   17180.00   .5581542E-10
 44.0   17190.00   .5581002E-10
 44.0   17200.00   .5580463E-10
 44.0   17210.00   .5579931E-10
 44.0   17220.00   .5579402E-10
 44.0   17230.00   .5578872E-10
 44.0   17240.00   .5578347E-10
 44.0   17250.00   .5577824E-10
 44.0   17260.00   .5577302E-10
 44.0   17270.00   .5576784E-10
 44.0   17280.00   .5576271E-10
 44.0   17290.00   .5575760E-10
 44.0   17300.00   .5575251E-10
 44.0   17310.00   .5574744E-10
 44.0   17320.00   .5574243E-10
 44.0   17330.00   .5573740E-10
 44.0   17340.00   .5573241E-10
 44.0   17350.00   .5572745E-10
 44.0   17360.00   .5572253E-10
 44.0   17370.00   .5571760E-10
 44.0   17380.00   .5571275E-10
 44.0   17390.00   .5570787E-10
 44.0   17400.00   .5570308E-10
 44.0   17410.00   .5569822E-10
 44.0   17420.00   .5569348E-10
 44.0   17430.00   .5568873E-10
 44.0   17440.00   .5568394E-10
 44.0   17450.00   .5567925E-10
 44.0   17460.00   .5567460E-10
 44.0   17470.00   .5566996E-10
 44.0   17480.00   .5566530E-10
 44.0   17490.00   .5566066E-10
 44.0   17500.00   .5565606E-10
 44.0   17510.00   .5565149E-10
 44.0   17520.00   .5564694E-10
 44.0   17530.00   .5564239E-10
 44.0   17540.00   .5563788E-10
 44.0   17550.00   .5563342E-10
 44.0   17560.00   .5562892E-10
 44.0   17570.00   .5562451E-10
 44.0   17580.00   .5562006E-10
 44.0   17590.00   .5561569E-10
 44.0   17600.00   .5561131E-10
 44.0   17610.00   .5560697E-10
 44.0   17620.00   .5560260E-10
 44.0   17630.00   .5559830E-10
 44.0   17640.00   .5559397E-10
 44.0   17650.00   .5558967E-10
 44.0   17660.00   .5558545E-10
 44.0   17670.00   .5558118E-10
 44.0   17680.00   .5557698E-10
 44.0   17690.00   .5557278E-10
 44.0   17700.00   .5556862E-10
 44.0   17710.00   .5556442E-10
 44.0   17720.00   .5556023E-10
 44.0   17730.00   .5555611E-10
 44.0   17740.00   .5555204E-10
 44.0   17750.00   .5554789E-10
 44.0   17760.00   .5554384E-10
 44.0   17770.00   .5553976E-10
 44.0   17780.00   .5553571E-10
 44.0   17790.00   .5553170E-10
 44.0   17800.00   .5552768E-10
 44.0   17810.00   .5552366E-10
 44.0   17820.00   .5551967E-10
 44.0   17830.00   .5551571E-10
 44.0   17840.00   .5551173E-10
 44.0   17850.00   .5550782E-10
 44.0   17860.00   .5550387E-10
 44.0   17870.00   .5550001E-10
 44.0   17880.00   .5549607E-10
 44.0   17890.00   .5549222E-10
 44.0   17900.00   .5548836E-10
 44.0   17910.00   .5548451E-10
 44.0   17920.00   .5548068E-10
 44.0   17930.00   .5547687E-10
 44.0   17940.00   .5547304E-10
 44.0   17950.00   .5546923E-10
 44.0   17960.00   .5546548E-10
 44.0   17970.00   .5546169E-10
 44.0   17980.00   .5545793E-10
 44.0   17990.00   .5545417E-10
 44.0   18000.00   .5545041E-10
 44.0   18010.00   .5527789E-10
 44.0   18020.00   .5510534E-10
 44.0   18030.00   .5493287E-10
 44.0   18040.00   .5476037E-10
 44.0   18050.00   .5458792E-10
 44.0   18060.00   .5441553E-10
 44.0   18070.00   .5424315E-10
 44.0   18080.00   .5407083E-10
 44.0   18090.00   .5389854E-10
 44.0   18100.00   .5372626E-10
 44.0   18110.00   .5355401E-10
 44.0   18120.00   .5338181E-10
 44.0   18130.00   .5320963E-10
 44.0   18140.00   .5303750E-10
 44.0   18150.00   .5286539E-10
 44.0   18160.00   .5269331E-10
 44.0   18170.00   .5252127E-10
 44.0   18180.00   .5234921E-10
 44.0   18190.00   .5217721E-10
 44.0   18200.00   .5200524E-10
 44.0   18210.00   .5183332E-10
 44.0   18220.00   .5166139E-10
 44.0   18230.00   .5148948E-10
 44.0   18240.00   .5131766E-10
 44.0   18250.00   .5114582E-10
 44.0   18260.00   .5097402E-10
 44.0   18270.00   .5080223E-10
 44.0   18280.00   .5063048E-10
 44.0   18290.00   .5045880E-10
 44.0   18300.00   .5028711E-10
 44.0   18310.00   .5011541E-10
 44.0   18320.00   .4994377E-10
 44.0   18330.00   .4977216E-10
 44.0   18340.00   .4960055E-10
 44.0   18350.00   .4942899E-10
 44.0   18360.00   .4925744E-10
 44.0   18370.00   .4908595E-10
 44.0   18380.00   .4891444E-10
 44.0   18390.00   .4874296E-10
 44.0   18400.00   .4857154E-10
 44.0   18410.00   .4840010E-10
 44.0   18420.00   .4822870E-10
 44.0   18430.00   .4805735E-10
 44.0   18440.00   .4788603E-10
 44.0   18450.00   .4771464E-10
 44.0   18460.00   .4754336E-10
 44.0   18470.00   .4737210E-10
 44.0   18480.00   .4720080E-10
 44.0   18490.00   .4702958E-10
 44.0   18500.00   .4685837E-10
 44.0   18510.00   .4668715E-10
 44.0   18520.00   .4651601E-10
 44.0   18530.00   .4634486E-10
 44.0   18540.00   .4617376E-10
 44.0   18550.00   .4600262E-10
 44.0   18560.00   .4583154E-10
 44.0   18570.00   .4566046E-10
 44.0   18580.00   .4548944E-10
 44.0   18590.00   .4531839E-10
 44.0   18600.00   .4514740E-10
 44.0   18610.00   .4497642E-10
 44.0   18620.00   .4480545E-10
 44.0   18630.00   .4463450E-10
 44.0   18640.00   .4446359E-10
 44.0   18650.00   .4429267E-10
 44.0   18660.00   .4412179E-10
 44.0   18670.00   .4395089E-10
 44.0   18680.00   .4378006E-10
 44.0   18690.00   .4360926E-10
 44.0   18700.00   .4343842E-10
 44.0   18710.00   .4326762E-10
 44.0   18720.00   .4309682E-10
 44.0   18730.00   .4292608E-10
 44.0   18740.00   .4275534E-10
 44.0   18750.00   .4258464E-10
 44.0   18760.00   .4241395E-10
 44.0   18770.00   .4224324E-10
 44.0   18780.00   .4207257E-10
 44.0   18790.00   .4190195E-10
 44.0   18800.00   .4173128E-10
 44.0   18810.00   .4156068E-10
 44.0   18820.00   .4139011E-10
 44.0   18830.00   .4121953E-10
 44.0   18840.00   .4104894E-10
 44.0   18850.00   .4087841E-10
 44.0   18860.00   .4070787E-10
 44.0   18870.00   .4053735E-10
 44.0   18880.00   .4036686E-10
 44.0   18890.00   .4019640E-10
 44.0   18900.00   .4002594E-10
 44.0   18910.00   .3985548E-10
 44.0   18920.00   .3968506E-10
 44.0   18930.00   .3951462E-10
 44.0   18940.00   .3934425E-10
 44.0   18950.00   .3917384E-10
 44.0   18960.00   .3900348E-10
 44.0   18970.00   .3883310E-10
 44.0   18980.00   .3866279E-10
 44.0   18990.00   .3849248E-10
 44.0   19000.00   .3832219E-10
 44.0   19010.00   .3815187E-10
 44.0   19020.00   .3798162E-10
 44.0   19030.00   .3781135E-10
 44.0   19040.00   .3764111E-10
 44.0   19050.00   .3747089E-10
 44.0   19060.00   .3730066E-10
 44.0   19070.00   .3713051E-10
 44.0   19080.00   .3696032E-10
 44.0   19090.00   .3679015E-10
 44.0   19100.00   .3661999E-10
 44.0   19110.00   .3644988E-10
 44.0   19120.00   .3627976E-10
 44.0   19130.00   .3610965E-10
 44.0   19140.00   .3593957E-10
 44.0   19150.00   .3576949E-10
 44.0   19160.00   .3559943E-10
 44.0   19170.00   .3542937E-10
 44.0   19180.00   .3525934E-10
 44.0   19190.00   .3508936E-10
 44.0   19200.00   .3491936E-10
 44.0   19210.00   .3474935E-10
 44.0   19220.00   .3457936E-10
 44.0   19230.00   .3440941E-10
 44.0   19240.00   .3423950E-10
 44.0   19250.00   .3406955E-10
 44.0   19260.00   .3389967E-10
 44.0   19270.00   .3372976E-10
 44.0   19280.00   .3355989E-10
 44.0   19290.00   .3339003E-10
 44.0   19300.00   .3322017E-10
 44.0   19310.00   .3305035E-10
 44.0   19320.00   .3288052E-10
 44.0   19330.00   .3271071E-10
 44.0   19340.00   .3254094E-10
 44.0   19350.00   .3237116E-10
 44.0   19360.00   .3220139E-10
 44.0   19370.00   .3203164E-10
 44.0   19380.00   .3186191E-10
 44.0   19390.00   .3169219E-10
 44.0   19400.00   .3152252E-10
 44.0   19410.00   .3135284E-10
 44.0   19420.00   .3118316E-10
 44.0   19430.00   .3101350E-10
 44.0   19440.00   .3084387E-10
 44.0   19450.00   .3067427E-10
 44.0   19460.00   .3050465E-10
 44.0   19470.00   .3033507E-10
 44.0   19480.00   .3016549E-10
 44.0   19490.00   .2999592E-10
 44.0   19500.00   .2982640E-10
 44.0   19510.00   .2965685E-10
 44.0   19520.00   .2948734E-10
 44.0   19530.00   .2931784E-10
 44.0   19540.00   .2914836E-10
 44.0   19550.00   .2897889E-10
 44.0   19560.00   .2880945E-10
 44.0   19570.00   .2864001E-10
 44.0   19580.00   .2847065E-10
 44.0   19590.00   .2830121E-10
 44.0   19600.00   .2813185E-10
 44.0   19610.00   .2796246E-10
 44.0   19620.00   .2779311E-10
 44.0   19630.00   .2762379E-10
 44.0   19640.00   .2745447E-10
 44.0   19650.00   .2728518E-10
 44.0   19660.00   .2711592E-10
 44.0   19670.00   .2694664E-10
 44.0   19680.00   .2677740E-10
 44.0   19690.00   .2660818E-10
 44.0   19700.00   .2643900E-10
 44.0   19710.00   .2626980E-10
 44.0   19720.00   .2610067E-10
 44.0   19730.00   .2593151E-10
 44.0   19740.00   .2576242E-10
 44.0   19750.00   .2559330E-10
 44.0   19760.00   .2542423E-10
 44.0   19770.00   .2525517E-10
 44.0   19780.00   .2508615E-10
 44.0   19790.00   .2491713E-10
 44.0   19800.00   .2474814E-10
 44.0   19810.00   .2457915E-10
 44.0   19820.00   .2441022E-10
 44.0   19830.00   .2424130E-10
 44.0   19840.00   .2407241E-10
 44.0   19850.00   .2390353E-10
 44.0   19860.00   .2373469E-10
 44.0   19870.00   .2356585E-10
 44.0   19880.00   .2339705E-10
 44.0   19890.00   .2322826E-10
 44.0   19900.00   .2305953E-10
 44.0   19910.00   .2289079E-10
 44.0   19920.00   .2272210E-10
 44.0   19930.00   .2255340E-10
 44.0   19940.00   .2238475E-10
 44.0   19950.00   .2221613E-10
 44.0   19960.00   .2204753E-10
 44.0   19970.00   .2187895E-10
 44.0   19980.00   .2171040E-10
 44.0   19990.00   .2154187E-10
 44.0   20000.00   .2137337E-10
 44.0   20010.00   .2120489E-10
 44.0   20020.00   .2103648E-10
 44.0   20030.00   .2086804E-10
 44.0   20040.00   .2069964E-10
 44.0   20050.00   .2053132E-10
 44.0   20060.00   .2036297E-10
 44.0   20070.00   .2019465E-10
 44.0   20080.00   .2002637E-10
 44.0   20090.00   .1985815E-10
 44.0   20100.00   .1968991E-10
 44.0   20110.00   .1968802E-10
 44.0   20120.00   .1968611E-10
 44.0   20130.00   .1968421E-10
 44.0   20140.00   .1968231E-10
 44.0   20150.00   .1968040E-10
 44.0   20160.00   .1967847E-10
 44.0   20170.00   .1967656E-10
 44.0   20180.00   .1967463E-10
 44.0   20190.00   .1967273E-10
 44.0   20200.00   .1967081E-10
 44.0   20210.00   .1966887E-10
 44.0   20220.00   .1966694E-10
 44.0   20230.00   .1966501E-10
 44.0   20240.00   .1966308E-10
 44.0   20250.00   .1966113E-10
 44.0   20260.00   .1965920E-10
 44.0   20270.00   .1965726E-10
 44.0   20280.00   .1965532E-10
 44.0   20290.00   .1965338E-10
 44.0   20300.00   .1965143E-10
 44.0   20310.00   .1964948E-10
 44.0   20320.00   .1964753E-10
 44.0   20330.00   .1964557E-10
 44.0   20340.00   .1964361E-10
 44.0   20350.00   .1964167E-10
 44.0   20360.00   .1963972E-10
 44.0   20370.00   .1963775E-10
 44.0   20380.00   .1963580E-10
 44.0   20390.00   .1963384E-10
 44.0   20400.00   .1963188E-10
 44.0   20410.00   .1962990E-10
 44.0   20420.00   .1962797E-10
 44.0   20430.00   .1962599E-10
 44.0   20440.00   .1962402E-10
 44.0   20450.00   .1962206E-10
 44.0   20460.00   .1962009E-10
 44.0   20470.00   .1961813E-10
 44.0   20480.00   .1961616E-10
 44.0   20490.00   .1961420E-10
 44.0   20500.00   .1961223E-10
 44.0   20510.00   .1961027E-10
 44.0   20520.00   .1960831E-10
 44.0   20530.00   .1960634E-10
 44.0   20540.00   .1960438E-10
 44.0   20550.00   .1960240E-10
 44.0   20560.00   .1960044E-10
 44.0   20570.00   .1959848E-10
 44.0   20580.00   .1959652E-10
 44.0   20590.00   .1959453E-10
 44.0   20600.00   .1959261E-10
 44.0   20610.00   .1959063E-10
 44.0   20620.00   .1958865E-10
 44.0   20630.00   .1958671E-10
 44.0   20640.00   .1958475E-10
 44.0   20650.00   .1958280E-10
 44.0   20660.00   .1958081E-10
 44.0   20670.00   .1957887E-10
 44.0   20680.00   .1957691E-10
 44.0   20690.00   .1957496E-10
 44.0   20700.00   .1957301E-10
 44.0   20710.00   .1957107E-10
 44.0   20720.00   .1956911E-10
 44.0   20730.00   .1956716E-10
 44.0   20740.00   .1956522E-10
 44.0   20750.00   .1956328E-10
 44.0   20760.00   .1956133E-10
 44.0   20770.00   .1955939E-10
 44.0   20780.00   .1955744E-10
 44.0   20790.00   .1955552E-10
 44.0   20800.00   .1955358E-10
 44.0   20810.00   .1955166E-10
 44.0   20820.00   .1954972E-10
 44.0   20830.00   .1954781E-10
 44.0   20840.00   .1954587E-10
 44.0   20850.00   .1954396E-10
 44.0   20860.00   .1954203E-10
 44.0   20870.00   .1954013E-10
 44.0   20880.00   .1953820E-10
 44.0   20890.00   .1953628E-10
 44.0   20900.00   .1953438E-10
 44.0   20910.00   .1953247E-10
 44.0   20920.00   .1953058E-10
 44.0   20930.00   .1952868E-10
 44.0   20940.00   .1952678E-10
 44.0   20950.00   .1952491E-10
 44.0   20960.00   .1952302E-10
 44.0   20970.00   .1952113E-10
 44.0   20980.00   .1951925E-10
 44.0   20990.00   .1951738E-10
 44.0   21000.00   .1951550E-10
 44.0   21010.00   .1951362E-10
 44.0   21020.00   .1951176E-10
 44.0   21030.00   .1950991E-10
 44.0   21040.00   .1950805E-10
 44.0   21050.00   .1950620E-10
 44.0   21060.00   .1950434E-10
 44.0   21070.00   .1950250E-10
 44.0   21080.00   .1950066E-10
 44.0   21090.00   .1949884E-10
 44.0   21100.00   .1949700E-10
 44.0   21110.00   .1949516E-10
 44.0   21120.00   .1949336E-10
 44.0   21130.00   .1949155E-10
 44.0   21140.00   .1948974E-10
 44.0   21150.00   .1948791E-10
 44.0   21160.00   .1948612E-10
 44.0   21170.00   .1948432E-10
 44.0   21180.00   .1948254E-10
 44.0   21190.00   .1948075E-10
 44.0   21200.00   .1947898E-10
 44.0   21210.00   .1947721E-10
 44.0   21220.00   .1947543E-10
 44.0   21230.00   .1947367E-10
 44.0   21240.00   .1947193E-10
 44.0   21250.00   .1947015E-10
 44.0   21260.00   .1946841E-10
 44.0   21270.00   .1946670E-10
 44.0   21280.00   .1946493E-10
 44.0   21290.00   .1946320E-10
 44.0   21300.00   .1946150E-10
 44.0   21310.00   .1945979E-10
 44.0   21320.00   .1945808E-10
 44.0   21330.00   .1945637E-10
 44.0   21340.00   .1945467E-10
 44.0   21350.00   .1945299E-10
 44.0   21360.00   .1945131E-10
 44.0   21370.00   .1944964E-10
 44.0   21380.00   .1944794E-10
 44.0   21390.00   .1944630E-10
 44.0   21400.00   .1944466E-10
 44.0   21410.00   .1944300E-10
 44.0   21420.00   .1944136E-10
 44.0   21430.00   .1943973E-10
 44.0   21440.00   .1943809E-10
 44.0   21450.00   .1943648E-10
 44.0   21460.00   .1943487E-10
 44.0   21470.00   .1943326E-10
 44.0   21480.00   .1943168E-10
 44.0   21490.00   .1943008E-10
 44.0   21500.00   .1942849E-10
 44.0   21510.00   .1942693E-10
 44.0   21520.00   .1942537E-10
 44.0   21530.00   .1942382E-10
 44.0   21540.00   .1942227E-10
 44.0   21550.00   .1942073E-10
 44.0   21560.00   .1941919E-10
 44.0   21570.00   .1941768E-10
 44.0   21580.00   .1941615E-10
 44.0   21590.00   .1941465E-10
 44.0   21600.00   .1941315E-10
 44.0   21610.00   .1941165E-10
 44.0   21620.00   .1941018E-10
 44.0   21630.00   .1940873E-10
 44.0   21640.00   .1940725E-10
 44.0   21650.00   .1940579E-10
 44.0   21660.00   .1940435E-10
 44.0   21670.00   .1940290E-10
 44.0   21680.00   .1940148E-10
 44.0   21690.00   .1940009E-10
 44.0   21700.00   .1939867E-10
 44.0   21710.00   .1939725E-10
 44.0   21720.00   .1939587E-10
 44.0   21730.00   .1939449E-10
 44.0   21740.00   .1939312E-10
 44.0   21750.00   .1939178E-10
 44.0   21760.00   .1939043E-10
 44.0   21770.00   .1938907E-10
 44.0   21780.00   .1938774E-10
 44.0   21790.00   .1938644E-10
 44.0   21800.00   .1938512E-10
 44.0   21810.00   .1938383E-10
 44.0   21820.00   .1938252E-10
 44.0   21830.00   .1938125E-10
 44.0   21840.00   .1937999E-10
 44.0   21850.00   .1937872E-10
 44.0   21860.00   .1937747E-10
 44.0   21870.00   .1937625E-10
 44.0   21880.00   .1937503E-10
 44.0   21890.00   .1937380E-10
 44.0   21900.00   .1937260E-10
 44.0   21910.00   .1937140E-10
 44.0   21920.00   .1937021E-10
 44.0   21930.00   .1936905E-10
 44.0   21940.00   .1936791E-10
 44.0   21950.00   .1936676E-10
 44.0   21960.00   .1936562E-10
 44.0   21970.00   .1936448E-10
 44.0   21980.00   .1936337E-10
 44.0   21990.00   .1936227E-10
 44.0   22000.00   .1936118E-10
 44.0   22010.00   .1936010E-10
 44.0   22020.00   .1935904E-10
 44.0   22030.00   .1935798E-10
 44.0   22040.00   .1935693E-10
 44.0   22050.00   .1935589E-10
 44.0   22060.00   .1935488E-10
 44.0   22070.00   .1935387E-10
 44.0   22080.00   .1935288E-10
 44.0   22090.00   .1935189E-10
 44.0   22100.00   .1935095E-10
 44.0   22110.00   .1934999E-10
 44.0   22120.00   .1934903E-10
 44.0   22130.00   .1934812E-10
 44.0   22140.00   .1934718E-10
 44.0   22150.00   .1934627E-10
 44.0   22160.00   .1934541E-10
 44.0   22170.00   .1934451E-10
 44.0   22180.00   .1934366E-10
 44.0   22190.00   .1934278E-10
 44.0   22200.00   .1934195E-10
 44.0   22210.00   .1934110E-10
 44.0   22220.00   .1934033E-10
 44.0   22230.00   .1933952E-10
 44.0   22240.00   .1933874E-10
 44.0   22250.00   .1933794E-10
 44.0   22260.00   .1933720E-10
 44.0   22270.00   .1933646E-10
 44.0   22280.00   .1933574E-10
 44.0   22290.00   .1933502E-10
 44.0   22300.00   .1933431E-10
 44.0   22310.00   .1933362E-10
 44.0   22320.00   .1933296E-10
 44.0   22330.00   .1933228E-10
 44.0   22340.00   .1933164E-10
 44.0   22350.00   .1933100E-10
 44.0   22360.00   .1933038E-10
 44.0   22370.00   .1932981E-10
 44.0   22380.00   .1932921E-10
 44.0   22390.00   .1932863E-10
 44.0   22400.00   .1932807E-10
 44.0   22410.00   .1932752E-10
 44.0   22420.00   .1932701E-10
 44.0   22430.00   .1932652E-10
 44.0   22440.00   .1932600E-10
 44.0   22450.00   .1932550E-10
 44.0   22460.00   .1932505E-10
 44.0   22470.00   .1932458E-10
 44.0   22480.00   .1932414E-10
 44.0   22490.00   .1932371E-10
 44.0   22500.00   .1932330E-10
 44.0   22510.00   .1932290E-10
 44.0   22520.00   .1932253E-10
 44.0   22530.00   .1932214E-10
 44.0   22540.00   .1932179E-10
 44.0   22550.00   .1932144E-10
 44.0   22560.00   .1932110E-10
 44.0   22570.00   .1932078E-10
 44.0   22580.00   .1932047E-10
 44.0   22590.00   .1932019E-10
 44.0   22600.00   .1931992E-10
 44.0   22610.00   .1931965E-10
 44.0   22620.00   .1931940E-10
 44.0   22630.00   .1931918E-10
 44.0   22640.00   .1931894E-10
 44.0   22650.00   .1931874E-10
 44.0   22660.00   .1931854E-10
 44.0   22670.00   .1931834E-10
 44.0   22680.00   .1931820E-10
 44.0   22690.00   .1931802E-10
 44.0   22700.00   .1931788E-10
 44.0   22710.00   .1931773E-10
 44.0   22720.00   .1931762E-10
 44.0   22730.00   .1931752E-10
 44.0   22740.00   .1931743E-10
 44.0   22750.00   .1931733E-10
 44.0   22760.00   .1931728E-10
 44.0   22770.00   .1931722E-10
 44.0   22780.00   .1931716E-10
 44.0   22790.00   .1931715E-10
 44.0   22800.00   .1931713E-10
 44.0   22810.00   .1931713E-10
 44.0   22820.00   .1931712E-10
 44.0   22830.00   .1931713E-10
 44.0   22840.00   .1931716E-10
 44.0   22850.00   .1931722E-10
 44.0   22860.00   .1931728E-10
 44.0   22870.00   .1931734E-10
 44.0   22880.00   .1931739E-10
 44.0   22890.00   .1931749E-10
 44.0   22900.00   .1931761E-10
 44.0   22910.00   .1931772E-10
 44.0   22920.00   .1931785E-10
 44.0   22930.00   .1931800E-10
 44.0   22940.00   .1931813E-10
 44.0   22950.00   .1931828E-10
 44.0   22960.00   .1931846E-10
 44.0   22970.00   .1931865E-10
 44.0   22980.00   .1931886E-10
 44.0   22990.00   .1931907E-10
 44.0   23000.00   .1931928E-10
 44.0   23010.00   .1931949E-10
 44.0   23020.00   .1931974E-10
 44.0   23030.00   .1932000E-10
 44.0   23040.00   .1932027E-10
 44.0   23050.00   .1932053E-10
 44.0   23060.00   .1932080E-10
 44.0   23070.00   .1932110E-10
 44.0   23080.00   .1932142E-10
 44.0   23090.00   .1932173E-10
 44.0   23100.00   .1932208E-10
 44.0   23110.00   .1932239E-10
 44.0   23120.00   .1932277E-10
 44.0   23130.00   .1932310E-10
 44.0   23140.00   .1932349E-10
 44.0   23150.00   .1932387E-10
 44.0   23160.00   .1932425E-10
 44.0   23170.00   .1932465E-10
 44.0   23180.00   .1932506E-10
 44.0   23190.00   .1932550E-10
 44.0   23200.00   .1932592E-10
 44.0   23210.00   .1932636E-10
 44.0   23220.00   .1932684E-10
 44.0   23230.00   .1932730E-10
 44.0   23240.00   .1932776E-10
 44.0   23250.00   .1932824E-10
 44.0   23260.00   .1932875E-10
 44.0   23270.00   .1932925E-10
 44.0   23280.00   .1932975E-10
 44.0   23290.00   .1933029E-10
 44.0   23300.00   .1933081E-10
 44.0   23310.00   .1933136E-10
 44.0   23320.00   .1933191E-10
 44.0   23330.00   .1933248E-10
 44.0   23340.00   .1933304E-10
 44.0   23350.00   .1933362E-10
 44.0   23360.00   .1933421E-10
 44.0   23370.00   .1933481E-10
 44.0   23380.00   .1933541E-10
 44.0   23390.00   .1933604E-10
 44.0   23400.00   .1933668E-10
 44.0   23410.00   .1933731E-10
 44.0   23420.00   .1933796E-10
 44.0   23430.00   .1933861E-10
 44.0   23440.00   .1933928E-10
 44.0   23450.00   .1933995E-10
 44.0   23460.00   .1934062E-10
 44.0   23470.00   .1934131E-10
 44.0   23480.00   .1934202E-10
 44.0   23490.00   .1934271E-10
 44.0   23500.00   .1934342E-10
 44.0   23510.00   .1934417E-10
 44.0   23520.00   .1934490E-10
 44.0   23530.00   .1934564E-10
 44.0   23540.00   .1934638E-10
 44.0   23550.00   .1934715E-10
 44.0   23560.00   .1934791E-10
 44.0   23570.00   .1934868E-10
 44.0   23580.00   .1934948E-10
 44.0   23590.00   .1935028E-10
 44.0   23600.00   .1935107E-10
 44.0   23610.00   .1935187E-10
 44.0   23620.00   .1935269E-10
 44.0   23630.00   .1935351E-10
 44.0   23640.00   .1935435E-10
 44.0   23650.00   .1935520E-10
 44.0   23660.00   .1935604E-10
 44.0   23670.00   .1935690E-10
 44.0   23680.00   .1935775E-10
 44.0   23690.00   .1935864E-10
 44.0   23700.00   .1935951E-10
 44.0   23710.00   .1936039E-10
 44.0   23720.00   .1936130E-10
 44.0   23730.00   .1936220E-10
 44.0   23740.00   .1936308E-10
 44.0   23750.00   .1936400E-10
 44.0   23760.00   .1936493E-10
 44.0   23770.00   .1936586E-10
 44.0   23780.00   .1936681E-10
 44.0   23790.00   .1936775E-10
 44.0   23800.00   .1936871E-10
 44.0   23810.00   .1936967E-10
 44.0   23820.00   .1937063E-10
 44.0   23830.00   .1937159E-10
 44.0   23840.00   .1937258E-10
 44.0   23850.00   .1937358E-10
 44.0   23860.00   .1937456E-10
 44.0   23870.00   .1937555E-10
 44.0   23880.00   .1937656E-10
 44.0   23890.00   .1937760E-10
 44.0   23900.00   .1937860E-10
 44.0   23910.00   .1937964E-10
 44.0   23920.00   .1938065E-10
 44.0   23930.00   .1938170E-10
 44.0   23940.00   .1938276E-10
 44.0   23950.00   .1938380E-10
 44.0   23960.00   .1938486E-10
 44.0   23970.00   .1938592E-10
 44.0   23980.00   .1938700E-10
 44.0   23990.00   .1938807E-10
 44.0   24000.00   .1938916E-10
 44.0   24010.00   .1939025E-10
 44.0   24020.00   .1939132E-10
 44.0   24030.00   .1939244E-10
 44.0   24040.00   .1939356E-10
 44.0   24050.00   .1939466E-10
 44.0   24060.00   .1939576E-10
 44.0   24070.00   .1939690E-10
 44.0   24080.00   .1939801E-10
 44.0   24090.00   .1939914E-10
 44.0   24100.00   .1940031E-10
 44.0   24110.00   .1940144E-10
 44.0   24120.00   .1940258E-10
 44.0   24130.00   .1940375E-10
 44.0   24140.00   .1940490E-10
 44.0   24150.00   .1940608E-10
 44.0   24160.00   .1940725E-10
 44.0   24170.00   .1940842E-10
 44.0   24180.00   .1940960E-10
 44.0   24190.00   .1941079E-10
 44.0   24200.00   .1941198E-10
 44.0   24210.00   .1941319E-10
 44.0   24220.00   .1941440E-10
 44.0   24230.00   .1941562E-10
 44.0   24240.00   .1941680E-10
 44.0   24250.00   .1941803E-10
 44.0   24260.00   .1941924E-10
 44.0   24270.00   .1942046E-10
 44.0   24280.00   .1942171E-10
 44.0   24290.00   .1942293E-10
 44.0   24300.00   .1942417E-10
 44.0   24310.00   .1942541E-10
 44.0   24320.00   .1942667E-10
 44.0   24330.00   .1942792E-10
 44.0   24340.00   .1942918E-10
 44.0   24350.00   .1943043E-10
 44.0   24360.00   .1943170E-10
 44.0   24370.00   .1943297E-10
 44.0   24380.00   .1943424E-10
 44.0   24390.00   .1943551E-10
 44.0   24400.00   .1943679E-10
 44.0   24410.00   .1943808E-10
 44.0   24420.00   .1943937E-10
 44.0   24430.00   .1944065E-10
 44.0   24440.00   .1944195E-10
 44.0   24450.00   .1944323E-10
 44.0   24460.00   .1944454E-10
 44.0   24470.00   .1944585E-10
 44.0   24480.00   .1944717E-10
 44.0   24490.00   .1944848E-10
 44.0   24500.00   .1944981E-10
 44.0   24510.00   .1945112E-10
 44.0   24520.00   .1945245E-10
 44.0   24530.00   .1945377E-10
 44.0   24540.00   .1945510E-10
 44.0   24550.00   .1945645E-10
 44.0   24560.00   .1945779E-10
 44.0   24570.00   .1945912E-10
 44.0   24580.00   .1946044E-10
 44.0   24590.00   .1946177E-10
 44.0   24600.00   .1946315E-10
 44.0   24610.00   .1946451E-10
 44.0   24620.00   .1946585E-10
 44.0   24630.00   .1946720E-10
 44.0   24640.00   .1946855E-10
 44.0   24650.00   .1946992E-10
 44.0   24660.00   .1947128E-10
 44.0   24670.00   .1947265E-10
 44.0   24680.00   .1947403E-10
 44.0   24690.00   .1947538E-10
 44.0   24700.00   .1947678E-10
 44.0   24710.00   .1947812E-10
 44.0   24720.00   .1947951E-10
 44.0   24730.00   .1948089E-10
 44.0   24740.00   .1948228E-10
 44.0   24750.00   .1948367E-10
 44.0   24760.00   .1948505E-10
 44.0   24770.00   .1948642E-10
 44.0   24780.00   .1948781E-10
 44.0   24790.00   .1948923E-10
 44.0   24800.00   .1949060E-10
 44.0   24810.00   .1949202E-10
 44.0   24820.00   .1949341E-10
 44.0   24830.00   .1949481E-10
 44.0   24840.00   .1949618E-10
 44.0   24850.00   .1949762E-10
 44.0   24860.00   .1949901E-10
 44.0   24870.00   .1950040E-10
 44.0   24880.00   .1950183E-10
 44.0   24890.00   .1950323E-10
 44.0   24900.00   .1950464E-10
 44.0   24910.00   .1950604E-10
 44.0   24920.00   .1950745E-10
 44.0   24930.00   .1950888E-10
 44.0   24940.00   .1951028E-10
 44.0   24950.00   .1951169E-10
 44.0   24960.00   .1951310E-10
 44.0   24970.00   .1951452E-10
 44.0   24980.00   .1951595E-10
 44.0   24990.00   .1951737E-10
 44.0   25000.00   .1951878E-10
