 13.0    1000.00   .9322328E-14
 13.0    1010.00   .4091743E-13
 13.0    1020.00   .1189993E-12
 13.0    1030.00   .2775804E-12
 13.0    1040.00   .5625354E-12
 13.0    1050.00   .1032596E-11
 13.0    1060.00   .1759803E-11
 13.0    1070.00   .2829277E-11
 13.0    1080.00   .4338234E-11
 13.0    1090.00   .6394123E-11
 13.0    1100.00   .9111863E-11
 13.0    1110.00   .1261021E-10
 13.0    1120.00   .1700716E-10
 13.0    1130.00   .2241461E-10
 13.0    1140.00   .2893235E-10
 13.0    1150.00   .3664157E-10
 13.0    1160.00   .4559806E-10
 13.0    1170.00   .5582544E-10
 13.0    1180.00   .6730895E-10
 13.0    1190.00   .7998953E-10
 13.0    1200.00   .9375936E-10
 13.0    1210.00   .1084585E-09
 13.0    1220.00   .1238733E-09
 13.0    1230.00   .1397377E-09
 13.0    1240.00   .1557352E-09
 13.0    1250.00   .1715054E-09
 13.0    1260.00   .1866878E-09
 13.0    1270.00   .2010608E-09
 13.0    1280.00   .2144768E-09
 13.0    1290.00   .2268334E-09
 13.0    1300.00   .2380747E-09
 13.0    1310.00   .2481906E-09
 13.0    1320.00   .2572136E-09
 13.0    1330.00   .2652169E-09
 13.0    1340.00   .2723083E-09
 13.0    1350.00   .2786277E-09
 13.0    1360.00   .2843411E-09
 13.0    1370.00   .2896376E-09
 13.0    1380.00   .2947200E-09
 13.0    1390.00   .2996980E-09
 13.0    1400.00   .3045776E-09
 13.0    1410.00   .3093592E-09
 13.0    1420.00   .3140430E-09
 13.0    1430.00   .3186299E-09
 13.0    1440.00   .3231209E-09
 13.0    1450.00   .3275189E-09
 13.0    1460.00   .3318279E-09
 13.0    1470.00   .3360537E-09
 13.0    1480.00   .3402043E-09
 13.0    1490.00   .3442890E-09
 13.0    1500.00   .3483199E-09
 13.0    1510.00   .3523095E-09
 13.0    1520.00   .3562690E-09
 13.0    1530.00   .3602087E-09
 13.0    1540.00   .3641381E-09
 13.0    1550.00   .3680669E-09
 13.0    1560.00   .3720043E-09
 13.0    1570.00   .3759591E-09
 13.0    1580.00   .3799402E-09
 13.0    1590.00   .3839556E-09
 13.0    1600.00   .3880141E-09
 13.0    1610.00   .3921236E-09
 13.0    1620.00   .3962924E-09
 13.0    1630.00   .4005285E-09
 13.0    1640.00   .4048402E-09
 13.0    1650.00   .4092356E-09
 13.0    1660.00   .4137232E-09
 13.0    1670.00   .4183114E-09
 13.0    1680.00   .4230089E-09
 13.0    1690.00   .4278247E-09
 13.0    1700.00   .4327681E-09
 13.0    1710.00   .4378487E-09
 13.0    1720.00   .4430765E-09
 13.0    1730.00   .4484619E-09
 13.0    1740.00   .4540157E-09
 13.0    1750.00   .4597493E-09
 13.0    1760.00   .4656717E-09
 13.0    1770.00   .4717810E-09
 13.0    1780.00   .4780719E-09
 13.0    1790.00   .4845388E-09
 13.0    1800.00   .4911756E-09
 13.0    1810.00   .4979755E-09
 13.0    1820.00   .5049313E-09
 13.0    1830.00   .5120352E-09
 13.0    1840.00   .5192787E-09
 13.0    1850.00   .5266529E-09
 13.0    1860.00   .5341481E-09
 13.0    1870.00   .5417542E-09
 13.0    1880.00   .5494599E-09
 13.0    1890.00   .5572540E-09
 13.0    1900.00   .5651238E-09
 13.0    1910.00   .5730564E-09
 13.0    1920.00   .5810380E-09
 13.0    1930.00   .5890539E-09
 13.0    1940.00   .5970889E-09
 13.0    1950.00   .6051269E-09
 13.0    1960.00   .6131509E-09
 13.0    1970.00   .6211433E-09
 13.0    1980.00   .6290854E-09
 13.0    1990.00   .6369577E-09
 13.0    2000.00   .6447402E-09
 13.0    2010.00   .6524157E-09
 13.0    2020.00   .6599837E-09
 13.0    2030.00   .6674473E-09
 13.0    2040.00   .6748106E-09
 13.0    2050.00   .6820778E-09
 13.0    2060.00   .6892533E-09
 13.0    2070.00   .6963419E-09
 13.0    2080.00   .7033491E-09
 13.0    2090.00   .7102799E-09
 13.0    2100.00   .7171408E-09
 13.0    2110.00   .7239377E-09
 13.0    2120.00   .7306774E-09
 13.0    2130.00   .7373668E-09
 13.0    2140.00   .7440131E-09
 13.0    2150.00   .7506242E-09
 13.0    2160.00   .7572082E-09
 13.0    2170.00   .7637736E-09
 13.0    2180.00   .7703292E-09
 13.0    2190.00   .7768842E-09
 13.0    2200.00   .7834485E-09
 13.0    2210.00   .7900321E-09
 13.0    2220.00   .7966457E-09
 13.0    2230.00   .8033002E-09
 13.0    2240.00   .8100068E-09
 13.0    2250.00   .8167777E-09
 13.0    2260.00   .8236199E-09
 13.0    2270.00   .8305199E-09
 13.0    2280.00   .8374582E-09
 13.0    2290.00   .8444150E-09
 13.0    2300.00   .8513692E-09
 13.0    2310.00   .8582996E-09
 13.0    2320.00   .8651841E-09
 13.0    2330.00   .8719997E-09
 13.0    2340.00   .8787231E-09
 13.0    2350.00   .8853301E-09
 13.0    2360.00   .8917959E-09
 13.0    2370.00   .8980951E-09
 13.0    2380.00   .9042015E-09
 13.0    2390.00   .9100890E-09
 13.0    2400.00   .9157301E-09
 13.0    2410.00   .9210973E-09
 13.0    2420.00   .9261628E-09
 13.0    2430.00   .9308980E-09
 13.0    2440.00   .9352743E-09
 13.0    2450.00   .9392628E-09
 13.0    2460.00   .9428344E-09
 13.0    2470.00   .9459600E-09
 13.0    2480.00   .9486097E-09
 13.0    2490.00   .9507549E-09
 13.0    2500.00   .9523664E-09
 13.0    2510.00   .8375598E-09
 13.0    2520.00   .9382862E-09
 13.0    2530.00   .7272164E-09
 13.0    2540.00   .5376523E-09
 13.0    2550.00   .6125398E-09
 13.0    2560.00   .8090202E-09
 13.0    2570.00   .7764799E-09
 13.0    2580.00   .7885423E-09
 13.0    2590.00   .8467179E-09
 13.0    2600.00   .8940563E-09
 13.0    2610.00   .1059178E-08
 13.0    2620.00   .9822950E-09
 13.0    2630.00   .9433056E-09
 13.0    2640.00   .9468086E-09
 13.0    2650.00   .1242213E-08
 13.0    2660.00   .1238591E-08
 13.0    2670.00   .1255917E-08
 13.0    2680.00   .1392506E-08
 13.0    2690.00   .1369384E-08
 13.0    2700.00   .1489142E-08
 13.0    2710.00   .1578853E-08
 13.0    2720.00   .1625073E-08
 13.0    2730.00   .1649830E-08
 13.0    2740.00   .1781869E-08
 13.0    2750.00   .1826620E-08
 13.0    2760.00   .1716671E-08
 13.0    2770.00   .1661394E-08
 13.0    2780.00   .1927937E-08
 13.0    2790.00   .2195156E-08
 13.0    2800.00   .2450135E-08
 13.0    2810.00   .2865158E-08
 13.0    2820.00   .3255556E-08
 13.0    2830.00   .3592104E-08
 13.0    2840.00   .3869335E-08
 13.0    2850.00   .3881569E-08
 13.0    2860.00   .4031971E-08
 13.0    2870.00   .3958030E-08
 13.0    2880.00   .4144344E-08
 13.0    2890.00   .3931639E-08
 13.0    2900.00   .4068216E-08
 13.0    2910.00   .4219162E-08
 13.0    2920.00   .4237091E-08
 13.0    2930.00   .4234733E-08
 13.0    2940.00   .4201686E-08
 13.0    2950.00   .4166480E-08
 13.0    2960.00   .4012084E-08
 13.0    2970.00   .4309946E-08
 13.0    2980.00   .4643849E-08
 13.0    2990.00   .4644751E-08
 13.0    3000.00   .4690853E-08
 13.0    3010.00   .4749675E-08
 13.0    3020.00   .5163675E-08
 13.0    3030.00   .5613064E-08
 13.0    3040.00   .5867988E-08
 13.0    3050.00   .5842071E-08
 13.0    3060.00   .5803136E-08
 13.0    3070.00   .5958846E-08
 13.0    3080.00   .6053541E-08
 13.0    3090.00   .5432472E-08
 13.0    3100.00   .5243216E-08
 13.0    3110.00   .4907108E-08
 13.0    3120.00   .4702661E-08
 13.0    3130.00   .5198446E-08
 13.0    3140.00   .4997897E-08
 13.0    3150.00   .4083237E-08
 13.0    3160.00   .4760618E-08
 13.0    3170.00   .5022175E-08
 13.0    3180.00   .4501115E-08
 13.0    3190.00   .4239599E-08
 13.0    3200.00   .4623226E-08
 13.0    3210.00   .3779423E-08
 13.0    3220.00   .3933644E-08
 13.0    3230.00   .3190486E-08
 13.0    3240.00   .3200286E-08
 13.0    3250.00   .3049907E-08
 13.0    3260.00   .2951469E-08
 13.0    3270.00   .2969887E-08
 13.0    3280.00   .3076327E-08
 13.0    3290.00   .3250096E-08
 13.0    3300.00   .3444126E-08
 13.0    3310.00   .3629172E-08
 13.0    3320.00   .3998539E-08
 13.0    3330.00   .4230749E-08
 13.0    3340.00   .4398705E-08
 13.0    3350.00   .4529111E-08
 13.0    3360.00   .4661267E-08
 13.0    3370.00   .4704430E-08
 13.0    3380.00   .4752517E-08
 13.0    3390.00   .4842939E-08
 13.0    3400.00   .5113658E-08
 13.0    3410.00   .5419005E-08
 13.0    3420.00   .5991060E-08
 13.0    3430.00   .6399444E-08
 13.0    3440.00   .6841805E-08
 13.0    3450.00   .7168750E-08
 13.0    3460.00   .7520885E-08
 13.0    3470.00   .7993840E-08
 13.0    3480.00   .8061104E-08
 13.0    3490.00   .8123201E-08
 13.0    3500.00   .8212394E-08
 13.0    3510.00   .8106192E-08
 13.0    3520.00   .7982557E-08
 13.0    3530.00   .7748090E-08
 13.0    3540.00   .7524432E-08
 13.0    3550.00   .7260955E-08
 13.0    3560.00   .6979335E-08
 13.0    3570.00   .6534008E-08
 13.0    3580.00   .6240373E-08
 13.0    3590.00   .5881830E-08
 13.0    3600.00   .5414311E-08
 13.0    3610.00   .4821022E-08
 13.0    3620.00   .4472197E-08
 13.0    3630.00   .4118571E-08
 13.0    3640.00   .3827621E-08
 13.0    3650.00   .3564542E-08
 13.0    3660.00   .3247466E-08
 13.0    3670.00   .3109195E-08
 13.0    3680.00   .3007507E-08
 13.0    3690.00   .2925900E-08
 13.0    3700.00   .2916919E-08
 13.0    3710.00   .3107066E-08
 13.0    3720.00   .3392324E-08
 13.0    3730.00   .3589801E-08
 13.0    3740.00   .3897458E-08
 13.0    3750.00   .4226213E-08
 13.0    3760.00   .4480463E-08
 13.0    3770.00   .4656133E-08
 13.0    3780.00   .4915162E-08
 13.0    3790.00   .5088955E-08
 13.0    3800.00   .5273281E-08
 13.0    3810.00   .5567258E-08
 13.0    3820.00   .5993300E-08
 13.0    3830.00   .6232727E-08
 13.0    3840.00   .6590121E-08
 13.0    3850.00   .6934795E-08
 13.0    3860.00   .7203849E-08
 13.0    3870.00   .7473326E-08
 13.0    3880.00   .7762366E-08
 13.0    3890.00   .7885985E-08
 13.0    3900.00   .8064558E-08
 13.0    3910.00   .8088033E-08
 13.0    3920.00   .8179887E-08
 13.0    3930.00   .8086172E-08
 13.0    3940.00   .7898710E-08
 13.0    3950.00   .7713580E-08
 13.0    3960.00   .7435030E-08
 13.0    3970.00   .7170822E-08
 13.0    3980.00   .6878854E-08
 13.0    3990.00   .6728562E-08
 13.0    4000.00   .6616262E-08
 13.0    4010.00   .6670469E-08
 13.0    4020.00   .6742261E-08
 13.0    4030.00   .6884123E-08
 13.0    4040.00   .6983237E-08
 13.0    4050.00   .7082868E-08
 13.0    4060.00   .7125256E-08
 13.0    4070.00   .7220071E-08
 13.0    4080.00   .7152192E-08
 13.0    4090.00   .7016814E-08
 13.0    4100.00   .6917451E-08
 13.0    4110.00   .6757663E-08
 13.0    4120.00   .6614621E-08
 13.0    4130.00   .6449758E-08
 13.0    4140.00   .6315373E-08
 13.0    4150.00   .6176947E-08
 13.0    4160.00   .6003532E-08
 13.0    4170.00   .5823629E-08
 13.0    4180.00   .5648911E-08
 13.0    4190.00   .5449845E-08
 13.0    4200.00   .5262498E-08
 13.0    4210.00   .5052134E-08
 13.0    4220.00   .4835860E-08
 13.0    4230.00   .4716015E-08
 13.0    4240.00   .4535830E-08
 13.0    4250.00   .4382908E-08
 13.0    4260.00   .4278337E-08
 13.0    4270.00   .4133745E-08
 13.0    4280.00   .3946614E-08
 13.0    4290.00   .3825400E-08
 13.0    4300.00   .3787184E-08
 13.0    4310.00   .3850532E-08
 13.0    4320.00   .3897165E-08
 13.0    4330.00   .3994681E-08
 13.0    4340.00   .4101741E-08
 13.0    4350.00   .4236743E-08
 13.0    4360.00   .4286090E-08
 13.0    4370.00   .4313762E-08
 13.0    4380.00   .4299162E-08
 13.0    4390.00   .4261149E-08
 13.0    4400.00   .4217223E-08
 13.0    4410.00   .4226847E-08
 13.0    4420.00   .4230962E-08
 13.0    4430.00   .4270800E-08
 13.0    4440.00   .4380760E-08
 13.0    4450.00   .4472928E-08
 13.0    4460.00   .4522149E-08
 13.0    4470.00   .4545091E-08
 13.0    4480.00   .4627055E-08
 13.0    4490.00   .4590378E-08
 13.0    4500.00   .4596729E-08
 13.0    4510.00   .4563951E-08
 13.0    4520.00   .4508795E-08
 13.0    4530.00   .4453773E-08
 13.0    4540.00   .4381180E-08
 13.0    4550.00   .4285013E-08
 13.0    4560.00   .4249508E-08
 13.0    4570.00   .4162551E-08
 13.0    4580.00   .4085434E-08
 13.0    4590.00   .4036482E-08
 13.0    4600.00   .3978282E-08
 13.0    4610.00   .3909478E-08
 13.0    4620.00   .3787561E-08
 13.0    4630.00   .3662404E-08
 13.0    4640.00   .3556956E-08
 13.0    4650.00   .3443499E-08
 13.0    4660.00   .3349631E-08
 13.0    4670.00   .3244976E-08
 13.0    4680.00   .3213283E-08
 13.0    4690.00   .3200548E-08
 13.0    4700.00   .3191029E-08
 13.0    4710.00   .3145930E-08
 13.0    4720.00   .3107049E-08
 13.0    4730.00   .3073027E-08
 13.0    4740.00   .3033291E-08
 13.0    4750.00   .3008732E-08
 13.0    4760.00   .2996207E-08
 13.0    4770.00   .3014595E-08
 13.0    4780.00   .3004656E-08
 13.0    4790.00   .2957829E-08
 13.0    4800.00   .2878151E-08
 13.0    4810.00   .2784478E-08
 13.0    4820.00   .2674491E-08
 13.0    4830.00   .2571327E-08
 13.0    4840.00   .2474796E-08
 13.0    4850.00   .2411976E-08
 13.0    4860.00   .2386072E-08
 13.0    4870.00   .2396227E-08
 13.0    4880.00   .2428856E-08
 13.0    4890.00   .2469964E-08
 13.0    4900.00   .2515862E-08
 13.0    4910.00   .2569161E-08
 13.0    4920.00   .2632923E-08
 13.0    4930.00   .2670569E-08
 13.0    4940.00   .2707167E-08
 13.0    4950.00   .2742680E-08
 13.0    4960.00   .2777807E-08
 13.0    4970.00   .2817868E-08
 13.0    4980.00   .2829537E-08
 13.0    4990.00   .2843496E-08
 13.0    5000.00   .2885074E-08
 13.0    5010.00   .2928125E-08
 13.0    5020.00   .2976035E-08
 13.0    5030.00   .2999623E-08
 13.0    5040.00   .3045790E-08
 13.0    5050.00   .3104705E-08
 13.0    5060.00   .3179531E-08
 13.0    5070.00   .3237703E-08
 13.0    5080.00   .3275903E-08
 13.0    5090.00   .3292511E-08
 13.0    5100.00   .3305390E-08
 13.0    5110.00   .3286082E-08
 13.0    5120.00   .3251779E-08
 13.0    5130.00   .3221015E-08
 13.0    5140.00   .3194795E-08
 13.0    5150.00   .3175507E-08
 13.0    5160.00   .3176665E-08
 13.0    5170.00   .3169790E-08
 13.0    5180.00   .3152430E-08
 13.0    5190.00   .3127072E-08
 13.0    5200.00   .3065515E-08
 13.0    5210.00   .2981191E-08
 13.0    5220.00   .2865118E-08
 13.0    5230.00   .2743802E-08
 13.0    5240.00   .2622653E-08
 13.0    5250.00   .2513687E-08
 13.0    5260.00   .2445610E-08
 13.0    5270.00   .2375416E-08
 13.0    5280.00   .2324111E-08
 13.0    5290.00   .2297803E-08
 13.0    5300.00   .2295347E-08
 13.0    5310.00   .2307531E-08
 13.0    5320.00   .2314130E-08
 13.0    5330.00   .2327355E-08
 13.0    5340.00   .2321368E-08
 13.0    5350.00   .2313747E-08
 13.0    5360.00   .2313104E-08
 13.0    5370.00   .2290914E-08
 13.0    5380.00   .2258394E-08
 13.0    5390.00   .2221625E-08
 13.0    5400.00   .2172528E-08
 13.0    5410.00   .2127293E-08
 13.0    5420.00   .2061859E-08
 13.0    5430.00   .2017766E-08
 13.0    5440.00   .1981545E-08
 13.0    5450.00   .1977649E-08
 13.0    5460.00   .1990869E-08
 13.0    5470.00   .2020046E-08
 13.0    5480.00   .2059067E-08
 13.0    5490.00   .2118357E-08
 13.0    5500.00   .2162066E-08
 13.0    5510.00   .2195051E-08
 13.0    5520.00   .2233633E-08
 13.0    5530.00   .2255171E-08
 13.0    5540.00   .2275659E-08
 13.0    5550.00   .2290843E-08
 13.0    5560.00   .2300406E-08
 13.0    5570.00   .2290797E-08
 13.0    5580.00   .2293135E-08
 13.0    5590.00   .2294400E-08
 13.0    5600.00   .2297407E-08
 13.0    5610.00   .2305244E-08
 13.0    5620.00   .2295873E-08
 13.0    5630.00   .2283505E-08
 13.0    5640.00   .2272931E-08
 13.0    5650.00   .2257532E-08
 13.0    5660.00   .2238581E-08
 13.0    5670.00   .2215330E-08
 13.0    5680.00   .2200054E-08
 13.0    5690.00   .2157785E-08
 13.0    5700.00   .2115828E-08
 13.0    5710.00   .2066389E-08
 13.0    5720.00   .2010559E-08
 13.0    5730.00   .1960621E-08
 13.0    5740.00   .1925902E-08
 13.0    5750.00   .1900289E-08
 13.0    5760.00   .1872591E-08
 13.0    5770.00   .1868562E-08
 13.0    5780.00   .1861074E-08
 13.0    5790.00   .1854816E-08
 13.0    5800.00   .1875740E-08
 13.0    5810.00   .1887773E-08
 13.0    5820.00   .1910698E-08
 13.0    5830.00   .1918350E-08
 13.0    5840.00   .1930340E-08
 13.0    5850.00   .1929295E-08
 13.0    5860.00   .1943198E-08
 13.0    5870.00   .1945317E-08
 13.0    5880.00   .1910505E-08
 13.0    5890.00   .1866860E-08
 13.0    5900.00   .1776343E-08
 13.0    5910.00   .1769012E-08
 13.0    5920.00   .1757449E-08
 13.0    5930.00   .1728981E-08
 13.0    5940.00   .1678222E-08
 13.0    5950.00   .1631863E-08
 13.0    5960.00   .1605844E-08
 13.0    5970.00   .1568234E-08
 13.0    5980.00   .1526847E-08
 13.0    5990.00   .1495787E-08
 13.0    6000.00   .1451792E-08
 13.0    6010.00   .1409619E-08
 13.0    6020.00   .1363461E-08
 13.0    6030.00   .1325150E-08
 13.0    6040.00   .1282505E-08
 13.0    6050.00   .1234679E-08
 13.0    6060.00   .1187859E-08
 13.0    6070.00   .1136712E-08
 13.0    6080.00   .1104194E-08
 13.0    6090.00   .1069903E-08
 13.0    6100.00   .1049486E-08
 13.0    6110.00   .1034908E-08
 13.0    6120.00   .1032421E-08
 13.0    6130.00   .1055330E-08
 13.0    6140.00   .1076861E-08
 13.0    6150.00   .1122401E-08
 13.0    6160.00   .1184963E-08
 13.0    6170.00   .1248523E-08
 13.0    6180.00   .1324343E-08
 13.0    6190.00   .1402010E-08
 13.0    6200.00   .1486292E-08
 13.0    6210.00   .1562194E-08
 13.0    6220.00   .1621396E-08
 13.0    6230.00   .1678812E-08
 13.0    6240.00   .1729412E-08
 13.0    6250.00   .1776961E-08
 13.0    6260.00   .1818452E-08
 13.0    6270.00   .1846606E-08
 13.0    6280.00   .1813175E-08
 13.0    6290.00   .1842217E-08
 13.0    6300.00   .1843595E-08
 13.0    6310.00   .1858406E-08
 13.0    6320.00   .1868115E-08
 13.0    6330.00   .1886405E-08
 13.0    6340.00   .1904364E-08
 13.0    6350.00   .1928296E-08
 13.0    6360.00   .1933941E-08
 13.0    6370.00   .1950112E-08
 13.0    6380.00   .1953114E-08
 13.0    6390.00   .1952935E-08
 13.0    6400.00   .1950813E-08
 13.0    6410.00   .1941772E-08
 13.0    6420.00   .1934689E-08
 13.0    6430.00   .1923612E-08
 13.0    6440.00   .1912242E-08
 13.0    6450.00   .1901987E-08
 13.0    6460.00   .1898547E-08
 13.0    6470.00   .1881993E-08
 13.0    6480.00   .1866230E-08
 13.0    6490.00   .1870987E-08
 13.0    6500.00   .1871166E-08
 13.0    6510.00   .1875704E-08
 13.0    6520.00   .1851076E-08
 13.0    6530.00   .1861138E-08
 13.0    6540.00   .1843620E-08
 13.0    6550.00   .1832929E-08
 13.0    6560.00   .1823269E-08
 13.0    6570.00   .1814326E-08
 13.0    6580.00   .1803181E-08
 13.0    6590.00   .1788211E-08
 13.0    6600.00   .1774230E-08
 13.0    6610.00   .1748947E-08
 13.0    6620.00   .1720670E-08
 13.0    6630.00   .1697947E-08
 13.0    6640.00   .1687203E-08
 13.0    6650.00   .1690117E-08
 13.0    6660.00   .1690346E-08
 13.0    6670.00   .1687856E-08
 13.0    6680.00   .1678121E-08
 13.0    6690.00   .1654180E-08
 13.0    6700.00   .1639888E-08
 13.0    6710.00   .1621520E-08
 13.0    6720.00   .1605443E-08
 13.0    6730.00   .1594450E-08
 13.0    6740.00   .1572203E-08
 13.0    6750.00   .1555515E-08
 13.0    6760.00   .1537082E-08
 13.0    6770.00   .1524581E-08
 13.0    6780.00   .1514984E-08
 13.0    6790.00   .1508991E-08
 13.0    6800.00   .1506952E-08
 13.0    6810.00   .1504361E-08
 13.0    6820.00   .1498911E-08
 13.0    6830.00   .1487447E-08
 13.0    6840.00   .1467695E-08
 13.0    6850.00   .1442788E-08
 13.0    6860.00   .1438372E-08
 13.0    6870.00   .1341919E-08
 13.0    6880.00   .1372842E-08
 13.0    6890.00   .1415127E-08
 13.0    6900.00   .1401977E-08
 13.0    6910.00   .1398607E-08
 13.0    6920.00   .1407061E-08
 13.0    6930.00   .1402451E-08
 13.0    6940.00   .1411026E-08
 13.0    6950.00   .1406392E-08
 13.0    6960.00   .1407187E-08
 13.0    6970.00   .1419325E-08
 13.0    6980.00   .1415211E-08
 13.0    6990.00   .1408521E-08
 13.0    7000.00   .1405858E-08
 13.0    7010.00   .1403781E-08
 13.0    7020.00   .1402289E-08
 13.0    7030.00   .1399688E-08
 13.0    7040.00   .1410981E-08
 13.0    7050.00   .1420159E-08
 13.0    7060.00   .1432535E-08
 13.0    7070.00   .1438846E-08
 13.0    7080.00   .1445554E-08
 13.0    7090.00   .1458137E-08
 13.0    7100.00   .1458000E-08
 13.0    7110.00   .1468242E-08
 13.0    7120.00   .1473205E-08
 13.0    7130.00   .1467719E-08
 13.0    7140.00   .1453260E-08
 13.0    7150.00   .1441552E-08
 13.0    7160.00   .1428217E-08
 13.0    7170.00   .1392149E-08
 13.0    7180.00   .1382586E-08
 13.0    7190.00   .1361187E-08
 13.0    7200.00   .1364054E-08
 13.0    7210.00   .1361183E-08
 13.0    7220.00   .1351952E-08
 13.0    7230.00   .1339379E-08
 13.0    7240.00   .1317051E-08
 13.0    7250.00   .1328437E-08
 13.0    7260.00   .1307896E-08
 13.0    7270.00   .1288690E-08
 13.0    7280.00   .1257410E-08
 13.0    7290.00   .1253796E-08
 13.0    7300.00   .1233277E-08
 13.0    7310.00   .1215528E-08
 13.0    7320.00   .1198063E-08
 13.0    7330.00   .1186196E-08
 13.0    7340.00   .1168081E-08
 13.0    7350.00   .1148453E-08
 13.0    7360.00   .1138061E-08
 13.0    7370.00   .1126886E-08
 13.0    7380.00   .1122135E-08
 13.0    7390.00   .1110032E-08
 13.0    7400.00   .1100566E-08
 13.0    7410.00   .1085144E-08
 13.0    7420.00   .1057933E-08
 13.0    7430.00   .1018911E-08
 13.0    7440.00   .9718485E-09
 13.0    7450.00   .9401929E-09
 13.0    7460.00   .9120195E-09
 13.0    7470.00   .8942413E-09
 13.0    7480.00   .8819594E-09
 13.0    7490.00   .8790847E-09
 13.0    7500.00   .8813944E-09
 13.0    7510.00   .8905931E-09
 13.0    7520.00   .8966161E-09
 13.0    7530.00   .8873043E-09
 13.0    7540.00   .8771968E-09
 13.0    7550.00   .8689874E-09
 13.0    7560.00   .8460130E-09
 13.0    7570.00   .8291797E-09
 13.0    7580.00   .8134754E-09
 13.0    7590.00   .7998715E-09
 13.0    7600.00   .7841792E-09
 13.0    7610.00   .7788653E-09
 13.0    7620.00   .7762339E-09
 13.0    7630.00   .7820259E-09
 13.0    7640.00   .8019680E-09
 13.0    7650.00   .8074489E-09
 13.0    7660.00   .8197520E-09
 13.0    7670.00   .8289828E-09
 13.0    7680.00   .8283732E-09
 13.0    7690.00   .8386172E-09
 13.0    7700.00   .8213206E-09
 13.0    7710.00   .8208698E-09
 13.0    7720.00   .8129379E-09
 13.0    7730.00   .7994491E-09
 13.0    7740.00   .7902124E-09
 13.0    7750.00   .7797489E-09
 13.0    7760.00   .7642070E-09
 13.0    7770.00   .7543677E-09
 13.0    7780.00   .7389459E-09
 13.0    7790.00   .7247679E-09
 13.0    7800.00   .7026585E-09
 13.0    7810.00   .6824738E-09
 13.0    7820.00   .6589301E-09
 13.0    7830.00   .6399233E-09
 13.0    7840.00   .6222877E-09
 13.0    7850.00   .6035472E-09
 13.0    7860.00   .5910981E-09
 13.0    7870.00   .5768504E-09
 13.0    7880.00   .5640097E-09
 13.0    7890.00   .5493743E-09
 13.0    7900.00   .5390031E-09
 13.0    7910.00   .5269571E-09
 13.0    7920.00   .5200793E-09
 13.0    7930.00   .5167210E-09
 13.0    7940.00   .5176596E-09
 13.0    7950.00   .5133767E-09
 13.0    7960.00   .5059680E-09
 13.0    7970.00   .4983268E-09
 13.0    7980.00   .4976367E-09
 13.0    7990.00   .4984951E-09
 13.0    8000.00   .4977838E-09
 13.0    8010.00   .5013691E-09
 13.0    8020.00   .5064447E-09
 13.0    8030.00   .5115668E-09
 13.0    8040.00   .5251373E-09
 13.0    8050.00   .5322065E-09
 13.0    8060.00   .5372254E-09
 13.0    8070.00   .5364346E-09
 13.0    8080.00   .5360311E-09
 13.0    8090.00   .5285748E-09
 13.0    8100.00   .5282207E-09
 13.0    8110.00   .5261371E-09
 13.0    8120.00   .5252631E-09
 13.0    8130.00   .5208984E-09
 13.0    8140.00   .5099610E-09
 13.0    8150.00   .5003614E-09
 13.0    8160.00   .4892268E-09
 13.0    8170.00   .4803429E-09
 13.0    8180.00   .4715626E-09
 13.0    8190.00   .4736997E-09
 13.0    8200.00   .4637008E-09
 13.0    8210.00   .4641756E-09
 13.0    8220.00   .4544112E-09
 13.0    8230.00   .4322942E-09
 13.0    8240.00   .4656072E-09
 13.0    8250.00   .4640482E-09
 13.0    8260.00   .4627202E-09
 13.0    8270.00   .4666683E-09
 13.0    8280.00   .4488009E-09
 13.0    8290.00   .4512067E-09
 13.0    8300.00   .4424765E-09
 13.0    8310.00   .4383593E-09
 13.0    8320.00   .4294921E-09
 13.0    8330.00   .4342808E-09
 13.0    8340.00   .4261222E-09
 13.0    8350.00   .4349387E-09
 13.0    8360.00   .4328636E-09
 13.0    8370.00   .4395166E-09
 13.0    8380.00   .4421317E-09
 13.0    8390.00   .4474242E-09
 13.0    8400.00   .4488511E-09
 13.0    8410.00   .4549641E-09
 13.0    8420.00   .4562007E-09
 13.0    8430.00   .4592588E-09
 13.0    8440.00   .4609256E-09
 13.0    8450.00   .4652576E-09
 13.0    8460.00   .4645628E-09
 13.0    8470.00   .4630283E-09
 13.0    8480.00   .4641052E-09
 13.0    8490.00   .4573558E-09
 13.0    8500.00   .4614404E-09
 13.0    8510.00   .4568525E-09
 13.0    8520.00   .4592660E-09
 13.0    8530.00   .4585795E-09
 13.0    8540.00   .4628643E-09
 13.0    8550.00   .4593487E-09
 13.0    8560.00   .4515400E-09
 13.0    8570.00   .4495293E-09
 13.0    8580.00   .4479114E-09
 13.0    8590.00   .4418922E-09
 13.0    8600.00   .4389416E-09
 13.0    8610.00   .4378451E-09
 13.0    8620.00   .4397799E-09
 13.0    8630.00   .4348758E-09
 13.0    8640.00   .4423248E-09
 13.0    8650.00   .4415923E-09
 13.0    8660.00   .4362237E-09
 13.0    8670.00   .4269292E-09
 13.0    8680.00   .4320635E-09
 13.0    8690.00   .4221250E-09
 13.0    8700.00   .4238139E-09
 13.0    8710.00   .4222580E-09
 13.0    8720.00   .4107108E-09
 13.0    8730.00   .4180724E-09
 13.0    8740.00   .4148034E-09
 13.0    8750.00   .4085692E-09
 13.0    8760.00   .4058849E-09
 13.0    8770.00   .4033070E-09
 13.0    8780.00   .4010321E-09
 13.0    8790.00   .3951838E-09
 13.0    8800.00   .3824415E-09
 13.0    8810.00   .3797188E-09
 13.0    8820.00   .3683612E-09
 13.0    8830.00   .3530674E-09
 13.0    8840.00   .3436221E-09
 13.0    8850.00   .3372265E-09
 13.0    8860.00   .3271327E-09
 13.0    8870.00   .3208490E-09
 13.0    8880.00   .3043405E-09
 13.0    8890.00   .3079410E-09
 13.0    8900.00   .3021008E-09
 13.0    8910.00   .3051310E-09
 13.0    8920.00   .2992938E-09
 13.0    8930.00   .2997837E-09
 13.0    8940.00   .3046134E-09
 13.0    8950.00   .2977403E-09
 13.0    8960.00   .2986640E-09
 13.0    8970.00   .2856817E-09
 13.0    8980.00   .2995688E-09
 13.0    8990.00   .2747505E-09
 13.0    9000.00   .2815379E-09
 13.0    9010.00   .2776468E-09
 13.0    9020.00   .2707808E-09
 13.0    9030.00   .2765494E-09
 13.0    9040.00   .2817267E-09
 13.0    9050.00   .2750405E-09
 13.0    9060.00   .2753027E-09
 13.0    9070.00   .2694144E-09
 13.0    9080.00   .2717893E-09
 13.0    9090.00   .2727162E-09
 13.0    9100.00   .2700530E-09
 13.0    9110.00   .2777755E-09
 13.0    9120.00   .2740511E-09
 13.0    9130.00   .2702185E-09
 13.0    9140.00   .2791510E-09
 13.0    9150.00   .2740503E-09
 13.0    9160.00   .2701379E-09
 13.0    9170.00   .2785052E-09
 13.0    9180.00   .2747614E-09
 13.0    9190.00   .2903327E-09
 13.0    9200.00   .2793965E-09
 13.0    9210.00   .2867953E-09
 13.0    9220.00   .2853046E-09
 13.0    9230.00   .2824369E-09
 13.0    9240.00   .2765516E-09
 13.0    9250.00   .2758472E-09
 13.0    9260.00   .2819746E-09
 13.0    9270.00   .2750263E-09
 13.0    9280.00   .2675220E-09
 13.0    9290.00   .2644100E-09
 13.0    9300.00   .2528685E-09
 13.0    9310.00   .2307391E-09
 13.0    9320.00   .2058977E-09
 13.0    9330.00   .2031367E-09
 13.0    9340.00   .1780671E-09
 13.0    9350.00   .1899471E-09
 13.0    9360.00   .1804898E-09
 13.0    9370.00   .1936576E-09
 13.0    9380.00   .1833633E-09
 13.0    9390.00   .2153453E-09
 13.0    9400.00   .2228673E-09
 13.0    9410.00   .2176250E-09
 13.0    9420.00   .2034003E-09
 13.0    9430.00   .1841475E-09
 13.0    9440.00   .1797050E-09
 13.0    9450.00   .1877034E-09
 13.0    9460.00   .1801079E-09
 13.0    9470.00   .1850520E-09
 13.0    9480.00   .1899231E-09
 13.0    9490.00   .1905714E-09
 13.0    9500.00   .1642075E-09
 13.0    9510.00   .1910609E-09
 13.0    9520.00   .1692909E-09
 13.0    9530.00   .1738663E-09
 13.0    9540.00   .1811674E-09
 13.0    9550.00   .1750888E-09
 13.0    9560.00   .1759191E-09
 13.0    9570.00   .1640814E-09
 13.0    9580.00   .1812336E-09
 13.0    9590.00   .1648879E-09
 13.0    9600.00   .1722437E-09
 13.0    9610.00   .1693948E-09
 13.0    9620.00   .1734258E-09
 13.0    9630.00   .1701366E-09
 13.0    9640.00   .1688805E-09
 13.0    9650.00   .1677969E-09
 13.0    9660.00   .1760001E-09
 13.0    9670.00   .1580885E-09
 13.0    9680.00   .1638877E-09
 13.0    9690.00   .1613187E-09
 13.0    9700.00   .1596738E-09
 13.0    9710.00   .1639894E-09
 13.0    9720.00   .1553242E-09
 13.0    9730.00   .1631269E-09
 13.0    9740.00   .1550032E-09
 13.0    9750.00   .1536040E-09
 13.0    9760.00   .1489187E-09
 13.0    9770.00   .1582193E-09
 13.0    9780.00   .1522700E-09
 13.0    9790.00   .1497937E-09
 13.0    9800.00   .1520623E-09
 13.0    9810.00   .1431431E-09
 13.0    9820.00   .1467714E-09
 13.0    9830.00   .1491953E-09
 13.0    9840.00   .1506649E-09
 13.0    9850.00   .1485566E-09
 13.0    9860.00   .1468489E-09
 13.0    9870.00   .1440169E-09
 13.0    9880.00   .1507748E-09
 13.0    9890.00   .1427962E-09
 13.0    9900.00   .1449374E-09
 13.0    9910.00   .1323303E-09
 13.0    9920.00   .1442771E-09
 13.0    9930.00   .1310095E-09
 13.0    9940.00   .1307582E-09
 13.0    9950.00   .1435339E-09
 13.0    9960.00   .1361747E-09
 13.0    9970.00   .1362545E-09
 13.0    9980.00   .1363726E-09
 13.0    9990.00   .1369305E-09
 13.0   10000.00   .1374253E-09
 13.0   10010.00   .1372165E-09
 13.0   10020.00   .1370074E-09
 13.0   10030.00   .1367980E-09
 13.0   10040.00   .1365882E-09
 13.0   10050.00   .1363780E-09
 13.0   10060.00   .1361674E-09
 13.0   10070.00   .1359565E-09
 13.0   10080.00   .1357451E-09
 13.0   10090.00   .1355334E-09
 13.0   10100.00   .1353213E-09
 13.0   10110.00   .1351088E-09
 13.0   10120.00   .1348959E-09
 13.0   10130.00   .1346826E-09
 13.0   10140.00   .1344689E-09
 13.0   10150.00   .1342549E-09
 13.0   10160.00   .1340403E-09
 13.0   10170.00   .1338254E-09
 13.0   10180.00   .1336102E-09
 13.0   10190.00   .1333944E-09
 13.0   10200.00   .1331784E-09
 13.0   10210.00   .1329618E-09
 13.0   10220.00   .1327449E-09
 13.0   10230.00   .1325275E-09
 13.0   10240.00   .1323098E-09
 13.0   10250.00   .1320915E-09
 13.0   10260.00   .1318730E-09
 13.0   10270.00   .1316539E-09
 13.0   10280.00   .1314345E-09
 13.0   10290.00   .1312147E-09
 13.0   10300.00   .1309944E-09
 13.0   10310.00   .1307736E-09
 13.0   10320.00   .1305526E-09
 13.0   10330.00   .1303310E-09
 13.0   10340.00   .1301090E-09
 13.0   10350.00   .1298867E-09
 13.0   10360.00   .1296639E-09
 13.0   10370.00   .1294407E-09
 13.0   10380.00   .1292170E-09
 13.0   10390.00   .1289930E-09
 13.0   10400.00   .1287684E-09
 13.0   10410.00   .1285435E-09
 13.0   10420.00   .1283181E-09
 13.0   10430.00   .1280925E-09
 13.0   10440.00   .1278663E-09
 13.0   10450.00   .1276397E-09
 13.0   10460.00   .1274126E-09
 13.0   10470.00   .1271853E-09
 13.0   10480.00   .1269574E-09
 13.0   10490.00   .1267291E-09
 13.0   10500.00   .1265004E-09
 13.0   10510.00   .1262713E-09
 13.0   10520.00   .1260417E-09
 13.0   10530.00   .1258117E-09
 13.0   10540.00   .1255813E-09
 13.0   10550.00   .1253506E-09
 13.0   10560.00   .1251192E-09
 13.0   10570.00   .1248875E-09
 13.0   10580.00   .1246554E-09
 13.0   10590.00   .1244228E-09
 13.0   10600.00   .1241899E-09
 13.0   10610.00   .1239563E-09
 13.0   10620.00   .1237224E-09
 13.0   10630.00   .1234881E-09
 13.0   10640.00   .1232533E-09
 13.0   10650.00   .1230181E-09
 13.0   10660.00   .1227824E-09
 13.0   10670.00   .1225463E-09
 13.0   10680.00   .1223098E-09
 13.0   10690.00   .1220728E-09
 13.0   10700.00   .1218354E-09
 13.0   10710.00   .1215974E-09
 13.0   10720.00   .1213591E-09
 13.0   10730.00   .1211204E-09
 13.0   10740.00   .1208812E-09
 13.0   10750.00   .1206415E-09
 13.0   10760.00   .1204014E-09
 13.0   10770.00   .1201608E-09
 13.0   10780.00   .1199198E-09
 13.0   10790.00   .1196783E-09
 13.0   10800.00   .1194363E-09
 13.0   10810.00   .1191940E-09
 13.0   10820.00   .1189512E-09
 13.0   10830.00   .1187079E-09
 13.0   10840.00   .1184641E-09
 13.0   10850.00   .1182199E-09
 13.0   10860.00   .1179753E-09
 13.0   10870.00   .1177301E-09
 13.0   10880.00   .1174846E-09
 13.0   10890.00   .1172386E-09
 13.0   10900.00   .1169920E-09
 13.0   10910.00   .1167451E-09
 13.0   10920.00   .1164978E-09
 13.0   10930.00   .1162499E-09
 13.0   10940.00   .1160016E-09
 13.0   10950.00   .1157527E-09
 13.0   10960.00   .1155036E-09
 13.0   10970.00   .1152538E-09
 13.0   10980.00   .1150037E-09
 13.0   10990.00   .1147530E-09
 13.0   11000.00   .1145020E-09
 13.0   11010.00   .1142503E-09
 13.0   11020.00   .1139983E-09
 13.0   11030.00   .1137459E-09
 13.0   11040.00   .1134929E-09
 13.0   11050.00   .1132396E-09
 13.0   11060.00   .1129858E-09
 13.0   11070.00   .1127313E-09
 13.0   11080.00   .1124766E-09
 13.0   11090.00   .1122214E-09
 13.0   11100.00   .1119657E-09
 13.0   11110.00   .1117095E-09
 13.0   11120.00   .1114529E-09
 13.0   11130.00   .1111958E-09
 13.0   11140.00   .1109382E-09
 13.0   11150.00   .1106802E-09
 13.0   11160.00   .1104217E-09
 13.0   11170.00   .1101628E-09
 13.0   11180.00   .1099035E-09
 13.0   11190.00   .1096436E-09
 13.0   11200.00   .1093833E-09
 13.0   11210.00   .1091225E-09
 13.0   11220.00   .1088614E-09
 13.0   11230.00   .1085996E-09
 13.0   11240.00   .1083375E-09
 13.0   11250.00   .1080749E-09
 13.0   11260.00   .1078118E-09
 13.0   11270.00   .1075483E-09
 13.0   11280.00   .1072843E-09
 13.0   11290.00   .1070199E-09
 13.0   11300.00   .1067550E-09
 13.0   11310.00   .1066974E-09
 13.0   11320.00   .1066401E-09
 13.0   11330.00   .1065832E-09
 13.0   11340.00   .1065265E-09
 13.0   11350.00   .1064702E-09
 13.0   11360.00   .1064144E-09
 13.0   11370.00   .1063587E-09
 13.0   11380.00   .1063034E-09
 13.0   11390.00   .1062484E-09
 13.0   11400.00   .1061938E-09
 13.0   11410.00   .1061396E-09
 13.0   11420.00   .1060856E-09
 13.0   11430.00   .1060321E-09
 13.0   11440.00   .1059788E-09
 13.0   11450.00   .1059259E-09
 13.0   11460.00   .1058732E-09
 13.0   11470.00   .1058209E-09
 13.0   11480.00   .1057690E-09
 13.0   11490.00   .1057173E-09
 13.0   11500.00   .1056660E-09
 13.0   11510.00   .1056150E-09
 13.0   11520.00   .1055643E-09
 13.0   11530.00   .1055139E-09
 13.0   11540.00   .1054638E-09
 13.0   11550.00   .1054142E-09
 13.0   11560.00   .1053647E-09
 13.0   11570.00   .1053157E-09
 13.0   11580.00   .1052669E-09
 13.0   11590.00   .1052185E-09
 13.0   11600.00   .1051703E-09
 13.0   11610.00   .1051225E-09
 13.0   11620.00   .1050750E-09
 13.0   11630.00   .1050278E-09
 13.0   11640.00   .1049809E-09
 13.0   11650.00   .1049343E-09
 13.0   11660.00   .1048881E-09
 13.0   11670.00   .1048421E-09
 13.0   11680.00   .1047965E-09
 13.0   11690.00   .1047511E-09
 13.0   11700.00   .1047061E-09
 13.0   11710.00   .1046614E-09
 13.0   11720.00   .1046169E-09
 13.0   11730.00   .1045728E-09
 13.0   11740.00   .1045289E-09
 13.0   11750.00   .1044854E-09
 13.0   11760.00   .1044422E-09
 13.0   11770.00   .1043993E-09
 13.0   11780.00   .1043566E-09
 13.0   11790.00   .1043143E-09
 13.0   11800.00   .1042723E-09
 13.0   11810.00   .1042306E-09
 13.0   11820.00   .1041891E-09
 13.0   11830.00   .1041480E-09
 13.0   11840.00   .1041072E-09
 13.0   11850.00   .1040666E-09
 13.0   11860.00   .1040263E-09
 13.0   11870.00   .1039863E-09
 13.0   11880.00   .1039466E-09
 13.0   11890.00   .1039073E-09
 13.0   11900.00   .1038681E-09
 13.0   11910.00   .1038293E-09
 13.0   11920.00   .1037907E-09
 13.0   11930.00   .1037525E-09
 13.0   11940.00   .1037145E-09
 13.0   11950.00   .1036767E-09
 13.0   11960.00   .1036394E-09
 13.0   11970.00   .1036023E-09
 13.0   11980.00   .1035654E-09
 13.0   11990.00   .1035288E-09
 13.0   12000.00   .1034926E-09
 13.0   12010.00   .1034565E-09
 13.0   12020.00   .1034208E-09
 13.0   12030.00   .1033853E-09
 13.0   12040.00   .1033501E-09
 13.0   12050.00   .1033154E-09
 13.0   12060.00   .1032806E-09
 13.0   12070.00   .1032462E-09
 13.0   12080.00   .1032121E-09
 13.0   12090.00   .1031783E-09
 13.0   12100.00   .1031447E-09
 13.0   12110.00   .1031114E-09
 13.0   12120.00   .1030784E-09
 13.0   12130.00   .1030456E-09
 13.0   12140.00   .1030132E-09
 13.0   12150.00   .1029810E-09
 13.0   12160.00   .1029489E-09
 13.0   12170.00   .1029174E-09
 13.0   12180.00   .1028858E-09
 13.0   12190.00   .1028547E-09
 13.0   12200.00   .1028237E-09
 13.0   12210.00   .1027930E-09
 13.0   12220.00   .1027627E-09
 13.0   12230.00   .1027325E-09
 13.0   12240.00   .1027027E-09
 13.0   12250.00   .1026730E-09
 13.0   12260.00   .1026436E-09
 13.0   12270.00   .1026145E-09
 13.0   12280.00   .1025857E-09
 13.0   12290.00   .1025570E-09
 13.0   12300.00   .1025285E-09
 13.0   12310.00   .1025005E-09
 13.0   12320.00   .1024726E-09
 13.0   12330.00   .1024450E-09
 13.0   12340.00   .1024176E-09
 13.0   12350.00   .1023905E-09
 13.0   12360.00   .1023635E-09
 13.0   12370.00   .1023369E-09
 13.0   12380.00   .1023105E-09
 13.0   12390.00   .1022844E-09
 13.0   12400.00   .1022585E-09
 13.0   12410.00   .1022327E-09
 13.0   12420.00   .1022074E-09
 13.0   12430.00   .1021821E-09
 13.0   12440.00   .1021571E-09
 13.0   12450.00   .1021324E-09
 13.0   12460.00   .1021080E-09
 13.0   12470.00   .1020837E-09
 13.0   12480.00   .1020597E-09
 13.0   12490.00   .1020359E-09
 13.0   12500.00   .1020123E-09
 13.0   12510.00   .1020408E-09
 13.0   12520.00   .1020694E-09
 13.0   12530.00   .1020981E-09
 13.0   12540.00   .1021270E-09
 13.0   12550.00   .1021558E-09
 13.0   12560.00   .1021848E-09
 13.0   12570.00   .1022139E-09
 13.0   12580.00   .1022432E-09
 13.0   12590.00   .1022726E-09
 13.0   12600.00   .1023020E-09
 13.0   12610.00   .1023315E-09
 13.0   12620.00   .1023612E-09
 13.0   12630.00   .1023909E-09
 13.0   12640.00   .1024207E-09
 13.0   12650.00   .1024507E-09
 13.0   12660.00   .1024808E-09
 13.0   12670.00   .1025111E-09
 13.0   12680.00   .1025413E-09
 13.0   12690.00   .1025716E-09
 13.0   12700.00   .1026022E-09
 13.0   12710.00   .1026328E-09
 13.0   12720.00   .1026633E-09
 13.0   12730.00   .1026943E-09
 13.0   12740.00   .1027252E-09
 13.0   12750.00   .1027562E-09
 13.0   12760.00   .1027872E-09
 13.0   12770.00   .1028185E-09
 13.0   12780.00   .1028498E-09
 13.0   12790.00   .1028813E-09
 13.0   12800.00   .1029128E-09
 13.0   12810.00   .1029444E-09
 13.0   12820.00   .1029761E-09
 13.0   12830.00   .1030080E-09
 13.0   12840.00   .1030400E-09
 13.0   12850.00   .1030719E-09
 13.0   12860.00   .1031039E-09
 13.0   12870.00   .1031363E-09
 13.0   12880.00   .1031686E-09
 13.0   12890.00   .1032010E-09
 13.0   12900.00   .1032335E-09
 13.0   12910.00   .1032662E-09
 13.0   12920.00   .1032990E-09
 13.0   12930.00   .1033317E-09
 13.0   12940.00   .1033647E-09
 13.0   12950.00   .1033976E-09
 13.0   12960.00   .1034308E-09
 13.0   12970.00   .1034639E-09
 13.0   12980.00   .1034971E-09
 13.0   12990.00   .1035305E-09
 13.0   13000.00   .1035640E-09
 13.0   13010.00   .1035976E-09
 13.0   13020.00   .1036312E-09
 13.0   13030.00   .1036649E-09
 13.0   13040.00   .1036987E-09
 13.0   13050.00   .1037326E-09
 13.0   13060.00   .1037665E-09
 13.0   13070.00   .1038006E-09
 13.0   13080.00   .1038348E-09
 13.0   13090.00   .1038690E-09
 13.0   13100.00   .1039032E-09
 13.0   13110.00   .1039376E-09
 13.0   13120.00   .1039721E-09
 13.0   13130.00   .1040067E-09
 13.0   13140.00   .1040413E-09
 13.0   13150.00   .1040760E-09
 13.0   13160.00   .1041107E-09
 13.0   13170.00   .1041456E-09
 13.0   13180.00   .1041807E-09
 13.0   13190.00   .1042156E-09
 13.0   13200.00   .1042507E-09
 13.0   13210.00   .1042858E-09
 13.0   13220.00   .1043210E-09
 13.0   13230.00   .1043564E-09
 13.0   13240.00   .1043917E-09
 13.0   13250.00   .1044270E-09
 13.0   13260.00   .1044626E-09
 13.0   13270.00   .1044982E-09
 13.0   13280.00   .1045338E-09
 13.0   13290.00   .1045695E-09
 13.0   13300.00   .1046053E-09
 13.0   13310.00   .1046410E-09
 13.0   13320.00   .1046769E-09
 13.0   13330.00   .1047129E-09
 13.0   13340.00   .1047489E-09
 13.0   13350.00   .1047850E-09
 13.0   13360.00   .1048212E-09
 13.0   13370.00   .1048573E-09
 13.0   13380.00   .1048935E-09
 13.0   13390.00   .1049300E-09
 13.0   13400.00   .1049662E-09
 13.0   13410.00   .1050026E-09
 13.0   13420.00   .1050392E-09
 13.0   13430.00   .1050756E-09
 13.0   13440.00   .1051123E-09
 13.0   13450.00   .1051488E-09
 13.0   13460.00   .1051855E-09
 13.0   13470.00   .1052223E-09
 13.0   13480.00   .1052590E-09
 13.0   13490.00   .1052958E-09
 13.0   13500.00   .1053327E-09
 13.0   13510.00   .1053697E-09
 13.0   13520.00   .1054065E-09
 13.0   13530.00   .1054436E-09
 13.0   13540.00   .1054807E-09
 13.0   13550.00   .1055177E-09
 13.0   13560.00   .1055548E-09
 13.0   13570.00   .1055921E-09
 13.0   13580.00   .1056292E-09
 13.0   13590.00   .1056665E-09
 13.0   13600.00   .1057038E-09
 13.0   13610.00   .1057411E-09
 13.0   13620.00   .1057785E-09
 13.0   13630.00   .1058158E-09
 13.0   13640.00   .1058533E-09
 13.0   13650.00   .1058907E-09
 13.0   13660.00   .1059282E-09
 13.0   13670.00   .1059658E-09
 13.0   13680.00   .1060034E-09
 13.0   13690.00   .1060409E-09
 13.0   13700.00   .1060785E-09
 13.0   13710.00   .1055577E-09
 13.0   13720.00   .1050364E-09
 13.0   13730.00   .1045149E-09
 13.0   13740.00   .1039929E-09
 13.0   13750.00   .1034704E-09
 13.0   13760.00   .1029477E-09
 13.0   13770.00   .1024246E-09
 13.0   13780.00   .1019011E-09
 13.0   13790.00   .1013773E-09
 13.0   13800.00   .1008530E-09
 13.0   13810.00   .1003282E-09
 13.0   13820.00   .9980332E-10
 13.0   13830.00   .9927789E-10
 13.0   13840.00   .9875213E-10
 13.0   13850.00   .9822590E-10
 13.0   13860.00   .9769938E-10
 13.0   13870.00   .9717239E-10
 13.0   13880.00   .9664499E-10
 13.0   13890.00   .9611735E-10
 13.0   13900.00   .9558918E-10
 13.0   13910.00   .9506069E-10
 13.0   13920.00   .9453183E-10
 13.0   13930.00   .9400247E-10
 13.0   13940.00   .9347280E-10
 13.0   13950.00   .9294273E-10
 13.0   13960.00   .9241217E-10
 13.0   13970.00   .9188137E-10
 13.0   13980.00   .9135010E-10
 13.0   13990.00   .9081832E-10
 13.0   14000.00   .9028635E-10
 13.0   14010.00   .8975383E-10
 13.0   14020.00   .8922095E-10
 13.0   14030.00   .8868767E-10
 13.0   14040.00   .8815395E-10
 13.0   14050.00   .8761986E-10
 13.0   14060.00   .8708529E-10
 13.0   14070.00   .8655039E-10
 13.0   14080.00   .8601512E-10
 13.0   14090.00   .8547936E-10
 13.0   14100.00   .8494323E-10
 13.0   14110.00   .8440663E-10
 13.0   14120.00   .8386979E-10
 13.0   14130.00   .8333238E-10
 13.0   14140.00   .8279462E-10
 13.0   14150.00   .8225640E-10
 13.0   14160.00   .8171783E-10
 13.0   14170.00   .8117883E-10
 13.0   14180.00   .8063942E-10
 13.0   14190.00   .8009956E-10
 13.0   14200.00   .7955934E-10
 13.0   14210.00   .7901869E-10
 13.0   14220.00   .7847763E-10
 13.0   14230.00   .7793615E-10
 13.0   14240.00   .7739421E-10
 13.0   14250.00   .7685190E-10
 13.0   14260.00   .7630917E-10
 13.0   14270.00   .7576597E-10
 13.0   14280.00   .7522240E-10
 13.0   14290.00   .7467853E-10
 13.0   14300.00   .7413399E-10
 13.0   14310.00   .7358925E-10
 13.0   14320.00   .7304398E-10
 13.0   14330.00   .7249835E-10
 13.0   14340.00   .7195229E-10
 13.0   14350.00   .7140580E-10
 13.0   14360.00   .7085891E-10
 13.0   14370.00   .7031159E-10
 13.0   14380.00   .6976386E-10
 13.0   14390.00   .6921565E-10
 13.0   14400.00   .6866713E-10
 13.0   14410.00   .6811817E-10
 13.0   14420.00   .6756869E-10
 13.0   14430.00   .6701887E-10
 13.0   14440.00   .6646864E-10
 13.0   14450.00   .6591803E-10
 13.0   14460.00   .6536689E-10
 13.0   14470.00   .6481541E-10
 13.0   14480.00   .6426351E-10
 13.0   14490.00   .6371114E-10
 13.0   14500.00   .6315838E-10
 13.0   14510.00   .6260522E-10
 13.0   14520.00   .6205163E-10
 13.0   14530.00   .6149764E-10
 13.0   14540.00   .6094324E-10
 13.0   14550.00   .6038839E-10
 13.0   14560.00   .5983312E-10
 13.0   14570.00   .5927748E-10
 13.0   14580.00   .5872140E-10
 13.0   14590.00   .5816492E-10
 13.0   14600.00   .5760800E-10
 13.0   14610.00   .5705068E-10
 13.0   14620.00   .5649296E-10
 13.0   14630.00   .5593477E-10
 13.0   14640.00   .5537622E-10
 13.0   14650.00   .5481725E-10
 13.0   14660.00   .5425787E-10
 13.0   14670.00   .5369809E-10
 13.0   14680.00   .5313791E-10
 13.0   14690.00   .5257728E-10
 13.0   14700.00   .5201625E-10
 13.0   14710.00   .5145481E-10
 13.0   14720.00   .5089298E-10
 13.0   14730.00   .5033070E-10
 13.0   14740.00   .4976808E-10
 13.0   14750.00   .4920503E-10
 13.0   14760.00   .4864156E-10
 13.0   14770.00   .4807770E-10
 13.0   14780.00   .4751343E-10
 13.0   14790.00   .4694875E-10
 13.0   14800.00   .4638367E-10
 13.0   14810.00   .4581823E-10
 13.0   14820.00   .4525235E-10
 13.0   14830.00   .4468607E-10
 13.0   14840.00   .4411941E-10
 13.0   14850.00   .4355233E-10
 13.0   14860.00   .4298488E-10
 13.0   14870.00   .4241704E-10
 13.0   14880.00   .4184879E-10
 13.0   14890.00   .4128016E-10
 13.0   14900.00   .4071113E-10
 13.0   14910.00   .4014173E-10
 13.0   14920.00   .3957195E-10
 13.0   14930.00   .3900178E-10
 13.0   14940.00   .3843118E-10
 13.0   14950.00   .3786025E-10
 13.0   14960.00   .3728894E-10
 13.0   14970.00   .3671722E-10
 13.0   14980.00   .3614516E-10
 13.0   14990.00   .3557271E-10
 13.0   15000.00   .3499987E-10
 13.0   15010.00   .3501023E-10
 13.0   15020.00   .3502057E-10
 13.0   15030.00   .3503090E-10
 13.0   15040.00   .3504118E-10
 13.0   15050.00   .3505144E-10
 13.0   15060.00   .3506166E-10
 13.0   15070.00   .3507187E-10
 13.0   15080.00   .3508207E-10
 13.0   15090.00   .3509221E-10
 13.0   15100.00   .3510235E-10
 13.0   15110.00   .3511244E-10
 13.0   15120.00   .3512249E-10
 13.0   15130.00   .3513257E-10
 13.0   15140.00   .3514259E-10
 13.0   15150.00   .3515259E-10
 13.0   15160.00   .3516257E-10
 13.0   15170.00   .3517251E-10
 13.0   15180.00   .3518243E-10
 13.0   15190.00   .3519234E-10
 13.0   15200.00   .3520221E-10
 13.0   15210.00   .3521207E-10
 13.0   15220.00   .3522189E-10
 13.0   15230.00   .3523169E-10
 13.0   15240.00   .3524146E-10
 13.0   15250.00   .3525121E-10
 13.0   15260.00   .3526093E-10
 13.0   15270.00   .3527064E-10
 13.0   15280.00   .3528031E-10
 13.0   15290.00   .3528996E-10
 13.0   15300.00   .3529959E-10
 13.0   15310.00   .3530917E-10
 13.0   15320.00   .3531877E-10
 13.0   15330.00   .3532833E-10
 13.0   15340.00   .3533785E-10
 13.0   15350.00   .3534735E-10
 13.0   15360.00   .3535683E-10
 13.0   15370.00   .3536630E-10
 13.0   15380.00   .3537572E-10
 13.0   15390.00   .3538513E-10
 13.0   15400.00   .3539451E-10
 13.0   15410.00   .3540390E-10
 13.0   15420.00   .3541322E-10
 13.0   15430.00   .3542255E-10
 13.0   15440.00   .3543186E-10
 13.0   15450.00   .3544112E-10
 13.0   15460.00   .3545036E-10
 13.0   15470.00   .3545959E-10
 13.0   15480.00   .3546879E-10
 13.0   15490.00   .3547799E-10
 13.0   15500.00   .3548712E-10
 13.0   15510.00   .3549625E-10
 13.0   15520.00   .3550538E-10
 13.0   15530.00   .3551445E-10
 13.0   15540.00   .3552353E-10
 13.0   15550.00   .3553257E-10
 13.0   15560.00   .3554158E-10
 13.0   15570.00   .3555058E-10
 13.0   15580.00   .3555958E-10
 13.0   15590.00   .3556851E-10
 13.0   15600.00   .3557745E-10
 13.0   15610.00   .3558636E-10
 13.0   15620.00   .3559525E-10
 13.0   15630.00   .3560411E-10
 13.0   15640.00   .3561296E-10
 13.0   15650.00   .3562178E-10
 13.0   15660.00   .3563059E-10
 13.0   15670.00   .3563937E-10
 13.0   15680.00   .3564815E-10
 13.0   15690.00   .3565687E-10
 13.0   15700.00   .3566558E-10
 13.0   15710.00   .3567428E-10
 13.0   15720.00   .3568296E-10
 13.0   15730.00   .3569162E-10
 13.0   15740.00   .3570027E-10
 13.0   15750.00   .3570886E-10
 13.0   15760.00   .3571746E-10
 13.0   15770.00   .3572605E-10
 13.0   15780.00   .3573459E-10
 13.0   15790.00   .3574310E-10
 13.0   15800.00   .3575164E-10
 13.0   15810.00   .3576011E-10
 13.0   15820.00   .3576858E-10
 13.0   15830.00   .3577704E-10
 13.0   15840.00   .3578546E-10
 13.0   15850.00   .3579388E-10
 13.0   15860.00   .3580227E-10
 13.0   15870.00   .3581064E-10
 13.0   15880.00   .3581898E-10
 13.0   15890.00   .3582732E-10
 13.0   15900.00   .3583563E-10
 13.0   15910.00   .3584393E-10
 13.0   15920.00   .3585220E-10
 13.0   15930.00   .3586045E-10
 13.0   15940.00   .3586868E-10
 13.0   15950.00   .3587690E-10
 13.0   15960.00   .3588510E-10
 13.0   15970.00   .3589326E-10
 13.0   15980.00   .3590144E-10
 13.0   15990.00   .3590958E-10
 13.0   16000.00   .3591770E-10
 13.0   16010.00   .3592580E-10
 13.0   16020.00   .3593387E-10
 13.0   16030.00   .3594193E-10
 13.0   16040.00   .3594999E-10
 13.0   16050.00   .3595803E-10
 13.0   16060.00   .3596603E-10
 13.0   16070.00   .3597403E-10
 13.0   16080.00   .3598201E-10
 13.0   16090.00   .3598994E-10
 13.0   16100.00   .3599788E-10
 13.0   16110.00   .3600581E-10
 13.0   16120.00   .3601371E-10
 13.0   16130.00   .3602159E-10
 13.0   16140.00   .3602946E-10
 13.0   16150.00   .3603731E-10
 13.0   16160.00   .3604515E-10
 13.0   16170.00   .3605296E-10
 13.0   16180.00   .3606075E-10
 13.0   16190.00   .3606855E-10
 13.0   16200.00   .3607632E-10
 13.0   16210.00   .3608404E-10
 13.0   16220.00   .3609179E-10
 13.0   16230.00   .3609948E-10
 13.0   16240.00   .3610720E-10
 13.0   16250.00   .3611486E-10
 13.0   16260.00   .3611341E-10
 13.0   16270.00   .3611195E-10
 13.0   16280.00   .3611049E-10
 13.0   16290.00   .3610904E-10
 13.0   16300.00   .3610758E-10
 13.0   16310.00   .3610611E-10
 13.0   16320.00   .3610464E-10
 13.0   16330.00   .3610316E-10
 13.0   16340.00   .3610169E-10
 13.0   16350.00   .3610023E-10
 13.0   16360.00   .3609875E-10
 13.0   16370.00   .3609726E-10
 13.0   16380.00   .3609578E-10
 13.0   16390.00   .3609429E-10
 13.0   16400.00   .3609278E-10
 13.0   16410.00   .3609130E-10
 13.0   16420.00   .3608979E-10
 13.0   16430.00   .3608831E-10
 13.0   16440.00   .3608679E-10
 13.0   16450.00   .3608531E-10
 13.0   16460.00   .3608379E-10
 13.0   16470.00   .3608229E-10
 13.0   16480.00   .3608077E-10
 13.0   16490.00   .3607926E-10
 13.0   16500.00   .3607776E-10
 13.0   16510.00   .3607624E-10
 13.0   16520.00   .3607471E-10
 13.0   16530.00   .3607318E-10
 13.0   16540.00   .3607167E-10
 13.0   16550.00   .3607015E-10
 13.0   16560.00   .3606863E-10
 13.0   16570.00   .3606709E-10
 13.0   16580.00   .3606559E-10
 13.0   16590.00   .3606403E-10
 13.0   16600.00   .3606252E-10
 13.0   16610.00   .3606098E-10
 13.0   16620.00   .3605945E-10
 13.0   16630.00   .3605792E-10
 13.0   16640.00   .3605637E-10
 13.0   16650.00   .3605484E-10
 13.0   16660.00   .3605330E-10
 13.0   16670.00   .3605175E-10
 13.0   16680.00   .3605023E-10
 13.0   16690.00   .3604869E-10
 13.0   16700.00   .3604713E-10
 13.0   16710.00   .3604560E-10
 13.0   16720.00   .3604405E-10
 13.0   16730.00   .3604251E-10
 13.0   16740.00   .3604097E-10
 13.0   16750.00   .3603942E-10
 13.0   16760.00   .3603787E-10
 13.0   16770.00   .3603633E-10
 13.0   16780.00   .3603478E-10
 13.0   16790.00   .3603324E-10
 13.0   16800.00   .3603169E-10
 13.0   16810.00   .3603015E-10
 13.0   16820.00   .3602861E-10
 13.0   16830.00   .3602706E-10
 13.0   16840.00   .3602551E-10
 13.0   16850.00   .3602396E-10
 13.0   16860.00   .3602243E-10
 13.0   16870.00   .3602087E-10
 13.0   16880.00   .3601932E-10
 13.0   16890.00   .3601779E-10
 13.0   16900.00   .3601624E-10
 13.0   16910.00   .3601470E-10
 13.0   16920.00   .3601314E-10
 13.0   16930.00   .3601161E-10
 13.0   16940.00   .3601005E-10
 13.0   16950.00   .3600850E-10
 13.0   16960.00   .3600696E-10
 13.0   16970.00   .3600540E-10
 13.0   16980.00   .3600385E-10
 13.0   16990.00   .3600230E-10
 13.0   17000.00   .3600074E-10
 13.0   17010.00   .3599921E-10
 13.0   17020.00   .3599765E-10
 13.0   17030.00   .3599608E-10
 13.0   17040.00   .3599456E-10
 13.0   17050.00   .3599299E-10
 13.0   17060.00   .3599145E-10
 13.0   17070.00   .3598990E-10
 13.0   17080.00   .3598836E-10
 13.0   17090.00   .3598680E-10
 13.0   17100.00   .3598524E-10
 13.0   17110.00   .3598370E-10
 13.0   17120.00   .3598213E-10
 13.0   17130.00   .3598060E-10
 13.0   17140.00   .3597905E-10
 13.0   17150.00   .3597748E-10
 13.0   17160.00   .3597592E-10
 13.0   17170.00   .3597436E-10
 13.0   17180.00   .3597281E-10
 13.0   17190.00   .3597124E-10
 13.0   17200.00   .3596970E-10
 13.0   17210.00   .3596812E-10
 13.0   17220.00   .3596658E-10
 13.0   17230.00   .3596501E-10
 13.0   17240.00   .3596344E-10
 13.0   17250.00   .3596190E-10
 13.0   17260.00   .3596032E-10
 13.0   17270.00   .3595875E-10
 13.0   17280.00   .3595720E-10
 13.0   17290.00   .3595565E-10
 13.0   17300.00   .3595409E-10
 13.0   17310.00   .3595253E-10
 13.0   17320.00   .3595096E-10
 13.0   17330.00   .3594937E-10
 13.0   17340.00   .3594783E-10
 13.0   17350.00   .3594626E-10
 13.0   17360.00   .3594469E-10
 13.0   17370.00   .3594312E-10
 13.0   17380.00   .3594156E-10
 13.0   17390.00   .3594000E-10
 13.0   17400.00   .3593841E-10
 13.0   17410.00   .3593684E-10
 13.0   17420.00   .3593527E-10
 13.0   17430.00   .3593370E-10
 13.0   17440.00   .3593212E-10
 13.0   17450.00   .3593053E-10
 13.0   17460.00   .3592898E-10
 13.0   17470.00   .3592740E-10
 13.0   17480.00   .3592582E-10
 13.0   17490.00   .3592426E-10
 13.0   17500.00   .3592269E-10
 13.0   17510.00   .3592109E-10
 13.0   17520.00   .3591952E-10
 13.0   17530.00   .3591794E-10
 13.0   17540.00   .3591637E-10
 13.0   17550.00   .3591475E-10
 13.0   17560.00   .3591316E-10
 13.0   17570.00   .3591157E-10
 13.0   17580.00   .3591000E-10
 13.0   17590.00   .3590841E-10
 13.0   17600.00   .3590684E-10
 13.0   17610.00   .3590523E-10
 13.0   17620.00   .3590365E-10
 13.0   17630.00   .3590205E-10
 13.0   17640.00   .3590048E-10
 13.0   17650.00   .3589887E-10
 13.0   17660.00   .3589727E-10
 13.0   17670.00   .3589567E-10
 13.0   17680.00   .3589408E-10
 13.0   17690.00   .3589247E-10
 13.0   17700.00   .3589088E-10
 13.0   17710.00   .3588928E-10
 13.0   17720.00   .3588766E-10
 13.0   17730.00   .3588606E-10
 13.0   17740.00   .3588447E-10
 13.0   17750.00   .3588286E-10
 13.0   17760.00   .3588124E-10
 13.0   17770.00   .3587968E-10
 13.0   17780.00   .3587806E-10
 13.0   17790.00   .3587643E-10
 13.0   17800.00   .3587482E-10
 13.0   17810.00   .3587321E-10
 13.0   17820.00   .3587160E-10
 13.0   17830.00   .3587000E-10
 13.0   17840.00   .3586836E-10
 13.0   17850.00   .3586676E-10
 13.0   17860.00   .3586514E-10
 13.0   17870.00   .3586351E-10
 13.0   17880.00   .3586189E-10
 13.0   17890.00   .3586028E-10
 13.0   17900.00   .3585864E-10
 13.0   17910.00   .3585702E-10
 13.0   17920.00   .3585538E-10
 13.0   17930.00   .3585376E-10
 13.0   17940.00   .3585212E-10
 13.0   17950.00   .3585049E-10
 13.0   17960.00   .3584887E-10
 13.0   17970.00   .3584721E-10
 13.0   17980.00   .3584561E-10
 13.0   17990.00   .3584398E-10
 13.0   18000.00   .3584232E-10
 13.0   18010.00   .3573937E-10
 13.0   18020.00   .3563641E-10
 13.0   18030.00   .3553349E-10
 13.0   18040.00   .3543056E-10
 13.0   18050.00   .3532765E-10
 13.0   18060.00   .3522471E-10
 13.0   18070.00   .3512183E-10
 13.0   18080.00   .3501892E-10
 13.0   18090.00   .3491605E-10
 13.0   18100.00   .3481314E-10
 13.0   18110.00   .3471027E-10
 13.0   18120.00   .3460741E-10
 13.0   18130.00   .3450457E-10
 13.0   18140.00   .3440170E-10
 13.0   18150.00   .3429887E-10
 13.0   18160.00   .3419600E-10
 13.0   18170.00   .3409319E-10
 13.0   18180.00   .3399036E-10
 13.0   18190.00   .3388756E-10
 13.0   18200.00   .3378475E-10
 13.0   18210.00   .3368196E-10
 13.0   18220.00   .3357917E-10
 13.0   18230.00   .3347639E-10
 13.0   18240.00   .3337361E-10
 13.0   18250.00   .3327084E-10
 13.0   18260.00   .3316809E-10
 13.0   18270.00   .3306534E-10
 13.0   18280.00   .3296259E-10
 13.0   18290.00   .3285985E-10
 13.0   18300.00   .3275713E-10
 13.0   18310.00   .3265443E-10
 13.0   18320.00   .3255171E-10
 13.0   18330.00   .3244900E-10
 13.0   18340.00   .3234632E-10
 13.0   18350.00   .3224361E-10
 13.0   18360.00   .3214095E-10
 13.0   18370.00   .3203829E-10
 13.0   18380.00   .3193561E-10
 13.0   18390.00   .3183295E-10
 13.0   18400.00   .3173031E-10
 13.0   18410.00   .3162769E-10
 13.0   18420.00   .3152504E-10
 13.0   18430.00   .3142243E-10
 13.0   18440.00   .3131980E-10
 13.0   18450.00   .3121719E-10
 13.0   18460.00   .3111461E-10
 13.0   18470.00   .3101201E-10
 13.0   18480.00   .3090944E-10
 13.0   18490.00   .3080685E-10
 13.0   18500.00   .3070430E-10
 13.0   18510.00   .3060173E-10
 13.0   18520.00   .3049917E-10
 13.0   18530.00   .3039664E-10
 13.0   18540.00   .3029409E-10
 13.0   18550.00   .3019158E-10
 13.0   18560.00   .3008907E-10
 13.0   18570.00   .2998656E-10
 13.0   18580.00   .2988405E-10
 13.0   18590.00   .2978155E-10
 13.0   18600.00   .2967906E-10
 13.0   18610.00   .2957658E-10
 13.0   18620.00   .2947412E-10
 13.0   18630.00   .2937165E-10
 13.0   18640.00   .2926920E-10
 13.0   18650.00   .2916676E-10
 13.0   18660.00   .2906431E-10
 13.0   18670.00   .2896188E-10
 13.0   18680.00   .2885946E-10
 13.0   18690.00   .2875705E-10
 13.0   18700.00   .2865464E-10
 13.0   18710.00   .2855225E-10
 13.0   18720.00   .2844986E-10
 13.0   18730.00   .2834749E-10
 13.0   18740.00   .2824510E-10
 13.0   18750.00   .2814275E-10
 13.0   18760.00   .2804039E-10
 13.0   18770.00   .2793805E-10
 13.0   18780.00   .2783569E-10
 13.0   18790.00   .2773337E-10
 13.0   18800.00   .2763106E-10
 13.0   18810.00   .2752874E-10
 13.0   18820.00   .2742642E-10
 13.0   18830.00   .2732414E-10
 13.0   18840.00   .2722184E-10
 13.0   18850.00   .2711955E-10
 13.0   18860.00   .2701730E-10
 13.0   18870.00   .2691501E-10
 13.0   18880.00   .2681277E-10
 13.0   18890.00   .2671052E-10
 13.0   18900.00   .2660828E-10
 13.0   18910.00   .2650606E-10
 13.0   18920.00   .2640384E-10
 13.0   18930.00   .2630161E-10
 13.0   18940.00   .2619941E-10
 13.0   18950.00   .2609721E-10
 13.0   18960.00   .2599503E-10
 13.0   18970.00   .2589283E-10
 13.0   18980.00   .2579068E-10
 13.0   18990.00   .2568851E-10
 13.0   19000.00   .2558637E-10
 13.0   19010.00   .2548421E-10
 13.0   19020.00   .2538208E-10
 13.0   19030.00   .2527995E-10
 13.0   19040.00   .2517782E-10
 13.0   19050.00   .2507571E-10
 13.0   19060.00   .2497361E-10
 13.0   19070.00   .2487154E-10
 13.0   19080.00   .2476945E-10
 13.0   19090.00   .2466736E-10
 13.0   19100.00   .2456530E-10
 13.0   19110.00   .2446324E-10
 13.0   19120.00   .2436117E-10
 13.0   19130.00   .2425915E-10
 13.0   19140.00   .2415711E-10
 13.0   19150.00   .2405509E-10
 13.0   19160.00   .2395307E-10
 13.0   19170.00   .2385106E-10
 13.0   19180.00   .2374907E-10
 13.0   19190.00   .2364708E-10
 13.0   19200.00   .2354509E-10
 13.0   19210.00   .2344313E-10
 13.0   19220.00   .2334117E-10
 13.0   19230.00   .2323922E-10
 13.0   19240.00   .2313727E-10
 13.0   19250.00   .2303534E-10
 13.0   19260.00   .2293343E-10
 13.0   19270.00   .2283148E-10
 13.0   19280.00   .2272960E-10
 13.0   19290.00   .2262769E-10
 13.0   19300.00   .2252579E-10
 13.0   19310.00   .2242391E-10
 13.0   19320.00   .2232205E-10
 13.0   19330.00   .2222017E-10
 13.0   19340.00   .2211833E-10
 13.0   19350.00   .2201649E-10
 13.0   19360.00   .2191465E-10
 13.0   19370.00   .2181281E-10
 13.0   19380.00   .2171100E-10
 13.0   19390.00   .2160920E-10
 13.0   19400.00   .2150738E-10
 13.0   19410.00   .2140560E-10
 13.0   19420.00   .2130383E-10
 13.0   19430.00   .2120206E-10
 13.0   19440.00   .2110030E-10
 13.0   19450.00   .2099854E-10
 13.0   19460.00   .2089679E-10
 13.0   19470.00   .2079508E-10
 13.0   19480.00   .2069333E-10
 13.0   19490.00   .2059163E-10
 13.0   19500.00   .2048991E-10
 13.0   19510.00   .2038821E-10
 13.0   19520.00   .2028653E-10
 13.0   19530.00   .2018486E-10
 13.0   19540.00   .2008319E-10
 13.0   19550.00   .1998153E-10
 13.0   19560.00   .1987989E-10
 13.0   19570.00   .1977825E-10
 13.0   19580.00   .1967662E-10
 13.0   19590.00   .1957499E-10
 13.0   19600.00   .1947340E-10
 13.0   19610.00   .1937179E-10
 13.0   19620.00   .1927019E-10
 13.0   19630.00   .1916862E-10
 13.0   19640.00   .1906704E-10
 13.0   19650.00   .1896549E-10
 13.0   19660.00   .1886394E-10
 13.0   19670.00   .1876239E-10
 13.0   19680.00   .1866087E-10
 13.0   19690.00   .1855934E-10
 13.0   19700.00   .1845785E-10
 13.0   19710.00   .1835634E-10
 13.0   19720.00   .1825486E-10
 13.0   19730.00   .1815338E-10
 13.0   19740.00   .1805192E-10
 13.0   19750.00   .1795046E-10
 13.0   19760.00   .1784902E-10
 13.0   19770.00   .1774759E-10
 13.0   19780.00   .1764617E-10
 13.0   19790.00   .1754476E-10
 13.0   19800.00   .1744336E-10
 13.0   19810.00   .1734198E-10
 13.0   19820.00   .1724060E-10
 13.0   19830.00   .1713924E-10
 13.0   19840.00   .1703789E-10
 13.0   19850.00   .1693655E-10
 13.0   19860.00   .1683522E-10
 13.0   19870.00   .1673391E-10
 13.0   19880.00   .1663261E-10
 13.0   19890.00   .1653132E-10
 13.0   19900.00   .1643003E-10
 13.0   19910.00   .1632876E-10
 13.0   19920.00   .1622752E-10
 13.0   19930.00   .1612627E-10
 13.0   19940.00   .1602504E-10
 13.0   19950.00   .1592382E-10
 13.0   19960.00   .1582262E-10
 13.0   19970.00   .1572142E-10
 13.0   19980.00   .1562024E-10
 13.0   19990.00   .1551907E-10
 13.0   20000.00   .1541792E-10
 13.0   20010.00   .1531678E-10
 13.0   20020.00   .1521565E-10
 13.0   20030.00   .1511453E-10
 13.0   20040.00   .1501342E-10
 13.0   20050.00   .1491234E-10
 13.0   20060.00   .1481125E-10
 13.0   20070.00   .1471019E-10
 13.0   20080.00   .1460914E-10
 13.0   20090.00   .1450809E-10
 13.0   20100.00   .1440707E-10
 13.0   20110.00   .1440626E-10
 13.0   20120.00   .1440546E-10
 13.0   20130.00   .1440465E-10
 13.0   20140.00   .1440385E-10
 13.0   20150.00   .1440307E-10
 13.0   20160.00   .1440226E-10
 13.0   20170.00   .1440147E-10
 13.0   20180.00   .1440067E-10
 13.0   20190.00   .1439988E-10
 13.0   20200.00   .1439910E-10
 13.0   20210.00   .1439831E-10
 13.0   20220.00   .1439753E-10
 13.0   20230.00   .1439675E-10
 13.0   20240.00   .1439597E-10
 13.0   20250.00   .1439520E-10
 13.0   20260.00   .1439442E-10
 13.0   20270.00   .1439365E-10
 13.0   20280.00   .1439288E-10
 13.0   20290.00   .1439211E-10
 13.0   20300.00   .1439136E-10
 13.0   20310.00   .1439059E-10
 13.0   20320.00   .1438985E-10
 13.0   20330.00   .1438909E-10
 13.0   20340.00   .1438833E-10
 13.0   20350.00   .1438759E-10
 13.0   20360.00   .1438685E-10
 13.0   20370.00   .1438611E-10
 13.0   20380.00   .1438537E-10
 13.0   20390.00   .1438463E-10
 13.0   20400.00   .1438391E-10
 13.0   20410.00   .1438317E-10
 13.0   20420.00   .1438245E-10
 13.0   20430.00   .1438173E-10
 13.0   20440.00   .1438101E-10
 13.0   20450.00   .1438031E-10
 13.0   20460.00   .1437959E-10
 13.0   20470.00   .1437889E-10
 13.0   20480.00   .1437819E-10
 13.0   20490.00   .1437749E-10
 13.0   20500.00   .1437679E-10
 13.0   20510.00   .1437610E-10
 13.0   20520.00   .1437542E-10
 13.0   20530.00   .1437474E-10
 13.0   20540.00   .1437406E-10
 13.0   20550.00   .1437339E-10
 13.0   20560.00   .1437272E-10
 13.0   20570.00   .1437206E-10
 13.0   20580.00   .1437140E-10
 13.0   20590.00   .1437075E-10
 13.0   20600.00   .1437010E-10
 13.0   20610.00   .1436945E-10
 13.0   20620.00   .1436882E-10
 13.0   20630.00   .1436818E-10
 13.0   20640.00   .1436754E-10
 13.0   20650.00   .1436691E-10
 13.0   20660.00   .1436629E-10
 13.0   20670.00   .1436567E-10
 13.0   20680.00   .1436507E-10
 13.0   20690.00   .1436446E-10
 13.0   20700.00   .1436385E-10
 13.0   20710.00   .1436327E-10
 13.0   20720.00   .1436268E-10
 13.0   20730.00   .1436209E-10
 13.0   20740.00   .1436150E-10
 13.0   20750.00   .1436094E-10
 13.0   20760.00   .1436036E-10
 13.0   20770.00   .1435980E-10
 13.0   20780.00   .1435924E-10
 13.0   20790.00   .1435869E-10
 13.0   20800.00   .1435816E-10
 13.0   20810.00   .1435760E-10
 13.0   20820.00   .1435707E-10
 13.0   20830.00   .1435654E-10
 13.0   20840.00   .1435601E-10
 13.0   20850.00   .1435551E-10
 13.0   20860.00   .1435500E-10
 13.0   20870.00   .1435449E-10
 13.0   20880.00   .1435400E-10
 13.0   20890.00   .1435350E-10
 13.0   20900.00   .1435301E-10
 13.0   20910.00   .1435254E-10
 13.0   20920.00   .1435206E-10
 13.0   20930.00   .1435159E-10
 13.0   20940.00   .1435113E-10
 13.0   20950.00   .1435067E-10
 13.0   20960.00   .1435023E-10
 13.0   20970.00   .1434980E-10
 13.0   20980.00   .1434937E-10
 13.0   20990.00   .1434894E-10
 13.0   21000.00   .1434852E-10
 13.0   21010.00   .1434810E-10
 13.0   21020.00   .1434770E-10
 13.0   21030.00   .1434730E-10
 13.0   21040.00   .1434691E-10
 13.0   21050.00   .1434654E-10
 13.0   21060.00   .1434615E-10
 13.0   21070.00   .1434578E-10
 13.0   21080.00   .1434543E-10
 13.0   21090.00   .1434507E-10
 13.0   21100.00   .1434471E-10
 13.0   21110.00   .1434439E-10
 13.0   21120.00   .1434405E-10
 13.0   21130.00   .1434373E-10
 13.0   21140.00   .1434341E-10
 13.0   21150.00   .1434310E-10
 13.0   21160.00   .1434279E-10
 13.0   21170.00   .1434251E-10
 13.0   21180.00   .1434222E-10
 13.0   21190.00   .1434195E-10
 13.0   21200.00   .1434168E-10
 13.0   21210.00   .1434142E-10
 13.0   21220.00   .1434117E-10
 13.0   21230.00   .1434092E-10
 13.0   21240.00   .1434069E-10
 13.0   21250.00   .1434046E-10
 13.0   21260.00   .1434025E-10
 13.0   21270.00   .1434004E-10
 13.0   21280.00   .1433983E-10
 13.0   21290.00   .1433965E-10
 13.0   21300.00   .1433945E-10
 13.0   21310.00   .1433928E-10
 13.0   21320.00   .1433911E-10
 13.0   21330.00   .1433895E-10
 13.0   21340.00   .1433879E-10
 13.0   21350.00   .1433867E-10
 13.0   21360.00   .1433853E-10
 13.0   21370.00   .1433840E-10
 13.0   21380.00   .1433829E-10
 13.0   21390.00   .1433818E-10
 13.0   21400.00   .1433809E-10
 13.0   21410.00   .1433801E-10
 13.0   21420.00   .1433792E-10
 13.0   21430.00   .1433787E-10
 13.0   21440.00   .1433781E-10
 13.0   21450.00   .1433776E-10
 13.0   21460.00   .1433773E-10
 13.0   21470.00   .1433770E-10
 13.0   21480.00   .1433767E-10
 13.0   21490.00   .1433767E-10
 13.0   21500.00   .1433767E-10
 13.0   21510.00   .1433768E-10
 13.0   21520.00   .1433770E-10
 13.0   21530.00   .1433773E-10
 13.0   21540.00   .1433778E-10
 13.0   21550.00   .1433782E-10
 13.0   21560.00   .1433788E-10
 13.0   21570.00   .1433796E-10
 13.0   21580.00   .1433804E-10
 13.0   21590.00   .1433814E-10
 13.0   21600.00   .1433824E-10
 13.0   21610.00   .1433835E-10
 13.0   21620.00   .1433847E-10
 13.0   21630.00   .1433861E-10
 13.0   21640.00   .1433874E-10
 13.0   21650.00   .1433889E-10
 13.0   21660.00   .1433907E-10
 13.0   21670.00   .1433925E-10
 13.0   21680.00   .1433943E-10
 13.0   21690.00   .1433964E-10
 13.0   21700.00   .1433984E-10
 13.0   21710.00   .1434006E-10
 13.0   21720.00   .1434031E-10
 13.0   21730.00   .1434054E-10
 13.0   21740.00   .1434079E-10
 13.0   21750.00   .1434106E-10
 13.0   21760.00   .1434134E-10
 13.0   21770.00   .1434163E-10
 13.0   21780.00   .1434193E-10
 13.0   21790.00   .1434224E-10
 13.0   21800.00   .1434257E-10
 13.0   21810.00   .1434291E-10
 13.0   21820.00   .1434325E-10
 13.0   21830.00   .1434361E-10
 13.0   21840.00   .1434398E-10
 13.0   21850.00   .1434436E-10
 13.0   21860.00   .1434474E-10
 13.0   21870.00   .1434516E-10
 13.0   21880.00   .1434557E-10
 13.0   21890.00   .1434601E-10
 13.0   21900.00   .1434646E-10
 13.0   21910.00   .1434690E-10
 13.0   21920.00   .1434737E-10
 13.0   21930.00   .1434786E-10
 13.0   21940.00   .1434834E-10
 13.0   21950.00   .1434884E-10
 13.0   21960.00   .1434936E-10
 13.0   21970.00   .1434989E-10
 13.0   21980.00   .1435043E-10
 13.0   21990.00   .1435098E-10
 13.0   22000.00   .1435157E-10
 13.0   22010.00   .1435214E-10
 13.0   22020.00   .1435274E-10
 13.0   22030.00   .1435334E-10
 13.0   22040.00   .1435396E-10
 13.0   22050.00   .1435459E-10
 13.0   22060.00   .1435524E-10
 13.0   22070.00   .1435590E-10
 13.0   22080.00   .1435658E-10
 13.0   22090.00   .1435727E-10
 13.0   22100.00   .1435795E-10
 13.0   22110.00   .1435866E-10
 13.0   22120.00   .1435940E-10
 13.0   22130.00   .1436013E-10
 13.0   22140.00   .1436089E-10
 13.0   22150.00   .1436166E-10
 13.0   22160.00   .1436245E-10
 13.0   22170.00   .1436323E-10
 13.0   22180.00   .1436404E-10
 13.0   22190.00   .1436488E-10
 13.0   22200.00   .1436570E-10
 13.0   22210.00   .1436655E-10
 13.0   22220.00   .1436742E-10
 13.0   22230.00   .1436829E-10
 13.0   22240.00   .1436919E-10
 13.0   22250.00   .1437009E-10
 13.0   22260.00   .1437102E-10
 13.0   22270.00   .1437196E-10
 13.0   22280.00   .1437291E-10
 13.0   22290.00   .1437388E-10
 13.0   22300.00   .1437486E-10
 13.0   22310.00   .1437584E-10
 13.0   22320.00   .1437685E-10
 13.0   22330.00   .1437787E-10
 13.0   22340.00   .1437892E-10
 13.0   22350.00   .1437997E-10
 13.0   22360.00   .1438105E-10
 13.0   22370.00   .1438212E-10
 13.0   22380.00   .1438322E-10
 13.0   22390.00   .1438434E-10
 13.0   22400.00   .1438547E-10
 13.0   22410.00   .1438661E-10
 13.0   22420.00   .1438777E-10
 13.0   22430.00   .1438895E-10
 13.0   22440.00   .1439013E-10
 13.0   22450.00   .1439134E-10
 13.0   22460.00   .1439255E-10
 13.0   22470.00   .1439378E-10
 13.0   22480.00   .1439502E-10
 13.0   22490.00   .1439629E-10
 13.0   22500.00   .1439756E-10
 13.0   22510.00   .1439887E-10
 13.0   22520.00   .1440017E-10
 13.0   22530.00   .1440148E-10
 13.0   22540.00   .1440281E-10
 13.0   22550.00   .1440418E-10
 13.0   22560.00   .1440552E-10
 13.0   22570.00   .1440690E-10
 13.0   22580.00   .1440829E-10
 13.0   22590.00   .1440970E-10
 13.0   22600.00   .1441112E-10
 13.0   22610.00   .1441255E-10
 13.0   22620.00   .1441399E-10
 13.0   22630.00   .1441545E-10
 13.0   22640.00   .1441693E-10
 13.0   22650.00   .1441842E-10
 13.0   22660.00   .1441991E-10
 13.0   22670.00   .1442142E-10
 13.0   22680.00   .1442296E-10
 13.0   22690.00   .1442450E-10
 13.0   22700.00   .1442605E-10
 13.0   22710.00   .1442762E-10
 13.0   22720.00   .1442920E-10
 13.0   22730.00   .1443080E-10
 13.0   22740.00   .1443240E-10
 13.0   22750.00   .1443402E-10
 13.0   22760.00   .1443566E-10
 13.0   22770.00   .1443729E-10
 13.0   22780.00   .1443896E-10
 13.0   22790.00   .1444063E-10
 13.0   22800.00   .1444232E-10
 13.0   22810.00   .1444402E-10
 13.0   22820.00   .1444573E-10
 13.0   22830.00   .1444745E-10
 13.0   22840.00   .1444918E-10
 13.0   22850.00   .1445093E-10
 13.0   22860.00   .1445269E-10
 13.0   22870.00   .1445447E-10
 13.0   22880.00   .1445625E-10
 13.0   22890.00   .1445806E-10
 13.0   22900.00   .1445987E-10
 13.0   22910.00   .1446170E-10
 13.0   22920.00   .1446353E-10
 13.0   22930.00   .1446537E-10
 13.0   22940.00   .1446722E-10
 13.0   22950.00   .1446911E-10
 13.0   22960.00   .1447099E-10
 13.0   22970.00   .1447289E-10
 13.0   22980.00   .1447480E-10
 13.0   22990.00   .1447670E-10
 13.0   23000.00   .1447863E-10
 13.0   23010.00   .1448059E-10
 13.0   23020.00   .1448254E-10
 13.0   23030.00   .1448451E-10
 13.0   23040.00   .1448649E-10
 13.0   23050.00   .1448847E-10
 13.0   23060.00   .1449047E-10
 13.0   23070.00   .1449248E-10
 13.0   23080.00   .1449451E-10
 13.0   23090.00   .1449654E-10
 13.0   23100.00   .1449858E-10
 13.0   23110.00   .1450065E-10
 13.0   23120.00   .1450271E-10
 13.0   23130.00   .1450479E-10
 13.0   23140.00   .1450688E-10
 13.0   23150.00   .1450898E-10
 13.0   23160.00   .1451108E-10
 13.0   23170.00   .1451321E-10
 13.0   23180.00   .1451534E-10
 13.0   23190.00   .1451749E-10
 13.0   23200.00   .1451965E-10
 13.0   23210.00   .1452182E-10
 13.0   23220.00   .1452399E-10
 13.0   23230.00   .1452618E-10
 13.0   23240.00   .1452837E-10
 13.0   23250.00   .1453058E-10
 13.0   23260.00   .1453280E-10
 13.0   23270.00   .1453503E-10
 13.0   23280.00   .1453727E-10
 13.0   23290.00   .1453952E-10
 13.0   23300.00   .1454177E-10
 13.0   23310.00   .1454404E-10
 13.0   23320.00   .1454632E-10
 13.0   23330.00   .1454861E-10
 13.0   23340.00   .1455092E-10
 13.0   23350.00   .1455323E-10
 13.0   23360.00   .1455554E-10
 13.0   23370.00   .1455787E-10
 13.0   23380.00   .1456021E-10
 13.0   23390.00   .1456256E-10
 13.0   23400.00   .1456492E-10
 13.0   23410.00   .1456728E-10
 13.0   23420.00   .1456966E-10
 13.0   23430.00   .1457205E-10
 13.0   23440.00   .1457444E-10
 13.0   23450.00   .1457685E-10
 13.0   23460.00   .1457926E-10
 13.0   23470.00   .1458168E-10
 13.0   23480.00   .1458412E-10
 13.0   23490.00   .1458656E-10
 13.0   23500.00   .1458901E-10
 13.0   23510.00   .1459147E-10
 13.0   23520.00   .1459394E-10
 13.0   23530.00   .1459642E-10
 13.0   23540.00   .1459890E-10
 13.0   23550.00   .1460140E-10
 13.0   23560.00   .1460390E-10
 13.0   23570.00   .1460642E-10
 13.0   23580.00   .1460894E-10
 13.0   23590.00   .1461147E-10
 13.0   23600.00   .1461401E-10
 13.0   23610.00   .1461656E-10
 13.0   23620.00   .1461911E-10
 13.0   23630.00   .1462167E-10
 13.0   23640.00   .1462424E-10
 13.0   23650.00   .1462683E-10
 13.0   23660.00   .1462941E-10
 13.0   23670.00   .1463201E-10
 13.0   23680.00   .1463462E-10
 13.0   23690.00   .1463724E-10
 13.0   23700.00   .1463986E-10
 13.0   23710.00   .1464249E-10
 13.0   23720.00   .1464512E-10
 13.0   23730.00   .1464777E-10
 13.0   23740.00   .1465041E-10
 13.0   23750.00   .1465308E-10
 13.0   23760.00   .1465574E-10
 13.0   23770.00   .1465842E-10
 13.0   23780.00   .1466110E-10
 13.0   23790.00   .1466379E-10
 13.0   23800.00   .1466650E-10
 13.0   23810.00   .1466920E-10
 13.0   23820.00   .1467191E-10
 13.0   23830.00   .1467463E-10
 13.0   23840.00   .1467736E-10
 13.0   23850.00   .1468009E-10
 13.0   23860.00   .1468283E-10
 13.0   23870.00   .1468558E-10
 13.0   23880.00   .1468834E-10
 13.0   23890.00   .1469109E-10
 13.0   23900.00   .1469386E-10
 13.0   23910.00   .1469664E-10
 13.0   23920.00   .1469943E-10
 13.0   23930.00   .1470222E-10
 13.0   23940.00   .1470501E-10
 13.0   23950.00   .1470782E-10
 13.0   23960.00   .1471062E-10
 13.0   23970.00   .1471344E-10
 13.0   23980.00   .1471626E-10
 13.0   23990.00   .1471909E-10
 13.0   24000.00   .1472192E-10
 13.0   24010.00   .1472476E-10
 13.0   24020.00   .1472761E-10
 13.0   24030.00   .1473048E-10
 13.0   24040.00   .1473334E-10
 13.0   24050.00   .1473620E-10
 13.0   24060.00   .1473907E-10
 13.0   24070.00   .1474194E-10
 13.0   24080.00   .1474484E-10
 13.0   24090.00   .1474772E-10
 13.0   24100.00   .1475062E-10
 13.0   24110.00   .1475352E-10
 13.0   24120.00   .1475642E-10
 13.0   24130.00   .1475934E-10
 13.0   24140.00   .1476226E-10
 13.0   24150.00   .1476519E-10
 13.0   24160.00   .1476811E-10
 13.0   24170.00   .1477105E-10
 13.0   24180.00   .1477398E-10
 13.0   24190.00   .1477693E-10
 13.0   24200.00   .1477988E-10
 13.0   24210.00   .1478284E-10
 13.0   24220.00   .1478580E-10
 13.0   24230.00   .1478876E-10
 13.0   24240.00   .1479174E-10
 13.0   24250.00   .1479471E-10
 13.0   24260.00   .1479770E-10
 13.0   24270.00   .1480067E-10
 13.0   24280.00   .1480367E-10
 13.0   24290.00   .1480667E-10
 13.0   24300.00   .1480966E-10
 13.0   24310.00   .1481266E-10
 13.0   24320.00   .1481568E-10
 13.0   24330.00   .1481869E-10
 13.0   24340.00   .1482170E-10
 13.0   24350.00   .1482473E-10
 13.0   24360.00   .1482776E-10
 13.0   24370.00   .1483079E-10
 13.0   24380.00   .1483382E-10
 13.0   24390.00   .1483686E-10
 13.0   24400.00   .1483991E-10
 13.0   24410.00   .1484296E-10
 13.0   24420.00   .1484601E-10
 13.0   24430.00   .1484907E-10
 13.0   24440.00   .1485212E-10
 13.0   24450.00   .1485519E-10
 13.0   24460.00   .1485826E-10
 13.0   24470.00   .1486132E-10
 13.0   24480.00   .1486440E-10
 13.0   24490.00   .1486748E-10
 13.0   24500.00   .1487056E-10
 13.0   24510.00   .1487365E-10
 13.0   24520.00   .1487674E-10
 13.0   24530.00   .1487982E-10
 13.0   24540.00   .1488293E-10
 13.0   24550.00   .1488601E-10
 13.0   24560.00   .1488912E-10
 13.0   24570.00   .1489223E-10
 13.0   24580.00   .1489533E-10
 13.0   24590.00   .1489845E-10
 13.0   24600.00   .1490156E-10
 13.0   24610.00   .1490467E-10
 13.0   24620.00   .1490780E-10
 13.0   24630.00   .1491092E-10
 13.0   24640.00   .1491404E-10
 13.0   24650.00   .1491717E-10
 13.0   24660.00   .1492030E-10
 13.0   24670.00   .1492343E-10
 13.0   24680.00   .1492658E-10
 13.0   24690.00   .1492970E-10
 13.0   24700.00   .1493285E-10
 13.0   24710.00   .1493600E-10
 13.0   24720.00   .1493914E-10
 13.0   24730.00   .1494229E-10
 13.0   24740.00   .1494545E-10
 13.0   24750.00   .1494858E-10
 13.0   24760.00   .1495175E-10
 13.0   24770.00   .1495490E-10
 13.0   24780.00   .1495806E-10
 13.0   24790.00   .1496122E-10
 13.0   24800.00   .1496438E-10
 13.0   24810.00   .1496754E-10
 13.0   24820.00   .1497070E-10
 13.0   24830.00   .1497388E-10
 13.0   24840.00   .1497705E-10
 13.0   24850.00   .1498021E-10
 13.0   24860.00   .1498338E-10
 13.0   24870.00   .1498657E-10
 13.0   24880.00   .1498974E-10
 13.0   24890.00   .1499291E-10
 13.0   24900.00   .1499608E-10
 13.0   24910.00   .1499927E-10
 13.0   24920.00   .1500244E-10
 13.0   24930.00   .1500563E-10
 13.0   24940.00   .1500881E-10
 13.0   24950.00   .1501199E-10
 13.0   24960.00   .1501516E-10
 13.0   24970.00   .1501836E-10
 13.0   24980.00   .1502154E-10
 13.0   24990.00   .1502473E-10
 13.0   25000.00   .1502793E-10
