 64.0    1000.00   .5237503E-15
 64.0    1010.00   .2020188E-14
 64.0    1020.00   .5446172E-14
 64.0    1030.00   .1204402E-13
 64.0    1040.00   .2341598E-13
 64.0    1050.00   .4152950E-13
 64.0    1060.00   .6870272E-13
 64.0    1070.00   .1075678E-12
 64.0    1080.00   .1610112E-12
 64.0    1090.00   .2320904E-12
 64.0    1100.00   .3239289E-12
 64.0    1110.00   .4395883E-12
 64.0    1120.00   .5819248E-12
 64.0    1130.00   .7534312E-12
 64.0    1140.00   .9560687E-12
 64.0    1150.00   .1191099E-11
 64.0    1160.00   .1458920E-11
 64.0    1170.00   .1758913E-11
 64.0    1180.00   .2089311E-11
 64.0    1190.00   .2447098E-11
 64.0    1200.00   .2827944E-11
 64.0    1210.00   .3226183E-11
 64.0    1220.00   .3634846E-11
 64.0    1230.00   .4045751E-11
 64.0    1240.00   .4449649E-11
 64.0    1250.00   .4836441E-11
 64.0    1260.00   .5196464E-11
 64.0    1270.00   .5524330E-11
 64.0    1280.00   .5816917E-11
 64.0    1290.00   .6072467E-11
 64.0    1300.00   .6290567E-11
 64.0    1310.00   .6472052E-11
 64.0    1320.00   .6618891E-11
 64.0    1330.00   .6734042E-11
 64.0    1340.00   .6821296E-11
 64.0    1350.00   .6885123E-11
 64.0    1360.00   .6930519E-11
 64.0    1370.00   .6962886E-11
 64.0    1380.00   .6987796E-11
 64.0    1390.00   .7008736E-11
 64.0    1400.00   .7026983E-11
 64.0    1410.00   .7043681E-11
 64.0    1420.00   .7059979E-11
 64.0    1430.00   .7077019E-11
 64.0    1440.00   .7095946E-11
 64.0    1450.00   .7117932E-11
 64.0    1460.00   .7144153E-11
 64.0    1470.00   .7175820E-11
 64.0    1480.00   .7214182E-11
 64.0    1490.00   .7260538E-11
 64.0    1500.00   .7316247E-11
 64.0    1510.00   .7382481E-11
 64.0    1520.00   .7459467E-11
 64.0    1530.00   .7547175E-11
 64.0    1540.00   .7645587E-11
 64.0    1550.00   .7754678E-11
 64.0    1560.00   .7874448E-11
 64.0    1570.00   .8004876E-11
 64.0    1580.00   .8145949E-11
 64.0    1590.00   .8297648E-11
 64.0    1600.00   .8459944E-11
 64.0    1610.00   .8632817E-11
 64.0    1620.00   .8816219E-11
 64.0    1630.00   .9010094E-11
 64.0    1640.00   .9214373E-11
 64.0    1650.00   .9428964E-11
 64.0    1660.00   .9653750E-11
 64.0    1670.00   .9888607E-11
 64.0    1680.00   .1013336E-10
 64.0    1690.00   .1038782E-10
 64.0    1700.00   .1065175E-10
 64.0    1710.00   .1092487E-10
 64.0    1720.00   .1120689E-10
 64.0    1730.00   .1149744E-10
 64.0    1740.00   .1179613E-10
 64.0    1750.00   .1210248E-10
 64.0    1760.00   .1241603E-10
 64.0    1770.00   .1273638E-10
 64.0    1780.00   .1306315E-10
 64.0    1790.00   .1339587E-10
 64.0    1800.00   .1373405E-10
 64.0    1810.00   .1407714E-10
 64.0    1820.00   .1442451E-10
 64.0    1830.00   .1477552E-10
 64.0    1840.00   .1512944E-10
 64.0    1850.00   .1548548E-10
 64.0    1860.00   .1584280E-10
 64.0    1870.00   .1620049E-10
 64.0    1880.00   .1655759E-10
 64.0    1890.00   .1691308E-10
 64.0    1900.00   .1726587E-10
 64.0    1910.00   .1761482E-10
 64.0    1920.00   .1795873E-10
 64.0    1930.00   .1829632E-10
 64.0    1940.00   .1862633E-10
 64.0    1950.00   .1894737E-10
 64.0    1960.00   .1925806E-10
 64.0    1970.00   .1955696E-10
 64.0    1980.00   .1984258E-10
 64.0    1990.00   .2011346E-10
 64.0    2000.00   .2036805E-10
 64.0    2010.00   .2060507E-10
 64.0    2020.00   .2082416E-10
 64.0    2030.00   .2102523E-10
 64.0    2040.00   .2120827E-10
 64.0    2050.00   .2137333E-10
 64.0    2060.00   .2152049E-10
 64.0    2070.00   .2164988E-10
 64.0    2080.00   .2176171E-10
 64.0    2090.00   .2185618E-10
 64.0    2100.00   .2193359E-10
 64.0    2110.00   .2199426E-10
 64.0    2120.00   .2203853E-10
 64.0    2130.00   .2206681E-10
 64.0    2140.00   .2207950E-10
 64.0    2150.00   .2207708E-10
 64.0    2160.00   .2206002E-10
 64.0    2170.00   .2202883E-10
 64.0    2180.00   .2198404E-10
 64.0    2190.00   .2192618E-10
 64.0    2200.00   .2185585E-10
 64.0    2210.00   .2177362E-10
 64.0    2220.00   .2168007E-10
 64.0    2230.00   .2157580E-10
 64.0    2240.00   .2146144E-10
 64.0    2250.00   .2133760E-10
 64.0    2260.00   .2120513E-10
 64.0    2270.00   .2106583E-10
 64.0    2280.00   .2092175E-10
 64.0    2290.00   .2077490E-10
 64.0    2300.00   .2062730E-10
 64.0    2310.00   .2048093E-10
 64.0    2320.00   .2033777E-10
 64.0    2330.00   .2019977E-10
 64.0    2340.00   .2006888E-10
 64.0    2350.00   .1994701E-10
 64.0    2360.00   .1983609E-10
 64.0    2370.00   .1973802E-10
 64.0    2380.00   .1965473E-10
 64.0    2390.00   .1958812E-10
 64.0    2400.00   .1954016E-10
 64.0    2410.00   .1951279E-10
 64.0    2420.00   .1950804E-10
 64.0    2430.00   .1952796E-10
 64.0    2440.00   .1957467E-10
 64.0    2450.00   .1965039E-10
 64.0    2460.00   .1975740E-10
 64.0    2470.00   .1989815E-10
 64.0    2480.00   .2007519E-10
 64.0    2490.00   .2029122E-10
 64.0    2500.00   .2054918E-10
 64.0    2510.00   .2107467E-10
 64.0    2520.00   .2334187E-10
 64.0    2530.00   .2790020E-10
 64.0    2540.00   .2998702E-10
 64.0    2550.00   .3173218E-10
 64.0    2560.00   .3217244E-10
 64.0    2570.00   .3245606E-10
 64.0    2580.00   .3093555E-10
 64.0    2590.00   .2993098E-10
 64.0    2600.00   .3144301E-10
 64.0    2610.00   .2878110E-10
 64.0    2620.00   .2979934E-10
 64.0    2630.00   .3314703E-10
 64.0    2640.00   .3765609E-10
 64.0    2650.00   .4387133E-10
 64.0    2660.00   .4672516E-10
 64.0    2670.00   .5345034E-10
 64.0    2680.00   .6591277E-10
 64.0    2690.00   .8074603E-10
 64.0    2700.00   .9306199E-10
 64.0    2710.00   .1015496E-09
 64.0    2720.00   .1135652E-09
 64.0    2730.00   .1196350E-09
 64.0    2740.00   .1132209E-09
 64.0    2750.00   .1166503E-09
 64.0    2760.00   .1145413E-09
 64.0    2770.00   .1203410E-09
 64.0    2780.00   .1217128E-09
 64.0    2790.00   .1256061E-09
 64.0    2800.00   .1249078E-09
 64.0    2810.00   .1234459E-09
 64.0    2820.00   .1265265E-09
 64.0    2830.00   .1294279E-09
 64.0    2840.00   .1345508E-09
 64.0    2850.00   .1405343E-09
 64.0    2860.00   .1432298E-09
 64.0    2870.00   .1500359E-09
 64.0    2880.00   .1601145E-09
 64.0    2890.00   .1626064E-09
 64.0    2900.00   .1733202E-09
 64.0    2910.00   .1789994E-09
 64.0    2920.00   .1838012E-09
 64.0    2930.00   .1823569E-09
 64.0    2940.00   .1790834E-09
 64.0    2950.00   .1763427E-09
 64.0    2960.00   .1727273E-09
 64.0    2970.00   .1732566E-09
 64.0    2980.00   .1696503E-09
 64.0    2990.00   .1592770E-09
 64.0    3000.00   .1604941E-09
 64.0    3010.00   .1606331E-09
 64.0    3020.00   .1511352E-09
 64.0    3030.00   .1520008E-09
 64.0    3040.00   .1616420E-09
 64.0    3050.00   .1604817E-09
 64.0    3060.00   .1631296E-09
 64.0    3070.00   .1628773E-09
 64.0    3080.00   .1634159E-09
 64.0    3090.00   .1681932E-09
 64.0    3100.00   .1711758E-09
 64.0    3110.00   .1824348E-09
 64.0    3120.00   .1886916E-09
 64.0    3130.00   .1852724E-09
 64.0    3140.00   .1914085E-09
 64.0    3150.00   .1912991E-09
 64.0    3160.00   .1910703E-09
 64.0    3170.00   .1880831E-09
 64.0    3180.00   .1920203E-09
 64.0    3190.00   .1866957E-09
 64.0    3200.00   .1853770E-09
 64.0    3210.00   .1742291E-09
 64.0    3220.00   .1677772E-09
 64.0    3230.00   .1631833E-09
 64.0    3240.00   .1626430E-09
 64.0    3250.00   .1591578E-09
 64.0    3260.00   .1594940E-09
 64.0    3270.00   .1527767E-09
 64.0    3280.00   .1561245E-09
 64.0    3290.00   .1526481E-09
 64.0    3300.00   .1533411E-09
 64.0    3310.00   .1610027E-09
 64.0    3320.00   .1678636E-09
 64.0    3330.00   .1702311E-09
 64.0    3340.00   .1833118E-09
 64.0    3350.00   .1793577E-09
 64.0    3360.00   .1844846E-09
 64.0    3370.00   .1850348E-09
 64.0    3380.00   .1838504E-09
 64.0    3390.00   .1895436E-09
 64.0    3400.00   .1981235E-09
 64.0    3410.00   .1980521E-09
 64.0    3420.00   .1945924E-09
 64.0    3430.00   .1996492E-09
 64.0    3440.00   .2096248E-09
 64.0    3450.00   .2177518E-09
 64.0    3460.00   .2201936E-09
 64.0    3470.00   .2347575E-09
 64.0    3480.00   .2363314E-09
 64.0    3490.00   .2426199E-09
 64.0    3500.00   .2483586E-09
 64.0    3510.00   .2457083E-09
 64.0    3520.00   .2549203E-09
 64.0    3530.00   .2689057E-09
 64.0    3540.00   .2795624E-09
 64.0    3550.00   .2781249E-09
 64.0    3560.00   .2626841E-09
 64.0    3570.00   .2696851E-09
 64.0    3580.00   .2885876E-09
 64.0    3590.00   .3120229E-09
 64.0    3600.00   .3039997E-09
 64.0    3610.00   .2999852E-09
 64.0    3620.00   .2996359E-09
 64.0    3630.00   .2990122E-09
 64.0    3640.00   .3037270E-09
 64.0    3650.00   .3165376E-09
 64.0    3660.00   .3311303E-09
 64.0    3670.00   .3325794E-09
 64.0    3680.00   .3314055E-09
 64.0    3690.00   .3379041E-09
 64.0    3700.00   .3227529E-09
 64.0    3710.00   .3121356E-09
 64.0    3720.00   .3046969E-09
 64.0    3730.00   .2899608E-09
 64.0    3740.00   .2722587E-09
 64.0    3750.00   .2381967E-09
 64.0    3760.00   .2198461E-09
 64.0    3770.00   .1958719E-09
 64.0    3780.00   .1868241E-09
 64.0    3790.00   .1739232E-09
 64.0    3800.00   .1767666E-09
 64.0    3810.00   .1750167E-09
 64.0    3820.00   .1835833E-09
 64.0    3830.00   .1969906E-09
 64.0    3840.00   .2149908E-09
 64.0    3850.00   .2454761E-09
 64.0    3860.00   .2629342E-09
 64.0    3870.00   .2802235E-09
 64.0    3880.00   .3034056E-09
 64.0    3890.00   .3421689E-09
 64.0    3900.00   .3764438E-09
 64.0    3910.00   .3946509E-09
 64.0    3920.00   .4132418E-09
 64.0    3930.00   .4415984E-09
 64.0    3940.00   .4565894E-09
 64.0    3950.00   .4569059E-09
 64.0    3960.00   .4620809E-09
 64.0    3970.00   .4542845E-09
 64.0    3980.00   .4534964E-09
 64.0    3990.00   .4379919E-09
 64.0    4000.00   .4274210E-09
 64.0    4010.00   .4134176E-09
 64.0    4020.00   .3966814E-09
 64.0    4030.00   .3674585E-09
 64.0    4040.00   .3662659E-09
 64.0    4050.00   .3342554E-09
 64.0    4060.00   .3062787E-09
 64.0    4070.00   .3214806E-09
 64.0    4080.00   .3057459E-09
 64.0    4090.00   .2955111E-09
 64.0    4100.00   .2980629E-09
 64.0    4110.00   .2838574E-09
 64.0    4120.00   .2745892E-09
 64.0    4130.00   .2761243E-09
 64.0    4140.00   .2903860E-09
 64.0    4150.00   .2881478E-09
 64.0    4160.00   .2959673E-09
 64.0    4170.00   .2840860E-09
 64.0    4180.00   .2821007E-09
 64.0    4190.00   .2903930E-09
 64.0    4200.00   .2975605E-09
 64.0    4210.00   .3033103E-09
 64.0    4220.00   .3219803E-09
 64.0    4230.00   .3205882E-09
 64.0    4240.00   .3119278E-09
 64.0    4250.00   .3202615E-09
 64.0    4260.00   .3488234E-09
 64.0    4270.00   .3472800E-09
 64.0    4280.00   .3494573E-09
 64.0    4290.00   .3503781E-09
 64.0    4300.00   .3450124E-09
 64.0    4310.00   .3410275E-09
 64.0    4320.00   .3257252E-09
 64.0    4330.00   .3223385E-09
 64.0    4340.00   .3087321E-09
 64.0    4350.00   .3019971E-09
 64.0    4360.00   .2857554E-09
 64.0    4370.00   .2693109E-09
 64.0    4380.00   .2428552E-09
 64.0    4390.00   .2375107E-09
 64.0    4400.00   .2281566E-09
 64.0    4410.00   .2160180E-09
 64.0    4420.00   .2176762E-09
 64.0    4430.00   .2158183E-09
 64.0    4440.00   .2246489E-09
 64.0    4450.00   .2313380E-09
 64.0    4460.00   .2397357E-09
 64.0    4470.00   .2474533E-09
 64.0    4480.00   .2688843E-09
 64.0    4490.00   .2924222E-09
 64.0    4500.00   .3243430E-09
 64.0    4510.00   .3552222E-09
 64.0    4520.00   .3983519E-09
 64.0    4530.00   .4367756E-09
 64.0    4540.00   .4627336E-09
 64.0    4550.00   .4912550E-09
 64.0    4560.00   .5186081E-09
 64.0    4570.00   .5511769E-09
 64.0    4580.00   .5756300E-09
 64.0    4590.00   .5836315E-09
 64.0    4600.00   .5987773E-09
 64.0    4610.00   .6013551E-09
 64.0    4620.00   .5782265E-09
 64.0    4630.00   .5488520E-09
 64.0    4640.00   .5237570E-09
 64.0    4650.00   .4907609E-09
 64.0    4660.00   .4657365E-09
 64.0    4670.00   .4358426E-09
 64.0    4680.00   .4063103E-09
 64.0    4690.00   .3759389E-09
 64.0    4700.00   .3370175E-09
 64.0    4710.00   .3077711E-09
 64.0    4720.00   .2865785E-09
 64.0    4730.00   .2689704E-09
 64.0    4740.00   .2791507E-09
 64.0    4750.00   .2839969E-09
 64.0    4760.00   .2898383E-09
 64.0    4770.00   .2960041E-09
 64.0    4780.00   .2979498E-09
 64.0    4790.00   .3049797E-09
 64.0    4800.00   .3062185E-09
 64.0    4810.00   .3022893E-09
 64.0    4820.00   .3090315E-09
 64.0    4830.00   .3212824E-09
 64.0    4840.00   .3370111E-09
 64.0    4850.00   .3588813E-09
 64.0    4860.00   .3619609E-09
 64.0    4870.00   .3796776E-09
 64.0    4880.00   .3985665E-09
 64.0    4890.00   .4140920E-09
 64.0    4900.00   .4294851E-09
 64.0    4910.00   .4401989E-09
 64.0    4920.00   .4504821E-09
 64.0    4930.00   .4436491E-09
 64.0    4940.00   .4447040E-09
 64.0    4950.00   .4296904E-09
 64.0    4960.00   .4138035E-09
 64.0    4970.00   .4078248E-09
 64.0    4980.00   .3878750E-09
 64.0    4990.00   .3612866E-09
 64.0    5000.00   .3433374E-09
 64.0    5010.00   .3116226E-09
 64.0    5020.00   .2947758E-09
 64.0    5030.00   .2760723E-09
 64.0    5040.00   .2691218E-09
 64.0    5050.00   .2643518E-09
 64.0    5060.00   .2651003E-09
 64.0    5070.00   .2576166E-09
 64.0    5080.00   .2540631E-09
 64.0    5090.00   .2493342E-09
 64.0    5100.00   .2484586E-09
 64.0    5110.00   .2611767E-09
 64.0    5120.00   .2606502E-09
 64.0    5130.00   .2617485E-09
 64.0    5140.00   .2661852E-09
 64.0    5150.00   .2682451E-09
 64.0    5160.00   .2797325E-09
 64.0    5170.00   .2912553E-09
 64.0    5180.00   .3113357E-09
 64.0    5190.00   .3216302E-09
 64.0    5200.00   .3357959E-09
 64.0    5210.00   .3457842E-09
 64.0    5220.00   .3652851E-09
 64.0    5230.00   .3871280E-09
 64.0    5240.00   .4038477E-09
 64.0    5250.00   .4248683E-09
 64.0    5260.00   .4216410E-09
 64.0    5270.00   .4304905E-09
 64.0    5280.00   .4499686E-09
 64.0    5290.00   .4519936E-09
 64.0    5300.00   .4487757E-09
 64.0    5310.00   .4712051E-09
 64.0    5320.00   .4727068E-09
 64.0    5330.00   .4771907E-09
 64.0    5340.00   .4837395E-09
 64.0    5350.00   .4832149E-09
 64.0    5360.00   .4810900E-09
 64.0    5370.00   .4808476E-09
 64.0    5380.00   .4915227E-09
 64.0    5390.00   .4984490E-09
 64.0    5400.00   .5253914E-09
 64.0    5410.00   .5377174E-09
 64.0    5420.00   .5512180E-09
 64.0    5430.00   .5750880E-09
 64.0    5440.00   .6038931E-09
 64.0    5450.00   .6255455E-09
 64.0    5460.00   .6382714E-09
 64.0    5470.00   .6677365E-09
 64.0    5480.00   .6701253E-09
 64.0    5490.00   .6877657E-09
 64.0    5500.00   .6882518E-09
 64.0    5510.00   .6849180E-09
 64.0    5520.00   .6815523E-09
 64.0    5530.00   .6614397E-09
 64.0    5540.00   .6448817E-09
 64.0    5550.00   .6239418E-09
 64.0    5560.00   .6126833E-09
 64.0    5570.00   .5986218E-09
 64.0    5580.00   .5539361E-09
 64.0    5590.00   .5310766E-09
 64.0    5600.00   .4973351E-09
 64.0    5610.00   .4659595E-09
 64.0    5620.00   .4407777E-09
 64.0    5630.00   .4184187E-09
 64.0    5640.00   .3843956E-09
 64.0    5650.00   .3645135E-09
 64.0    5660.00   .3486911E-09
 64.0    5670.00   .3327691E-09
 64.0    5680.00   .3304822E-09
 64.0    5690.00   .3304698E-09
 64.0    5700.00   .3432409E-09
 64.0    5710.00   .3514347E-09
 64.0    5720.00   .3619413E-09
 64.0    5730.00   .3856249E-09
 64.0    5740.00   .3912104E-09
 64.0    5750.00   .4013936E-09
 64.0    5760.00   .4107197E-09
 64.0    5770.00   .4305404E-09
 64.0    5780.00   .4449800E-09
 64.0    5790.00   .4538072E-09
 64.0    5800.00   .4632717E-09
 64.0    5810.00   .4692628E-09
 64.0    5820.00   .4809319E-09
 64.0    5830.00   .4708167E-09
 64.0    5840.00   .4714527E-09
 64.0    5850.00   .4767768E-09
 64.0    5860.00   .4861350E-09
 64.0    5870.00   .4727717E-09
 64.0    5880.00   .4483963E-09
 64.0    5890.00   .3844890E-09
 64.0    5900.00   .4197708E-09
 64.0    5910.00   .4178025E-09
 64.0    5920.00   .4025601E-09
 64.0    5930.00   .3795061E-09
 64.0    5940.00   .3666271E-09
 64.0    5950.00   .3530474E-09
 64.0    5960.00   .3477659E-09
 64.0    5970.00   .3397473E-09
 64.0    5980.00   .3308419E-09
 64.0    5990.00   .3260381E-09
 64.0    6000.00   .3163547E-09
 64.0    6010.00   .3176277E-09
 64.0    6020.00   .3146597E-09
 64.0    6030.00   .3142899E-09
 64.0    6040.00   .3167201E-09
 64.0    6050.00   .3247950E-09
 64.0    6060.00   .3297175E-09
 64.0    6070.00   .3334280E-09
 64.0    6080.00   .3376973E-09
 64.0    6090.00   .3307390E-09
 64.0    6100.00   .3362977E-09
 64.0    6110.00   .3392288E-09
 64.0    6120.00   .3335908E-09
 64.0    6130.00   .3457851E-09
 64.0    6140.00   .3613034E-09
 64.0    6150.00   .3618841E-09
 64.0    6160.00   .3623027E-09
 64.0    6170.00   .3542801E-09
 64.0    6180.00   .3502095E-09
 64.0    6190.00   .3444703E-09
 64.0    6200.00   .3405459E-09
 64.0    6210.00   .3357307E-09
 64.0    6220.00   .3431199E-09
 64.0    6230.00   .3432116E-09
 64.0    6240.00   .3401285E-09
 64.0    6250.00   .3526670E-09
 64.0    6260.00   .3519782E-09
 64.0    6270.00   .3458724E-09
 64.0    6280.00   .3427097E-09
 64.0    6290.00   .3570076E-09
 64.0    6300.00   .3584604E-09
 64.0    6310.00   .3644615E-09
 64.0    6320.00   .3783922E-09
 64.0    6330.00   .3940961E-09
 64.0    6340.00   .4164996E-09
 64.0    6350.00   .4373075E-09
 64.0    6360.00   .4537680E-09
 64.0    6370.00   .4861365E-09
 64.0    6380.00   .4968149E-09
 64.0    6390.00   .5288089E-09
 64.0    6400.00   .5518627E-09
 64.0    6410.00   .5616145E-09
 64.0    6420.00   .5794273E-09
 64.0    6430.00   .6085971E-09
 64.0    6440.00   .6204119E-09
 64.0    6450.00   .6241184E-09
 64.0    6460.00   .6450824E-09
 64.0    6470.00   .6539456E-09
 64.0    6480.00   .6525389E-09
 64.0    6490.00   .6640341E-09
 64.0    6500.00   .6789019E-09
 64.0    6510.00   .6662639E-09
 64.0    6520.00   .6572484E-09
 64.0    6530.00   .6545566E-09
 64.0    6540.00   .6497375E-09
 64.0    6550.00   .6322974E-09
 64.0    6560.00   .6119090E-09
 64.0    6570.00   .5930441E-09
 64.0    6580.00   .5816310E-09
 64.0    6590.00   .5686344E-09
 64.0    6600.00   .5383424E-09
 64.0    6610.00   .5144420E-09
 64.0    6620.00   .4891281E-09
 64.0    6630.00   .4774712E-09
 64.0    6640.00   .4537044E-09
 64.0    6650.00   .4299306E-09
 64.0    6660.00   .4161560E-09
 64.0    6670.00   .4040099E-09
 64.0    6680.00   .3950986E-09
 64.0    6690.00   .3731134E-09
 64.0    6700.00   .3629154E-09
 64.0    6710.00   .3595939E-09
 64.0    6720.00   .3574063E-09
 64.0    6730.00   .3572814E-09
 64.0    6740.00   .3529032E-09
 64.0    6750.00   .3463747E-09
 64.0    6760.00   .3359111E-09
 64.0    6770.00   .2998252E-09
 64.0    6780.00   .3230791E-09
 64.0    6790.00   .3055084E-09
 64.0    6800.00   .2923697E-09
 64.0    6810.00   .3123218E-09
 64.0    6820.00   .3044866E-09
 64.0    6830.00   .2975478E-09
 64.0    6840.00   .3058463E-09
 64.0    6850.00   .3198173E-09
 64.0    6860.00   .3041549E-09
 64.0    6870.00   .3066449E-09
 64.0    6880.00   .3064026E-09
 64.0    6890.00   .3081617E-09
 64.0    6900.00   .3068839E-09
 64.0    6910.00   .3130541E-09
 64.0    6920.00   .3176607E-09
 64.0    6930.00   .3273643E-09
 64.0    6940.00   .3254827E-09
 64.0    6950.00   .3263085E-09
 64.0    6960.00   .3252427E-09
 64.0    6970.00   .3264187E-09
 64.0    6980.00   .3307907E-09
 64.0    6990.00   .3273075E-09
 64.0    7000.00   .3248442E-09
 64.0    7010.00   .3150624E-09
 64.0    7020.00   .3151080E-09
 64.0    7030.00   .3220613E-09
 64.0    7040.00   .3184096E-09
 64.0    7050.00   .3194006E-09
 64.0    7060.00   .3336431E-09
 64.0    7070.00   .3358755E-09
 64.0    7080.00   .3437918E-09
 64.0    7090.00   .3445117E-09
 64.0    7100.00   .3480015E-09
 64.0    7110.00   .3547055E-09
 64.0    7120.00   .3699785E-09
 64.0    7130.00   .3867811E-09
 64.0    7140.00   .4053807E-09
 64.0    7150.00   .4064664E-09
 64.0    7160.00   .4059958E-09
 64.0    7170.00   .4088899E-09
 64.0    7180.00   .4234941E-09
 64.0    7190.00   .4423548E-09
 64.0    7200.00   .4483961E-09
 64.0    7210.00   .4486517E-09
 64.0    7220.00   .4481063E-09
 64.0    7230.00   .4530982E-09
 64.0    7240.00   .4641576E-09
 64.0    7250.00   .4743557E-09
 64.0    7260.00   .4802755E-09
 64.0    7270.00   .4840569E-09
 64.0    7280.00   .4827339E-09
 64.0    7290.00   .4823186E-09
 64.0    7300.00   .4849875E-09
 64.0    7310.00   .4889702E-09
 64.0    7320.00   .4955714E-09
 64.0    7330.00   .4958938E-09
 64.0    7340.00   .4965051E-09
 64.0    7350.00   .4936320E-09
 64.0    7360.00   .4863269E-09
 64.0    7370.00   .4794492E-09
 64.0    7380.00   .4680052E-09
 64.0    7390.00   .4563654E-09
 64.0    7400.00   .4431927E-09
 64.0    7410.00   .4180878E-09
 64.0    7420.00   .4129726E-09
 64.0    7430.00   .3967475E-09
 64.0    7440.00   .3619767E-09
 64.0    7450.00   .3526331E-09
 64.0    7460.00   .3422302E-09
 64.0    7470.00   .3310962E-09
 64.0    7480.00   .3176353E-09
 64.0    7490.00   .2226968E-09
 64.0    7500.00   .2163750E-09
 64.0    7510.00   .2712936E-09
 64.0    7520.00   .2369147E-09
 64.0    7530.00   .2515901E-09
 64.0    7540.00   .2688179E-09
 64.0    7550.00   .2676239E-09
 64.0    7560.00   .2805472E-09
 64.0    7570.00   .2973378E-09
 64.0    7580.00   .2997180E-09
 64.0    7590.00   .3039017E-09
 64.0    7600.00   .3048280E-09
 64.0    7610.00   .3158576E-09
 64.0    7620.00   .2933626E-09
 64.0    7630.00   .3007236E-09
 64.0    7640.00   .3142740E-09
 64.0    7650.00   .3080563E-09
 64.0    7660.00   .3121406E-09
 64.0    7670.00   .3131399E-09
 64.0    7680.00   .3201673E-09
 64.0    7690.00   .3177719E-09
 64.0    7700.00   .3077939E-09
 64.0    7710.00   .3094673E-09
 64.0    7720.00   .3056721E-09
 64.0    7730.00   .2913294E-09
 64.0    7740.00   .2856658E-09
 64.0    7750.00   .2806992E-09
 64.0    7760.00   .2656395E-09
 64.0    7770.00   .2564721E-09
 64.0    7780.00   .2528089E-09
 64.0    7790.00   .2457680E-09
 64.0    7800.00   .2282523E-09
 64.0    7810.00   .2162763E-09
 64.0    7820.00   .2145899E-09
 64.0    7830.00   .2027503E-09
 64.0    7840.00   .1953250E-09
 64.0    7850.00   .1886284E-09
 64.0    7860.00   .1780762E-09
 64.0    7870.00   .1703798E-09
 64.0    7880.00   .1659835E-09
 64.0    7890.00   .1559521E-09
 64.0    7900.00   .1526718E-09
 64.0    7910.00   .1479460E-09
 64.0    7920.00   .1427118E-09
 64.0    7930.00   .1393337E-09
 64.0    7940.00   .1381908E-09
 64.0    7950.00   .1293983E-09
 64.0    7960.00   .1295256E-09
 64.0    7970.00   .1276976E-09
 64.0    7980.00   .1218514E-09
 64.0    7990.00   .1160253E-09
 64.0    8000.00   .1208953E-09
 64.0    8010.00   .1157963E-09
 64.0    8020.00   .1080674E-09
 64.0    8030.00   .1100444E-09
 64.0    8040.00   .1032305E-09
 64.0    8050.00   .9906670E-10
 64.0    8060.00   .1021482E-09
 64.0    8070.00   .8806553E-10
 64.0    8080.00   .7809451E-10
 64.0    8090.00   .7399317E-10
 64.0    8100.00   .6944058E-10
 64.0    8110.00   .6060159E-10
 64.0    8120.00   .5917017E-10
 64.0    8130.00   .5431549E-10
 64.0    8140.00   .5144371E-10
 64.0    8150.00   .4960444E-10
 64.0    8160.00   .4303761E-10
 64.0    8170.00   .4383274E-10
 64.0    8180.00   .4226928E-10
 64.0    8190.00   .3981849E-10
 64.0    8200.00   .3917540E-10
 64.0    8210.00   .4084978E-10
 64.0    8220.00   .3713733E-10
 64.0    8230.00   .3721186E-10
 64.0    8240.00   .3796100E-10
 64.0    8250.00   .3514643E-10
 64.0    8260.00   .3464383E-10
 64.0    8270.00   .3614523E-10
 64.0    8280.00   .4035670E-10
 64.0    8290.00   .4356248E-10
 64.0    8300.00   .4539881E-10
 64.0    8310.00   .4733406E-10
 64.0    8320.00   .5181854E-10
 64.0    8330.00   .5528551E-10
 64.0    8340.00   .6579328E-10
 64.0    8350.00   .7624442E-10
 64.0    8360.00   .8388988E-10
 64.0    8370.00   .9224658E-10
 64.0    8380.00   .1021187E-09
 64.0    8390.00   .1112105E-09
 64.0    8400.00   .1264356E-09
 64.0    8410.00   .1459369E-09
 64.0    8420.00   .1549933E-09
 64.0    8430.00   .1566380E-09
 64.0    8440.00   .1573974E-09
 64.0    8450.00   .1614376E-09
 64.0    8460.00   .1656139E-09
 64.0    8470.00   .1783922E-09
 64.0    8480.00   .1958828E-09
 64.0    8490.00   .1960913E-09
 64.0    8500.00   .1925646E-09
 64.0    8510.00   .1892213E-09
 64.0    8520.00   .1871953E-09
 64.0    8530.00   .1938870E-09
 64.0    8540.00   .2180371E-09
 64.0    8550.00   .2288655E-09
 64.0    8560.00   .2241315E-09
 64.0    8570.00   .2167305E-09
 64.0    8580.00   .2161574E-09
 64.0    8590.00   .2173367E-09
 64.0    8600.00   .2433718E-09
 64.0    8610.00   .2587251E-09
 64.0    8620.00   .2495865E-09
 64.0    8630.00   .2365285E-09
 64.0    8640.00   .2458343E-09
 64.0    8650.00   .2616524E-09
 64.0    8660.00   .2638082E-09
 64.0    8670.00   .2656916E-09
 64.0    8680.00   .2663564E-09
 64.0    8690.00   .2497606E-09
 64.0    8700.00   .2433934E-09
 64.0    8710.00   .2492845E-09
 64.0    8720.00   .2672615E-09
 64.0    8730.00   .2694490E-09
 64.0    8740.00   .2543163E-09
 64.0    8750.00   .2460033E-09
 64.0    8760.00   .2408707E-09
 64.0    8770.00   .2413636E-09
 64.0    8780.00   .2434160E-09
 64.0    8790.00   .2471834E-09
 64.0    8800.00   .2538487E-09
 64.0    8810.00   .2431984E-09
 64.0    8820.00   .2318424E-09
 64.0    8830.00   .2228063E-09
 64.0    8840.00   .2186070E-09
 64.0    8850.00   .2261211E-09
 64.0    8860.00   .2147491E-09
 64.0    8870.00   .2172022E-09
 64.0    8880.00   .2172146E-09
 64.0    8890.00   .2046461E-09
 64.0    8900.00   .1968310E-09
 64.0    8910.00   .2010868E-09
 64.0    8920.00   .2037699E-09
 64.0    8930.00   .1953539E-09
 64.0    8940.00   .1920542E-09
 64.0    8950.00   .1926634E-09
 64.0    8960.00   .1938485E-09
 64.0    8970.00   .1961468E-09
 64.0    8980.00   .1956950E-09
 64.0    8990.00   .1916949E-09
 64.0    9000.00   .1847725E-09
 64.0    9010.00   .1810194E-09
 64.0    9020.00   .1767610E-09
 64.0    9030.00   .1789144E-09
 64.0    9040.00   .1793482E-09
 64.0    9050.00   .1785734E-09
 64.0    9060.00   .1828014E-09
 64.0    9070.00   .1834991E-09
 64.0    9080.00   .1859792E-09
 64.0    9090.00   .1960933E-09
 64.0    9100.00   .1858333E-09
 64.0    9110.00   .1755753E-09
 64.0    9120.00   .1743329E-09
 64.0    9130.00   .1706402E-09
 64.0    9140.00   .1761942E-09
 64.0    9150.00   .1774967E-09
 64.0    9160.00   .1790419E-09
 64.0    9170.00   .1713833E-09
 64.0    9180.00   .1494471E-09
 64.0    9190.00   .1473817E-09
 64.0    9200.00   .1497369E-09
 64.0    9210.00   .1545779E-09
 64.0    9220.00   .1541554E-09
 64.0    9230.00   .1862408E-09
 64.0    9240.00   .1931954E-09
 64.0    9250.00   .1453238E-09
 64.0    9260.00   .1423447E-09
 64.0    9270.00   .1410692E-09
 64.0    9280.00   .1410939E-09
 64.0    9290.00   .1487160E-09
 64.0    9300.00   .1571657E-09
 64.0    9310.00   .1780351E-09
 64.0    9320.00   .1639771E-09
 64.0    9330.00   .1575028E-09
 64.0    9340.00   .1532539E-09
 64.0    9350.00   .1558473E-09
 64.0    9360.00   .1463946E-09
 64.0    9370.00   .1649043E-09
 64.0    9380.00   .1961164E-09
 64.0    9390.00   .1983032E-09
 64.0    9400.00   .1879459E-09
 64.0    9410.00   .1747387E-09
 64.0    9420.00   .1631539E-09
 64.0    9430.00   .1629142E-09
 64.0    9440.00   .1722137E-09
 64.0    9450.00   .1817066E-09
 64.0    9460.00   .1791862E-09
 64.0    9470.00   .1674490E-09
 64.0    9480.00   .1605365E-09
 64.0    9490.00   .1622028E-09
 64.0    9500.00   .1563312E-09
 64.0    9510.00   .1607087E-09
 64.0    9520.00   .1470929E-09
 64.0    9530.00   .1469039E-09
 64.0    9540.00   .1632174E-09
 64.0    9550.00   .1580734E-09
 64.0    9560.00   .1545703E-09
 64.0    9570.00   .1491783E-09
 64.0    9580.00   .1470928E-09
 64.0    9590.00   .1481270E-09
 64.0    9600.00   .1399493E-09
 64.0    9610.00   .1530819E-09
 64.0    9620.00   .1519064E-09
 64.0    9630.00   .1474551E-09
 64.0    9640.00   .1588173E-09
 64.0    9650.00   .1509927E-09
 64.0    9660.00   .1471127E-09
 64.0    9670.00   .1525534E-09
 64.0    9680.00   .1605017E-09
 64.0    9690.00   .1706710E-09
 64.0    9700.00   .1675107E-09
 64.0    9710.00   .1878400E-09
 64.0    9720.00   .2014618E-09
 64.0    9730.00   .1846038E-09
 64.0    9740.00   .1773891E-09
 64.0    9750.00   .1879103E-09
 64.0    9760.00   .1960600E-09
 64.0    9770.00   .2033361E-09
 64.0    9780.00   .2016252E-09
 64.0    9790.00   .1994269E-09
 64.0    9800.00   .2283511E-09
 64.0    9810.00   .2199370E-09
 64.0    9820.00   .2039020E-09
 64.0    9830.00   .2159470E-09
 64.0    9840.00   .2286445E-09
 64.0    9850.00   .2395762E-09
 64.0    9860.00   .2226617E-09
 64.0    9870.00   .2157155E-09
 64.0    9880.00   .2438325E-09
 64.0    9890.00   .2335712E-09
 64.0    9900.00   .2200253E-09
 64.0    9910.00   .2208192E-09
 64.0    9920.00   .2193559E-09
 64.0    9930.00   .2242603E-09
 64.0    9940.00   .2331464E-09
 64.0    9950.00   .2386796E-09
 64.0    9960.00   .2235182E-09
 64.0    9970.00   .2100262E-09
 64.0    9980.00   .2002737E-09
 64.0    9990.00   .2163451E-09
 64.0   10000.00   .2129809E-09
 64.0   10010.00   .2116967E-09
 64.0   10020.00   .2104096E-09
 64.0   10030.00   .2091205E-09
 64.0   10040.00   .2078289E-09
 64.0   10050.00   .2065347E-09
 64.0   10060.00   .2052383E-09
 64.0   10070.00   .2039393E-09
 64.0   10080.00   .2026380E-09
 64.0   10090.00   .2013343E-09
 64.0   10100.00   .2000283E-09
 64.0   10110.00   .1987198E-09
 64.0   10120.00   .1974092E-09
 64.0   10130.00   .1960963E-09
 64.0   10140.00   .1947806E-09
 64.0   10150.00   .1934630E-09
 64.0   10160.00   .1921429E-09
 64.0   10170.00   .1908208E-09
 64.0   10180.00   .1894962E-09
 64.0   10190.00   .1881695E-09
 64.0   10200.00   .1868404E-09
 64.0   10210.00   .1855093E-09
 64.0   10220.00   .1841758E-09
 64.0   10230.00   .1828402E-09
 64.0   10240.00   .1815022E-09
 64.0   10250.00   .1801624E-09
 64.0   10260.00   .1788201E-09
 64.0   10270.00   .1774757E-09
 64.0   10280.00   .1761293E-09
 64.0   10290.00   .1747808E-09
 64.0   10300.00   .1734301E-09
 64.0   10310.00   .1720774E-09
 64.0   10320.00   .1707225E-09
 64.0   10330.00   .1693656E-09
 64.0   10340.00   .1680065E-09
 64.0   10350.00   .1666455E-09
 64.0   10360.00   .1652824E-09
 64.0   10370.00   .1639175E-09
 64.0   10380.00   .1625503E-09
 64.0   10390.00   .1611812E-09
 64.0   10400.00   .1598102E-09
 64.0   10410.00   .1584372E-09
 64.0   10420.00   .1570624E-09
 64.0   10430.00   .1556853E-09
 64.0   10440.00   .1543065E-09
 64.0   10450.00   .1529257E-09
 64.0   10460.00   .1515433E-09
 64.0   10470.00   .1501587E-09
 64.0   10480.00   .1487724E-09
 64.0   10490.00   .1473842E-09
 64.0   10500.00   .1459942E-09
 64.0   10510.00   .1446025E-09
 64.0   10520.00   .1432087E-09
 64.0   10530.00   .1418135E-09
 64.0   10540.00   .1404162E-09
 64.0   10550.00   .1390174E-09
 64.0   10560.00   .1376169E-09
 64.0   10570.00   .1362146E-09
 64.0   10580.00   .1348106E-09
 64.0   10590.00   .1334049E-09
 64.0   10600.00   .1319977E-09
 64.0   10610.00   .1305887E-09
 64.0   10620.00   .1291781E-09
 64.0   10630.00   .1277658E-09
 64.0   10640.00   .1263521E-09
 64.0   10650.00   .1249368E-09
 64.0   10660.00   .1235198E-09
 64.0   10670.00   .1221012E-09
 64.0   10680.00   .1206812E-09
 64.0   10690.00   .1192596E-09
 64.0   10700.00   .1178366E-09
 64.0   10710.00   .1164119E-09
 64.0   10720.00   .1149858E-09
 64.0   10730.00   .1135582E-09
 64.0   10740.00   .1121292E-09
 64.0   10750.00   .1106988E-09
 64.0   10760.00   .1092669E-09
 64.0   10770.00   .1078336E-09
 64.0   10780.00   .1063989E-09
 64.0   10790.00   .1049628E-09
 64.0   10800.00   .1035252E-09
 64.0   10810.00   .1020864E-09
 64.0   10820.00   .1006462E-09
 64.0   10830.00   .9920467E-10
 64.0   10840.00   .9776174E-10
 64.0   10850.00   .9631760E-10
 64.0   10860.00   .9487207E-10
 64.0   10870.00   .9342524E-10
 64.0   10880.00   .9197704E-10
 64.0   10890.00   .9052773E-10
 64.0   10900.00   .8907714E-10
 64.0   10910.00   .8762521E-10
 64.0   10920.00   .8617213E-10
 64.0   10930.00   .8471776E-10
 64.0   10940.00   .8326222E-10
 64.0   10950.00   .8180547E-10
 64.0   10960.00   .8034740E-10
 64.0   10970.00   .7888835E-10
 64.0   10980.00   .7742793E-10
 64.0   10990.00   .7596653E-10
 64.0   11000.00   .7450383E-10
 64.0   11010.00   .7304006E-10
 64.0   11020.00   .7157515E-10
 64.0   11030.00   .7010909E-10
 64.0   11040.00   .6864184E-10
 64.0   11050.00   .6717359E-10
 64.0   11060.00   .6570425E-10
 64.0   11070.00   .6423384E-10
 64.0   11080.00   .6276227E-10
 64.0   11090.00   .6128964E-10
 64.0   11100.00   .5981604E-10
 64.0   11110.00   .5834126E-10
 64.0   11120.00   .5686550E-10
 64.0   11130.00   .5538875E-10
 64.0   11140.00   .5391087E-10
 64.0   11150.00   .5243204E-10
 64.0   11160.00   .5095216E-10
 64.0   11170.00   .4947131E-10
 64.0   11180.00   .4798940E-10
 64.0   11190.00   .4650656E-10
 64.0   11200.00   .4502271E-10
 64.0   11210.00   .4353784E-10
 64.0   11220.00   .4205208E-10
 64.0   11230.00   .4056533E-10
 64.0   11240.00   .3907761E-10
 64.0   11250.00   .3758897E-10
 64.0   11260.00   .3609936E-10
 64.0   11270.00   .3460883E-10
 64.0   11280.00   .3311731E-10
 64.0   11290.00   .3162491E-10
 64.0   11300.00   .3013160E-10
 64.0   11310.00   .3014043E-10
 64.0   11320.00   .3014924E-10
 64.0   11330.00   .3015802E-10
 64.0   11340.00   .3016675E-10
 64.0   11350.00   .3017545E-10
 64.0   11360.00   .3018415E-10
 64.0   11370.00   .3019281E-10
 64.0   11380.00   .3020144E-10
 64.0   11390.00   .3021003E-10
 64.0   11400.00   .3021860E-10
 64.0   11410.00   .3022717E-10
 64.0   11420.00   .3023569E-10
 64.0   11430.00   .3024422E-10
 64.0   11440.00   .3025269E-10
 64.0   11450.00   .3026115E-10
 64.0   11460.00   .3026958E-10
 64.0   11470.00   .3027800E-10
 64.0   11480.00   .3028642E-10
 64.0   11490.00   .3029478E-10
 64.0   11500.00   .3030315E-10
 64.0   11510.00   .3031152E-10
 64.0   11520.00   .3031985E-10
 64.0   11530.00   .3032815E-10
 64.0   11540.00   .3033644E-10
 64.0   11550.00   .3034472E-10
 64.0   11560.00   .3035301E-10
 64.0   11570.00   .3036128E-10
 64.0   11580.00   .3036951E-10
 64.0   11590.00   .3037775E-10
 64.0   11600.00   .3038600E-10
 64.0   11610.00   .3039419E-10
 64.0   11620.00   .3040242E-10
 64.0   11630.00   .3041060E-10
 64.0   11640.00   .3041880E-10
 64.0   11650.00   .3042698E-10
 64.0   11660.00   .3043514E-10
 64.0   11670.00   .3044335E-10
 64.0   11680.00   .3045150E-10
 64.0   11690.00   .3045966E-10
 64.0   11700.00   .3046785E-10
 64.0   11710.00   .3047599E-10
 64.0   11720.00   .3048417E-10
 64.0   11730.00   .3049231E-10
 64.0   11740.00   .3050046E-10
 64.0   11750.00   .3050863E-10
 64.0   11760.00   .3051679E-10
 64.0   11770.00   .3052497E-10
 64.0   11780.00   .3053313E-10
 64.0   11790.00   .3054129E-10
 64.0   11800.00   .3054949E-10
 64.0   11810.00   .3055766E-10
 64.0   11820.00   .3056585E-10
 64.0   11830.00   .3057405E-10
 64.0   11840.00   .3058226E-10
 64.0   11850.00   .3059045E-10
 64.0   11860.00   .3059867E-10
 64.0   11870.00   .3060689E-10
 64.0   11880.00   .3061514E-10
 64.0   11890.00   .3062342E-10
 64.0   11900.00   .3063168E-10
 64.0   11910.00   .3063992E-10
 64.0   11920.00   .3064822E-10
 64.0   11930.00   .3065652E-10
 64.0   11940.00   .3066485E-10
 64.0   11950.00   .3067318E-10
 64.0   11960.00   .3068153E-10
 64.0   11970.00   .3068990E-10
 64.0   11980.00   .3069829E-10
 64.0   11990.00   .3070670E-10
 64.0   12000.00   .3071512E-10
 64.0   12010.00   .3072357E-10
 64.0   12020.00   .3073206E-10
 64.0   12030.00   .3074054E-10
 64.0   12040.00   .3074904E-10
 64.0   12050.00   .3075760E-10
 64.0   12060.00   .3076617E-10
 64.0   12070.00   .3077474E-10
 64.0   12080.00   .3078339E-10
 64.0   12090.00   .3079202E-10
 64.0   12100.00   .3080067E-10
 64.0   12110.00   .3080939E-10
 64.0   12120.00   .3081810E-10
 64.0   12130.00   .3082685E-10
 64.0   12140.00   .3083566E-10
 64.0   12150.00   .3084445E-10
 64.0   12160.00   .3085332E-10
 64.0   12170.00   .3086220E-10
 64.0   12180.00   .3087113E-10
 64.0   12190.00   .3088007E-10
 64.0   12200.00   .3088907E-10
 64.0   12210.00   .3089811E-10
 64.0   12220.00   .3090716E-10
 64.0   12230.00   .3091627E-10
 64.0   12240.00   .3092540E-10
 64.0   12250.00   .3093459E-10
 64.0   12260.00   .3094377E-10
 64.0   12270.00   .3095304E-10
 64.0   12280.00   .3096235E-10
 64.0   12290.00   .3097169E-10
 64.0   12300.00   .3098105E-10
 64.0   12310.00   .3099051E-10
 64.0   12320.00   .3099998E-10
 64.0   12330.00   .3100950E-10
 64.0   12340.00   .3101906E-10
 64.0   12350.00   .3102864E-10
 64.0   12360.00   .3103835E-10
 64.0   12370.00   .3104804E-10
 64.0   12380.00   .3105780E-10
 64.0   12390.00   .3106761E-10
 64.0   12400.00   .3107748E-10
 64.0   12410.00   .3108740E-10
 64.0   12420.00   .3109736E-10
 64.0   12430.00   .3110736E-10
 64.0   12440.00   .3111742E-10
 64.0   12450.00   .3112755E-10
 64.0   12460.00   .3113775E-10
 64.0   12470.00   .3114799E-10
 64.0   12480.00   .3115827E-10
 64.0   12490.00   .3116865E-10
 64.0   12500.00   .3117905E-10
 64.0   12510.00   .3119171E-10
 64.0   12520.00   .3120440E-10
 64.0   12530.00   .3121716E-10
 64.0   12540.00   .3122998E-10
 64.0   12550.00   .3124286E-10
 64.0   12560.00   .3125581E-10
 64.0   12570.00   .3126882E-10
 64.0   12580.00   .3128186E-10
 64.0   12590.00   .3129499E-10
 64.0   12600.00   .3130819E-10
 64.0   12610.00   .3132143E-10
 64.0   12620.00   .3133474E-10
 64.0   12630.00   .3134816E-10
 64.0   12640.00   .3136161E-10
 64.0   12650.00   .3137513E-10
 64.0   12660.00   .3138873E-10
 64.0   12670.00   .3140240E-10
 64.0   12680.00   .3141613E-10
 64.0   12690.00   .3142994E-10
 64.0   12700.00   .3144382E-10
 64.0   12710.00   .3145778E-10
 64.0   12720.00   .3147179E-10
 64.0   12730.00   .3148589E-10
 64.0   12740.00   .3150010E-10
 64.0   12750.00   .3151433E-10
 64.0   12760.00   .3152868E-10
 64.0   12770.00   .3154311E-10
 64.0   12780.00   .3155760E-10
 64.0   12790.00   .3157217E-10
 64.0   12800.00   .3158683E-10
 64.0   12810.00   .3160155E-10
 64.0   12820.00   .3161637E-10
 64.0   12830.00   .3163130E-10
 64.0   12840.00   .3164629E-10
 64.0   12850.00   .3166134E-10
 64.0   12860.00   .3167652E-10
 64.0   12870.00   .3169175E-10
 64.0   12880.00   .3170711E-10
 64.0   12890.00   .3172251E-10
 64.0   12900.00   .3173801E-10
 64.0   12910.00   .3175360E-10
 64.0   12920.00   .3176925E-10
 64.0   12930.00   .3178503E-10
 64.0   12940.00   .3180086E-10
 64.0   12950.00   .3181679E-10
 64.0   12960.00   .3183278E-10
 64.0   12970.00   .3184886E-10
 64.0   12980.00   .3186505E-10
 64.0   12990.00   .3188127E-10
 64.0   13000.00   .3189757E-10
 64.0   13010.00   .3191398E-10
 64.0   13020.00   .3193048E-10
 64.0   13030.00   .3194707E-10
 64.0   13040.00   .3196368E-10
 64.0   13050.00   .3198043E-10
 64.0   13060.00   .3199721E-10
 64.0   13070.00   .3201408E-10
 64.0   13080.00   .3203103E-10
 64.0   13090.00   .3204809E-10
 64.0   13100.00   .3206518E-10
 64.0   13110.00   .3208239E-10
 64.0   13120.00   .3209961E-10
 64.0   13130.00   .3211698E-10
 64.0   13140.00   .3213438E-10
 64.0   13150.00   .3215187E-10
 64.0   13160.00   .3216944E-10
 64.0   13170.00   .3218707E-10
 64.0   13180.00   .3220479E-10
 64.0   13190.00   .3222256E-10
 64.0   13200.00   .3224043E-10
 64.0   13210.00   .3225835E-10
 64.0   13220.00   .3227634E-10
 64.0   13230.00   .3229442E-10
 64.0   13240.00   .3231260E-10
 64.0   13250.00   .3233078E-10
 64.0   13260.00   .3234910E-10
 64.0   13270.00   .3236743E-10
 64.0   13280.00   .3238588E-10
 64.0   13290.00   .3240438E-10
 64.0   13300.00   .3242292E-10
 64.0   13310.00   .3244154E-10
 64.0   13320.00   .3246026E-10
 64.0   13330.00   .3247902E-10
 64.0   13340.00   .3249789E-10
 64.0   13350.00   .3251677E-10
 64.0   13360.00   .3253575E-10
 64.0   13370.00   .3255480E-10
 64.0   13380.00   .3257390E-10
 64.0   13390.00   .3259305E-10
 64.0   13400.00   .3261228E-10
 64.0   13410.00   .3263159E-10
 64.0   13420.00   .3265095E-10
 64.0   13430.00   .3267037E-10
 64.0   13440.00   .3268989E-10
 64.0   13450.00   .3270939E-10
 64.0   13460.00   .3272904E-10
 64.0   13470.00   .3274870E-10
 64.0   13480.00   .3276844E-10
 64.0   13490.00   .3278825E-10
 64.0   13500.00   .3280812E-10
 64.0   13510.00   .3282803E-10
 64.0   13520.00   .3284802E-10
 64.0   13530.00   .3286802E-10
 64.0   13540.00   .3288816E-10
 64.0   13550.00   .3290830E-10
 64.0   13560.00   .3292852E-10
 64.0   13570.00   .3294879E-10
 64.0   13580.00   .3296912E-10
 64.0   13590.00   .3298950E-10
 64.0   13600.00   .3300996E-10
 64.0   13610.00   .3303047E-10
 64.0   13620.00   .3305099E-10
 64.0   13630.00   .3307161E-10
 64.0   13640.00   .3309228E-10
 64.0   13650.00   .3311301E-10
 64.0   13660.00   .3313376E-10
 64.0   13670.00   .3315461E-10
 64.0   13680.00   .3317547E-10
 64.0   13690.00   .3319639E-10
 64.0   13700.00   .3321738E-10
 64.0   13710.00   .3318931E-10
 64.0   13720.00   .3316120E-10
 64.0   13730.00   .3313311E-10
 64.0   13740.00   .3310501E-10
 64.0   13750.00   .3307689E-10
 64.0   13760.00   .3304875E-10
 64.0   13770.00   .3302059E-10
 64.0   13780.00   .3299240E-10
 64.0   13790.00   .3296424E-10
 64.0   13800.00   .3293602E-10
 64.0   13810.00   .3290779E-10
 64.0   13820.00   .3287957E-10
 64.0   13830.00   .3285133E-10
 64.0   13840.00   .3282302E-10
 64.0   13850.00   .3279474E-10
 64.0   13860.00   .3276641E-10
 64.0   13870.00   .3273810E-10
 64.0   13880.00   .3270974E-10
 64.0   13890.00   .3268133E-10
 64.0   13900.00   .3265296E-10
 64.0   13910.00   .3262452E-10
 64.0   13920.00   .3259606E-10
 64.0   13930.00   .3256757E-10
 64.0   13940.00   .3253907E-10
 64.0   13950.00   .3251055E-10
 64.0   13960.00   .3248197E-10
 64.0   13970.00   .3245341E-10
 64.0   13980.00   .3242478E-10
 64.0   13990.00   .3239614E-10
 64.0   14000.00   .3236746E-10
 64.0   14010.00   .3233875E-10
 64.0   14020.00   .3231002E-10
 64.0   14030.00   .3228128E-10
 64.0   14040.00   .3225243E-10
 64.0   14050.00   .3222364E-10
 64.0   14060.00   .3219474E-10
 64.0   14070.00   .3216587E-10
 64.0   14080.00   .3213691E-10
 64.0   14090.00   .3210795E-10
 64.0   14100.00   .3207895E-10
 64.0   14110.00   .3204991E-10
 64.0   14120.00   .3202082E-10
 64.0   14130.00   .3199171E-10
 64.0   14140.00   .3196256E-10
 64.0   14150.00   .3193335E-10
 64.0   14160.00   .3190414E-10
 64.0   14170.00   .3187484E-10
 64.0   14180.00   .3184554E-10
 64.0   14190.00   .3181618E-10
 64.0   14200.00   .3178678E-10
 64.0   14210.00   .3175734E-10
 64.0   14220.00   .3172784E-10
 64.0   14230.00   .3169832E-10
 64.0   14240.00   .3166876E-10
 64.0   14250.00   .3163913E-10
 64.0   14260.00   .3160946E-10
 64.0   14270.00   .3157976E-10
 64.0   14280.00   .3154999E-10
 64.0   14290.00   .3152017E-10
 64.0   14300.00   .3149032E-10
 64.0   14310.00   .3146043E-10
 64.0   14320.00   .3143048E-10
 64.0   14330.00   .3140046E-10
 64.0   14340.00   .3137043E-10
 64.0   14350.00   .3134032E-10
 64.0   14360.00   .3131017E-10
 64.0   14370.00   .3127997E-10
 64.0   14380.00   .3124969E-10
 64.0   14390.00   .3121938E-10
 64.0   14400.00   .3118903E-10
 64.0   14410.00   .3115862E-10
 64.0   14420.00   .3112812E-10
 64.0   14430.00   .3109759E-10
 64.0   14440.00   .3106700E-10
 64.0   14450.00   .3103636E-10
 64.0   14460.00   .3100565E-10
 64.0   14470.00   .3097488E-10
 64.0   14480.00   .3094408E-10
 64.0   14490.00   .3091320E-10
 64.0   14500.00   .3088224E-10
 64.0   14510.00   .3085126E-10
 64.0   14520.00   .3082022E-10
 64.0   14530.00   .3078907E-10
 64.0   14540.00   .3075790E-10
 64.0   14550.00   .3072668E-10
 64.0   14560.00   .3069537E-10
 64.0   14570.00   .3066398E-10
 64.0   14580.00   .3063256E-10
 64.0   14590.00   .3060107E-10
 64.0   14600.00   .3056950E-10
 64.0   14610.00   .3053786E-10
 64.0   14620.00   .3050616E-10
 64.0   14630.00   .3047442E-10
 64.0   14640.00   .3044261E-10
 64.0   14650.00   .3041071E-10
 64.0   14660.00   .3037873E-10
 64.0   14670.00   .3034671E-10
 64.0   14680.00   .3031462E-10
 64.0   14690.00   .3028243E-10
 64.0   14700.00   .3025021E-10
 64.0   14710.00   .3021789E-10
 64.0   14720.00   .3018551E-10
 64.0   14730.00   .3015304E-10
 64.0   14740.00   .3012054E-10
 64.0   14750.00   .3008797E-10
 64.0   14760.00   .3005528E-10
 64.0   14770.00   .3002251E-10
 64.0   14780.00   .2998970E-10
 64.0   14790.00   .2995682E-10
 64.0   14800.00   .2992384E-10
 64.0   14810.00   .2989084E-10
 64.0   14820.00   .2985769E-10
 64.0   14830.00   .2982449E-10
 64.0   14840.00   .2979121E-10
 64.0   14850.00   .2975786E-10
 64.0   14860.00   .2972444E-10
 64.0   14870.00   .2969094E-10
 64.0   14880.00   .2965736E-10
 64.0   14890.00   .2962370E-10
 64.0   14900.00   .2958998E-10
 64.0   14910.00   .2955614E-10
 64.0   14920.00   .2952224E-10
 64.0   14930.00   .2948826E-10
 64.0   14940.00   .2945422E-10
 64.0   14950.00   .2942008E-10
 64.0   14960.00   .2938589E-10
 64.0   14970.00   .2935160E-10
 64.0   14980.00   .2931723E-10
 64.0   14990.00   .2928279E-10
 64.0   15000.00   .2924825E-10
 64.0   15010.00   .2926719E-10
 64.0   15020.00   .2928608E-10
 64.0   15030.00   .2930498E-10
 64.0   15040.00   .2932386E-10
 64.0   15050.00   .2934273E-10
 64.0   15060.00   .2936159E-10
 64.0   15070.00   .2938042E-10
 64.0   15080.00   .2939928E-10
 64.0   15090.00   .2941809E-10
 64.0   15100.00   .2943688E-10
 64.0   15110.00   .2945569E-10
 64.0   15120.00   .2947445E-10
 64.0   15130.00   .2949323E-10
 64.0   15140.00   .2951199E-10
 64.0   15150.00   .2953073E-10
 64.0   15160.00   .2954943E-10
 64.0   15170.00   .2956816E-10
 64.0   15180.00   .2958687E-10
 64.0   15190.00   .2960554E-10
 64.0   15200.00   .2962419E-10
 64.0   15210.00   .2964282E-10
 64.0   15220.00   .2966145E-10
 64.0   15230.00   .2968009E-10
 64.0   15240.00   .2969868E-10
 64.0   15250.00   .2971726E-10
 64.0   15260.00   .2973582E-10
 64.0   15270.00   .2975437E-10
 64.0   15280.00   .2977291E-10
 64.0   15290.00   .2979140E-10
 64.0   15300.00   .2980988E-10
 64.0   15310.00   .2982834E-10
 64.0   15320.00   .2984681E-10
 64.0   15330.00   .2986523E-10
 64.0   15340.00   .2988365E-10
 64.0   15350.00   .2990202E-10
 64.0   15360.00   .2992042E-10
 64.0   15370.00   .2993874E-10
 64.0   15380.00   .2995709E-10
 64.0   15390.00   .2997542E-10
 64.0   15400.00   .2999372E-10
 64.0   15410.00   .3001198E-10
 64.0   15420.00   .3003022E-10
 64.0   15430.00   .3004844E-10
 64.0   15440.00   .3006666E-10
 64.0   15450.00   .3008481E-10
 64.0   15460.00   .3010298E-10
 64.0   15470.00   .3012111E-10
 64.0   15480.00   .3013922E-10
 64.0   15490.00   .3015731E-10
 64.0   15500.00   .3017539E-10
 64.0   15510.00   .3019343E-10
 64.0   15520.00   .3021143E-10
 64.0   15530.00   .3022943E-10
 64.0   15540.00   .3024739E-10
 64.0   15550.00   .3026533E-10
 64.0   15560.00   .3028324E-10
 64.0   15570.00   .3030112E-10
 64.0   15580.00   .3031901E-10
 64.0   15590.00   .3033683E-10
 64.0   15600.00   .3035465E-10
 64.0   15610.00   .3037244E-10
 64.0   15620.00   .3039018E-10
 64.0   15630.00   .3040790E-10
 64.0   15640.00   .3042561E-10
 64.0   15650.00   .3044326E-10
 64.0   15660.00   .3046093E-10
 64.0   15670.00   .3047851E-10
 64.0   15680.00   .3049614E-10
 64.0   15690.00   .3051369E-10
 64.0   15700.00   .3053120E-10
 64.0   15710.00   .3054868E-10
 64.0   15720.00   .3056616E-10
 64.0   15730.00   .3058359E-10
 64.0   15740.00   .3060100E-10
 64.0   15750.00   .3061839E-10
 64.0   15760.00   .3063572E-10
 64.0   15770.00   .3065302E-10
 64.0   15780.00   .3067031E-10
 64.0   15790.00   .3068754E-10
 64.0   15800.00   .3070477E-10
 64.0   15810.00   .3072195E-10
 64.0   15820.00   .3073909E-10
 64.0   15830.00   .3075622E-10
 64.0   15840.00   .3077333E-10
 64.0   15850.00   .3079036E-10
 64.0   15860.00   .3080736E-10
 64.0   15870.00   .3082436E-10
 64.0   15880.00   .3084128E-10
 64.0   15890.00   .3085818E-10
 64.0   15900.00   .3087505E-10
 64.0   15910.00   .3089191E-10
 64.0   15920.00   .3090872E-10
 64.0   15930.00   .3092547E-10
 64.0   15940.00   .3094219E-10
 64.0   15950.00   .3095891E-10
 64.0   15960.00   .3097555E-10
 64.0   15970.00   .3099217E-10
 64.0   15980.00   .3100872E-10
 64.0   15990.00   .3102527E-10
 64.0   16000.00   .3104177E-10
 64.0   16010.00   .3105824E-10
 64.0   16020.00   .3107467E-10
 64.0   16030.00   .3109103E-10
 64.0   16040.00   .3110740E-10
 64.0   16050.00   .3112370E-10
 64.0   16060.00   .3113998E-10
 64.0   16070.00   .3115620E-10
 64.0   16080.00   .3117237E-10
 64.0   16090.00   .3118851E-10
 64.0   16100.00   .3120461E-10
 64.0   16110.00   .3122067E-10
 64.0   16120.00   .3123670E-10
 64.0   16130.00   .3125265E-10
 64.0   16140.00   .3126861E-10
 64.0   16150.00   .3128448E-10
 64.0   16160.00   .3130031E-10
 64.0   16170.00   .3131612E-10
 64.0   16180.00   .3133190E-10
 64.0   16190.00   .3134760E-10
 64.0   16200.00   .3136326E-10
 64.0   16210.00   .3137889E-10
 64.0   16220.00   .3139446E-10
 64.0   16230.00   .3141000E-10
 64.0   16240.00   .3142548E-10
 64.0   16250.00   .3144092E-10
 64.0   16260.00   .3144503E-10
 64.0   16270.00   .3144910E-10
 64.0   16280.00   .3145310E-10
 64.0   16290.00   .3145713E-10
 64.0   16300.00   .3146106E-10
 64.0   16310.00   .3146498E-10
 64.0   16320.00   .3146886E-10
 64.0   16330.00   .3147270E-10
 64.0   16340.00   .3147649E-10
 64.0   16350.00   .3148026E-10
 64.0   16360.00   .3148399E-10
 64.0   16370.00   .3148767E-10
 64.0   16380.00   .3149134E-10
 64.0   16390.00   .3149495E-10
 64.0   16400.00   .3149850E-10
 64.0   16410.00   .3150205E-10
 64.0   16420.00   .3150554E-10
 64.0   16430.00   .3150900E-10
 64.0   16440.00   .3151241E-10
 64.0   16450.00   .3151575E-10
 64.0   16460.00   .3151907E-10
 64.0   16470.00   .3152239E-10
 64.0   16480.00   .3152564E-10
 64.0   16490.00   .3152884E-10
 64.0   16500.00   .3153199E-10
 64.0   16510.00   .3153511E-10
 64.0   16520.00   .3153819E-10
 64.0   16530.00   .3154121E-10
 64.0   16540.00   .3154420E-10
 64.0   16550.00   .3154715E-10
 64.0   16560.00   .3155005E-10
 64.0   16570.00   .3155289E-10
 64.0   16580.00   .3155571E-10
 64.0   16590.00   .3155849E-10
 64.0   16600.00   .3156122E-10
 64.0   16610.00   .3156390E-10
 64.0   16620.00   .3156650E-10
 64.0   16630.00   .3156907E-10
 64.0   16640.00   .3157162E-10
 64.0   16650.00   .3157412E-10
 64.0   16660.00   .3157655E-10
 64.0   16670.00   .3157894E-10
 64.0   16680.00   .3158129E-10
 64.0   16690.00   .3158360E-10
 64.0   16700.00   .3158583E-10
 64.0   16710.00   .3158805E-10
 64.0   16720.00   .3159020E-10
 64.0   16730.00   .3159230E-10
 64.0   16740.00   .3159435E-10
 64.0   16750.00   .3159638E-10
 64.0   16760.00   .3159831E-10
 64.0   16770.00   .3160024E-10
 64.0   16780.00   .3160210E-10
 64.0   16790.00   .3160390E-10
 64.0   16800.00   .3160564E-10
 64.0   16810.00   .3160734E-10
 64.0   16820.00   .3160900E-10
 64.0   16830.00   .3161059E-10
 64.0   16840.00   .3161213E-10
 64.0   16850.00   .3161363E-10
 64.0   16860.00   .3161508E-10
 64.0   16870.00   .3161647E-10
 64.0   16880.00   .3161782E-10
 64.0   16890.00   .3161912E-10
 64.0   16900.00   .3162038E-10
 64.0   16910.00   .3162157E-10
 64.0   16920.00   .3162270E-10
 64.0   16930.00   .3162380E-10
 64.0   16940.00   .3162488E-10
 64.0   16950.00   .3162584E-10
 64.0   16960.00   .3162680E-10
 64.0   16970.00   .3162774E-10
 64.0   16980.00   .3162859E-10
 64.0   16990.00   .3162939E-10
 64.0   17000.00   .3163018E-10
 64.0   17010.00   .3163088E-10
 64.0   17020.00   .3163156E-10
 64.0   17030.00   .3163217E-10
 64.0   17040.00   .3163276E-10
 64.0   17050.00   .3163330E-10
 64.0   17060.00   .3163377E-10
 64.0   17070.00   .3163420E-10
 64.0   17080.00   .3163462E-10
 64.0   17090.00   .3163497E-10
 64.0   17100.00   .3163525E-10
 64.0   17110.00   .3163552E-10
 64.0   17120.00   .3163572E-10
 64.0   17130.00   .3163590E-10
 64.0   17140.00   .3163602E-10
 64.0   17150.00   .3163608E-10
 64.0   17160.00   .3163614E-10
 64.0   17170.00   .3163613E-10
 64.0   17180.00   .3163608E-10
 64.0   17190.00   .3163600E-10
 64.0   17200.00   .3163586E-10
 64.0   17210.00   .3163568E-10
 64.0   17220.00   .3163546E-10
 64.0   17230.00   .3163518E-10
 64.0   17240.00   .3163489E-10
 64.0   17250.00   .3163453E-10
 64.0   17260.00   .3163414E-10
 64.0   17270.00   .3163372E-10
 64.0   17280.00   .3163322E-10
 64.0   17290.00   .3163272E-10
 64.0   17300.00   .3163218E-10
 64.0   17310.00   .3163157E-10
 64.0   17320.00   .3163093E-10
 64.0   17330.00   .3163027E-10
 64.0   17340.00   .3162954E-10
 64.0   17350.00   .3162881E-10
 64.0   17360.00   .3162800E-10
 64.0   17370.00   .3162717E-10
 64.0   17380.00   .3162630E-10
 64.0   17390.00   .3162539E-10
 64.0   17400.00   .3162445E-10
 64.0   17410.00   .3162346E-10
 64.0   17420.00   .3162243E-10
 64.0   17430.00   .3162141E-10
 64.0   17440.00   .3162027E-10
 64.0   17450.00   .3161913E-10
 64.0   17460.00   .3161796E-10
 64.0   17470.00   .3161677E-10
 64.0   17480.00   .3161551E-10
 64.0   17490.00   .3161422E-10
 64.0   17500.00   .3161289E-10
 64.0   17510.00   .3161154E-10
 64.0   17520.00   .3161015E-10
 64.0   17530.00   .3160869E-10
 64.0   17540.00   .3160724E-10
 64.0   17550.00   .3160574E-10
 64.0   17560.00   .3160423E-10
 64.0   17570.00   .3160266E-10
 64.0   17580.00   .3160107E-10
 64.0   17590.00   .3159942E-10
 64.0   17600.00   .3159776E-10
 64.0   17610.00   .3159605E-10
 64.0   17620.00   .3159431E-10
 64.0   17630.00   .3159253E-10
 64.0   17640.00   .3159074E-10
 64.0   17650.00   .3158888E-10
 64.0   17660.00   .3158703E-10
 64.0   17670.00   .3158512E-10
 64.0   17680.00   .3158317E-10
 64.0   17690.00   .3158121E-10
 64.0   17700.00   .3157921E-10
 64.0   17710.00   .3157717E-10
 64.0   17720.00   .3157513E-10
 64.0   17730.00   .3157304E-10
 64.0   17740.00   .3157092E-10
 64.0   17750.00   .3156874E-10
 64.0   17760.00   .3156659E-10
 64.0   17770.00   .3156440E-10
 64.0   17780.00   .3156213E-10
 64.0   17790.00   .3155985E-10
 64.0   17800.00   .3155755E-10
 64.0   17810.00   .3155520E-10
 64.0   17820.00   .3155285E-10
 64.0   17830.00   .3155044E-10
 64.0   17840.00   .3154804E-10
 64.0   17850.00   .3154560E-10
 64.0   17860.00   .3154311E-10
 64.0   17870.00   .3154062E-10
 64.0   17880.00   .3153808E-10
 64.0   17890.00   .3153553E-10
 64.0   17900.00   .3153297E-10
 64.0   17910.00   .3153034E-10
 64.0   17920.00   .3152768E-10
 64.0   17930.00   .3152506E-10
 64.0   17940.00   .3152235E-10
 64.0   17950.00   .3151966E-10
 64.0   17960.00   .3151689E-10
 64.0   17970.00   .3151412E-10
 64.0   17980.00   .3151133E-10
 64.0   17990.00   .3150850E-10
 64.0   18000.00   .3150568E-10
 64.0   18010.00   .3139821E-10
 64.0   18020.00   .3129068E-10
 64.0   18030.00   .3118322E-10
 64.0   18040.00   .3107570E-10
 64.0   18050.00   .3096821E-10
 64.0   18060.00   .3086068E-10
 64.0   18070.00   .3075318E-10
 64.0   18080.00   .3064570E-10
 64.0   18090.00   .3053817E-10
 64.0   18100.00   .3043067E-10
 64.0   18110.00   .3032318E-10
 64.0   18120.00   .3021564E-10
 64.0   18130.00   .3010813E-10
 64.0   18140.00   .3000062E-10
 64.0   18150.00   .2989311E-10
 64.0   18160.00   .2978560E-10
 64.0   18170.00   .2967808E-10
 64.0   18180.00   .2957058E-10
 64.0   18190.00   .2946305E-10
 64.0   18200.00   .2935555E-10
 64.0   18210.00   .2924807E-10
 64.0   18220.00   .2914057E-10
 64.0   18230.00   .2903305E-10
 64.0   18240.00   .2892557E-10
 64.0   18250.00   .2881809E-10
 64.0   18260.00   .2871063E-10
 64.0   18270.00   .2860315E-10
 64.0   18280.00   .2849568E-10
 64.0   18290.00   .2838822E-10
 64.0   18300.00   .2828078E-10
 64.0   18310.00   .2817331E-10
 64.0   18320.00   .2806588E-10
 64.0   18330.00   .2795844E-10
 64.0   18340.00   .2785103E-10
 64.0   18350.00   .2774359E-10
 64.0   18360.00   .2763619E-10
 64.0   18370.00   .2752881E-10
 64.0   18380.00   .2742143E-10
 64.0   18390.00   .2731403E-10
 64.0   18400.00   .2720667E-10
 64.0   18410.00   .2709931E-10
 64.0   18420.00   .2699197E-10
 64.0   18430.00   .2688463E-10
 64.0   18440.00   .2677732E-10
 64.0   18450.00   .2667000E-10
 64.0   18460.00   .2656272E-10
 64.0   18470.00   .2645542E-10
 64.0   18480.00   .2634816E-10
 64.0   18490.00   .2624089E-10
 64.0   18500.00   .2613364E-10
 64.0   18510.00   .2602643E-10
 64.0   18520.00   .2591919E-10
 64.0   18530.00   .2581200E-10
 64.0   18540.00   .2570480E-10
 64.0   18550.00   .2559764E-10
 64.0   18560.00   .2549051E-10
 64.0   18570.00   .2538335E-10
 64.0   18580.00   .2527625E-10
 64.0   18590.00   .2516913E-10
 64.0   18600.00   .2506203E-10
 64.0   18610.00   .2495496E-10
 64.0   18620.00   .2484790E-10
 64.0   18630.00   .2474089E-10
 64.0   18640.00   .2463386E-10
 64.0   18650.00   .2452686E-10
 64.0   18660.00   .2441987E-10
 64.0   18670.00   .2431289E-10
 64.0   18680.00   .2420597E-10
 64.0   18690.00   .2409904E-10
 64.0   18700.00   .2399213E-10
 64.0   18710.00   .2388523E-10
 64.0   18720.00   .2377838E-10
 64.0   18730.00   .2367153E-10
 64.0   18740.00   .2356472E-10
 64.0   18750.00   .2345790E-10
 64.0   18760.00   .2335113E-10
 64.0   18770.00   .2324435E-10
 64.0   18780.00   .2313764E-10
 64.0   18790.00   .2303090E-10
 64.0   18800.00   .2292421E-10
 64.0   18810.00   .2281753E-10
 64.0   18820.00   .2271090E-10
 64.0   18830.00   .2260424E-10
 64.0   18840.00   .2249766E-10
 64.0   18850.00   .2239106E-10
 64.0   18860.00   .2228452E-10
 64.0   18870.00   .2217801E-10
 64.0   18880.00   .2207147E-10
 64.0   18890.00   .2196501E-10
 64.0   18900.00   .2185854E-10
 64.0   18910.00   .2175211E-10
 64.0   18920.00   .2164568E-10
 64.0   18930.00   .2153929E-10
 64.0   18940.00   .2143292E-10
 64.0   18950.00   .2132661E-10
 64.0   18960.00   .2122029E-10
 64.0   18970.00   .2111403E-10
 64.0   18980.00   .2100773E-10
 64.0   18990.00   .2090149E-10
 64.0   19000.00   .2079529E-10
 64.0   19010.00   .2068911E-10
 64.0   19020.00   .2058297E-10
 64.0   19030.00   .2047682E-10
 64.0   19040.00   .2037071E-10
 64.0   19050.00   .2026466E-10
 64.0   19060.00   .2015859E-10
 64.0   19070.00   .2005257E-10
 64.0   19080.00   .1994656E-10
 64.0   19090.00   .1984062E-10
 64.0   19100.00   .1973469E-10
 64.0   19110.00   .1962877E-10
 64.0   19120.00   .1952290E-10
 64.0   19130.00   .1941705E-10
 64.0   19140.00   .1931120E-10
 64.0   19150.00   .1920541E-10
 64.0   19160.00   .1909965E-10
 64.0   19170.00   .1899393E-10
 64.0   19180.00   .1888821E-10
 64.0   19190.00   .1878252E-10
 64.0   19200.00   .1867687E-10
 64.0   19210.00   .1857125E-10
 64.0   19220.00   .1846565E-10
 64.0   19230.00   .1836007E-10
 64.0   19240.00   .1825455E-10
 64.0   19250.00   .1814904E-10
 64.0   19260.00   .1804355E-10
 64.0   19270.00   .1793812E-10
 64.0   19280.00   .1783271E-10
 64.0   19290.00   .1772732E-10
 64.0   19300.00   .1762196E-10
 64.0   19310.00   .1751663E-10
 64.0   19320.00   .1741134E-10
 64.0   19330.00   .1730607E-10
 64.0   19340.00   .1720084E-10
 64.0   19350.00   .1709563E-10
 64.0   19360.00   .1699046E-10
 64.0   19370.00   .1688531E-10
 64.0   19380.00   .1678020E-10
 64.0   19390.00   .1667510E-10
 64.0   19400.00   .1657006E-10
 64.0   19410.00   .1646503E-10
 64.0   19420.00   .1636005E-10
 64.0   19430.00   .1625509E-10
 64.0   19440.00   .1615016E-10
 64.0   19450.00   .1604527E-10
 64.0   19460.00   .1594039E-10
 64.0   19470.00   .1583558E-10
 64.0   19480.00   .1573074E-10
 64.0   19490.00   .1562598E-10
 64.0   19500.00   .1552124E-10
 64.0   19510.00   .1541653E-10
 64.0   19520.00   .1531183E-10
 64.0   19530.00   .1520719E-10
 64.0   19540.00   .1510257E-10
 64.0   19550.00   .1499797E-10
 64.0   19560.00   .1489343E-10
 64.0   19570.00   .1478891E-10
 64.0   19580.00   .1468440E-10
 64.0   19590.00   .1457995E-10
 64.0   19600.00   .1447553E-10
 64.0   19610.00   .1437113E-10
 64.0   19620.00   .1426674E-10
 64.0   19630.00   .1416241E-10
 64.0   19640.00   .1405810E-10
 64.0   19650.00   .1395384E-10
 64.0   19660.00   .1384960E-10
 64.0   19670.00   .1374538E-10
 64.0   19680.00   .1364120E-10
 64.0   19690.00   .1353703E-10
 64.0   19700.00   .1343292E-10
 64.0   19710.00   .1332881E-10
 64.0   19720.00   .1322475E-10
 64.0   19730.00   .1312071E-10
 64.0   19740.00   .1301672E-10
 64.0   19750.00   .1291274E-10
 64.0   19760.00   .1280880E-10
 64.0   19770.00   .1270488E-10
 64.0   19780.00   .1260100E-10
 64.0   19790.00   .1249715E-10
 64.0   19800.00   .1239333E-10
 64.0   19810.00   .1228953E-10
 64.0   19820.00   .1218575E-10
 64.0   19830.00   .1208202E-10
 64.0   19840.00   .1197831E-10
 64.0   19850.00   .1187464E-10
 64.0   19860.00   .1177097E-10
 64.0   19870.00   .1166735E-10
 64.0   19880.00   .1156375E-10
 64.0   19890.00   .1146020E-10
 64.0   19900.00   .1135665E-10
 64.0   19910.00   .1125316E-10
 64.0   19920.00   .1114967E-10
 64.0   19930.00   .1104623E-10
 64.0   19940.00   .1094277E-10
 64.0   19950.00   .1083939E-10
 64.0   19960.00   .1073601E-10
 64.0   19970.00   .1063269E-10
 64.0   19980.00   .1052936E-10
 64.0   19990.00   .1042605E-10
 64.0   20000.00   .1032281E-10
 64.0   20010.00   .1021959E-10
 64.0   20020.00   .1011637E-10
 64.0   20030.00   .1001320E-10
 64.0   20040.00   .9910049E-11
 64.0   20050.00   .9806922E-11
 64.0   20060.00   .9703818E-11
 64.0   20070.00   .9600751E-11
 64.0   20080.00   .9497711E-11
 64.0   20090.00   .9394689E-11
 64.0   20100.00   .9291688E-11
 64.0   20110.00   .9290666E-11
 64.0   20120.00   .9289650E-11
 64.0   20130.00   .9288634E-11
 64.0   20140.00   .9287608E-11
 64.0   20150.00   .9286598E-11
 64.0   20160.00   .9285586E-11
 64.0   20170.00   .9284582E-11
 64.0   20180.00   .9283593E-11
 64.0   20190.00   .9282590E-11
 64.0   20200.00   .9281594E-11
 64.0   20210.00   .9280598E-11
 64.0   20220.00   .9279633E-11
 64.0   20230.00   .9278634E-11
 64.0   20240.00   .9277670E-11
 64.0   20250.00   .9276682E-11
 64.0   20260.00   .9275708E-11
 64.0   20270.00   .9274753E-11
 64.0   20280.00   .9273786E-11
 64.0   20290.00   .9272834E-11
 64.0   20300.00   .9271864E-11
 64.0   20310.00   .9270931E-11
 64.0   20320.00   .9269966E-11
 64.0   20330.00   .9269022E-11
 64.0   20340.00   .9268080E-11
 64.0   20350.00   .9267134E-11
 64.0   20360.00   .9266223E-11
 64.0   20370.00   .9265291E-11
 64.0   20380.00   .9264349E-11
 64.0   20390.00   .9263439E-11
 64.0   20400.00   .9262508E-11
 64.0   20410.00   .9261605E-11
 64.0   20420.00   .9260691E-11
 64.0   20430.00   .9259777E-11
 64.0   20440.00   .9258878E-11
 64.0   20450.00   .9257988E-11
 64.0   20460.00   .9257070E-11
 64.0   20470.00   .9256193E-11
 64.0   20480.00   .9255315E-11
 64.0   20490.00   .9254439E-11
 64.0   20500.00   .9253542E-11
 64.0   20510.00   .9252674E-11
 64.0   20520.00   .9251807E-11
 64.0   20530.00   .9250937E-11
 64.0   20540.00   .9250077E-11
 64.0   20550.00   .9249221E-11
 64.0   20560.00   .9248359E-11
 64.0   20570.00   .9247504E-11
 64.0   20580.00   .9246665E-11
 64.0   20590.00   .9245808E-11
 64.0   20600.00   .9244976E-11
 64.0   20610.00   .9244142E-11
 64.0   20620.00   .9243316E-11
 64.0   20630.00   .9242480E-11
 64.0   20640.00   .9241663E-11
 64.0   20650.00   .9240842E-11
 64.0   20660.00   .9240016E-11
 64.0   20670.00   .9239225E-11
 64.0   20680.00   .9238414E-11
 64.0   20690.00   .9237600E-11
 64.0   20700.00   .9236803E-11
 64.0   20710.00   .9235996E-11
 64.0   20720.00   .9235225E-11
 64.0   20730.00   .9234438E-11
 64.0   20740.00   .9233649E-11
 64.0   20750.00   .9232879E-11
 64.0   20760.00   .9232097E-11
 64.0   20770.00   .9231326E-11
 64.0   20780.00   .9230570E-11
 64.0   20790.00   .9229797E-11
 64.0   20800.00   .9229052E-11
 64.0   20810.00   .9228297E-11
 64.0   20820.00   .9227562E-11
 64.0   20830.00   .9226797E-11
 64.0   20840.00   .9226066E-11
 64.0   20850.00   .9225333E-11
 64.0   20860.00   .9224589E-11
 64.0   20870.00   .9223871E-11
 64.0   20880.00   .9223148E-11
 64.0   20890.00   .9222431E-11
 64.0   20900.00   .9221717E-11
 64.0   20910.00   .9221012E-11
 64.0   20920.00   .9220297E-11
 64.0   20930.00   .9219597E-11
 64.0   20940.00   .9218905E-11
 64.0   20950.00   .9218217E-11
 64.0   20960.00   .9217515E-11
 64.0   20970.00   .9216836E-11
 64.0   20980.00   .9216162E-11
 64.0   20990.00   .9215490E-11
 64.0   21000.00   .9214813E-11
 64.0   21010.00   .9214140E-11
 64.0   21020.00   .9213470E-11
 64.0   21030.00   .9212837E-11
 64.0   21040.00   .9212168E-11
 64.0   21050.00   .9211512E-11
 64.0   21060.00   .9210867E-11
 64.0   21070.00   .9210234E-11
 64.0   21080.00   .9209604E-11
 64.0   21090.00   .9208970E-11
 64.0   21100.00   .9208358E-11
 64.0   21110.00   .9207726E-11
 64.0   21120.00   .9207096E-11
 64.0   21130.00   .9206487E-11
 64.0   21140.00   .9205881E-11
 64.0   21150.00   .9205279E-11
 64.0   21160.00   .9204672E-11
 64.0   21170.00   .9204096E-11
 64.0   21180.00   .9203491E-11
 64.0   21190.00   .9202897E-11
 64.0   21200.00   .9202324E-11
 64.0   21210.00   .9201754E-11
 64.0   21220.00   .9201174E-11
 64.0   21230.00   .9200606E-11
 64.0   21240.00   .9200046E-11
 64.0   21250.00   .9199486E-11
 64.0   21260.00   .9198939E-11
 64.0   21270.00   .9198377E-11
 64.0   21280.00   .9197838E-11
 64.0   21290.00   .9197299E-11
 64.0   21300.00   .9196767E-11
 64.0   21310.00   .9196234E-11
 64.0   21320.00   .9195701E-11
 64.0   21330.00   .9195174E-11
 64.0   21340.00   .9194681E-11
 64.0   21350.00   .9194162E-11
 64.0   21360.00   .9193647E-11
 64.0   21370.00   .9193154E-11
 64.0   21380.00   .9192646E-11
 64.0   21390.00   .9192169E-11
 64.0   21400.00   .9191679E-11
 64.0   21410.00   .9191176E-11
 64.0   21420.00   .9190702E-11
 64.0   21430.00   .9190234E-11
 64.0   21440.00   .9189762E-11
 64.0   21450.00   .9189293E-11
 64.0   21460.00   .9188845E-11
 64.0   21470.00   .9188400E-11
 64.0   21480.00   .9187929E-11
 64.0   21490.00   .9187500E-11
 64.0   21500.00   .9187047E-11
 64.0   21510.00   .9186620E-11
 64.0   21520.00   .9186172E-11
 64.0   21530.00   .9185747E-11
 64.0   21540.00   .9185343E-11
 64.0   21550.00   .9184925E-11
 64.0   21560.00   .9184520E-11
 64.0   21570.00   .9184113E-11
 64.0   21580.00   .9183710E-11
 64.0   21590.00   .9183310E-11
 64.0   21600.00   .9182922E-11
 64.0   21610.00   .9182533E-11
 64.0   21620.00   .9182153E-11
 64.0   21630.00   .9181780E-11
 64.0   21640.00   .9181414E-11
 64.0   21650.00   .9181040E-11
 64.0   21660.00   .9180673E-11
 64.0   21670.00   .9180310E-11
 64.0   21680.00   .9179966E-11
 64.0   21690.00   .9179622E-11
 64.0   21700.00   .9179286E-11
 64.0   21710.00   .9178941E-11
 64.0   21720.00   .9178616E-11
 64.0   21730.00   .9178306E-11
 64.0   21740.00   .9177959E-11
 64.0   21750.00   .9177657E-11
 64.0   21760.00   .9177342E-11
 64.0   21770.00   .9177026E-11
 64.0   21780.00   .9176727E-11
 64.0   21790.00   .9176435E-11
 64.0   21800.00   .9176147E-11
 64.0   21810.00   .9175857E-11
 64.0   21820.00   .9175580E-11
 64.0   21830.00   .9175298E-11
 64.0   21840.00   .9175029E-11
 64.0   21850.00   .9174774E-11
 64.0   21860.00   .9174507E-11
 64.0   21870.00   .9174252E-11
 64.0   21880.00   .9174009E-11
 64.0   21890.00   .9173757E-11
 64.0   21900.00   .9173533E-11
 64.0   21910.00   .9173284E-11
 64.0   21920.00   .9173051E-11
 64.0   21930.00   .9172842E-11
 64.0   21940.00   .9172621E-11
 64.0   21950.00   .9172420E-11
 64.0   21960.00   .9172201E-11
 64.0   21970.00   .9172003E-11
 64.0   21980.00   .9171800E-11
 64.0   21990.00   .9171613E-11
 64.0   22000.00   .9171421E-11
 64.0   22010.00   .9171250E-11
 64.0   22020.00   .9171061E-11
 64.0   22030.00   .9170906E-11
 64.0   22040.00   .9170742E-11
 64.0   22050.00   .9170576E-11
 64.0   22060.00   .9170427E-11
 64.0   22070.00   .9170262E-11
 64.0   22080.00   .9170128E-11
 64.0   22090.00   .9169986E-11
 64.0   22100.00   .9169860E-11
 64.0   22110.00   .9169730E-11
 64.0   22120.00   .9169615E-11
 64.0   22130.00   .9169496E-11
 64.0   22140.00   .9169389E-11
 64.0   22150.00   .9169278E-11
 64.0   22160.00   .9169182E-11
 64.0   22170.00   .9169090E-11
 64.0   22180.00   .9168989E-11
 64.0   22190.00   .9168906E-11
 64.0   22200.00   .9168830E-11
 64.0   22210.00   .9168760E-11
 64.0   22220.00   .9168708E-11
 64.0   22230.00   .9168634E-11
 64.0   22240.00   .9168585E-11
 64.0   22250.00   .9168536E-11
 64.0   22260.00   .9168498E-11
 64.0   22270.00   .9168440E-11
 64.0   22280.00   .9168414E-11
 64.0   22290.00   .9168392E-11
 64.0   22300.00   .9168366E-11
 64.0   22310.00   .9168347E-11
 64.0   22320.00   .9168333E-11
 64.0   22330.00   .9168333E-11
 64.0   22340.00   .9168335E-11
 64.0   22350.00   .9168352E-11
 64.0   22360.00   .9168361E-11
 64.0   22370.00   .9168373E-11
 64.0   22380.00   .9168398E-11
 64.0   22390.00   .9168426E-11
 64.0   22400.00   .9168471E-11
 64.0   22410.00   .9168511E-11
 64.0   22420.00   .9168542E-11
 64.0   22430.00   .9168585E-11
 64.0   22440.00   .9168640E-11
 64.0   22450.00   .9168719E-11
 64.0   22460.00   .9168786E-11
 64.0   22470.00   .9168857E-11
 64.0   22480.00   .9168943E-11
 64.0   22490.00   .9169017E-11
 64.0   22500.00   .9169119E-11
 64.0   22510.00   .9169209E-11
 64.0   22520.00   .9169322E-11
 64.0   22530.00   .9169409E-11
 64.0   22540.00   .9169531E-11
 64.0   22550.00   .9169634E-11
 64.0   22560.00   .9169766E-11
 64.0   22570.00   .9169896E-11
 64.0   22580.00   .9170023E-11
 64.0   22590.00   .9170170E-11
 64.0   22600.00   .9170298E-11
 64.0   22610.00   .9170448E-11
 64.0   22620.00   .9170617E-11
 64.0   22630.00   .9170766E-11
 64.0   22640.00   .9170929E-11
 64.0   22650.00   .9171096E-11
 64.0   22660.00   .9171262E-11
 64.0   22670.00   .9171453E-11
 64.0   22680.00   .9171635E-11
 64.0   22690.00   .9171823E-11
 64.0   22700.00   .9172012E-11
 64.0   22710.00   .9172216E-11
 64.0   22720.00   .9172423E-11
 64.0   22730.00   .9172629E-11
 64.0   22740.00   .9172847E-11
 64.0   22750.00   .9173077E-11
 64.0   22760.00   .9173288E-11
 64.0   22770.00   .9173516E-11
 64.0   22780.00   .9173752E-11
 64.0   22790.00   .9173993E-11
 64.0   22800.00   .9174230E-11
 64.0   22810.00   .9174484E-11
 64.0   22820.00   .9174731E-11
 64.0   22830.00   .9174995E-11
 64.0   22840.00   .9175257E-11
 64.0   22850.00   .9175523E-11
 64.0   22860.00   .9175800E-11
 64.0   22870.00   .9176067E-11
 64.0   22880.00   .9176354E-11
 64.0   22890.00   .9176628E-11
 64.0   22900.00   .9176917E-11
 64.0   22910.00   .9177217E-11
 64.0   22920.00   .9177521E-11
 64.0   22930.00   .9177819E-11
 64.0   22940.00   .9178125E-11
 64.0   22950.00   .9178446E-11
 64.0   22960.00   .9178761E-11
 64.0   22970.00   .9179092E-11
 64.0   22980.00   .9179397E-11
 64.0   22990.00   .9179746E-11
 64.0   23000.00   .9180082E-11
 64.0   23010.00   .9180421E-11
 64.0   23020.00   .9180758E-11
 64.0   23030.00   .9181114E-11
 64.0   23040.00   .9181466E-11
 64.0   23050.00   .9181815E-11
 64.0   23060.00   .9182176E-11
 64.0   23070.00   .9182548E-11
 64.0   23080.00   .9182914E-11
 64.0   23090.00   .9183296E-11
 64.0   23100.00   .9183655E-11
 64.0   23110.00   .9184056E-11
 64.0   23120.00   .9184433E-11
 64.0   23130.00   .9184821E-11
 64.0   23140.00   .9185218E-11
 64.0   23150.00   .9185620E-11
 64.0   23160.00   .9186028E-11
 64.0   23170.00   .9186437E-11
 64.0   23180.00   .9186818E-11
 64.0   23190.00   .9187260E-11
 64.0   23200.00   .9187680E-11
 64.0   23210.00   .9188106E-11
 64.0   23220.00   .9188523E-11
 64.0   23230.00   .9188955E-11
 64.0   23240.00   .9189400E-11
 64.0   23250.00   .9189821E-11
 64.0   23260.00   .9190265E-11
 64.0   23270.00   .9190702E-11
 64.0   23280.00   .9191167E-11
 64.0   23290.00   .9191627E-11
 64.0   23300.00   .9192076E-11
 64.0   23310.00   .9192528E-11
 64.0   23320.00   .9193007E-11
 64.0   23330.00   .9193472E-11
 64.0   23340.00   .9193948E-11
 64.0   23350.00   .9194422E-11
 64.0   23360.00   .9194906E-11
 64.0   23370.00   .9195386E-11
 64.0   23380.00   .9195875E-11
 64.0   23390.00   .9196354E-11
 64.0   23400.00   .9196844E-11
 64.0   23410.00   .9197358E-11
 64.0   23420.00   .9197856E-11
 64.0   23430.00   .9198362E-11
 64.0   23440.00   .9198873E-11
 64.0   23450.00   .9199384E-11
 64.0   23460.00   .9199895E-11
 64.0   23470.00   .9200422E-11
 64.0   23480.00   .9200951E-11
 64.0   23490.00   .9201470E-11
 64.0   23500.00   .9201990E-11
 64.0   23510.00   .9202527E-11
 64.0   23520.00   .9203064E-11
 64.0   23530.00   .9203600E-11
 64.0   23540.00   .9204142E-11
 64.0   23550.00   .9204707E-11
 64.0   23560.00   .9205229E-11
 64.0   23570.00   .9205789E-11
 64.0   23580.00   .9206348E-11
 64.0   23590.00   .9206896E-11
 64.0   23600.00   .9207468E-11
 64.0   23610.00   .9208037E-11
 64.0   23620.00   .9208600E-11
 64.0   23630.00   .9209165E-11
 64.0   23640.00   .9209752E-11
 64.0   23650.00   .9210313E-11
 64.0   23660.00   .9210905E-11
 64.0   23670.00   .9211498E-11
 64.0   23680.00   .9212069E-11
 64.0   23690.00   .9212653E-11
 64.0   23700.00   .9213270E-11
 64.0   23710.00   .9213841E-11
 64.0   23720.00   .9214454E-11
 64.0   23730.00   .9215055E-11
 64.0   23740.00   .9215661E-11
 64.0   23750.00   .9216266E-11
 64.0   23760.00   .9216872E-11
 64.0   23770.00   .9217476E-11
 64.0   23780.00   .9218099E-11
 64.0   23790.00   .9218723E-11
 64.0   23800.00   .9219341E-11
 64.0   23810.00   .9219969E-11
 64.0   23820.00   .9220599E-11
 64.0   23830.00   .9221217E-11
 64.0   23840.00   .9221863E-11
 64.0   23850.00   .9222501E-11
 64.0   23860.00   .9223134E-11
 64.0   23870.00   .9223768E-11
 64.0   23880.00   .9224420E-11
 64.0   23890.00   .9225061E-11
 64.0   23900.00   .9225709E-11
 64.0   23910.00   .9226362E-11
 64.0   23920.00   .9227008E-11
 64.0   23930.00   .9227664E-11
 64.0   23940.00   .9228322E-11
 64.0   23950.00   .9228977E-11
 64.0   23960.00   .9229638E-11
 64.0   23970.00   .9230321E-11
 64.0   23980.00   .9230986E-11
 64.0   23990.00   .9231647E-11
 64.0   24000.00   .9232334E-11
 64.0   24010.00   .9233007E-11
 64.0   24020.00   .9233659E-11
 64.0   24030.00   .9234360E-11
 64.0   24040.00   .9235040E-11
 64.0   24050.00   .9235719E-11
 64.0   24060.00   .9236403E-11
 64.0   24070.00   .9237097E-11
 64.0   24080.00   .9237791E-11
 64.0   24090.00   .9238479E-11
 64.0   24100.00   .9239177E-11
 64.0   24110.00   .9239872E-11
 64.0   24120.00   .9240564E-11
 64.0   24130.00   .9241283E-11
 64.0   24140.00   .9241965E-11
 64.0   24150.00   .9242673E-11
 64.0   24160.00   .9243391E-11
 64.0   24170.00   .9244093E-11
 64.0   24180.00   .9244814E-11
 64.0   24190.00   .9245519E-11
 64.0   24200.00   .9246237E-11
 64.0   24210.00   .9246970E-11
 64.0   24220.00   .9247682E-11
 64.0   24230.00   .9248409E-11
 64.0   24240.00   .9249116E-11
 64.0   24250.00   .9249840E-11
 64.0   24260.00   .9250566E-11
 64.0   24270.00   .9251301E-11
 64.0   24280.00   .9252045E-11
 64.0   24290.00   .9252774E-11
 64.0   24300.00   .9253496E-11
 64.0   24310.00   .9254239E-11
 64.0   24320.00   .9254972E-11
 64.0   24330.00   .9255709E-11
 64.0   24340.00   .9256451E-11
 64.0   24350.00   .9257199E-11
 64.0   24360.00   .9257947E-11
 64.0   24370.00   .9258697E-11
 64.0   24380.00   .9259430E-11
 64.0   24390.00   .9260207E-11
 64.0   24400.00   .9260934E-11
 64.0   24410.00   .9261696E-11
 64.0   24420.00   .9262437E-11
 64.0   24430.00   .9263209E-11
 64.0   24440.00   .9263957E-11
 64.0   24450.00   .9264717E-11
 64.0   24460.00   .9265467E-11
 64.0   24470.00   .9266246E-11
 64.0   24480.00   .9267000E-11
 64.0   24490.00   .9267752E-11
 64.0   24500.00   .9268534E-11
 64.0   24510.00   .9269283E-11
 64.0   24520.00   .9270058E-11
 64.0   24530.00   .9270816E-11
 64.0   24540.00   .9271601E-11
 64.0   24550.00   .9272361E-11
 64.0   24560.00   .9273134E-11
 64.0   24570.00   .9273921E-11
 64.0   24580.00   .9274700E-11
 64.0   24590.00   .9275463E-11
 64.0   24600.00   .9276255E-11
 64.0   24610.00   .9277011E-11
 64.0   24620.00   .9277804E-11
 64.0   24630.00   .9278587E-11
 64.0   24640.00   .9279365E-11
 64.0   24650.00   .9280135E-11
 64.0   24660.00   .9280928E-11
 64.0   24670.00   .9281708E-11
 64.0   24680.00   .9282510E-11
 64.0   24690.00   .9283282E-11
 64.0   24700.00   .9284080E-11
 64.0   24710.00   .9284862E-11
 64.0   24720.00   .9285653E-11
 64.0   24730.00   .9286444E-11
 64.0   24740.00   .9287235E-11
 64.0   24750.00   .9288036E-11
 64.0   24760.00   .9288834E-11
 64.0   24770.00   .9289613E-11
 64.0   24780.00   .9290406E-11
 64.0   24790.00   .9291200E-11
 64.0   24800.00   .9292019E-11
 64.0   24810.00   .9292796E-11
 64.0   24820.00   .9293600E-11
 64.0   24830.00   .9294395E-11
 64.0   24840.00   .9295199E-11
 64.0   24850.00   .9295989E-11
 64.0   24860.00   .9296793E-11
 64.0   24870.00   .9297597E-11
 64.0   24880.00   .9298394E-11
 64.0   24890.00   .9299194E-11
 64.0   24900.00   .9299991E-11
 64.0   24910.00   .9300796E-11
 64.0   24920.00   .9301596E-11
 64.0   24930.00   .9302411E-11
 64.0   24940.00   .9303208E-11
 64.0   24950.00   .9304022E-11
 64.0   24960.00   .9304815E-11
 64.0   24970.00   .9305629E-11
 64.0   24980.00   .9306427E-11
 64.0   24990.00   .9307229E-11
 64.0   25000.00   .9308051E-11
