100 .4131717E-14
101 .1574026E-13
102 .4197375E-13
103 .9201768E-13
104 .1776707E-12
105 .3134012E-12
106 .5162806E-12
107 .8057772E-12
108 .1203413E-11
109 .1732272E-11
110 .2416378E-11
111 .3279928E-11
112 .4346424E-11
113 .5637699E-11
114 .7172872E-11
115 .8967263E-11
116 .1103131E-10
117 .1336946E-10
118 .1597925E-10
119 .1885030E-10
120 .2196369E-10
121 .2529136E-10
122 .2879575E-10
123 .3242988E-10
124 .3613753E-10
125 .3985384E-10
126 .4351342E-10
127 .4707662E-10
128 .5051672E-10
129 .5381435E-10
130 .5695770E-10
131 .5994283E-10
132 .6277329E-10
133 .6546008E-10
134 .6802122E-10
135 .7048125E-10
136 .7287100E-10
137 .7522691E-10
138 .7759001E-10
139 .7997891E-10
140 .8238657E-10
141 .8480395E-10
142 .8722161E-10
143 .8962969E-10
144 .9201799E-10
145 .9437642E-10
146 .9669474E-10
147 .9896298E-10
148 .1011715E-09
149 .1033107E-09
150 .1053716E-09
151 .1073472E-09
152 .1092390E-09
153 .1110506E-09
154 .1127860E-09
155 .1144493E-09
156 .1160448E-09
157 .1175770E-09
158 .1190506E-09
159 .1204706E-09
160 .1218419E-09
161 .1231698E-09
162 .1244598E-09
163 .1257174E-09
164 .1269485E-09
165 .1281590E-09
166 .1293551E-09
167 .1305433E-09
168 .1317303E-09
169 .1329229E-09
170 .1341284E-09
171 .1353542E-09
172 .1366082E-09
173 .1378986E-09
174 .1392337E-09
175 .1406225E-09
176 .1420727E-09
177 .1435856E-09
178 .1451607E-09
179 .1467976E-09
180 .1484957E-09
181 .1502546E-09
182 .1520735E-09
183 .1539518E-09
184 .1558887E-09
185 .1578834E-09
186 .1599349E-09
187 .1620423E-09
188 .1642042E-09
189 .1664197E-09
190 .1686872E-09
191 .1710053E-09
192 .1733724E-09
193 .1757869E-09
194 .1782466E-09
195 .1807497E-09
196 .1832940E-09
197 .1858769E-09
198 .1884962E-09
199 .1911488E-09
200 .1938320E-09
201 .1965430E-09
202 .1992805E-09
203 .2020437E-09
204 .2048316E-09
205 .2076430E-09
206 .2104769E-09
207 .2133321E-09
208 .2162072E-09
209 .2191008E-09
210 .2220114E-09
211 .2249377E-09
212 .2278779E-09
213 .2308304E-09
214 .2337934E-09
215 .2367652E-09
216 .2397439E-09
217 .2427277E-09
218 .2457145E-09
219 .2487023E-09
220 .2516891E-09
221 .2546728E-09
222 .2576511E-09
223 .2606220E-09
224 .2635829E-09
225 .2665319E-09
226 .2694672E-09
227 .2723892E-09
228 .2752993E-09
229 .2781987E-09
230 .2810891E-09
231 .2839718E-09
232 .2868486E-09
233 .2897209E-09
234 .2925906E-09
235 .2954595E-09
236 .2983297E-09
237 .3012031E-09
238 .3040818E-09
239 .3069679E-09
240 .3098637E-09
241 .3127717E-09
242 .3156941E-09
243 .3186336E-09
244 .3215927E-09
245 .3245741E-09
246 .3275807E-09
247 .3306152E-09
248 .3336806E-09
249 .3367801E-09
250 .3399166E-09
251 .3922671E-09
252 .4490438E-09
253 .4772792E-09
254 .4632458E-09
255 .4588867E-09
256 .4384327E-09
257 .3912154E-09
258 .3684488E-09
259 .3796974E-09
260 .3993821E-09
261 .4136373E-09
262 .3911449E-09
263 .3764269E-09
264 .4135128E-09
265 .4742585E-09
266 .4869029E-09
267 .5122888E-09
268 .5888595E-09
269 .6583285E-09
270 .7067570E-09
271 .7705470E-09
272 .8334919E-09
273 .8862270E-09
274 .9430836E-09
275 .9439943E-09
276 .8733318E-09
277 .8517618E-09
278 .8844655E-09
279 .9248395E-09
280 .9798586E-09
281 .1128386E-08
282 .1259044E-08
283 .1356638E-08
284 .1460538E-08
285 .1520460E-08
286 .1653637E-08
287 .1832660E-08
288 .2030278E-08
289 .2201407E-08
290 .2399059E-08
291 .2574022E-08
292 .2664898E-08
293 .2755622E-08
294 .2837942E-08
295 .2843443E-08
296 .2823467E-08
297 .2769528E-08
298 .2627518E-08
299 .2456807E-08
300 .2301981E-08
301 .2192001E-08
302 .2128086E-08
303 .2151353E-08
304 .2167192E-08
305 .2026791E-08
306 .2038270E-08
307 .2222790E-08
308 .2333009E-08
309 .2355323E-08
310 .2363503E-08
311 .2549123E-08
312 .2736441E-08
313 .2955398E-08
314 .3125009E-08
315 .3250809E-08
316 .3443802E-08
317 .3563770E-08
318 .3440953E-08
319 .3241019E-08
320 .3030700E-08
321 .2815978E-08
322 .2715807E-08
323 .2586040E-08
324 .2481715E-08
325 .2366120E-08
326 .2348788E-08
327 .2354627E-08
328 .2332859E-08
329 .2386510E-08
330 .2445819E-08
331 .2508537E-08
332 .2620938E-08
333 .2783661E-08
334 .2880833E-08
335 .2984476E-08
336 .3081209E-08
337 .3121547E-08
338 .3132751E-08
339 .3117803E-08
340 .3215809E-08
341 .3288227E-08
342 .3376626E-08
343 .3480218E-08
344 .3643028E-08
345 .3758199E-08
346 .3941273E-08
347 .4118015E-08
348 .4246613E-08
349 .4435777E-08
350 .4684149E-08
351 .4959968E-08
352 .5146193E-08
353 .5317434E-08
354 .5454320E-08
355 .5520685E-08
356 .5577530E-08
357 .5560354E-08
358 .5534434E-08
359 .5473904E-08
360 .5355898E-08
361 .5246482E-08
362 .5132098E-08
363 .5062758E-08
364 .5003478E-08
365 .4879172E-08
366 .4666961E-08
367 .4416689E-08
368 .4051533E-08
369 .3661590E-08
370 .3287212E-08
371 .3010865E-08
372 .2844949E-08
373 .2748647E-08
374 .2782083E-08
375 .2793890E-08
376 .2761962E-08
377 .2761121E-08
378 .2757525E-08
379 .2750803E-08
380 .2818366E-08
381 .2962565E-08
382 .3199082E-08
383 .3538290E-08
384 .3943937E-08
385 .4392322E-08
386 .4820148E-08
387 .5263714E-08
388 .5752928E-08
389 .6038471E-08
390 .6342191E-08
391 .6545989E-08
392 .6799287E-08
393 .6942008E-08
394 .6863373E-08
395 .6742236E-08
396 .6487152E-08
397 .6110376E-08
398 .5812321E-08
399 .5627375E-08
400 .5502555E-08
401 .5497104E-08
402 .5609247E-08
403 .5771015E-08
404 .5985604E-08
405 .6252587E-08
406 .6501650E-08
407 .6771896E-08
408 .6940208E-08
409 .6978858E-08
410 .7035752E-08
411 .6986546E-08
412 .6904077E-08
413 .6789669E-08
414 .6704260E-08
415 .6623863E-08
416 .6539359E-08
417 .6441835E-08
418 .6330482E-08
419 .6204048E-08
420 .6024307E-08
421 .5852128E-08
422 .5665267E-08
423 .5474021E-08
424 .5282461E-08
425 .5123893E-08
426 .4886588E-08
427 .4725185E-08
428 .4497744E-08
429 .4322383E-08
430 .4196162E-08
431 .4168885E-08
432 .4157251E-08
433 .4246861E-08
434 .4376306E-08
435 .4489257E-08
436 .4605386E-08
437 .4700743E-08
438 .4733916E-08
439 .4691969E-08
440 .4641509E-08
441 .4628861E-08
442 .4616598E-08
443 .4670409E-08
444 .4789626E-08
445 .4961930E-08
446 .5144508E-08
447 .5356362E-08
448 .5514008E-08
449 .5642403E-08
450 .5791157E-08
451 .5899476E-08
452 .5936955E-08
453 .5938783E-08
454 .5936424E-08
455 .5920171E-08
456 .5904086E-08
457 .5865715E-08
458 .5855836E-08
459 .5831530E-08
460 .5806857E-08
461 .5751660E-08
462 .5604174E-08
463 .5411061E-08
464 .5201038E-08
465 .5004549E-08
466 .4826542E-08
467 .4662180E-08
468 .4522149E-08
469 .4498409E-08
470 .4488597E-08
471 .4404834E-08
472 .4316890E-08
473 .4210511E-08
474 .4104526E-08
475 .4004691E-08
476 .3962360E-08
477 .3951651E-08
478 .3948673E-08
479 .3920015E-08
480 .3849285E-08
481 .3746975E-08
482 .3618828E-08
483 .3458354E-08
484 .3295422E-08
485 .3152364E-08
486 .3067495E-08
487 .3038853E-08
488 .3055629E-08
489 .3096517E-08
490 .3146429E-08
491 .3219046E-08
492 .3312487E-08
493 .3391430E-08
494 .3416412E-08
495 .3412975E-08
496 .3408154E-08
497 .3408144E-08
498 .3404110E-08
499 .3413778E-08
500 .3436045E-08
501 .3458779E-08
502 .3509940E-08
503 .3579823E-08
504 .3665422E-08
505 .3765441E-08
506 .3874565E-08
507 .3984479E-08
508 .4092388E-08
509 .4195776E-08
510 .4257344E-08
511 .4302546E-08
512 .4304771E-08
513 .4301691E-08
514 .4279160E-08
515 .4256245E-08
516 .4256458E-08
517 .4242870E-08
518 .4236290E-08
519 .4228101E-08
520 .4199644E-08
521 .4121741E-08
522 .3992047E-08
523 .3821446E-08
524 .3625787E-08
525 .3448908E-08
526 .3289984E-08
527 .3144251E-08
528 .3049131E-08
529 .2978336E-08
530 .2950885E-08
531 .2957745E-08
532 .3012185E-08
533 .3082173E-08
534 .3135656E-08
535 .3165973E-08
536 .3198673E-08
537 .3221191E-08
538 .3198447E-08
539 .3153666E-08
540 .3111992E-08
541 .3035576E-08
542 .2932991E-08
543 .2834747E-08
544 .2742763E-08
545 .2687315E-08
546 .2662207E-08
547 .2677135E-08
548 .2732760E-08
549 .2836400E-08
550 .2942200E-08
551 .3074425E-08
552 .3222159E-08
553 .3335844E-08
554 .3418278E-08
555 .3476393E-08
556 .3521478E-08
557 .3541213E-08
558 .3564330E-08
559 .3580288E-08
560 .3572512E-08
561 .3573566E-08
562 .3565447E-08
563 .3552414E-08
564 .3541792E-08
565 .3532543E-08
566 .3518099E-08
567 .3501061E-08
568 .3488688E-08
569 .3454129E-08
570 .3402558E-08
571 .3330116E-08
572 .3235183E-08
573 .3152084E-08
574 .3068524E-08
575 .3007522E-08
576 .2961372E-08
577 .2938058E-08
578 .2935548E-08
579 .2942064E-08
580 .2957521E-08
581 .3001019E-08
582 .3061760E-08
583 .3098949E-08
584 .3134192E-08
585 .3167493E-08
586 .3188470E-08
587 .3241298E-08
588 .3261583E-08
589 .3252940E-08
590 .3228230E-08
591 .3253585E-08
592 .3290873E-08
593 .3302976E-08
594 .3302109E-08
595 .3295154E-08
596 .3287289E-08
597 .3262390E-08
598 .3218758E-08
599 .3179075E-08
600 .3098352E-08
601 .3003532E-08
602 .2880687E-08
603 .2750600E-08
604 .2605923E-08
605 .2408846E-08
606 .2212164E-08
607 .1964438E-08
608 .1746830E-08
609 .1554261E-08
610 .1406505E-08
611 .1301968E-08
612 .1226728E-08
613 .1204793E-08
614 .1211714E-08
615 .1260520E-08
616 .1334493E-08
617 .1437714E-08
618 .1559997E-08
619 .1701811E-08
620 .1852977E-08
621 .2004261E-08
622 .2133489E-08
623 .2267592E-08
624 .2372001E-08
625 .2504511E-08
626 .2600762E-08
627 .2675409E-08
628 .2712105E-08
629 .2796286E-08
630 .2839825E-08
631 .2868308E-08
632 .2886578E-08
633 .2893620E-08
634 .2898700E-08
635 .2902855E-08
636 .2895037E-08
637 .2881146E-08
638 .2853233E-08
639 .2835597E-08
640 .2806138E-08
641 .2783719E-08
642 .2747880E-08
643 .2701447E-08
644 .2669163E-08
645 .2632892E-08
646 .2600967E-08
647 .2564005E-08
648 .2521375E-08
649 .2494553E-08
650 .2460135E-08
651 .2476603E-08
652 .2445424E-08
653 .2423979E-08
654 .2419335E-08
655 .2387655E-08
656 .2358859E-08
657 .2293868E-08
658 .2275721E-08
659 .2220660E-08
660 .2178366E-08
661 .2131153E-08
662 .2093538E-08
663 .2040372E-08
664 .2004415E-08
665 .1976268E-08
666 .1923068E-08
667 .1886577E-08
668 .1856621E-08
669 .1818396E-08
670 .1767596E-08
671 .1732203E-08
672 .1705229E-08
673 .1655092E-08
674 .1599780E-08
675 .1605641E-08
676 .1556452E-08
677 .1544750E-08
678 .1524726E-08
679 .1499148E-08
680 .1493766E-08
681 .1488711E-08
682 .1473944E-08
683 .1461851E-08
684 .1457933E-08
685 .1435317E-08
686 .1422537E-08
687 .1385315E-08
688 .1355393E-08
689 .1325586E-08
690 .1295899E-08
691 .1266330E-08
692 .1260448E-08
693 .1267615E-08
694 .1248260E-08
695 .1252019E-08
696 .1222606E-08
697 .1224313E-08
698 .1199911E-08
699 .1172233E-08
700 .1161596E-08
701 .1159208E-08
702 .1132864E-08
703 .1128373E-08
704 .1126375E-08
705 .1107287E-08
706 .1114561E-08
707 .1099616E-08
708 .1096362E-08
709 .1095248E-08
710 .1085048E-08
711 .1070888E-08
712 .1067312E-08
713 .1066751E-08
714 .1054758E-08
715 .1060326E-08
716 .1051341E-08
717 .1000200E-08
718 .9726286E-09
719 .9429730E-09
720 .9411398E-09
721 .9875658E-09
722 .9968071E-09
723 .9702493E-09
724 .9205515E-09
725 .9327822E-09
726 .9296551E-09
727 .9220209E-09
728 .9080614E-09
729 .8826596E-09
730 .8832930E-09
731 .8571043E-09
732 .8511432E-09
733 .8452795E-09
734 .8323798E-09
735 .8073780E-09
736 .7913898E-09
737 .7663257E-09
738 .7659535E-09
739 .7495856E-09
740 .7328197E-09
741 .7237303E-09
742 .7149201E-09
743 .6668814E-09
744 .6267129E-09
745 .5987989E-09
746 .5719492E-09
747 .5632550E-09
748 .5605989E-09
749 .5691827E-09
750 .5796331E-09
751 .5961974E-09
752 .6031677E-09
753 .6084109E-09
754 .6121504E-09
755 .6177658E-09
756 .6188917E-09
757 .6272118E-09
758 .6309184E-09
759 .6037947E-09
760 .6074784E-09
761 .6111518E-09
762 .6148154E-09
763 .6184692E-09
764 .6221132E-09
765 .6257478E-09
766 .6293730E-09
767 .6329891E-09
768 .6461050E-09
769 .6635717E-09
770 .6889849E-09
771 .6979283E-09
772 .7090794E-09
773 .7131252E-09
774 .7211757E-09
775 .7320251E-09
776 .7389566E-09
777 .7414057E-09
778 .7535948E-09
779 .7620136E-09
780 .7662108E-09
781 .7713638E-09
782 .7774587E-09
783 .7747659E-09
784 .7841380E-09
785 .7908547E-09
786 .7805604E-09
787 .7865060E-09
788 .7806397E-09
789 .7725018E-09
790 .7695828E-09
791 .7673451E-09
792 .7615585E-09
793 .7592232E-09
794 .7598604E-09
795 .7566357E-09
796 .7468422E-09
797 .7553461E-09
798 .7453973E-09
799 .7463379E-09
800 .7375871E-09
801 .7342192E-09
802 .7167332E-09
803 .7056839E-09
804 .6872634E-09
805 .6869845E-09
806 .6760215E-09
807 .6733564E-09
808 .6667201E-09
809 .6909016E-09
810 .6864573E-09
811 .6868003E-09
812 .6807054E-09
813 .6762957E-09
814 .6707546E-09
815 .6717654E-09
816 .6603930E-09
817 .6386690E-09
818 .6140047E-09
819 .5810641E-09
820 .5678625E-09
821 .5262185E-09
822 .5087129E-09
823 .4867987E-09
824 .4776537E-09
825 .4604749E-09
826 .4422635E-09
827 .4414338E-09
828 .4540412E-09
829 .4533813E-09
830 .4648356E-09
831 .4569824E-09
832 .4661232E-09
833 .4688437E-09
834 .4731441E-09
835 .4447243E-09
836 .4586431E-09
837 .4568897E-09
838 .4658406E-09
839 .4711678E-09
840 .4941241E-09
841 .5104786E-09
842 .5324840E-09
843 .5535214E-09
844 .5704992E-09
845 .5901941E-09
846 .6103519E-09
847 .6272682E-09
848 .6445770E-09
849 .6579534E-09
850 .6730084E-09
851 .6744941E-09
852 .6762252E-09
853 .6853362E-09
854 .6851486E-09
855 .6904091E-09
856 .6833459E-09
857 .6908480E-09
858 .6894982E-09
859 .6922382E-09
860 .6859503E-09
861 .6856976E-09
862 .6794595E-09
863 .6753700E-09
864 .6727045E-09
865 .6693833E-09
866 .6709302E-09
867 .6675559E-09
868 .6725096E-09
869 .6739983E-09
870 .6697832E-09
871 .6654517E-09
872 .6589525E-09
873 .6581868E-09
874 .6552011E-09
875 .6600634E-09
876 .6582866E-09
877 .6552326E-09
878 .6435903E-09
879 .6444376E-09
880 .6333695E-09
881 .6374975E-09
882 .6265598E-09
883 .6216758E-09
884 .6105037E-09
885 .5818909E-09
886 .5727944E-09
887 .5420629E-09
888 .5233054E-09
889 .5133723E-09
890 .4954170E-09
891 .4923020E-09
892 .4849158E-09
893 .4844093E-09
894 .4908307E-09
895 .4905677E-09
896 .4855403E-09
897 .4945570E-09
898 .4791395E-09
899 .4692029E-09
900 .4625735E-09
901 .4520884E-09
902 .4464225E-09
903 .4535378E-09
904 .4554703E-09
905 .4485932E-09
906 .4470245E-09
907 .4388579E-09
908 .4315113E-09
909 .4300010E-09
910 .4238393E-09
911 .4233531E-09
912 .4215395E-09
913 .4190744E-09
914 .4188335E-09
915 .4172411E-09
916 .4093065E-09
917 .4177468E-09
918 .4176935E-09
919 .4256686E-09
920 .4215092E-09
921 .4296651E-09
922 .4308427E-09
923 .4300772E-09
924 .4227724E-09
925 .4232853E-09
926 .4248032E-09
927 .4192320E-09
928 .4058765E-09
929 .3979590E-09
930 .3788151E-09
931 .3527623E-09
932 .3207960E-09
933 .3102837E-09
934 .2864723E-09
935 .2846285E-09
936 .2767780E-09
937 .2847403E-09
938 .2828384E-09
939 .3070833E-09
940 .3153734E-09
941 .3098848E-09
942 .3073725E-09
943 .2950495E-09
944 .2856845E-09
945 .2828692E-09
946 .2715947E-09
947 .2715112E-09
948 .2717631E-09
949 .2726145E-09
950 .2539040E-09
951 .2703486E-09
952 .2540730E-09
953 .2560417E-09
954 .2596648E-09
955 .2551903E-09
956 .2516583E-09
957 .2452256E-09
958 .2489263E-09
959 .2365347E-09
960 .2407365E-09
961 .2408346E-09
962 .2400540E-09
963 .2386383E-09
964 .2369447E-09
965 .2332940E-09
966 .2380579E-09
967 .2286274E-09
968 .2319120E-09
969 .2295454E-09
970 .2294574E-09
971 .2330712E-09
972 .2275742E-09
973 .2289262E-09
974 .2219730E-09
975 .2190701E-09
976 .2136235E-09
977 .2158457E-09
978 .2108876E-09
979 .2090336E-09
980 .2103088E-09
981 .2054146E-09
982 .2059697E-09
983 .2066674E-09
984 .2070553E-09
985 .2040607E-09
986 .2015871E-09
987 .1989512E-09
988 .2013819E-09
989 .1951237E-09
990 .1952586E-09
991 .1898995E-09
992 .1942779E-09
993 .1866181E-09
994 .1870790E-09
995 .1920683E-09
996 .1849872E-09
997 .1820601E-09
998 .1791597E-09
999 .1769670E-09
1000 .1754762E-09
1001 .1752962E-09
1002 .1751163E-09
1003 .1749363E-09
1004 .1747563E-09
1005 .1745765E-09
1006 .1743968E-09
1007 .1742168E-09
1008 .1740368E-09
1009 .1738568E-09
1010 .1736769E-09
1011 .1734971E-09
1012 .1733170E-09
1013 .1731369E-09
1014 .1729565E-09
1015 .1727765E-09
1016 .1725962E-09
1017 .1724158E-09
1018 .1722353E-09
1019 .1720548E-09
1020 .1718741E-09
1021 .1716935E-09
1022 .1715126E-09
1023 .1713314E-09
1024 .1711504E-09
1025 .1709692E-09
1026 .1707877E-09
1027 .1706060E-09
1028 .1704243E-09
1029 .1702425E-09
1030 .1700605E-09
1031 .1698780E-09
1032 .1696956E-09
1033 .1695132E-09
1034 .1693302E-09
1035 .1691472E-09
1036 .1689639E-09
1037 .1687804E-09
1038 .1685967E-09
1039 .1684128E-09
1040 .1682286E-09
1041 .1680443E-09
1042 .1678597E-09
1043 .1676747E-09
1044 .1674896E-09
1045 .1673040E-09
1046 .1671186E-09
1047 .1669328E-09
1048 .1667467E-09
1049 .1665602E-09
1050 .1663736E-09
1051 .1661869E-09
1052 .1659999E-09
1053 .1658128E-09
1054 .1656252E-09
1055 .1654377E-09
1056 .1652500E-09
1057 .1650620E-09
1058 .1648738E-09
1059 .1646851E-09
1060 .1644967E-09
1061 .1643082E-09
1062 .1641195E-09
1063 .1639303E-09
1064 .1637415E-09
1065 .1635521E-09
1066 .1633626E-09
1067 .1631730E-09
1068 .1629834E-09
1069 .1627938E-09
1070 .1626037E-09
1071 .1624135E-09
1072 .1622234E-09
1073 .1620332E-09
1074 .1618429E-09
1075 .1616522E-09
1076 .1614617E-09
1077 .1612709E-09
1078 .1610804E-09
1079 .1608894E-09
1080 .1606987E-09
1081 .1605077E-09
1082 .1603168E-09
1083 .1601256E-09
1084 .1599344E-09
1085 .1597432E-09
1086 .1595518E-09
1087 .1593608E-09
1088 .1591693E-09
1089 .1589782E-09
1090 .1587867E-09
1091 .1585953E-09
1092 .1584039E-09
1093 .1582125E-09
1094 .1580211E-09
1095 .1578295E-09
1096 .1576381E-09
1097 .1574468E-09
1098 .1572552E-09
1099 .1570639E-09
1100 .1568725E-09
1101 .1566812E-09
1102 .1564898E-09
1103 .1562986E-09
1104 .1561071E-09
1105 .1559159E-09
1106 .1557247E-09
1107 .1555336E-09
1108 .1553423E-09
1109 .1551515E-09
1110 .1549605E-09
1111 .1547695E-09
1112 .1545787E-09
1113 .1543880E-09
1114 .1541974E-09
1115 .1540068E-09
1116 .1538161E-09
1117 .1536257E-09
1118 .1534355E-09
1119 .1532452E-09
1120 .1530553E-09
1121 .1528650E-09
1122 .1526751E-09
1123 .1524854E-09
1124 .1522958E-09
1125 .1521063E-09
1126 .1519168E-09
1127 .1517276E-09
1128 .1515385E-09
1129 .1513495E-09
1130 .1511606E-09
1131 .1510348E-09
1132 .1509091E-09
1133 .1507833E-09
1134 .1506577E-09
1135 .1505319E-09
1136 .1504063E-09
1137 .1502810E-09
1138 .1501555E-09
1139 .1500302E-09
1140 .1499049E-09
1141 .1497797E-09
1142 .1496549E-09
1143 .1495297E-09
1144 .1494049E-09
1145 .1492801E-09
1146 .1491554E-09
1147 .1490309E-09
1148 .1489064E-09
1149 .1487821E-09
1150 .1486579E-09
1151 .1485337E-09
1152 .1484100E-09
1153 .1482861E-09
1154 .1481625E-09
1155 .1480388E-09
1156 .1479156E-09
1157 .1477921E-09
1158 .1476693E-09
1159 .1475463E-09
1160 .1474235E-09
1161 .1473010E-09
1162 .1471786E-09
1163 .1470563E-09
1164 .1469344E-09
1165 .1468125E-09
1166 .1466905E-09
1167 .1465691E-09
1168 .1464479E-09
1169 .1463269E-09
1170 .1462059E-09
1171 .1460852E-09
1172 .1459648E-09
1173 .1458444E-09
1174 .1457245E-09
1175 .1456046E-09
1176 .1454851E-09
1177 .1453656E-09
1178 .1452465E-09
1179 .1451276E-09
1180 .1450090E-09
1181 .1448905E-09
1182 .1447725E-09
1183 .1446545E-09
1184 .1445368E-09
1185 .1444195E-09
1186 .1443022E-09
1187 .1441855E-09
1188 .1440689E-09
1189 .1439525E-09
1190 .1438366E-09
1191 .1437207E-09
1192 .1436051E-09
1193 .1434900E-09
1194 .1433752E-09
1195 .1432607E-09
1196 .1431462E-09
1197 .1430324E-09
1198 .1429187E-09
1199 .1428055E-09
1200 .1426923E-09
1201 .1425795E-09
1202 .1424671E-09
1203 .1423551E-09
1204 .1422434E-09
1205 .1421320E-09
1206 .1420209E-09
1207 .1419102E-09
1208 .1417999E-09
1209 .1416899E-09
1210 .1415801E-09
1211 .1414709E-09
1212 .1413617E-09
1213 .1412532E-09
1214 .1411450E-09
1215 .1410373E-09
1216 .1409298E-09
1217 .1408226E-09
1218 .1407157E-09
1219 .1406097E-09
1220 .1405035E-09
1221 .1403981E-09
1222 .1402931E-09
1223 .1401882E-09
1224 .1400840E-09
1225 .1399800E-09
1226 .1398765E-09
1227 .1397732E-09
1228 .1396706E-09
1229 .1395683E-09
1230 .1394666E-09
1231 .1393652E-09
1232 .1392642E-09
1233 .1391637E-09
1234 .1390636E-09
1235 .1389638E-09
1236 .1388645E-09
1237 .1387657E-09
1238 .1386675E-09
1239 .1385696E-09
1240 .1384722E-09
1241 .1383754E-09
1242 .1382789E-09
1243 .1381830E-09
1244 .1380874E-09
1245 .1379924E-09
1246 .1378977E-09
1247 .1378036E-09
1248 .1377100E-09
1249 .1376169E-09
1250 .1375245E-09
1251 .1374965E-09
1252 .1374691E-09
1253 .1374420E-09
1254 .1374152E-09
1255 .1373885E-09
1256 .1373623E-09
1257 .1373364E-09
1258 .1373111E-09
1259 .1372858E-09
1260 .1372610E-09
1261 .1372363E-09
1262 .1372122E-09
1263 .1371884E-09
1264 .1371651E-09
1265 .1371421E-09
1266 .1371196E-09
1267 .1370973E-09
1268 .1370753E-09
1269 .1370537E-09
1270 .1370326E-09
1271 .1370121E-09
1272 .1369919E-09
1273 .1369719E-09
1274 .1369525E-09
1275 .1369334E-09
1276 .1369146E-09
1277 .1368964E-09
1278 .1368787E-09
1279 .1368613E-09
1280 .1368444E-09
1281 .1368281E-09
1282 .1368122E-09
1283 .1367965E-09
1284 .1367815E-09
1285 .1367666E-09
1286 .1367525E-09
1287 .1367389E-09
1288 .1367258E-09
1289 .1367128E-09
1290 .1367006E-09
1291 .1366887E-09
1292 .1366774E-09
1293 .1366663E-09
1294 .1366558E-09
1295 .1366459E-09
1296 .1366363E-09
1297 .1366273E-09
1298 .1366187E-09
1299 .1366104E-09
1300 .1366026E-09
1301 .1365953E-09
1302 .1365885E-09
1303 .1365821E-09
1304 .1365763E-09
1305 .1365709E-09
1306 .1365658E-09
1307 .1365613E-09
1308 .1365573E-09
1309 .1365535E-09
1310 .1365503E-09
1311 .1365477E-09
1312 .1365454E-09
1313 .1365433E-09
1314 .1365420E-09
1315 .1365411E-09
1316 .1365404E-09
1317 .1365406E-09
1318 .1365409E-09
1319 .1365416E-09
1320 .1365430E-09
1321 .1365447E-09
1322 .1365467E-09
1323 .1365494E-09
1324 .1365523E-09
1325 .1365557E-09
1326 .1365597E-09
1327 .1365639E-09
1328 .1365688E-09
1329 .1365738E-09
1330 .1365797E-09
1331 .1365857E-09
1332 .1365921E-09
1333 .1365989E-09
1334 .1366064E-09
1335 .1366141E-09
1336 .1366223E-09
1337 .1366311E-09
1338 .1366400E-09
1339 .1366496E-09
1340 .1366596E-09
1341 .1366698E-09
1342 .1366806E-09
1343 .1366919E-09
1344 .1367035E-09
1345 .1367155E-09
1346 .1367280E-09
1347 .1367409E-09
1348 .1367541E-09
1349 .1367677E-09
1350 .1367818E-09
1351 .1367965E-09
1352 .1368114E-09
1353 .1368268E-09
1354 .1368426E-09
1355 .1368587E-09
1356 .1368754E-09
1357 .1368922E-09
1358 .1369096E-09
1359 .1369275E-09
1360 .1369459E-09
1361 .1369643E-09
1362 .1369834E-09
1363 .1370028E-09
1364 .1370226E-09
1365 .1370429E-09
1366 .1370635E-09
1367 .1370846E-09
1368 .1371061E-09
1369 .1371279E-09
1370 .1371499E-09
1371 .1364507E-09
1372 .1357515E-09
1373 .1350525E-09
1374 .1343536E-09
1375 .1336547E-09
1376 .1329560E-09
1377 .1322574E-09
1378 .1315590E-09
1379 .1308605E-09
1380 .1301622E-09
1381 .1294641E-09
1382 .1287659E-09
1383 .1280680E-09
1384 .1273701E-09
1385 .1266722E-09
1386 .1259744E-09
1387 .1252764E-09
1388 .1245786E-09
1389 .1238810E-09
1390 .1231832E-09
1391 .1224855E-09
1392 .1217879E-09
1393 .1210901E-09
1394 .1203923E-09
1395 .1196946E-09
1396 .1189969E-09
1397 .1182992E-09
1398 .1176014E-09
1399 .1169035E-09
1400 .1162057E-09
1401 .1155078E-09
1402 .1148099E-09
1403 .1141118E-09
1404 .1134137E-09
1405 .1127154E-09
1406 .1120170E-09
1407 .1113186E-09
1408 .1106202E-09
1409 .1099216E-09
1410 .1092229E-09
1411 .1085241E-09
1412 .1078252E-09
1413 .1071260E-09
1414 .1064268E-09
1415 .1057276E-09
1416 .1050280E-09
1417 .1043284E-09
1418 .1036286E-09
1419 .1029284E-09
1420 .1022283E-09
1421 .1015279E-09
1422 .1008273E-09
1423 .1001267E-09
1424 .9942585E-10
1425 .9872459E-10
1426 .9802323E-10
1427 .9732170E-10
1428 .9661980E-10
1429 .9591786E-10
1430 .9521559E-10
1431 .9451305E-10
1432 .9381039E-10
1433 .9310738E-10
1434 .9240407E-10
1435 .9170048E-10
1436 .9099672E-10
1437 .9029252E-10
1438 .8958822E-10
1439 .8888345E-10
1440 .8817865E-10
1441 .8747322E-10
1442 .8676767E-10
1443 .8606177E-10
1444 .8535566E-10
1445 .8464904E-10
1446 .8394220E-10
1447 .8323491E-10
1448 .8252753E-10
1449 .8181954E-10
1450 .8111138E-10
1451 .8040275E-10
1452 .7969377E-10
1453 .7898446E-10
1454 .7827472E-10
1455 .7756464E-10
1456 .7685419E-10
1457 .7614337E-10
1458 .7543211E-10
1459 .7472047E-10
1460 .7400844E-10
1461 .7329587E-10
1462 .7258304E-10
1463 .7186977E-10
1464 .7115599E-10
1465 .7044188E-10
1466 .6972730E-10
1467 .6901223E-10
1468 .6829674E-10
1469 .6758079E-10
1470 .6686441E-10
1471 .6614753E-10
1472 .6543026E-10
1473 .6471241E-10
1474 .6399415E-10
1475 .6327544E-10
1476 .6255619E-10
1477 .6183649E-10
1478 .6111629E-10
1479 .6039552E-10
1480 .5967437E-10
1481 .5895266E-10
1482 .5823038E-10
1483 .5750763E-10
1484 .5678436E-10
1485 .5606050E-10
1486 .5533617E-10
1487 .5461133E-10
1488 .5388592E-10
1489 .5315996E-10
1490 .5243348E-10
1491 .5170646E-10
1492 .5097879E-10
1493 .5025062E-10
1494 .4952186E-10
1495 .4879254E-10
1496 .4806265E-10
1497 .4733218E-10
1498 .4660115E-10
1499 .4586946E-10
1500 .4513722E-10
1501 .4515708E-10
1502 .4517703E-10
1503 .4519700E-10
1504 .4521706E-10
1505 .4523716E-10
1506 .4525736E-10
1507 .4527758E-10
1508 .4529788E-10
1509 .4531824E-10
1510 .4533866E-10
1511 .4535912E-10
1512 .4537962E-10
1513 .4540022E-10
1514 .4542085E-10
1515 .4544156E-10
1516 .4546231E-10
1517 .4548311E-10
1518 .4550395E-10
1519 .4552485E-10
1520 .4554582E-10
1521 .4556683E-10
1522 .4558790E-10
1523 .4560901E-10
1524 .4563014E-10
1525 .4565134E-10
1526 .4567261E-10
1527 .4569390E-10
1528 .4571521E-10
1529 .4573661E-10
1530 .4575805E-10
1531 .4577953E-10
1532 .4580102E-10
1533 .4582258E-10
1534 .4584420E-10
1535 .4586581E-10
1536 .4588745E-10
1537 .4590918E-10
1538 .4593095E-10
1539 .4595269E-10
1540 .4597455E-10
1541 .4599642E-10
1542 .4601829E-10
1543 .4604022E-10
1544 .4606217E-10
1545 .4608415E-10
1546 .4610621E-10
1547 .4612824E-10
1548 .4615030E-10
1549 .4617245E-10
1550 .4619459E-10
1551 .4621673E-10
1552 .4623892E-10
1553 .4626115E-10
1554 .4628343E-10
1555 .4630565E-10
1556 .4632796E-10
1557 .4635028E-10
1558 .4637259E-10
1559 .4639499E-10
1560 .4641736E-10
1561 .4643975E-10
1562 .4646219E-10
1563 .4648459E-10
1564 .4650706E-10
1565 .4652954E-10
1566 .4655202E-10
1567 .4657450E-10
1568 .4659704E-10
1569 .4661958E-10
1570 .4664210E-10
1571 .4666464E-10
1572 .4668721E-10
1573 .4670979E-10
1574 .4673237E-10
1575 .4675495E-10
1576 .4677755E-10
1577 .4680018E-10
1578 .4682278E-10
1579 .4684537E-10
1580 .4686799E-10
1581 .4689063E-10
1582 .4691328E-10
1583 .4693589E-10
1584 .4695854E-10
1585 .4698115E-10
1586 .4700377E-10
1587 .4702642E-10
1588 .4704904E-10
1589 .4707167E-10
1590 .4709429E-10
1591 .4711688E-10
1592 .4713951E-10
1593 .4716213E-10
1594 .4718471E-10
1595 .4720734E-10
1596 .4722989E-10
1597 .4725245E-10
1598 .4727497E-10
1599 .4729755E-10
1600 .4732009E-10
1601 .4734262E-10
1602 .4736513E-10
1603 .4738762E-10
1604 .4741012E-10
1605 .4743258E-10
1606 .4745502E-10
1607 .4747744E-10
1608 .4749988E-10
1609 .4752227E-10
1610 .4754462E-10
1611 .4756694E-10
1612 .4758930E-10
1613 .4761160E-10
1614 .4763386E-10
1615 .4765613E-10
1616 .4767837E-10
1617 .4770057E-10
1618 .4772273E-10
1619 .4774486E-10
1620 .4776699E-10
1621 .4778911E-10
1622 .4781119E-10
1623 .4783318E-10
1624 .4785520E-10
1625 .4787717E-10
1626 .4788706E-10
1627 .4789698E-10
1628 .4790684E-10
1629 .4791669E-10
1630 .4792646E-10
1631 .4793625E-10
1632 .4794603E-10
1633 .4795579E-10
1634 .4796548E-10
1635 .4797513E-10
1636 .4798476E-10
1637 .4799435E-10
1638 .4800396E-10
1639 .4801349E-10
1640 .4802298E-10
1641 .4803245E-10
1642 .4804188E-10
1643 .4805128E-10
1644 .4806062E-10
1645 .4806993E-10
1646 .4807923E-10
1647 .4808845E-10
1648 .4809764E-10
1649 .4810681E-10
1650 .4811592E-10
1651 .4812496E-10
1652 .4813397E-10
1653 .4814294E-10
1654 .4815188E-10
1655 .4816075E-10
1656 .4816958E-10
1657 .4817838E-10
1658 .4818709E-10
1659 .4819577E-10
1660 .4820440E-10
1661 .4821301E-10
1662 .4822146E-10
1663 .4822995E-10
1664 .4823836E-10
1665 .4824669E-10
1666 .4825498E-10
1667 .4826322E-10
1668 .4827140E-10
1669 .4827952E-10
1670 .4828759E-10
1671 .4829557E-10
1672 .4830351E-10
1673 .4831136E-10
1674 .4831915E-10
1675 .4832693E-10
1676 .4833458E-10
1677 .4834218E-10
1678 .4834971E-10
1679 .4835720E-10
1680 .4836459E-10
1681 .4837192E-10
1682 .4837918E-10
1683 .4838638E-10
1684 .4839352E-10
1685 .4840055E-10
1686 .4840752E-10
1687 .4841444E-10
1688 .4842126E-10
1689 .4842807E-10
1690 .4843471E-10
1691 .4844139E-10
1692 .4844793E-10
1693 .4845445E-10
1694 .4846088E-10
1695 .4846722E-10
1696 .4847352E-10
1697 .4847975E-10
1698 .4848592E-10
1699 .4849200E-10
1700 .4849801E-10
1701 .4850396E-10
1702 .4850986E-10
1703 .4851570E-10
1704 .4852143E-10
1705 .4852712E-10
1706 .4853275E-10
1707 .4853829E-10
1708 .4854376E-10
1709 .4854921E-10
1710 .4855459E-10
1711 .4855984E-10
1712 .4856506E-10
1713 .4857023E-10
1714 .4857533E-10
1715 .4858036E-10
1716 .4858535E-10
1717 .4859023E-10
1718 .4859509E-10
1719 .4859985E-10
1720 .4860456E-10
1721 .4860919E-10
1722 .4861378E-10
1723 .4861829E-10
1724 .4862273E-10
1725 .4862714E-10
1726 .4863148E-10
1727 .4863572E-10
1728 .4863993E-10
1729 .4864404E-10
1730 .4864814E-10
1731 .4865216E-10
1732 .4865611E-10
1733 .4865999E-10
1734 .4866383E-10
1735 .4866761E-10
1736 .4867126E-10
1737 .4867491E-10
1738 .4867849E-10
1739 .4868203E-10
1740 .4868547E-10
1741 .4868890E-10
1742 .4869218E-10
1743 .4869552E-10
1744 .4869872E-10
1745 .4870192E-10
1746 .4870499E-10
1747 .4870801E-10
1748 .4871098E-10
1749 .4871393E-10
1750 .4871676E-10
1751 .4871957E-10
1752 .4872232E-10
1753 .4872500E-10
1754 .4872761E-10
1755 .4873020E-10
1756 .4873272E-10
1757 .4873511E-10
1758 .4873754E-10
1759 .4873985E-10
1760 .4874214E-10
1761 .4874435E-10
1762 .4874654E-10
1763 .4874860E-10
1764 .4875064E-10
1765 .4875265E-10
1766 .4875458E-10
1767 .4875648E-10
1768 .4875830E-10
1769 .4876003E-10
1770 .4876177E-10
1771 .4876339E-10
1772 .4876503E-10
1773 .4876658E-10
1774 .4876803E-10
1775 .4876948E-10
1776 .4877084E-10
1777 .4877219E-10
1778 .4877342E-10
1779 .4877465E-10
1780 .4877584E-10
1781 .4877688E-10
1782 .4877794E-10
1783 .4877897E-10
1784 .4877991E-10
1785 .4878083E-10
1786 .4878167E-10
1787 .4878241E-10
1788 .4878314E-10
1789 .4878385E-10
1790 .4878443E-10
1791 .4878504E-10
1792 .4878556E-10
1793 .4878598E-10
1794 .4878645E-10
1795 .4878683E-10
1796 .4878712E-10
1797 .4878739E-10
1798 .4878763E-10
1799 .4878775E-10
1800 .4878786E-10
1801 .4865000E-10
1802 .4851211E-10
1803 .4837414E-10
1804 .4823616E-10
1805 .4809809E-10
1806 .4795998E-10
1807 .4782186E-10
1808 .4768368E-10
1809 .4754543E-10
1810 .4740717E-10
1811 .4726879E-10
1812 .4713041E-10
1813 .4699201E-10
1814 .4685356E-10
1815 .4671502E-10
1816 .4657650E-10
1817 .4643792E-10
1818 .4629926E-10
1819 .4616064E-10
1820 .4602187E-10
1821 .4588312E-10
1822 .4574434E-10
1823 .4560551E-10
1824 .4546663E-10
1825 .4532774E-10
1826 .4518878E-10
1827 .4504981E-10
1828 .4491079E-10
1829 .4477176E-10
1830 .4463265E-10
1831 .4449354E-10
1832 .4435441E-10
1833 .4421522E-10
1834 .4407601E-10
1835 .4393673E-10
1836 .4379748E-10
1837 .4365814E-10
1838 .4351881E-10
1839 .4337940E-10
1840 .4324001E-10
1841 .4310063E-10
1842 .4296115E-10
1843 .4282166E-10
1844 .4268217E-10
1845 .4254264E-10
1846 .4240306E-10
1847 .4226348E-10
1848 .4212385E-10
1849 .4198421E-10
1850 .4184455E-10
1851 .4170486E-10
1852 .4156515E-10
1853 .4142541E-10
1854 .4128563E-10
1855 .4114588E-10
1856 .4100607E-10
1857 .4086628E-10
1858 .4072643E-10
1859 .4058657E-10
1860 .4044668E-10
1861 .4030678E-10
1862 .4016687E-10
1863 .4002695E-10
1864 .3988698E-10
1865 .3974704E-10
1866 .3960704E-10
1867 .3946706E-10
1868 .3932705E-10
1869 .3918700E-10
1870 .3904694E-10
1871 .3890691E-10
1872 .3876685E-10
1873 .3862678E-10
1874 .3848666E-10
1875 .3834654E-10
1876 .3820643E-10
1877 .3806628E-10
1878 .3792617E-10
1879 .3778601E-10
1880 .3764587E-10
1881 .3750566E-10
1882 .3736552E-10
1883 .3722531E-10
1884 .3708515E-10
1885 .3694490E-10
1886 .3680472E-10
1887 .3666448E-10
1888 .3652425E-10
1889 .3638403E-10
1890 .3624380E-10
1891 .3610358E-10
1892 .3596333E-10
1893 .3582308E-10
1894 .3568284E-10
1895 .3554256E-10
1896 .3540229E-10
1897 .3526206E-10
1898 .3512179E-10
1899 .3498154E-10
1900 .3484128E-10
1901 .3470102E-10
1902 .3456075E-10
1903 .3442045E-10
1904 .3428023E-10
1905 .3413997E-10
1906 .3399967E-10
1907 .3385944E-10
1908 .3371915E-10
1909 .3357892E-10
1910 .3343867E-10
1911 .3329841E-10
1912 .3315815E-10
1913 .3301790E-10
1914 .3287767E-10
1915 .3273745E-10
1916 .3259722E-10
1917 .3245700E-10
1918 .3231677E-10
1919 .3217657E-10
1920 .3203637E-10
1921 .3189616E-10
1922 .3175598E-10
1923 .3161580E-10
1924 .3147562E-10
1925 .3133543E-10
1926 .3119528E-10
1927 .3105513E-10
1928 .3091501E-10
1929 .3077488E-10
1930 .3063475E-10
1931 .3049467E-10
1932 .3035459E-10
1933 .3021449E-10
1934 .3007440E-10
1935 .2993437E-10
1936 .2979431E-10
1937 .2965425E-10
1938 .2951422E-10
1939 .2937424E-10
1940 .2923423E-10
1941 .2909426E-10
1942 .2895429E-10
1943 .2881432E-10
1944 .2867438E-10
1945 .2853448E-10
1946 .2839456E-10
1947 .2825467E-10
1948 .2811480E-10
1949 .2797495E-10
1950 .2783510E-10
1951 .2769528E-10
1952 .2755546E-10
1953 .2741568E-10
1954 .2727591E-10
1955 .2713616E-10
1956 .2699643E-10
1957 .2685671E-10
1958 .2671703E-10
1959 .2657735E-10
1960 .2643770E-10
1961 .2629804E-10
1962 .2615843E-10
1963 .2601885E-10
1964 .2587925E-10
1965 .2573973E-10
1966 .2560021E-10
1967 .2546071E-10
1968 .2532120E-10
1969 .2518173E-10
1970 .2504233E-10
1971 .2490291E-10
1972 .2476353E-10
1973 .2462416E-10
1974 .2448485E-10
1975 .2434551E-10
1976 .2420622E-10
1977 .2406697E-10
1978 .2392773E-10
1979 .2378853E-10
1980 .2364935E-10
1981 .2351020E-10
1982 .2337108E-10
1983 .2323197E-10
1984 .2309291E-10
1985 .2295386E-10
1986 .2281487E-10
1987 .2267588E-10
1988 .2253694E-10
1989 .2239800E-10
1990 .2225910E-10
1991 .2212024E-10
1992 .2198140E-10
1993 .2184261E-10
1994 .2170383E-10
1995 .2156509E-10
1996 .2142642E-10
1997 .2128773E-10
1998 .2114909E-10
1999 .2101046E-10
2000 .2087189E-10
2001 .2073334E-10
2002 .2059484E-10
2003 .2045634E-10
2004 .2031790E-10
2005 .2017947E-10
2006 .2004111E-10
2007 .1990276E-10
2008 .1976445E-10
2009 .1962617E-10
2010 .1948792E-10
2011 .1948524E-10
2012 .1948259E-10
2013 .1947991E-10
2014 .1947724E-10
2015 .1947455E-10
2016 .1947187E-10
2017 .1946919E-10
2018 .1946653E-10
2019 .1946382E-10
2020 .1946114E-10
2021 .1945847E-10
2022 .1945577E-10
2023 .1945307E-10
2024 .1945039E-10
2025 .1944769E-10
2026 .1944500E-10
2027 .1944232E-10
2028 .1943963E-10
2029 .1943695E-10
2030 .1943425E-10
2031 .1943158E-10
2032 .1942889E-10
2033 .1942620E-10
2034 .1942349E-10
2035 .1942083E-10
2036 .1941814E-10
2037 .1941546E-10
2038 .1941279E-10
2039 .1941011E-10
2040 .1940742E-10
2041 .1940474E-10
2042 .1940206E-10
2043 .1939940E-10
2044 .1939673E-10
2045 .1939406E-10
2046 .1939140E-10
2047 .1938874E-10
2048 .1938609E-10
2049 .1938343E-10
2050 .1938077E-10
2051 .1937810E-10
2052 .1937548E-10
2053 .1937281E-10
2054 .1937019E-10
2055 .1936757E-10
2056 .1936492E-10
2057 .1936228E-10
2058 .1935967E-10
2059 .1935705E-10
2060 .1935444E-10
2061 .1935183E-10
2062 .1934922E-10
2063 .1934661E-10
2064 .1934403E-10
2065 .1934141E-10
2066 .1933885E-10
2067 .1933627E-10
2068 .1933369E-10
2069 .1933111E-10
2070 .1932855E-10
2071 .1932599E-10
2072 .1932343E-10
2073 .1932089E-10
2074 .1931835E-10
2075 .1931582E-10
2076 .1931330E-10
2077 .1931079E-10
2078 .1930825E-10
2079 .1930576E-10
2080 .1930324E-10
2081 .1930078E-10
2082 .1929828E-10
2083 .1929581E-10
2084 .1929335E-10
2085 .1929090E-10
2086 .1928844E-10
2087 .1928599E-10
2088 .1928355E-10
2089 .1928112E-10
2090 .1927869E-10
2091 .1927629E-10
2092 .1927389E-10
2093 .1927151E-10
2094 .1926911E-10
2095 .1926674E-10
2096 .1926438E-10
2097 .1926201E-10
2098 .1925967E-10
2099 .1925734E-10
2100 .1925501E-10
2101 .1925270E-10
2102 .1925040E-10
2103 .1924809E-10
2104 .1924581E-10
2105 .1924355E-10
2106 .1924127E-10
2107 .1923901E-10
2108 .1923677E-10
2109 .1923452E-10
2110 .1923232E-10
2111 .1923012E-10
2112 .1922792E-10
2113 .1922571E-10
2114 .1922356E-10
2115 .1922141E-10
2116 .1921923E-10
2117 .1921711E-10
2118 .1921499E-10
2119 .1921284E-10
2120 .1921078E-10
2121 .1920868E-10
2122 .1920660E-10
2123 .1920455E-10
2124 .1920248E-10
2125 .1920045E-10
2126 .1919843E-10
2127 .1919642E-10
2128 .1919443E-10
2129 .1919244E-10
2130 .1919047E-10
2131 .1918852E-10
2132 .1918658E-10
2133 .1918466E-10
2134 .1918275E-10
2135 .1918086E-10
2136 .1917898E-10
2137 .1917711E-10
2138 .1917524E-10
2139 .1917341E-10
2140 .1917159E-10
2141 .1916980E-10
2142 .1916800E-10
2143 .1916623E-10
2144 .1916446E-10
2145 .1916273E-10
2146 .1916100E-10
2147 .1915929E-10
2148 .1915760E-10
2149 .1915593E-10
2150 .1915426E-10
2151 .1915261E-10
2152 .1915097E-10
2153 .1914937E-10
2154 .1914775E-10
2155 .1914619E-10
2156 .1914464E-10
2157 .1914309E-10
2158 .1914157E-10
2159 .1914005E-10
2160 .1913857E-10
2161 .1913711E-10
2162 .1913565E-10
2163 .1913423E-10
2164 .1913280E-10
2165 .1913142E-10
2166 .1913003E-10
2167 .1912866E-10
2168 .1912731E-10
2169 .1912600E-10
2170 .1912471E-10
2171 .1912344E-10
2172 .1912217E-10
2173 .1912092E-10
2174 .1911969E-10
2175 .1911849E-10
2176 .1911732E-10
2177 .1911614E-10
2178 .1911501E-10
2179 .1911387E-10
2180 .1911279E-10
2181 .1911170E-10
2182 .1911064E-10
2183 .1910960E-10
2184 .1910857E-10
2185 .1910760E-10
2186 .1910661E-10
2187 .1910567E-10
2188 .1910473E-10
2189 .1910382E-10
2190 .1910291E-10
2191 .1910207E-10
2192 .1910122E-10
2193 .1910040E-10
2194 .1909962E-10
2195 .1909884E-10
2196 .1909809E-10
2197 .1909734E-10
2198 .1909663E-10
2199 .1909595E-10
2200 .1909528E-10
2201 .1909466E-10
2202 .1909404E-10
2203 .1909343E-10
2204 .1909287E-10
2205 .1909233E-10
2206 .1909182E-10
2207 .1909132E-10
2208 .1909085E-10
2209 .1909041E-10
2210 .1909000E-10
2211 .1908959E-10
2212 .1908922E-10
2213 .1908888E-10
2214 .1908853E-10
2215 .1908827E-10
2216 .1908798E-10
2217 .1908774E-10
2218 .1908753E-10
2219 .1908732E-10
2220 .1908717E-10
2221 .1908703E-10
2222 .1908691E-10
2223 .1908682E-10
2224 .1908676E-10
2225 .1908673E-10
2226 .1908672E-10
2227 .1908672E-10
2228 .1908678E-10
2229 .1908686E-10
2230 .1908696E-10
2231 .1908710E-10
2232 .1908725E-10
2233 .1908744E-10
2234 .1908765E-10
2235 .1908788E-10
2236 .1908817E-10
2237 .1908846E-10
2238 .1908877E-10
2239 .1908912E-10
2240 .1908951E-10
2241 .1908991E-10
2242 .1909035E-10
2243 .1909082E-10
2244 .1909131E-10
2245 .1909184E-10
2246 .1909238E-10
2247 .1909295E-10
2248 .1909356E-10
2249 .1909420E-10
2250 .1909485E-10
2251 .1909553E-10
2252 .1909623E-10
2253 .1909697E-10
2254 .1909775E-10
2255 .1909853E-10
2256 .1909937E-10
2257 .1910019E-10
2258 .1910105E-10
2259 .1910197E-10
2260 .1910288E-10
2261 .1910384E-10
2262 .1910481E-10
2263 .1910580E-10
2264 .1910683E-10
2265 .1910788E-10
2266 .1910896E-10
2267 .1911006E-10
2268 .1911120E-10
2269 .1911235E-10
2270 .1911350E-10
2271 .1911470E-10
2272 .1911593E-10
2273 .1911719E-10
2274 .1911847E-10
2275 .1911978E-10
2276 .1912110E-10
2277 .1912244E-10
2278 .1912381E-10
2279 .1912521E-10
2280 .1912664E-10
2281 .1912808E-10
2282 .1912954E-10
2283 .1913105E-10
2284 .1913255E-10
2285 .1913410E-10
2286 .1913566E-10
2287 .1913725E-10
2288 .1913887E-10
2289 .1914050E-10
2290 .1914214E-10
2291 .1914382E-10
2292 .1914552E-10
2293 .1914724E-10
2294 .1914897E-10
2295 .1915073E-10
2296 .1915256E-10
2297 .1915437E-10
2298 .1915622E-10
2299 .1915805E-10
2300 .1915994E-10
2301 .1916182E-10
2302 .1916377E-10
2303 .1916570E-10
2304 .1916765E-10
2305 .1916965E-10
2306 .1917166E-10
2307 .1917370E-10
2308 .1917573E-10
2309 .1917782E-10
2310 .1917989E-10
2311 .1918201E-10
2312 .1918414E-10
2313 .1918629E-10
2314 .1918847E-10
2315 .1919067E-10
2316 .1919289E-10
2317 .1919512E-10
2318 .1919738E-10
2319 .1919965E-10
2320 .1920194E-10
2321 .1920426E-10
2322 .1920658E-10
2323 .1920894E-10
2324 .1921132E-10
2325 .1921371E-10
2326 .1921613E-10
2327 .1921855E-10
2328 .1922101E-10
2329 .1922347E-10
2330 .1922595E-10
2331 .1922846E-10
2332 .1923100E-10
2333 .1923353E-10
2334 .1923611E-10
2335 .1923867E-10
2336 .1924128E-10
2337 .1924391E-10
2338 .1924653E-10
2339 .1924917E-10
2340 .1925186E-10
2341 .1925455E-10
2342 .1925725E-10
2343 .1925996E-10
2344 .1926271E-10
2345 .1926546E-10
2346 .1926825E-10
2347 .1927104E-10
2348 .1927383E-10
2349 .1927669E-10
2350 .1927951E-10
2351 .1928238E-10
2352 .1928525E-10
2353 .1928814E-10
2354 .1929106E-10
2355 .1929398E-10
2356 .1929692E-10
2357 .1929988E-10
2358 .1930284E-10
2359 .1930584E-10
2360 .1930883E-10
2361 .1931186E-10
2362 .1931491E-10
2363 .1931794E-10
2364 .1932100E-10
2365 .1932409E-10
2366 .1932719E-10
2367 .1933032E-10
2368 .1933343E-10
2369 .1933657E-10
2370 .1933972E-10
2371 .1934292E-10
2372 .1934609E-10
2373 .1934930E-10
2374 .1935250E-10
2375 .1935572E-10
2376 .1935896E-10
2377 .1936223E-10
2378 .1936550E-10
2379 .1936878E-10
2380 .1937209E-10
2381 .1937539E-10
2382 .1937871E-10
2383 .1938205E-10
2384 .1938541E-10
2385 .1938876E-10
2386 .1939216E-10
2387 .1939553E-10
2388 .1939894E-10
2389 .1940235E-10
2390 .1940578E-10
2391 .1940920E-10
2392 .1941267E-10
2393 .1941615E-10
2394 .1941964E-10
2395 .1942312E-10
2396 .1942663E-10
2397 .1943014E-10
2398 .1943367E-10
2399 .1943720E-10
2400 .1944075E-10
2401 .1944432E-10
2402 .1944788E-10
2403 .1945146E-10
2404 .1945508E-10
2405 .1945867E-10
2406 .1946229E-10
2407 .1946592E-10
2408 .1946956E-10
2409 .1947321E-10
2410 .1947687E-10
2411 .1948053E-10
2412 .1948422E-10
2413 .1948791E-10
2414 .1949161E-10
2415 .1949533E-10
2416 .1949905E-10
2417 .1950279E-10
2418 .1950653E-10
2419 .1951028E-10
2420 .1951403E-10
2421 .1951781E-10
2422 .1952157E-10
2423 .1952536E-10
2424 .1952917E-10
2425 .1953297E-10
2426 .1953678E-10
2427 .1954059E-10
2428 .1954444E-10
2429 .1954829E-10
2430 .1955215E-10
2431 .1955600E-10
2432 .1955987E-10
2433 .1956373E-10
2434 .1956762E-10
2435 .1957151E-10
2436 .1957542E-10
2437 .1957931E-10
2438 .1958320E-10
2439 .1958715E-10
2440 .1959108E-10
2441 .1959501E-10
2442 .1959897E-10
2443 .1960290E-10
2444 .1960686E-10
2445 .1961084E-10
2446 .1961477E-10
2447 .1961878E-10
2448 .1962277E-10
2449 .1962675E-10
2450 .1963076E-10
2451 .1963476E-10
2452 .1963876E-10
2453 .1964278E-10
2454 .1964681E-10
2455 .1965081E-10
2456 .1965484E-10
2457 .1965890E-10
2458 .1966292E-10
2459 .1966699E-10
2460 .1967106E-10
2461 .1967508E-10
2462 .1967917E-10
2463 .1968322E-10
2464 .1968732E-10
2465 .1969140E-10
2466 .1969548E-10
2467 .1969957E-10
2468 .1970365E-10
2469 .1970774E-10
2470 .1971185E-10
2471 .1971597E-10
2472 .1972005E-10
2473 .1972418E-10
2474 .1972830E-10
2475 .1973241E-10
2476 .1973654E-10
2477 .1974067E-10
2478 .1974481E-10
2479 .1974894E-10
2480 .1975309E-10
2481 .1975723E-10
2482 .1976136E-10
2483 .1976552E-10
2484 .1976966E-10
2485 .1977381E-10
2486 .1977796E-10
2487 .1978210E-10
2488 .1978630E-10
2489 .1979045E-10
2490 .1979460E-10
2491 .1979878E-10
2492 .1980294E-10
2493 .1980712E-10
2494 .1981128E-10
2495 .1981545E-10
2496 .1981963E-10
2497 .1982381E-10
2498 .1982798E-10
2499 .1983214E-10
2500 .1983633E-10
