  5.0    1000.00   .7106220E-16
  5.0    1010.00   .2669510E-15
  5.0    1020.00   .6768576E-15
  5.0    1030.00   .1410080E-14
  5.0    1040.00   .2604025E-14
  5.0    1050.00   .4427877E-14
  5.0    1060.00   .7086789E-14
  5.0    1070.00   .1082655E-13
  5.0    1080.00   .1593885E-13
  5.0    1090.00   .2276691E-13
  5.0    1100.00   .3171153E-13
  5.0    1110.00   .4323746E-13
  5.0    1120.00   .5787955E-13
  5.0    1130.00   .7624922E-13
  5.0    1140.00   .9903972E-13
  5.0    1150.00   .1270319E-12
  5.0    1160.00   .1610969E-12
  5.0    1170.00   .2021986E-12
  5.0    1180.00   .2513939E-12
  5.0    1190.00   .3098277E-12
  5.0    1200.00   .3787259E-12
  5.0    1210.00   .4593814E-12
  5.0    1220.00   .5531324E-12
  5.0    1230.00   .6613362E-12
  5.0    1240.00   .7853256E-12
  5.0    1250.00   .9263575E-12
  5.0    1260.00   .1085555E-11
  5.0    1270.00   .1263900E-11
  5.0    1280.00   .1462249E-11
  5.0    1290.00   .1681311E-11
  5.0    1300.00   .1921664E-11
  5.0    1310.00   .2183766E-11
  5.0    1320.00   .2467975E-11
  5.0    1330.00   .2774605E-11
  5.0    1340.00   .3103956E-11
  5.0    1350.00   .3456404E-11
  5.0    1360.00   .3832456E-11
  5.0    1370.00   .4232849E-11
  5.0    1380.00   .4658568E-11
  5.0    1390.00   .5109338E-11
  5.0    1400.00   .5583093E-11
  5.0    1410.00   .6077125E-11
  5.0    1420.00   .6588159E-11
  5.0    1430.00   .7112346E-11
  5.0    1440.00   .7645270E-11
  5.0    1450.00   .8181988E-11
  5.0    1460.00   .8717056E-11
  5.0    1470.00   .9244575E-11
  5.0    1480.00   .9758255E-11
  5.0    1490.00   .1025147E-10
  5.0    1500.00   .1071733E-10
  5.0    1510.00   .1114977E-10
  5.0    1520.00   .1154678E-10
  5.0    1530.00   .1190778E-10
  5.0    1540.00   .1223258E-10
  5.0    1550.00   .1252144E-10
  5.0    1560.00   .1277499E-10
  5.0    1570.00   .1299417E-10
  5.0    1580.00   .1318026E-10
  5.0    1590.00   .1333479E-10
  5.0    1600.00   .1345954E-10
  5.0    1610.00   .1355653E-10
  5.0    1620.00   .1362792E-10
  5.0    1630.00   .1367606E-10
  5.0    1640.00   .1370344E-10
  5.0    1650.00   .1371264E-10
  5.0    1660.00   .1370635E-10
  5.0    1670.00   .1368734E-10
  5.0    1680.00   .1365843E-10
  5.0    1690.00   .1362251E-10
  5.0    1700.00   .1358251E-10
  5.0    1710.00   .1354142E-10
  5.0    1720.00   .1350224E-10
  5.0    1730.00   .1346804E-10
  5.0    1740.00   .1344195E-10
  5.0    1750.00   .1342716E-10
  5.0    1760.00   .1342633E-10
  5.0    1770.00   .1343981E-10
  5.0    1780.00   .1346735E-10
  5.0    1790.00   .1350874E-10
  5.0    1800.00   .1356379E-10
  5.0    1810.00   .1363233E-10
  5.0    1820.00   .1371420E-10
  5.0    1830.00   .1380926E-10
  5.0    1840.00   .1391738E-10
  5.0    1850.00   .1403842E-10
  5.0    1860.00   .1417229E-10
  5.0    1870.00   .1431885E-10
  5.0    1880.00   .1447798E-10
  5.0    1890.00   .1464957E-10
  5.0    1900.00   .1483348E-10
  5.0    1910.00   .1502957E-10
  5.0    1920.00   .1523770E-10
  5.0    1930.00   .1545768E-10
  5.0    1940.00   .1568932E-10
  5.0    1950.00   .1593242E-10
  5.0    1960.00   .1618671E-10
  5.0    1970.00   .1645192E-10
  5.0    1980.00   .1672774E-10
  5.0    1990.00   .1701381E-10
  5.0    2000.00   .1730972E-10
  5.0    2010.00   .1761514E-10
  5.0    2020.00   .1793005E-10
  5.0    2030.00   .1825453E-10
  5.0    2040.00   .1858864E-10
  5.0    2050.00   .1893245E-10
  5.0    2060.00   .1928599E-10
  5.0    2070.00   .1964932E-10
  5.0    2080.00   .2002246E-10
  5.0    2090.00   .2040545E-10
  5.0    2100.00   .2079831E-10
  5.0    2110.00   .2120106E-10
  5.0    2120.00   .2161373E-10
  5.0    2130.00   .2203630E-10
  5.0    2140.00   .2246880E-10
  5.0    2150.00   .2291126E-10
  5.0    2160.00   .2336365E-10
  5.0    2170.00   .2382601E-10
  5.0    2180.00   .2429835E-10
  5.0    2190.00   .2478066E-10
  5.0    2200.00   .2527299E-10
  5.0    2210.00   .2577533E-10
  5.0    2220.00   .2628774E-10
  5.0    2230.00   .2681023E-10
  5.0    2240.00   .2734284E-10
  5.0    2250.00   .2788564E-10
  5.0    2260.00   .2843845E-10
  5.0    2270.00   .2900024E-10
  5.0    2280.00   .2956969E-10
  5.0    2290.00   .3014540E-10
  5.0    2300.00   .3072589E-10
  5.0    2310.00   .3130959E-10
  5.0    2320.00   .3189485E-10
  5.0    2330.00   .3247996E-10
  5.0    2340.00   .3306307E-10
  5.0    2350.00   .3364233E-10
  5.0    2360.00   .3421572E-10
  5.0    2370.00   .3478119E-10
  5.0    2380.00   .3533663E-10
  5.0    2390.00   .3587982E-10
  5.0    2400.00   .3640850E-10
  5.0    2410.00   .3692034E-10
  5.0    2420.00   .3741293E-10
  5.0    2430.00   .3788386E-10
  5.0    2440.00   .3833062E-10
  5.0    2450.00   .3875072E-10
  5.0    2460.00   .3914161E-10
  5.0    2470.00   .3950073E-10
  5.0    2480.00   .3982552E-10
  5.0    2490.00   .4011344E-10
  5.0    2500.00   .4036196E-10
  5.0    2510.00   .3404650E-10
  5.0    2520.00   .4202726E-10
  5.0    2530.00   .3052656E-10
  5.0    2540.00   .2097219E-10
  5.0    2550.00   .2414444E-10
  5.0    2560.00   .3422686E-10
  5.0    2570.00   .3426103E-10
  5.0    2580.00   .3736554E-10
  5.0    2590.00   .4176049E-10
  5.0    2600.00   .4570100E-10
  5.0    2610.00   .5553642E-10
  5.0    2620.00   .5213540E-10
  5.0    2630.00   .5136984E-10
  5.0    2640.00   .4977480E-10
  5.0    2650.00   .6569674E-10
  5.0    2660.00   .6710693E-10
  5.0    2670.00   .6938736E-10
  5.0    2680.00   .7619787E-10
  5.0    2690.00   .7456577E-10
  5.0    2700.00   .8279274E-10
  5.0    2710.00   .8749305E-10
  5.0    2720.00   .9000804E-10
  5.0    2730.00   .9060741E-10
  5.0    2740.00   .9959090E-10
  5.0    2750.00   .1044576E-09
  5.0    2760.00   .9722872E-10
  5.0    2770.00   .9197080E-10
  5.0    2780.00   .1069793E-09
  5.0    2790.00   .1258727E-09
  5.0    2800.00   .1490790E-09
  5.0    2810.00   .1764035E-09
  5.0    2820.00   .2007536E-09
  5.0    2830.00   .2261696E-09
  5.0    2840.00   .2484842E-09
  5.0    2850.00   .2539297E-09
  5.0    2860.00   .2651309E-09
  5.0    2870.00   .2567408E-09
  5.0    2880.00   .2653741E-09
  5.0    2890.00   .2465990E-09
  5.0    2900.00   .2528180E-09
  5.0    2910.00   .2627438E-09
  5.0    2920.00   .2680654E-09
  5.0    2930.00   .2697213E-09
  5.0    2940.00   .2690727E-09
  5.0    2950.00   .2718254E-09
  5.0    2960.00   .2631607E-09
  5.0    2970.00   .2872369E-09
  5.0    2980.00   .3226597E-09
  5.0    2990.00   .3314447E-09
  5.0    3000.00   .3414632E-09
  5.0    3010.00   .3539596E-09
  5.0    3020.00   .3968473E-09
  5.0    3030.00   .4405612E-09
  5.0    3040.00   .4720796E-09
  5.0    3050.00   .4945222E-09
  5.0    3060.00   .5042239E-09
  5.0    3070.00   .5117545E-09
  5.0    3080.00   .5228464E-09
  5.0    3090.00   .4755986E-09
  5.0    3100.00   .4662281E-09
  5.0    3110.00   .4286339E-09
  5.0    3120.00   .4039055E-09
  5.0    3130.00   .4500930E-09
  5.0    3140.00   .4285829E-09
  5.0    3150.00   .3366604E-09
  5.0    3160.00   .4036661E-09
  5.0    3170.00   .4253818E-09
  5.0    3180.00   .3754135E-09
  5.0    3190.00   .3558116E-09
  5.0    3200.00   .4054586E-09
  5.0    3210.00   .3196173E-09
  5.0    3220.00   .3414972E-09
  5.0    3230.00   .2605136E-09
  5.0    3240.00   .2653407E-09
  5.0    3250.00   .2577645E-09
  5.0    3260.00   .2434670E-09
  5.0    3270.00   .2465357E-09
  5.0    3280.00   .2650392E-09
  5.0    3290.00   .2872144E-09
  5.0    3300.00   .3125544E-09
  5.0    3310.00   .3376537E-09
  5.0    3320.00   .3786516E-09
  5.0    3330.00   .3989770E-09
  5.0    3340.00   .4193331E-09
  5.0    3350.00   .4350027E-09
  5.0    3360.00   .4502236E-09
  5.0    3370.00   .4618990E-09
  5.0    3380.00   .4791652E-09
  5.0    3390.00   .5070304E-09
  5.0    3400.00   .5470926E-09
  5.0    3410.00   .5942187E-09
  5.0    3420.00   .6777015E-09
  5.0    3430.00   .7365649E-09
  5.0    3440.00   .7967268E-09
  5.0    3450.00   .8501150E-09
  5.0    3460.00   .8996539E-09
  5.0    3470.00   .9708219E-09
  5.0    3480.00   .9896632E-09
  5.0    3490.00   .1002283E-08
  5.0    3500.00   .1010357E-08
  5.0    3510.00   .9819250E-09
  5.0    3520.00   .9642079E-09
  5.0    3530.00   .9306305E-09
  5.0    3540.00   .8982882E-09
  5.0    3550.00   .8592655E-09
  5.0    3560.00   .8148313E-09
  5.0    3570.00   .7504098E-09
  5.0    3580.00   .7133222E-09
  5.0    3590.00   .6653353E-09
  5.0    3600.00   .6078957E-09
  5.0    3610.00   .5313514E-09
  5.0    3620.00   .4863368E-09
  5.0    3630.00   .4423730E-09
  5.0    3640.00   .4116349E-09
  5.0    3650.00   .3867517E-09
  5.0    3660.00   .3586853E-09
  5.0    3670.00   .3549788E-09
  5.0    3680.00   .3594064E-09
  5.0    3690.00   .3648664E-09
  5.0    3700.00   .3788612E-09
  5.0    3710.00   .4207541E-09
  5.0    3720.00   .4778378E-09
  5.0    3730.00   .5125071E-09
  5.0    3740.00   .5625513E-09
  5.0    3750.00   .6145568E-09
  5.0    3760.00   .6603104E-09
  5.0    3770.00   .6909809E-09
  5.0    3780.00   .7409476E-09
  5.0    3790.00   .7780383E-09
  5.0    3800.00   .8129282E-09
  5.0    3810.00   .8628951E-09
  5.0    3820.00   .9341524E-09
  5.0    3830.00   .9633234E-09
  5.0    3840.00   .1013842E-08
  5.0    3850.00   .1059761E-08
  5.0    3860.00   .1093765E-08
  5.0    3870.00   .1128786E-08
  5.0    3880.00   .1168601E-08
  5.0    3890.00   .1183985E-08
  5.0    3900.00   .1206518E-08
  5.0    3910.00   .1205851E-08
  5.0    3920.00   .1217207E-08
  5.0    3930.00   .1199267E-08
  5.0    3940.00   .1181405E-08
  5.0    3950.00   .1151278E-08
  5.0    3960.00   .1116515E-08
  5.0    3970.00   .1094688E-08
  5.0    3980.00   .1066402E-08
  5.0    3990.00   .1050383E-08
  5.0    4000.00   .1038819E-08
  5.0    4010.00   .1053124E-08
  5.0    4020.00   .1059049E-08
  5.0    4030.00   .1078307E-08
  5.0    4040.00   .1087986E-08
  5.0    4050.00   .1094227E-08
  5.0    4060.00   .1094710E-08
  5.0    4070.00   .1104186E-08
  5.0    4080.00   .1089767E-08
  5.0    4090.00   .1068123E-08
  5.0    4100.00   .1053593E-08
  5.0    4110.00   .1029862E-08
  5.0    4120.00   .1013247E-08
  5.0    4130.00   .9963027E-09
  5.0    4140.00   .9807207E-09
  5.0    4150.00   .9607025E-09
  5.0    4160.00   .9343364E-09
  5.0    4170.00   .9035357E-09
  5.0    4180.00   .8730328E-09
  5.0    4190.00   .8412064E-09
  5.0    4200.00   .8149218E-09
  5.0    4210.00   .7841596E-09
  5.0    4220.00   .7486031E-09
  5.0    4230.00   .7353000E-09
  5.0    4240.00   .7107445E-09
  5.0    4250.00   .6867667E-09
  5.0    4260.00   .6760293E-09
  5.0    4270.00   .6566697E-09
  5.0    4280.00   .6313444E-09
  5.0    4290.00   .6152630E-09
  5.0    4300.00   .6144883E-09
  5.0    4310.00   .6295299E-09
  5.0    4320.00   .6377880E-09
  5.0    4330.00   .6494781E-09
  5.0    4340.00   .6614071E-09
  5.0    4350.00   .6799422E-09
  5.0    4360.00   .6808210E-09
  5.0    4370.00   .6798738E-09
  5.0    4380.00   .6751070E-09
  5.0    4390.00   .6707082E-09
  5.0    4400.00   .6697070E-09
  5.0    4410.00   .6764302E-09
  5.0    4420.00   .6794308E-09
  5.0    4430.00   .6851830E-09
  5.0    4440.00   .7011389E-09
  5.0    4450.00   .7086827E-09
  5.0    4460.00   .7059357E-09
  5.0    4470.00   .6990657E-09
  5.0    4480.00   .7091378E-09
  5.0    4490.00   .6981117E-09
  5.0    4500.00   .6932912E-09
  5.0    4510.00   .6817085E-09
  5.0    4520.00   .6694268E-09
  5.0    4530.00   .6589942E-09
  5.0    4540.00   .6482006E-09
  5.0    4550.00   .6315970E-09
  5.0    4560.00   .6236868E-09
  5.0    4570.00   .6079538E-09
  5.0    4580.00   .5910669E-09
  5.0    4590.00   .5786573E-09
  5.0    4600.00   .5658473E-09
  5.0    4610.00   .5517421E-09
  5.0    4620.00   .5323981E-09
  5.0    4630.00   .5146830E-09
  5.0    4640.00   .5003492E-09
  5.0    4650.00   .4856150E-09
  5.0    4660.00   .4720748E-09
  5.0    4670.00   .4573620E-09
  5.0    4680.00   .4518286E-09
  5.0    4690.00   .4448627E-09
  5.0    4700.00   .4419008E-09
  5.0    4710.00   .4349007E-09
  5.0    4720.00   .4290544E-09
  5.0    4730.00   .4245664E-09
  5.0    4740.00   .4210783E-09
  5.0    4750.00   .4197827E-09
  5.0    4760.00   .4160287E-09
  5.0    4770.00   .4155488E-09
  5.0    4780.00   .4110987E-09
  5.0    4790.00   .3995746E-09
  5.0    4800.00   .3857551E-09
  5.0    4810.00   .3726229E-09
  5.0    4820.00   .3581639E-09
  5.0    4830.00   .3474607E-09
  5.0    4840.00   .3383260E-09
  5.0    4850.00   .3335461E-09
  5.0    4860.00   .3346021E-09
  5.0    4870.00   .3374761E-09
  5.0    4880.00   .3414066E-09
  5.0    4890.00   .3464811E-09
  5.0    4900.00   .3528091E-09
  5.0    4910.00   .3593621E-09
  5.0    4920.00   .3674165E-09
  5.0    4930.00   .3707387E-09
  5.0    4940.00   .3757904E-09
  5.0    4950.00   .3800643E-09
  5.0    4960.00   .3856123E-09
  5.0    4970.00   .3929959E-09
  5.0    4980.00   .3943960E-09
  5.0    4990.00   .3961333E-09
  5.0    5000.00   .4013471E-09
  5.0    5010.00   .4081801E-09
  5.0    5020.00   .4149638E-09
  5.0    5030.00   .4169389E-09
  5.0    5040.00   .4225967E-09
  5.0    5050.00   .4297563E-09
  5.0    5060.00   .4391773E-09
  5.0    5070.00   .4450460E-09
  5.0    5080.00   .4477471E-09
  5.0    5090.00   .4469709E-09
  5.0    5100.00   .4460930E-09
  5.0    5110.00   .4414744E-09
  5.0    5120.00   .4361187E-09
  5.0    5130.00   .4320188E-09
  5.0    5140.00   .4293724E-09
  5.0    5150.00   .4262859E-09
  5.0    5160.00   .4254912E-09
  5.0    5170.00   .4234549E-09
  5.0    5180.00   .4189682E-09
  5.0    5190.00   .4122295E-09
  5.0    5200.00   .4008859E-09
  5.0    5210.00   .3886797E-09
  5.0    5220.00   .3728193E-09
  5.0    5230.00   .3580961E-09
  5.0    5240.00   .3443616E-09
  5.0    5250.00   .3334155E-09
  5.0    5260.00   .3271657E-09
  5.0    5270.00   .3191632E-09
  5.0    5280.00   .3125714E-09
  5.0    5290.00   .3089984E-09
  5.0    5300.00   .3079135E-09
  5.0    5310.00   .3090364E-09
  5.0    5320.00   .3082861E-09
  5.0    5330.00   .3078591E-09
  5.0    5340.00   .3045093E-09
  5.0    5350.00   .3017090E-09
  5.0    5360.00   .2997726E-09
  5.0    5370.00   .2952009E-09
  5.0    5380.00   .2901680E-09
  5.0    5390.00   .2854501E-09
  5.0    5400.00   .2784227E-09
  5.0    5410.00   .2738592E-09
  5.0    5420.00   .2666768E-09
  5.0    5430.00   .2624232E-09
  5.0    5440.00   .2605683E-09
  5.0    5450.00   .2624292E-09
  5.0    5460.00   .2651424E-09
  5.0    5470.00   .2688561E-09
  5.0    5480.00   .2721316E-09
  5.0    5490.00   .2777776E-09
  5.0    5500.00   .2810540E-09
  5.0    5510.00   .2823087E-09
  5.0    5520.00   .2849714E-09
  5.0    5530.00   .2861663E-09
  5.0    5540.00   .2892228E-09
  5.0    5550.00   .2915105E-09
  5.0    5560.00   .2933641E-09
  5.0    5570.00   .2912833E-09
  5.0    5580.00   .2909178E-09
  5.0    5590.00   .2900180E-09
  5.0    5600.00   .2894985E-09
  5.0    5610.00   .2902554E-09
  5.0    5620.00   .2880673E-09
  5.0    5630.00   .2865134E-09
  5.0    5640.00   .2841618E-09
  5.0    5650.00   .2824858E-09
  5.0    5660.00   .2796685E-09
  5.0    5670.00   .2758850E-09
  5.0    5680.00   .2737281E-09
  5.0    5690.00   .2678961E-09
  5.0    5700.00   .2630214E-09
  5.0    5710.00   .2570208E-09
  5.0    5720.00   .2510955E-09
  5.0    5730.00   .2454781E-09
  5.0    5740.00   .2423922E-09
  5.0    5750.00   .2406005E-09
  5.0    5760.00   .2380907E-09
  5.0    5770.00   .2382166E-09
  5.0    5780.00   .2369391E-09
  5.0    5790.00   .2357194E-09
  5.0    5800.00   .2378740E-09
  5.0    5810.00   .2383854E-09
  5.0    5820.00   .2406943E-09
  5.0    5830.00   .2406353E-09
  5.0    5840.00   .2411527E-09
  5.0    5850.00   .2398903E-09
  5.0    5860.00   .2411484E-09
  5.0    5870.00   .2395092E-09
  5.0    5880.00   .2323280E-09
  5.0    5890.00   .2250151E-09
  5.0    5900.00   .2148647E-09
  5.0    5910.00   .2102297E-09
  5.0    5920.00   .2041455E-09
  5.0    5930.00   .1979663E-09
  5.0    5940.00   .1894742E-09
  5.0    5950.00   .1824934E-09
  5.0    5960.00   .1783074E-09
  5.0    5970.00   .1735689E-09
  5.0    5980.00   .1684958E-09
  5.0    5990.00   .1649825E-09
  5.0    6000.00   .1609662E-09
  5.0    6010.00   .1573835E-09
  5.0    6020.00   .1531763E-09
  5.0    6030.00   .1501543E-09
  5.0    6040.00   .1471471E-09
  5.0    6050.00   .1436692E-09
  5.0    6060.00   .1407113E-09
  5.0    6070.00   .1374382E-09
  5.0    6080.00   .1364991E-09
  5.0    6090.00   .1355800E-09
  5.0    6100.00   .1359517E-09
  5.0    6110.00   .1369816E-09
  5.0    6120.00   .1387886E-09
  5.0    6130.00   .1435676E-09
  5.0    6140.00   .1473814E-09
  5.0    6150.00   .1537729E-09
  5.0    6160.00   .1620314E-09
  5.0    6170.00   .1695584E-09
  5.0    6180.00   .1782330E-09
  5.0    6190.00   .1866800E-09
  5.0    6200.00   .1961283E-09
  5.0    6210.00   .2042949E-09
  5.0    6220.00   .2099047E-09
  5.0    6230.00   .2156027E-09
  5.0    6240.00   .2205255E-09
  5.0    6250.00   .2243893E-09
  5.0    6260.00   .2282522E-09
  5.0    6270.00   .2299406E-09
  5.0    6280.00   .2238322E-09
  5.0    6290.00   .2257112E-09
  5.0    6300.00   .2241758E-09
  5.0    6310.00   .2248421E-09
  5.0    6320.00   .2256651E-09
  5.0    6330.00   .2277916E-09
  5.0    6340.00   .2302986E-09
  5.0    6350.00   .2338871E-09
  5.0    6360.00   .2351939E-09
  5.0    6370.00   .2373674E-09
  5.0    6380.00   .2383664E-09
  5.0    6390.00   .2382358E-09
  5.0    6400.00   .2383763E-09
  5.0    6410.00   .2377872E-09
  5.0    6420.00   .2370280E-09
  5.0    6430.00   .2362764E-09
  5.0    6440.00   .2349925E-09
  5.0    6450.00   .2341518E-09
  5.0    6460.00   .2342122E-09
  5.0    6470.00   .2321964E-09
  5.0    6480.00   .2303252E-09
  5.0    6490.00   .2314186E-09
  5.0    6500.00   .2317934E-09
  5.0    6510.00   .2326978E-09
  5.0    6520.00   .2281402E-09
  5.0    6530.00   .2311742E-09
  5.0    6540.00   .2293536E-09
  5.0    6550.00   .2274718E-09
  5.0    6560.00   .2260632E-09
  5.0    6570.00   .2256647E-09
  5.0    6580.00   .2240264E-09
  5.0    6590.00   .2219465E-09
  5.0    6600.00   .2206289E-09
  5.0    6610.00   .2173991E-09
  5.0    6620.00   .2126905E-09
  5.0    6630.00   .2091799E-09
  5.0    6640.00   .2079517E-09
  5.0    6650.00   .2088163E-09
  5.0    6660.00   .2091990E-09
  5.0    6670.00   .2095314E-09
  5.0    6680.00   .2088278E-09
  5.0    6690.00   .2053500E-09
  5.0    6700.00   .2041400E-09
  5.0    6710.00   .2021092E-09
  5.0    6720.00   .2002254E-09
  5.0    6730.00   .1990232E-09
  5.0    6740.00   .1958853E-09
  5.0    6750.00   .1935969E-09
  5.0    6760.00   .1909942E-09
  5.0    6770.00   .1895020E-09
  5.0    6780.00   .1883086E-09
  5.0    6790.00   .1872576E-09
  5.0    6800.00   .1867614E-09
  5.0    6810.00   .1860758E-09
  5.0    6820.00   .1848621E-09
  5.0    6830.00   .1830134E-09
  5.0    6840.00   .1801464E-09
  5.0    6850.00   .1777981E-09
  5.0    6860.00   .1772091E-09
  5.0    6870.00   .1606926E-09
  5.0    6880.00   .1668386E-09
  5.0    6890.00   .1751395E-09
  5.0    6900.00   .1712054E-09
  5.0    6910.00   .1716036E-09
  5.0    6920.00   .1724857E-09
  5.0    6930.00   .1720973E-09
  5.0    6940.00   .1741382E-09
  5.0    6950.00   .1732598E-09
  5.0    6960.00   .1730811E-09
  5.0    6970.00   .1758514E-09
  5.0    6980.00   .1752627E-09
  5.0    6990.00   .1739152E-09
  5.0    7000.00   .1741331E-09
  5.0    7010.00   .1745862E-09
  5.0    7020.00   .1742802E-09
  5.0    7030.00   .1735346E-09
  5.0    7040.00   .1752493E-09
  5.0    7050.00   .1764146E-09
  5.0    7060.00   .1779699E-09
  5.0    7070.00   .1786244E-09
  5.0    7080.00   .1798383E-09
  5.0    7090.00   .1820280E-09
  5.0    7100.00   .1817762E-09
  5.0    7110.00   .1832865E-09
  5.0    7120.00   .1838669E-09
  5.0    7130.00   .1825611E-09
  5.0    7140.00   .1797315E-09
  5.0    7150.00   .1788096E-09
  5.0    7160.00   .1772436E-09
  5.0    7170.00   .1725226E-09
  5.0    7180.00   .1714595E-09
  5.0    7190.00   .1680681E-09
  5.0    7200.00   .1683878E-09
  5.0    7210.00   .1686878E-09
  5.0    7220.00   .1672884E-09
  5.0    7230.00   .1653830E-09
  5.0    7240.00   .1623442E-09
  5.0    7250.00   .1649415E-09
  5.0    7260.00   .1624257E-09
  5.0    7270.00   .1591905E-09
  5.0    7280.00   .1543884E-09
  5.0    7290.00   .1547077E-09
  5.0    7300.00   .1520516E-09
  5.0    7310.00   .1486282E-09
  5.0    7320.00   .1463338E-09
  5.0    7330.00   .1456238E-09
  5.0    7340.00   .1430399E-09
  5.0    7350.00   .1401052E-09
  5.0    7360.00   .1385989E-09
  5.0    7370.00   .1366874E-09
  5.0    7380.00   .1356854E-09
  5.0    7390.00   .1337726E-09
  5.0    7400.00   .1322350E-09
  5.0    7410.00   .1305507E-09
  5.0    7420.00   .1274191E-09
  5.0    7430.00   .1223099E-09
  5.0    7440.00   .1160564E-09
  5.0    7450.00   .1123355E-09
  5.0    7460.00   .1086896E-09
  5.0    7470.00   .1061951E-09
  5.0    7480.00   .1042842E-09
  5.0    7490.00   .1033665E-09
  5.0    7500.00   .1033522E-09
  5.0    7510.00   .1045425E-09
  5.0    7520.00   .1054667E-09
  5.0    7530.00   .1038900E-09
  5.0    7540.00   .1027887E-09
  5.0    7550.00   .1019665E-09
  5.0    7560.00   .9852000E-10
  5.0    7570.00   .9550000E-10
  5.0    7580.00   .9276115E-10
  5.0    7590.00   .8987151E-10
  5.0    7600.00   .8651434E-10
  5.0    7610.00   .8481989E-10
  5.0    7620.00   .8378118E-10
  5.0    7630.00   .8377780E-10
  5.0    7640.00   .8639598E-10
  5.0    7650.00   .8679015E-10
  5.0    7660.00   .8853871E-10
  5.0    7670.00   .8995762E-10
  5.0    7680.00   .9045028E-10
  5.0    7690.00   .9256578E-10
  5.0    7700.00   .9000728E-10
  5.0    7710.00   .9022546E-10
  5.0    7720.00   .8934377E-10
  5.0    7730.00   .8700961E-10
  5.0    7740.00   .8556255E-10
  5.0    7750.00   .8393485E-10
  5.0    7760.00   .8165838E-10
  5.0    7770.00   .8012448E-10
  5.0    7780.00   .7827279E-10
  5.0    7790.00   .7666972E-10
  5.0    7800.00   .7415257E-10
  5.0    7810.00   .7187916E-10
  5.0    7820.00   .6920144E-10
  5.0    7830.00   .6708479E-10
  5.0    7840.00   .6516793E-10
  5.0    7850.00   .6298019E-10
  5.0    7860.00   .6180184E-10
  5.0    7870.00   .6032179E-10
  5.0    7880.00   .5904196E-10
  5.0    7890.00   .5743819E-10
  5.0    7900.00   .5640378E-10
  5.0    7910.00   .5497171E-10
  5.0    7920.00   .5411195E-10
  5.0    7930.00   .5356260E-10
  5.0    7940.00   .5377739E-10
  5.0    7950.00   .5322037E-10
  5.0    7960.00   .5214543E-10
  5.0    7970.00   .5101450E-10
  5.0    7980.00   .5119499E-10
  5.0    7990.00   .5141804E-10
  5.0    8000.00   .5110198E-10
  5.0    8010.00   .5132561E-10
  5.0    8020.00   .5173355E-10
  5.0    8030.00   .5186598E-10
  5.0    8040.00   .5318023E-10
  5.0    8050.00   .5370630E-10
  5.0    8060.00   .5405377E-10
  5.0    8070.00   .5376471E-10
  5.0    8080.00   .5356041E-10
  5.0    8090.00   .5253120E-10
  5.0    8100.00   .5232415E-10
  5.0    8110.00   .5175742E-10
  5.0    8120.00   .5170335E-10
  5.0    8130.00   .5140249E-10
  5.0    8140.00   .4985150E-10
  5.0    8150.00   .4878284E-10
  5.0    8160.00   .4779199E-10
  5.0    8170.00   .4622833E-10
  5.0    8180.00   .4491520E-10
  5.0    8190.00   .4476900E-10
  5.0    8200.00   .4320962E-10
  5.0    8210.00   .4409250E-10
  5.0    8220.00   .4185719E-10
  5.0    8230.00   .3783893E-10
  5.0    8240.00   .4370298E-10
  5.0    8250.00   .4280546E-10
  5.0    8260.00   .4159445E-10
  5.0    8270.00   .4324594E-10
  5.0    8280.00   .4071298E-10
  5.0    8290.00   .4106937E-10
  5.0    8300.00   .4061056E-10
  5.0    8310.00   .3954422E-10
  5.0    8320.00   .3827001E-10
  5.0    8330.00   .3884770E-10
  5.0    8340.00   .3751475E-10
  5.0    8350.00   .3848804E-10
  5.0    8360.00   .3827143E-10
  5.0    8370.00   .3885099E-10
  5.0    8380.00   .3926912E-10
  5.0    8390.00   .3969204E-10
  5.0    8400.00   .3953523E-10
  5.0    8410.00   .4014102E-10
  5.0    8420.00   .4004969E-10
  5.0    8430.00   .4011011E-10
  5.0    8440.00   .3998738E-10
  5.0    8450.00   .4041760E-10
  5.0    8460.00   .4019255E-10
  5.0    8470.00   .4006751E-10
  5.0    8480.00   .4030607E-10
  5.0    8490.00   .3962475E-10
  5.0    8500.00   .4039120E-10
  5.0    8510.00   .3949145E-10
  5.0    8520.00   .3959484E-10
  5.0    8530.00   .3941700E-10
  5.0    8540.00   .3965953E-10
  5.0    8550.00   .3925959E-10
  5.0    8560.00   .3849847E-10
  5.0    8570.00   .3821117E-10
  5.0    8580.00   .3798761E-10
  5.0    8590.00   .3739891E-10
  5.0    8600.00   .3705525E-10
  5.0    8610.00   .3687606E-10
  5.0    8620.00   .3696397E-10
  5.0    8630.00   .3647683E-10
  5.0    8640.00   .3700300E-10
  5.0    8650.00   .3686966E-10
  5.0    8660.00   .3632103E-10
  5.0    8670.00   .3549932E-10
  5.0    8680.00   .3580248E-10
  5.0    8690.00   .3488191E-10
  5.0    8700.00   .3493913E-10
  5.0    8710.00   .3471413E-10
  5.0    8720.00   .3370786E-10
  5.0    8730.00   .3418422E-10
  5.0    8740.00   .3384674E-10
  5.0    8750.00   .3329041E-10
  5.0    8760.00   .3300125E-10
  5.0    8770.00   .3269967E-10
  5.0    8780.00   .3244219E-10
  5.0    8790.00   .3186694E-10
  5.0    8800.00   .3082834E-10
  5.0    8810.00   .3052853E-10
  5.0    8820.00   .2954480E-10
  5.0    8830.00   .2829408E-10
  5.0    8840.00   .2748844E-10
  5.0    8850.00   .2691764E-10
  5.0    8860.00   .2605730E-10
  5.0    8870.00   .2544749E-10
  5.0    8880.00   .2419535E-10
  5.0    8890.00   .2441229E-10
  5.0    8900.00   .2391279E-10
  5.0    8910.00   .2411080E-10
  5.0    8920.00   .2363846E-10
  5.0    8930.00   .2362061E-10
  5.0    8940.00   .2395367E-10
  5.0    8950.00   .2340285E-10
  5.0    8960.00   .2343973E-10
  5.0    8970.00   .2241976E-10
  5.0    8980.00   .2338046E-10
  5.0    8990.00   .2152408E-10
  5.0    9000.00   .2193732E-10
  5.0    9010.00   .2158415E-10
  5.0    9020.00   .2101081E-10
  5.0    9030.00   .2136732E-10
  5.0    9040.00   .2166765E-10
  5.0    9050.00   .2112422E-10
  5.0    9060.00   .2110395E-10
  5.0    9070.00   .2067951E-10
  5.0    9080.00   .2085137E-10
  5.0    9090.00   .2089448E-10
  5.0    9100.00   .2063625E-10
  5.0    9110.00   .2114109E-10
  5.0    9120.00   .2081943E-10
  5.0    9130.00   .2050794E-10
  5.0    9140.00   .2115035E-10
  5.0    9150.00   .2069984E-10
  5.0    9160.00   .2042253E-10
  5.0    9170.00   .2093907E-10
  5.0    9180.00   .2064172E-10
  5.0    9190.00   .2170934E-10
  5.0    9200.00   .2086410E-10
  5.0    9210.00   .2133241E-10
  5.0    9220.00   .2120283E-10
  5.0    9230.00   .2094173E-10
  5.0    9240.00   .2050843E-10
  5.0    9250.00   .2042322E-10
  5.0    9260.00   .2078458E-10
  5.0    9270.00   .2017492E-10
  5.0    9280.00   .1963970E-10
  5.0    9290.00   .1928928E-10
  5.0    9300.00   .1851491E-10
  5.0    9310.00   .1692501E-10
  5.0    9320.00   .1515619E-10
  5.0    9330.00   .1487407E-10
  5.0    9340.00   .1308156E-10
  5.0    9350.00   .1385292E-10
  5.0    9360.00   .1315194E-10
  5.0    9370.00   .1406640E-10
  5.0    9380.00   .1332477E-10
  5.0    9390.00   .1545270E-10
  5.0    9400.00   .1587164E-10
  5.0    9410.00   .1553890E-10
  5.0    9420.00   .1453654E-10
  5.0    9430.00   .1324848E-10
  5.0    9440.00   .1288350E-10
  5.0    9450.00   .1340275E-10
  5.0    9460.00   .1284380E-10
  5.0    9470.00   .1311725E-10
  5.0    9480.00   .1340155E-10
  5.0    9490.00   .1341418E-10
  5.0    9500.00   .1169832E-10
  5.0    9510.00   .1343498E-10
  5.0    9520.00   .1196109E-10
  5.0    9530.00   .1226387E-10
  5.0    9540.00   .1266981E-10
  5.0    9550.00   .1225282E-10
  5.0    9560.00   .1229920E-10
  5.0    9570.00   .1150800E-10
  5.0    9580.00   .1260981E-10
  5.0    9590.00   .1155594E-10
  5.0    9600.00   .1199206E-10
  5.0    9610.00   .1175808E-10
  5.0    9620.00   .1200555E-10
  5.0    9630.00   .1177368E-10
  5.0    9640.00   .1167539E-10
  5.0    9650.00   .1159669E-10
  5.0    9660.00   .1208586E-10
  5.0    9670.00   .1091465E-10
  5.0    9680.00   .1123820E-10
  5.0    9690.00   .1104607E-10
  5.0    9700.00   .1091315E-10
  5.0    9710.00   .1115666E-10
  5.0    9720.00   .1056800E-10
  5.0    9730.00   .1104404E-10
  5.0    9740.00   .1051205E-10
  5.0    9750.00   .1039970E-10
  5.0    9760.00   .1009187E-10
  5.0    9770.00   .1065055E-10
  5.0    9780.00   .1025468E-10
  5.0    9790.00   .1006263E-10
  5.0    9800.00   .1017587E-10
  5.0    9810.00   .9583617E-11
  5.0    9820.00   .9785851E-11
  5.0    9830.00   .9917904E-11
  5.0    9840.00   .9993264E-11
  5.0    9850.00   .9857709E-11
  5.0    9860.00   .9749195E-11
  5.0    9870.00   .9561788E-11
  5.0    9880.00   .9958055E-11
  5.0    9890.00   .9452061E-11
  5.0    9900.00   .9569640E-11
  5.0    9910.00   .8718338E-11
  5.0    9920.00   .9437879E-11
  5.0    9930.00   .8599618E-11
  5.0    9940.00   .8559715E-11
  5.0    9950.00   .9326736E-11
  5.0    9960.00   .8899375E-11
  5.0    9970.00   .8879768E-11
  5.0    9980.00   .8887630E-11
  5.0    9990.00   .8913504E-11
  5.0   10000.00   .8944498E-11
  5.0   10010.00   .8982700E-11
  5.0   10020.00   .9020882E-11
  5.0   10030.00   .9059042E-11
  5.0   10040.00   .9097179E-11
  5.0   10050.00   .9135284E-11
  5.0   10060.00   .9173377E-11
  5.0   10070.00   .9211448E-11
  5.0   10080.00   .9249503E-11
  5.0   10090.00   .9287522E-11
  5.0   10100.00   .9325519E-11
  5.0   10110.00   .9363498E-11
  5.0   10120.00   .9401454E-11
  5.0   10130.00   .9439374E-11
  5.0   10140.00   .9477282E-11
  5.0   10150.00   .9515171E-11
  5.0   10160.00   .9553019E-11
  5.0   10170.00   .9590864E-11
  5.0   10180.00   .9628674E-11
  5.0   10190.00   .9666459E-11
  5.0   10200.00   .9704229E-11
  5.0   10210.00   .9741957E-11
  5.0   10220.00   .9779670E-11
  5.0   10230.00   .9817375E-11
  5.0   10240.00   .9855042E-11
  5.0   10250.00   .9892671E-11
  5.0   10260.00   .9930284E-11
  5.0   10270.00   .9967864E-11
  5.0   10280.00   .1000543E-10
  5.0   10290.00   .1004298E-10
  5.0   10300.00   .1008049E-10
  5.0   10310.00   .1011796E-10
  5.0   10320.00   .1015544E-10
  5.0   10330.00   .1019287E-10
  5.0   10340.00   .1023028E-10
  5.0   10350.00   .1026767E-10
  5.0   10360.00   .1030501E-10
  5.0   10370.00   .1034234E-10
  5.0   10380.00   .1037964E-10
  5.0   10390.00   .1041692E-10
  5.0   10400.00   .1045415E-10
  5.0   10410.00   .1049139E-10
  5.0   10420.00   .1052857E-10
  5.0   10430.00   .1056573E-10
  5.0   10440.00   .1060287E-10
  5.0   10450.00   .1063997E-10
  5.0   10460.00   .1067705E-10
  5.0   10470.00   .1071411E-10
  5.0   10480.00   .1075114E-10
  5.0   10490.00   .1078812E-10
  5.0   10500.00   .1082511E-10
  5.0   10510.00   .1086204E-10
  5.0   10520.00   .1089895E-10
  5.0   10530.00   .1093583E-10
  5.0   10540.00   .1097270E-10
  5.0   10550.00   .1100953E-10
  5.0   10560.00   .1104632E-10
  5.0   10570.00   .1108310E-10
  5.0   10580.00   .1111985E-10
  5.0   10590.00   .1115657E-10
  5.0   10600.00   .1119327E-10
  5.0   10610.00   .1122991E-10
  5.0   10620.00   .1126656E-10
  5.0   10630.00   .1130317E-10
  5.0   10640.00   .1133975E-10
  5.0   10650.00   .1137631E-10
  5.0   10660.00   .1141283E-10
  5.0   10670.00   .1144932E-10
  5.0   10680.00   .1148580E-10
  5.0   10690.00   .1152225E-10
  5.0   10700.00   .1155866E-10
  5.0   10710.00   .1159504E-10
  5.0   10720.00   .1163140E-10
  5.0   10730.00   .1166774E-10
  5.0   10740.00   .1170404E-10
  5.0   10750.00   .1174033E-10
  5.0   10760.00   .1177659E-10
  5.0   10770.00   .1181281E-10
  5.0   10780.00   .1184901E-10
  5.0   10790.00   .1188518E-10
  5.0   10800.00   .1192132E-10
  5.0   10810.00   .1195744E-10
  5.0   10820.00   .1199354E-10
  5.0   10830.00   .1202960E-10
  5.0   10840.00   .1206563E-10
  5.0   10850.00   .1210165E-10
  5.0   10860.00   .1213764E-10
  5.0   10870.00   .1217357E-10
  5.0   10880.00   .1220952E-10
  5.0   10890.00   .1224542E-10
  5.0   10900.00   .1228129E-10
  5.0   10910.00   .1231715E-10
  5.0   10920.00   .1235297E-10
  5.0   10930.00   .1238877E-10
  5.0   10940.00   .1242455E-10
  5.0   10950.00   .1246028E-10
  5.0   10960.00   .1249601E-10
  5.0   10970.00   .1253169E-10
  5.0   10980.00   .1256735E-10
  5.0   10990.00   .1260299E-10
  5.0   11000.00   .1263861E-10
  5.0   11010.00   .1267418E-10
  5.0   11020.00   .1270975E-10
  5.0   11030.00   .1274528E-10
  5.0   11040.00   .1278079E-10
  5.0   11050.00   .1281628E-10
  5.0   11060.00   .1285175E-10
  5.0   11070.00   .1288715E-10
  5.0   11080.00   .1292257E-10
  5.0   11090.00   .1295795E-10
  5.0   11100.00   .1299329E-10
  5.0   11110.00   .1302861E-10
  5.0   11120.00   .1306393E-10
  5.0   11130.00   .1309920E-10
  5.0   11140.00   .1313445E-10
  5.0   11150.00   .1316968E-10
  5.0   11160.00   .1320488E-10
  5.0   11170.00   .1324005E-10
  5.0   11180.00   .1327521E-10
  5.0   11190.00   .1331032E-10
  5.0   11200.00   .1334543E-10
  5.0   11210.00   .1338051E-10
  5.0   11220.00   .1341556E-10
  5.0   11230.00   .1345058E-10
  5.0   11240.00   .1348558E-10
  5.0   11250.00   .1352056E-10
  5.0   11260.00   .1355551E-10
  5.0   11270.00   .1359044E-10
  5.0   11280.00   .1362534E-10
  5.0   11290.00   .1366021E-10
  5.0   11300.00   .1369507E-10
  5.0   11310.00   .1369048E-10
  5.0   11320.00   .1368589E-10
  5.0   11330.00   .1368131E-10
  5.0   11340.00   .1367672E-10
  5.0   11350.00   .1367214E-10
  5.0   11360.00   .1366757E-10
  5.0   11370.00   .1366298E-10
  5.0   11380.00   .1365841E-10
  5.0   11390.00   .1365383E-10
  5.0   11400.00   .1364925E-10
  5.0   11410.00   .1364470E-10
  5.0   11420.00   .1364013E-10
  5.0   11430.00   .1363558E-10
  5.0   11440.00   .1363101E-10
  5.0   11450.00   .1362647E-10
  5.0   11460.00   .1362191E-10
  5.0   11470.00   .1361735E-10
  5.0   11480.00   .1361282E-10
  5.0   11490.00   .1360826E-10
  5.0   11500.00   .1360373E-10
  5.0   11510.00   .1359919E-10
  5.0   11520.00   .1359466E-10
  5.0   11530.00   .1359013E-10
  5.0   11540.00   .1358559E-10
  5.0   11550.00   .1358108E-10
  5.0   11560.00   .1357654E-10
  5.0   11570.00   .1357204E-10
  5.0   11580.00   .1356752E-10
  5.0   11590.00   .1356300E-10
  5.0   11600.00   .1355850E-10
  5.0   11610.00   .1355399E-10
  5.0   11620.00   .1354950E-10
  5.0   11630.00   .1354500E-10
  5.0   11640.00   .1354051E-10
  5.0   11650.00   .1353602E-10
  5.0   11660.00   .1353153E-10
  5.0   11670.00   .1352706E-10
  5.0   11680.00   .1352258E-10
  5.0   11690.00   .1351810E-10
  5.0   11700.00   .1351363E-10
  5.0   11710.00   .1350917E-10
  5.0   11720.00   .1350471E-10
  5.0   11730.00   .1350024E-10
  5.0   11740.00   .1349579E-10
  5.0   11750.00   .1349134E-10
  5.0   11760.00   .1348691E-10
  5.0   11770.00   .1348247E-10
  5.0   11780.00   .1347804E-10
  5.0   11790.00   .1347360E-10
  5.0   11800.00   .1346918E-10
  5.0   11810.00   .1346476E-10
  5.0   11820.00   .1346035E-10
  5.0   11830.00   .1345594E-10
  5.0   11840.00   .1345153E-10
  5.0   11850.00   .1344714E-10
  5.0   11860.00   .1344274E-10
  5.0   11870.00   .1343834E-10
  5.0   11880.00   .1343396E-10
  5.0   11890.00   .1342960E-10
  5.0   11900.00   .1342521E-10
  5.0   11910.00   .1342084E-10
  5.0   11920.00   .1341647E-10
  5.0   11930.00   .1341212E-10
  5.0   11940.00   .1340777E-10
  5.0   11950.00   .1340341E-10
  5.0   11960.00   .1339907E-10
  5.0   11970.00   .1339474E-10
  5.0   11980.00   .1339040E-10
  5.0   11990.00   .1338608E-10
  5.0   12000.00   .1338177E-10
  5.0   12010.00   .1337745E-10
  5.0   12020.00   .1337313E-10
  5.0   12030.00   .1336884E-10
  5.0   12040.00   .1336454E-10
  5.0   12050.00   .1336027E-10
  5.0   12060.00   .1335597E-10
  5.0   12070.00   .1335169E-10
  5.0   12080.00   .1334742E-10
  5.0   12090.00   .1334316E-10
  5.0   12100.00   .1333889E-10
  5.0   12110.00   .1333463E-10
  5.0   12120.00   .1333039E-10
  5.0   12130.00   .1332616E-10
  5.0   12140.00   .1332193E-10
  5.0   12150.00   .1331770E-10
  5.0   12160.00   .1331347E-10
  5.0   12170.00   .1330928E-10
  5.0   12180.00   .1330506E-10
  5.0   12190.00   .1330086E-10
  5.0   12200.00   .1329667E-10
  5.0   12210.00   .1329247E-10
  5.0   12220.00   .1328832E-10
  5.0   12230.00   .1328414E-10
  5.0   12240.00   .1327998E-10
  5.0   12250.00   .1327582E-10
  5.0   12260.00   .1327166E-10
  5.0   12270.00   .1326753E-10
  5.0   12280.00   .1326339E-10
  5.0   12290.00   .1325926E-10
  5.0   12300.00   .1325513E-10
  5.0   12310.00   .1325103E-10
  5.0   12320.00   .1324692E-10
  5.0   12330.00   .1324283E-10
  5.0   12340.00   .1323874E-10
  5.0   12350.00   .1323465E-10
  5.0   12360.00   .1323058E-10
  5.0   12370.00   .1322651E-10
  5.0   12380.00   .1322245E-10
  5.0   12390.00   .1321840E-10
  5.0   12400.00   .1321437E-10
  5.0   12410.00   .1321032E-10
  5.0   12420.00   .1320630E-10
  5.0   12430.00   .1320228E-10
  5.0   12440.00   .1319826E-10
  5.0   12450.00   .1319427E-10
  5.0   12460.00   .1319029E-10
  5.0   12470.00   .1318629E-10
  5.0   12480.00   .1318232E-10
  5.0   12490.00   .1317834E-10
  5.0   12500.00   .1317439E-10
  5.0   12510.00   .1317948E-10
  5.0   12520.00   .1318456E-10
  5.0   12530.00   .1318964E-10
  5.0   12540.00   .1319471E-10
  5.0   12550.00   .1319976E-10
  5.0   12560.00   .1320481E-10
  5.0   12570.00   .1320984E-10
  5.0   12580.00   .1321489E-10
  5.0   12590.00   .1321991E-10
  5.0   12600.00   .1322491E-10
  5.0   12610.00   .1322992E-10
  5.0   12620.00   .1323490E-10
  5.0   12630.00   .1323990E-10
  5.0   12640.00   .1324487E-10
  5.0   12650.00   .1324985E-10
  5.0   12660.00   .1325482E-10
  5.0   12670.00   .1325977E-10
  5.0   12680.00   .1326472E-10
  5.0   12690.00   .1326965E-10
  5.0   12700.00   .1327458E-10
  5.0   12710.00   .1327952E-10
  5.0   12720.00   .1328442E-10
  5.0   12730.00   .1328935E-10
  5.0   12740.00   .1329426E-10
  5.0   12750.00   .1329914E-10
  5.0   12760.00   .1330403E-10
  5.0   12770.00   .1330892E-10
  5.0   12780.00   .1331380E-10
  5.0   12790.00   .1331867E-10
  5.0   12800.00   .1332354E-10
  5.0   12810.00   .1332839E-10
  5.0   12820.00   .1333325E-10
  5.0   12830.00   .1333809E-10
  5.0   12840.00   .1334294E-10
  5.0   12850.00   .1334776E-10
  5.0   12860.00   .1335258E-10
  5.0   12870.00   .1335741E-10
  5.0   12880.00   .1336223E-10
  5.0   12890.00   .1336704E-10
  5.0   12900.00   .1337184E-10
  5.0   12910.00   .1337665E-10
  5.0   12920.00   .1338145E-10
  5.0   12930.00   .1338623E-10
  5.0   12940.00   .1339102E-10
  5.0   12950.00   .1339579E-10
  5.0   12960.00   .1340058E-10
  5.0   12970.00   .1340534E-10
  5.0   12980.00   .1341009E-10
  5.0   12990.00   .1341485E-10
  5.0   13000.00   .1341960E-10
  5.0   13010.00   .1342433E-10
  5.0   13020.00   .1342909E-10
  5.0   13030.00   .1343382E-10
  5.0   13040.00   .1343855E-10
  5.0   13050.00   .1344327E-10
  5.0   13060.00   .1344798E-10
  5.0   13070.00   .1345270E-10
  5.0   13080.00   .1345741E-10
  5.0   13090.00   .1346213E-10
  5.0   13100.00   .1346680E-10
  5.0   13110.00   .1347150E-10
  5.0   13120.00   .1347619E-10
  5.0   13130.00   .1348088E-10
  5.0   13140.00   .1348556E-10
  5.0   13150.00   .1349023E-10
  5.0   13160.00   .1349489E-10
  5.0   13170.00   .1349956E-10
  5.0   13180.00   .1350422E-10
  5.0   13190.00   .1350888E-10
  5.0   13200.00   .1351352E-10
  5.0   13210.00   .1351817E-10
  5.0   13220.00   .1352280E-10
  5.0   13230.00   .1352745E-10
  5.0   13240.00   .1353207E-10
  5.0   13250.00   .1353669E-10
  5.0   13260.00   .1354131E-10
  5.0   13270.00   .1354593E-10
  5.0   13280.00   .1355056E-10
  5.0   13290.00   .1355515E-10
  5.0   13300.00   .1355976E-10
  5.0   13310.00   .1356435E-10
  5.0   13320.00   .1356894E-10
  5.0   13330.00   .1357354E-10
  5.0   13340.00   .1357813E-10
  5.0   13350.00   .1358271E-10
  5.0   13360.00   .1358729E-10
  5.0   13370.00   .1359184E-10
  5.0   13380.00   .1359641E-10
  5.0   13390.00   .1360099E-10
  5.0   13400.00   .1360553E-10
  5.0   13410.00   .1361009E-10
  5.0   13420.00   .1361465E-10
  5.0   13430.00   .1361920E-10
  5.0   13440.00   .1362374E-10
  5.0   13450.00   .1362826E-10
  5.0   13460.00   .1363280E-10
  5.0   13470.00   .1363734E-10
  5.0   13480.00   .1364186E-10
  5.0   13490.00   .1364637E-10
  5.0   13500.00   .1365089E-10
  5.0   13510.00   .1365543E-10
  5.0   13520.00   .1365991E-10
  5.0   13530.00   .1366442E-10
  5.0   13540.00   .1366893E-10
  5.0   13550.00   .1367342E-10
  5.0   13560.00   .1367790E-10
  5.0   13570.00   .1368241E-10
  5.0   13580.00   .1368688E-10
  5.0   13590.00   .1369136E-10
  5.0   13600.00   .1369586E-10
  5.0   13610.00   .1370032E-10
  5.0   13620.00   .1370478E-10
  5.0   13630.00   .1370926E-10
  5.0   13640.00   .1371373E-10
  5.0   13650.00   .1371818E-10
  5.0   13660.00   .1372264E-10
  5.0   13670.00   .1372709E-10
  5.0   13680.00   .1373155E-10
  5.0   13690.00   .1373598E-10
  5.0   13700.00   .1374042E-10
  5.0   13710.00   .1367253E-10
  5.0   13720.00   .1360458E-10
  5.0   13730.00   .1353656E-10
  5.0   13740.00   .1346850E-10
  5.0   13750.00   .1340040E-10
  5.0   13760.00   .1333225E-10
  5.0   13770.00   .1326403E-10
  5.0   13780.00   .1319579E-10
  5.0   13790.00   .1312747E-10
  5.0   13800.00   .1305913E-10
  5.0   13810.00   .1299070E-10
  5.0   13820.00   .1292227E-10
  5.0   13830.00   .1285376E-10
  5.0   13840.00   .1278522E-10
  5.0   13850.00   .1271660E-10
  5.0   13860.00   .1264796E-10
  5.0   13870.00   .1257925E-10
  5.0   13880.00   .1251049E-10
  5.0   13890.00   .1244171E-10
  5.0   13900.00   .1237285E-10
  5.0   13910.00   .1230396E-10
  5.0   13920.00   .1223503E-10
  5.0   13930.00   .1216602E-10
  5.0   13940.00   .1209699E-10
  5.0   13950.00   .1202790E-10
  5.0   13960.00   .1195875E-10
  5.0   13970.00   .1188958E-10
  5.0   13980.00   .1182035E-10
  5.0   13990.00   .1175105E-10
  5.0   14000.00   .1168173E-10
  5.0   14010.00   .1161235E-10
  5.0   14020.00   .1154293E-10
  5.0   14030.00   .1147346E-10
  5.0   14040.00   .1140392E-10
  5.0   14050.00   .1133435E-10
  5.0   14060.00   .1126472E-10
  5.0   14070.00   .1119506E-10
  5.0   14080.00   .1112535E-10
  5.0   14090.00   .1105558E-10
  5.0   14100.00   .1098578E-10
  5.0   14110.00   .1091591E-10
  5.0   14120.00   .1084602E-10
  5.0   14130.00   .1077606E-10
  5.0   14140.00   .1070606E-10
  5.0   14150.00   .1063601E-10
  5.0   14160.00   .1056592E-10
  5.0   14170.00   .1049578E-10
  5.0   14180.00   .1042560E-10
  5.0   14190.00   .1035535E-10
  5.0   14200.00   .1028508E-10
  5.0   14210.00   .1021475E-10
  5.0   14220.00   .1014438E-10
  5.0   14230.00   .1007396E-10
  5.0   14240.00   .1000348E-10
  5.0   14250.00   .9932963E-11
  5.0   14260.00   .9862402E-11
  5.0   14270.00   .9791783E-11
  5.0   14280.00   .9721129E-11
  5.0   14290.00   .9650445E-11
  5.0   14300.00   .9579668E-11
  5.0   14310.00   .9508885E-11
  5.0   14320.00   .9438036E-11
  5.0   14330.00   .9367152E-11
  5.0   14340.00   .9296216E-11
  5.0   14350.00   .9225238E-11
  5.0   14360.00   .9154212E-11
  5.0   14370.00   .9083139E-11
  5.0   14380.00   .9012019E-11
  5.0   14390.00   .8940845E-11
  5.0   14400.00   .8869641E-11
  5.0   14410.00   .8798390E-11
  5.0   14420.00   .8727073E-11
  5.0   14430.00   .8655726E-11
  5.0   14440.00   .8584337E-11
  5.0   14450.00   .8512905E-11
  5.0   14460.00   .8441403E-11
  5.0   14470.00   .8369881E-11
  5.0   14480.00   .8298305E-11
  5.0   14490.00   .8226669E-11
  5.0   14500.00   .8155003E-11
  5.0   14510.00   .8083289E-11
  5.0   14520.00   .8011526E-11
  5.0   14530.00   .7939719E-11
  5.0   14540.00   .7867876E-11
  5.0   14550.00   .7795973E-11
  5.0   14560.00   .7724027E-11
  5.0   14570.00   .7652044E-11
  5.0   14580.00   .7580011E-11
  5.0   14590.00   .7507936E-11
  5.0   14600.00   .7435812E-11
  5.0   14610.00   .7363644E-11
  5.0   14620.00   .7291433E-11
  5.0   14630.00   .7219167E-11
  5.0   14640.00   .7146863E-11
  5.0   14650.00   .7074516E-11
  5.0   14660.00   .7002119E-11
  5.0   14670.00   .6929685E-11
  5.0   14680.00   .6857212E-11
  5.0   14690.00   .6784672E-11
  5.0   14700.00   .6712100E-11
  5.0   14710.00   .6639479E-11
  5.0   14720.00   .6566818E-11
  5.0   14730.00   .6494102E-11
  5.0   14740.00   .6421359E-11
  5.0   14750.00   .6348561E-11
  5.0   14760.00   .6275718E-11
  5.0   14770.00   .6202831E-11
  5.0   14780.00   .6129898E-11
  5.0   14790.00   .6056922E-11
  5.0   14800.00   .5983901E-11
  5.0   14810.00   .5910840E-11
  5.0   14820.00   .5837730E-11
  5.0   14830.00   .5764574E-11
  5.0   14840.00   .5691378E-11
  5.0   14850.00   .5618134E-11
  5.0   14860.00   .5544846E-11
  5.0   14870.00   .5471517E-11
  5.0   14880.00   .5398138E-11
  5.0   14890.00   .5324717E-11
  5.0   14900.00   .5251250E-11
  5.0   14910.00   .5177742E-11
  5.0   14920.00   .5104192E-11
  5.0   14930.00   .5030593E-11
  5.0   14940.00   .4956944E-11
  5.0   14950.00   .4883261E-11
  5.0   14960.00   .4809530E-11
  5.0   14970.00   .4735750E-11
  5.0   14980.00   .4661935E-11
  5.0   14990.00   .4588069E-11
  5.0   15000.00   .4514159E-11
  5.0   15010.00   .4515470E-11
  5.0   15020.00   .4516782E-11
  5.0   15030.00   .4518095E-11
  5.0   15040.00   .4519407E-11
  5.0   15050.00   .4520716E-11
  5.0   15060.00   .4522024E-11
  5.0   15070.00   .4523334E-11
  5.0   15080.00   .4524645E-11
  5.0   15090.00   .4525950E-11
  5.0   15100.00   .4527259E-11
  5.0   15110.00   .4528566E-11
  5.0   15120.00   .4529867E-11
  5.0   15130.00   .4531177E-11
  5.0   15140.00   .4532481E-11
  5.0   15150.00   .4533786E-11
  5.0   15160.00   .4535089E-11
  5.0   15170.00   .4536390E-11
  5.0   15180.00   .4537694E-11
  5.0   15190.00   .4538996E-11
  5.0   15200.00   .4540297E-11
  5.0   15210.00   .4541596E-11
  5.0   15220.00   .4542899E-11
  5.0   15230.00   .4544194E-11
  5.0   15240.00   .4545494E-11
  5.0   15250.00   .4546791E-11
  5.0   15260.00   .4548086E-11
  5.0   15270.00   .4549383E-11
  5.0   15280.00   .4550678E-11
  5.0   15290.00   .4551971E-11
  5.0   15300.00   .4553266E-11
  5.0   15310.00   .4554557E-11
  5.0   15320.00   .4555850E-11
  5.0   15330.00   .4557144E-11
  5.0   15340.00   .4558431E-11
  5.0   15350.00   .4559721E-11
  5.0   15360.00   .4561008E-11
  5.0   15370.00   .4562298E-11
  5.0   15380.00   .4563582E-11
  5.0   15390.00   .4564868E-11
  5.0   15400.00   .4566152E-11
  5.0   15410.00   .4567439E-11
  5.0   15420.00   .4568721E-11
  5.0   15430.00   .4570003E-11
  5.0   15440.00   .4571287E-11
  5.0   15450.00   .4572569E-11
  5.0   15460.00   .4573845E-11
  5.0   15470.00   .4575125E-11
  5.0   15480.00   .4576402E-11
  5.0   15490.00   .4577681E-11
  5.0   15500.00   .4578956E-11
  5.0   15510.00   .4580228E-11
  5.0   15520.00   .4581506E-11
  5.0   15530.00   .4582774E-11
  5.0   15540.00   .4584049E-11
  5.0   15550.00   .4585316E-11
  5.0   15560.00   .4586586E-11
  5.0   15570.00   .4587856E-11
  5.0   15580.00   .4589125E-11
  5.0   15590.00   .4590389E-11
  5.0   15600.00   .4591655E-11
  5.0   15610.00   .4592920E-11
  5.0   15620.00   .4594182E-11
  5.0   15630.00   .4595445E-11
  5.0   15640.00   .4596704E-11
  5.0   15650.00   .4597966E-11
  5.0   15660.00   .4599223E-11
  5.0   15670.00   .4600479E-11
  5.0   15680.00   .4601737E-11
  5.0   15690.00   .4602991E-11
  5.0   15700.00   .4604246E-11
  5.0   15710.00   .4605499E-11
  5.0   15720.00   .4606750E-11
  5.0   15730.00   .4607999E-11
  5.0   15740.00   .4609251E-11
  5.0   15750.00   .4610497E-11
  5.0   15760.00   .4611743E-11
  5.0   15770.00   .4612993E-11
  5.0   15780.00   .4614235E-11
  5.0   15790.00   .4615475E-11
  5.0   15800.00   .4616719E-11
  5.0   15810.00   .4617957E-11
  5.0   15820.00   .4619195E-11
  5.0   15830.00   .4620435E-11
  5.0   15840.00   .4621668E-11
  5.0   15850.00   .4622903E-11
  5.0   15860.00   .4624137E-11
  5.0   15870.00   .4625370E-11
  5.0   15880.00   .4626600E-11
  5.0   15890.00   .4627829E-11
  5.0   15900.00   .4629056E-11
  5.0   15910.00   .4630285E-11
  5.0   15920.00   .4631509E-11
  5.0   15930.00   .4632732E-11
  5.0   15940.00   .4633953E-11
  5.0   15950.00   .4635175E-11
  5.0   15960.00   .4636396E-11
  5.0   15970.00   .4637610E-11
  5.0   15980.00   .4638829E-11
  5.0   15990.00   .4640043E-11
  5.0   16000.00   .4641258E-11
  5.0   16010.00   .4642468E-11
  5.0   16020.00   .4643679E-11
  5.0   16030.00   .4644884E-11
  5.0   16040.00   .4646093E-11
  5.0   16050.00   .4647301E-11
  5.0   16060.00   .4648503E-11
  5.0   16070.00   .4649706E-11
  5.0   16080.00   .4650906E-11
  5.0   16090.00   .4652105E-11
  5.0   16100.00   .4653302E-11
  5.0   16110.00   .4654496E-11
  5.0   16120.00   .4655694E-11
  5.0   16130.00   .4656885E-11
  5.0   16140.00   .4658074E-11
  5.0   16150.00   .4659263E-11
  5.0   16160.00   .4660453E-11
  5.0   16170.00   .4661638E-11
  5.0   16180.00   .4662821E-11
  5.0   16190.00   .4664008E-11
  5.0   16200.00   .4665185E-11
  5.0   16210.00   .4666361E-11
  5.0   16220.00   .4667542E-11
  5.0   16230.00   .4668712E-11
  5.0   16240.00   .4669889E-11
  5.0   16250.00   .4671059E-11
  5.0   16260.00   .4671013E-11
  5.0   16270.00   .4670972E-11
  5.0   16280.00   .4670926E-11
  5.0   16290.00   .4670884E-11
  5.0   16300.00   .4670840E-11
  5.0   16310.00   .4670797E-11
  5.0   16320.00   .4670751E-11
  5.0   16330.00   .4670707E-11
  5.0   16340.00   .4670660E-11
  5.0   16350.00   .4670618E-11
  5.0   16360.00   .4670574E-11
  5.0   16370.00   .4670526E-11
  5.0   16380.00   .4670482E-11
  5.0   16390.00   .4670433E-11
  5.0   16400.00   .4670386E-11
  5.0   16410.00   .4670341E-11
  5.0   16420.00   .4670291E-11
  5.0   16430.00   .4670246E-11
  5.0   16440.00   .4670194E-11
  5.0   16450.00   .4670149E-11
  5.0   16460.00   .4670099E-11
  5.0   16470.00   .4670049E-11
  5.0   16480.00   .4669998E-11
  5.0   16490.00   .4669947E-11
  5.0   16500.00   .4669897E-11
  5.0   16510.00   .4669846E-11
  5.0   16520.00   .4669792E-11
  5.0   16530.00   .4669737E-11
  5.0   16540.00   .4669686E-11
  5.0   16550.00   .4669632E-11
  5.0   16560.00   .4669579E-11
  5.0   16570.00   .4669521E-11
  5.0   16580.00   .4669469E-11
  5.0   16590.00   .4669410E-11
  5.0   16600.00   .4669354E-11
  5.0   16610.00   .4669297E-11
  5.0   16620.00   .4669239E-11
  5.0   16630.00   .4669179E-11
  5.0   16640.00   .4669120E-11
  5.0   16650.00   .4669058E-11
  5.0   16660.00   .4668998E-11
  5.0   16670.00   .4668934E-11
  5.0   16680.00   .4668875E-11
  5.0   16690.00   .4668810E-11
  5.0   16700.00   .4668745E-11
  5.0   16710.00   .4668679E-11
  5.0   16720.00   .4668615E-11
  5.0   16730.00   .4668548E-11
  5.0   16740.00   .4668481E-11
  5.0   16750.00   .4668411E-11
  5.0   16760.00   .4668343E-11
  5.0   16770.00   .4668272E-11
  5.0   16780.00   .4668201E-11
  5.0   16790.00   .4668129E-11
  5.0   16800.00   .4668055E-11
  5.0   16810.00   .4667984E-11
  5.0   16820.00   .4667909E-11
  5.0   16830.00   .4667832E-11
  5.0   16840.00   .4667755E-11
  5.0   16850.00   .4667676E-11
  5.0   16860.00   .4667601E-11
  5.0   16870.00   .4667518E-11
  5.0   16880.00   .4667438E-11
  5.0   16890.00   .4667358E-11
  5.0   16900.00   .4667276E-11
  5.0   16910.00   .4667194E-11
  5.0   16920.00   .4667106E-11
  5.0   16930.00   .4667024E-11
  5.0   16940.00   .4666934E-11
  5.0   16950.00   .4666849E-11
  5.0   16960.00   .4666762E-11
  5.0   16970.00   .4666672E-11
  5.0   16980.00   .4666580E-11
  5.0   16990.00   .4666489E-11
  5.0   17000.00   .4666397E-11
  5.0   17010.00   .4666306E-11
  5.0   17020.00   .4666213E-11
  5.0   17030.00   .4666116E-11
  5.0   17040.00   .4666023E-11
  5.0   17050.00   .4665924E-11
  5.0   17060.00   .4665828E-11
  5.0   17070.00   .4665731E-11
  5.0   17080.00   .4665633E-11
  5.0   17090.00   .4665532E-11
  5.0   17100.00   .4665430E-11
  5.0   17110.00   .4665331E-11
  5.0   17120.00   .4665226E-11
  5.0   17130.00   .4665126E-11
  5.0   17140.00   .4665020E-11
  5.0   17150.00   .4664914E-11
  5.0   17160.00   .4664808E-11
  5.0   17170.00   .4664698E-11
  5.0   17180.00   .4664591E-11
  5.0   17190.00   .4664481E-11
  5.0   17200.00   .4664371E-11
  5.0   17210.00   .4664258E-11
  5.0   17220.00   .4664148E-11
  5.0   17230.00   .4664034E-11
  5.0   17240.00   .4663919E-11
  5.0   17250.00   .4663809E-11
  5.0   17260.00   .4663692E-11
  5.0   17270.00   .4663575E-11
  5.0   17280.00   .4663459E-11
  5.0   17290.00   .4663342E-11
  5.0   17300.00   .4663225E-11
  5.0   17310.00   .4663107E-11
  5.0   17320.00   .4662983E-11
  5.0   17330.00   .4662858E-11
  5.0   17340.00   .4662741E-11
  5.0   17350.00   .4662618E-11
  5.0   17360.00   .4662493E-11
  5.0   17370.00   .4662368E-11
  5.0   17380.00   .4662242E-11
  5.0   17390.00   .4662116E-11
  5.0   17400.00   .4661988E-11
  5.0   17410.00   .4661858E-11
  5.0   17420.00   .4661729E-11
  5.0   17430.00   .4661601E-11
  5.0   17440.00   .4661468E-11
  5.0   17450.00   .4661334E-11
  5.0   17460.00   .4661206E-11
  5.0   17470.00   .4661073E-11
  5.0   17480.00   .4660937E-11
  5.0   17490.00   .4660803E-11
  5.0   17500.00   .4660670E-11
  5.0   17510.00   .4660529E-11
  5.0   17520.00   .4660392E-11
  5.0   17530.00   .4660254E-11
  5.0   17540.00   .4660118E-11
  5.0   17550.00   .4659972E-11
  5.0   17560.00   .4659831E-11
  5.0   17570.00   .4659686E-11
  5.0   17580.00   .4659547E-11
  5.0   17590.00   .4659403E-11
  5.0   17600.00   .4659262E-11
  5.0   17610.00   .4659111E-11
  5.0   17620.00   .4658969E-11
  5.0   17630.00   .4658818E-11
  5.0   17640.00   .4658673E-11
  5.0   17650.00   .4658524E-11
  5.0   17660.00   .4658375E-11
  5.0   17670.00   .4658221E-11
  5.0   17680.00   .4658073E-11
  5.0   17690.00   .4657918E-11
  5.0   17700.00   .4657767E-11
  5.0   17710.00   .4657612E-11
  5.0   17720.00   .4657457E-11
  5.0   17730.00   .4657304E-11
  5.0   17740.00   .4657147E-11
  5.0   17750.00   .4656990E-11
  5.0   17760.00   .4656830E-11
  5.0   17770.00   .4656679E-11
  5.0   17780.00   .4656519E-11
  5.0   17790.00   .4656353E-11
  5.0   17800.00   .4656196E-11
  5.0   17810.00   .4656034E-11
  5.0   17820.00   .4655870E-11
  5.0   17830.00   .4655709E-11
  5.0   17840.00   .4655542E-11
  5.0   17850.00   .4655381E-11
  5.0   17860.00   .4655214E-11
  5.0   17870.00   .4655046E-11
  5.0   17880.00   .4654878E-11
  5.0   17890.00   .4654713E-11
  5.0   17900.00   .4654541E-11
  5.0   17910.00   .4654374E-11
  5.0   17920.00   .4654198E-11
  5.0   17930.00   .4654031E-11
  5.0   17940.00   .4653857E-11
  5.0   17950.00   .4653685E-11
  5.0   17960.00   .4653514E-11
  5.0   17970.00   .4653335E-11
  5.0   17980.00   .4653164E-11
  5.0   17990.00   .4652990E-11
  5.0   18000.00   .4652812E-11
  5.0   18010.00   .4639481E-11
  5.0   18020.00   .4626152E-11
  5.0   18030.00   .4612824E-11
  5.0   18040.00   .4599493E-11
  5.0   18050.00   .4586167E-11
  5.0   18060.00   .4572838E-11
  5.0   18070.00   .4559512E-11
  5.0   18080.00   .4546185E-11
  5.0   18090.00   .4532858E-11
  5.0   18100.00   .4519527E-11
  5.0   18110.00   .4506201E-11
  5.0   18120.00   .4492877E-11
  5.0   18130.00   .4479553E-11
  5.0   18140.00   .4466227E-11
  5.0   18150.00   .4452901E-11
  5.0   18160.00   .4439573E-11
  5.0   18170.00   .4426251E-11
  5.0   18180.00   .4412925E-11
  5.0   18190.00   .4399603E-11
  5.0   18200.00   .4386279E-11
  5.0   18210.00   .4372956E-11
  5.0   18220.00   .4359636E-11
  5.0   18230.00   .4346312E-11
  5.0   18240.00   .4332988E-11
  5.0   18250.00   .4319667E-11
  5.0   18260.00   .4306347E-11
  5.0   18270.00   .4293027E-11
  5.0   18280.00   .4279704E-11
  5.0   18290.00   .4266384E-11
  5.0   18300.00   .4253065E-11
  5.0   18310.00   .4239749E-11
  5.0   18320.00   .4226429E-11
  5.0   18330.00   .4213110E-11
  5.0   18340.00   .4199795E-11
  5.0   18350.00   .4186477E-11
  5.0   18360.00   .4173163E-11
  5.0   18370.00   .4159847E-11
  5.0   18380.00   .4146531E-11
  5.0   18390.00   .4133215E-11
  5.0   18400.00   .4119901E-11
  5.0   18410.00   .4106591E-11
  5.0   18420.00   .4093275E-11
  5.0   18430.00   .4079963E-11
  5.0   18440.00   .4066650E-11
  5.0   18450.00   .4053338E-11
  5.0   18460.00   .4040029E-11
  5.0   18470.00   .4026718E-11
  5.0   18480.00   .4013408E-11
  5.0   18490.00   .4000101E-11
  5.0   18500.00   .3986792E-11
  5.0   18510.00   .3973484E-11
  5.0   18520.00   .3960175E-11
  5.0   18530.00   .3946870E-11
  5.0   18540.00   .3933564E-11
  5.0   18550.00   .3920259E-11
  5.0   18560.00   .3906955E-11
  5.0   18570.00   .3893650E-11
  5.0   18580.00   .3880348E-11
  5.0   18590.00   .3867044E-11
  5.0   18600.00   .3853741E-11
  5.0   18610.00   .3840440E-11
  5.0   18620.00   .3827140E-11
  5.0   18630.00   .3813841E-11
  5.0   18640.00   .3800540E-11
  5.0   18650.00   .3787245E-11
  5.0   18660.00   .3773944E-11
  5.0   18670.00   .3760648E-11
  5.0   18680.00   .3747351E-11
  5.0   18690.00   .3734056E-11
  5.0   18700.00   .3720761E-11
  5.0   18710.00   .3707466E-11
  5.0   18720.00   .3694174E-11
  5.0   18730.00   .3680880E-11
  5.0   18740.00   .3667587E-11
  5.0   18750.00   .3654298E-11
  5.0   18760.00   .3641007E-11
  5.0   18770.00   .3627719E-11
  5.0   18780.00   .3614429E-11
  5.0   18790.00   .3601143E-11
  5.0   18800.00   .3587856E-11
  5.0   18810.00   .3574569E-11
  5.0   18820.00   .3561283E-11
  5.0   18830.00   .3548000E-11
  5.0   18840.00   .3534715E-11
  5.0   18850.00   .3521432E-11
  5.0   18860.00   .3508151E-11
  5.0   18870.00   .3494868E-11
  5.0   18880.00   .3481589E-11
  5.0   18890.00   .3468310E-11
  5.0   18900.00   .3455032E-11
  5.0   18910.00   .3441756E-11
  5.0   18920.00   .3428480E-11
  5.0   18930.00   .3415199E-11
  5.0   18940.00   .3401926E-11
  5.0   18950.00   .3388652E-11
  5.0   18960.00   .3375381E-11
  5.0   18970.00   .3362104E-11
  5.0   18980.00   .3348837E-11
  5.0   18990.00   .3335564E-11
  5.0   19000.00   .3322297E-11
  5.0   19010.00   .3309027E-11
  5.0   19020.00   .3295763E-11
  5.0   19030.00   .3282495E-11
  5.0   19040.00   .3269228E-11
  5.0   19050.00   .3255964E-11
  5.0   19060.00   .3242700E-11
  5.0   19070.00   .3229439E-11
  5.0   19080.00   .3216179E-11
  5.0   19090.00   .3202917E-11
  5.0   19100.00   .3189657E-11
  5.0   19110.00   .3176399E-11
  5.0   19120.00   .3163141E-11
  5.0   19130.00   .3149885E-11
  5.0   19140.00   .3136629E-11
  5.0   19150.00   .3123376E-11
  5.0   19160.00   .3110122E-11
  5.0   19170.00   .3096869E-11
  5.0   19180.00   .3083618E-11
  5.0   19190.00   .3070369E-11
  5.0   19200.00   .3057119E-11
  5.0   19210.00   .3043873E-11
  5.0   19220.00   .3030625E-11
  5.0   19230.00   .3017379E-11
  5.0   19240.00   .3004135E-11
  5.0   19250.00   .2990891E-11
  5.0   19260.00   .2977649E-11
  5.0   19270.00   .2964406E-11
  5.0   19280.00   .2951169E-11
  5.0   19290.00   .2937928E-11
  5.0   19300.00   .2924690E-11
  5.0   19310.00   .2911451E-11
  5.0   19320.00   .2898219E-11
  5.0   19330.00   .2884983E-11
  5.0   19340.00   .2871751E-11
  5.0   19350.00   .2858518E-11
  5.0   19360.00   .2845288E-11
  5.0   19370.00   .2832056E-11
  5.0   19380.00   .2818827E-11
  5.0   19390.00   .2805601E-11
  5.0   19400.00   .2792372E-11
  5.0   19410.00   .2779149E-11
  5.0   19420.00   .2765925E-11
  5.0   19430.00   .2752704E-11
  5.0   19440.00   .2739481E-11
  5.0   19450.00   .2726260E-11
  5.0   19460.00   .2713040E-11
  5.0   19470.00   .2699824E-11
  5.0   19480.00   .2686606E-11
  5.0   19490.00   .2673390E-11
  5.0   19500.00   .2660177E-11
  5.0   19510.00   .2646963E-11
  5.0   19520.00   .2633751E-11
  5.0   19530.00   .2620542E-11
  5.0   19540.00   .2607332E-11
  5.0   19550.00   .2594125E-11
  5.0   19560.00   .2580920E-11
  5.0   19570.00   .2567713E-11
  5.0   19580.00   .2554510E-11
  5.0   19590.00   .2541305E-11
  5.0   19600.00   .2528107E-11
  5.0   19610.00   .2514906E-11
  5.0   19620.00   .2501705E-11
  5.0   19630.00   .2488508E-11
  5.0   19640.00   .2475312E-11
  5.0   19650.00   .2462117E-11
  5.0   19660.00   .2448925E-11
  5.0   19670.00   .2435732E-11
  5.0   19680.00   .2422541E-11
  5.0   19690.00   .2409352E-11
  5.0   19700.00   .2396165E-11
  5.0   19710.00   .2382977E-11
  5.0   19720.00   .2369794E-11
  5.0   19730.00   .2356612E-11
  5.0   19740.00   .2343429E-11
  5.0   19750.00   .2330248E-11
  5.0   19760.00   .2317070E-11
  5.0   19770.00   .2303892E-11
  5.0   19780.00   .2290716E-11
  5.0   19790.00   .2277543E-11
  5.0   19800.00   .2264369E-11
  5.0   19810.00   .2251199E-11
  5.0   19820.00   .2238028E-11
  5.0   19830.00   .2224861E-11
  5.0   19840.00   .2211694E-11
  5.0   19850.00   .2198529E-11
  5.0   19860.00   .2185367E-11
  5.0   19870.00   .2172204E-11
  5.0   19880.00   .2159045E-11
  5.0   19890.00   .2145887E-11
  5.0   19900.00   .2132728E-11
  5.0   19910.00   .2119573E-11
  5.0   19920.00   .2106421E-11
  5.0   19930.00   .2093269E-11
  5.0   19940.00   .2080119E-11
  5.0   19950.00   .2066970E-11
  5.0   19960.00   .2053822E-11
  5.0   19970.00   .2040678E-11
  5.0   19980.00   .2027534E-11
  5.0   19990.00   .2014392E-11
  5.0   20000.00   .2001252E-11
  5.0   20010.00   .1988114E-11
  5.0   20020.00   .1974978E-11
  5.0   20030.00   .1961840E-11
  5.0   20040.00   .1948708E-11
  5.0   20050.00   .1935577E-11
  5.0   20060.00   .1922447E-11
  5.0   20070.00   .1909319E-11
  5.0   20080.00   .1896193E-11
  5.0   20090.00   .1883068E-11
  5.0   20100.00   .1869946E-11
  5.0   20110.00   .1869830E-11
  5.0   20120.00   .1869718E-11
  5.0   20130.00   .1869602E-11
  5.0   20140.00   .1869487E-11
  5.0   20150.00   .1869376E-11
  5.0   20160.00   .1869260E-11
  5.0   20170.00   .1869149E-11
  5.0   20180.00   .1869033E-11
  5.0   20190.00   .1868920E-11
  5.0   20200.00   .1868808E-11
  5.0   20210.00   .1868695E-11
  5.0   20220.00   .1868584E-11
  5.0   20230.00   .1868471E-11
  5.0   20240.00   .1868359E-11
  5.0   20250.00   .1868247E-11
  5.0   20260.00   .1868136E-11
  5.0   20270.00   .1868026E-11
  5.0   20280.00   .1867915E-11
  5.0   20290.00   .1867803E-11
  5.0   20300.00   .1867693E-11
  5.0   20310.00   .1867583E-11
  5.0   20320.00   .1867475E-11
  5.0   20330.00   .1867365E-11
  5.0   20340.00   .1867256E-11
  5.0   20350.00   .1867148E-11
  5.0   20360.00   .1867039E-11
  5.0   20370.00   .1866932E-11
  5.0   20380.00   .1866824E-11
  5.0   20390.00   .1866716E-11
  5.0   20400.00   .1866610E-11
  5.0   20410.00   .1866503E-11
  5.0   20420.00   .1866397E-11
  5.0   20430.00   .1866292E-11
  5.0   20440.00   .1866187E-11
  5.0   20450.00   .1866083E-11
  5.0   20460.00   .1865977E-11
  5.0   20470.00   .1865873E-11
  5.0   20480.00   .1865770E-11
  5.0   20490.00   .1865666E-11
  5.0   20500.00   .1865564E-11
  5.0   20510.00   .1865462E-11
  5.0   20520.00   .1865360E-11
  5.0   20530.00   .1865259E-11
  5.0   20540.00   .1865157E-11
  5.0   20550.00   .1865056E-11
  5.0   20560.00   .1864957E-11
  5.0   20570.00   .1864857E-11
  5.0   20580.00   .1864760E-11
  5.0   20590.00   .1864662E-11
  5.0   20600.00   .1864564E-11
  5.0   20610.00   .1864465E-11
  5.0   20620.00   .1864369E-11
  5.0   20630.00   .1864272E-11
  5.0   20640.00   .1864177E-11
  5.0   20650.00   .1864082E-11
  5.0   20660.00   .1863987E-11
  5.0   20670.00   .1863892E-11
  5.0   20680.00   .1863800E-11
  5.0   20690.00   .1863707E-11
  5.0   20700.00   .1863613E-11
  5.0   20710.00   .1863523E-11
  5.0   20720.00   .1863432E-11
  5.0   20730.00   .1863341E-11
  5.0   20740.00   .1863250E-11
  5.0   20750.00   .1863162E-11
  5.0   20760.00   .1863073E-11
  5.0   20770.00   .1862985E-11
  5.0   20780.00   .1862896E-11
  5.0   20790.00   .1862812E-11
  5.0   20800.00   .1862725E-11
  5.0   20810.00   .1862638E-11
  5.0   20820.00   .1862554E-11
  5.0   20830.00   .1862470E-11
  5.0   20840.00   .1862386E-11
  5.0   20850.00   .1862306E-11
  5.0   20860.00   .1862222E-11
  5.0   20870.00   .1862141E-11
  5.0   20880.00   .1862061E-11
  5.0   20890.00   .1861981E-11
  5.0   20900.00   .1861902E-11
  5.0   20910.00   .1861823E-11
  5.0   20920.00   .1861745E-11
  5.0   20930.00   .1861668E-11
  5.0   20940.00   .1861592E-11
  5.0   20950.00   .1861516E-11
  5.0   20960.00   .1861443E-11
  5.0   20970.00   .1861369E-11
  5.0   20980.00   .1861298E-11
  5.0   20990.00   .1861224E-11
  5.0   21000.00   .1861154E-11
  5.0   21010.00   .1861082E-11
  5.0   21020.00   .1861013E-11
  5.0   21030.00   .1860943E-11
  5.0   21040.00   .1860875E-11
  5.0   21050.00   .1860808E-11
  5.0   21060.00   .1860740E-11
  5.0   21070.00   .1860676E-11
  5.0   21080.00   .1860611E-11
  5.0   21090.00   .1860547E-11
  5.0   21100.00   .1860483E-11
  5.0   21110.00   .1860422E-11
  5.0   21120.00   .1860361E-11
  5.0   21130.00   .1860301E-11
  5.0   21140.00   .1860239E-11
  5.0   21150.00   .1860183E-11
  5.0   21160.00   .1860124E-11
  5.0   21170.00   .1860069E-11
  5.0   21180.00   .1860012E-11
  5.0   21190.00   .1859957E-11
  5.0   21200.00   .1859904E-11
  5.0   21210.00   .1859850E-11
  5.0   21220.00   .1859798E-11
  5.0   21230.00   .1859748E-11
  5.0   21240.00   .1859698E-11
  5.0   21250.00   .1859649E-11
  5.0   21260.00   .1859600E-11
  5.0   21270.00   .1859553E-11
  5.0   21280.00   .1859508E-11
  5.0   21290.00   .1859462E-11
  5.0   21300.00   .1859417E-11
  5.0   21310.00   .1859375E-11
  5.0   21320.00   .1859332E-11
  5.0   21330.00   .1859292E-11
  5.0   21340.00   .1859252E-11
  5.0   21350.00   .1859214E-11
  5.0   21360.00   .1859176E-11
  5.0   21370.00   .1859139E-11
  5.0   21380.00   .1859101E-11
  5.0   21390.00   .1859067E-11
  5.0   21400.00   .1859035E-11
  5.0   21410.00   .1859001E-11
  5.0   21420.00   .1858971E-11
  5.0   21430.00   .1858940E-11
  5.0   21440.00   .1858913E-11
  5.0   21450.00   .1858883E-11
  5.0   21460.00   .1858857E-11
  5.0   21470.00   .1858832E-11
  5.0   21480.00   .1858807E-11
  5.0   21490.00   .1858784E-11
  5.0   21500.00   .1858762E-11
  5.0   21510.00   .1858740E-11
  5.0   21520.00   .1858721E-11
  5.0   21530.00   .1858701E-11
  5.0   21540.00   .1858685E-11
  5.0   21550.00   .1858667E-11
  5.0   21560.00   .1858652E-11
  5.0   21570.00   .1858640E-11
  5.0   21580.00   .1858626E-11
  5.0   21590.00   .1858615E-11
  5.0   21600.00   .1858605E-11
  5.0   21610.00   .1858596E-11
  5.0   21620.00   .1858587E-11
  5.0   21630.00   .1858581E-11
  5.0   21640.00   .1858575E-11
  5.0   21650.00   .1858570E-11
  5.0   21660.00   .1858570E-11
  5.0   21670.00   .1858568E-11
  5.0   21680.00   .1858566E-11
  5.0   21690.00   .1858570E-11
  5.0   21700.00   .1858571E-11
  5.0   21710.00   .1858575E-11
  5.0   21720.00   .1858581E-11
  5.0   21730.00   .1858586E-11
  5.0   21740.00   .1858594E-11
  5.0   21750.00   .1858604E-11
  5.0   21760.00   .1858613E-11
  5.0   21770.00   .1858625E-11
  5.0   21780.00   .1858638E-11
  5.0   21790.00   .1858653E-11
  5.0   21800.00   .1858669E-11
  5.0   21810.00   .1858687E-11
  5.0   21820.00   .1858705E-11
  5.0   21830.00   .1858725E-11
  5.0   21840.00   .1858747E-11
  5.0   21850.00   .1858768E-11
  5.0   21860.00   .1858793E-11
  5.0   21870.00   .1858819E-11
  5.0   21880.00   .1858847E-11
  5.0   21890.00   .1858875E-11
  5.0   21900.00   .1858907E-11
  5.0   21910.00   .1858937E-11
  5.0   21920.00   .1858969E-11
  5.0   21930.00   .1859004E-11
  5.0   21940.00   .1859040E-11
  5.0   21950.00   .1859076E-11
  5.0   21960.00   .1859115E-11
  5.0   21970.00   .1859156E-11
  5.0   21980.00   .1859198E-11
  5.0   21990.00   .1859241E-11
  5.0   22000.00   .1859289E-11
  5.0   22010.00   .1859333E-11
  5.0   22020.00   .1859381E-11
  5.0   22030.00   .1859431E-11
  5.0   22040.00   .1859481E-11
  5.0   22050.00   .1859534E-11
  5.0   22060.00   .1859588E-11
  5.0   22070.00   .1859644E-11
  5.0   22080.00   .1859702E-11
  5.0   22090.00   .1859761E-11
  5.0   22100.00   .1859820E-11
  5.0   22110.00   .1859881E-11
  5.0   22120.00   .1859948E-11
  5.0   22130.00   .1860011E-11
  5.0   22140.00   .1860079E-11
  5.0   22150.00   .1860148E-11
  5.0   22160.00   .1860219E-11
  5.0   22170.00   .1860289E-11
  5.0   22180.00   .1860363E-11
  5.0   22190.00   .1860440E-11
  5.0   22200.00   .1860514E-11
  5.0   22210.00   .1860594E-11
  5.0   22220.00   .1860676E-11
  5.0   22230.00   .1860757E-11
  5.0   22240.00   .1860840E-11
  5.0   22250.00   .1860925E-11
  5.0   22260.00   .1861013E-11
  5.0   22270.00   .1861102E-11
  5.0   22280.00   .1861190E-11
  5.0   22290.00   .1861283E-11
  5.0   22300.00   .1861378E-11
  5.0   22310.00   .1861472E-11
  5.0   22320.00   .1861570E-11
  5.0   22330.00   .1861669E-11
  5.0   22340.00   .1861771E-11
  5.0   22350.00   .1861874E-11
  5.0   22360.00   .1861978E-11
  5.0   22370.00   .1862085E-11
  5.0   22380.00   .1862192E-11
  5.0   22390.00   .1862303E-11
  5.0   22400.00   .1862414E-11
  5.0   22410.00   .1862528E-11
  5.0   22420.00   .1862642E-11
  5.0   22430.00   .1862762E-11
  5.0   22440.00   .1862877E-11
  5.0   22450.00   .1862999E-11
  5.0   22460.00   .1863122E-11
  5.0   22470.00   .1863246E-11
  5.0   22480.00   .1863372E-11
  5.0   22490.00   .1863498E-11
  5.0   22500.00   .1863626E-11
  5.0   22510.00   .1863759E-11
  5.0   22520.00   .1863893E-11
  5.0   22530.00   .1864026E-11
  5.0   22540.00   .1864160E-11
  5.0   22550.00   .1864301E-11
  5.0   22560.00   .1864439E-11
  5.0   22570.00   .1864581E-11
  5.0   22580.00   .1864724E-11
  5.0   22590.00   .1864867E-11
  5.0   22600.00   .1865013E-11
  5.0   22610.00   .1865163E-11
  5.0   22620.00   .1865310E-11
  5.0   22630.00   .1865462E-11
  5.0   22640.00   .1865615E-11
  5.0   22650.00   .1865771E-11
  5.0   22660.00   .1865924E-11
  5.0   22670.00   .1866083E-11
  5.0   22680.00   .1866242E-11
  5.0   22690.00   .1866403E-11
  5.0   22700.00   .1866564E-11
  5.0   22710.00   .1866728E-11
  5.0   22720.00   .1866895E-11
  5.0   22730.00   .1867062E-11
  5.0   22740.00   .1867230E-11
  5.0   22750.00   .1867400E-11
  5.0   22760.00   .1867572E-11
  5.0   22770.00   .1867745E-11
  5.0   22780.00   .1867920E-11
  5.0   22790.00   .1868096E-11
  5.0   22800.00   .1868273E-11
  5.0   22810.00   .1868454E-11
  5.0   22820.00   .1868634E-11
  5.0   22830.00   .1868818E-11
  5.0   22840.00   .1869002E-11
  5.0   22850.00   .1869187E-11
  5.0   22860.00   .1869374E-11
  5.0   22870.00   .1869562E-11
  5.0   22880.00   .1869751E-11
  5.0   22890.00   .1869942E-11
  5.0   22900.00   .1870136E-11
  5.0   22910.00   .1870332E-11
  5.0   22920.00   .1870526E-11
  5.0   22930.00   .1870724E-11
  5.0   22940.00   .1870921E-11
  5.0   22950.00   .1871123E-11
  5.0   22960.00   .1871326E-11
  5.0   22970.00   .1871526E-11
  5.0   22980.00   .1871732E-11
  5.0   22990.00   .1871935E-11
  5.0   23000.00   .1872142E-11
  5.0   23010.00   .1872353E-11
  5.0   23020.00   .1872562E-11
  5.0   23030.00   .1872775E-11
  5.0   23040.00   .1872986E-11
  5.0   23050.00   .1873200E-11
  5.0   23060.00   .1873415E-11
  5.0   23070.00   .1873632E-11
  5.0   23080.00   .1873851E-11
  5.0   23090.00   .1874069E-11
  5.0   23100.00   .1874289E-11
  5.0   23110.00   .1874513E-11
  5.0   23120.00   .1874735E-11
  5.0   23130.00   .1874960E-11
  5.0   23140.00   .1875186E-11
  5.0   23150.00   .1875414E-11
  5.0   23160.00   .1875642E-11
  5.0   23170.00   .1875871E-11
  5.0   23180.00   .1876102E-11
  5.0   23190.00   .1876335E-11
  5.0   23200.00   .1876569E-11
  5.0   23210.00   .1876806E-11
  5.0   23220.00   .1877041E-11
  5.0   23230.00   .1877279E-11
  5.0   23240.00   .1877517E-11
  5.0   23250.00   .1877757E-11
  5.0   23260.00   .1877999E-11
  5.0   23270.00   .1878241E-11
  5.0   23280.00   .1878485E-11
  5.0   23290.00   .1878729E-11
  5.0   23300.00   .1878974E-11
  5.0   23310.00   .1879221E-11
  5.0   23320.00   .1879470E-11
  5.0   23330.00   .1879719E-11
  5.0   23340.00   .1879972E-11
  5.0   23350.00   .1880223E-11
  5.0   23360.00   .1880476E-11
  5.0   23370.00   .1880730E-11
  5.0   23380.00   .1880985E-11
  5.0   23390.00   .1881243E-11
  5.0   23400.00   .1881500E-11
  5.0   23410.00   .1881758E-11
  5.0   23420.00   .1882019E-11
  5.0   23430.00   .1882281E-11
  5.0   23440.00   .1882543E-11
  5.0   23450.00   .1882806E-11
  5.0   23460.00   .1883070E-11
  5.0   23470.00   .1883336E-11
  5.0   23480.00   .1883601E-11
  5.0   23490.00   .1883869E-11
  5.0   23500.00   .1884139E-11
  5.0   23510.00   .1884408E-11
  5.0   23520.00   .1884678E-11
  5.0   23530.00   .1884952E-11
  5.0   23540.00   .1885224E-11
  5.0   23550.00   .1885499E-11
  5.0   23560.00   .1885773E-11
  5.0   23570.00   .1886049E-11
  5.0   23580.00   .1886327E-11
  5.0   23590.00   .1886606E-11
  5.0   23600.00   .1886884E-11
  5.0   23610.00   .1887164E-11
  5.0   23620.00   .1887445E-11
  5.0   23630.00   .1887726E-11
  5.0   23640.00   .1888010E-11
  5.0   23650.00   .1888294E-11
  5.0   23660.00   .1888579E-11
  5.0   23670.00   .1888866E-11
  5.0   23680.00   .1889152E-11
  5.0   23690.00   .1889440E-11
  5.0   23700.00   .1889730E-11
  5.0   23710.00   .1890020E-11
  5.0   23720.00   .1890311E-11
  5.0   23730.00   .1890602E-11
  5.0   23740.00   .1890893E-11
  5.0   23750.00   .1891188E-11
  5.0   23760.00   .1891481E-11
  5.0   23770.00   .1891777E-11
  5.0   23780.00   .1892073E-11
  5.0   23790.00   .1892369E-11
  5.0   23800.00   .1892669E-11
  5.0   23810.00   .1892967E-11
  5.0   23820.00   .1893267E-11
  5.0   23830.00   .1893567E-11
  5.0   23840.00   .1893869E-11
  5.0   23850.00   .1894171E-11
  5.0   23860.00   .1894473E-11
  5.0   23870.00   .1894778E-11
  5.0   23880.00   .1895083E-11
  5.0   23890.00   .1895388E-11
  5.0   23900.00   .1895693E-11
  5.0   23910.00   .1896002E-11
  5.0   23920.00   .1896309E-11
  5.0   23930.00   .1896619E-11
  5.0   23940.00   .1896927E-11
  5.0   23950.00   .1897239E-11
  5.0   23960.00   .1897549E-11
  5.0   23970.00   .1897861E-11
  5.0   23980.00   .1898172E-11
  5.0   23990.00   .1898487E-11
  5.0   24000.00   .1898801E-11
  5.0   24010.00   .1899115E-11
  5.0   24020.00   .1899431E-11
  5.0   24030.00   .1899748E-11
  5.0   24040.00   .1900065E-11
  5.0   24050.00   .1900382E-11
  5.0   24060.00   .1900701E-11
  5.0   24070.00   .1901019E-11
  5.0   24080.00   .1901340E-11
  5.0   24090.00   .1901661E-11
  5.0   24100.00   .1901983E-11
  5.0   24110.00   .1902304E-11
  5.0   24120.00   .1902626E-11
  5.0   24130.00   .1902948E-11
  5.0   24140.00   .1903273E-11
  5.0   24150.00   .1903599E-11
  5.0   24160.00   .1903924E-11
  5.0   24170.00   .1904250E-11
  5.0   24180.00   .1904575E-11
  5.0   24190.00   .1904903E-11
  5.0   24200.00   .1905231E-11
  5.0   24210.00   .1905559E-11
  5.0   24220.00   .1905887E-11
  5.0   24230.00   .1906217E-11
  5.0   24240.00   .1906547E-11
  5.0   24250.00   .1906877E-11
  5.0   24260.00   .1907210E-11
  5.0   24270.00   .1907541E-11
  5.0   24280.00   .1907873E-11
  5.0   24290.00   .1908207E-11
  5.0   24300.00   .1908540E-11
  5.0   24310.00   .1908872E-11
  5.0   24320.00   .1909208E-11
  5.0   24330.00   .1909542E-11
  5.0   24340.00   .1909877E-11
  5.0   24350.00   .1910214E-11
  5.0   24360.00   .1910551E-11
  5.0   24370.00   .1910888E-11
  5.0   24380.00   .1911225E-11
  5.0   24390.00   .1911564E-11
  5.0   24400.00   .1911903E-11
  5.0   24410.00   .1912242E-11
  5.0   24420.00   .1912580E-11
  5.0   24430.00   .1912921E-11
  5.0   24440.00   .1913262E-11
  5.0   24450.00   .1913602E-11
  5.0   24460.00   .1913945E-11
  5.0   24470.00   .1914285E-11
  5.0   24480.00   .1914627E-11
  5.0   24490.00   .1914969E-11
  5.0   24500.00   .1915313E-11
  5.0   24510.00   .1915657E-11
  5.0   24520.00   .1916001E-11
  5.0   24530.00   .1916344E-11
  5.0   24540.00   .1916689E-11
  5.0   24550.00   .1917033E-11
  5.0   24560.00   .1917379E-11
  5.0   24570.00   .1917726E-11
  5.0   24580.00   .1918071E-11
  5.0   24590.00   .1918418E-11
  5.0   24600.00   .1918763E-11
  5.0   24610.00   .1919111E-11
  5.0   24620.00   .1919459E-11
  5.0   24630.00   .1919806E-11
  5.0   24640.00   .1920154E-11
  5.0   24650.00   .1920503E-11
  5.0   24660.00   .1920852E-11
  5.0   24670.00   .1921201E-11
  5.0   24680.00   .1921550E-11
  5.0   24690.00   .1921898E-11
  5.0   24700.00   .1922248E-11
  5.0   24710.00   .1922600E-11
  5.0   24720.00   .1922950E-11
  5.0   24730.00   .1923301E-11
  5.0   24740.00   .1923653E-11
  5.0   24750.00   .1924001E-11
  5.0   24760.00   .1924354E-11
  5.0   24770.00   .1924706E-11
  5.0   24780.00   .1925058E-11
  5.0   24790.00   .1925409E-11
  5.0   24800.00   .1925760E-11
  5.0   24810.00   .1926115E-11
  5.0   24820.00   .1926466E-11
  5.0   24830.00   .1926820E-11
  5.0   24840.00   .1927171E-11
  5.0   24850.00   .1927524E-11
  5.0   24860.00   .1927879E-11
  5.0   24870.00   .1928234E-11
  5.0   24880.00   .1928586E-11
  5.0   24890.00   .1928940E-11
  5.0   24900.00   .1929293E-11
  5.0   24910.00   .1929649E-11
  5.0   24920.00   .1930001E-11
  5.0   24930.00   .1930356E-11
  5.0   24940.00   .1930711E-11
  5.0   24950.00   .1931066E-11
  5.0   24960.00   .1931420E-11
  5.0   24970.00   .1931775E-11
  5.0   24980.00   .1932129E-11
  5.0   24990.00   .1932485E-11
  5.0   25000.00   .1932841E-11
