 60.0    1000.00   .5939518E-15
 60.0    1010.00   .2293080E-14
 60.0    1020.00   .6185630E-14
 60.0    1030.00   .1368524E-13
 60.0    1040.00   .2661535E-13
 60.0    1050.00   .4721513E-13
 60.0    1060.00   .7812246E-13
 60.0    1070.00   .1223320E-12
 60.0    1080.00   .1831265E-12
 60.0    1090.00   .2639813E-12
 60.0    1100.00   .3684432E-12
 60.0    1110.00   .4999852E-12
 60.0    1120.00   .6618411E-12
 60.0    1130.00   .8568233E-12
 60.0    1140.00   .1087134E-11
 60.0    1150.00   .1354167E-11
 60.0    1160.00   .1658329E-11
 60.0    1170.00   .1998857E-11
 60.0    1180.00   .2373673E-11
 60.0    1190.00   .2779273E-11
 60.0    1200.00   .3210649E-11
 60.0    1210.00   .3661272E-11
 60.0    1220.00   .4123133E-11
 60.0    1230.00   .4586844E-11
 60.0    1240.00   .5041821E-11
 60.0    1250.00   .5476527E-11
 60.0    1260.00   .5879949E-11
 60.0    1270.00   .6245986E-11
 60.0    1280.00   .6571131E-11
 60.0    1290.00   .6853457E-11
 60.0    1300.00   .7092578E-11
 60.0    1310.00   .7289539E-11
 60.0    1320.00   .7446676E-11
 60.0    1330.00   .7567449E-11
 60.0    1340.00   .7656257E-11
 60.0    1350.00   .7718261E-11
 60.0    1360.00   .7759209E-11
 60.0    1370.00   .7785275E-11
 60.0    1380.00   .7802827E-11
 60.0    1390.00   .7815864E-11
 60.0    1400.00   .7825872E-11
 60.0    1410.00   .7834209E-11
 60.0    1420.00   .7842214E-11
 60.0    1430.00   .7851222E-11
 60.0    1440.00   .7862569E-11
 60.0    1450.00   .7877596E-11
 60.0    1460.00   .7897663E-11
 60.0    1470.00   .7924159E-11
 60.0    1480.00   .7958508E-11
 60.0    1490.00   .8002191E-11
 60.0    1500.00   .8056757E-11
 60.0    1510.00   .8123523E-11
 60.0    1520.00   .8202718E-11
 60.0    1530.00   .8294291E-11
 60.0    1540.00   .8398194E-11
 60.0    1550.00   .8514391E-11
 60.0    1560.00   .8642849E-11
 60.0    1570.00   .8783535E-11
 60.0    1580.00   .8936421E-11
 60.0    1590.00   .9101471E-11
 60.0    1600.00   .9278648E-11
 60.0    1610.00   .9467904E-11
 60.0    1620.00   .9669179E-11
 60.0    1630.00   .9882407E-11
 60.0    1640.00   .1010749E-10
 60.0    1650.00   .1034431E-10
 60.0    1660.00   .1059273E-10
 60.0    1670.00   .1085260E-10
 60.0    1680.00   .1112369E-10
 60.0    1690.00   .1140579E-10
 60.0    1700.00   .1169860E-10
 60.0    1710.00   .1200180E-10
 60.0    1720.00   .1231501E-10
 60.0    1730.00   .1263781E-10
 60.0    1740.00   .1296971E-10
 60.0    1750.00   .1331017E-10
 60.0    1760.00   .1365860E-10
 60.0    1770.00   .1401456E-10
 60.0    1780.00   .1437755E-10
 60.0    1790.00   .1474705E-10
 60.0    1800.00   .1512246E-10
 60.0    1810.00   .1550314E-10
 60.0    1820.00   .1588837E-10
 60.0    1830.00   .1627736E-10
 60.0    1840.00   .1666928E-10
 60.0    1850.00   .1706320E-10
 60.0    1860.00   .1745815E-10
 60.0    1870.00   .1785306E-10
 60.0    1880.00   .1824682E-10
 60.0    1890.00   .1863823E-10
 60.0    1900.00   .1902605E-10
 60.0    1910.00   .1940893E-10
 60.0    1920.00   .1978550E-10
 60.0    1930.00   .2015431E-10
 60.0    1940.00   .2051385E-10
 60.0    1950.00   .2086256E-10
 60.0    1960.00   .2119884E-10
 60.0    1970.00   .2152103E-10
 60.0    1980.00   .2182746E-10
 60.0    1990.00   .2211640E-10
 60.0    2000.00   .2238614E-10
 60.0    2010.00   .2263520E-10
 60.0    2020.00   .2286326E-10
 60.0    2030.00   .2307034E-10
 60.0    2040.00   .2325653E-10
 60.0    2050.00   .2342198E-10
 60.0    2060.00   .2356693E-10
 60.0    2070.00   .2369163E-10
 60.0    2080.00   .2379643E-10
 60.0    2090.00   .2388173E-10
 60.0    2100.00   .2394795E-10
 60.0    2110.00   .2399558E-10
 60.0    2120.00   .2402515E-10
 60.0    2130.00   .2403724E-10
 60.0    2140.00   .2403244E-10
 60.0    2150.00   .2401141E-10
 60.0    2160.00   .2397480E-10
 60.0    2170.00   .2392332E-10
 60.0    2180.00   .2385768E-10
 60.0    2190.00   .2377861E-10
 60.0    2200.00   .2368689E-10
 60.0    2210.00   .2358327E-10
 60.0    2220.00   .2346852E-10
 60.0    2230.00   .2334345E-10
 60.0    2240.00   .2320885E-10
 60.0    2250.00   .2306551E-10
 60.0    2260.00   .2291442E-10
 60.0    2270.00   .2275731E-10
 60.0    2280.00   .2259609E-10
 60.0    2290.00   .2243267E-10
 60.0    2300.00   .2226894E-10
 60.0    2310.00   .2210676E-10
 60.0    2320.00   .2194800E-10
 60.0    2330.00   .2179447E-10
 60.0    2340.00   .2164803E-10
 60.0    2350.00   .2151047E-10
 60.0    2360.00   .2138359E-10
 60.0    2370.00   .2126918E-10
 60.0    2380.00   .2116906E-10
 60.0    2390.00   .2108503E-10
 60.0    2400.00   .2101890E-10
 60.0    2410.00   .2097251E-10
 60.0    2420.00   .2094774E-10
 60.0    2430.00   .2094651E-10
 60.0    2440.00   .2097078E-10
 60.0    2450.00   .2102261E-10
 60.0    2460.00   .2110412E-10
 60.0    2470.00   .2121753E-10
 60.0    2480.00   .2136518E-10
 60.0    2490.00   .2154954E-10
 60.0    2500.00   .2177327E-10
 60.0    2510.00   .2457682E-10
 60.0    2520.00   .3057698E-10
 60.0    2530.00   .3421310E-10
 60.0    2540.00   .3367905E-10
 60.0    2550.00   .3546028E-10
 60.0    2560.00   .3524332E-10
 60.0    2570.00   .3620229E-10
 60.0    2580.00   .3363349E-10
 60.0    2590.00   .3179441E-10
 60.0    2600.00   .2863661E-10
 60.0    2610.00   .2495661E-10
 60.0    2620.00   .2670111E-10
 60.0    2630.00   .2590541E-10
 60.0    2640.00   .3267343E-10
 60.0    2650.00   .3979453E-10
 60.0    2660.00   .5216750E-10
 60.0    2670.00   .7040661E-10
 60.0    2680.00   .9246567E-10
 60.0    2690.00   .1053557E-09
 60.0    2700.00   .1110236E-09
 60.0    2710.00   .1121823E-09
 60.0    2720.00   .1174629E-09
 60.0    2730.00   .1207082E-09
 60.0    2740.00   .1207583E-09
 60.0    2750.00   .1234547E-09
 60.0    2760.00   .1328479E-09
 60.0    2770.00   .1336183E-09
 60.0    2780.00   .1304153E-09
 60.0    2790.00   .1294521E-09
 60.0    2800.00   .1258711E-09
 60.0    2810.00   .1224701E-09
 60.0    2820.00   .1299544E-09
 60.0    2830.00   .1333965E-09
 60.0    2840.00   .1329345E-09
 60.0    2850.00   .1446683E-09
 60.0    2860.00   .1497388E-09
 60.0    2870.00   .1688916E-09
 60.0    2880.00   .1828294E-09
 60.0    2890.00   .1921288E-09
 60.0    2900.00   .1973169E-09
 60.0    2910.00   .2032543E-09
 60.0    2920.00   .2048803E-09
 60.0    2930.00   .1982095E-09
 60.0    2940.00   .1997241E-09
 60.0    2950.00   .1907844E-09
 60.0    2960.00   .1778341E-09
 60.0    2970.00   .1783789E-09
 60.0    2980.00   .1709877E-09
 60.0    2990.00   .1629827E-09
 60.0    3000.00   .1702732E-09
 60.0    3010.00   .1728245E-09
 60.0    3020.00   .1623556E-09
 60.0    3030.00   .1699687E-09
 60.0    3040.00   .1758928E-09
 60.0    3050.00   .1601655E-09
 60.0    3060.00   .1627303E-09
 60.0    3070.00   .1759357E-09
 60.0    3080.00   .1786923E-09
 60.0    3090.00   .1783123E-09
 60.0    3100.00   .1833639E-09
 60.0    3110.00   .1852967E-09
 60.0    3120.00   .1965986E-09
 60.0    3130.00   .1986131E-09
 60.0    3140.00   .2175570E-09
 60.0    3150.00   .2244770E-09
 60.0    3160.00   .2281620E-09
 60.0    3170.00   .2164621E-09
 60.0    3180.00   .2080321E-09
 60.0    3190.00   .2095910E-09
 60.0    3200.00   .2057505E-09
 60.0    3210.00   .1932852E-09
 60.0    3220.00   .1788501E-09
 60.0    3230.00   .1731086E-09
 60.0    3240.00   .1606058E-09
 60.0    3250.00   .1683785E-09
 60.0    3260.00   .1713274E-09
 60.0    3270.00   .1674157E-09
 60.0    3280.00   .1789464E-09
 60.0    3290.00   .1715124E-09
 60.0    3300.00   .1641452E-09
 60.0    3310.00   .1792591E-09
 60.0    3320.00   .1785630E-09
 60.0    3330.00   .1836671E-09
 60.0    3340.00   .1873415E-09
 60.0    3350.00   .1835210E-09
 60.0    3360.00   .1956069E-09
 60.0    3370.00   .2011972E-09
 60.0    3380.00   .2053511E-09
 60.0    3390.00   .2176345E-09
 60.0    3400.00   .2160043E-09
 60.0    3410.00   .2222993E-09
 60.0    3420.00   .2155709E-09
 60.0    3430.00   .2143258E-09
 60.0    3440.00   .2177841E-09
 60.0    3450.00   .2236138E-09
 60.0    3460.00   .2233639E-09
 60.0    3470.00   .2265122E-09
 60.0    3480.00   .2321436E-09
 60.0    3490.00   .2427549E-09
 60.0    3500.00   .2612724E-09
 60.0    3510.00   .2662655E-09
 60.0    3520.00   .2809941E-09
 60.0    3530.00   .2938602E-09
 60.0    3540.00   .2951607E-09
 60.0    3550.00   .2959482E-09
 60.0    3560.00   .2817057E-09
 60.0    3570.00   .2855357E-09
 60.0    3580.00   .2999249E-09
 60.0    3590.00   .3054666E-09
 60.0    3600.00   .2945700E-09
 60.0    3610.00   .2883375E-09
 60.0    3620.00   .2837526E-09
 60.0    3630.00   .3169696E-09
 60.0    3640.00   .3446448E-09
 60.0    3650.00   .3787393E-09
 60.0    3660.00   .4098364E-09
 60.0    3670.00   .4185333E-09
 60.0    3680.00   .4192286E-09
 60.0    3690.00   .4142192E-09
 60.0    3700.00   .3906327E-09
 60.0    3710.00   .3642736E-09
 60.0    3720.00   .3370960E-09
 60.0    3730.00   .3040730E-09
 60.0    3740.00   .2670389E-09
 60.0    3750.00   .1983898E-09
 60.0    3760.00   .1349168E-09
 60.0    3770.00   .1177774E-09
 60.0    3780.00   .1204312E-09
 60.0    3790.00   .1429166E-09
 60.0    3800.00   .1679312E-09
 60.0    3810.00   .1726584E-09
 60.0    3820.00   .1974150E-09
 60.0    3830.00   .2206262E-09
 60.0    3840.00   .2488071E-09
 60.0    3850.00   .2905107E-09
 60.0    3860.00   .3318914E-09
 60.0    3870.00   .3636475E-09
 60.0    3880.00   .3610975E-09
 60.0    3890.00   .4182467E-09
 60.0    3900.00   .4760547E-09
 60.0    3910.00   .4800335E-09
 60.0    3920.00   .4953143E-09
 60.0    3930.00   .5407336E-09
 60.0    3940.00   .5449699E-09
 60.0    3950.00   .5357434E-09
 60.0    3960.00   .5291497E-09
 60.0    3970.00   .5382558E-09
 60.0    3980.00   .5169605E-09
 60.0    3990.00   .4827337E-09
 60.0    4000.00   .4701179E-09
 60.0    4010.00   .4439427E-09
 60.0    4020.00   .4282217E-09
 60.0    4030.00   .3948030E-09
 60.0    4040.00   .3987771E-09
 60.0    4050.00   .3776449E-09
 60.0    4060.00   .3619518E-09
 60.0    4070.00   .3516184E-09
 60.0    4080.00   .3321046E-09
 60.0    4090.00   .3365230E-09
 60.0    4100.00   .3297693E-09
 60.0    4110.00   .3203578E-09
 60.0    4120.00   .3076850E-09
 60.0    4130.00   .3146812E-09
 60.0    4140.00   .3192603E-09
 60.0    4150.00   .3264370E-09
 60.0    4160.00   .3334678E-09
 60.0    4170.00   .3330561E-09
 60.0    4180.00   .3381422E-09
 60.0    4190.00   .3433410E-09
 60.0    4200.00   .3465656E-09
 60.0    4210.00   .3556860E-09
 60.0    4220.00   .3488826E-09
 60.0    4230.00   .3566651E-09
 60.0    4240.00   .3601076E-09
 60.0    4250.00   .3683211E-09
 60.0    4260.00   .3745820E-09
 60.0    4270.00   .3908969E-09
 60.0    4280.00   .3960283E-09
 60.0    4290.00   .4019229E-09
 60.0    4300.00   .3911682E-09
 60.0    4310.00   .3945723E-09
 60.0    4320.00   .3786526E-09
 60.0    4330.00   .3540457E-09
 60.0    4340.00   .3425314E-09
 60.0    4350.00   .3290109E-09
 60.0    4360.00   .3054268E-09
 60.0    4370.00   .2838452E-09
 60.0    4380.00   .2712060E-09
 60.0    4390.00   .2556888E-09
 60.0    4400.00   .2407179E-09
 60.0    4410.00   .2389638E-09
 60.0    4420.00   .2378050E-09
 60.0    4430.00   .2458630E-09
 60.0    4440.00   .2575148E-09
 60.0    4450.00   .2637832E-09
 60.0    4460.00   .2722033E-09
 60.0    4470.00   .2804300E-09
 60.0    4480.00   .3131989E-09
 60.0    4490.00   .3396559E-09
 60.0    4500.00   .3711057E-09
 60.0    4510.00   .4047466E-09
 60.0    4520.00   .4536701E-09
 60.0    4530.00   .4961779E-09
 60.0    4540.00   .5319166E-09
 60.0    4550.00   .5683283E-09
 60.0    4560.00   .6046450E-09
 60.0    4570.00   .6323255E-09
 60.0    4580.00   .6564016E-09
 60.0    4590.00   .6679856E-09
 60.0    4600.00   .6714857E-09
 60.0    4610.00   .6674038E-09
 60.0    4620.00   .6505211E-09
 60.0    4630.00   .6192788E-09
 60.0    4640.00   .5836990E-09
 60.0    4650.00   .5389557E-09
 60.0    4660.00   .4960862E-09
 60.0    4670.00   .4486325E-09
 60.0    4680.00   .4119380E-09
 60.0    4690.00   .3776841E-09
 60.0    4700.00   .3521383E-09
 60.0    4710.00   .3257264E-09
 60.0    4720.00   .3121749E-09
 60.0    4730.00   .3005678E-09
 60.0    4740.00   .3021707E-09
 60.0    4750.00   .3077402E-09
 60.0    4760.00   .3151516E-09
 60.0    4770.00   .3332425E-09
 60.0    4780.00   .3444485E-09
 60.0    4790.00   .3552032E-09
 60.0    4800.00   .3609956E-09
 60.0    4810.00   .3598687E-09
 60.0    4820.00   .3611274E-09
 60.0    4830.00   .3616142E-09
 60.0    4840.00   .3703296E-09
 60.0    4850.00   .3865852E-09
 60.0    4860.00   .3998926E-09
 60.0    4870.00   .4298688E-09
 60.0    4880.00   .4644306E-09
 60.0    4890.00   .4922152E-09
 60.0    4900.00   .5153260E-09
 60.0    4910.00   .5406589E-09
 60.0    4920.00   .5498725E-09
 60.0    4930.00   .5394427E-09
 60.0    4940.00   .5288840E-09
 60.0    4950.00   .4981082E-09
 60.0    4960.00   .4711707E-09
 60.0    4970.00   .4397932E-09
 60.0    4980.00   .4057057E-09
 60.0    4990.00   .3726515E-09
 60.0    5000.00   .3504397E-09
 60.0    5010.00   .3234257E-09
 60.0    5020.00   .3118002E-09
 60.0    5030.00   .3052172E-09
 60.0    5040.00   .2974097E-09
 60.0    5050.00   .2889338E-09
 60.0    5060.00   .2880002E-09
 60.0    5070.00   .2826439E-09
 60.0    5080.00   .2843601E-09
 60.0    5090.00   .2785848E-09
 60.0    5100.00   .2767352E-09
 60.0    5110.00   .2793858E-09
 60.0    5120.00   .2830241E-09
 60.0    5130.00   .2896280E-09
 60.0    5140.00   .2874616E-09
 60.0    5150.00   .2949804E-09
 60.0    5160.00   .3059380E-09
 60.0    5170.00   .3217808E-09
 60.0    5180.00   .3426920E-09
 60.0    5190.00   .3553958E-09
 60.0    5200.00   .3730714E-09
 60.0    5210.00   .3878928E-09
 60.0    5220.00   .4021237E-09
 60.0    5230.00   .4193891E-09
 60.0    5240.00   .4450521E-09
 60.0    5250.00   .4616082E-09
 60.0    5260.00   .4675112E-09
 60.0    5270.00   .4782264E-09
 60.0    5280.00   .4847731E-09
 60.0    5290.00   .4921199E-09
 60.0    5300.00   .4867928E-09
 60.0    5310.00   .4963273E-09
 60.0    5320.00   .4978059E-09
 60.0    5330.00   .5041675E-09
 60.0    5340.00   .5107919E-09
 60.0    5350.00   .5196870E-09
 60.0    5360.00   .5298124E-09
 60.0    5370.00   .5456281E-09
 60.0    5380.00   .5608306E-09
 60.0    5390.00   .5703775E-09
 60.0    5400.00   .6022554E-09
 60.0    5410.00   .6259356E-09
 60.0    5420.00   .6499439E-09
 60.0    5430.00   .6888521E-09
 60.0    5440.00   .7142287E-09
 60.0    5450.00   .7383026E-09
 60.0    5460.00   .7530577E-09
 60.0    5470.00   .7683321E-09
 60.0    5480.00   .7751845E-09
 60.0    5490.00   .7856635E-09
 60.0    5500.00   .7875172E-09
 60.0    5510.00   .7850225E-09
 60.0    5520.00   .7811217E-09
 60.0    5530.00   .7659168E-09
 60.0    5540.00   .7451127E-09
 60.0    5550.00   .7323492E-09
 60.0    5560.00   .7065483E-09
 60.0    5570.00   .6878078E-09
 60.0    5580.00   .6648569E-09
 60.0    5590.00   .6381295E-09
 60.0    5600.00   .6123522E-09
 60.0    5610.00   .5802551E-09
 60.0    5620.00   .5535735E-09
 60.0    5630.00   .5307371E-09
 60.0    5640.00   .4986424E-09
 60.0    5650.00   .4727114E-09
 60.0    5660.00   .4587149E-09
 60.0    5670.00   .4508884E-09
 60.0    5680.00   .4446511E-09
 60.0    5690.00   .4534039E-09
 60.0    5700.00   .4593602E-09
 60.0    5710.00   .4658079E-09
 60.0    5720.00   .4716718E-09
 60.0    5730.00   .4928702E-09
 60.0    5740.00   .5090677E-09
 60.0    5750.00   .5208038E-09
 60.0    5760.00   .5476093E-09
 60.0    5770.00   .5595356E-09
 60.0    5780.00   .5760711E-09
 60.0    5790.00   .5894951E-09
 60.0    5800.00   .5929073E-09
 60.0    5810.00   .5816276E-09
 60.0    5820.00   .5905573E-09
 60.0    5830.00   .5880905E-09
 60.0    5840.00   .5741132E-09
 60.0    5850.00   .5842665E-09
 60.0    5860.00   .5895316E-09
 60.0    5870.00   .5710442E-09
 60.0    5880.00   .5593474E-09
 60.0    5890.00   .5282946E-09
 60.0    5900.00   .5209951E-09
 60.0    5910.00   .5048081E-09
 60.0    5920.00   .4897458E-09
 60.0    5930.00   .4793738E-09
 60.0    5940.00   .4498943E-09
 60.0    5950.00   .4292453E-09
 60.0    5960.00   .4180807E-09
 60.0    5970.00   .4158829E-09
 60.0    5980.00   .4033266E-09
 60.0    5990.00   .3960682E-09
 60.0    6000.00   .3906763E-09
 60.0    6010.00   .3906260E-09
 60.0    6020.00   .3888795E-09
 60.0    6030.00   .3848606E-09
 60.0    6040.00   .3824540E-09
 60.0    6050.00   .3857266E-09
 60.0    6060.00   .3837627E-09
 60.0    6070.00   .3891561E-09
 60.0    6080.00   .3853998E-09
 60.0    6090.00   .3874369E-09
 60.0    6100.00   .3890563E-09
 60.0    6110.00   .3845070E-09
 60.0    6120.00   .3824686E-09
 60.0    6130.00   .3818752E-09
 60.0    6140.00   .3841254E-09
 60.0    6150.00   .3921895E-09
 60.0    6160.00   .4077104E-09
 60.0    6170.00   .4113622E-09
 60.0    6180.00   .4053364E-09
 60.0    6190.00   .4037148E-09
 60.0    6200.00   .4107754E-09
 60.0    6210.00   .4072832E-09
 60.0    6220.00   .4091078E-09
 60.0    6230.00   .4077375E-09
 60.0    6240.00   .4041973E-09
 60.0    6250.00   .4024630E-09
 60.0    6260.00   .4188608E-09
 60.0    6270.00   .4192779E-09
 60.0    6280.00   .4123997E-09
 60.0    6290.00   .4374526E-09
 60.0    6300.00   .4510039E-09
 60.0    6310.00   .4515852E-09
 60.0    6320.00   .4904199E-09
 60.0    6330.00   .5063448E-09
 60.0    6340.00   .5297758E-09
 60.0    6350.00   .5561989E-09
 60.0    6360.00   .5861820E-09
 60.0    6370.00   .6198443E-09
 60.0    6380.00   .6289941E-09
 60.0    6390.00   .6670087E-09
 60.0    6400.00   .6900525E-09
 60.0    6410.00   .7031912E-09
 60.0    6420.00   .7170546E-09
 60.0    6430.00   .7482702E-09
 60.0    6440.00   .7522175E-09
 60.0    6450.00   .7478099E-09
 60.0    6460.00   .7720342E-09
 60.0    6470.00   .7748856E-09
 60.0    6480.00   .7733388E-09
 60.0    6490.00   .7729700E-09
 60.0    6500.00   .8054461E-09
 60.0    6510.00   .7927077E-09
 60.0    6520.00   .7656760E-09
 60.0    6530.00   .7653474E-09
 60.0    6540.00   .7638686E-09
 60.0    6550.00   .7405968E-09
 60.0    6560.00   .7118991E-09
 60.0    6570.00   .7048356E-09
 60.0    6580.00   .6862109E-09
 60.0    6590.00   .6666406E-09
 60.0    6600.00   .6303576E-09
 60.0    6610.00   .5955414E-09
 60.0    6620.00   .5710488E-09
 60.0    6630.00   .5609412E-09
 60.0    6640.00   .5286304E-09
 60.0    6650.00   .5011441E-09
 60.0    6660.00   .4840906E-09
 60.0    6670.00   .4761037E-09
 60.0    6680.00   .4719493E-09
 60.0    6690.00   .4335001E-09
 60.0    6700.00   .4233549E-09
 60.0    6710.00   .4227985E-09
 60.0    6720.00   .4181956E-09
 60.0    6730.00   .4405805E-09
 60.0    6740.00   .4223525E-09
 60.0    6750.00   .4250143E-09
 60.0    6760.00   .4063584E-09
 60.0    6770.00   .3752713E-09
 60.0    6780.00   .3979911E-09
 60.0    6790.00   .3729318E-09
 60.0    6800.00   .3629214E-09
 60.0    6810.00   .3818878E-09
 60.0    6820.00   .3799372E-09
 60.0    6830.00   .3622862E-09
 60.0    6840.00   .3503255E-09
 60.0    6850.00   .3823058E-09
 60.0    6860.00   .3646007E-09
 60.0    6870.00   .3475868E-09
 60.0    6880.00   .3571967E-09
 60.0    6890.00   .3441167E-09
 60.0    6900.00   .3470021E-09
 60.0    6910.00   .3511656E-09
 60.0    6920.00   .3549792E-09
 60.0    6930.00   .3618459E-09
 60.0    6940.00   .3599738E-09
 60.0    6950.00   .3641324E-09
 60.0    6960.00   .3531466E-09
 60.0    6970.00   .3396034E-09
 60.0    6980.00   .3498037E-09
 60.0    6990.00   .3482059E-09
 60.0    7000.00   .3280994E-09
 60.0    7010.00   .3041273E-09
 60.0    7020.00   .3074176E-09
 60.0    7030.00   .3106537E-09
 60.0    7040.00   .3139780E-09
 60.0    7050.00   .3160270E-09
 60.0    7060.00   .3237268E-09
 60.0    7070.00   .3340896E-09
 60.0    7080.00   .3405819E-09
 60.0    7090.00   .3490791E-09
 60.0    7100.00   .3598076E-09
 60.0    7110.00   .3750304E-09
 60.0    7120.00   .3964340E-09
 60.0    7130.00   .4066012E-09
 60.0    7140.00   .4152881E-09
 60.0    7150.00   .4245201E-09
 60.0    7160.00   .4356776E-09
 60.0    7170.00   .4269916E-09
 60.0    7180.00   .4301758E-09
 60.0    7190.00   .4301472E-09
 60.0    7200.00   .4290408E-09
 60.0    7210.00   .4316020E-09
 60.0    7220.00   .4278118E-09
 60.0    7230.00   .4212642E-09
 60.0    7240.00   .4240516E-09
 60.0    7250.00   .4304747E-09
 60.0    7260.00   .4361959E-09
 60.0    7270.00   .4454168E-09
 60.0    7280.00   .4549157E-09
 60.0    7290.00   .4604958E-09
 60.0    7300.00   .4649382E-09
 60.0    7310.00   .4799491E-09
 60.0    7320.00   .4864351E-09
 60.0    7330.00   .4980092E-09
 60.0    7340.00   .5096754E-09
 60.0    7350.00   .5128220E-09
 60.0    7360.00   .5159882E-09
 60.0    7370.00   .5088462E-09
 60.0    7380.00   .4960609E-09
 60.0    7390.00   .4822278E-09
 60.0    7400.00   .4530368E-09
 60.0    7410.00   .4215592E-09
 60.0    7420.00   .4015253E-09
 60.0    7430.00   .3754842E-09
 60.0    7440.00   .3517877E-09
 60.0    7450.00   .3353173E-09
 60.0    7460.00   .3237991E-09
 60.0    7470.00   .3192023E-09
 60.0    7480.00   .3494373E-09
 60.0    7490.00   .2805742E-09
 60.0    7500.00   .2396219E-09
 60.0    7510.00   .3223291E-09
 60.0    7520.00   .2982756E-09
 60.0    7530.00   .3206138E-09
 60.0    7540.00   .3497647E-09
 60.0    7550.00   .3671067E-09
 60.0    7560.00   .3781986E-09
 60.0    7570.00   .3963539E-09
 60.0    7580.00   .4031617E-09
 60.0    7590.00   .3939411E-09
 60.0    7600.00   .3903869E-09
 60.0    7610.00   .4029567E-09
 60.0    7620.00   .4021914E-09
 60.0    7630.00   .3916115E-09
 60.0    7640.00   .3842860E-09
 60.0    7650.00   .3817472E-09
 60.0    7660.00   .3877779E-09
 60.0    7670.00   .3788830E-09
 60.0    7680.00   .3678884E-09
 60.0    7690.00   .3539713E-09
 60.0    7700.00   .3362929E-09
 60.0    7710.00   .3306951E-09
 60.0    7720.00   .3246817E-09
 60.0    7730.00   .3104145E-09
 60.0    7740.00   .2965980E-09
 60.0    7750.00   .2853266E-09
 60.0    7760.00   .2764463E-09
 60.0    7770.00   .2673760E-09
 60.0    7780.00   .2614224E-09
 60.0    7790.00   .2508909E-09
 60.0    7800.00   .2339003E-09
 60.0    7810.00   .2227254E-09
 60.0    7820.00   .2212355E-09
 60.0    7830.00   .2174673E-09
 60.0    7840.00   .2134411E-09
 60.0    7850.00   .2020019E-09
 60.0    7860.00   .1923815E-09
 60.0    7870.00   .1888170E-09
 60.0    7880.00   .1878433E-09
 60.0    7890.00   .1775741E-09
 60.0    7900.00   .1717941E-09
 60.0    7910.00   .1650176E-09
 60.0    7920.00   .1681192E-09
 60.0    7930.00   .1643363E-09
 60.0    7940.00   .1578178E-09
 60.0    7950.00   .1544994E-09
 60.0    7960.00   .1559876E-09
 60.0    7970.00   .1568778E-09
 60.0    7980.00   .1454314E-09
 60.0    7990.00   .1382609E-09
 60.0    8000.00   .1432733E-09
 60.0    8010.00   .1429305E-09
 60.0    8020.00   .1417526E-09
 60.0    8030.00   .1365699E-09
 60.0    8040.00   .1216947E-09
 60.0    8050.00   .1234136E-09
 60.0    8060.00   .1573684E-09
 60.0    8070.00   .9315940E-10
 60.0    8080.00   .7681492E-10
 60.0    8090.00   .7644928E-10
 60.0    8100.00   .6781429E-10
 60.0    8110.00   .6485498E-10
 60.0    8120.00   .6032963E-10
 60.0    8130.00   .5451094E-10
 60.0    8140.00   .4711928E-10
 60.0    8150.00   .4071412E-10
 60.0    8160.00   .3746659E-10
 60.0    8170.00   .4198473E-10
 60.0    8180.00   .4428260E-10
 60.0    8190.00   .3941645E-10
 60.0    8200.00   .3883118E-10
 60.0    8210.00   .4308067E-10
 60.0    8220.00   .4636819E-10
 60.0    8230.00   .4743263E-10
 60.0    8240.00   .4680761E-10
 60.0    8250.00   .4708234E-10
 60.0    8260.00   .5094210E-10
 60.0    8270.00   .5649299E-10
 60.0    8280.00   .6769850E-10
 60.0    8290.00   .7575214E-10
 60.0    8300.00   .7140245E-10
 60.0    8310.00   .7282954E-10
 60.0    8320.00   .7827974E-10
 60.0    8330.00   .8840139E-10
 60.0    8340.00   .1066848E-09
 60.0    8350.00   .1232954E-09
 60.0    8360.00   .1391762E-09
 60.0    8370.00   .1508429E-09
 60.0    8380.00   .1672282E-09
 60.0    8390.00   .1840545E-09
 60.0    8400.00   .2114748E-09
 60.0    8410.00   .2446881E-09
 60.0    8420.00   .2577375E-09
 60.0    8430.00   .2540492E-09
 60.0    8440.00   .2507052E-09
 60.0    8450.00   .2528611E-09
 60.0    8460.00   .2557697E-09
 60.0    8470.00   .2716873E-09
 60.0    8480.00   .2931189E-09
 60.0    8490.00   .2866559E-09
 60.0    8500.00   .2767054E-09
 60.0    8510.00   .2673877E-09
 60.0    8520.00   .2584971E-09
 60.0    8530.00   .2668968E-09
 60.0    8540.00   .3032512E-09
 60.0    8550.00   .3101813E-09
 60.0    8560.00   .2957803E-09
 60.0    8570.00   .2853877E-09
 60.0    8580.00   .2893517E-09
 60.0    8590.00   .2955074E-09
 60.0    8600.00   .3423175E-09
 60.0    8610.00   .3638728E-09
 60.0    8620.00   .3382708E-09
 60.0    8630.00   .3145928E-09
 60.0    8640.00   .3391553E-09
 60.0    8650.00   .3744096E-09
 60.0    8660.00   .3808059E-09
 60.0    8670.00   .3762784E-09
 60.0    8680.00   .3635392E-09
 60.0    8690.00   .3285390E-09
 60.0    8700.00   .3260190E-09
 60.0    8710.00   .3366026E-09
 60.0    8720.00   .3656528E-09
 60.0    8730.00   .3682911E-09
 60.0    8740.00   .3337528E-09
 60.0    8750.00   .3063119E-09
 60.0    8760.00   .3027425E-09
 60.0    8770.00   .3155009E-09
 60.0    8780.00   .3233144E-09
 60.0    8790.00   .3131205E-09
 60.0    8800.00   .3157672E-09
 60.0    8810.00   .3050011E-09
 60.0    8820.00   .2919020E-09
 60.0    8830.00   .2799978E-09
 60.0    8840.00   .2792168E-09
 60.0    8850.00   .2935870E-09
 60.0    8860.00   .2686884E-09
 60.0    8870.00   .2635424E-09
 60.0    8880.00   .2684056E-09
 60.0    8890.00   .2573321E-09
 60.0    8900.00   .2537989E-09
 60.0    8910.00   .2644689E-09
 60.0    8920.00   .2621845E-09
 60.0    8930.00   .2492160E-09
 60.0    8940.00   .2481121E-09
 60.0    8950.00   .2467159E-09
 60.0    8960.00   .2549010E-09
 60.0    8970.00   .2665072E-09
 60.0    8980.00   .2669891E-09
 60.0    8990.00   .2586127E-09
 60.0    9000.00   .2429553E-09
 60.0    9010.00   .2447339E-09
 60.0    9020.00   .2388492E-09
 60.0    9030.00   .2399502E-09
 60.0    9040.00   .2404145E-09
 60.0    9050.00   .2407309E-09
 60.0    9060.00   .2486267E-09
 60.0    9070.00   .2541903E-09
 60.0    9080.00   .2645935E-09
 60.0    9090.00   .2881882E-09
 60.0    9100.00   .2673695E-09
 60.0    9110.00   .2442147E-09
 60.0    9120.00   .2382656E-09
 60.0    9130.00   .2263051E-09
 60.0    9140.00   .2380371E-09
 60.0    9150.00   .2443182E-09
 60.0    9160.00   .2429551E-09
 60.0    9170.00   .2290915E-09
 60.0    9180.00   .1924759E-09
 60.0    9190.00   .1888483E-09
 60.0    9200.00   .1984804E-09
 60.0    9210.00   .2070708E-09
 60.0    9220.00   .2003778E-09
 60.0    9230.00   .2690312E-09
 60.0    9240.00   .2799609E-09
 60.0    9250.00   .1807690E-09
 60.0    9260.00   .1917316E-09
 60.0    9270.00   .1887999E-09
 60.0    9280.00   .1901601E-09
 60.0    9290.00   .2075072E-09
 60.0    9300.00   .2169516E-09
 60.0    9310.00   .2398091E-09
 60.0    9320.00   .2334347E-09
 60.0    9330.00   .2343758E-09
 60.0    9340.00   .2339539E-09
 60.0    9350.00   .2394391E-09
 60.0    9360.00   .2145896E-09
 60.0    9370.00   .2497540E-09
 60.0    9380.00   .3161910E-09
 60.0    9390.00   .2904908E-09
 60.0    9400.00   .2807605E-09
 60.0    9410.00   .2777872E-09
 60.0    9420.00   .2442281E-09
 60.0    9430.00   .2505151E-09
 60.0    9440.00   .2712804E-09
 60.0    9450.00   .2644784E-09
 60.0    9460.00   .2559021E-09
 60.0    9470.00   .2319719E-09
 60.0    9480.00   .2155817E-09
 60.0    9490.00   .2241175E-09
 60.0    9500.00   .2186009E-09
 60.0    9510.00   .2216518E-09
 60.0    9520.00   .1970445E-09
 60.0    9530.00   .1872773E-09
 60.0    9540.00   .2078168E-09
 60.0    9550.00   .2118304E-09
 60.0    9560.00   .2097928E-09
 60.0    9570.00   .1956318E-09
 60.0    9580.00   .2022120E-09
 60.0    9590.00   .2064557E-09
 60.0    9600.00   .1888252E-09
 60.0    9610.00   .2187154E-09
 60.0    9620.00   .2146439E-09
 60.0    9630.00   .2105262E-09
 60.0    9640.00   .2458732E-09
 60.0    9650.00   .2293831E-09
 60.0    9660.00   .2185734E-09
 60.0    9670.00   .2326209E-09
 60.0    9680.00   .2587911E-09
 60.0    9690.00   .2807684E-09
 60.0    9700.00   .2727847E-09
 60.0    9710.00   .3124321E-09
 60.0    9720.00   .3385553E-09
 60.0    9730.00   .3110840E-09
 60.0    9740.00   .2952136E-09
 60.0    9750.00   .3119608E-09
 60.0    9760.00   .3304683E-09
 60.0    9770.00   .3392320E-09
 60.0    9780.00   .3315638E-09
 60.0    9790.00   .3187675E-09
 60.0    9800.00   .3747350E-09
 60.0    9810.00   .3624149E-09
 60.0    9820.00   .3359734E-09
 60.0    9830.00   .3559512E-09
 60.0    9840.00   .3773902E-09
 60.0    9850.00   .3933656E-09
 60.0    9860.00   .3541675E-09
 60.0    9870.00   .3384023E-09
 60.0    9880.00   .3727170E-09
 60.0    9890.00   .3563538E-09
 60.0    9900.00   .3408456E-09
 60.0    9910.00   .3392729E-09
 60.0    9920.00   .3232567E-09
 60.0    9930.00   .3266947E-09
 60.0    9940.00   .3590518E-09
 60.0    9950.00   .3803945E-09
 60.0    9960.00   .3320371E-09
 60.0    9970.00   .2877375E-09
 60.0    9980.00   .2836392E-09
 60.0    9990.00   .3244547E-09
 60.0   10000.00   .3171139E-09
 60.0   10010.00   .3153170E-09
 60.0   10020.00   .3135150E-09
 60.0   10030.00   .3117069E-09
 60.0   10040.00   .3098937E-09
 60.0   10050.00   .3080751E-09
 60.0   10060.00   .3062508E-09
 60.0   10070.00   .3044215E-09
 60.0   10080.00   .3025862E-09
 60.0   10090.00   .3007461E-09
 60.0   10100.00   .2988999E-09
 60.0   10110.00   .2970482E-09
 60.0   10120.00   .2951918E-09
 60.0   10130.00   .2933294E-09
 60.0   10140.00   .2914618E-09
 60.0   10150.00   .2895888E-09
 60.0   10160.00   .2877105E-09
 60.0   10170.00   .2858267E-09
 60.0   10180.00   .2839375E-09
 60.0   10190.00   .2820429E-09
 60.0   10200.00   .2801429E-09
 60.0   10210.00   .2782377E-09
 60.0   10220.00   .2763270E-09
 60.0   10230.00   .2744109E-09
 60.0   10240.00   .2724899E-09
 60.0   10250.00   .2705634E-09
 60.0   10260.00   .2686312E-09
 60.0   10270.00   .2666936E-09
 60.0   10280.00   .2647514E-09
 60.0   10290.00   .2628038E-09
 60.0   10300.00   .2608507E-09
 60.0   10310.00   .2588923E-09
 60.0   10320.00   .2569290E-09
 60.0   10330.00   .2549600E-09
 60.0   10340.00   .2529861E-09
 60.0   10350.00   .2510070E-09
 60.0   10360.00   .2490227E-09
 60.0   10370.00   .2470333E-09
 60.0   10380.00   .2450386E-09
 60.0   10390.00   .2430389E-09
 60.0   10400.00   .2410338E-09
 60.0   10410.00   .2390237E-09
 60.0   10420.00   .2370088E-09
 60.0   10430.00   .2349884E-09
 60.0   10440.00   .2329632E-09
 60.0   10450.00   .2309328E-09
 60.0   10460.00   .2288975E-09
 60.0   10470.00   .2268571E-09
 60.0   10480.00   .2248120E-09
 60.0   10490.00   .2227616E-09
 60.0   10500.00   .2207065E-09
 60.0   10510.00   .2186464E-09
 60.0   10520.00   .2165817E-09
 60.0   10530.00   .2145120E-09
 60.0   10540.00   .2124375E-09
 60.0   10550.00   .2103583E-09
 60.0   10560.00   .2082743E-09
 60.0   10570.00   .2061851E-09
 60.0   10580.00   .2040918E-09
 60.0   10590.00   .2019937E-09
 60.0   10600.00   .1998908E-09
 60.0   10610.00   .1977833E-09
 60.0   10620.00   .1956711E-09
 60.0   10630.00   .1935545E-09
 60.0   10640.00   .1914331E-09
 60.0   10650.00   .1893073E-09
 60.0   10660.00   .1871773E-09
 60.0   10670.00   .1850422E-09
 60.0   10680.00   .1829030E-09
 60.0   10690.00   .1807593E-09
 60.0   10700.00   .1786112E-09
 60.0   10710.00   .1764583E-09
 60.0   10720.00   .1743014E-09
 60.0   10730.00   .1721402E-09
 60.0   10740.00   .1699745E-09
 60.0   10750.00   .1678046E-09
 60.0   10760.00   .1656306E-09
 60.0   10770.00   .1634520E-09
 60.0   10780.00   .1612692E-09
 60.0   10790.00   .1590822E-09
 60.0   10800.00   .1568911E-09
 60.0   10810.00   .1546958E-09
 60.0   10820.00   .1524965E-09
 60.0   10830.00   .1502932E-09
 60.0   10840.00   .1480854E-09
 60.0   10850.00   .1458737E-09
 60.0   10860.00   .1436579E-09
 60.0   10870.00   .1414382E-09
 60.0   10880.00   .1392143E-09
 60.0   10890.00   .1369866E-09
 60.0   10900.00   .1347549E-09
 60.0   10910.00   .1325193E-09
 60.0   10920.00   .1302797E-09
 60.0   10930.00   .1280362E-09
 60.0   10940.00   .1257889E-09
 60.0   10950.00   .1235377E-09
 60.0   10960.00   .1212826E-09
 60.0   10970.00   .1190239E-09
 60.0   10980.00   .1167612E-09
 60.0   10990.00   .1144948E-09
 60.0   11000.00   .1122248E-09
 60.0   11010.00   .1099509E-09
 60.0   11020.00   .1076734E-09
 60.0   11030.00   .1053922E-09
 60.0   11040.00   .1031073E-09
 60.0   11050.00   .1008190E-09
 60.0   11060.00   .9852676E-10
 60.0   11070.00   .9623105E-10
 60.0   11080.00   .9393171E-10
 60.0   11090.00   .9162899E-10
 60.0   11100.00   .8932272E-10
 60.0   11110.00   .8701273E-10
 60.0   11120.00   .8469945E-10
 60.0   11130.00   .8238266E-10
 60.0   11140.00   .8006235E-10
 60.0   11150.00   .7773869E-10
 60.0   11160.00   .7541162E-10
 60.0   11170.00   .7308122E-10
 60.0   11180.00   .7074729E-10
 60.0   11190.00   .6841012E-10
 60.0   11200.00   .6606964E-10
 60.0   11210.00   .6372580E-10
 60.0   11220.00   .6137874E-10
 60.0   11230.00   .5902836E-10
 60.0   11240.00   .5667469E-10
 60.0   11250.00   .5431789E-10
 60.0   11260.00   .5195781E-10
 60.0   11270.00   .4959458E-10
 60.0   11280.00   .4722812E-10
 60.0   11290.00   .4485852E-10
 60.0   11300.00   .4248584E-10
 60.0   11310.00   .4251241E-10
 60.0   11320.00   .4253887E-10
 60.0   11330.00   .4256525E-10
 60.0   11340.00   .4259150E-10
 60.0   11350.00   .4261766E-10
 60.0   11360.00   .4264371E-10
 60.0   11370.00   .4266967E-10
 60.0   11380.00   .4269548E-10
 60.0   11390.00   .4272125E-10
 60.0   11400.00   .4274684E-10
 60.0   11410.00   .4277237E-10
 60.0   11420.00   .4279782E-10
 60.0   11430.00   .4282315E-10
 60.0   11440.00   .4284835E-10
 60.0   11450.00   .4287347E-10
 60.0   11460.00   .4289851E-10
 60.0   11470.00   .4292346E-10
 60.0   11480.00   .4294828E-10
 60.0   11490.00   .4297300E-10
 60.0   11500.00   .4299766E-10
 60.0   11510.00   .4302221E-10
 60.0   11520.00   .4304665E-10
 60.0   11530.00   .4307100E-10
 60.0   11540.00   .4309528E-10
 60.0   11550.00   .4311943E-10
 60.0   11560.00   .4314350E-10
 60.0   11570.00   .4316745E-10
 60.0   11580.00   .4319133E-10
 60.0   11590.00   .4321514E-10
 60.0   11600.00   .4323882E-10
 60.0   11610.00   .4326244E-10
 60.0   11620.00   .4328596E-10
 60.0   11630.00   .4330935E-10
 60.0   11640.00   .4333265E-10
 60.0   11650.00   .4335596E-10
 60.0   11660.00   .4337909E-10
 60.0   11670.00   .4340212E-10
 60.0   11680.00   .4342515E-10
 60.0   11690.00   .4344802E-10
 60.0   11700.00   .4347079E-10
 60.0   11710.00   .4349356E-10
 60.0   11720.00   .4351619E-10
 60.0   11730.00   .4353874E-10
 60.0   11740.00   .4356115E-10
 60.0   11750.00   .4358359E-10
 60.0   11760.00   .4360588E-10
 60.0   11770.00   .4362806E-10
 60.0   11780.00   .4365022E-10
 60.0   11790.00   .4367227E-10
 60.0   11800.00   .4369423E-10
 60.0   11810.00   .4371613E-10
 60.0   11820.00   .4373792E-10
 60.0   11830.00   .4375966E-10
 60.0   11840.00   .4378131E-10
 60.0   11850.00   .4380290E-10
 60.0   11860.00   .4382438E-10
 60.0   11870.00   .4384580E-10
 60.0   11880.00   .4386715E-10
 60.0   11890.00   .4388842E-10
 60.0   11900.00   .4390961E-10
 60.0   11910.00   .4393072E-10
 60.0   11920.00   .4395177E-10
 60.0   11930.00   .4397272E-10
 60.0   11940.00   .4399365E-10
 60.0   11950.00   .4401444E-10
 60.0   11960.00   .4403519E-10
 60.0   11970.00   .4405589E-10
 60.0   11980.00   .4407649E-10
 60.0   11990.00   .4409701E-10
 60.0   12000.00   .4411749E-10
 60.0   12010.00   .4413789E-10
 60.0   12020.00   .4415820E-10
 60.0   12030.00   .4417847E-10
 60.0   12040.00   .4419869E-10
 60.0   12050.00   .4421882E-10
 60.0   12060.00   .4423889E-10
 60.0   12070.00   .4425888E-10
 60.0   12080.00   .4427881E-10
 60.0   12090.00   .4429866E-10
 60.0   12100.00   .4431847E-10
 60.0   12110.00   .4433822E-10
 60.0   12120.00   .4435789E-10
 60.0   12130.00   .4437754E-10
 60.0   12140.00   .4439704E-10
 60.0   12150.00   .4441658E-10
 60.0   12160.00   .4443601E-10
 60.0   12170.00   .4445538E-10
 60.0   12180.00   .4447468E-10
 60.0   12190.00   .4449399E-10
 60.0   12200.00   .4451319E-10
 60.0   12210.00   .4453233E-10
 60.0   12220.00   .4455141E-10
 60.0   12230.00   .4457042E-10
 60.0   12240.00   .4458941E-10
 60.0   12250.00   .4460832E-10
 60.0   12260.00   .4462721E-10
 60.0   12270.00   .4464599E-10
 60.0   12280.00   .4466476E-10
 60.0   12290.00   .4468349E-10
 60.0   12300.00   .4470215E-10
 60.0   12310.00   .4472073E-10
 60.0   12320.00   .4473930E-10
 60.0   12330.00   .4475783E-10
 60.0   12340.00   .4477625E-10
 60.0   12350.00   .4479467E-10
 60.0   12360.00   .4481303E-10
 60.0   12370.00   .4483136E-10
 60.0   12380.00   .4484959E-10
 60.0   12390.00   .4486782E-10
 60.0   12400.00   .4488597E-10
 60.0   12410.00   .4490412E-10
 60.0   12420.00   .4492220E-10
 60.0   12430.00   .4494025E-10
 60.0   12440.00   .4495824E-10
 60.0   12450.00   .4497619E-10
 60.0   12460.00   .4499409E-10
 60.0   12470.00   .4501196E-10
 60.0   12480.00   .4502978E-10
 60.0   12490.00   .4504760E-10
 60.0   12500.00   .4506536E-10
 60.0   12510.00   .4508551E-10
 60.0   12520.00   .4510568E-10
 60.0   12530.00   .4512580E-10
 60.0   12540.00   .4514579E-10
 60.0   12550.00   .4516581E-10
 60.0   12560.00   .4518574E-10
 60.0   12570.00   .4520573E-10
 60.0   12580.00   .4522562E-10
 60.0   12590.00   .4524546E-10
 60.0   12600.00   .4526531E-10
 60.0   12610.00   .4528511E-10
 60.0   12620.00   .4530488E-10
 60.0   12630.00   .4532457E-10
 60.0   12640.00   .4534424E-10
 60.0   12650.00   .4536392E-10
 60.0   12660.00   .4538348E-10
 60.0   12670.00   .4540310E-10
 60.0   12680.00   .4542262E-10
 60.0   12690.00   .4544216E-10
 60.0   12700.00   .4546165E-10
 60.0   12710.00   .4548112E-10
 60.0   12720.00   .4550054E-10
 60.0   12730.00   .4551995E-10
 60.0   12740.00   .4553930E-10
 60.0   12750.00   .4555862E-10
 60.0   12760.00   .4557798E-10
 60.0   12770.00   .4559730E-10
 60.0   12780.00   .4561655E-10
 60.0   12790.00   .4563581E-10
 60.0   12800.00   .4565502E-10
 60.0   12810.00   .4567422E-10
 60.0   12820.00   .4569334E-10
 60.0   12830.00   .4571252E-10
 60.0   12840.00   .4573167E-10
 60.0   12850.00   .4575077E-10
 60.0   12860.00   .4576983E-10
 60.0   12870.00   .4578891E-10
 60.0   12880.00   .4580797E-10
 60.0   12890.00   .4582693E-10
 60.0   12900.00   .4584598E-10
 60.0   12910.00   .4586492E-10
 60.0   12920.00   .4588393E-10
 60.0   12930.00   .4590289E-10
 60.0   12940.00   .4592179E-10
 60.0   12950.00   .4594070E-10
 60.0   12960.00   .4595959E-10
 60.0   12970.00   .4597845E-10
 60.0   12980.00   .4599730E-10
 60.0   12990.00   .4601611E-10
 60.0   13000.00   .4603493E-10
 60.0   13010.00   .4605371E-10
 60.0   13020.00   .4607250E-10
 60.0   13030.00   .4609122E-10
 60.0   13040.00   .4610996E-10
 60.0   13050.00   .4612867E-10
 60.0   13060.00   .4614737E-10
 60.0   13070.00   .4616607E-10
 60.0   13080.00   .4618473E-10
 60.0   13090.00   .4620334E-10
 60.0   13100.00   .4622198E-10
 60.0   13110.00   .4624065E-10
 60.0   13120.00   .4625924E-10
 60.0   13130.00   .4627778E-10
 60.0   13140.00   .4629635E-10
 60.0   13150.00   .4631488E-10
 60.0   13160.00   .4633341E-10
 60.0   13170.00   .4635198E-10
 60.0   13180.00   .4637044E-10
 60.0   13190.00   .4638893E-10
 60.0   13200.00   .4640741E-10
 60.0   13210.00   .4642587E-10
 60.0   13220.00   .4644427E-10
 60.0   13230.00   .4646273E-10
 60.0   13240.00   .4648111E-10
 60.0   13250.00   .4649947E-10
 60.0   13260.00   .4651788E-10
 60.0   13270.00   .4653621E-10
 60.0   13280.00   .4655458E-10
 60.0   13290.00   .4657290E-10
 60.0   13300.00   .4659124E-10
 60.0   13310.00   .4660954E-10
 60.0   13320.00   .4662778E-10
 60.0   13330.00   .4664609E-10
 60.0   13340.00   .4666434E-10
 60.0   13350.00   .4668260E-10
 60.0   13360.00   .4670086E-10
 60.0   13370.00   .4671906E-10
 60.0   13380.00   .4673723E-10
 60.0   13390.00   .4675544E-10
 60.0   13400.00   .4677365E-10
 60.0   13410.00   .4679178E-10
 60.0   13420.00   .4680995E-10
 60.0   13430.00   .4682807E-10
 60.0   13440.00   .4684625E-10
 60.0   13450.00   .4686433E-10
 60.0   13460.00   .4688246E-10
 60.0   13470.00   .4690054E-10
 60.0   13480.00   .4691862E-10
 60.0   13490.00   .4693668E-10
 60.0   13500.00   .4695473E-10
 60.0   13510.00   .4697280E-10
 60.0   13520.00   .4699087E-10
 60.0   13530.00   .4700884E-10
 60.0   13540.00   .4702688E-10
 60.0   13550.00   .4704485E-10
 60.0   13560.00   .4706286E-10
 60.0   13570.00   .4708085E-10
 60.0   13580.00   .4709878E-10
 60.0   13590.00   .4711677E-10
 60.0   13600.00   .4713471E-10
 60.0   13610.00   .4715262E-10
 60.0   13620.00   .4717058E-10
 60.0   13630.00   .4718849E-10
 60.0   13640.00   .4720642E-10
 60.0   13650.00   .4722430E-10
 60.0   13660.00   .4724219E-10
 60.0   13670.00   .4726007E-10
 60.0   13680.00   .4727794E-10
 60.0   13690.00   .4729578E-10
 60.0   13700.00   .4731366E-10
 60.0   13710.00   .4724071E-10
 60.0   13720.00   .4716758E-10
 60.0   13730.00   .4709444E-10
 60.0   13740.00   .4702125E-10
 60.0   13750.00   .4694793E-10
 60.0   13760.00   .4687458E-10
 60.0   13770.00   .4680112E-10
 60.0   13780.00   .4672756E-10
 60.0   13790.00   .4665401E-10
 60.0   13800.00   .4658029E-10
 60.0   13810.00   .4650657E-10
 60.0   13820.00   .4643273E-10
 60.0   13830.00   .4635883E-10
 60.0   13840.00   .4628483E-10
 60.0   13850.00   .4621079E-10
 60.0   13860.00   .4613664E-10
 60.0   13870.00   .4606247E-10
 60.0   13880.00   .4598818E-10
 60.0   13890.00   .4591384E-10
 60.0   13900.00   .4583941E-10
 60.0   13910.00   .4576489E-10
 60.0   13920.00   .4569031E-10
 60.0   13930.00   .4561568E-10
 60.0   13940.00   .4554095E-10
 60.0   13950.00   .4546616E-10
 60.0   13960.00   .4539126E-10
 60.0   13970.00   .4531633E-10
 60.0   13980.00   .4524133E-10
 60.0   13990.00   .4516625E-10
 60.0   14000.00   .4509109E-10
 60.0   14010.00   .4501581E-10
 60.0   14020.00   .4494055E-10
 60.0   14030.00   .4486515E-10
 60.0   14040.00   .4478971E-10
 60.0   14050.00   .4471420E-10
 60.0   14060.00   .4463860E-10
 60.0   14070.00   .4456295E-10
 60.0   14080.00   .4448721E-10
 60.0   14090.00   .4441142E-10
 60.0   14100.00   .4433553E-10
 60.0   14110.00   .4425958E-10
 60.0   14120.00   .4418356E-10
 60.0   14130.00   .4410748E-10
 60.0   14140.00   .4403131E-10
 60.0   14150.00   .4395509E-10
 60.0   14160.00   .4387875E-10
 60.0   14170.00   .4380242E-10
 60.0   14180.00   .4372599E-10
 60.0   14190.00   .4364946E-10
 60.0   14200.00   .4357289E-10
 60.0   14210.00   .4349624E-10
 60.0   14220.00   .4341950E-10
 60.0   14230.00   .4334272E-10
 60.0   14240.00   .4326586E-10
 60.0   14250.00   .4318894E-10
 60.0   14260.00   .4311193E-10
 60.0   14270.00   .4303489E-10
 60.0   14280.00   .4295774E-10
 60.0   14290.00   .4288053E-10
 60.0   14300.00   .4280326E-10
 60.0   14310.00   .4272595E-10
 60.0   14320.00   .4264856E-10
 60.0   14330.00   .4257107E-10
 60.0   14340.00   .4249353E-10
 60.0   14350.00   .4241592E-10
 60.0   14360.00   .4233827E-10
 60.0   14370.00   .4226052E-10
 60.0   14380.00   .4218271E-10
 60.0   14390.00   .4210483E-10
 60.0   14400.00   .4202687E-10
 60.0   14410.00   .4194886E-10
 60.0   14420.00   .4187080E-10
 60.0   14430.00   .4179267E-10
 60.0   14440.00   .4171443E-10
 60.0   14450.00   .4163618E-10
 60.0   14460.00   .4155786E-10
 60.0   14470.00   .4147943E-10
 60.0   14480.00   .4140096E-10
 60.0   14490.00   .4132241E-10
 60.0   14500.00   .4124380E-10
 60.0   14510.00   .4116514E-10
 60.0   14520.00   .4108642E-10
 60.0   14530.00   .4100759E-10
 60.0   14540.00   .4092875E-10
 60.0   14550.00   .4084981E-10
 60.0   14560.00   .4077085E-10
 60.0   14570.00   .4069178E-10
 60.0   14580.00   .4061268E-10
 60.0   14590.00   .4053345E-10
 60.0   14600.00   .4045419E-10
 60.0   14610.00   .4037493E-10
 60.0   14620.00   .4029550E-10
 60.0   14630.00   .4021608E-10
 60.0   14640.00   .4013656E-10
 60.0   14650.00   .4005700E-10
 60.0   14660.00   .3997735E-10
 60.0   14670.00   .3989767E-10
 60.0   14680.00   .3981791E-10
 60.0   14690.00   .3973808E-10
 60.0   14700.00   .3965818E-10
 60.0   14710.00   .3957823E-10
 60.0   14720.00   .3949820E-10
 60.0   14730.00   .3941815E-10
 60.0   14740.00   .3933800E-10
 60.0   14750.00   .3925780E-10
 60.0   14760.00   .3917754E-10
 60.0   14770.00   .3909720E-10
 60.0   14780.00   .3901682E-10
 60.0   14790.00   .3893636E-10
 60.0   14800.00   .3885586E-10
 60.0   14810.00   .3877527E-10
 60.0   14820.00   .3869464E-10
 60.0   14830.00   .3861394E-10
 60.0   14840.00   .3853318E-10
 60.0   14850.00   .3845236E-10
 60.0   14860.00   .3837146E-10
 60.0   14870.00   .3829052E-10
 60.0   14880.00   .3820950E-10
 60.0   14890.00   .3812845E-10
 60.0   14900.00   .3804731E-10
 60.0   14910.00   .3796609E-10
 60.0   14920.00   .3788482E-10
 60.0   14930.00   .3780351E-10
 60.0   14940.00   .3772210E-10
 60.0   14950.00   .3764068E-10
 60.0   14960.00   .3755911E-10
 60.0   14970.00   .3747754E-10
 60.0   14980.00   .3739589E-10
 60.0   14990.00   .3731416E-10
 60.0   15000.00   .3723241E-10
 60.0   15010.00   .3724576E-10
 60.0   15020.00   .3725913E-10
 60.0   15030.00   .3727252E-10
 60.0   15040.00   .3728592E-10
 60.0   15050.00   .3729931E-10
 60.0   15060.00   .3731267E-10
 60.0   15070.00   .3732607E-10
 60.0   15080.00   .3733945E-10
 60.0   15090.00   .3735286E-10
 60.0   15100.00   .3736623E-10
 60.0   15110.00   .3737964E-10
 60.0   15120.00   .3739303E-10
 60.0   15130.00   .3740643E-10
 60.0   15140.00   .3741981E-10
 60.0   15150.00   .3743321E-10
 60.0   15160.00   .3744660E-10
 60.0   15170.00   .3745998E-10
 60.0   15180.00   .3747336E-10
 60.0   15190.00   .3748673E-10
 60.0   15200.00   .3750011E-10
 60.0   15210.00   .3751352E-10
 60.0   15220.00   .3752690E-10
 60.0   15230.00   .3754026E-10
 60.0   15240.00   .3755365E-10
 60.0   15250.00   .3756702E-10
 60.0   15260.00   .3758041E-10
 60.0   15270.00   .3759374E-10
 60.0   15280.00   .3760710E-10
 60.0   15290.00   .3762047E-10
 60.0   15300.00   .3763381E-10
 60.0   15310.00   .3764718E-10
 60.0   15320.00   .3766050E-10
 60.0   15330.00   .3767382E-10
 60.0   15340.00   .3768716E-10
 60.0   15350.00   .3770053E-10
 60.0   15360.00   .3771383E-10
 60.0   15370.00   .3772715E-10
 60.0   15380.00   .3774047E-10
 60.0   15390.00   .3775377E-10
 60.0   15400.00   .3776707E-10
 60.0   15410.00   .3778036E-10
 60.0   15420.00   .3779366E-10
 60.0   15430.00   .3780692E-10
 60.0   15440.00   .3782018E-10
 60.0   15450.00   .3783345E-10
 60.0   15460.00   .3784670E-10
 60.0   15470.00   .3785995E-10
 60.0   15480.00   .3787319E-10
 60.0   15490.00   .3788642E-10
 60.0   15500.00   .3789966E-10
 60.0   15510.00   .3791287E-10
 60.0   15520.00   .3792607E-10
 60.0   15530.00   .3793928E-10
 60.0   15540.00   .3795246E-10
 60.0   15550.00   .3796561E-10
 60.0   15560.00   .3797880E-10
 60.0   15570.00   .3799194E-10
 60.0   15580.00   .3800510E-10
 60.0   15590.00   .3801824E-10
 60.0   15600.00   .3803134E-10
 60.0   15610.00   .3804446E-10
 60.0   15620.00   .3805756E-10
 60.0   15630.00   .3807066E-10
 60.0   15640.00   .3808372E-10
 60.0   15650.00   .3809681E-10
 60.0   15660.00   .3810987E-10
 60.0   15670.00   .3812289E-10
 60.0   15680.00   .3813591E-10
 60.0   15690.00   .3814893E-10
 60.0   15700.00   .3816193E-10
 60.0   15710.00   .3817492E-10
 60.0   15720.00   .3818788E-10
 60.0   15730.00   .3820085E-10
 60.0   15740.00   .3821379E-10
 60.0   15750.00   .3822671E-10
 60.0   15760.00   .3823964E-10
 60.0   15770.00   .3825252E-10
 60.0   15780.00   .3826539E-10
 60.0   15790.00   .3827828E-10
 60.0   15800.00   .3829113E-10
 60.0   15810.00   .3830396E-10
 60.0   15820.00   .3831677E-10
 60.0   15830.00   .3832958E-10
 60.0   15840.00   .3834236E-10
 60.0   15850.00   .3835516E-10
 60.0   15860.00   .3836790E-10
 60.0   15870.00   .3838063E-10
 60.0   15880.00   .3839333E-10
 60.0   15890.00   .3840604E-10
 60.0   15900.00   .3841873E-10
 60.0   15910.00   .3843139E-10
 60.0   15920.00   .3844402E-10
 60.0   15930.00   .3845664E-10
 60.0   15940.00   .3846925E-10
 60.0   15950.00   .3848183E-10
 60.0   15960.00   .3849440E-10
 60.0   15970.00   .3850692E-10
 60.0   15980.00   .3851947E-10
 60.0   15990.00   .3853198E-10
 60.0   16000.00   .3854444E-10
 60.0   16010.00   .3855692E-10
 60.0   16020.00   .3856935E-10
 60.0   16030.00   .3858178E-10
 60.0   16040.00   .3859416E-10
 60.0   16050.00   .3860653E-10
 60.0   16060.00   .3861887E-10
 60.0   16070.00   .3863122E-10
 60.0   16080.00   .3864353E-10
 60.0   16090.00   .3865580E-10
 60.0   16100.00   .3866806E-10
 60.0   16110.00   .3868030E-10
 60.0   16120.00   .3869250E-10
 60.0   16130.00   .3870469E-10
 60.0   16140.00   .3871686E-10
 60.0   16150.00   .3872895E-10
 60.0   16160.00   .3874110E-10
 60.0   16170.00   .3875319E-10
 60.0   16180.00   .3876524E-10
 60.0   16190.00   .3877730E-10
 60.0   16200.00   .3878931E-10
 60.0   16210.00   .3880127E-10
 60.0   16220.00   .3881324E-10
 60.0   16230.00   .3882516E-10
 60.0   16240.00   .3883707E-10
 60.0   16250.00   .3884895E-10
 60.0   16260.00   .3884719E-10
 60.0   16270.00   .3884540E-10
 60.0   16280.00   .3884358E-10
 60.0   16290.00   .3884177E-10
 60.0   16300.00   .3883994E-10
 60.0   16310.00   .3883812E-10
 60.0   16320.00   .3883625E-10
 60.0   16330.00   .3883442E-10
 60.0   16340.00   .3883255E-10
 60.0   16350.00   .3883066E-10
 60.0   16360.00   .3882877E-10
 60.0   16370.00   .3882691E-10
 60.0   16380.00   .3882501E-10
 60.0   16390.00   .3882305E-10
 60.0   16400.00   .3882110E-10
 60.0   16410.00   .3881916E-10
 60.0   16420.00   .3881719E-10
 60.0   16430.00   .3881521E-10
 60.0   16440.00   .3881318E-10
 60.0   16450.00   .3881118E-10
 60.0   16460.00   .3880916E-10
 60.0   16470.00   .3880711E-10
 60.0   16480.00   .3880505E-10
 60.0   16490.00   .3880299E-10
 60.0   16500.00   .3880090E-10
 60.0   16510.00   .3879880E-10
 60.0   16520.00   .3879669E-10
 60.0   16530.00   .3879453E-10
 60.0   16540.00   .3879237E-10
 60.0   16550.00   .3879021E-10
 60.0   16560.00   .3878802E-10
 60.0   16570.00   .3878581E-10
 60.0   16580.00   .3878356E-10
 60.0   16590.00   .3878134E-10
 60.0   16600.00   .3877903E-10
 60.0   16610.00   .3877675E-10
 60.0   16620.00   .3877448E-10
 60.0   16630.00   .3877215E-10
 60.0   16640.00   .3876978E-10
 60.0   16650.00   .3876744E-10
 60.0   16660.00   .3876505E-10
 60.0   16670.00   .3876265E-10
 60.0   16680.00   .3876020E-10
 60.0   16690.00   .3875776E-10
 60.0   16700.00   .3875531E-10
 60.0   16710.00   .3875281E-10
 60.0   16720.00   .3875029E-10
 60.0   16730.00   .3874774E-10
 60.0   16740.00   .3874521E-10
 60.0   16750.00   .3874260E-10
 60.0   16760.00   .3874002E-10
 60.0   16770.00   .3873739E-10
 60.0   16780.00   .3873471E-10
 60.0   16790.00   .3873203E-10
 60.0   16800.00   .3872934E-10
 60.0   16810.00   .3872662E-10
 60.0   16820.00   .3872385E-10
 60.0   16830.00   .3872110E-10
 60.0   16840.00   .3871828E-10
 60.0   16850.00   .3871546E-10
 60.0   16860.00   .3871262E-10
 60.0   16870.00   .3870975E-10
 60.0   16880.00   .3870683E-10
 60.0   16890.00   .3870392E-10
 60.0   16900.00   .3870097E-10
 60.0   16910.00   .3869798E-10
 60.0   16920.00   .3869501E-10
 60.0   16930.00   .3869199E-10
 60.0   16940.00   .3868894E-10
 60.0   16950.00   .3868588E-10
 60.0   16960.00   .3868277E-10
 60.0   16970.00   .3867968E-10
 60.0   16980.00   .3867657E-10
 60.0   16990.00   .3867337E-10
 60.0   17000.00   .3867022E-10
 60.0   17010.00   .3866700E-10
 60.0   17020.00   .3866376E-10
 60.0   17030.00   .3866052E-10
 60.0   17040.00   .3865723E-10
 60.0   17050.00   .3865396E-10
 60.0   17060.00   .3865065E-10
 60.0   17070.00   .3864728E-10
 60.0   17080.00   .3864393E-10
 60.0   17090.00   .3864052E-10
 60.0   17100.00   .3863714E-10
 60.0   17110.00   .3863371E-10
 60.0   17120.00   .3863027E-10
 60.0   17130.00   .3862678E-10
 60.0   17140.00   .3862331E-10
 60.0   17150.00   .3861978E-10
 60.0   17160.00   .3861623E-10
 60.0   17170.00   .3861266E-10
 60.0   17180.00   .3860909E-10
 60.0   17190.00   .3860546E-10
 60.0   17200.00   .3860185E-10
 60.0   17210.00   .3859821E-10
 60.0   17220.00   .3859453E-10
 60.0   17230.00   .3859084E-10
 60.0   17240.00   .3858717E-10
 60.0   17250.00   .3858341E-10
 60.0   17260.00   .3857967E-10
 60.0   17270.00   .3857589E-10
 60.0   17280.00   .3857209E-10
 60.0   17290.00   .3856826E-10
 60.0   17300.00   .3856444E-10
 60.0   17310.00   .3856059E-10
 60.0   17320.00   .3855669E-10
 60.0   17330.00   .3855285E-10
 60.0   17340.00   .3854890E-10
 60.0   17350.00   .3854497E-10
 60.0   17360.00   .3854100E-10
 60.0   17370.00   .3853703E-10
 60.0   17380.00   .3853305E-10
 60.0   17390.00   .3852904E-10
 60.0   17400.00   .3852498E-10
 60.0   17410.00   .3852090E-10
 60.0   17420.00   .3851686E-10
 60.0   17430.00   .3851275E-10
 60.0   17440.00   .3850864E-10
 60.0   17450.00   .3850451E-10
 60.0   17460.00   .3850036E-10
 60.0   17470.00   .3849620E-10
 60.0   17480.00   .3849203E-10
 60.0   17490.00   .3848780E-10
 60.0   17500.00   .3848356E-10
 60.0   17510.00   .3847934E-10
 60.0   17520.00   .3847505E-10
 60.0   17530.00   .3847077E-10
 60.0   17540.00   .3846650E-10
 60.0   17550.00   .3846214E-10
 60.0   17560.00   .3845781E-10
 60.0   17570.00   .3845348E-10
 60.0   17580.00   .3844909E-10
 60.0   17590.00   .3844469E-10
 60.0   17600.00   .3844028E-10
 60.0   17610.00   .3843585E-10
 60.0   17620.00   .3843140E-10
 60.0   17630.00   .3842696E-10
 60.0   17640.00   .3842248E-10
 60.0   17650.00   .3841799E-10
 60.0   17660.00   .3841345E-10
 60.0   17670.00   .3840892E-10
 60.0   17680.00   .3840440E-10
 60.0   17690.00   .3839979E-10
 60.0   17700.00   .3839520E-10
 60.0   17710.00   .3839060E-10
 60.0   17720.00   .3838599E-10
 60.0   17730.00   .3838135E-10
 60.0   17740.00   .3837670E-10
 60.0   17750.00   .3837204E-10
 60.0   17760.00   .3836734E-10
 60.0   17770.00   .3836264E-10
 60.0   17780.00   .3835792E-10
 60.0   17790.00   .3835316E-10
 60.0   17800.00   .3834843E-10
 60.0   17810.00   .3834365E-10
 60.0   17820.00   .3833888E-10
 60.0   17830.00   .3833405E-10
 60.0   17840.00   .3832925E-10
 60.0   17850.00   .3832444E-10
 60.0   17860.00   .3831958E-10
 60.0   17870.00   .3831473E-10
 60.0   17880.00   .3830985E-10
 60.0   17890.00   .3830494E-10
 60.0   17900.00   .3830003E-10
 60.0   17910.00   .3829513E-10
 60.0   17920.00   .3829015E-10
 60.0   17930.00   .3828521E-10
 60.0   17940.00   .3828021E-10
 60.0   17950.00   .3827524E-10
 60.0   17960.00   .3827023E-10
 60.0   17970.00   .3826521E-10
 60.0   17980.00   .3826018E-10
 60.0   17990.00   .3825511E-10
 60.0   18000.00   .3825006E-10
 60.0   18010.00   .3811955E-10
 60.0   18020.00   .3798905E-10
 60.0   18030.00   .3785856E-10
 60.0   18040.00   .3772808E-10
 60.0   18050.00   .3759763E-10
 60.0   18060.00   .3746719E-10
 60.0   18070.00   .3733675E-10
 60.0   18080.00   .3720637E-10
 60.0   18090.00   .3707599E-10
 60.0   18100.00   .3694565E-10
 60.0   18110.00   .3681531E-10
 60.0   18120.00   .3668500E-10
 60.0   18130.00   .3655469E-10
 60.0   18140.00   .3642444E-10
 60.0   18150.00   .3629421E-10
 60.0   18160.00   .3616396E-10
 60.0   18170.00   .3603375E-10
 60.0   18180.00   .3590359E-10
 60.0   18190.00   .3577342E-10
 60.0   18200.00   .3564329E-10
 60.0   18210.00   .3551315E-10
 60.0   18220.00   .3538309E-10
 60.0   18230.00   .3525301E-10
 60.0   18240.00   .3512297E-10
 60.0   18250.00   .3499293E-10
 60.0   18260.00   .3486297E-10
 60.0   18270.00   .3473300E-10
 60.0   18280.00   .3460305E-10
 60.0   18290.00   .3447313E-10
 60.0   18300.00   .3434323E-10
 60.0   18310.00   .3421335E-10
 60.0   18320.00   .3408350E-10
 60.0   18330.00   .3395368E-10
 60.0   18340.00   .3382390E-10
 60.0   18350.00   .3369410E-10
 60.0   18360.00   .3356436E-10
 60.0   18370.00   .3343465E-10
 60.0   18380.00   .3330495E-10
 60.0   18390.00   .3317530E-10
 60.0   18400.00   .3304567E-10
 60.0   18410.00   .3291603E-10
 60.0   18420.00   .3278646E-10
 60.0   18430.00   .3265689E-10
 60.0   18440.00   .3252738E-10
 60.0   18450.00   .3239788E-10
 60.0   18460.00   .3226839E-10
 60.0   18470.00   .3213895E-10
 60.0   18480.00   .3200953E-10
 60.0   18490.00   .3188014E-10
 60.0   18500.00   .3175078E-10
 60.0   18510.00   .3162143E-10
 60.0   18520.00   .3149214E-10
 60.0   18530.00   .3136286E-10
 60.0   18540.00   .3123361E-10
 60.0   18550.00   .3110440E-10
 60.0   18560.00   .3097521E-10
 60.0   18570.00   .3084605E-10
 60.0   18580.00   .3071692E-10
 60.0   18590.00   .3058780E-10
 60.0   18600.00   .3045875E-10
 60.0   18610.00   .3032970E-10
 60.0   18620.00   .3020069E-10
 60.0   18630.00   .3007172E-10
 60.0   18640.00   .2994278E-10
 60.0   18650.00   .2981387E-10
 60.0   18660.00   .2968498E-10
 60.0   18670.00   .2955612E-10
 60.0   18680.00   .2942729E-10
 60.0   18690.00   .2929853E-10
 60.0   18700.00   .2916975E-10
 60.0   18710.00   .2904102E-10
 60.0   18720.00   .2891232E-10
 60.0   18730.00   .2878366E-10
 60.0   18740.00   .2865502E-10
 60.0   18750.00   .2852646E-10
 60.0   18760.00   .2839785E-10
 60.0   18770.00   .2826933E-10
 60.0   18780.00   .2814083E-10
 60.0   18790.00   .2801237E-10
 60.0   18800.00   .2788391E-10
 60.0   18810.00   .2775553E-10
 60.0   18820.00   .2762716E-10
 60.0   18830.00   .2749882E-10
 60.0   18840.00   .2737052E-10
 60.0   18850.00   .2724224E-10
 60.0   18860.00   .2711402E-10
 60.0   18870.00   .2698583E-10
 60.0   18880.00   .2685765E-10
 60.0   18890.00   .2672951E-10
 60.0   18900.00   .2660142E-10
 60.0   18910.00   .2647334E-10
 60.0   18920.00   .2634532E-10
 60.0   18930.00   .2621734E-10
 60.0   18940.00   .2608937E-10
 60.0   18950.00   .2596145E-10
 60.0   18960.00   .2583356E-10
 60.0   18970.00   .2570572E-10
 60.0   18980.00   .2557789E-10
 60.0   18990.00   .2545010E-10
 60.0   19000.00   .2532237E-10
 60.0   19010.00   .2519466E-10
 60.0   19020.00   .2506697E-10
 60.0   19030.00   .2493936E-10
 60.0   19040.00   .2481175E-10
 60.0   19050.00   .2468417E-10
 60.0   19060.00   .2455664E-10
 60.0   19070.00   .2442914E-10
 60.0   19080.00   .2430170E-10
 60.0   19090.00   .2417428E-10
 60.0   19100.00   .2404689E-10
 60.0   19110.00   .2391955E-10
 60.0   19120.00   .2379225E-10
 60.0   19130.00   .2366499E-10
 60.0   19140.00   .2353773E-10
 60.0   19150.00   .2341054E-10
 60.0   19160.00   .2328338E-10
 60.0   19170.00   .2315625E-10
 60.0   19180.00   .2302918E-10
 60.0   19190.00   .2290213E-10
 60.0   19200.00   .2277512E-10
 60.0   19210.00   .2264816E-10
 60.0   19220.00   .2252120E-10
 60.0   19230.00   .2239431E-10
 60.0   19240.00   .2226746E-10
 60.0   19250.00   .2214064E-10
 60.0   19260.00   .2201386E-10
 60.0   19270.00   .2188711E-10
 60.0   19280.00   .2176041E-10
 60.0   19290.00   .2163375E-10
 60.0   19300.00   .2150712E-10
 60.0   19310.00   .2138055E-10
 60.0   19320.00   .2125399E-10
 60.0   19330.00   .2112746E-10
 60.0   19340.00   .2100102E-10
 60.0   19350.00   .2087457E-10
 60.0   19360.00   .2074818E-10
 60.0   19370.00   .2062184E-10
 60.0   19380.00   .2049551E-10
 60.0   19390.00   .2036923E-10
 60.0   19400.00   .2024303E-10
 60.0   19410.00   .2011681E-10
 60.0   19420.00   .1999065E-10
 60.0   19430.00   .1986455E-10
 60.0   19440.00   .1973846E-10
 60.0   19450.00   .1961243E-10
 60.0   19460.00   .1948643E-10
 60.0   19470.00   .1936049E-10
 60.0   19480.00   .1923457E-10
 60.0   19490.00   .1910870E-10
 60.0   19500.00   .1898286E-10
 60.0   19510.00   .1885707E-10
 60.0   19520.00   .1873130E-10
 60.0   19530.00   .1860560E-10
 60.0   19540.00   .1847992E-10
 60.0   19550.00   .1835429E-10
 60.0   19560.00   .1822870E-10
 60.0   19570.00   .1810314E-10
 60.0   19580.00   .1797764E-10
 60.0   19590.00   .1785217E-10
 60.0   19600.00   .1772673E-10
 60.0   19610.00   .1760136E-10
 60.0   19620.00   .1747599E-10
 60.0   19630.00   .1735070E-10
 60.0   19640.00   .1722542E-10
 60.0   19650.00   .1710020E-10
 60.0   19660.00   .1697503E-10
 60.0   19670.00   .1684989E-10
 60.0   19680.00   .1672479E-10
 60.0   19690.00   .1659973E-10
 60.0   19700.00   .1647470E-10
 60.0   19710.00   .1634973E-10
 60.0   19720.00   .1622480E-10
 60.0   19730.00   .1609991E-10
 60.0   19740.00   .1597506E-10
 60.0   19750.00   .1585026E-10
 60.0   19760.00   .1572549E-10
 60.0   19770.00   .1560077E-10
 60.0   19780.00   .1547610E-10
 60.0   19790.00   .1535145E-10
 60.0   19800.00   .1522685E-10
 60.0   19810.00   .1510231E-10
 60.0   19820.00   .1497779E-10
 60.0   19830.00   .1485332E-10
 60.0   19840.00   .1472888E-10
 60.0   19850.00   .1460450E-10
 60.0   19860.00   .1448015E-10
 60.0   19870.00   .1435587E-10
 60.0   19880.00   .1423163E-10
 60.0   19890.00   .1410741E-10
 60.0   19900.00   .1398323E-10
 60.0   19910.00   .1385910E-10
 60.0   19920.00   .1373501E-10
 60.0   19930.00   .1361098E-10
 60.0   19940.00   .1348696E-10
 60.0   19950.00   .1336302E-10
 60.0   19960.00   .1323910E-10
 60.0   19970.00   .1311523E-10
 60.0   19980.00   .1299140E-10
 60.0   19990.00   .1286761E-10
 60.0   20000.00   .1274388E-10
 60.0   20010.00   .1262018E-10
 60.0   20020.00   .1249652E-10
 60.0   20030.00   .1237291E-10
 60.0   20040.00   .1224934E-10
 60.0   20050.00   .1212581E-10
 60.0   20060.00   .1200232E-10
 60.0   20070.00   .1187887E-10
 60.0   20080.00   .1175548E-10
 60.0   20090.00   .1163213E-10
 60.0   20100.00   .1150881E-10
 60.0   20110.00   .1150686E-10
 60.0   20120.00   .1150492E-10
 60.0   20130.00   .1150298E-10
 60.0   20140.00   .1150103E-10
 60.0   20150.00   .1149909E-10
 60.0   20160.00   .1149715E-10
 60.0   20170.00   .1149522E-10
 60.0   20180.00   .1149329E-10
 60.0   20190.00   .1149136E-10
 60.0   20200.00   .1148943E-10
 60.0   20210.00   .1148750E-10
 60.0   20220.00   .1148559E-10
 60.0   20230.00   .1148366E-10
 60.0   20240.00   .1148173E-10
 60.0   20250.00   .1147983E-10
 60.0   20260.00   .1147790E-10
 60.0   20270.00   .1147599E-10
 60.0   20280.00   .1147408E-10
 60.0   20290.00   .1147218E-10
 60.0   20300.00   .1147028E-10
 60.0   20310.00   .1146837E-10
 60.0   20320.00   .1146649E-10
 60.0   20330.00   .1146459E-10
 60.0   20340.00   .1146268E-10
 60.0   20350.00   .1146079E-10
 60.0   20360.00   .1145891E-10
 60.0   20370.00   .1145704E-10
 60.0   20380.00   .1145515E-10
 60.0   20390.00   .1145328E-10
 60.0   20400.00   .1145138E-10
 60.0   20410.00   .1144953E-10
 60.0   20420.00   .1144765E-10
 60.0   20430.00   .1144579E-10
 60.0   20440.00   .1144393E-10
 60.0   20450.00   .1144206E-10
 60.0   20460.00   .1144021E-10
 60.0   20470.00   .1143836E-10
 60.0   20480.00   .1143652E-10
 60.0   20490.00   .1143467E-10
 60.0   20500.00   .1143283E-10
 60.0   20510.00   .1143099E-10
 60.0   20520.00   .1142916E-10
 60.0   20530.00   .1142733E-10
 60.0   20540.00   .1142551E-10
 60.0   20550.00   .1142367E-10
 60.0   20560.00   .1142187E-10
 60.0   20570.00   .1142004E-10
 60.0   20580.00   .1141824E-10
 60.0   20590.00   .1141643E-10
 60.0   20600.00   .1141463E-10
 60.0   20610.00   .1141283E-10
 60.0   20620.00   .1141104E-10
 60.0   20630.00   .1140925E-10
 60.0   20640.00   .1140746E-10
 60.0   20650.00   .1140567E-10
 60.0   20660.00   .1140389E-10
 60.0   20670.00   .1140212E-10
 60.0   20680.00   .1140037E-10
 60.0   20690.00   .1139859E-10
 60.0   20700.00   .1139684E-10
 60.0   20710.00   .1139509E-10
 60.0   20720.00   .1139333E-10
 60.0   20730.00   .1139159E-10
 60.0   20740.00   .1138984E-10
 60.0   20750.00   .1138810E-10
 60.0   20760.00   .1138638E-10
 60.0   20770.00   .1138465E-10
 60.0   20780.00   .1138293E-10
 60.0   20790.00   .1138122E-10
 60.0   20800.00   .1137949E-10
 60.0   20810.00   .1137780E-10
 60.0   20820.00   .1137609E-10
 60.0   20830.00   .1137439E-10
 60.0   20840.00   .1137270E-10
 60.0   20850.00   .1137102E-10
 60.0   20860.00   .1136934E-10
 60.0   20870.00   .1136766E-10
 60.0   20880.00   .1136599E-10
 60.0   20890.00   .1136432E-10
 60.0   20900.00   .1136266E-10
 60.0   20910.00   .1136101E-10
 60.0   20920.00   .1135937E-10
 60.0   20930.00   .1135771E-10
 60.0   20940.00   .1135609E-10
 60.0   20950.00   .1135445E-10
 60.0   20960.00   .1135282E-10
 60.0   20970.00   .1135120E-10
 60.0   20980.00   .1134959E-10
 60.0   20990.00   .1134797E-10
 60.0   21000.00   .1134638E-10
 60.0   21010.00   .1134478E-10
 60.0   21020.00   .1134319E-10
 60.0   21030.00   .1134161E-10
 60.0   21040.00   .1134002E-10
 60.0   21050.00   .1133845E-10
 60.0   21060.00   .1133689E-10
 60.0   21070.00   .1133532E-10
 60.0   21080.00   .1133378E-10
 60.0   21090.00   .1133222E-10
 60.0   21100.00   .1133068E-10
 60.0   21110.00   .1132915E-10
 60.0   21120.00   .1132762E-10
 60.0   21130.00   .1132610E-10
 60.0   21140.00   .1132458E-10
 60.0   21150.00   .1132307E-10
 60.0   21160.00   .1132157E-10
 60.0   21170.00   .1132007E-10
 60.0   21180.00   .1131857E-10
 60.0   21190.00   .1131711E-10
 60.0   21200.00   .1131562E-10
 60.0   21210.00   .1131414E-10
 60.0   21220.00   .1131268E-10
 60.0   21230.00   .1131124E-10
 60.0   21240.00   .1130979E-10
 60.0   21250.00   .1130833E-10
 60.0   21260.00   .1130690E-10
 60.0   21270.00   .1130547E-10
 60.0   21280.00   .1130405E-10
 60.0   21290.00   .1130264E-10
 60.0   21300.00   .1130124E-10
 60.0   21310.00   .1129984E-10
 60.0   21320.00   .1129845E-10
 60.0   21330.00   .1129706E-10
 60.0   21340.00   .1129567E-10
 60.0   21350.00   .1129431E-10
 60.0   21360.00   .1129294E-10
 60.0   21370.00   .1129160E-10
 60.0   21380.00   .1129025E-10
 60.0   21390.00   .1128891E-10
 60.0   21400.00   .1128758E-10
 60.0   21410.00   .1128624E-10
 60.0   21420.00   .1128494E-10
 60.0   21430.00   .1128362E-10
 60.0   21440.00   .1128232E-10
 60.0   21450.00   .1128104E-10
 60.0   21460.00   .1127975E-10
 60.0   21470.00   .1127847E-10
 60.0   21480.00   .1127720E-10
 60.0   21490.00   .1127593E-10
 60.0   21500.00   .1127469E-10
 60.0   21510.00   .1127345E-10
 60.0   21520.00   .1127222E-10
 60.0   21530.00   .1127097E-10
 60.0   21540.00   .1126974E-10
 60.0   21550.00   .1126854E-10
 60.0   21560.00   .1126736E-10
 60.0   21570.00   .1126615E-10
 60.0   21580.00   .1126495E-10
 60.0   21590.00   .1126378E-10
 60.0   21600.00   .1126262E-10
 60.0   21610.00   .1126145E-10
 60.0   21620.00   .1126030E-10
 60.0   21630.00   .1125915E-10
 60.0   21640.00   .1125801E-10
 60.0   21650.00   .1125689E-10
 60.0   21660.00   .1125577E-10
 60.0   21670.00   .1125466E-10
 60.0   21680.00   .1125357E-10
 60.0   21690.00   .1125248E-10
 60.0   21700.00   .1125141E-10
 60.0   21710.00   .1125033E-10
 60.0   21720.00   .1124927E-10
 60.0   21730.00   .1124821E-10
 60.0   21740.00   .1124716E-10
 60.0   21750.00   .1124611E-10
 60.0   21760.00   .1124509E-10
 60.0   21770.00   .1124408E-10
 60.0   21780.00   .1124306E-10
 60.0   21790.00   .1124207E-10
 60.0   21800.00   .1124107E-10
 60.0   21810.00   .1124009E-10
 60.0   21820.00   .1123913E-10
 60.0   21830.00   .1123817E-10
 60.0   21840.00   .1123721E-10
 60.0   21850.00   .1123627E-10
 60.0   21860.00   .1123533E-10
 60.0   21870.00   .1123442E-10
 60.0   21880.00   .1123352E-10
 60.0   21890.00   .1123261E-10
 60.0   21900.00   .1123172E-10
 60.0   21910.00   .1123083E-10
 60.0   21920.00   .1122995E-10
 60.0   21930.00   .1122910E-10
 60.0   21940.00   .1122823E-10
 60.0   21950.00   .1122741E-10
 60.0   21960.00   .1122657E-10
 60.0   21970.00   .1122575E-10
 60.0   21980.00   .1122494E-10
 60.0   21990.00   .1122413E-10
 60.0   22000.00   .1122334E-10
 60.0   22010.00   .1122257E-10
 60.0   22020.00   .1122179E-10
 60.0   22030.00   .1122101E-10
 60.0   22040.00   .1122027E-10
 60.0   22050.00   .1121953E-10
 60.0   22060.00   .1121880E-10
 60.0   22070.00   .1121808E-10
 60.0   22080.00   .1121738E-10
 60.0   22090.00   .1121669E-10
 60.0   22100.00   .1121600E-10
 60.0   22110.00   .1121533E-10
 60.0   22120.00   .1121466E-10
 60.0   22130.00   .1121402E-10
 60.0   22140.00   .1121337E-10
 60.0   22150.00   .1121273E-10
 60.0   22160.00   .1121212E-10
 60.0   22170.00   .1121151E-10
 60.0   22180.00   .1121091E-10
 60.0   22190.00   .1121032E-10
 60.0   22200.00   .1120975E-10
 60.0   22210.00   .1120920E-10
 60.0   22220.00   .1120863E-10
 60.0   22230.00   .1120809E-10
 60.0   22240.00   .1120756E-10
 60.0   22250.00   .1120705E-10
 60.0   22260.00   .1120654E-10
 60.0   22270.00   .1120604E-10
 60.0   22280.00   .1120557E-10
 60.0   22290.00   .1120508E-10
 60.0   22300.00   .1120462E-10
 60.0   22310.00   .1120416E-10
 60.0   22320.00   .1120374E-10
 60.0   22330.00   .1120332E-10
 60.0   22340.00   .1120291E-10
 60.0   22350.00   .1120250E-10
 60.0   22360.00   .1120211E-10
 60.0   22370.00   .1120175E-10
 60.0   22380.00   .1120137E-10
 60.0   22390.00   .1120103E-10
 60.0   22400.00   .1120066E-10
 60.0   22410.00   .1120034E-10
 60.0   22420.00   .1120002E-10
 60.0   22430.00   .1119973E-10
 60.0   22440.00   .1119943E-10
 60.0   22450.00   .1119914E-10
 60.0   22460.00   .1119886E-10
 60.0   22470.00   .1119862E-10
 60.0   22480.00   .1119838E-10
 60.0   22490.00   .1119814E-10
 60.0   22500.00   .1119790E-10
 60.0   22510.00   .1119770E-10
 60.0   22520.00   .1119749E-10
 60.0   22530.00   .1119731E-10
 60.0   22540.00   .1119713E-10
 60.0   22550.00   .1119695E-10
 60.0   22560.00   .1119680E-10
 60.0   22570.00   .1119666E-10
 60.0   22580.00   .1119652E-10
 60.0   22590.00   .1119639E-10
 60.0   22600.00   .1119628E-10
 60.0   22610.00   .1119619E-10
 60.0   22620.00   .1119610E-10
 60.0   22630.00   .1119601E-10
 60.0   22640.00   .1119595E-10
 60.0   22650.00   .1119589E-10
 60.0   22660.00   .1119585E-10
 60.0   22670.00   .1119581E-10
 60.0   22680.00   .1119579E-10
 60.0   22690.00   .1119577E-10
 60.0   22700.00   .1119576E-10
 60.0   22710.00   .1119577E-10
 60.0   22720.00   .1119578E-10
 60.0   22730.00   .1119582E-10
 60.0   22740.00   .1119585E-10
 60.0   22750.00   .1119591E-10
 60.0   22760.00   .1119597E-10
 60.0   22770.00   .1119604E-10
 60.0   22780.00   .1119611E-10
 60.0   22790.00   .1119621E-10
 60.0   22800.00   .1119631E-10
 60.0   22810.00   .1119641E-10
 60.0   22820.00   .1119654E-10
 60.0   22830.00   .1119667E-10
 60.0   22840.00   .1119680E-10
 60.0   22850.00   .1119696E-10
 60.0   22860.00   .1119712E-10
 60.0   22870.00   .1119729E-10
 60.0   22880.00   .1119747E-10
 60.0   22890.00   .1119766E-10
 60.0   22900.00   .1119785E-10
 60.0   22910.00   .1119806E-10
 60.0   22920.00   .1119829E-10
 60.0   22930.00   .1119851E-10
 60.0   22940.00   .1119874E-10
 60.0   22950.00   .1119900E-10
 60.0   22960.00   .1119925E-10
 60.0   22970.00   .1119951E-10
 60.0   22980.00   .1119979E-10
 60.0   22990.00   .1120007E-10
 60.0   23000.00   .1120037E-10
 60.0   23010.00   .1120067E-10
 60.0   23020.00   .1120099E-10
 60.0   23030.00   .1120129E-10
 60.0   23040.00   .1120165E-10
 60.0   23050.00   .1120197E-10
 60.0   23060.00   .1120232E-10
 60.0   23070.00   .1120268E-10
 60.0   23080.00   .1120305E-10
 60.0   23090.00   .1120343E-10
 60.0   23100.00   .1120380E-10
 60.0   23110.00   .1120420E-10
 60.0   23120.00   .1120460E-10
 60.0   23130.00   .1120502E-10
 60.0   23140.00   .1120542E-10
 60.0   23150.00   .1120586E-10
 60.0   23160.00   .1120630E-10
 60.0   23170.00   .1120674E-10
 60.0   23180.00   .1120719E-10
 60.0   23190.00   .1120765E-10
 60.0   23200.00   .1120812E-10
 60.0   23210.00   .1120860E-10
 60.0   23220.00   .1120908E-10
 60.0   23230.00   .1120958E-10
 60.0   23240.00   .1121009E-10
 60.0   23250.00   .1121059E-10
 60.0   23260.00   .1121111E-10
 60.0   23270.00   .1121163E-10
 60.0   23280.00   .1121217E-10
 60.0   23290.00   .1121271E-10
 60.0   23300.00   .1121327E-10
 60.0   23310.00   .1121383E-10
 60.0   23320.00   .1121439E-10
 60.0   23330.00   .1121496E-10
 60.0   23340.00   .1121554E-10
 60.0   23350.00   .1121614E-10
 60.0   23360.00   .1121674E-10
 60.0   23370.00   .1121733E-10
 60.0   23380.00   .1121795E-10
 60.0   23390.00   .1121859E-10
 60.0   23400.00   .1121921E-10
 60.0   23410.00   .1121983E-10
 60.0   23420.00   .1122048E-10
 60.0   23430.00   .1122113E-10
 60.0   23440.00   .1122178E-10
 60.0   23450.00   .1122245E-10
 60.0   23460.00   .1122311E-10
 60.0   23470.00   .1122381E-10
 60.0   23480.00   .1122449E-10
 60.0   23490.00   .1122519E-10
 60.0   23500.00   .1122589E-10
 60.0   23510.00   .1122660E-10
 60.0   23520.00   .1122731E-10
 60.0   23530.00   .1122804E-10
 60.0   23540.00   .1122877E-10
 60.0   23550.00   .1122949E-10
 60.0   23560.00   .1123025E-10
 60.0   23570.00   .1123099E-10
 60.0   23580.00   .1123174E-10
 60.0   23590.00   .1123250E-10
 60.0   23600.00   .1123327E-10
 60.0   23610.00   .1123405E-10
 60.0   23620.00   .1123483E-10
 60.0   23630.00   .1123562E-10
 60.0   23640.00   .1123641E-10
 60.0   23650.00   .1123721E-10
 60.0   23660.00   .1123804E-10
 60.0   23670.00   .1123883E-10
 60.0   23680.00   .1123965E-10
 60.0   23690.00   .1124048E-10
 60.0   23700.00   .1124130E-10
 60.0   23710.00   .1124215E-10
 60.0   23720.00   .1124301E-10
 60.0   23730.00   .1124385E-10
 60.0   23740.00   .1124472E-10
 60.0   23750.00   .1124556E-10
 60.0   23760.00   .1124644E-10
 60.0   23770.00   .1124732E-10
 60.0   23780.00   .1124819E-10
 60.0   23790.00   .1124909E-10
 60.0   23800.00   .1124998E-10
 60.0   23810.00   .1125088E-10
 60.0   23820.00   .1125177E-10
 60.0   23830.00   .1125268E-10
 60.0   23840.00   .1125360E-10
 60.0   23850.00   .1125452E-10
 60.0   23860.00   .1125543E-10
 60.0   23870.00   .1125637E-10
 60.0   23880.00   .1125731E-10
 60.0   23890.00   .1125825E-10
 60.0   23900.00   .1125920E-10
 60.0   23910.00   .1126014E-10
 60.0   23920.00   .1126109E-10
 60.0   23930.00   .1126206E-10
 60.0   23940.00   .1126303E-10
 60.0   23950.00   .1126402E-10
 60.0   23960.00   .1126500E-10
 60.0   23970.00   .1126598E-10
 60.0   23980.00   .1126696E-10
 60.0   23990.00   .1126795E-10
 60.0   24000.00   .1126895E-10
 60.0   24010.00   .1126995E-10
 60.0   24020.00   .1127096E-10
 60.0   24030.00   .1127197E-10
 60.0   24040.00   .1127299E-10
 60.0   24050.00   .1127401E-10
 60.0   24060.00   .1127503E-10
 60.0   24070.00   .1127605E-10
 60.0   24080.00   .1127710E-10
 60.0   24090.00   .1127814E-10
 60.0   24100.00   .1127919E-10
 60.0   24110.00   .1128024E-10
 60.0   24120.00   .1128128E-10
 60.0   24130.00   .1128234E-10
 60.0   24140.00   .1128341E-10
 60.0   24150.00   .1128448E-10
 60.0   24160.00   .1128553E-10
 60.0   24170.00   .1128659E-10
 60.0   24180.00   .1128769E-10
 60.0   24190.00   .1128878E-10
 60.0   24200.00   .1128985E-10
 60.0   24210.00   .1129095E-10
 60.0   24220.00   .1129203E-10
 60.0   24230.00   .1129313E-10
 60.0   24240.00   .1129422E-10
 60.0   24250.00   .1129534E-10
 60.0   24260.00   .1129645E-10
 60.0   24270.00   .1129757E-10
 60.0   24280.00   .1129867E-10
 60.0   24290.00   .1129979E-10
 60.0   24300.00   .1130093E-10
 60.0   24310.00   .1130204E-10
 60.0   24320.00   .1130317E-10
 60.0   24330.00   .1130431E-10
 60.0   24340.00   .1130547E-10
 60.0   24350.00   .1130659E-10
 60.0   24360.00   .1130774E-10
 60.0   24370.00   .1130889E-10
 60.0   24380.00   .1131003E-10
 60.0   24390.00   .1131118E-10
 60.0   24400.00   .1131235E-10
 60.0   24410.00   .1131351E-10
 60.0   24420.00   .1131467E-10
 60.0   24430.00   .1131583E-10
 60.0   24440.00   .1131699E-10
 60.0   24450.00   .1131818E-10
 60.0   24460.00   .1131934E-10
 60.0   24470.00   .1132053E-10
 60.0   24480.00   .1132170E-10
 60.0   24490.00   .1132289E-10
 60.0   24500.00   .1132407E-10
 60.0   24510.00   .1132525E-10
 60.0   24520.00   .1132644E-10
 60.0   24530.00   .1132765E-10
 60.0   24540.00   .1132883E-10
 60.0   24550.00   .1133004E-10
 60.0   24560.00   .1133123E-10
 60.0   24570.00   .1133244E-10
 60.0   24580.00   .1133362E-10
 60.0   24590.00   .1133485E-10
 60.0   24600.00   .1133606E-10
 60.0   24610.00   .1133726E-10
 60.0   24620.00   .1133848E-10
 60.0   24630.00   .1133969E-10
 60.0   24640.00   .1134090E-10
 60.0   24650.00   .1134214E-10
 60.0   24660.00   .1134335E-10
 60.0   24670.00   .1134457E-10
 60.0   24680.00   .1134580E-10
 60.0   24690.00   .1134703E-10
 60.0   24700.00   .1134825E-10
 60.0   24710.00   .1134948E-10
 60.0   24720.00   .1135073E-10
 60.0   24730.00   .1135195E-10
 60.0   24740.00   .1135319E-10
 60.0   24750.00   .1135443E-10
 60.0   24760.00   .1135566E-10
 60.0   24770.00   .1135691E-10
 60.0   24780.00   .1135816E-10
 60.0   24790.00   .1135939E-10
 60.0   24800.00   .1136065E-10
 60.0   24810.00   .1136188E-10
 60.0   24820.00   .1136312E-10
 60.0   24830.00   .1136437E-10
 60.0   24840.00   .1136562E-10
 60.0   24850.00   .1136686E-10
 60.0   24860.00   .1136811E-10
 60.0   24870.00   .1136937E-10
 60.0   24880.00   .1137063E-10
 60.0   24890.00   .1137187E-10
 60.0   24900.00   .1137314E-10
 60.0   24910.00   .1137440E-10
 60.0   24920.00   .1137566E-10
 60.0   24930.00   .1137691E-10
 60.0   24940.00   .1137815E-10
 60.0   24950.00   .1137943E-10
 60.0   24960.00   .1138069E-10
 60.0   24970.00   .1138195E-10
 60.0   24980.00   .1138321E-10
 60.0   24990.00   .1138447E-10
 60.0   25000.00   .1138572E-10
