100 .5939518E-15
101 .2293080E-14
102 .6185630E-14
103 .1368524E-13
104 .2661535E-13
105 .4721513E-13
106 .7812246E-13
107 .1223320E-12
108 .1831265E-12
109 .2639813E-12
110 .3684432E-12
111 .4999852E-12
112 .6618411E-12
113 .8568233E-12
114 .1087134E-11
115 .1354167E-11
116 .1658329E-11
117 .1998857E-11
118 .2373673E-11
119 .2779273E-11
120 .3210649E-11
121 .3661272E-11
122 .4123133E-11
123 .4586844E-11
124 .5041821E-11
125 .5476527E-11
126 .5879949E-11
127 .6245986E-11
128 .6571131E-11
129 .6853457E-11
130 .7092578E-11
131 .7289539E-11
132 .7446676E-11
133 .7567449E-11
134 .7656257E-11
135 .7718261E-11
136 .7759209E-11
137 .7785275E-11
138 .7802827E-11
139 .7815864E-11
140 .7825872E-11
141 .7834209E-11
142 .7842214E-11
143 .7851222E-11
144 .7862569E-11
145 .7877596E-11
146 .7897663E-11
147 .7924159E-11
148 .7958508E-11
149 .8002191E-11
150 .8056757E-11
151 .8123523E-11
152 .8202718E-11
153 .8294291E-11
154 .8398194E-11
155 .8514391E-11
156 .8642849E-11
157 .8783535E-11
158 .8936421E-11
159 .9101471E-11
160 .9278648E-11
161 .9467904E-11
162 .9669179E-11
163 .9882407E-11
164 .1010749E-10
165 .1034431E-10
166 .1059273E-10
167 .1085260E-10
168 .1112369E-10
169 .1140579E-10
170 .1169860E-10
171 .1200180E-10
172 .1231501E-10
173 .1263781E-10
174 .1296971E-10
175 .1331017E-10
176 .1365860E-10
177 .1401456E-10
178 .1437755E-10
179 .1474705E-10
180 .1512246E-10
181 .1550314E-10
182 .1588837E-10
183 .1627736E-10
184 .1666928E-10
185 .1706320E-10
186 .1745815E-10
187 .1785306E-10
188 .1824682E-10
189 .1863823E-10
190 .1902605E-10
191 .1940893E-10
192 .1978550E-10
193 .2015431E-10
194 .2051385E-10
195 .2086256E-10
196 .2119884E-10
197 .2152103E-10
198 .2182746E-10
199 .2211640E-10
200 .2238614E-10
201 .2263520E-10
202 .2286326E-10
203 .2307034E-10
204 .2325653E-10
205 .2342198E-10
206 .2356693E-10
207 .2369163E-10
208 .2379643E-10
209 .2388173E-10
210 .2394795E-10
211 .2399558E-10
212 .2402515E-10
213 .2403724E-10
214 .2403244E-10
215 .2401141E-10
216 .2397480E-10
217 .2392332E-10
218 .2385768E-10
219 .2377861E-10
220 .2368689E-10
221 .2358327E-10
222 .2346852E-10
223 .2334345E-10
224 .2320885E-10
225 .2306551E-10
226 .2291442E-10
227 .2275731E-10
228 .2259609E-10
229 .2243267E-10
230 .2226894E-10
231 .2210676E-10
232 .2194800E-10
233 .2179447E-10
234 .2164803E-10
235 .2151047E-10
236 .2138359E-10
237 .2126918E-10
238 .2116906E-10
239 .2108503E-10
240 .2101890E-10
241 .2097251E-10
242 .2094774E-10
243 .2094651E-10
244 .2097078E-10
245 .2102261E-10
246 .2110412E-10
247 .2121753E-10
248 .2136518E-10
249 .2154954E-10
250 .2177327E-10
251 .2457682E-10
252 .3057698E-10
253 .3421310E-10
254 .3367905E-10
255 .3546028E-10
256 .3524332E-10
257 .3620229E-10
258 .3363349E-10
259 .3179441E-10
260 .2863661E-10
261 .2495661E-10
262 .2670111E-10
263 .2590541E-10
264 .3267343E-10
265 .3979453E-10
266 .5216750E-10
267 .7040661E-10
268 .9246567E-10
269 .1053557E-09
270 .1110236E-09
271 .1121823E-09
272 .1174629E-09
273 .1207082E-09
274 .1207583E-09
275 .1234547E-09
276 .1328479E-09
277 .1336183E-09
278 .1304153E-09
279 .1294521E-09
280 .1258711E-09
281 .1224701E-09
282 .1299544E-09
283 .1333965E-09
284 .1329345E-09
285 .1446683E-09
286 .1497388E-09
287 .1688916E-09
288 .1828294E-09
289 .1921288E-09
290 .1973169E-09
291 .2032543E-09
292 .2048803E-09
293 .1982095E-09
294 .1997241E-09
295 .1907844E-09
296 .1778341E-09
297 .1783789E-09
298 .1709877E-09
299 .1629827E-09
300 .1702732E-09
301 .1728245E-09
302 .1623556E-09
303 .1699687E-09
304 .1758928E-09
305 .1601655E-09
306 .1627303E-09
307 .1759357E-09
308 .1786923E-09
309 .1783123E-09
310 .1833639E-09
311 .1852967E-09
312 .1965986E-09
313 .1986131E-09
314 .2175570E-09
315 .2244770E-09
316 .2281620E-09
317 .2164621E-09
318 .2080321E-09
319 .2095910E-09
320 .2057505E-09
321 .1932852E-09
322 .1788501E-09
323 .1731086E-09
324 .1606058E-09
325 .1683785E-09
326 .1713274E-09
327 .1674157E-09
328 .1789464E-09
329 .1715124E-09
330 .1641452E-09
331 .1792591E-09
332 .1785630E-09
333 .1836671E-09
334 .1873415E-09
335 .1835210E-09
336 .1956069E-09
337 .2011972E-09
338 .2053511E-09
339 .2176345E-09
340 .2160043E-09
341 .2222993E-09
342 .2155709E-09
343 .2143258E-09
344 .2177841E-09
345 .2236138E-09
346 .2233639E-09
347 .2265122E-09
348 .2321436E-09
349 .2427549E-09
350 .2612724E-09
351 .2662655E-09
352 .2809941E-09
353 .2938602E-09
354 .2951607E-09
355 .2959482E-09
356 .2817057E-09
357 .2855357E-09
358 .2999249E-09
359 .3054666E-09
360 .2945700E-09
361 .2883375E-09
362 .2837526E-09
363 .3169696E-09
364 .3446448E-09
365 .3787393E-09
366 .4098364E-09
367 .4185333E-09
368 .4192286E-09
369 .4142192E-09
370 .3906327E-09
371 .3642736E-09
372 .3370960E-09
373 .3040730E-09
374 .2670389E-09
375 .1983898E-09
376 .1349168E-09
377 .1177774E-09
378 .1204312E-09
379 .1429166E-09
380 .1679312E-09
381 .1726584E-09
382 .1974150E-09
383 .2206262E-09
384 .2488071E-09
385 .2905107E-09
386 .3318914E-09
387 .3636475E-09
388 .3610975E-09
389 .4182467E-09
390 .4760547E-09
391 .4800335E-09
392 .4953143E-09
393 .5407336E-09
394 .5449699E-09
395 .5357434E-09
396 .5291497E-09
397 .5382558E-09
398 .5169605E-09
399 .4827337E-09
400 .4701179E-09
401 .4439427E-09
402 .4282217E-09
403 .3948030E-09
404 .3987771E-09
405 .3776449E-09
406 .3619518E-09
407 .3516184E-09
408 .3321046E-09
409 .3365230E-09
410 .3297693E-09
411 .3203578E-09
412 .3076850E-09
413 .3146812E-09
414 .3192603E-09
415 .3264370E-09
416 .3334678E-09
417 .3330561E-09
418 .3381422E-09
419 .3433410E-09
420 .3465656E-09
421 .3556860E-09
422 .3488826E-09
423 .3566651E-09
424 .3601076E-09
425 .3683211E-09
426 .3745820E-09
427 .3908969E-09
428 .3960283E-09
429 .4019229E-09
430 .3911682E-09
431 .3945723E-09
432 .3786526E-09
433 .3540457E-09
434 .3425314E-09
435 .3290109E-09
436 .3054268E-09
437 .2838452E-09
438 .2712060E-09
439 .2556888E-09
440 .2407179E-09
441 .2389638E-09
442 .2378050E-09
443 .2458630E-09
444 .2575148E-09
445 .2637832E-09
446 .2722033E-09
447 .2804300E-09
448 .3131989E-09
449 .3396559E-09
450 .3711057E-09
451 .4047466E-09
452 .4536701E-09
453 .4961779E-09
454 .5319166E-09
455 .5683283E-09
456 .6046450E-09
457 .6323255E-09
458 .6564016E-09
459 .6679856E-09
460 .6714857E-09
461 .6674038E-09
462 .6505211E-09
463 .6192788E-09
464 .5836990E-09
465 .5389557E-09
466 .4960862E-09
467 .4486325E-09
468 .4119380E-09
469 .3776841E-09
470 .3521383E-09
471 .3257264E-09
472 .3121749E-09
473 .3005678E-09
474 .3021707E-09
475 .3077402E-09
476 .3151516E-09
477 .3332425E-09
478 .3444485E-09
479 .3552032E-09
480 .3609956E-09
481 .3598687E-09
482 .3611274E-09
483 .3616142E-09
484 .3703296E-09
485 .3865852E-09
486 .3998926E-09
487 .4298688E-09
488 .4644306E-09
489 .4922152E-09
490 .5153260E-09
491 .5406589E-09
492 .5498725E-09
493 .5394427E-09
494 .5288840E-09
495 .4981082E-09
496 .4711707E-09
497 .4397932E-09
498 .4057057E-09
499 .3726515E-09
500 .3504397E-09
501 .3234257E-09
502 .3118002E-09
503 .3052172E-09
504 .2974097E-09
505 .2889338E-09
506 .2880002E-09
507 .2826439E-09
508 .2843601E-09
509 .2785848E-09
510 .2767352E-09
511 .2793858E-09
512 .2830241E-09
513 .2896280E-09
514 .2874616E-09
515 .2949804E-09
516 .3059380E-09
517 .3217808E-09
518 .3426920E-09
519 .3553958E-09
520 .3730714E-09
521 .3878928E-09
522 .4021237E-09
523 .4193891E-09
524 .4450521E-09
525 .4616082E-09
526 .4675112E-09
527 .4782264E-09
528 .4847731E-09
529 .4921199E-09
530 .4867928E-09
531 .4963273E-09
532 .4978059E-09
533 .5041675E-09
534 .5107919E-09
535 .5196870E-09
536 .5298124E-09
537 .5456281E-09
538 .5608306E-09
539 .5703775E-09
540 .6022554E-09
541 .6259356E-09
542 .6499439E-09
543 .6888521E-09
544 .7142287E-09
545 .7383026E-09
546 .7530577E-09
547 .7683321E-09
548 .7751845E-09
549 .7856635E-09
550 .7875172E-09
551 .7850225E-09
552 .7811217E-09
553 .7659168E-09
554 .7451127E-09
555 .7323492E-09
556 .7065483E-09
557 .6878078E-09
558 .6648569E-09
559 .6381295E-09
560 .6123522E-09
561 .5802551E-09
562 .5535735E-09
563 .5307371E-09
564 .4986424E-09
565 .4727114E-09
566 .4587149E-09
567 .4508884E-09
568 .4446511E-09
569 .4534039E-09
570 .4593602E-09
571 .4658079E-09
572 .4716718E-09
573 .4928702E-09
574 .5090677E-09
575 .5208038E-09
576 .5476093E-09
577 .5595356E-09
578 .5760711E-09
579 .5894951E-09
580 .5929073E-09
581 .5816276E-09
582 .5905573E-09
583 .5880905E-09
584 .5741132E-09
585 .5842665E-09
586 .5895316E-09
587 .5710442E-09
588 .5593474E-09
589 .5282946E-09
590 .5209951E-09
591 .5048081E-09
592 .4897458E-09
593 .4793738E-09
594 .4498943E-09
595 .4292453E-09
596 .4180807E-09
597 .4158829E-09
598 .4033266E-09
599 .3960682E-09
600 .3906763E-09
601 .3906260E-09
602 .3888795E-09
603 .3848606E-09
604 .3824540E-09
605 .3857266E-09
606 .3837627E-09
607 .3891561E-09
608 .3853998E-09
609 .3874369E-09
610 .3890563E-09
611 .3845070E-09
612 .3824686E-09
613 .3818752E-09
614 .3841254E-09
615 .3921895E-09
616 .4077104E-09
617 .4113622E-09
618 .4053364E-09
619 .4037148E-09
620 .4107754E-09
621 .4072832E-09
622 .4091078E-09
623 .4077375E-09
624 .4041973E-09
625 .4024630E-09
626 .4188608E-09
627 .4192779E-09
628 .4123997E-09
629 .4374526E-09
630 .4510039E-09
631 .4515852E-09
632 .4904199E-09
633 .5063448E-09
634 .5297758E-09
635 .5561989E-09
636 .5861820E-09
637 .6198443E-09
638 .6289941E-09
639 .6670087E-09
640 .6900525E-09
641 .7031912E-09
642 .7170546E-09
643 .7482702E-09
644 .7522175E-09
645 .7478099E-09
646 .7720342E-09
647 .7748856E-09
648 .7733388E-09
649 .7729700E-09
650 .8054461E-09
651 .7927077E-09
652 .7656760E-09
653 .7653474E-09
654 .7638686E-09
655 .7405968E-09
656 .7118991E-09
657 .7048356E-09
658 .6862109E-09
659 .6666406E-09
660 .6303576E-09
661 .5955414E-09
662 .5710488E-09
663 .5609412E-09
664 .5286304E-09
665 .5011441E-09
666 .4840906E-09
667 .4761037E-09
668 .4719493E-09
669 .4335001E-09
670 .4233549E-09
671 .4227985E-09
672 .4181956E-09
673 .4405805E-09
674 .4223525E-09
675 .4250143E-09
676 .4063584E-09
677 .3752713E-09
678 .3979911E-09
679 .3729318E-09
680 .3629214E-09
681 .3818878E-09
682 .3799372E-09
683 .3622862E-09
684 .3503255E-09
685 .3823058E-09
686 .3646007E-09
687 .3475868E-09
688 .3571967E-09
689 .3441167E-09
690 .3470021E-09
691 .3511656E-09
692 .3549792E-09
693 .3618459E-09
694 .3599738E-09
695 .3641324E-09
696 .3531466E-09
697 .3396034E-09
698 .3498037E-09
699 .3482059E-09
700 .3280994E-09
701 .3041273E-09
702 .3074176E-09
703 .3106537E-09
704 .3139780E-09
705 .3160270E-09
706 .3237268E-09
707 .3340896E-09
708 .3405819E-09
709 .3490791E-09
710 .3598076E-09
711 .3750304E-09
712 .3964340E-09
713 .4066012E-09
714 .4152881E-09
715 .4245201E-09
716 .4356776E-09
717 .4269916E-09
718 .4301758E-09
719 .4301472E-09
720 .4290408E-09
721 .4316020E-09
722 .4278118E-09
723 .4212642E-09
724 .4240516E-09
725 .4304747E-09
726 .4361959E-09
727 .4454168E-09
728 .4549157E-09
729 .4604958E-09
730 .4649382E-09
731 .4799491E-09
732 .4864351E-09
733 .4980092E-09
734 .5096754E-09
735 .5128220E-09
736 .5159882E-09
737 .5088462E-09
738 .4960609E-09
739 .4822278E-09
740 .4530368E-09
741 .4215592E-09
742 .4015253E-09
743 .3754842E-09
744 .3517877E-09
745 .3353173E-09
746 .3237991E-09
747 .3192023E-09
748 .3494373E-09
749 .2805742E-09
750 .2396219E-09
751 .3223291E-09
752 .2982756E-09
753 .3206138E-09
754 .3497647E-09
755 .3671067E-09
756 .3781986E-09
757 .3963539E-09
758 .4031617E-09
759 .3939411E-09
760 .3903869E-09
761 .4029567E-09
762 .4021914E-09
763 .3916115E-09
764 .3842860E-09
765 .3817472E-09
766 .3877779E-09
767 .3788830E-09
768 .3678884E-09
769 .3539713E-09
770 .3362929E-09
771 .3306951E-09
772 .3246817E-09
773 .3104145E-09
774 .2965980E-09
775 .2853266E-09
776 .2764463E-09
777 .2673760E-09
778 .2614224E-09
779 .2508909E-09
780 .2339003E-09
781 .2227254E-09
782 .2212355E-09
783 .2174673E-09
784 .2134411E-09
785 .2020019E-09
786 .1923815E-09
787 .1888170E-09
788 .1878433E-09
789 .1775741E-09
790 .1717941E-09
791 .1650176E-09
792 .1681192E-09
793 .1643363E-09
794 .1578178E-09
795 .1544994E-09
796 .1559876E-09
797 .1568778E-09
798 .1454314E-09
799 .1382609E-09
800 .1432733E-09
801 .1429305E-09
802 .1417526E-09
803 .1365699E-09
804 .1216947E-09
805 .1234136E-09
806 .1573684E-09
807 .9315940E-10
808 .7681492E-10
809 .7644928E-10
810 .6781429E-10
811 .6485498E-10
812 .6032963E-10
813 .5451094E-10
814 .4711928E-10
815 .4071412E-10
816 .3746659E-10
817 .4198473E-10
818 .4428260E-10
819 .3941645E-10
820 .3883118E-10
821 .4308067E-10
822 .4636819E-10
823 .4743263E-10
824 .4680761E-10
825 .4708234E-10
826 .5094210E-10
827 .5649299E-10
828 .6769850E-10
829 .7575214E-10
830 .7140245E-10
831 .7282954E-10
832 .7827974E-10
833 .8840139E-10
834 .1066848E-09
835 .1232954E-09
836 .1391762E-09
837 .1508429E-09
838 .1672282E-09
839 .1840545E-09
840 .2114748E-09
841 .2446881E-09
842 .2577375E-09
843 .2540492E-09
844 .2507052E-09
845 .2528611E-09
846 .2557697E-09
847 .2716873E-09
848 .2931189E-09
849 .2866559E-09
850 .2767054E-09
851 .2673877E-09
852 .2584971E-09
853 .2668968E-09
854 .3032512E-09
855 .3101813E-09
856 .2957803E-09
857 .2853877E-09
858 .2893517E-09
859 .2955074E-09
860 .3423175E-09
861 .3638728E-09
862 .3382708E-09
863 .3145928E-09
864 .3391553E-09
865 .3744096E-09
866 .3808059E-09
867 .3762784E-09
868 .3635392E-09
869 .3285390E-09
870 .3260190E-09
871 .3366026E-09
872 .3656528E-09
873 .3682911E-09
874 .3337528E-09
875 .3063119E-09
876 .3027425E-09
877 .3155009E-09
878 .3233144E-09
879 .3131205E-09
880 .3157672E-09
881 .3050011E-09
882 .2919020E-09
883 .2799978E-09
884 .2792168E-09
885 .2935870E-09
886 .2686884E-09
887 .2635424E-09
888 .2684056E-09
889 .2573321E-09
890 .2537989E-09
891 .2644689E-09
892 .2621845E-09
893 .2492160E-09
894 .2481121E-09
895 .2467159E-09
896 .2549010E-09
897 .2665072E-09
898 .2669891E-09
899 .2586127E-09
900 .2429553E-09
901 .2447339E-09
902 .2388492E-09
903 .2399502E-09
904 .2404145E-09
905 .2407309E-09
906 .2486267E-09
907 .2541903E-09
908 .2645935E-09
909 .2881882E-09
910 .2673695E-09
911 .2442147E-09
912 .2382656E-09
913 .2263051E-09
914 .2380371E-09
915 .2443182E-09
916 .2429551E-09
917 .2290915E-09
918 .1924759E-09
919 .1888483E-09
920 .1984804E-09
921 .2070708E-09
922 .2003778E-09
923 .2690312E-09
924 .2799609E-09
925 .1807690E-09
926 .1917316E-09
927 .1887999E-09
928 .1901601E-09
929 .2075072E-09
930 .2169516E-09
931 .2398091E-09
932 .2334347E-09
933 .2343758E-09
934 .2339539E-09
935 .2394391E-09
936 .2145896E-09
937 .2497540E-09
938 .3161910E-09
939 .2904908E-09
940 .2807605E-09
941 .2777872E-09
942 .2442281E-09
943 .2505151E-09
944 .2712804E-09
945 .2644784E-09
946 .2559021E-09
947 .2319719E-09
948 .2155817E-09
949 .2241175E-09
950 .2186009E-09
951 .2216518E-09
952 .1970445E-09
953 .1872773E-09
954 .2078168E-09
955 .2118304E-09
956 .2097928E-09
957 .1956318E-09
958 .2022120E-09
959 .2064557E-09
960 .1888252E-09
961 .2187154E-09
962 .2146439E-09
963 .2105262E-09
964 .2458732E-09
965 .2293831E-09
966 .2185734E-09
967 .2326209E-09
968 .2587911E-09
969 .2807684E-09
970 .2727847E-09
971 .3124321E-09
972 .3385553E-09
973 .3110840E-09
974 .2952136E-09
975 .3119608E-09
976 .3304683E-09
977 .3392320E-09
978 .3315638E-09
979 .3187675E-09
980 .3747350E-09
981 .3624149E-09
982 .3359734E-09
983 .3559512E-09
984 .3773902E-09
985 .3933656E-09
986 .3541675E-09
987 .3384023E-09
988 .3727170E-09
989 .3563538E-09
990 .3408456E-09
991 .3392729E-09
992 .3232567E-09
993 .3266947E-09
994 .3590518E-09
995 .3803945E-09
996 .3320371E-09
997 .2877375E-09
998 .2836392E-09
999 .3244547E-09
1000 .3171139E-09
1001 .3153170E-09
1002 .3135150E-09
1003 .3117069E-09
1004 .3098937E-09
1005 .3080751E-09
1006 .3062508E-09
1007 .3044215E-09
1008 .3025862E-09
1009 .3007461E-09
1010 .2988999E-09
1011 .2970482E-09
1012 .2951918E-09
1013 .2933294E-09
1014 .2914618E-09
1015 .2895888E-09
1016 .2877105E-09
1017 .2858267E-09
1018 .2839375E-09
1019 .2820429E-09
1020 .2801429E-09
1021 .2782377E-09
1022 .2763270E-09
1023 .2744109E-09
1024 .2724899E-09
1025 .2705634E-09
1026 .2686312E-09
1027 .2666936E-09
1028 .2647514E-09
1029 .2628038E-09
1030 .2608507E-09
1031 .2588923E-09
1032 .2569290E-09
1033 .2549600E-09
1034 .2529861E-09
1035 .2510070E-09
1036 .2490227E-09
1037 .2470333E-09
1038 .2450386E-09
1039 .2430389E-09
1040 .2410338E-09
1041 .2390237E-09
1042 .2370088E-09
1043 .2349884E-09
1044 .2329632E-09
1045 .2309328E-09
1046 .2288975E-09
1047 .2268571E-09
1048 .2248120E-09
1049 .2227616E-09
1050 .2207065E-09
1051 .2186464E-09
1052 .2165817E-09
1053 .2145120E-09
1054 .2124375E-09
1055 .2103583E-09
1056 .2082743E-09
1057 .2061851E-09
1058 .2040918E-09
1059 .2019937E-09
1060 .1998908E-09
1061 .1977833E-09
1062 .1956711E-09
1063 .1935545E-09
1064 .1914331E-09
1065 .1893073E-09
1066 .1871773E-09
1067 .1850422E-09
1068 .1829030E-09
1069 .1807593E-09
1070 .1786112E-09
1071 .1764583E-09
1072 .1743014E-09
1073 .1721402E-09
1074 .1699745E-09
1075 .1678046E-09
1076 .1656306E-09
1077 .1634520E-09
1078 .1612692E-09
1079 .1590822E-09
1080 .1568911E-09
1081 .1546958E-09
1082 .1524965E-09
1083 .1502932E-09
1084 .1480854E-09
1085 .1458737E-09
1086 .1436579E-09
1087 .1414382E-09
1088 .1392143E-09
1089 .1369866E-09
1090 .1347549E-09
1091 .1325193E-09
1092 .1302797E-09
1093 .1280362E-09
1094 .1257889E-09
1095 .1235377E-09
1096 .1212826E-09
1097 .1190239E-09
1098 .1167612E-09
1099 .1144948E-09
1100 .1122248E-09
1101 .1099509E-09
1102 .1076734E-09
1103 .1053922E-09
1104 .1031073E-09
1105 .1008190E-09
1106 .9852676E-10
1107 .9623105E-10
1108 .9393171E-10
1109 .9162899E-10
1110 .8932272E-10
1111 .8701273E-10
1112 .8469945E-10
1113 .8238266E-10
1114 .8006235E-10
1115 .7773869E-10
1116 .7541162E-10
1117 .7308122E-10
1118 .7074729E-10
1119 .6841012E-10
1120 .6606964E-10
1121 .6372580E-10
1122 .6137874E-10
1123 .5902836E-10
1124 .5667469E-10
1125 .5431789E-10
1126 .5195781E-10
1127 .4959458E-10
1128 .4722812E-10
1129 .4485852E-10
1130 .4248584E-10
1131 .4251241E-10
1132 .4253887E-10
1133 .4256525E-10
1134 .4259150E-10
1135 .4261766E-10
1136 .4264371E-10
1137 .4266967E-10
1138 .4269548E-10
1139 .4272125E-10
1140 .4274684E-10
1141 .4277237E-10
1142 .4279782E-10
1143 .4282315E-10
1144 .4284835E-10
1145 .4287347E-10
1146 .4289851E-10
1147 .4292346E-10
1148 .4294828E-10
1149 .4297300E-10
1150 .4299766E-10
1151 .4302221E-10
1152 .4304665E-10
1153 .4307100E-10
1154 .4309528E-10
1155 .4311943E-10
1156 .4314350E-10
1157 .4316745E-10
1158 .4319133E-10
1159 .4321514E-10
1160 .4323882E-10
1161 .4326244E-10
1162 .4328596E-10
1163 .4330935E-10
1164 .4333265E-10
1165 .4335596E-10
1166 .4337909E-10
1167 .4340212E-10
1168 .4342515E-10
1169 .4344802E-10
1170 .4347079E-10
1171 .4349356E-10
1172 .4351619E-10
1173 .4353874E-10
1174 .4356115E-10
1175 .4358359E-10
1176 .4360588E-10
1177 .4362806E-10
1178 .4365022E-10
1179 .4367227E-10
1180 .4369423E-10
1181 .4371613E-10
1182 .4373792E-10
1183 .4375966E-10
1184 .4378131E-10
1185 .4380290E-10
1186 .4382438E-10
1187 .4384580E-10
1188 .4386715E-10
1189 .4388842E-10
1190 .4390961E-10
1191 .4393072E-10
1192 .4395177E-10
1193 .4397272E-10
1194 .4399365E-10
1195 .4401444E-10
1196 .4403519E-10
1197 .4405589E-10
1198 .4407649E-10
1199 .4409701E-10
1200 .4411749E-10
1201 .4413789E-10
1202 .4415820E-10
1203 .4417847E-10
1204 .4419869E-10
1205 .4421882E-10
1206 .4423889E-10
1207 .4425888E-10
1208 .4427881E-10
1209 .4429866E-10
1210 .4431847E-10
1211 .4433822E-10
1212 .4435789E-10
1213 .4437754E-10
1214 .4439704E-10
1215 .4441658E-10
1216 .4443601E-10
1217 .4445538E-10
1218 .4447468E-10
1219 .4449399E-10
1220 .4451319E-10
1221 .4453233E-10
1222 .4455141E-10
1223 .4457042E-10
1224 .4458941E-10
1225 .4460832E-10
1226 .4462721E-10
1227 .4464599E-10
1228 .4466476E-10
1229 .4468349E-10
1230 .4470215E-10
1231 .4472073E-10
1232 .4473930E-10
1233 .4475783E-10
1234 .4477625E-10
1235 .4479467E-10
1236 .4481303E-10
1237 .4483136E-10
1238 .4484959E-10
1239 .4486782E-10
1240 .4488597E-10
1241 .4490412E-10
1242 .4492220E-10
1243 .4494025E-10
1244 .4495824E-10
1245 .4497619E-10
1246 .4499409E-10
1247 .4501196E-10
1248 .4502978E-10
1249 .4504760E-10
1250 .4506536E-10
1251 .4508551E-10
1252 .4510568E-10
1253 .4512580E-10
1254 .4514579E-10
1255 .4516581E-10
1256 .4518574E-10
1257 .4520573E-10
1258 .4522562E-10
1259 .4524546E-10
1260 .4526531E-10
1261 .4528511E-10
1262 .4530488E-10
1263 .4532457E-10
1264 .4534424E-10
1265 .4536392E-10
1266 .4538348E-10
1267 .4540310E-10
1268 .4542262E-10
1269 .4544216E-10
1270 .4546165E-10
1271 .4548112E-10
1272 .4550054E-10
1273 .4551995E-10
1274 .4553930E-10
1275 .4555862E-10
1276 .4557798E-10
1277 .4559730E-10
1278 .4561655E-10
1279 .4563581E-10
1280 .4565502E-10
1281 .4567422E-10
1282 .4569334E-10
1283 .4571252E-10
1284 .4573167E-10
1285 .4575077E-10
1286 .4576983E-10
1287 .4578891E-10
1288 .4580797E-10
1289 .4582693E-10
1290 .4584598E-10
1291 .4586492E-10
1292 .4588393E-10
1293 .4590289E-10
1294 .4592179E-10
1295 .4594070E-10
1296 .4595959E-10
1297 .4597845E-10
1298 .4599730E-10
1299 .4601611E-10
1300 .4603493E-10
1301 .4605371E-10
1302 .4607250E-10
1303 .4609122E-10
1304 .4610996E-10
1305 .4612867E-10
1306 .4614737E-10
1307 .4616607E-10
1308 .4618473E-10
1309 .4620334E-10
1310 .4622198E-10
1311 .4624065E-10
1312 .4625924E-10
1313 .4627778E-10
1314 .4629635E-10
1315 .4631488E-10
1316 .4633341E-10
1317 .4635198E-10
1318 .4637044E-10
1319 .4638893E-10
1320 .4640741E-10
1321 .4642587E-10
1322 .4644427E-10
1323 .4646273E-10
1324 .4648111E-10
1325 .4649947E-10
1326 .4651788E-10
1327 .4653621E-10
1328 .4655458E-10
1329 .4657290E-10
1330 .4659124E-10
1331 .4660954E-10
1332 .4662778E-10
1333 .4664609E-10
1334 .4666434E-10
1335 .4668260E-10
1336 .4670086E-10
1337 .4671906E-10
1338 .4673723E-10
1339 .4675544E-10
1340 .4677365E-10
1341 .4679178E-10
1342 .4680995E-10
1343 .4682807E-10
1344 .4684625E-10
1345 .4686433E-10
1346 .4688246E-10
1347 .4690054E-10
1348 .4691862E-10
1349 .4693668E-10
1350 .4695473E-10
1351 .4697280E-10
1352 .4699087E-10
1353 .4700884E-10
1354 .4702688E-10
1355 .4704485E-10
1356 .4706286E-10
1357 .4708085E-10
1358 .4709878E-10
1359 .4711677E-10
1360 .4713471E-10
1361 .4715262E-10
1362 .4717058E-10
1363 .4718849E-10
1364 .4720642E-10
1365 .4722430E-10
1366 .4724219E-10
1367 .4726007E-10
1368 .4727794E-10
1369 .4729578E-10
1370 .4731366E-10
1371 .4724071E-10
1372 .4716758E-10
1373 .4709444E-10
1374 .4702125E-10
1375 .4694793E-10
1376 .4687458E-10
1377 .4680112E-10
1378 .4672756E-10
1379 .4665401E-10
1380 .4658029E-10
1381 .4650657E-10
1382 .4643273E-10
1383 .4635883E-10
1384 .4628483E-10
1385 .4621079E-10
1386 .4613664E-10
1387 .4606247E-10
1388 .4598818E-10
1389 .4591384E-10
1390 .4583941E-10
1391 .4576489E-10
1392 .4569031E-10
1393 .4561568E-10
1394 .4554095E-10
1395 .4546616E-10
1396 .4539126E-10
1397 .4531633E-10
1398 .4524133E-10
1399 .4516625E-10
1400 .4509109E-10
1401 .4501581E-10
1402 .4494055E-10
1403 .4486515E-10
1404 .4478971E-10
1405 .4471420E-10
1406 .4463860E-10
1407 .4456295E-10
1408 .4448721E-10
1409 .4441142E-10
1410 .4433553E-10
1411 .4425958E-10
1412 .4418356E-10
1413 .4410748E-10
1414 .4403131E-10
1415 .4395509E-10
1416 .4387875E-10
1417 .4380242E-10
1418 .4372599E-10
1419 .4364946E-10
1420 .4357289E-10
1421 .4349624E-10
1422 .4341950E-10
1423 .4334272E-10
1424 .4326586E-10
1425 .4318894E-10
1426 .4311193E-10
1427 .4303489E-10
1428 .4295774E-10
1429 .4288053E-10
1430 .4280326E-10
1431 .4272595E-10
1432 .4264856E-10
1433 .4257107E-10
1434 .4249353E-10
1435 .4241592E-10
1436 .4233827E-10
1437 .4226052E-10
1438 .4218271E-10
1439 .4210483E-10
1440 .4202687E-10
1441 .4194886E-10
1442 .4187080E-10
1443 .4179267E-10
1444 .4171443E-10
1445 .4163618E-10
1446 .4155786E-10
1447 .4147943E-10
1448 .4140096E-10
1449 .4132241E-10
1450 .4124380E-10
1451 .4116514E-10
1452 .4108642E-10
1453 .4100759E-10
1454 .4092875E-10
1455 .4084981E-10
1456 .4077085E-10
1457 .4069178E-10
1458 .4061268E-10
1459 .4053345E-10
1460 .4045419E-10
1461 .4037493E-10
1462 .4029550E-10
1463 .4021608E-10
1464 .4013656E-10
1465 .4005700E-10
1466 .3997735E-10
1467 .3989767E-10
1468 .3981791E-10
1469 .3973808E-10
1470 .3965818E-10
1471 .3957823E-10
1472 .3949820E-10
1473 .3941815E-10
1474 .3933800E-10
1475 .3925780E-10
1476 .3917754E-10
1477 .3909720E-10
1478 .3901682E-10
1479 .3893636E-10
1480 .3885586E-10
1481 .3877527E-10
1482 .3869464E-10
1483 .3861394E-10
1484 .3853318E-10
1485 .3845236E-10
1486 .3837146E-10
1487 .3829052E-10
1488 .3820950E-10
1489 .3812845E-10
1490 .3804731E-10
1491 .3796609E-10
1492 .3788482E-10
1493 .3780351E-10
1494 .3772210E-10
1495 .3764068E-10
1496 .3755911E-10
1497 .3747754E-10
1498 .3739589E-10
1499 .3731416E-10
1500 .3723241E-10
1501 .3724576E-10
1502 .3725913E-10
1503 .3727252E-10
1504 .3728592E-10
1505 .3729931E-10
1506 .3731267E-10
1507 .3732607E-10
1508 .3733945E-10
1509 .3735286E-10
1510 .3736623E-10
1511 .3737964E-10
1512 .3739303E-10
1513 .3740643E-10
1514 .3741981E-10
1515 .3743321E-10
1516 .3744660E-10
1517 .3745998E-10
1518 .3747336E-10
1519 .3748673E-10
1520 .3750011E-10
1521 .3751352E-10
1522 .3752690E-10
1523 .3754026E-10
1524 .3755365E-10
1525 .3756702E-10
1526 .3758041E-10
1527 .3759374E-10
1528 .3760710E-10
1529 .3762047E-10
1530 .3763381E-10
1531 .3764718E-10
1532 .3766050E-10
1533 .3767382E-10
1534 .3768716E-10
1535 .3770053E-10
1536 .3771383E-10
1537 .3772715E-10
1538 .3774047E-10
1539 .3775377E-10
1540 .3776707E-10
1541 .3778036E-10
1542 .3779366E-10
1543 .3780692E-10
1544 .3782018E-10
1545 .3783345E-10
1546 .3784670E-10
1547 .3785995E-10
1548 .3787319E-10
1549 .3788642E-10
1550 .3789966E-10
1551 .3791287E-10
1552 .3792607E-10
1553 .3793928E-10
1554 .3795246E-10
1555 .3796561E-10
1556 .3797880E-10
1557 .3799194E-10
1558 .3800510E-10
1559 .3801824E-10
1560 .3803134E-10
1561 .3804446E-10
1562 .3805756E-10
1563 .3807066E-10
1564 .3808372E-10
1565 .3809681E-10
1566 .3810987E-10
1567 .3812289E-10
1568 .3813591E-10
1569 .3814893E-10
1570 .3816193E-10
1571 .3817492E-10
1572 .3818788E-10
1573 .3820085E-10
1574 .3821379E-10
1575 .3822671E-10
1576 .3823964E-10
1577 .3825252E-10
1578 .3826539E-10
1579 .3827828E-10
1580 .3829113E-10
1581 .3830396E-10
1582 .3831677E-10
1583 .3832958E-10
1584 .3834236E-10
1585 .3835516E-10
1586 .3836790E-10
1587 .3838063E-10
1588 .3839333E-10
1589 .3840604E-10
1590 .3841873E-10
1591 .3843139E-10
1592 .3844402E-10
1593 .3845664E-10
1594 .3846925E-10
1595 .3848183E-10
1596 .3849440E-10
1597 .3850692E-10
1598 .3851947E-10
1599 .3853198E-10
1600 .3854444E-10
1601 .3855692E-10
1602 .3856935E-10
1603 .3858178E-10
1604 .3859416E-10
1605 .3860653E-10
1606 .3861887E-10
1607 .3863122E-10
1608 .3864353E-10
1609 .3865580E-10
1610 .3866806E-10
1611 .3868030E-10
1612 .3869250E-10
1613 .3870469E-10
1614 .3871686E-10
1615 .3872895E-10
1616 .3874110E-10
1617 .3875319E-10
1618 .3876524E-10
1619 .3877730E-10
1620 .3878931E-10
1621 .3880127E-10
1622 .3881324E-10
1623 .3882516E-10
1624 .3883707E-10
1625 .3884895E-10
1626 .3884719E-10
1627 .3884540E-10
1628 .3884358E-10
1629 .3884177E-10
1630 .3883994E-10
1631 .3883812E-10
1632 .3883625E-10
1633 .3883442E-10
1634 .3883255E-10
1635 .3883066E-10
1636 .3882877E-10
1637 .3882691E-10
1638 .3882501E-10
1639 .3882305E-10
1640 .3882110E-10
1641 .3881916E-10
1642 .3881719E-10
1643 .3881521E-10
1644 .3881318E-10
1645 .3881118E-10
1646 .3880916E-10
1647 .3880711E-10
1648 .3880505E-10
1649 .3880299E-10
1650 .3880090E-10
1651 .3879880E-10
1652 .3879669E-10
1653 .3879453E-10
1654 .3879237E-10
1655 .3879021E-10
1656 .3878802E-10
1657 .3878581E-10
1658 .3878356E-10
1659 .3878134E-10
1660 .3877903E-10
1661 .3877675E-10
1662 .3877448E-10
1663 .3877215E-10
1664 .3876978E-10
1665 .3876744E-10
1666 .3876505E-10
1667 .3876265E-10
1668 .3876020E-10
1669 .3875776E-10
1670 .3875531E-10
1671 .3875281E-10
1672 .3875029E-10
1673 .3874774E-10
1674 .3874521E-10
1675 .3874260E-10
1676 .3874002E-10
1677 .3873739E-10
1678 .3873471E-10
1679 .3873203E-10
1680 .3872934E-10
1681 .3872662E-10
1682 .3872385E-10
1683 .3872110E-10
1684 .3871828E-10
1685 .3871546E-10
1686 .3871262E-10
1687 .3870975E-10
1688 .3870683E-10
1689 .3870392E-10
1690 .3870097E-10
1691 .3869798E-10
1692 .3869501E-10
1693 .3869199E-10
1694 .3868894E-10
1695 .3868588E-10
1696 .3868277E-10
1697 .3867968E-10
1698 .3867657E-10
1699 .3867337E-10
1700 .3867022E-10
1701 .3866700E-10
1702 .3866376E-10
1703 .3866052E-10
1704 .3865723E-10
1705 .3865396E-10
1706 .3865065E-10
1707 .3864728E-10
1708 .3864393E-10
1709 .3864052E-10
1710 .3863714E-10
1711 .3863371E-10
1712 .3863027E-10
1713 .3862678E-10
1714 .3862331E-10
1715 .3861978E-10
1716 .3861623E-10
1717 .3861266E-10
1718 .3860909E-10
1719 .3860546E-10
1720 .3860185E-10
1721 .3859821E-10
1722 .3859453E-10
1723 .3859084E-10
1724 .3858717E-10
1725 .3858341E-10
1726 .3857967E-10
1727 .3857589E-10
1728 .3857209E-10
1729 .3856826E-10
1730 .3856444E-10
1731 .3856059E-10
1732 .3855669E-10
1733 .3855285E-10
1734 .3854890E-10
1735 .3854497E-10
1736 .3854100E-10
1737 .3853703E-10
1738 .3853305E-10
1739 .3852904E-10
1740 .3852498E-10
1741 .3852090E-10
1742 .3851686E-10
1743 .3851275E-10
1744 .3850864E-10
1745 .3850451E-10
1746 .3850036E-10
1747 .3849620E-10
1748 .3849203E-10
1749 .3848780E-10
1750 .3848356E-10
1751 .3847934E-10
1752 .3847505E-10
1753 .3847077E-10
1754 .3846650E-10
1755 .3846214E-10
1756 .3845781E-10
1757 .3845348E-10
1758 .3844909E-10
1759 .3844469E-10
1760 .3844028E-10
1761 .3843585E-10
1762 .3843140E-10
1763 .3842696E-10
1764 .3842248E-10
1765 .3841799E-10
1766 .3841345E-10
1767 .3840892E-10
1768 .3840440E-10
1769 .3839979E-10
1770 .3839520E-10
1771 .3839060E-10
1772 .3838599E-10
1773 .3838135E-10
1774 .3837670E-10
1775 .3837204E-10
1776 .3836734E-10
1777 .3836264E-10
1778 .3835792E-10
1779 .3835316E-10
1780 .3834843E-10
1781 .3834365E-10
1782 .3833888E-10
1783 .3833405E-10
1784 .3832925E-10
1785 .3832444E-10
1786 .3831958E-10
1787 .3831473E-10
1788 .3830985E-10
1789 .3830494E-10
1790 .3830003E-10
1791 .3829513E-10
1792 .3829015E-10
1793 .3828521E-10
1794 .3828021E-10
1795 .3827524E-10
1796 .3827023E-10
1797 .3826521E-10
1798 .3826018E-10
1799 .3825511E-10
1800 .3825006E-10
1801 .3811955E-10
1802 .3798905E-10
1803 .3785856E-10
1804 .3772808E-10
1805 .3759763E-10
1806 .3746719E-10
1807 .3733675E-10
1808 .3720637E-10
1809 .3707599E-10
1810 .3694565E-10
1811 .3681531E-10
1812 .3668500E-10
1813 .3655469E-10
1814 .3642444E-10
1815 .3629421E-10
1816 .3616396E-10
1817 .3603375E-10
1818 .3590359E-10
1819 .3577342E-10
1820 .3564329E-10
1821 .3551315E-10
1822 .3538309E-10
1823 .3525301E-10
1824 .3512297E-10
1825 .3499293E-10
1826 .3486297E-10
1827 .3473300E-10
1828 .3460305E-10
1829 .3447313E-10
1830 .3434323E-10
1831 .3421335E-10
1832 .3408350E-10
1833 .3395368E-10
1834 .3382390E-10
1835 .3369410E-10
1836 .3356436E-10
1837 .3343465E-10
1838 .3330495E-10
1839 .3317530E-10
1840 .3304567E-10
1841 .3291603E-10
1842 .3278646E-10
1843 .3265689E-10
1844 .3252738E-10
1845 .3239788E-10
1846 .3226839E-10
1847 .3213895E-10
1848 .3200953E-10
1849 .3188014E-10
1850 .3175078E-10
1851 .3162143E-10
1852 .3149214E-10
1853 .3136286E-10
1854 .3123361E-10
1855 .3110440E-10
1856 .3097521E-10
1857 .3084605E-10
1858 .3071692E-10
1859 .3058780E-10
1860 .3045875E-10
1861 .3032970E-10
1862 .3020069E-10
1863 .3007172E-10
1864 .2994278E-10
1865 .2981387E-10
1866 .2968498E-10
1867 .2955612E-10
1868 .2942729E-10
1869 .2929853E-10
1870 .2916975E-10
1871 .2904102E-10
1872 .2891232E-10
1873 .2878366E-10
1874 .2865502E-10
1875 .2852646E-10
1876 .2839785E-10
1877 .2826933E-10
1878 .2814083E-10
1879 .2801237E-10
1880 .2788391E-10
1881 .2775553E-10
1882 .2762716E-10
1883 .2749882E-10
1884 .2737052E-10
1885 .2724224E-10
1886 .2711402E-10
1887 .2698583E-10
1888 .2685765E-10
1889 .2672951E-10
1890 .2660142E-10
1891 .2647334E-10
1892 .2634532E-10
1893 .2621734E-10
1894 .2608937E-10
1895 .2596145E-10
1896 .2583356E-10
1897 .2570572E-10
1898 .2557789E-10
1899 .2545010E-10
1900 .2532237E-10
1901 .2519466E-10
1902 .2506697E-10
1903 .2493936E-10
1904 .2481175E-10
1905 .2468417E-10
1906 .2455664E-10
1907 .2442914E-10
1908 .2430170E-10
1909 .2417428E-10
1910 .2404689E-10
1911 .2391955E-10
1912 .2379225E-10
1913 .2366499E-10
1914 .2353773E-10
1915 .2341054E-10
1916 .2328338E-10
1917 .2315625E-10
1918 .2302918E-10
1919 .2290213E-10
1920 .2277512E-10
1921 .2264816E-10
1922 .2252120E-10
1923 .2239431E-10
1924 .2226746E-10
1925 .2214064E-10
1926 .2201386E-10
1927 .2188711E-10
1928 .2176041E-10
1929 .2163375E-10
1930 .2150712E-10
1931 .2138055E-10
1932 .2125399E-10
1933 .2112746E-10
1934 .2100102E-10
1935 .2087457E-10
1936 .2074818E-10
1937 .2062184E-10
1938 .2049551E-10
1939 .2036923E-10
1940 .2024303E-10
1941 .2011681E-10
1942 .1999065E-10
1943 .1986455E-10
1944 .1973846E-10
1945 .1961243E-10
1946 .1948643E-10
1947 .1936049E-10
1948 .1923457E-10
1949 .1910870E-10
1950 .1898286E-10
1951 .1885707E-10
1952 .1873130E-10
1953 .1860560E-10
1954 .1847992E-10
1955 .1835429E-10
1956 .1822870E-10
1957 .1810314E-10
1958 .1797764E-10
1959 .1785217E-10
1960 .1772673E-10
1961 .1760136E-10
1962 .1747599E-10
1963 .1735070E-10
1964 .1722542E-10
1965 .1710020E-10
1966 .1697503E-10
1967 .1684989E-10
1968 .1672479E-10
1969 .1659973E-10
1970 .1647470E-10
1971 .1634973E-10
1972 .1622480E-10
1973 .1609991E-10
1974 .1597506E-10
1975 .1585026E-10
1976 .1572549E-10
1977 .1560077E-10
1978 .1547610E-10
1979 .1535145E-10
1980 .1522685E-10
1981 .1510231E-10
1982 .1497779E-10
1983 .1485332E-10
1984 .1472888E-10
1985 .1460450E-10
1986 .1448015E-10
1987 .1435587E-10
1988 .1423163E-10
1989 .1410741E-10
1990 .1398323E-10
1991 .1385910E-10
1992 .1373501E-10
1993 .1361098E-10
1994 .1348696E-10
1995 .1336302E-10
1996 .1323910E-10
1997 .1311523E-10
1998 .1299140E-10
1999 .1286761E-10
2000 .1274388E-10
2001 .1262018E-10
2002 .1249652E-10
2003 .1237291E-10
2004 .1224934E-10
2005 .1212581E-10
2006 .1200232E-10
2007 .1187887E-10
2008 .1175548E-10
2009 .1163213E-10
2010 .1150881E-10
2011 .1150686E-10
2012 .1150492E-10
2013 .1150298E-10
2014 .1150103E-10
2015 .1149909E-10
2016 .1149715E-10
2017 .1149522E-10
2018 .1149329E-10
2019 .1149136E-10
2020 .1148943E-10
2021 .1148750E-10
2022 .1148559E-10
2023 .1148366E-10
2024 .1148173E-10
2025 .1147983E-10
2026 .1147790E-10
2027 .1147599E-10
2028 .1147408E-10
2029 .1147218E-10
2030 .1147028E-10
2031 .1146837E-10
2032 .1146649E-10
2033 .1146459E-10
2034 .1146268E-10
2035 .1146079E-10
2036 .1145891E-10
2037 .1145704E-10
2038 .1145515E-10
2039 .1145328E-10
2040 .1145138E-10
2041 .1144953E-10
2042 .1144765E-10
2043 .1144579E-10
2044 .1144393E-10
2045 .1144206E-10
2046 .1144021E-10
2047 .1143836E-10
2048 .1143652E-10
2049 .1143467E-10
2050 .1143283E-10
2051 .1143099E-10
2052 .1142916E-10
2053 .1142733E-10
2054 .1142551E-10
2055 .1142367E-10
2056 .1142187E-10
2057 .1142004E-10
2058 .1141824E-10
2059 .1141643E-10
2060 .1141463E-10
2061 .1141283E-10
2062 .1141104E-10
2063 .1140925E-10
2064 .1140746E-10
2065 .1140567E-10
2066 .1140389E-10
2067 .1140212E-10
2068 .1140037E-10
2069 .1139859E-10
2070 .1139684E-10
2071 .1139509E-10
2072 .1139333E-10
2073 .1139159E-10
2074 .1138984E-10
2075 .1138810E-10
2076 .1138638E-10
2077 .1138465E-10
2078 .1138293E-10
2079 .1138122E-10
2080 .1137949E-10
2081 .1137780E-10
2082 .1137609E-10
2083 .1137439E-10
2084 .1137270E-10
2085 .1137102E-10
2086 .1136934E-10
2087 .1136766E-10
2088 .1136599E-10
2089 .1136432E-10
2090 .1136266E-10
2091 .1136101E-10
2092 .1135937E-10
2093 .1135771E-10
2094 .1135609E-10
2095 .1135445E-10
2096 .1135282E-10
2097 .1135120E-10
2098 .1134959E-10
2099 .1134797E-10
2100 .1134638E-10
2101 .1134478E-10
2102 .1134319E-10
2103 .1134161E-10
2104 .1134002E-10
2105 .1133845E-10
2106 .1133689E-10
2107 .1133532E-10
2108 .1133378E-10
2109 .1133222E-10
2110 .1133068E-10
2111 .1132915E-10
2112 .1132762E-10
2113 .1132610E-10
2114 .1132458E-10
2115 .1132307E-10
2116 .1132157E-10
2117 .1132007E-10
2118 .1131857E-10
2119 .1131711E-10
2120 .1131562E-10
2121 .1131414E-10
2122 .1131268E-10
2123 .1131124E-10
2124 .1130979E-10
2125 .1130833E-10
2126 .1130690E-10
2127 .1130547E-10
2128 .1130405E-10
2129 .1130264E-10
2130 .1130124E-10
2131 .1129984E-10
2132 .1129845E-10
2133 .1129706E-10
2134 .1129567E-10
2135 .1129431E-10
2136 .1129294E-10
2137 .1129160E-10
2138 .1129025E-10
2139 .1128891E-10
2140 .1128758E-10
2141 .1128624E-10
2142 .1128494E-10
2143 .1128362E-10
2144 .1128232E-10
2145 .1128104E-10
2146 .1127975E-10
2147 .1127847E-10
2148 .1127720E-10
2149 .1127593E-10
2150 .1127469E-10
2151 .1127345E-10
2152 .1127222E-10
2153 .1127097E-10
2154 .1126974E-10
2155 .1126854E-10
2156 .1126736E-10
2157 .1126615E-10
2158 .1126495E-10
2159 .1126378E-10
2160 .1126262E-10
2161 .1126145E-10
2162 .1126030E-10
2163 .1125915E-10
2164 .1125801E-10
2165 .1125689E-10
2166 .1125577E-10
2167 .1125466E-10
2168 .1125357E-10
2169 .1125248E-10
2170 .1125141E-10
2171 .1125033E-10
2172 .1124927E-10
2173 .1124821E-10
2174 .1124716E-10
2175 .1124611E-10
2176 .1124509E-10
2177 .1124408E-10
2178 .1124306E-10
2179 .1124207E-10
2180 .1124107E-10
2181 .1124009E-10
2182 .1123913E-10
2183 .1123817E-10
2184 .1123721E-10
2185 .1123627E-10
2186 .1123533E-10
2187 .1123442E-10
2188 .1123352E-10
2189 .1123261E-10
2190 .1123172E-10
2191 .1123083E-10
2192 .1122995E-10
2193 .1122910E-10
2194 .1122823E-10
2195 .1122741E-10
2196 .1122657E-10
2197 .1122575E-10
2198 .1122494E-10
2199 .1122413E-10
2200 .1122334E-10
2201 .1122257E-10
2202 .1122179E-10
2203 .1122101E-10
2204 .1122027E-10
2205 .1121953E-10
2206 .1121880E-10
2207 .1121808E-10
2208 .1121738E-10
2209 .1121669E-10
2210 .1121600E-10
2211 .1121533E-10
2212 .1121466E-10
2213 .1121402E-10
2214 .1121337E-10
2215 .1121273E-10
2216 .1121212E-10
2217 .1121151E-10
2218 .1121091E-10
2219 .1121032E-10
2220 .1120975E-10
2221 .1120920E-10
2222 .1120863E-10
2223 .1120809E-10
2224 .1120756E-10
2225 .1120705E-10
2226 .1120654E-10
2227 .1120604E-10
2228 .1120557E-10
2229 .1120508E-10
2230 .1120462E-10
2231 .1120416E-10
2232 .1120374E-10
2233 .1120332E-10
2234 .1120291E-10
2235 .1120250E-10
2236 .1120211E-10
2237 .1120175E-10
2238 .1120137E-10
2239 .1120103E-10
2240 .1120066E-10
2241 .1120034E-10
2242 .1120002E-10
2243 .1119973E-10
2244 .1119943E-10
2245 .1119914E-10
2246 .1119886E-10
2247 .1119862E-10
2248 .1119838E-10
2249 .1119814E-10
2250 .1119790E-10
2251 .1119770E-10
2252 .1119749E-10
2253 .1119731E-10
2254 .1119713E-10
2255 .1119695E-10
2256 .1119680E-10
2257 .1119666E-10
2258 .1119652E-10
2259 .1119639E-10
2260 .1119628E-10
2261 .1119619E-10
2262 .1119610E-10
2263 .1119601E-10
2264 .1119595E-10
2265 .1119589E-10
2266 .1119585E-10
2267 .1119581E-10
2268 .1119579E-10
2269 .1119577E-10
2270 .1119576E-10
2271 .1119577E-10
2272 .1119578E-10
2273 .1119582E-10
2274 .1119585E-10
2275 .1119591E-10
2276 .1119597E-10
2277 .1119604E-10
2278 .1119611E-10
2279 .1119621E-10
2280 .1119631E-10
2281 .1119641E-10
2282 .1119654E-10
2283 .1119667E-10
2284 .1119680E-10
2285 .1119696E-10
2286 .1119712E-10
2287 .1119729E-10
2288 .1119747E-10
2289 .1119766E-10
2290 .1119785E-10
2291 .1119806E-10
2292 .1119829E-10
2293 .1119851E-10
2294 .1119874E-10
2295 .1119900E-10
2296 .1119925E-10
2297 .1119951E-10
2298 .1119979E-10
2299 .1120007E-10
2300 .1120037E-10
2301 .1120067E-10
2302 .1120099E-10
2303 .1120129E-10
2304 .1120165E-10
2305 .1120197E-10
2306 .1120232E-10
2307 .1120268E-10
2308 .1120305E-10
2309 .1120343E-10
2310 .1120380E-10
2311 .1120420E-10
2312 .1120460E-10
2313 .1120502E-10
2314 .1120542E-10
2315 .1120586E-10
2316 .1120630E-10
2317 .1120674E-10
2318 .1120719E-10
2319 .1120765E-10
2320 .1120812E-10
2321 .1120860E-10
2322 .1120908E-10
2323 .1120958E-10
2324 .1121009E-10
2325 .1121059E-10
2326 .1121111E-10
2327 .1121163E-10
2328 .1121217E-10
2329 .1121271E-10
2330 .1121327E-10
2331 .1121383E-10
2332 .1121439E-10
2333 .1121496E-10
2334 .1121554E-10
2335 .1121614E-10
2336 .1121674E-10
2337 .1121733E-10
2338 .1121795E-10
2339 .1121859E-10
2340 .1121921E-10
2341 .1121983E-10
2342 .1122048E-10
2343 .1122113E-10
2344 .1122178E-10
2345 .1122245E-10
2346 .1122311E-10
2347 .1122381E-10
2348 .1122449E-10
2349 .1122519E-10
2350 .1122589E-10
2351 .1122660E-10
2352 .1122731E-10
2353 .1122804E-10
2354 .1122877E-10
2355 .1122949E-10
2356 .1123025E-10
2357 .1123099E-10
2358 .1123174E-10
2359 .1123250E-10
2360 .1123327E-10
2361 .1123405E-10
2362 .1123483E-10
2363 .1123562E-10
2364 .1123641E-10
2365 .1123721E-10
2366 .1123804E-10
2367 .1123883E-10
2368 .1123965E-10
2369 .1124048E-10
2370 .1124130E-10
2371 .1124215E-10
2372 .1124301E-10
2373 .1124385E-10
2374 .1124472E-10
2375 .1124556E-10
2376 .1124644E-10
2377 .1124732E-10
2378 .1124819E-10
2379 .1124909E-10
2380 .1124998E-10
2381 .1125088E-10
2382 .1125177E-10
2383 .1125268E-10
2384 .1125360E-10
2385 .1125452E-10
2386 .1125543E-10
2387 .1125637E-10
2388 .1125731E-10
2389 .1125825E-10
2390 .1125920E-10
2391 .1126014E-10
2392 .1126109E-10
2393 .1126206E-10
2394 .1126303E-10
2395 .1126402E-10
2396 .1126500E-10
2397 .1126598E-10
2398 .1126696E-10
2399 .1126795E-10
2400 .1126895E-10
2401 .1126995E-10
2402 .1127096E-10
2403 .1127197E-10
2404 .1127299E-10
2405 .1127401E-10
2406 .1127503E-10
2407 .1127605E-10
2408 .1127710E-10
2409 .1127814E-10
2410 .1127919E-10
2411 .1128024E-10
2412 .1128128E-10
2413 .1128234E-10
2414 .1128341E-10
2415 .1128448E-10
2416 .1128553E-10
2417 .1128659E-10
2418 .1128769E-10
2419 .1128878E-10
2420 .1128985E-10
2421 .1129095E-10
2422 .1129203E-10
2423 .1129313E-10
2424 .1129422E-10
2425 .1129534E-10
2426 .1129645E-10
2427 .1129757E-10
2428 .1129867E-10
2429 .1129979E-10
2430 .1130093E-10
2431 .1130204E-10
2432 .1130317E-10
2433 .1130431E-10
2434 .1130547E-10
2435 .1130659E-10
2436 .1130774E-10
2437 .1130889E-10
2438 .1131003E-10
2439 .1131118E-10
2440 .1131235E-10
2441 .1131351E-10
2442 .1131467E-10
2443 .1131583E-10
2444 .1131699E-10
2445 .1131818E-10
2446 .1131934E-10
2447 .1132053E-10
2448 .1132170E-10
2449 .1132289E-10
2450 .1132407E-10
2451 .1132525E-10
2452 .1132644E-10
2453 .1132765E-10
2454 .1132883E-10
2455 .1133004E-10
2456 .1133123E-10
2457 .1133244E-10
2458 .1133362E-10
2459 .1133485E-10
2460 .1133606E-10
2461 .1133726E-10
2462 .1133848E-10
2463 .1133969E-10
2464 .1134090E-10
2465 .1134214E-10
2466 .1134335E-10
2467 .1134457E-10
2468 .1134580E-10
2469 .1134703E-10
2470 .1134825E-10
2471 .1134948E-10
2472 .1135073E-10
2473 .1135195E-10
2474 .1135319E-10
2475 .1135443E-10
2476 .1135566E-10
2477 .1135691E-10
2478 .1135816E-10
2479 .1135939E-10
2480 .1136065E-10
2481 .1136188E-10
2482 .1136312E-10
2483 .1136437E-10
2484 .1136562E-10
2485 .1136686E-10
2486 .1136811E-10
2487 .1136937E-10
2488 .1137063E-10
2489 .1137187E-10
2490 .1137314E-10
2491 .1137440E-10
2492 .1137566E-10
2493 .1137691E-10
2494 .1137815E-10
2495 .1137943E-10
2496 .1138069E-10
2497 .1138195E-10
2498 .1138321E-10
2499 .1138447E-10
2500 .1138572E-10
