100 .6561226E-15
101 .2533080E-14
102 .6833217E-14
103 .1511841E-13
104 .2940333E-13
105 .5216201E-13
106 .8630898E-13
107 .1351528E-12
108 .2023203E-12
109 .2916509E-12
110 .4070625E-12
111 .5523910E-12
112 .7312071E-12
113 .9466160E-12
114 .1201046E-11
115 .1496035E-11
116 .1832024E-11
117 .2208165E-11
118 .2622156E-11
119 .3070114E-11
120 .3546498E-11
121 .4044086E-11
122 .4554017E-11
123 .5065913E-11
124 .5568070E-11
125 .6047737E-11
126 .6492743E-11
127 .6896353E-11
128 .7254695E-11
129 .7565655E-11
130 .7828818E-11
131 .8045351E-11
132 .8217849E-11
133 .8350148E-11
134 .8447121E-11
135 .8514481E-11
136 .8558586E-11
137 .8586268E-11
138 .8604567E-11
139 .8617898E-11
140 .8627892E-11
141 .8636038E-11
142 .8643805E-11
143 .8652658E-11
144 .8664059E-11
145 .8679478E-11
146 .8700406E-11
147 .8728362E-11
148 .8764906E-11
149 .8811657E-11
150 .8870305E-11
151 .8942290E-11
152 .9027844E-11
153 .9126886E-11
154 .9239344E-11
155 .9365151E-11
156 .9504242E-11
157 .9656553E-11
158 .9822020E-11
159 .1000058E-10
160 .1019214E-10
161 .1039663E-10
162 .1061393E-10
163 .1084393E-10
164 .1108648E-10
165 .1134141E-10
166 .1160851E-10
167 .1188757E-10
168 .1217830E-10
169 .1248039E-10
170 .1279347E-10
171 .1311714E-10
172 .1345092E-10
173 .1379427E-10
174 .1414662E-10
175 .1450728E-10
176 .1487561E-10
177 .1525114E-10
178 .1563345E-10
179 .1602206E-10
180 .1641642E-10
181 .1681597E-10
182 .1722004E-10
183 .1762795E-10
184 .1803892E-10
185 .1845212E-10
186 .1886668E-10
187 .1928164E-10
188 .1969599E-10
189 .2010867E-10
190 .2051855E-10
191 .2092442E-10
192 .2132505E-10
193 .2171913E-10
194 .2210531E-10
195 .2248217E-10
196 .2284829E-10
197 .2320216E-10
198 .2354226E-10
199 .2386705E-10
200 .2417494E-10
201 .2446462E-10
202 .2473572E-10
203 .2498824E-10
204 .2522216E-10
205 .2543759E-10
206 .2563465E-10
207 .2581353E-10
208 .2597445E-10
209 .2611770E-10
210 .2624360E-10
211 .2635251E-10
212 .2644484E-10
213 .2652101E-10
214 .2658151E-10
215 .2662682E-10
216 .2665749E-10
217 .2667405E-10
218 .2667710E-10
219 .2666721E-10
220 .2664500E-10
221 .2661110E-10
222 .2656614E-10
223 .2651076E-10
224 .2644564E-10
225 .2637142E-10
226 .2628897E-10
227 .2619997E-10
228 .2610631E-10
229 .2600984E-10
230 .2591246E-10
231 .2581603E-10
232 .2572242E-10
233 .2563347E-10
234 .2555104E-10
235 .2547698E-10
236 .2541313E-10
237 .2536134E-10
238 .2532347E-10
239 .2530141E-10
240 .2529703E-10
241 .2531226E-10
242 .2534907E-10
243 .2540947E-10
244 .2549552E-10
245 .2560936E-10
246 .2575321E-10
247 .2592939E-10
248 .2614035E-10
249 .2638865E-10
250 .2667701E-10
251 .2762995E-10
252 .3587284E-10
253 .3990665E-10
254 .3698951E-10
255 .3874890E-10
256 .3806581E-10
257 .3957437E-10
258 .3725457E-10
259 .3274013E-10
260 .2703188E-10
261 .2570412E-10
262 .2987894E-10
263 .2741351E-10
264 .3269755E-10
265 .4047959E-10
266 .5038793E-10
267 .6664711E-10
268 .8724515E-10
269 .9998979E-10
270 .1116018E-09
271 .1176473E-09
272 .1199004E-09
273 .1257644E-09
274 .1296960E-09
275 .1327222E-09
276 .1406207E-09
277 .1409795E-09
278 .1375722E-09
279 .1368567E-09
280 .1354523E-09
281 .1330191E-09
282 .1397637E-09
283 .1455689E-09
284 .1401966E-09
285 .1439861E-09
286 .1530213E-09
287 .1778058E-09
288 .1973941E-09
289 .2140002E-09
290 .2213406E-09
291 .2264323E-09
292 .2294822E-09
293 .2247182E-09
294 .2265694E-09
295 .2190957E-09
296 .2056692E-09
297 .1992106E-09
298 .1924913E-09
299 .1890648E-09
300 .1883619E-09
301 .1834631E-09
302 .1774096E-09
303 .1893188E-09
304 .1913451E-09
305 .1568201E-09
306 .1579935E-09
307 .2003172E-09
308 .2162406E-09
309 .2143610E-09
310 .2028447E-09
311 .1936258E-09
312 .1980551E-09
313 .2048851E-09
314 .2342556E-09
315 .2486839E-09
316 .2567089E-09
317 .2517861E-09
318 .2456815E-09
319 .2632680E-09
320 .2779622E-09
321 .2561765E-09
322 .2277522E-09
323 .2036268E-09
324 .1824923E-09
325 .2020811E-09
326 .2050627E-09
327 .2037786E-09
328 .2333204E-09
329 .1981493E-09
330 .1862658E-09
331 .2113040E-09
332 .2095533E-09
333 .2169902E-09
334 .2232232E-09
335 .2122425E-09
336 .2320469E-09
337 .2265026E-09
338 .2308004E-09
339 .2417675E-09
340 .2449338E-09
341 .2514384E-09
342 .2458045E-09
343 .2427817E-09
344 .2429808E-09
345 .2456334E-09
346 .2450132E-09
347 .2472486E-09
348 .2509725E-09
349 .2574245E-09
350 .2731175E-09
351 .2818540E-09
352 .2965925E-09
353 .3082358E-09
354 .3077673E-09
355 .3076117E-09
356 .2976144E-09
357 .3000341E-09
358 .3101053E-09
359 .3148595E-09
360 .3087123E-09
361 .3041676E-09
362 .2955588E-09
363 .3228877E-09
364 .3495322E-09
365 .3799472E-09
366 .4085313E-09
367 .4199941E-09
368 .4287070E-09
369 .4287585E-09
370 .4136187E-09
371 .3938458E-09
372 .3675438E-09
373 .3362214E-09
374 .2988078E-09
375 .2361061E-09
376 .1766244E-09
377 .1549397E-09
378 .1496759E-09
379 .1645657E-09
380 .1818905E-09
381 .1857973E-09
382 .2089956E-09
383 .2370593E-09
384 .2673414E-09
385 .3056453E-09
386 .3540413E-09
387 .3886589E-09
388 .3911664E-09
389 .4535169E-09
390 .5037662E-09
391 .5131667E-09
392 .5396364E-09
393 .5796366E-09
394 .5862971E-09
395 .5907343E-09
396 .5857454E-09
397 .5919010E-09
398 .5743187E-09
399 .5389175E-09
400 .5223147E-09
401 .4956623E-09
402 .4789439E-09
403 .4453747E-09
404 .4466345E-09
405 .4284217E-09
406 .4189554E-09
407 .4019771E-09
408 .3823935E-09
409 .3848039E-09
410 .3775069E-09
411 .3655156E-09
412 .3515623E-09
413 .3588212E-09
414 .3637673E-09
415 .3671864E-09
416 .3764787E-09
417 .3785601E-09
418 .3857283E-09
419 .3944985E-09
420 .3965030E-09
421 .4046820E-09
422 .3990187E-09
423 .4035749E-09
424 .4073603E-09
425 .4169376E-09
426 .4219080E-09
427 .4387467E-09
428 .4467461E-09
429 .4572218E-09
430 .4459890E-09
431 .4492508E-09
432 .4369447E-09
433 .4161258E-09
434 .4049342E-09
435 .3882794E-09
436 .3667680E-09
437 .3402122E-09
438 .3220132E-09
439 .3028235E-09
440 .2850517E-09
441 .2829369E-09
442 .2768023E-09
443 .2814761E-09
444 .2965500E-09
445 .3014952E-09
446 .3081036E-09
447 .3198486E-09
448 .3494656E-09
449 .3776073E-09
450 .4061292E-09
451 .4381718E-09
452 .4975818E-09
453 .5437296E-09
454 .5846835E-09
455 .6326468E-09
456 .6832461E-09
457 .7180833E-09
458 .7475021E-09
459 .7709896E-09
460 .7776758E-09
461 .7780455E-09
462 .7691514E-09
463 .7440709E-09
464 .7130854E-09
465 .6695865E-09
466 .6171099E-09
467 .5638406E-09
468 .5179970E-09
469 .4757154E-09
470 .4413716E-09
471 .4081291E-09
472 .3862560E-09
473 .3671169E-09
474 .3654913E-09
475 .3659293E-09
476 .3709877E-09
477 .3928016E-09
478 .4091976E-09
479 .4228213E-09
480 .4329164E-09
481 .4371821E-09
482 .4413518E-09
483 .4457033E-09
484 .4528053E-09
485 .4662542E-09
486 .4774415E-09
487 .5061089E-09
488 .5448950E-09
489 .5774241E-09
490 .6084377E-09
491 .6426239E-09
492 .6605081E-09
493 .6676977E-09
494 .6596559E-09
495 .6318151E-09
496 .6071256E-09
497 .5649876E-09
498 .5244359E-09
499 .4848073E-09
500 .4493312E-09
501 .4127620E-09
502 .3957078E-09
503 .3853437E-09
504 .3745999E-09
505 .3619467E-09
506 .3582832E-09
507 .3503853E-09
508 .3492200E-09
509 .3448390E-09
510 .3429384E-09
511 .3417985E-09
512 .3457574E-09
513 .3511401E-09
514 .3470882E-09
515 .3562326E-09
516 .3690661E-09
517 .3835452E-09
518 .4036989E-09
519 .4227630E-09
520 .4418151E-09
521 .4591191E-09
522 .4779251E-09
523 .5015539E-09
524 .5334584E-09
525 .5516595E-09
526 .5631713E-09
527 .5786012E-09
528 .5887556E-09
529 .6019907E-09
530 .6001551E-09
531 .6104540E-09
532 .6104954E-09
533 .6172061E-09
534 .6246243E-09
535 .6316270E-09
536 .6396160E-09
537 .6522793E-09
538 .6652780E-09
539 .6803006E-09
540 .7166515E-09
541 .7443372E-09
542 .7767128E-09
543 .8225458E-09
544 .8548659E-09
545 .8869892E-09
546 .9096453E-09
547 .9261156E-09
548 .9396978E-09
549 .9512558E-09
550 .9544468E-09
551 .9553523E-09
552 .9489011E-09
553 .9340734E-09
554 .9173441E-09
555 .8998152E-09
556 .8761492E-09
557 .8536138E-09
558 .8245049E-09
559 .7952775E-09
560 .7667423E-09
561 .7314053E-09
562 .7015009E-09
563 .6745044E-09
564 .6376627E-09
565 .6027730E-09
566 .5834536E-09
567 .5666704E-09
568 .5536092E-09
569 .5613417E-09
570 .5585362E-09
571 .5581974E-09
572 .5652246E-09
573 .5856962E-09
574 .5980430E-09
575 .6098255E-09
576 .6368026E-09
577 .6503983E-09
578 .6713207E-09
579 .6854013E-09
580 .6922863E-09
581 .6910421E-09
582 .7039592E-09
583 .7069985E-09
584 .6944322E-09
585 .7035818E-09
586 .7082789E-09
587 .6938854E-09
588 .6796230E-09
589 .6478896E-09
590 .6394485E-09
591 .6237770E-09
592 .6051169E-09
593 .5856992E-09
594 .5565285E-09
595 .5309715E-09
596 .5122779E-09
597 .5038851E-09
598 .4901223E-09
599 .4772043E-09
600 .4707760E-09
601 .4680099E-09
602 .4686278E-09
603 .4697686E-09
604 .4644698E-09
605 .4680118E-09
606 .4648266E-09
607 .4659593E-09
608 .4603287E-09
609 .4633449E-09
610 .4644545E-09
611 .4551625E-09
612 .4546144E-09
613 .4532471E-09
614 .4488057E-09
615 .4526059E-09
616 .4685308E-09
617 .4730956E-09
618 .4632014E-09
619 .4648258E-09
620 .4754974E-09
621 .4710322E-09
622 .4768362E-09
623 .4771751E-09
624 .4760901E-09
625 .4693953E-09
626 .4835128E-09
627 .4872633E-09
628 .4817199E-09
629 .5055013E-09
630 .5198507E-09
631 .5289230E-09
632 .5683813E-09
633 .5830295E-09
634 .6093161E-09
635 .6446278E-09
636 .6860130E-09
637 .7156082E-09
638 .7307210E-09
639 .7708213E-09
640 .7971967E-09
641 .8147845E-09
642 .8330197E-09
643 .8700564E-09
644 .8698497E-09
645 .8692003E-09
646 .8930100E-09
647 .8934838E-09
648 .8997118E-09
649 .9029030E-09
650 .9327514E-09
651 .9288710E-09
652 .8939979E-09
653 .8890712E-09
654 .8939780E-09
655 .8765060E-09
656 .8582659E-09
657 .8535391E-09
658 .8244350E-09
659 .7939776E-09
660 .7631363E-09
661 .7236233E-09
662 .6974431E-09
663 .6846444E-09
664 .6414574E-09
665 .6164641E-09
666 .5955164E-09
667 .5863027E-09
668 .5754416E-09
669 .5310159E-09
670 .5221439E-09
671 .5169363E-09
672 .5166315E-09
673 .5380548E-09
674 .5054874E-09
675 .5001302E-09
676 .4861047E-09
677 .4578627E-09
678 .4726295E-09
679 .4488203E-09
680 .4398321E-09
681 .4532601E-09
682 .4481420E-09
683 .4332646E-09
684 .4226581E-09
685 .4495696E-09
686 .4320700E-09
687 .4154142E-09
688 .4195715E-09
689 .4115276E-09
690 .4151012E-09
691 .4184672E-09
692 .4214151E-09
693 .4261907E-09
694 .4251898E-09
695 .4287141E-09
696 .4163052E-09
697 .4023014E-09
698 .4098928E-09
699 .4065602E-09
700 .3894306E-09
701 .3686883E-09
702 .3681898E-09
703 .3713345E-09
704 .3747806E-09
705 .3763561E-09
706 .3825710E-09
707 .3920911E-09
708 .3972278E-09
709 .4050441E-09
710 .4152433E-09
711 .4293406E-09
712 .4511785E-09
713 .4617056E-09
714 .4709545E-09
715 .4815877E-09
716 .4943299E-09
717 .4869362E-09
718 .4896414E-09
719 .4895147E-09
720 .4895002E-09
721 .4953109E-09
722 .4935632E-09
723 .4860070E-09
724 .4862806E-09
725 .4917826E-09
726 .4982738E-09
727 .5076887E-09
728 .5169587E-09
729 .5222973E-09
730 .5271510E-09
731 .5431705E-09
732 .5523066E-09
733 .5656133E-09
734 .5800679E-09
735 .5850290E-09
736 .5913696E-09
737 .5876544E-09
738 .5777139E-09
739 .5675254E-09
740 .5405114E-09
741 .5128175E-09
742 .4927287E-09
743 .4668033E-09
744 .4431906E-09
745 .4228865E-09
746 .4086705E-09
747 .4009294E-09
748 .4254138E-09
749 .3611718E-09
750 .3172280E-09
751 .3936774E-09
752 .3700607E-09
753 .3890941E-09
754 .4174135E-09
755 .4342892E-09
756 .4450196E-09
757 .4632217E-09
758 .4753310E-09
759 .4582298E-09
760 .4445668E-09
761 .4463812E-09
762 .4587284E-09
763 .4507521E-09
764 .4423451E-09
765 .4515951E-09
766 .4617618E-09
767 .4579588E-09
768 .4508032E-09
769 .4380711E-09
770 .4221395E-09
771 .4152312E-09
772 .4083409E-09
773 .3943485E-09
774 .3824826E-09
775 .3681881E-09
776 .3599049E-09
777 .3509710E-09
778 .3424652E-09
779 .3311244E-09
780 .3145473E-09
781 .3018942E-09
782 .2995522E-09
783 .2961522E-09
784 .2919210E-09
785 .2784142E-09
786 .2681447E-09
787 .2630470E-09
788 .2602535E-09
789 .2492524E-09
790 .2414518E-09
791 .2314678E-09
792 .2346472E-09
793 .2303480E-09
794 .2220391E-09
795 .2173031E-09
796 .2179121E-09
797 .2183465E-09
798 .2037690E-09
799 .1967474E-09
800 .2018851E-09
801 .2001566E-09
802 .1988441E-09
803 .1919248E-09
804 .1764222E-09
805 .1776437E-09
806 .2150329E-09
807 .1442467E-09
808 .1263024E-09
809 .1248058E-09
810 .1149929E-09
811 .1102820E-09
812 .1050695E-09
813 .9827272E-10
814 .8554899E-10
815 .7495458E-10
816 .7035490E-10
817 .7200499E-10
818 .6980471E-10
819 .6360699E-10
820 .6137166E-10
821 .6417215E-10
822 .6618592E-10
823 .6570249E-10
824 .6441961E-10
825 .6491856E-10
826 .6943013E-10
827 .7602097E-10
828 .8720107E-10
829 .9600554E-10
830 .9175538E-10
831 .9414618E-10
832 .1009779E-09
833 .1125112E-09
834 .1312162E-09
835 .1500160E-09
836 .1680018E-09
837 .1829582E-09
838 .2008186E-09
839 .2191353E-09
840 .2483586E-09
841 .2859254E-09
842 .3005857E-09
843 .2979814E-09
844 .2974851E-09
845 .3046271E-09
846 .3124462E-09
847 .3373615E-09
848 .3637458E-09
849 .3595308E-09
850 .3561624E-09
851 .3486739E-09
852 .3408997E-09
853 .3527638E-09
854 .3915850E-09
855 .4004855E-09
856 .3872386E-09
857 .3776944E-09
858 .3814786E-09
859 .3880319E-09
860 .4375903E-09
861 .4605478E-09
862 .4341408E-09
863 .4094689E-09
864 .4341526E-09
865 .4729904E-09
866 .4823834E-09
867 .4801920E-09
868 .4686178E-09
869 .4335256E-09
870 .4362941E-09
871 .4460971E-09
872 .4769786E-09
873 .4848850E-09
874 .4463451E-09
875 .4172310E-09
876 .4111247E-09
877 .4266560E-09
878 .4361210E-09
879 .4265451E-09
880 .4304391E-09
881 .4189770E-09
882 .4054612E-09
883 .3869158E-09
884 .3887073E-09
885 .4052633E-09
886 .3786413E-09
887 .3723891E-09
888 .3769951E-09
889 .3616811E-09
890 .3577269E-09
891 .3671345E-09
892 .3618595E-09
893 .3455384E-09
894 .3410913E-09
895 .3376414E-09
896 .3420858E-09
897 .3530540E-09
898 .3531570E-09
899 .3407482E-09
900 .3236764E-09
901 .3256746E-09
902 .3195782E-09
903 .3218659E-09
904 .3225455E-09
905 .3230675E-09
906 .3311093E-09
907 .3341974E-09
908 .3439414E-09
909 .3691793E-09
910 .3457212E-09
911 .3215310E-09
912 .3176370E-09
913 .3001493E-09
914 .3123362E-09
915 .3180597E-09
916 .3159360E-09
917 .3008347E-09
918 .2612679E-09
919 .2604651E-09
920 .2708939E-09
921 .2804380E-09
922 .2699181E-09
923 .3423640E-09
924 .3543166E-09
925 .2491014E-09
926 .2583959E-09
927 .2534686E-09
928 .2507865E-09
929 .2662570E-09
930 .2723826E-09
931 .2928016E-09
932 .2762797E-09
933 .2769739E-09
934 .2761549E-09
935 .2849622E-09
936 .2578049E-09
937 .2952395E-09
938 .3639284E-09
939 .3459619E-09
940 .3369950E-09
941 .3359618E-09
942 .2969417E-09
943 .3017911E-09
944 .3215389E-09
945 .3166082E-09
946 .3061909E-09
947 .2801866E-09
948 .2663775E-09
949 .2762405E-09
950 .2709761E-09
951 .2752870E-09
952 .2462107E-09
953 .2366035E-09
954 .2610668E-09
955 .2621934E-09
956 .2601784E-09
957 .2449818E-09
958 .2512917E-09
959 .2551979E-09
960 .2359527E-09
961 .2681815E-09
962 .2630725E-09
963 .2587514E-09
964 .2980577E-09
965 .2779785E-09
966 .2664822E-09
967 .2822626E-09
968 .3091208E-09
969 .3338301E-09
970 .3271424E-09
971 .3659487E-09
972 .3954385E-09
973 .3669191E-09
974 .3516116E-09
975 .3710779E-09
976 .3920067E-09
977 .4045662E-09
978 .3932767E-09
979 .3792046E-09
980 .4393796E-09
981 .4310261E-09
982 .4030158E-09
983 .4244907E-09
984 .4497794E-09
985 .4675112E-09
986 .4259944E-09
987 .4056666E-09
988 .4444621E-09
989 .4281064E-09
990 .4088661E-09
991 .4084239E-09
992 .3913637E-09
993 .3899331E-09
994 .4271234E-09
995 .4503087E-09
996 .3959541E-09
997 .3476892E-09
998 .3438473E-09
999 .3885617E-09
1000 .3822532E-09
1001 .3801730E-09
1002 .3780860E-09
1003 .3759912E-09
1004 .3738898E-09
1005 .3717809E-09
1006 .3696650E-09
1007 .3675422E-09
1008 .3654118E-09
1009 .3632748E-09
1010 .3611300E-09
1011 .3589780E-09
1012 .3568195E-09
1013 .3546533E-09
1014 .3524800E-09
1015 .3502995E-09
1016 .3481120E-09
1017 .3459172E-09
1018 .3437151E-09
1019 .3415059E-09
1020 .3392894E-09
1021 .3370659E-09
1022 .3348351E-09
1023 .3325970E-09
1024 .3303518E-09
1025 .3280994E-09
1026 .3258397E-09
1027 .3235725E-09
1028 .3212987E-09
1029 .3190176E-09
1030 .3167290E-09
1031 .3144333E-09
1032 .3121307E-09
1033 .3098204E-09
1034 .3075033E-09
1035 .3051788E-09
1036 .3028472E-09
1037 .3005085E-09
1038 .2981625E-09
1039 .2958093E-09
1040 .2934489E-09
1041 .2910814E-09
1042 .2887070E-09
1043 .2863250E-09
1044 .2839360E-09
1045 .2815399E-09
1046 .2791366E-09
1047 .2767264E-09
1048 .2743088E-09
1049 .2718841E-09
1050 .2694522E-09
1051 .2670134E-09
1052 .2645676E-09
1053 .2621147E-09
1054 .2596547E-09
1055 .2571875E-09
1056 .2547134E-09
1057 .2522320E-09
1058 .2497438E-09
1059 .2472486E-09
1060 .2447464E-09
1061 .2422371E-09
1062 .2397207E-09
1063 .2371976E-09
1064 .2346673E-09
1065 .2321302E-09
1066 .2295864E-09
1067 .2270352E-09
1068 .2244773E-09
1069 .2219125E-09
1070 .2193408E-09
1071 .2167620E-09
1072 .2141765E-09
1073 .2115844E-09
1074 .2089852E-09
1075 .2063792E-09
1076 .2037667E-09
1077 .2011470E-09
1078 .1985205E-09
1079 .1958874E-09
1080 .1932476E-09
1081 .1906008E-09
1082 .1879477E-09
1083 .1852879E-09
1084 .1826210E-09
1085 .1799476E-09
1086 .1772676E-09
1087 .1745809E-09
1088 .1718876E-09
1089 .1691877E-09
1090 .1664813E-09
1091 .1637684E-09
1092 .1610488E-09
1093 .1583226E-09
1094 .1555900E-09
1095 .1528508E-09
1096 .1501052E-09
1097 .1473532E-09
1098 .1445946E-09
1099 .1418297E-09
1100 .1390584E-09
1101 .1362807E-09
1102 .1334967E-09
1103 .1307061E-09
1104 .1279093E-09
1105 .1251065E-09
1106 .1222970E-09
1107 .1194814E-09
1108 .1166596E-09
1109 .1138316E-09
1110 .1109974E-09
1111 .1081569E-09
1112 .1053104E-09
1113 .1024578E-09
1114 .9959887E-10
1115 .9673396E-10
1116 .9386304E-10
1117 .9098616E-10
1118 .8810302E-10
1119 .8521408E-10
1120 .8231916E-10
1121 .7941824E-10
1122 .7651146E-10
1123 .7359875E-10
1124 .7068012E-10
1125 .6775575E-10
1126 .6482548E-10
1127 .6188946E-10
1128 .5894765E-10
1129 .5600008E-10
1130 .5304684E-10
1131 .5309551E-10
1132 .5314401E-10
1133 .5319237E-10
1134 .5324055E-10
1135 .5328858E-10
1136 .5333640E-10
1137 .5338413E-10
1138 .5343161E-10
1139 .5347900E-10
1140 .5352612E-10
1141 .5357313E-10
1142 .5361999E-10
1143 .5366664E-10
1144 .5371310E-10
1145 .5375942E-10
1146 .5380555E-10
1147 .5385154E-10
1148 .5389731E-10
1149 .5394290E-10
1150 .5398836E-10
1151 .5403360E-10
1152 .5407867E-10
1153 .5412354E-10
1154 .5416828E-10
1155 .5421278E-10
1156 .5425711E-10
1157 .5430126E-10
1158 .5434520E-10
1159 .5438899E-10
1160 .5443257E-10
1161 .5447596E-10
1162 .5451917E-10
1163 .5456216E-10
1164 .5460495E-10
1165 .5464765E-10
1166 .5469004E-10
1167 .5473225E-10
1168 .5477433E-10
1169 .5481614E-10
1170 .5485776E-10
1171 .5489924E-10
1172 .5494048E-10
1173 .5498154E-10
1174 .5502232E-10
1175 .5506301E-10
1176 .5510342E-10
1177 .5514362E-10
1178 .5518368E-10
1179 .5522350E-10
1180 .5526310E-10
1181 .5530251E-10
1182 .5534169E-10
1183 .5538067E-10
1184 .5541944E-10
1185 .5545800E-10
1186 .5549633E-10
1187 .5553445E-10
1188 .5557238E-10
1189 .5561007E-10
1190 .5564755E-10
1191 .5568480E-10
1192 .5572186E-10
1193 .5575866E-10
1194 .5579530E-10
1195 .5583166E-10
1196 .5586781E-10
1197 .5590376E-10
1198 .5593945E-10
1199 .5597492E-10
1200 .5601018E-10
1201 .5604522E-10
1202 .5608002E-10
1203 .5611459E-10
1204 .5614894E-10
1205 .5618307E-10
1206 .5621695E-10
1207 .5625060E-10
1208 .5628399E-10
1209 .5631717E-10
1210 .5635012E-10
1211 .5638283E-10
1212 .5641528E-10
1213 .5644756E-10
1214 .5647951E-10
1215 .5651129E-10
1216 .5654280E-10
1217 .5657408E-10
1218 .5660509E-10
1219 .5663592E-10
1220 .5666645E-10
1221 .5669676E-10
1222 .5672681E-10
1223 .5675658E-10
1224 .5678614E-10
1225 .5681545E-10
1226 .5684454E-10
1227 .5687332E-10
1228 .5690188E-10
1229 .5693021E-10
1230 .5695828E-10
1231 .5698604E-10
1232 .5701360E-10
1233 .5704089E-10
1234 .5706789E-10
1235 .5709469E-10
1236 .5712122E-10
1237 .5714747E-10
1238 .5717344E-10
1239 .5719920E-10
1240 .5722464E-10
1241 .5724988E-10
1242 .5727481E-10
1243 .5729950E-10
1244 .5732392E-10
1245 .5734807E-10
1246 .5737195E-10
1247 .5739556E-10
1248 .5741892E-10
1249 .5744202E-10
1250 .5746485E-10
1251 .5749817E-10
1252 .5753128E-10
1253 .5756408E-10
1254 .5759653E-10
1255 .5762875E-10
1256 .5766063E-10
1257 .5769233E-10
1258 .5772368E-10
1259 .5775471E-10
1260 .5778550E-10
1261 .5781600E-10
1262 .5784618E-10
1263 .5787606E-10
1264 .5790564E-10
1265 .5793496E-10
1266 .5796392E-10
1267 .5799263E-10
1268 .5802103E-10
1269 .5804915E-10
1270 .5807694E-10
1271 .5810445E-10
1272 .5813162E-10
1273 .5815852E-10
1274 .5818509E-10
1275 .5821135E-10
1276 .5823734E-10
1277 .5826302E-10
1278 .5828835E-10
1279 .5831340E-10
1280 .5833813E-10
1281 .5836254E-10
1282 .5838660E-10
1283 .5841040E-10
1284 .5843389E-10
1285 .5845704E-10
1286 .5847984E-10
1287 .5850237E-10
1288 .5852459E-10
1289 .5854641E-10
1290 .5856804E-10
1291 .5858928E-10
1292 .5861027E-10
1293 .5863096E-10
1294 .5865128E-10
1295 .5867134E-10
1296 .5869111E-10
1297 .5871054E-10
1298 .5872969E-10
1299 .5874853E-10
1300 .5876710E-10
1301 .5878537E-10
1302 .5880332E-10
1303 .5882101E-10
1304 .5883840E-10
1305 .5885550E-10
1306 .5887234E-10
1307 .5888888E-10
1308 .5890515E-10
1309 .5892110E-10
1310 .5893680E-10
1311 .5895226E-10
1312 .5896740E-10
1313 .5898226E-10
1314 .5899687E-10
1315 .5901117E-10
1316 .5902525E-10
1317 .5903909E-10
1318 .5905256E-10
1319 .5906585E-10
1320 .5907886E-10
1321 .5909162E-10
1322 .5910408E-10
1323 .5911635E-10
1324 .5912831E-10
1325 .5914002E-10
1326 .5915150E-10
1327 .5916271E-10
1328 .5917368E-10
1329 .5918441E-10
1330 .5919490E-10
1331 .5920514E-10
1332 .5921511E-10
1333 .5922489E-10
1334 .5923440E-10
1335 .5924369E-10
1336 .5925275E-10
1337 .5926157E-10
1338 .5927010E-10
1339 .5927848E-10
1340 .5928663E-10
1341 .5929451E-10
1342 .5930221E-10
1343 .5930965E-10
1344 .5931691E-10
1345 .5932391E-10
1346 .5933071E-10
1347 .5933729E-10
1348 .5934366E-10
1349 .5934980E-10
1350 .5935577E-10
1351 .5936153E-10
1352 .5936710E-10
1353 .5937238E-10
1354 .5937753E-10
1355 .5938244E-10
1356 .5938719E-10
1357 .5939171E-10
1358 .5939605E-10
1359 .5940022E-10
1360 .5940415E-10
1361 .5940789E-10
1362 .5941149E-10
1363 .5941487E-10
1364 .5941809E-10
1365 .5942110E-10
1366 .5942394E-10
1367 .5942659E-10
1368 .5942908E-10
1369 .5943137E-10
1370 .5943354E-10
1371 .5935683E-10
1372 .5927983E-10
1373 .5920269E-10
1374 .5912540E-10
1375 .5904784E-10
1376 .5897011E-10
1377 .5889220E-10
1378 .5881406E-10
1379 .5873579E-10
1380 .5865729E-10
1381 .5857865E-10
1382 .5849979E-10
1383 .5842078E-10
1384 .5834154E-10
1385 .5826220E-10
1386 .5818260E-10
1387 .5810292E-10
1388 .5802302E-10
1389 .5794299E-10
1390 .5786275E-10
1391 .5778237E-10
1392 .5770180E-10
1393 .5762112E-10
1394 .5754025E-10
1395 .5745924E-10
1396 .5737807E-10
1397 .5729676E-10
1398 .5721531E-10
1399 .5713370E-10
1400 .5705195E-10
1401 .5697003E-10
1402 .5688804E-10
1403 .5680584E-10
1404 .5672355E-10
1405 .5664112E-10
1406 .5655855E-10
1407 .5647586E-10
1408 .5639302E-10
1409 .5631010E-10
1410 .5622701E-10
1411 .5614382E-10
1412 .5606049E-10
1413 .5597708E-10
1414 .5589350E-10
1415 .5580985E-10
1416 .5572604E-10
1417 .5564221E-10
1418 .5555823E-10
1419 .5547411E-10
1420 .5538993E-10
1421 .5530562E-10
1422 .5522122E-10
1423 .5513673E-10
1424 .5505212E-10
1425 .5496745E-10
1426 .5488266E-10
1427 .5479781E-10
1428 .5471284E-10
1429 .5462781E-10
1430 .5454267E-10
1431 .5445750E-10
1432 .5437224E-10
1433 .5428685E-10
1434 .5420140E-10
1435 .5411590E-10
1436 .5403033E-10
1437 .5394466E-10
1438 .5385895E-10
1439 .5377315E-10
1440 .5368728E-10
1441 .5360136E-10
1442 .5351541E-10
1443 .5342936E-10
1444 .5334326E-10
1445 .5325712E-10
1446 .5317093E-10
1447 .5308468E-10
1448 .5299838E-10
1449 .5291201E-10
1450 .5282560E-10
1451 .5273918E-10
1452 .5265271E-10
1453 .5256617E-10
1454 .5247962E-10
1455 .5239302E-10
1456 .5230641E-10
1457 .5221976E-10
1458 .5213307E-10
1459 .5204631E-10
1460 .5195956E-10
1461 .5187280E-10
1462 .5178597E-10
1463 .5169917E-10
1464 .5161232E-10
1465 .5152547E-10
1466 .5143858E-10
1467 .5135172E-10
1468 .5126480E-10
1469 .5117789E-10
1470 .5109095E-10
1471 .5100402E-10
1472 .5091706E-10
1473 .5083014E-10
1474 .5074320E-10
1475 .5065623E-10
1476 .5056931E-10
1477 .5048236E-10
1478 .5039543E-10
1479 .5030851E-10
1480 .5022157E-10
1481 .5013465E-10
1482 .5004774E-10
1483 .4996088E-10
1484 .4987400E-10
1485 .4978714E-10
1486 .4970029E-10
1487 .4961346E-10
1488 .4952663E-10
1489 .4943986E-10
1490 .4935305E-10
1491 .4926627E-10
1492 .4917952E-10
1493 .4909279E-10
1494 .4900604E-10
1495 .4891936E-10
1496 .4883263E-10
1497 .4874597E-10
1498 .4865931E-10
1499 .4857267E-10
1500 .4848605E-10
1501 .4847973E-10
1502 .4847347E-10
1503 .4846725E-10
1504 .4846108E-10
1505 .4845495E-10
1506 .4844884E-10
1507 .4844277E-10
1508 .4843678E-10
1509 .4843081E-10
1510 .4842486E-10
1511 .4841898E-10
1512 .4841313E-10
1513 .4840733E-10
1514 .4840155E-10
1515 .4839585E-10
1516 .4839018E-10
1517 .4838455E-10
1518 .4837894E-10
1519 .4837338E-10
1520 .4836788E-10
1521 .4836243E-10
1522 .4835702E-10
1523 .4835163E-10
1524 .4834632E-10
1525 .4834102E-10
1526 .4833581E-10
1527 .4833059E-10
1528 .4832543E-10
1529 .4832035E-10
1530 .4831529E-10
1531 .4831028E-10
1532 .4830530E-10
1533 .4830037E-10
1534 .4829550E-10
1535 .4829070E-10
1536 .4828589E-10
1537 .4828117E-10
1538 .4827648E-10
1539 .4827186E-10
1540 .4826726E-10
1541 .4826271E-10
1542 .4825822E-10
1543 .4825376E-10
1544 .4824935E-10
1545 .4824500E-10
1546 .4824069E-10
1547 .4823644E-10
1548 .4823224E-10
1549 .4822807E-10
1550 .4822397E-10
1551 .4821992E-10
1552 .4821592E-10
1553 .4821197E-10
1554 .4820807E-10
1555 .4820419E-10
1556 .4820039E-10
1557 .4819663E-10
1558 .4819294E-10
1559 .4818930E-10
1560 .4818568E-10
1561 .4818214E-10
1562 .4817863E-10
1563 .4817520E-10
1564 .4817179E-10
1565 .4816848E-10
1566 .4816519E-10
1567 .4816195E-10
1568 .4815876E-10
1569 .4815563E-10
1570 .4815256E-10
1571 .4814953E-10
1572 .4814655E-10
1573 .4814365E-10
1574 .4814080E-10
1575 .4813798E-10
1576 .4813523E-10
1577 .4813251E-10
1578 .4812987E-10
1579 .4812731E-10
1580 .4812475E-10
1581 .4812230E-10
1582 .4811987E-10
1583 .4811750E-10
1584 .4811519E-10
1585 .4811295E-10
1586 .4811076E-10
1587 .4810862E-10
1588 .4810651E-10
1589 .4810451E-10
1590 .4810255E-10
1591 .4810063E-10
1592 .4809877E-10
1593 .4809698E-10
1594 .4809524E-10
1595 .4809356E-10
1596 .4809194E-10
1597 .4809036E-10
1598 .4808887E-10
1599 .4808745E-10
1600 .4808603E-10
1601 .4808472E-10
1602 .4808344E-10
1603 .4808225E-10
1604 .4808109E-10
1605 .4808001E-10
1606 .4807897E-10
1607 .4807801E-10
1608 .4807711E-10
1609 .4807626E-10
1610 .4807547E-10
1611 .4807476E-10
1612 .4807409E-10
1613 .4807349E-10
1614 .4807296E-10
1615 .4807246E-10
1616 .4807206E-10
1617 .4807172E-10
1618 .4807143E-10
1619 .4807120E-10
1620 .4807104E-10
1621 .4807093E-10
1622 .4807090E-10
1623 .4807092E-10
1624 .4807101E-10
1625 .4807116E-10
1626 .4805384E-10
1627 .4803659E-10
1628 .4801943E-10
1629 .4800238E-10
1630 .4798541E-10
1631 .4796856E-10
1632 .4795178E-10
1633 .4793515E-10
1634 .4791858E-10
1635 .4790211E-10
1636 .4788577E-10
1637 .4786954E-10
1638 .4785339E-10
1639 .4783731E-10
1640 .4782133E-10
1641 .4780548E-10
1642 .4778973E-10
1643 .4777407E-10
1644 .4775849E-10
1645 .4774303E-10
1646 .4772767E-10
1647 .4771240E-10
1648 .4769722E-10
1649 .4768219E-10
1650 .4766722E-10
1651 .4765235E-10
1652 .4763760E-10
1653 .4762292E-10
1654 .4760834E-10
1655 .4759390E-10
1656 .4757953E-10
1657 .4756526E-10
1658 .4755110E-10
1659 .4753704E-10
1660 .4752303E-10
1661 .4750918E-10
1662 .4749544E-10
1663 .4748177E-10
1664 .4746819E-10
1665 .4745472E-10
1666 .4744135E-10
1667 .4742810E-10
1668 .4741492E-10
1669 .4740188E-10
1670 .4738892E-10
1671 .4737605E-10
1672 .4736327E-10
1673 .4735061E-10
1674 .4733806E-10
1675 .4732558E-10
1676 .4731324E-10
1677 .4730099E-10
1678 .4728880E-10
1679 .4727674E-10
1680 .4726479E-10
1681 .4725295E-10
1682 .4724117E-10
1683 .4722953E-10
1684 .4721795E-10
1685 .4720649E-10
1686 .4719514E-10
1687 .4718390E-10
1688 .4717271E-10
1689 .4716163E-10
1690 .4715066E-10
1691 .4713979E-10
1692 .4712902E-10
1693 .4711833E-10
1694 .4710772E-10
1695 .4709722E-10
1696 .4708680E-10
1697 .4707649E-10
1698 .4706628E-10
1699 .4705613E-10
1700 .4704612E-10
1701 .4703615E-10
1702 .4702627E-10
1703 .4701650E-10
1704 .4700681E-10
1705 .4699724E-10
1706 .4698774E-10
1707 .4697829E-10
1708 .4696895E-10
1709 .4695969E-10
1710 .4695054E-10
1711 .4694146E-10
1712 .4693247E-10
1713 .4692354E-10
1714 .4691474E-10
1715 .4690598E-10
1716 .4689731E-10
1717 .4688872E-10
1718 .4688023E-10
1719 .4687180E-10
1720 .4686348E-10
1721 .4685522E-10
1722 .4684703E-10
1723 .4683892E-10
1724 .4683093E-10
1725 .4682297E-10
1726 .4681512E-10
1727 .4680731E-10
1728 .4679959E-10
1729 .4679193E-10
1730 .4678439E-10
1731 .4677688E-10
1732 .4676946E-10
1733 .4676217E-10
1734 .4675486E-10
1735 .4674768E-10
1736 .4674053E-10
1737 .4673349E-10
1738 .4672652E-10
1739 .4671961E-10
1740 .4671274E-10
1741 .4670596E-10
1742 .4669928E-10
1743 .4669264E-10
1744 .4668608E-10
1745 .4667958E-10
1746 .4667316E-10
1747 .4666678E-10
1748 .4666050E-10
1749 .4665425E-10
1750 .4664808E-10
1751 .4664199E-10
1752 .4663594E-10
1753 .4662997E-10
1754 .4662408E-10
1755 .4661819E-10
1756 .4661242E-10
1757 .4660670E-10
1758 .4660104E-10
1759 .4659543E-10
1760 .4658990E-10
1761 .4658439E-10
1762 .4657898E-10
1763 .4657361E-10
1764 .4656832E-10
1765 .4656308E-10
1766 .4655786E-10
1767 .4655273E-10
1768 .4654768E-10
1769 .4654262E-10
1770 .4653766E-10
1771 .4653274E-10
1772 .4652789E-10
1773 .4652308E-10
1774 .4651832E-10
1775 .4651364E-10
1776 .4650897E-10
1777 .4650439E-10
1778 .4649984E-10
1779 .4649534E-10
1780 .4649089E-10
1781 .4648651E-10
1782 .4648217E-10
1783 .4647784E-10
1784 .4647361E-10
1785 .4646944E-10
1786 .4646528E-10
1787 .4646118E-10
1788 .4645714E-10
1789 .4645309E-10
1790 .4644915E-10
1791 .4644524E-10
1792 .4644134E-10
1793 .4643752E-10
1794 .4643372E-10
1795 .4642998E-10
1796 .4642626E-10
1797 .4642260E-10
1798 .4641898E-10
1799 .4641539E-10
1800 .4641187E-10
1801 .4625750E-10
1802 .4610317E-10
1803 .4594893E-10
1804 .4579471E-10
1805 .4564058E-10
1806 .4548648E-10
1807 .4533243E-10
1808 .4517847E-10
1809 .4502455E-10
1810 .4487071E-10
1811 .4471691E-10
1812 .4456315E-10
1813 .4440945E-10
1814 .4425580E-10
1815 .4410222E-10
1816 .4394868E-10
1817 .4379517E-10
1818 .4364174E-10
1819 .4348833E-10
1820 .4333499E-10
1821 .4318167E-10
1822 .4302845E-10
1823 .4287522E-10
1824 .4272205E-10
1825 .4256892E-10
1826 .4241588E-10
1827 .4226284E-10
1828 .4210983E-10
1829 .4195689E-10
1830 .4180397E-10
1831 .4165110E-10
1832 .4149826E-10
1833 .4134547E-10
1834 .4119272E-10
1835 .4103999E-10
1836 .4088732E-10
1837 .4073468E-10
1838 .4058206E-10
1839 .4042949E-10
1840 .4027697E-10
1841 .4012444E-10
1842 .3997196E-10
1843 .3981952E-10
1844 .3966713E-10
1845 .3951474E-10
1846 .3936239E-10
1847 .3921006E-10
1848 .3905779E-10
1849 .3890551E-10
1850 .3875329E-10
1851 .3860107E-10
1852 .3844888E-10
1853 .3829675E-10
1854 .3814461E-10
1855 .3799251E-10
1856 .3784044E-10
1857 .3768839E-10
1858 .3753636E-10
1859 .3738433E-10
1860 .3723236E-10
1861 .3708040E-10
1862 .3692845E-10
1863 .3677654E-10
1864 .3662465E-10
1865 .3647278E-10
1866 .3632092E-10
1867 .3616909E-10
1868 .3601726E-10
1869 .3586548E-10
1870 .3571369E-10
1871 .3556192E-10
1872 .3541017E-10
1873 .3525844E-10
1874 .3510673E-10
1875 .3495506E-10
1876 .3480334E-10
1877 .3465169E-10
1878 .3450004E-10
1879 .3434841E-10
1880 .3419676E-10
1881 .3404517E-10
1882 .3389357E-10
1883 .3374199E-10
1884 .3359041E-10
1885 .3343885E-10
1886 .3328731E-10
1887 .3313579E-10
1888 .3298426E-10
1889 .3283273E-10
1890 .3268124E-10
1891 .3252971E-10
1892 .3237825E-10
1893 .3222679E-10
1894 .3207532E-10
1895 .3192386E-10
1896 .3177241E-10
1897 .3162099E-10
1898 .3146954E-10
1899 .3131812E-10
1900 .3116671E-10
1901 .3101531E-10
1902 .3086391E-10
1903 .3071253E-10
1904 .3056114E-10
1905 .3040975E-10
1906 .3025837E-10
1907 .3010701E-10
1908 .2995565E-10
1909 .2980429E-10
1910 .2965294E-10
1911 .2950160E-10
1912 .2935026E-10
1913 .2919894E-10
1914 .2904760E-10
1915 .2889627E-10
1916 .2874496E-10
1917 .2859362E-10
1918 .2844232E-10
1919 .2829102E-10
1920 .2813971E-10
1921 .2798842E-10
1922 .2783710E-10
1923 .2768581E-10
1924 .2753452E-10
1925 .2738323E-10
1926 .2723194E-10
1927 .2708066E-10
1928 .2692938E-10
1929 .2677811E-10
1930 .2662684E-10
1931 .2647558E-10
1932 .2632430E-10
1933 .2617301E-10
1934 .2602178E-10
1935 .2587050E-10
1936 .2571925E-10
1937 .2556800E-10
1938 .2541673E-10
1939 .2526546E-10
1940 .2511425E-10
1941 .2496297E-10
1942 .2481174E-10
1943 .2466050E-10
1944 .2450925E-10
1945 .2435802E-10
1946 .2420677E-10
1947 .2405556E-10
1948 .2390431E-10
1949 .2375309E-10
1950 .2360186E-10
1951 .2345064E-10
1952 .2329942E-10
1953 .2314819E-10
1954 .2299699E-10
1955 .2284576E-10
1956 .2269456E-10
1957 .2254335E-10
1958 .2239214E-10
1959 .2224095E-10
1960 .2208974E-10
1961 .2193856E-10
1962 .2178734E-10
1963 .2163618E-10
1964 .2148498E-10
1965 .2133382E-10
1966 .2118265E-10
1967 .2103149E-10
1968 .2088034E-10
1969 .2072918E-10
1970 .2057803E-10
1971 .2042691E-10
1972 .2027579E-10
1973 .2012468E-10
1974 .1997357E-10
1975 .1982248E-10
1976 .1967139E-10
1977 .1952033E-10
1978 .1936927E-10
1979 .1921821E-10
1980 .1906717E-10
1981 .1891615E-10
1982 .1876513E-10
1983 .1861414E-10
1984 .1846314E-10
1985 .1831217E-10
1986 .1816121E-10
1987 .1801028E-10
1988 .1785935E-10
1989 .1770845E-10
1990 .1755754E-10
1991 .1740666E-10
1992 .1725579E-10
1993 .1710495E-10
1994 .1695412E-10
1995 .1680331E-10
1996 .1665252E-10
1997 .1650174E-10
1998 .1635099E-10
1999 .1620025E-10
2000 .1604953E-10
2001 .1589884E-10
2002 .1574816E-10
2003 .1559750E-10
2004 .1544686E-10
2005 .1529625E-10
2006 .1514564E-10
2007 .1499507E-10
2008 .1484452E-10
2009 .1469399E-10
2010 .1454349E-10
2011 .1454205E-10
2012 .1454062E-10
2013 .1453917E-10
2014 .1453772E-10
2015 .1453627E-10
2016 .1453482E-10
2017 .1453334E-10
2018 .1453188E-10
2019 .1453040E-10
2020 .1452892E-10
2021 .1452743E-10
2022 .1452595E-10
2023 .1452444E-10
2024 .1452292E-10
2025 .1452143E-10
2026 .1451991E-10
2027 .1451840E-10
2028 .1451687E-10
2029 .1451534E-10
2030 .1451382E-10
2031 .1451228E-10
2032 .1451075E-10
2033 .1450919E-10
2034 .1450764E-10
2035 .1450608E-10
2036 .1450452E-10
2037 .1450297E-10
2038 .1450140E-10
2039 .1449984E-10
2040 .1449826E-10
2041 .1449669E-10
2042 .1449511E-10
2043 .1449352E-10
2044 .1449194E-10
2045 .1449035E-10
2046 .1448875E-10
2047 .1448716E-10
2048 .1448556E-10
2049 .1448396E-10
2050 .1448236E-10
2051 .1448075E-10
2052 .1447915E-10
2053 .1447754E-10
2054 .1447592E-10
2055 .1447431E-10
2056 .1447270E-10
2057 .1447107E-10
2058 .1446944E-10
2059 .1446782E-10
2060 .1446619E-10
2061 .1446458E-10
2062 .1446295E-10
2063 .1446131E-10
2064 .1445968E-10
2065 .1445805E-10
2066 .1445641E-10
2067 .1445477E-10
2068 .1445316E-10
2069 .1445151E-10
2070 .1444988E-10
2071 .1444824E-10
2072 .1444659E-10
2073 .1444496E-10
2074 .1444332E-10
2075 .1444168E-10
2076 .1444004E-10
2077 .1443840E-10
2078 .1443676E-10
2079 .1443513E-10
2080 .1443347E-10
2081 .1443185E-10
2082 .1443020E-10
2083 .1442856E-10
2084 .1442693E-10
2085 .1442529E-10
2086 .1442366E-10
2087 .1442202E-10
2088 .1442039E-10
2089 .1441875E-10
2090 .1441711E-10
2091 .1441548E-10
2092 .1441386E-10
2093 .1441222E-10
2094 .1441060E-10
2095 .1440898E-10
2096 .1440735E-10
2097 .1440573E-10
2098 .1440410E-10
2099 .1440248E-10
2100 .1440087E-10
2101 .1439925E-10
2102 .1439764E-10
2103 .1439603E-10
2104 .1439442E-10
2105 .1439281E-10
2106 .1439122E-10
2107 .1438961E-10
2108 .1438801E-10
2109 .1438642E-10
2110 .1438484E-10
2111 .1438324E-10
2112 .1438166E-10
2113 .1438008E-10
2114 .1437850E-10
2115 .1437692E-10
2116 .1437535E-10
2117 .1437379E-10
2118 .1437220E-10
2119 .1437066E-10
2120 .1436909E-10
2121 .1436754E-10
2122 .1436599E-10
2123 .1436446E-10
2124 .1436291E-10
2125 .1436135E-10
2126 .1435983E-10
2127 .1435831E-10
2128 .1435678E-10
2129 .1435528E-10
2130 .1435375E-10
2131 .1435224E-10
2132 .1435075E-10
2133 .1434924E-10
2134 .1434774E-10
2135 .1434626E-10
2136 .1434477E-10
2137 .1434330E-10
2138 .1434183E-10
2139 .1434036E-10
2140 .1433890E-10
2141 .1433743E-10
2142 .1433600E-10
2143 .1433455E-10
2144 .1433312E-10
2145 .1433169E-10
2146 .1433026E-10
2147 .1432884E-10
2148 .1432743E-10
2149 .1432602E-10
2150 .1432463E-10
2151 .1432324E-10
2152 .1432185E-10
2153 .1432047E-10
2154 .1431909E-10
2155 .1431773E-10
2156 .1431639E-10
2157 .1431503E-10
2158 .1431368E-10
2159 .1431235E-10
2160 .1431103E-10
2161 .1430970E-10
2162 .1430839E-10
2163 .1430709E-10
2164 .1430579E-10
2165 .1430450E-10
2166 .1430322E-10
2167 .1430195E-10
2168 .1430069E-10
2169 .1429944E-10
2170 .1429819E-10
2171 .1429695E-10
2172 .1429573E-10
2173 .1429450E-10
2174 .1429329E-10
2175 .1429207E-10
2176 .1429089E-10
2177 .1428970E-10
2178 .1428852E-10
2179 .1428736E-10
2180 .1428620E-10
2181 .1428505E-10
2182 .1428392E-10
2183 .1428279E-10
2184 .1428167E-10
2185 .1428056E-10
2186 .1427946E-10
2187 .1427837E-10
2188 .1427730E-10
2189 .1427623E-10
2190 .1427517E-10
2191 .1427412E-10
2192 .1427308E-10
2193 .1427205E-10
2194 .1427103E-10
2195 .1427003E-10
2196 .1426903E-10
2197 .1426806E-10
2198 .1426708E-10
2199 .1426612E-10
2200 .1426516E-10
2201 .1426423E-10
2202 .1426330E-10
2203 .1426237E-10
2204 .1426148E-10
2205 .1426058E-10
2206 .1425970E-10
2207 .1425882E-10
2208 .1425798E-10
2209 .1425713E-10
2210 .1425629E-10
2211 .1425548E-10
2212 .1425466E-10
2213 .1425388E-10
2214 .1425309E-10
2215 .1425231E-10
2216 .1425155E-10
2217 .1425081E-10
2218 .1425008E-10
2219 .1424934E-10
2220 .1424865E-10
2221 .1424796E-10
2222 .1424726E-10
2223 .1424660E-10
2224 .1424595E-10
2225 .1424531E-10
2226 .1424468E-10
2227 .1424406E-10
2228 .1424347E-10
2229 .1424288E-10
2230 .1424231E-10
2231 .1424174E-10
2232 .1424122E-10
2233 .1424069E-10
2234 .1424017E-10
2235 .1423966E-10
2236 .1423918E-10
2237 .1423872E-10
2238 .1423825E-10
2239 .1423782E-10
2240 .1423737E-10
2241 .1423696E-10
2242 .1423656E-10
2243 .1423618E-10
2244 .1423581E-10
2245 .1423545E-10
2246 .1423511E-10
2247 .1423480E-10
2248 .1423448E-10
2249 .1423418E-10
2250 .1423389E-10
2251 .1423362E-10
2252 .1423336E-10
2253 .1423312E-10
2254 .1423289E-10
2255 .1423267E-10
2256 .1423247E-10
2257 .1423228E-10
2258 .1423210E-10
2259 .1423194E-10
2260 .1423180E-10
2261 .1423166E-10
2262 .1423154E-10
2263 .1423143E-10
2264 .1423133E-10
2265 .1423125E-10
2266 .1423119E-10
2267 .1423113E-10
2268 .1423110E-10
2269 .1423106E-10
2270 .1423104E-10
2271 .1423104E-10
2272 .1423105E-10
2273 .1423108E-10
2274 .1423111E-10
2275 .1423117E-10
2276 .1423122E-10
2277 .1423130E-10
2278 .1423138E-10
2279 .1423148E-10
2280 .1423159E-10
2281 .1423171E-10
2282 .1423184E-10
2283 .1423200E-10
2284 .1423215E-10
2285 .1423232E-10
2286 .1423251E-10
2287 .1423271E-10
2288 .1423292E-10
2289 .1423314E-10
2290 .1423336E-10
2291 .1423361E-10
2292 .1423387E-10
2293 .1423413E-10
2294 .1423440E-10
2295 .1423470E-10
2296 .1423500E-10
2297 .1423530E-10
2298 .1423563E-10
2299 .1423596E-10
2300 .1423632E-10
2301 .1423667E-10
2302 .1423705E-10
2303 .1423742E-10
2304 .1423783E-10
2305 .1423822E-10
2306 .1423864E-10
2307 .1423906E-10
2308 .1423950E-10
2309 .1423994E-10
2310 .1424039E-10
2311 .1424087E-10
2312 .1424134E-10
2313 .1424184E-10
2314 .1424232E-10
2315 .1424285E-10
2316 .1424337E-10
2317 .1424389E-10
2318 .1424444E-10
2319 .1424498E-10
2320 .1424555E-10
2321 .1424612E-10
2322 .1424670E-10
2323 .1424729E-10
2324 .1424790E-10
2325 .1424851E-10
2326 .1424913E-10
2327 .1424976E-10
2328 .1425040E-10
2329 .1425105E-10
2330 .1425173E-10
2331 .1425238E-10
2332 .1425306E-10
2333 .1425375E-10
2334 .1425445E-10
2335 .1425516E-10
2336 .1425588E-10
2337 .1425660E-10
2338 .1425734E-10
2339 .1425810E-10
2340 .1425885E-10
2341 .1425961E-10
2342 .1426038E-10
2343 .1426116E-10
2344 .1426196E-10
2345 .1426275E-10
2346 .1426355E-10
2347 .1426440E-10
2348 .1426520E-10
2349 .1426605E-10
2350 .1426689E-10
2351 .1426775E-10
2352 .1426860E-10
2353 .1426948E-10
2354 .1427036E-10
2355 .1427123E-10
2356 .1427214E-10
2357 .1427304E-10
2358 .1427395E-10
2359 .1427486E-10
2360 .1427579E-10
2361 .1427671E-10
2362 .1427766E-10
2363 .1427861E-10
2364 .1427958E-10
2365 .1428055E-10
2366 .1428153E-10
2367 .1428250E-10
2368 .1428349E-10
2369 .1428448E-10
2370 .1428548E-10
2371 .1428651E-10
2372 .1428753E-10
2373 .1428855E-10
2374 .1428960E-10
2375 .1429061E-10
2376 .1429167E-10
2377 .1429274E-10
2378 .1429378E-10
2379 .1429487E-10
2380 .1429595E-10
2381 .1429703E-10
2382 .1429811E-10
2383 .1429921E-10
2384 .1430032E-10
2385 .1430144E-10
2386 .1430254E-10
2387 .1430367E-10
2388 .1430481E-10
2389 .1430594E-10
2390 .1430710E-10
2391 .1430823E-10
2392 .1430938E-10
2393 .1431056E-10
2394 .1431172E-10
2395 .1431291E-10
2396 .1431409E-10
2397 .1431528E-10
2398 .1431646E-10
2399 .1431768E-10
2400 .1431887E-10
2401 .1432009E-10
2402 .1432130E-10
2403 .1432253E-10
2404 .1432376E-10
2405 .1432500E-10
2406 .1432624E-10
2407 .1432747E-10
2408 .1432874E-10
2409 .1433000E-10
2410 .1433126E-10
2411 .1433252E-10
2412 .1433379E-10
2413 .1433507E-10
2414 .1433637E-10
2415 .1433765E-10
2416 .1433894E-10
2417 .1434023E-10
2418 .1434155E-10
2419 .1434286E-10
2420 .1434416E-10
2421 .1434549E-10
2422 .1434680E-10
2423 .1434813E-10
2424 .1434946E-10
2425 .1435081E-10
2426 .1435215E-10
2427 .1435349E-10
2428 .1435485E-10
2429 .1435620E-10
2430 .1435757E-10
2431 .1435892E-10
2432 .1436028E-10
2433 .1436166E-10
2434 .1436305E-10
2435 .1436442E-10
2436 .1436581E-10
2437 .1436720E-10
2438 .1436859E-10
2439 .1436998E-10
2440 .1437140E-10
2441 .1437280E-10
2442 .1437420E-10
2443 .1437561E-10
2444 .1437702E-10
2445 .1437845E-10
2446 .1437986E-10
2447 .1438129E-10
2448 .1438272E-10
2449 .1438415E-10
2450 .1438559E-10
2451 .1438702E-10
2452 .1438846E-10
2453 .1438992E-10
2454 .1439135E-10
2455 .1439282E-10
2456 .1439426E-10
2457 .1439571E-10
2458 .1439716E-10
2459 .1439864E-10
2460 .1440011E-10
2461 .1440156E-10
2462 .1440304E-10
2463 .1440451E-10
2464 .1440598E-10
2465 .1440747E-10
2466 .1440894E-10
2467 .1441042E-10
2468 .1441191E-10
2469 .1441339E-10
2470 .1441487E-10
2471 .1441636E-10
2472 .1441787E-10
2473 .1441935E-10
2474 .1442085E-10
2475 .1442236E-10
2476 .1442386E-10
2477 .1442537E-10
2478 .1442687E-10
2479 .1442838E-10
2480 .1442989E-10
2481 .1443139E-10
2482 .1443289E-10
2483 .1443441E-10
2484 .1443592E-10
2485 .1443743E-10
2486 .1443894E-10
2487 .1444047E-10
2488 .1444198E-10
2489 .1444350E-10
2490 .1444504E-10
2491 .1444655E-10
2492 .1444808E-10
2493 .1444960E-10
2494 .1445111E-10
2495 .1445265E-10
2496 .1445418E-10
2497 .1445571E-10
2498 .1445723E-10
2499 .1445877E-10
2500 .1446028E-10
