100 .2764977E-15
101 .1065526E-14
102 .2869993E-14
103 .6342316E-14
104 .1232369E-13
105 .2184693E-13
106 .3612916E-13
107 .5655287E-13
108 .8463528E-13
109 .1219852E-12
110 .1702491E-12
111 .2310443E-12
112 .3058860E-12
113 .3961035E-12
114 .5027553E-12
115 .6265400E-12
116 .7677109E-12
117 .9259965E-12
118 .1100531E-11
119 .1289799E-11
120 .1491603E-11
121 .1703043E-11
122 .1920537E-11
123 .2139859E-11
124 .2356216E-11
125 .2564349E-11
126 .2759203E-11
127 .2937932E-11
128 .3098850E-11
129 .3240975E-11
130 .3364013E-11
131 .3468320E-11
132 .3554842E-11
133 .3625051E-11
134 .3680857E-11
135 .3724540E-11
136 .3758670E-11
137 .3786047E-11
138 .3809583E-11
139 .3831085E-11
140 .3851174E-11
141 .3870419E-11
142 .3889388E-11
143 .3908642E-11
144 .3928761E-11
145 .3950331E-11
146 .3973954E-11
147 .4000250E-11
148 .4029863E-11
149 .4063469E-11
150 .4101776E-11
151 .4145404E-11
152 .4194478E-11
153 .4248999E-11
154 .4308968E-11
155 .4374384E-11
156 .4445249E-11
157 .4521561E-11
158 .4603317E-11
159 .4690511E-11
160 .4783134E-11
161 .4881168E-11
162 .4984593E-11
163 .5093380E-11
164 .5207489E-11
165 .5326872E-11
166 .5451468E-11
167 .5581205E-11
168 .5715992E-11
169 .5855731E-11
170 .6000287E-11
171 .6149528E-11
172 .6303292E-11
173 .6461385E-11
174 .6623602E-11
175 .6789706E-11
176 .6959458E-11
177 .7132694E-11
178 .7309257E-11
179 .7488966E-11
180 .7671618E-11
181 .7856987E-11
182 .8044824E-11
183 .8234853E-11
184 .8426775E-11
185 .8620264E-11
186 .8814968E-11
187 .9010506E-11
188 .9206476E-11
189 .9402441E-11
190 .9597941E-11
191 .9792492E-11
192 .9985580E-11
193 .1017667E-10
194 .1036519E-10
195 .1055056E-10
196 .1073216E-10
197 .1090937E-10
198 .1108154E-10
199 .1124799E-10
200 .1140806E-10
201 .1156111E-10
202 .1170687E-10
203 .1184519E-10
204 .1197588E-10
205 .1209880E-10
206 .1221384E-10
207 .1232090E-10
208 .1241987E-10
209 .1251069E-10
210 .1259332E-10
211 .1266771E-10
212 .1273386E-10
213 .1279174E-10
214 .1284140E-10
215 .1288285E-10
216 .1291614E-10
217 .1294132E-10
218 .1295847E-10
219 .1296769E-10
220 .1296906E-10
221 .1296270E-10
222 .1294872E-10
223 .1292726E-10
224 .1289845E-10
225 .1286243E-10
226 .1281958E-10
227 .1277111E-10
228 .1271844E-10
229 .1266299E-10
230 .1260619E-10
231 .1254945E-10
232 .1249418E-10
233 .1244179E-10
234 .1239366E-10
235 .1235119E-10
236 .1231579E-10
237 .1228883E-10
238 .1227172E-10
239 .1226589E-10
240 .1227276E-10
241 .1229379E-10
242 .1233048E-10
243 .1238437E-10
244 .1245705E-10
245 .1255020E-10
246 .1266555E-10
247 .1280493E-10
248 .1297030E-10
249 .1316374E-10
250 .1338747E-10
251 .1117759E-10
252 .1237476E-10
253 .1351293E-10
254 .1738549E-10
255 .2040675E-10
256 .2143104E-10
257 .2623896E-10
258 .2288326E-10
259 .2756190E-10
260 .2903044E-10
261 .2630372E-10
262 .2757357E-10
263 .2364252E-10
264 .1845931E-10
265 .1753581E-10
266 .1515880E-10
267 .1436750E-10
268 .1482292E-10
269 .2351295E-10
270 .4042566E-10
271 .6325055E-10
272 .7782189E-10
273 .7895060E-10
274 .7888315E-10
275 .8302148E-10
276 .8244413E-10
277 .8324095E-10
278 .8033549E-10
279 .9507936E-10
280 .9479611E-10
281 .9329591E-10
282 .9412886E-10
283 .8817259E-10
284 .8086599E-10
285 .8511852E-10
286 .8367750E-10
287 .8509538E-10
288 .8308375E-10
289 .8785511E-10
290 .1006309E-09
291 .1079641E-09
292 .1203883E-09
293 .1256171E-09
294 .1308127E-09
295 .1365986E-09
296 .1310483E-09
297 .1277615E-09
298 .1266071E-09
299 .1235284E-09
300 .1131770E-09
301 .1087523E-09
302 .9917375E-10
303 .1018430E-09
304 .1060082E-09
305 .1047281E-09
306 .1060212E-09
307 .1010321E-09
308 .1094755E-09
309 .1088086E-09
310 .9334995E-10
311 .9549636E-10
312 .1081003E-09
313 .1052898E-09
314 .1098029E-09
315 .1078583E-09
316 .1126985E-09
317 .1137539E-09
318 .1300526E-09
319 .1350399E-09
320 .1475183E-09
321 .1388103E-09
322 .1364322E-09
323 .1220069E-09
324 .1180945E-09
325 .1128908E-09
326 .1058463E-09
327 .1023942E-09
328 .9685559E-10
329 .9281169E-10
330 .9762256E-10
331 .9529156E-10
332 .1042997E-09
333 .1041633E-09
334 .1056905E-09
335 .1028998E-09
336 .1032636E-09
337 .1073095E-09
338 .1054408E-09
339 .1074061E-09
340 .1121456E-09
341 .1126951E-09
342 .1288179E-09
343 .1373247E-09
344 .1353961E-09
345 .1377657E-09
346 .1278039E-09
347 .1317089E-09
348 .1312748E-09
349 .1306054E-09
350 .1227483E-09
351 .1309775E-09
352 .1377781E-09
353 .1500116E-09
354 .1613358E-09
355 .1733377E-09
356 .1744991E-09
357 .1730155E-09
358 .1799876E-09
359 .1767381E-09
360 .1857313E-09
361 .1851095E-09
362 .1892562E-09
363 .1825686E-09
364 .1689665E-09
365 .1722283E-09
366 .1783936E-09
367 .1996825E-09
368 .2185377E-09
369 .2435632E-09
370 .2783884E-09
371 .3010396E-09
372 .3126682E-09
373 .3212298E-09
374 .3080488E-09
375 .2870505E-09
376 .2656414E-09
377 .2378262E-09
378 .2013579E-09
379 .1620024E-09
380 .1372250E-09
381 .1158975E-09
382 .1050965E-09
383 .9192834E-10
384 .9771803E-10
385 .1036660E-09
386 .1225256E-09
387 .1462243E-09
388 .1834700E-09
389 .2120874E-09
390 .2411157E-09
391 .2610698E-09
392 .2973786E-09
393 .3127332E-09
394 .3468003E-09
395 .3658247E-09
396 .3889938E-09
397 .4098401E-09
398 .4314074E-09
399 .4482210E-09
400 .4340912E-09
401 .4247992E-09
402 .3896025E-09
403 .3808578E-09
404 .3349939E-09
405 .3226065E-09
406 .2969765E-09
407 .2871486E-09
408 .2722306E-09
409 .2699123E-09
410 .2588488E-09
411 .2458595E-09
412 .2321156E-09
413 .2268526E-09
414 .2156467E-09
415 .2175903E-09
416 .2138859E-09
417 .2113601E-09
418 .2154786E-09
419 .2206811E-09
420 .2233315E-09
421 .2253964E-09
422 .2370814E-09
423 .2268734E-09
424 .2327838E-09
425 .2374305E-09
426 .2423394E-09
427 .2298406E-09
428 .2389789E-09
429 .2402165E-09
430 .2387237E-09
431 .2564728E-09
432 .2501664E-09
433 .2647864E-09
434 .2574454E-09
435 .2571419E-09
436 .2638701E-09
437 .2427400E-09
438 .2168531E-09
439 .1978322E-09
440 .1894367E-09
441 .1676968E-09
442 .1555921E-09
443 .1416055E-09
444 .1359185E-09
445 .1328816E-09
446 .1323362E-09
447 .1367451E-09
448 .1395137E-09
449 .1461913E-09
450 .1539052E-09
451 .1642429E-09
452 .1703694E-09
453 .1912913E-09
454 .2055371E-09
455 .2230681E-09
456 .2458325E-09
457 .2557375E-09
458 .2890129E-09
459 .3113765E-09
460 .3521112E-09
461 .3637039E-09
462 .3800930E-09
463 .3842070E-09
464 .4060569E-09
465 .4167502E-09
466 .4131723E-09
467 .4074820E-09
468 .3774717E-09
469 .3560789E-09
470 .3007036E-09
471 .2880698E-09
472 .2470665E-09
473 .2226332E-09
474 .1942531E-09
475 .1812101E-09
476 .1664525E-09
477 .1525056E-09
478 .1458278E-09
479 .1556439E-09
480 .1615953E-09
481 .1679444E-09
482 .1745588E-09
483 .1810983E-09
484 .1886332E-09
485 .1888096E-09
486 .1880424E-09
487 .1858727E-09
488 .1835759E-09
489 .1851790E-09
490 .1904942E-09
491 .1995844E-09
492 .2127160E-09
493 .2289332E-09
494 .2613354E-09
495 .2755092E-09
496 .2852033E-09
497 .2894162E-09
498 .2814767E-09
499 .2703749E-09
500 .2548929E-09
501 .2369150E-09
502 .2191955E-09
503 .1894364E-09
504 .1788917E-09
505 .1715397E-09
506 .1668428E-09
507 .1641311E-09
508 .1625267E-09
509 .1626109E-09
510 .1626503E-09
511 .1629523E-09
512 .1647592E-09
513 .1604721E-09
514 .1580787E-09
515 .1572235E-09
516 .1580395E-09
517 .1625811E-09
518 .1744081E-09
519 .1853799E-09
520 .1954842E-09
521 .1877940E-09
522 .1993717E-09
523 .2331386E-09
524 .2290616E-09
525 .2418041E-09
526 .2346281E-09
527 .2465047E-09
528 .2916169E-09
529 .2962833E-09
530 .2705329E-09
531 .3216170E-09
532 .3204342E-09
533 .3088339E-09
534 .3004576E-09
535 .2994990E-09
536 .2779585E-09
537 .2807918E-09
538 .2753216E-09
539 .2504403E-09
540 .2981923E-09
541 .2903687E-09
542 .2649449E-09
543 .2528730E-09
544 .3008179E-09
545 .3214645E-09
546 .3225425E-09
547 .3822605E-09
548 .3708919E-09
549 .3837991E-09
550 .4193287E-09
551 .4330480E-09
552 .4318387E-09
553 .3749680E-09
554 .3933652E-09
555 .3916292E-09
556 .3771328E-09
557 .3759592E-09
558 .3299091E-09
559 .3162648E-09
560 .2981911E-09
561 .2630378E-09
562 .2401480E-09
563 .2291411E-09
564 .2133223E-09
565 .1853845E-09
566 .1680032E-09
567 .1334097E-09
568 .1256278E-09
569 .1155781E-09
570 .1253112E-09
571 .1190461E-09
572 .1219836E-09
573 .1291902E-09
574 .1258403E-09
575 .1337623E-09
576 .1271850E-09
577 .1512211E-09
578 .1822696E-09
579 .1879286E-09
580 .2185101E-09
581 .2357398E-09
582 .2595060E-09
583 .2640901E-09
584 .2804451E-09
585 .2725790E-09
586 .3041684E-09
587 .3027033E-09
588 .2669573E-09
589 .1714417E-09
590 .2528235E-09
591 .2721406E-09
592 .2843553E-09
593 .2316540E-09
594 .2253721E-09
595 .2170586E-09
596 .2101156E-09
597 .1921016E-09
598 .1964126E-09
599 .1970041E-09
600 .1668324E-09
601 .1799015E-09
602 .1794734E-09
603 .1816256E-09
604 .1793514E-09
605 .1954545E-09
606 .2134716E-09
607 .2041733E-09
608 .2160931E-09
609 .2041206E-09
610 .2067005E-09
611 .2037431E-09
612 .1936795E-09
613 .1871749E-09
614 .2134992E-09
615 .2033935E-09
616 .1920206E-09
617 .1687502E-09
618 .1828313E-09
619 .1983457E-09
620 .1890335E-09
621 .1769122E-09
622 .1986667E-09
623 .1954609E-09
624 .1844351E-09
625 .2043583E-09
626 .1894177E-09
627 .1741038E-09
628 .1703983E-09
629 .1609107E-09
630 .1560190E-09
631 .1517474E-09
632 .1506709E-09
633 .1526048E-09
634 .1574251E-09
635 .1630521E-09
636 .1686710E-09
637 .1754747E-09
638 .1821158E-09
639 .1938311E-09
640 .2085123E-09
641 .2260636E-09
642 .2447132E-09
643 .2582878E-09
644 .2763837E-09
645 .2936314E-09
646 .3094766E-09
647 .3229731E-09
648 .3329457E-09
649 .3460385E-09
650 .3584384E-09
651 .3683661E-09
652 .3751041E-09
653 .3812015E-09
654 .3872361E-09
655 .3923680E-09
656 .3952572E-09
657 .3962915E-09
658 .3975287E-09
659 .3958774E-09
660 .3924169E-09
661 .3852874E-09
662 .3760639E-09
663 .3700611E-09
664 .3583472E-09
665 .3452408E-09
666 .3310847E-09
667 .3161317E-09
668 .3074483E-09
669 .2936341E-09
670 .2796887E-09
671 .2664647E-09
672 .2536110E-09
673 .2462578E-09
674 .2342021E-09
675 .2229654E-09
676 .2149659E-09
677 .2100191E-09
678 .2019976E-09
679 .1959759E-09
680 .1914016E-09
681 .1873567E-09
682 .1860920E-09
683 .1841953E-09
684 .1877378E-09
685 .1831114E-09
686 .1672850E-09
687 .1597325E-09
688 .1571211E-09
689 .1666837E-09
690 .1739985E-09
691 .1803302E-09
692 .1869515E-09
693 .1918154E-09
694 .1941458E-09
695 .1965794E-09
696 .2013106E-09
697 .2042597E-09
698 .2048254E-09
699 .2051624E-09
700 .2147960E-09
701 .2268852E-09
702 .2246778E-09
703 .2259590E-09
704 .2214768E-09
705 .2187849E-09
706 .2230254E-09
707 .2157528E-09
708 .2150769E-09
709 .2225314E-09
710 .2248200E-09
711 .2217003E-09
712 .2274014E-09
713 .2277568E-09
714 .2279241E-09
715 .2349959E-09
716 .2337375E-09
717 .2374580E-09
718 .2552551E-09
719 .2647388E-09
720 .2757256E-09
721 .2719212E-09
722 .2708943E-09
723 .2772098E-09
724 .2924848E-09
725 .3040647E-09
726 .3342131E-09
727 .3279816E-09
728 .3138617E-09
729 .3059476E-09
730 .3096225E-09
731 .3118396E-09
732 .3070632E-09
733 .2970462E-09
734 .2919383E-09
735 .2868106E-09
736 .2821319E-09
737 .2809490E-09
738 .2781644E-09
739 .2767738E-09
740 .2766644E-09
741 .2768090E-09
742 .2823527E-09
743 .2820691E-09
744 .2819356E-09
745 .2813528E-09
746 .2804948E-09
747 .2794424E-09
748 .2728274E-09
749 .2645618E-09
750 .2546114E-09
751 .2431795E-09
752 .2253019E-09
753 .2103700E-09
754 .1971800E-09
755 .1949678E-09
756 .1782883E-09
757 .1507369E-09
758 .1470027E-09
759 .1417895E-09
760 .1363222E-09
761 .1000882E-09
762 .3718714E-10
763 .7278750E-10
764 .9051800E-10
765 .7381295E-10
766 .9321650E-10
767 .1125205E-09
768 .1385307E-09
769 .1474222E-09
770 .1543208E-09
771 .1628765E-09
772 .1629546E-09
773 .1582036E-09
774 .1677223E-09
775 .1634495E-09
776 .1566431E-09
777 .1606490E-09
778 .1586281E-09
779 .1576411E-09
780 .1476346E-09
781 .1462102E-09
782 .1457743E-09
783 .1335338E-09
784 .1321618E-09
785 .1310020E-09
786 .1249006E-09
787 .1150609E-09
788 .1122085E-09
789 .1057536E-09
790 .9804712E-10
791 .9398486E-10
792 .9250493E-10
793 .8483172E-10
794 .7769437E-10
795 .7303564E-10
796 .7200391E-10
797 .6950117E-10
798 .6271699E-10
799 .5940192E-10
800 .5646358E-10
801 .5739813E-10
802 .5274921E-10
803 .5080663E-10
804 .4921623E-10
805 .4924317E-10
806 .4862787E-10
807 .4962656E-10
808 .4789418E-10
809 .4354194E-10
810 .4645661E-10
811 .4469996E-10
812 .4568701E-10
813 .4370785E-10
814 .4684270E-10
815 .4326699E-10
816 .4237800E-10
817 .4549019E-10
818 .4088765E-10
819 .3933556E-10
820 .3764319E-10
821 .3317248E-10
822 .3057886E-10
823 .2656285E-10
824 .2257813E-10
825 .1609197E-10
826 .1537593E-10
827 .1331159E-10
828 .1314044E-10
829 .1351754E-10
830 .9920007E-11
831 .1028878E-10
832 .1236057E-10
833 .1174617E-10
834 .1211877E-10
835 .1493286E-10
836 .1277491E-10
837 .1475188E-10
838 .1766493E-10
839 .1724468E-10
840 .1691157E-10
841 .1762761E-10
842 .1818338E-10
843 .2165069E-10
844 .2435255E-10
845 .2654602E-10
846 .2806179E-10
847 .3050024E-10
848 .3647997E-10
849 .4276884E-10
850 .4891205E-10
851 .5373700E-10
852 .5858768E-10
853 .6469647E-10
854 .7226970E-10
855 .8473960E-10
856 .9336558E-10
857 .9264530E-10
858 .9076078E-10
859 .8999936E-10
860 .9139690E-10
861 .9202473E-10
862 .1004341E-09
863 .1026742E-09
864 .9931589E-10
865 .9537612E-10
866 .9117556E-10
867 .8810833E-10
868 .9749734E-10
869 .1073092E-09
870 .1047065E-09
871 .9912005E-10
872 .9746942E-10
873 .9901022E-10
874 .1044460E-09
875 .1197539E-09
876 .1231033E-09
877 .1125549E-09
878 .1063866E-09
879 .1172793E-09
880 .1278415E-09
881 .1279011E-09
882 .1255942E-09
883 .1188983E-09
884 .1077809E-09
885 .1075877E-09
886 .1122529E-09
887 .1224168E-09
888 .1208416E-09
889 .1088182E-09
890 .9921605E-10
891 .9797262E-10
892 .1019831E-09
893 .1042922E-09
894 .1004399E-09
895 .1010163E-09
896 .9726471E-10
897 .9269470E-10
898 .8876078E-10
899 .8812461E-10
900 .9261386E-10
901 .8415409E-10
902 .8143040E-10
903 .8381206E-10
904 .8107842E-10
905 .7854451E-10
906 .8158616E-10
907 .8185849E-10
908 .7791494E-10
909 .7645683E-10
910 .7663744E-10
911 .7738621E-10
912 .8145424E-10
913 .8329297E-10
914 .8176578E-10
915 .7665283E-10
916 .7447756E-10
917 .7509178E-10
918 .7257507E-10
919 .7392504E-10
920 .7309613E-10
921 .7391720E-10
922 .7682410E-10
923 .7803171E-10
924 .8433101E-10
925 .8739844E-10
926 .7676689E-10
927 .7333874E-10
928 .7009354E-10
929 .6839402E-10
930 .7206361E-10
931 .7358214E-10
932 .7251107E-10
933 .6634863E-10
934 .5525782E-10
935 .5679592E-10
936 .5890480E-10
937 .6138074E-10
938 .5931220E-10
939 .8581681E-10
940 .7683532E-10
941 .5094736E-10
942 .5673148E-10
943 .5519030E-10
944 .5565704E-10
945 .6095917E-10
946 .6383620E-10
947 .7063160E-10
948 .6918193E-10
949 .6942824E-10
950 .6916178E-10
951 .7057630E-10
952 .6297570E-10
953 .7339619E-10
954 .9322678E-10
955 .8495055E-10
956 .8069503E-10
957 .8161900E-10
958 .7267582E-10
959 .7143624E-10
960 .7835463E-10
961 .7650480E-10
962 .7470028E-10
963 .6821544E-10
964 .6176721E-10
965 .6358205E-10
966 .6259980E-10
967 .6271746E-10
968 .5784724E-10
969 .5196204E-10
970 .5723562E-10
971 .5911799E-10
972 .6010784E-10
973 .5634734E-10
974 .5484109E-10
975 .5905602E-10
976 .5330904E-10
977 .5751783E-10
978 .6219474E-10
979 .5738492E-10
980 .6550586E-10
981 .6699540E-10
982 .6008168E-10
983 .6277798E-10
984 .6736275E-10
985 .7503937E-10
986 .7713406E-10
987 .7755490E-10
988 .9215395E-10
989 .9114144E-10
990 .8314411E-10
991 .8197238E-10
992 .8832239E-10
993 .9151623E-10
994 .9169430E-10
995 .8865309E-10
996 .9151430E-10
997 .1061997E-09
998 .9420035E-10
999 .9255564E-10
1000 .9626579E-10
1001 .9564038E-10
1002 .9501374E-10
1003 .9438622E-10
1004 .9375743E-10
1005 .9312767E-10
1006 .9249664E-10
1007 .9186474E-10
1008 .9123156E-10
1009 .9059750E-10
1010 .8996211E-10
1011 .8932592E-10
1012 .8868863E-10
1013 .8805023E-10
1014 .8741090E-10
1015 .8677038E-10
1016 .8612893E-10
1017 .8548637E-10
1018 .8484281E-10
1019 .8419831E-10
1020 .8355272E-10
1021 .8290620E-10
1022 .8225851E-10
1023 .8160998E-10
1024 .8096028E-10
1025 .8030982E-10
1026 .7965819E-10
1027 .7900572E-10
1028 .7835216E-10
1029 .7769771E-10
1030 .7704221E-10
1031 .7638583E-10
1032 .7572846E-10
1033 .7507014E-10
1034 .7441088E-10
1035 .7375068E-10
1036 .7308952E-10
1037 .7242752E-10
1038 .7176444E-10
1039 .7110056E-10
1040 .7043571E-10
1041 .6977002E-10
1042 .6910332E-10
1043 .6843572E-10
1044 .6776731E-10
1045 .6709788E-10
1046 .6642773E-10
1047 .6575658E-10
1048 .6508459E-10
1049 .6441175E-10
1050 .6373798E-10
1051 .6306340E-10
1052 .6238791E-10
1053 .6171159E-10
1054 .6103443E-10
1055 .6035643E-10
1056 .5967759E-10
1057 .5899791E-10
1058 .5831735E-10
1059 .5763606E-10
1060 .5695388E-10
1061 .5627089E-10
1062 .5558709E-10
1063 .5490251E-10
1064 .5421710E-10
1065 .5353092E-10
1066 .5284392E-10
1067 .5215611E-10
1068 .5146754E-10
1069 .5077821E-10
1070 .5008811E-10
1071 .4939718E-10
1072 .4870548E-10
1073 .4801303E-10
1074 .4731989E-10
1075 .4662590E-10
1076 .4593119E-10
1077 .4523575E-10
1078 .4453950E-10
1079 .4384254E-10
1080 .4314489E-10
1081 .4244647E-10
1082 .4174732E-10
1083 .4104742E-10
1084 .4034684E-10
1085 .3964553E-10
1086 .3894346E-10
1087 .3824069E-10
1088 .3753726E-10
1089 .3683308E-10
1090 .3612821E-10
1091 .3542263E-10
1092 .3471636E-10
1093 .3400940E-10
1094 .3330175E-10
1095 .3259339E-10
1096 .3188436E-10
1097 .3117465E-10
1098 .3046427E-10
1099 .2975322E-10
1100 .2904149E-10
1101 .2832909E-10
1102 .2761604E-10
1103 .2690231E-10
1104 .2618792E-10
1105 .2547286E-10
1106 .2475720E-10
1107 .2404082E-10
1108 .2332382E-10
1109 .2260620E-10
1110 .2188787E-10
1111 .2116894E-10
1112 .2044939E-10
1113 .1972916E-10
1114 .1900833E-10
1115 .1828686E-10
1116 .1756476E-10
1117 .1684203E-10
1118 .1611865E-10
1119 .1539468E-10
1120 .1467007E-10
1121 .1394486E-10
1122 .1321901E-10
1123 .1249256E-10
1124 .1176549E-10
1125 .1103781E-10
1126 .1030953E-10
1127 .9580627E-11
1128 .8851130E-11
1129 .8121034E-11
1130 .7390322E-11
1131 .7393318E-11
1132 .7396305E-11
1133 .7399281E-11
1134 .7402267E-11
1135 .7405243E-11
1136 .7408210E-11
1137 .7411180E-11
1138 .7414136E-11
1139 .7417096E-11
1140 .7420051E-11
1141 .7422993E-11
1142 .7425945E-11
1143 .7428880E-11
1144 .7431818E-11
1145 .7434752E-11
1146 .7437686E-11
1147 .7440606E-11
1148 .7443534E-11
1149 .7446456E-11
1150 .7449366E-11
1151 .7452278E-11
1152 .7455189E-11
1153 .7458098E-11
1154 .7461002E-11
1155 .7463905E-11
1156 .7466805E-11
1157 .7469698E-11
1158 .7472596E-11
1159 .7475486E-11
1160 .7478385E-11
1161 .7481268E-11
1162 .7484155E-11
1163 .7487041E-11
1164 .7489927E-11
1165 .7492812E-11
1166 .7495686E-11
1167 .7498568E-11
1168 .7501446E-11
1169 .7504323E-11
1170 .7507199E-11
1171 .7510075E-11
1172 .7512950E-11
1173 .7515830E-11
1174 .7518694E-11
1175 .7521572E-11
1176 .7524440E-11
1177 .7527315E-11
1178 .7530187E-11
1179 .7533060E-11
1180 .7535933E-11
1181 .7538804E-11
1182 .7541676E-11
1183 .7544551E-11
1184 .7547423E-11
1185 .7550302E-11
1186 .7553175E-11
1187 .7556051E-11
1188 .7558928E-11
1189 .7561806E-11
1190 .7564682E-11
1191 .7567564E-11
1192 .7570447E-11
1193 .7573335E-11
1194 .7576220E-11
1195 .7579108E-11
1196 .7581998E-11
1197 .7584892E-11
1198 .7587783E-11
1199 .7590676E-11
1200 .7593573E-11
1201 .7596476E-11
1202 .7599379E-11
1203 .7602286E-11
1204 .7605186E-11
1205 .7608104E-11
1206 .7611019E-11
1207 .7613930E-11
1208 .7616849E-11
1209 .7619777E-11
1210 .7622703E-11
1211 .7625631E-11
1212 .7628577E-11
1213 .7631503E-11
1214 .7634454E-11
1215 .7637394E-11
1216 .7640351E-11
1217 .7643296E-11
1218 .7646260E-11
1219 .7649218E-11
1220 .7652189E-11
1221 .7655163E-11
1222 .7658140E-11
1223 .7661121E-11
1224 .7664113E-11
1225 .7667102E-11
1226 .7670095E-11
1227 .7673099E-11
1228 .7676107E-11
1229 .7679128E-11
1230 .7682145E-11
1231 .7685166E-11
1232 .7688192E-11
1233 .7691231E-11
1234 .7694282E-11
1235 .7697330E-11
1236 .7700383E-11
1237 .7703441E-11
1238 .7706512E-11
1239 .7709588E-11
1240 .7712678E-11
1241 .7715765E-11
1242 .7718857E-11
1243 .7721949E-11
1244 .7725068E-11
1245 .7728186E-11
1246 .7731317E-11
1247 .7734447E-11
1248 .7737590E-11
1249 .7740740E-11
1250 .7743897E-11
1251 .7748281E-11
1252 .7752671E-11
1253 .7757076E-11
1254 .7761480E-11
1255 .7765898E-11
1256 .7770323E-11
1257 .7774748E-11
1258 .7779186E-11
1259 .7783625E-11
1260 .7788071E-11
1261 .7792540E-11
1262 .7797001E-11
1263 .7801485E-11
1264 .7805961E-11
1265 .7810453E-11
1266 .7814952E-11
1267 .7819468E-11
1268 .7823984E-11
1269 .7828509E-11
1270 .7833049E-11
1271 .7837598E-11
1272 .7842148E-11
1273 .7846715E-11
1274 .7851298E-11
1275 .7855875E-11
1276 .7860468E-11
1277 .7865071E-11
1278 .7869683E-11
1279 .7874305E-11
1280 .7878936E-11
1281 .7883584E-11
1282 .7888243E-11
1283 .7892903E-11
1284 .7897581E-11
1285 .7902270E-11
1286 .7906968E-11
1287 .7911677E-11
1288 .7916395E-11
1289 .7921132E-11
1290 .7925870E-11
1291 .7930619E-11
1292 .7935392E-11
1293 .7940160E-11
1294 .7944945E-11
1295 .7949732E-11
1296 .7954536E-11
1297 .7959357E-11
1298 .7964180E-11
1299 .7969019E-11
1300 .7973868E-11
1301 .7978719E-11
1302 .7983578E-11
1303 .7988462E-11
1304 .7993347E-11
1305 .7998241E-11
1306 .8003151E-11
1307 .8008063E-11
1308 .8012982E-11
1309 .8017919E-11
1310 .8022871E-11
1311 .8027824E-11
1312 .8032786E-11
1313 .8037755E-11
1314 .8042740E-11
1315 .8047727E-11
1316 .8052729E-11
1317 .8057746E-11
1318 .8062756E-11
1319 .8067782E-11
1320 .8072822E-11
1321 .8077871E-11
1322 .8082927E-11
1323 .8087983E-11
1324 .8093054E-11
1325 .8098140E-11
1326 .8103225E-11
1327 .8108319E-11
1328 .8113434E-11
1329 .8118541E-11
1330 .8123663E-11
1331 .8128791E-11
1332 .8133927E-11
1333 .8139077E-11
1334 .8144234E-11
1335 .8149397E-11
1336 .8154566E-11
1337 .8159750E-11
1338 .8164933E-11
1339 .8170122E-11
1340 .8175324E-11
1341 .8180540E-11
1342 .8185748E-11
1343 .8190976E-11
1344 .8196203E-11
1345 .8201443E-11
1346 .8206696E-11
1347 .8211940E-11
1348 .8217197E-11
1349 .8222467E-11
1350 .8227735E-11
1351 .8233016E-11
1352 .8238302E-11
1353 .8243601E-11
1354 .8248904E-11
1355 .8254205E-11
1356 .8259519E-11
1357 .8264830E-11
1358 .8270168E-11
1359 .8275496E-11
1360 .8280836E-11
1361 .8286189E-11
1362 .8291530E-11
1363 .8296883E-11
1364 .8302248E-11
1365 .8307617E-11
1366 .8312983E-11
1367 .8318367E-11
1368 .8323756E-11
1369 .8329141E-11
1370 .8334544E-11
1371 .8365035E-11
1372 .8395559E-11
1373 .8426140E-11
1374 .8456731E-11
1375 .8487379E-11
1376 .8518060E-11
1377 .8548782E-11
1378 .8579539E-11
1379 .8610336E-11
1380 .8641159E-11
1381 .8672023E-11
1382 .8702944E-11
1383 .8733891E-11
1384 .8764872E-11
1385 .8795878E-11
1386 .8826941E-11
1387 .8858045E-11
1388 .8889167E-11
1389 .8920331E-11
1390 .8951543E-11
1391 .8982781E-11
1392 .9014052E-11
1393 .9045372E-11
1394 .9076741E-11
1395 .9108113E-11
1396 .9139552E-11
1397 .9171005E-11
1398 .9202492E-11
1399 .9234027E-11
1400 .9265599E-11
1401 .9297201E-11
1402 .9328843E-11
1403 .9360530E-11
1404 .9392248E-11
1405 .9423997E-11
1406 .9455782E-11
1407 .9487614E-11
1408 .9519466E-11
1409 .9551370E-11
1410 .9583303E-11
1411 .9615270E-11
1412 .9647274E-11
1413 .9679301E-11
1414 .9711376E-11
1415 .9743486E-11
1416 .9775637E-11
1417 .9807813E-11
1418 .9840017E-11
1419 .9872276E-11
1420 .9904563E-11
1421 .9936877E-11
1422 .9969217E-11
1423 .1000161E-10
1424 .1003403E-10
1425 .1006649E-10
1426 .1009898E-10
1427 .1013149E-10
1428 .1016408E-10
1429 .1019665E-10
1430 .1022929E-10
1431 .1026194E-10
1432 .1029464E-10
1433 .1032736E-10
1434 .1036013E-10
1435 .1039290E-10
1436 .1042575E-10
1437 .1045860E-10
1438 .1049149E-10
1439 .1052443E-10
1440 .1055738E-10
1441 .1059036E-10
1442 .1062340E-10
1443 .1065645E-10
1444 .1068953E-10
1445 .1072265E-10
1446 .1075580E-10
1447 .1078898E-10
1448 .1082220E-10
1449 .1085545E-10
1450 .1088872E-10
1451 .1092203E-10
1452 .1095536E-10
1453 .1098876E-10
1454 .1102215E-10
1455 .1105559E-10
1456 .1108905E-10
1457 .1112254E-10
1458 .1115605E-10
1459 .1118961E-10
1460 .1122318E-10
1461 .1125680E-10
1462 .1129046E-10
1463 .1132412E-10
1464 .1135783E-10
1465 .1139156E-10
1466 .1142531E-10
1467 .1145910E-10
1468 .1149291E-10
1469 .1152676E-10
1470 .1156064E-10
1471 .1159453E-10
1472 .1162846E-10
1473 .1166243E-10
1474 .1169641E-10
1475 .1173042E-10
1476 .1176445E-10
1477 .1179852E-10
1478 .1183262E-10
1479 .1186672E-10
1480 .1190088E-10
1481 .1193506E-10
1482 .1196924E-10
1483 .1200347E-10
1484 .1203772E-10
1485 .1207201E-10
1486 .1210631E-10
1487 .1214064E-10
1488 .1217499E-10
1489 .1220936E-10
1490 .1224377E-10
1491 .1227819E-10
1492 .1231265E-10
1493 .1234712E-10
1494 .1238163E-10
1495 .1241617E-10
1496 .1245072E-10
1497 .1248531E-10
1498 .1251990E-10
1499 .1255453E-10
1500 .1258917E-10
1501 .1259662E-10
1502 .1260403E-10
1503 .1261146E-10
1504 .1261886E-10
1505 .1262626E-10
1506 .1263366E-10
1507 .1264102E-10
1508 .1264840E-10
1509 .1265576E-10
1510 .1266312E-10
1511 .1267048E-10
1512 .1267783E-10
1513 .1268516E-10
1514 .1269248E-10
1515 .1269979E-10
1516 .1270711E-10
1517 .1271442E-10
1518 .1272168E-10
1519 .1272897E-10
1520 .1273624E-10
1521 .1274351E-10
1522 .1275077E-10
1523 .1275800E-10
1524 .1276524E-10
1525 .1277246E-10
1526 .1277969E-10
1527 .1278690E-10
1528 .1279409E-10
1529 .1280129E-10
1530 .1280844E-10
1531 .1281561E-10
1532 .1282279E-10
1533 .1282992E-10
1534 .1283707E-10
1535 .1284420E-10
1536 .1285133E-10
1537 .1285843E-10
1538 .1286555E-10
1539 .1287263E-10
1540 .1287971E-10
1541 .1288680E-10
1542 .1289386E-10
1543 .1290089E-10
1544 .1290794E-10
1545 .1291498E-10
1546 .1292199E-10
1547 .1292900E-10
1548 .1293601E-10
1549 .1294300E-10
1550 .1294997E-10
1551 .1295693E-10
1552 .1296390E-10
1553 .1297083E-10
1554 .1297778E-10
1555 .1298471E-10
1556 .1299163E-10
1557 .1299853E-10
1558 .1300542E-10
1559 .1301230E-10
1560 .1301917E-10
1561 .1302603E-10
1562 .1303287E-10
1563 .1303973E-10
1564 .1304654E-10
1565 .1305337E-10
1566 .1306017E-10
1567 .1306695E-10
1568 .1307374E-10
1569 .1308051E-10
1570 .1308726E-10
1571 .1309402E-10
1572 .1310075E-10
1573 .1310746E-10
1574 .1311417E-10
1575 .1312088E-10
1576 .1312755E-10
1577 .1313423E-10
1578 .1314089E-10
1579 .1314753E-10
1580 .1315417E-10
1581 .1316080E-10
1582 .1316742E-10
1583 .1317401E-10
1584 .1318060E-10
1585 .1318717E-10
1586 .1319376E-10
1587 .1320029E-10
1588 .1320684E-10
1589 .1321336E-10
1590 .1321987E-10
1591 .1322638E-10
1592 .1323285E-10
1593 .1323933E-10
1594 .1324579E-10
1595 .1325225E-10
1596 .1325867E-10
1597 .1326511E-10
1598 .1327151E-10
1599 .1327790E-10
1600 .1328429E-10
1601 .1329065E-10
1602 .1329700E-10
1603 .1330334E-10
1604 .1330967E-10
1605 .1331598E-10
1606 .1332230E-10
1607 .1332858E-10
1608 .1333484E-10
1609 .1334109E-10
1610 .1334735E-10
1611 .1335357E-10
1612 .1335979E-10
1613 .1336599E-10
1614 .1337220E-10
1615 .1337836E-10
1616 .1338452E-10
1617 .1339066E-10
1618 .1339680E-10
1619 .1340291E-10
1620 .1340902E-10
1621 .1341510E-10
1622 .1342116E-10
1623 .1342724E-10
1624 .1343327E-10
1625 .1343928E-10
1626 .1343957E-10
1627 .1343987E-10
1628 .1344014E-10
1629 .1344039E-10
1630 .1344065E-10
1631 .1344089E-10
1632 .1344113E-10
1633 .1344134E-10
1634 .1344158E-10
1635 .1344178E-10
1636 .1344198E-10
1637 .1344217E-10
1638 .1344236E-10
1639 .1344253E-10
1640 .1344270E-10
1641 .1344285E-10
1642 .1344300E-10
1643 .1344314E-10
1644 .1344328E-10
1645 .1344337E-10
1646 .1344348E-10
1647 .1344359E-10
1648 .1344368E-10
1649 .1344375E-10
1650 .1344381E-10
1651 .1344389E-10
1652 .1344392E-10
1653 .1344398E-10
1654 .1344400E-10
1655 .1344401E-10
1656 .1344403E-10
1657 .1344402E-10
1658 .1344400E-10
1659 .1344399E-10
1660 .1344394E-10
1661 .1344391E-10
1662 .1344386E-10
1663 .1344379E-10
1664 .1344371E-10
1665 .1344363E-10
1666 .1344354E-10
1667 .1344343E-10
1668 .1344331E-10
1669 .1344317E-10
1670 .1344302E-10
1671 .1344288E-10
1672 .1344272E-10
1673 .1344253E-10
1674 .1344235E-10
1675 .1344216E-10
1676 .1344193E-10
1677 .1344173E-10
1678 .1344150E-10
1679 .1344126E-10
1680 .1344099E-10
1681 .1344074E-10
1682 .1344046E-10
1683 .1344016E-10
1684 .1343988E-10
1685 .1343954E-10
1686 .1343924E-10
1687 .1343889E-10
1688 .1343855E-10
1689 .1343819E-10
1690 .1343783E-10
1691 .1343744E-10
1692 .1343705E-10
1693 .1343664E-10
1694 .1343623E-10
1695 .1343580E-10
1696 .1343537E-10
1697 .1343492E-10
1698 .1343446E-10
1699 .1343400E-10
1700 .1343352E-10
1701 .1343303E-10
1702 .1343253E-10
1703 .1343201E-10
1704 .1343151E-10
1705 .1343097E-10
1706 .1343044E-10
1707 .1342988E-10
1708 .1342932E-10
1709 .1342875E-10
1710 .1342816E-10
1711 .1342757E-10
1712 .1342697E-10
1713 .1342635E-10
1714 .1342573E-10
1715 .1342511E-10
1716 .1342446E-10
1717 .1342380E-10
1718 .1342314E-10
1719 .1342247E-10
1720 .1342180E-10
1721 .1342111E-10
1722 .1342040E-10
1723 .1341968E-10
1724 .1341898E-10
1725 .1341825E-10
1726 .1341751E-10
1727 .1341677E-10
1728 .1341601E-10
1729 .1341525E-10
1730 .1341447E-10
1731 .1341369E-10
1732 .1341291E-10
1733 .1341210E-10
1734 .1341130E-10
1735 .1341047E-10
1736 .1340964E-10
1737 .1340882E-10
1738 .1340798E-10
1739 .1340711E-10
1740 .1340625E-10
1741 .1340539E-10
1742 .1340450E-10
1743 .1340363E-10
1744 .1340272E-10
1745 .1340185E-10
1746 .1340091E-10
1747 .1340000E-10
1748 .1339907E-10
1749 .1339814E-10
1750 .1339720E-10
1751 .1339625E-10
1752 .1339527E-10
1753 .1339434E-10
1754 .1339335E-10
1755 .1339237E-10
1756 .1339139E-10
1757 .1339039E-10
1758 .1338937E-10
1759 .1338837E-10
1760 .1338735E-10
1761 .1338632E-10
1762 .1338528E-10
1763 .1338424E-10
1764 .1338320E-10
1765 .1338215E-10
1766 .1338109E-10
1767 .1338002E-10
1768 .1337893E-10
1769 .1337785E-10
1770 .1337679E-10
1771 .1337567E-10
1772 .1337458E-10
1773 .1337346E-10
1774 .1337234E-10
1775 .1337121E-10
1776 .1337008E-10
1777 .1336896E-10
1778 .1336780E-10
1779 .1336665E-10
1780 .1336549E-10
1781 .1336432E-10
1782 .1336318E-10
1783 .1336199E-10
1784 .1336083E-10
1785 .1335963E-10
1786 .1335844E-10
1787 .1335724E-10
1788 .1335603E-10
1789 .1335483E-10
1790 .1335361E-10
1791 .1335238E-10
1792 .1335117E-10
1793 .1334993E-10
1794 .1334869E-10
1795 .1334747E-10
1796 .1334620E-10
1797 .1334495E-10
1798 .1334370E-10
1799 .1334241E-10
1800 .1334115E-10
1801 .1329594E-10
1802 .1325072E-10
1803 .1320551E-10
1804 .1316031E-10
1805 .1311510E-10
1806 .1306991E-10
1807 .1302472E-10
1808 .1297953E-10
1809 .1293435E-10
1810 .1288916E-10
1811 .1284399E-10
1812 .1279880E-10
1813 .1275364E-10
1814 .1270847E-10
1815 .1266332E-10
1816 .1261815E-10
1817 .1257300E-10
1818 .1252786E-10
1819 .1248271E-10
1820 .1243760E-10
1821 .1239245E-10
1822 .1234733E-10
1823 .1230219E-10
1824 .1225710E-10
1825 .1221199E-10
1826 .1216688E-10
1827 .1212178E-10
1828 .1207670E-10
1829 .1203160E-10
1830 .1198653E-10
1831 .1194146E-10
1832 .1189640E-10
1833 .1185134E-10
1834 .1180628E-10
1835 .1176120E-10
1836 .1171617E-10
1837 .1167114E-10
1838 .1162610E-10
1839 .1158109E-10
1840 .1153608E-10
1841 .1149106E-10
1842 .1144605E-10
1843 .1140106E-10
1844 .1135608E-10
1845 .1131110E-10
1846 .1126611E-10
1847 .1122116E-10
1848 .1117620E-10
1849 .1113125E-10
1850 .1108630E-10
1851 .1104138E-10
1852 .1099645E-10
1853 .1095152E-10
1854 .1090661E-10
1855 .1086169E-10
1856 .1081680E-10
1857 .1077191E-10
1858 .1072705E-10
1859 .1068217E-10
1860 .1063730E-10
1861 .1059245E-10
1862 .1054760E-10
1863 .1050275E-10
1864 .1045793E-10
1865 .1041311E-10
1866 .1036829E-10
1867 .1032349E-10
1868 .1027868E-10
1869 .1023391E-10
1870 .1018912E-10
1871 .1014436E-10
1872 .1009958E-10
1873 .1005483E-10
1874 .1001009E-10
1875 .9965370E-11
1876 .9920629E-11
1877 .9875902E-11
1878 .9831219E-11
1879 .9786509E-11
1880 .9741822E-11
1881 .9697149E-11
1882 .9652479E-11
1883 .9607817E-11
1884 .9563158E-11
1885 .9518518E-11
1886 .9473881E-11
1887 .9429272E-11
1888 .9384654E-11
1889 .9340049E-11
1890 .9295447E-11
1891 .9250879E-11
1892 .9206299E-11
1893 .9161730E-11
1894 .9117188E-11
1895 .9072648E-11
1896 .9028113E-11
1897 .8983580E-11
1898 .8939066E-11
1899 .8894564E-11
1900 .8850065E-11
1901 .8805579E-11
1902 .8761119E-11
1903 .8716655E-11
1904 .8672194E-11
1905 .8627753E-11
1906 .8583323E-11
1907 .8538906E-11
1908 .8494492E-11
1909 .8450090E-11
1910 .8405692E-11
1911 .8361313E-11
1912 .8316947E-11
1913 .8272592E-11
1914 .8228234E-11
1915 .8183904E-11
1916 .8139569E-11
1917 .8095255E-11
1918 .8050945E-11
1919 .8006655E-11
1920 .7962374E-11
1921 .7918094E-11
1922 .7873828E-11
1923 .7829574E-11
1924 .7785333E-11
1925 .7741103E-11
1926 .7696881E-11
1927 .7652670E-11
1928 .7608474E-11
1929 .7564282E-11
1930 .7520107E-11
1931 .7475941E-11
1932 .7431783E-11
1933 .7387638E-11
1934 .7343505E-11
1935 .7299384E-11
1936 .7255267E-11
1937 .7211162E-11
1938 .7167074E-11
1939 .7122994E-11
1940 .7078923E-11
1941 .7034864E-11
1942 .6990824E-11
1943 .6946785E-11
1944 .6902760E-11
1945 .6858745E-11
1946 .6814743E-11
1947 .6770748E-11
1948 .6726769E-11
1949 .6682800E-11
1950 .6638842E-11
1951 .6594889E-11
1952 .6550955E-11
1953 .6507026E-11
1954 .6463109E-11
1955 .6419207E-11
1956 .6375314E-11
1957 .6331429E-11
1958 .6287555E-11
1959 .6243695E-11
1960 .6199843E-11
1961 .6156008E-11
1962 .6112179E-11
1963 .6068366E-11
1964 .6024552E-11
1965 .5980754E-11
1966 .5936969E-11
1967 .5893194E-11
1968 .5849430E-11
1969 .5805675E-11
1970 .5761932E-11
1971 .5718199E-11
1972 .5674478E-11
1973 .5630766E-11
1974 .5587068E-11
1975 .5543375E-11
1976 .5499698E-11
1977 .5456029E-11
1978 .5412365E-11
1979 .5368719E-11
1980 .5325079E-11
1981 .5281449E-11
1982 .5237829E-11
1983 .5194226E-11
1984 .5150625E-11
1985 .5107039E-11
1986 .5063460E-11
1987 .5019892E-11
1988 .4976337E-11
1989 .4932788E-11
1990 .4889253E-11
1991 .4845721E-11
1992 .4802203E-11
1993 .4758695E-11
1994 .4715199E-11
1995 .4671709E-11
1996 .4628230E-11
1997 .4584764E-11
1998 .4541305E-11
1999 .4497854E-11
2000 .4454413E-11
2001 .4410986E-11
2002 .4367566E-11
2003 .4324157E-11
2004 .4280753E-11
2005 .4237358E-11
2006 .4193980E-11
2007 .4150608E-11
2008 .4107241E-11
2009 .4063886E-11
2010 .4020540E-11
2011 .4020163E-11
2012 .4019784E-11
2013 .4019405E-11
2014 .4019028E-11
2015 .4018656E-11
2016 .4018285E-11
2017 .4017913E-11
2018 .4017541E-11
2019 .4017172E-11
2020 .4016801E-11
2021 .4016429E-11
2022 .4016064E-11
2023 .4015700E-11
2024 .4015336E-11
2025 .4014970E-11
2026 .4014611E-11
2027 .4014248E-11
2028 .4013890E-11
2029 .4013530E-11
2030 .4013171E-11
2031 .4012820E-11
2032 .4012464E-11
2033 .4012112E-11
2034 .4011757E-11
2035 .4011407E-11
2036 .4011059E-11
2037 .4010709E-11
2038 .4010362E-11
2039 .4010015E-11
2040 .4009667E-11
2041 .4009325E-11
2042 .4008984E-11
2043 .4008643E-11
2044 .4008301E-11
2045 .4007964E-11
2046 .4007625E-11
2047 .4007291E-11
2048 .4006958E-11
2049 .4006619E-11
2050 .4006289E-11
2051 .4005959E-11
2052 .4005632E-11
2053 .4005299E-11
2054 .4004970E-11
2055 .4004648E-11
2056 .4004321E-11
2057 .4003998E-11
2058 .4003675E-11
2059 .4003353E-11
2060 .4003035E-11
2061 .4002717E-11
2062 .4002400E-11
2063 .4002084E-11
2064 .4001771E-11
2065 .4001457E-11
2066 .4001140E-11
2067 .4000834E-11
2068 .4000522E-11
2069 .4000216E-11
2070 .3999909E-11
2071 .3999601E-11
2072 .3999298E-11
2073 .3998997E-11
2074 .3998698E-11
2075 .3998397E-11
2076 .3998097E-11
2077 .3997799E-11
2078 .3997500E-11
2079 .3997211E-11
2080 .3996915E-11
2081 .3996623E-11
2082 .3996332E-11
2083 .3996044E-11
2084 .3995753E-11
2085 .3995466E-11
2086 .3995183E-11
2087 .3994899E-11
2088 .3994615E-11
2089 .3994333E-11
2090 .3994054E-11
2091 .3993775E-11
2092 .3993499E-11
2093 .3993223E-11
2094 .3992950E-11
2095 .3992678E-11
2096 .3992404E-11
2097 .3992135E-11
2098 .3991867E-11
2099 .3991598E-11
2100 .3991332E-11
2101 .3991068E-11
2102 .3990808E-11
2103 .3990540E-11
2104 .3990280E-11
2105 .3990020E-11
2106 .3989763E-11
2107 .3989507E-11
2108 .3989255E-11
2109 .3989002E-11
2110 .3988750E-11
2111 .3988500E-11
2112 .3988253E-11
2113 .3988005E-11
2114 .3987755E-11
2115 .3987511E-11
2116 .3987266E-11
2117 .3987028E-11
2118 .3986785E-11
2119 .3986547E-11
2120 .3986308E-11
2121 .3986073E-11
2122 .3985836E-11
2123 .3985606E-11
2124 .3985376E-11
2125 .3985142E-11
2126 .3984914E-11
2127 .3984685E-11
2128 .3984462E-11
2129 .3984237E-11
2130 .3984013E-11
2131 .3983793E-11
2132 .3983573E-11
2133 .3983356E-11
2134 .3983135E-11
2135 .3982921E-11
2136 .3982709E-11
2137 .3982494E-11
2138 .3982282E-11
2139 .3982072E-11
2140 .3981866E-11
2141 .3981663E-11
2142 .3981455E-11
2143 .3981254E-11
2144 .3981048E-11
2145 .3980847E-11
2146 .3980652E-11
2147 .3980454E-11
2148 .3980258E-11
2149 .3980062E-11
2150 .3979869E-11
2151 .3979680E-11
2152 .3979490E-11
2153 .3979300E-11
2154 .3979114E-11
2155 .3978929E-11
2156 .3978748E-11
2157 .3978568E-11
2158 .3978385E-11
2159 .3978206E-11
2160 .3978027E-11
2161 .3977852E-11
2162 .3977680E-11
2163 .3977506E-11
2164 .3977334E-11
2165 .3977167E-11
2166 .3976998E-11
2167 .3976833E-11
2168 .3976667E-11
2169 .3976506E-11
2170 .3976341E-11
2171 .3976186E-11
2172 .3976026E-11
2173 .3975866E-11
2174 .3975712E-11
2175 .3975560E-11
2176 .3975408E-11
2177 .3975256E-11
2178 .3975109E-11
2179 .3974964E-11
2180 .3974814E-11
2181 .3974671E-11
2182 .3974528E-11
2183 .3974388E-11
2184 .3974249E-11
2185 .3974115E-11
2186 .3973979E-11
2187 .3973842E-11
2188 .3973714E-11
2189 .3973584E-11
2190 .3973454E-11
2191 .3973325E-11
2192 .3973198E-11
2193 .3973076E-11
2194 .3972954E-11
2195 .3972834E-11
2196 .3972715E-11
2197 .3972596E-11
2198 .3972482E-11
2199 .3972363E-11
2200 .3972255E-11
2201 .3972141E-11
2202 .3972033E-11
2203 .3971928E-11
2204 .3971822E-11
2205 .3971716E-11
2206 .3971617E-11
2207 .3971515E-11
2208 .3971416E-11
2209 .3971319E-11
2210 .3971222E-11
2211 .3971126E-11
2212 .3971034E-11
2213 .3970950E-11
2214 .3970857E-11
2215 .3970770E-11
2216 .3970690E-11
2217 .3970603E-11
2218 .3970522E-11
2219 .3970445E-11
2220 .3970363E-11
2221 .3970287E-11
2222 .3970213E-11
2223 .3970141E-11
2224 .3970070E-11
2225 .3970000E-11
2226 .3969932E-11
2227 .3969864E-11
2228 .3969802E-11
2229 .3969740E-11
2230 .3969679E-11
2231 .3969617E-11
2232 .3969560E-11
2233 .3969509E-11
2234 .3969454E-11
2235 .3969403E-11
2236 .3969353E-11
2237 .3969305E-11
2238 .3969258E-11
2239 .3969214E-11
2240 .3969170E-11
2241 .3969132E-11
2242 .3969092E-11
2243 .3969053E-11
2244 .3969018E-11
2245 .3968982E-11
2246 .3968949E-11
2247 .3968921E-11
2248 .3968892E-11
2249 .3968863E-11
2250 .3968836E-11
2251 .3968817E-11
2252 .3968795E-11
2253 .3968772E-11
2254 .3968753E-11
2255 .3968736E-11
2256 .3968721E-11
2257 .3968707E-11
2258 .3968697E-11
2259 .3968687E-11
2260 .3968678E-11
2261 .3968670E-11
2262 .3968665E-11
2263 .3968662E-11
2264 .3968658E-11
2265 .3968661E-11
2266 .3968661E-11
2267 .3968667E-11
2268 .3968667E-11
2269 .3968673E-11
2270 .3968683E-11
2271 .3968689E-11
2272 .3968699E-11
2273 .3968712E-11
2274 .3968729E-11
2275 .3968742E-11
2276 .3968760E-11
2277 .3968778E-11
2278 .3968799E-11
2279 .3968819E-11
2280 .3968840E-11
2281 .3968867E-11
2282 .3968888E-11
2283 .3968917E-11
2284 .3968949E-11
2285 .3968982E-11
2286 .3969014E-11
2287 .3969045E-11
2288 .3969083E-11
2289 .3969116E-11
2290 .3969156E-11
2291 .3969191E-11
2292 .3969236E-11
2293 .3969276E-11
2294 .3969318E-11
2295 .3969363E-11
2296 .3969410E-11
2297 .3969459E-11
2298 .3969507E-11
2299 .3969560E-11
2300 .3969612E-11
2301 .3969668E-11
2302 .3969721E-11
2303 .3969776E-11
2304 .3969834E-11
2305 .3969894E-11
2306 .3969951E-11
2307 .3970016E-11
2308 .3970079E-11
2309 .3970139E-11
2310 .3970210E-11
2311 .3970275E-11
2312 .3970343E-11
2313 .3970412E-11
2314 .3970483E-11
2315 .3970554E-11
2316 .3970630E-11
2317 .3970706E-11
2318 .3970781E-11
2319 .3970860E-11
2320 .3970934E-11
2321 .3971014E-11
2322 .3971094E-11
2323 .3971177E-11
2324 .3971263E-11
2325 .3971346E-11
2326 .3971433E-11
2327 .3971521E-11
2328 .3971609E-11
2329 .3971698E-11
2330 .3971791E-11
2331 .3971881E-11
2332 .3971975E-11
2333 .3972069E-11
2334 .3972165E-11
2335 .3972261E-11
2336 .3972365E-11
2337 .3972456E-11
2338 .3972562E-11
2339 .3972662E-11
2340 .3972762E-11
2341 .3972868E-11
2342 .3972973E-11
2343 .3973081E-11
2344 .3973182E-11
2345 .3973295E-11
2346 .3973404E-11
2347 .3973514E-11
2348 .3973625E-11
2349 .3973738E-11
2350 .3973853E-11
2351 .3973968E-11
2352 .3974084E-11
2353 .3974194E-11
2354 .3974317E-11
2355 .3974436E-11
2356 .3974559E-11
2357 .3974677E-11
2358 .3974802E-11
2359 .3974924E-11
2360 .3975047E-11
2361 .3975172E-11
2362 .3975299E-11
2363 .3975428E-11
2364 .3975553E-11
2365 .3975686E-11
2366 .3975810E-11
2367 .3975945E-11
2368 .3976077E-11
2369 .3976212E-11
2370 .3976345E-11
2371 .3976481E-11
2372 .3976613E-11
2373 .3976752E-11
2374 .3976889E-11
2375 .3977027E-11
2376 .3977169E-11
2377 .3977309E-11
2378 .3977450E-11
2379 .3977592E-11
2380 .3977734E-11
2381 .3977878E-11
2382 .3978024E-11
2383 .3978170E-11
2384 .3978316E-11
2385 .3978466E-11
2386 .3978614E-11
2387 .3978766E-11
2388 .3978913E-11
2389 .3979063E-11
2390 .3979214E-11
2391 .3979367E-11
2392 .3979521E-11
2393 .3979676E-11
2394 .3979830E-11
2395 .3979988E-11
2396 .3980144E-11
2397 .3980300E-11
2398 .3980457E-11
2399 .3980616E-11
2400 .3980778E-11
2401 .3980937E-11
2402 .3981099E-11
2403 .3981261E-11
2404 .3981423E-11
2405 .3981590E-11
2406 .3981752E-11
2407 .3981916E-11
2408 .3982080E-11
2409 .3982248E-11
2410 .3982416E-11
2411 .3982584E-11
2412 .3982751E-11
2413 .3982924E-11
2414 .3983090E-11
2415 .3983263E-11
2416 .3983432E-11
2417 .3983605E-11
2418 .3983775E-11
2419 .3983948E-11
2420 .3984121E-11
2421 .3984297E-11
2422 .3984472E-11
2423 .3984650E-11
2424 .3984828E-11
2425 .3985003E-11
2426 .3985177E-11
2427 .3985357E-11
2428 .3985536E-11
2429 .3985716E-11
2430 .3985895E-11
2431 .3986075E-11
2432 .3986257E-11
2433 .3986439E-11
2434 .3986619E-11
2435 .3986804E-11
2436 .3986986E-11
2437 .3987170E-11
2438 .3987354E-11
2439 .3987538E-11
2440 .3987723E-11
2441 .3987910E-11
2442 .3988094E-11
2443 .3988283E-11
2444 .3988471E-11
2445 .3988662E-11
2446 .3988846E-11
2447 .3989036E-11
2448 .3989224E-11
2449 .3989415E-11
2450 .3989606E-11
2451 .3989796E-11
2452 .3989985E-11
2453 .3990179E-11
2454 .3990368E-11
2455 .3990561E-11
2456 .3990757E-11
2457 .3990949E-11
2458 .3991143E-11
2459 .3991340E-11
2460 .3991533E-11
2461 .3991728E-11
2462 .3991919E-11
2463 .3992118E-11
2464 .3992312E-11
2465 .3992507E-11
2466 .3992707E-11
2467 .3992904E-11
2468 .3993101E-11
2469 .3993298E-11
2470 .3993496E-11
2471 .3993693E-11
2472 .3993894E-11
2473 .3994092E-11
2474 .3994291E-11
2475 .3994492E-11
2476 .3994692E-11
2477 .3994890E-11
2478 .3995093E-11
2479 .3995295E-11
2480 .3995493E-11
2481 .3995694E-11
2482 .3995897E-11
2483 .3996099E-11
2484 .3996297E-11
2485 .3996502E-11
2486 .3996704E-11
2487 .3996910E-11
2488 .3997111E-11
2489 .3997316E-11
2490 .3997519E-11
2491 .3997721E-11
2492 .3997926E-11
2493 .3998129E-11
2494 .3998331E-11
2495 .3998536E-11
2496 .3998740E-11
2497 .3998942E-11
2498 .3999149E-11
2499 .3999355E-11
2500 .3999562E-11
