100 .3735922E-15
101 .1440206E-14
102 .3880313E-14
103 .8576912E-14
104 .1666854E-13
105 .2955316E-13
106 .4887800E-13
107 .7651392E-13
108 .1145136E-12
109 .1650530E-12
110 .2303575E-12
111 .3126123E-12
112 .4138614E-12
113 .5358960E-12
114 .6801371E-12
115 .8475161E-12
116 .1038358E-11
117 .1252275E-11
118 .1488071E-11
119 .1743669E-11
120 .2016066E-11
121 .2301307E-11
122 .2594517E-11
123 .2889948E-11
124 .3181090E-11
125 .3460808E-11
126 .3722256E-11
127 .3961590E-11
128 .4176545E-11
129 .4365819E-11
130 .4529046E-11
131 .4666742E-11
132 .4780224E-11
133 .4871520E-11
134 .4943242E-11
135 .4998514E-11
136 .5040830E-11
137 .5074003E-11
138 .5101975E-11
139 .5127208E-11
140 .5150540E-11
141 .5172750E-11
142 .5194597E-11
143 .5216854E-11
144 .5240302E-11
145 .5265722E-11
146 .5293930E-11
147 .5325754E-11
148 .5362052E-11
149 .5403733E-11
150 .5451734E-11
151 .5506887E-11
152 .5569347E-11
153 .5639116E-11
154 .5716185E-11
155 .5800556E-11
156 .5892220E-11
157 .5991178E-11
158 .6097417E-11
159 .6210932E-11
160 .6331701E-11
161 .6459707E-11
162 .6594912E-11
163 .6737282E-11
164 .6886757E-11
165 .7043277E-11
166 .7206751E-11
167 .7377089E-11
168 .7554162E-11
169 .7737835E-11
170 .7927937E-11
171 .8124282E-11
172 .8326643E-11
173 .8534776E-11
174 .8748391E-11
175 .8967175E-11
176 .9190798E-11
177 .9419036E-11
178 .9651658E-11
179 .9888408E-11
180 .1012900E-10
181 .1037311E-10
182 .1062040E-10
183 .1087046E-10
184 .1112289E-10
185 .1137723E-10
186 .1163297E-10
187 .1188961E-10
188 .1214655E-10
189 .1240322E-10
190 .1265895E-10
191 .1291309E-10
192 .1316491E-10
193 .1341367E-10
194 .1365859E-10
195 .1389887E-10
196 .1413365E-10
197 .1436209E-10
198 .1458326E-10
199 .1479628E-10
200 .1500018E-10
201 .1519417E-10
202 .1537788E-10
203 .1555113E-10
204 .1571372E-10
205 .1586552E-10
206 .1600640E-10
207 .1613628E-10
208 .1625507E-10
209 .1636274E-10
210 .1645926E-10
211 .1654465E-10
212 .1661892E-10
213 .1668213E-10
214 .1673435E-10
215 .1677568E-10
216 .1680621E-10
217 .1682609E-10
218 .1683547E-10
219 .1683450E-10
220 .1682337E-10
221 .1680227E-10
222 .1677141E-10
223 .1673101E-10
224 .1668130E-10
225 .1662251E-10
226 .1655515E-10
227 .1648079E-10
228 .1640124E-10
229 .1631832E-10
230 .1623383E-10
231 .1614959E-10
232 .1606738E-10
233 .1598897E-10
234 .1591615E-10
235 .1585067E-10
236 .1579430E-10
237 .1574880E-10
238 .1571595E-10
239 .1569751E-10
240 .1569532E-10
241 .1571119E-10
242 .1574702E-10
243 .1580474E-10
244 .1588636E-10
245 .1599397E-10
246 .1612975E-10
247 .1629601E-10
248 .1649521E-10
249 .1672995E-10
250 .1700302E-10
251 .1459354E-10
252 .1617348E-10
253 .1845184E-10
254 .2295294E-10
255 .2641112E-10
256 .2764533E-10
257 .3276930E-10
258 .2940980E-10
259 .3402226E-10
260 .3579900E-10
261 .3240329E-10
262 .3315186E-10
263 .2885467E-10
264 .2288307E-10
265 .2242927E-10
266 .2010344E-10
267 .2059977E-10
268 .2388987E-10
269 .3649269E-10
270 .5664810E-10
271 .8140279E-10
272 .9725025E-10
273 .9934718E-10
274 .9858313E-10
275 .1033083E-09
276 .1020053E-09
277 .1052118E-09
278 .1020318E-09
279 .1176614E-09
280 .1172050E-09
281 .1147165E-09
282 .1147952E-09
283 .1092505E-09
284 .1017885E-09
285 .1066021E-09
286 .1049529E-09
287 .1072457E-09
288 .1075441E-09
289 .1135232E-09
290 .1289245E-09
291 .1375308E-09
292 .1511241E-09
293 .1574551E-09
294 .1616711E-09
295 .1671647E-09
296 .1608344E-09
297 .1563696E-09
298 .1543712E-09
299 .1495505E-09
300 .1380036E-09
301 .1334852E-09
302 .1237975E-09
303 .1257937E-09
304 .1306490E-09
305 .1298424E-09
306 .1311101E-09
307 .1263750E-09
308 .1331979E-09
309 .1328477E-09
310 .1173544E-09
311 .1205321E-09
312 .1335555E-09
313 .1312897E-09
314 .1367157E-09
315 .1361962E-09
316 .1413031E-09
317 .1445263E-09
318 .1606730E-09
319 .1638556E-09
320 .1758744E-09
321 .1649600E-09
322 .1612161E-09
323 .1447508E-09
324 .1410920E-09
325 .1351328E-09
326 .1270449E-09
327 .1226883E-09
328 .1174408E-09
329 .1136384E-09
330 .1184475E-09
331 .1170485E-09
332 .1266414E-09
333 .1254961E-09
334 .1283485E-09
335 .1261396E-09
336 .1256957E-09
337 .1296936E-09
338 .1288007E-09
339 .1307683E-09
340 .1370587E-09
341 .1373282E-09
342 .1524852E-09
343 .1621272E-09
344 .1617769E-09
345 .1639826E-09
346 .1545021E-09
347 .1593732E-09
348 .1592314E-09
349 .1583143E-09
350 .1513173E-09
351 .1598689E-09
352 .1674812E-09
353 .1811222E-09
354 .1949109E-09
355 .2062162E-09
356 .2079605E-09
357 .2069497E-09
358 .2144542E-09
359 .2141523E-09
360 .2229799E-09
361 .2222301E-09
362 .2249516E-09
363 .2163634E-09
364 .2044197E-09
365 .2088044E-09
366 .2172743E-09
367 .2373230E-09
368 .2569574E-09
369 .2833363E-09
370 .3157006E-09
371 .3377239E-09
372 .3491148E-09
373 .3555294E-09
374 .3422806E-09
375 .3189408E-09
376 .2998278E-09
377 .2673482E-09
378 .2297964E-09
379 .1893080E-09
380 .1626955E-09
381 .1395782E-09
382 .1264708E-09
383 .1134304E-09
384 .1202586E-09
385 .1277660E-09
386 .1474049E-09
387 .1731631E-09
388 .2127091E-09
389 .2466531E-09
390 .2790943E-09
391 .3028081E-09
392 .3406884E-09
393 .3590190E-09
394 .3934778E-09
395 .4145808E-09
396 .4382285E-09
397 .4578205E-09
398 .4809975E-09
399 .4969230E-09
400 .4835829E-09
401 .4713451E-09
402 .4371828E-09
403 .4213638E-09
404 .3765107E-09
405 .3587540E-09
406 .3289870E-09
407 .3247339E-09
408 .3086252E-09
409 .3026001E-09
410 .2938322E-09
411 .2795025E-09
412 .2636192E-09
413 .2580839E-09
414 .2503284E-09
415 .2504402E-09
416 .2481854E-09
417 .2432162E-09
418 .2451480E-09
419 .2521204E-09
420 .2571069E-09
421 .2607524E-09
422 .2763222E-09
423 .2670511E-09
424 .2691373E-09
425 .2739809E-09
426 .2844039E-09
427 .2718245E-09
428 .2794814E-09
429 .2797696E-09
430 .2787556E-09
431 .2953188E-09
432 .2884676E-09
433 .3047955E-09
434 .2963525E-09
435 .2958699E-09
436 .2999133E-09
437 .2768390E-09
438 .2452475E-09
439 .2276492E-09
440 .2170140E-09
441 .1931969E-09
442 .1811867E-09
443 .1657896E-09
444 .1611161E-09
445 .1590444E-09
446 .1586852E-09
447 .1632195E-09
448 .1677061E-09
449 .1761466E-09
450 .1875390E-09
451 .2007440E-09
452 .2126197E-09
453 .2363299E-09
454 .2521828E-09
455 .2727462E-09
456 .2985747E-09
457 .3154419E-09
458 .3523954E-09
459 .3749406E-09
460 .4158391E-09
461 .4303462E-09
462 .4437579E-09
463 .4462676E-09
464 .4645743E-09
465 .4725993E-09
466 .4688174E-09
467 .4609677E-09
468 .4288810E-09
469 .4038593E-09
470 .3435764E-09
471 .3248850E-09
472 .2818183E-09
473 .2541934E-09
474 .2289787E-09
475 .2164056E-09
476 .2029643E-09
477 .1896131E-09
478 .1832814E-09
479 .1935843E-09
480 .2009117E-09
481 .2077152E-09
482 .2165889E-09
483 .2263131E-09
484 .2371310E-09
485 .2412956E-09
486 .2381483E-09
487 .2365750E-09
488 .2352237E-09
489 .2369764E-09
490 .2440063E-09
491 .2547864E-09
492 .2716817E-09
493 .2922915E-09
494 .3281506E-09
495 .3435992E-09
496 .3536954E-09
497 .3600518E-09
498 .3508680E-09
499 .3345311E-09
500 .3150205E-09
501 .2898630E-09
502 .2679053E-09
503 .2337829E-09
504 .2219581E-09
505 .2135990E-09
506 .2096708E-09
507 .2053026E-09
508 .2027538E-09
509 .2017856E-09
510 .2021725E-09
511 .2051421E-09
512 .2065030E-09
513 .2017682E-09
514 .2004786E-09
515 .1984659E-09
516 .2011616E-09
517 .2067481E-09
518 .2209104E-09
519 .2336761E-09
520 .2459166E-09
521 .2401563E-09
522 .2554723E-09
523 .2933275E-09
524 .2923663E-09
525 .3091891E-09
526 .3018496E-09
527 .3156727E-09
528 .3659805E-09
529 .3724314E-09
530 .3473059E-09
531 .4038283E-09
532 .4029044E-09
533 .3929264E-09
534 .3851568E-09
535 .3840780E-09
536 .3613912E-09
537 .3633426E-09
538 .3582648E-09
539 .3329062E-09
540 .3846382E-09
541 .3765450E-09
542 .3521813E-09
543 .3429117E-09
544 .3970508E-09
545 .4223233E-09
546 .4277878E-09
547 .4962429E-09
548 .4863008E-09
549 .5044805E-09
550 .5420995E-09
551 .5570284E-09
552 .5561916E-09
553 .4962959E-09
554 .5133437E-09
555 .5086833E-09
556 .4950689E-09
557 .4921743E-09
558 .4366800E-09
559 .4191973E-09
560 .3948158E-09
561 .3534974E-09
562 .3265462E-09
563 .3106577E-09
564 .2886679E-09
565 .2561553E-09
566 .2332613E-09
567 .1927537E-09
568 .1827022E-09
569 .1698733E-09
570 .1799193E-09
571 .1724626E-09
572 .1766029E-09
573 .1862176E-09
574 .1827148E-09
575 .1922840E-09
576 .1870178E-09
577 .2165404E-09
578 .2525810E-09
579 .2613260E-09
580 .2968155E-09
581 .3185671E-09
582 .3476489E-09
583 .3517971E-09
584 .3703472E-09
585 .3632070E-09
586 .3972759E-09
587 .3924724E-09
588 .3509623E-09
589 .2382036E-09
590 .3319935E-09
591 .3524244E-09
592 .3620748E-09
593 .3031491E-09
594 .2952833E-09
595 .2851423E-09
596 .2758646E-09
597 .2543745E-09
598 .2570863E-09
599 .2555659E-09
600 .2219973E-09
601 .2347243E-09
602 .2324945E-09
603 .2350982E-09
604 .2330405E-09
605 .2507800E-09
606 .2701048E-09
607 .2610230E-09
608 .2736164E-09
609 .2592998E-09
610 .2625343E-09
611 .2597669E-09
612 .2480137E-09
613 .2438708E-09
614 .2733566E-09
615 .2621467E-09
616 .2494346E-09
617 .2246630E-09
618 .2390357E-09
619 .2549632E-09
620 .2454076E-09
621 .2343874E-09
622 .2579977E-09
623 .2547401E-09
624 .2436922E-09
625 .2657288E-09
626 .2478770E-09
627 .2299289E-09
628 .2245440E-09
629 .2150069E-09
630 .2086788E-09
631 .2050028E-09
632 .2034969E-09
633 .2067754E-09
634 .2147414E-09
635 .2232468E-09
636 .2299326E-09
637 .2413054E-09
638 .2493967E-09
639 .2657805E-09
640 .2841605E-09
641 .3030506E-09
642 .3245577E-09
643 .3439408E-09
644 .3650732E-09
645 .3847880E-09
646 .4037165E-09
647 .4201345E-09
648 .4311687E-09
649 .4478839E-09
650 .4605643E-09
651 .4701943E-09
652 .4767383E-09
653 .4818491E-09
654 .4872773E-09
655 .4917255E-09
656 .4927375E-09
657 .4904904E-09
658 .4893509E-09
659 .4860471E-09
660 .4789201E-09
661 .4690857E-09
662 .4555262E-09
663 .4464172E-09
664 .4311205E-09
665 .4143251E-09
666 .3972890E-09
667 .3793489E-09
668 .3678900E-09
669 .3513922E-09
670 .3351089E-09
671 .3200847E-09
672 .3071799E-09
673 .2962842E-09
674 .2835954E-09
675 .2703425E-09
676 .2622515E-09
677 .2536197E-09
678 .2462854E-09
679 .2394949E-09
680 .2341846E-09
681 .2303610E-09
682 .2258705E-09
683 .2238475E-09
684 .2288521E-09
685 .2235179E-09
686 .2068114E-09
687 .2005698E-09
688 .1973922E-09
689 .2081081E-09
690 .2157543E-09
691 .2224319E-09
692 .2304885E-09
693 .2358014E-09
694 .2380672E-09
695 .2399984E-09
696 .2448102E-09
697 .2479102E-09
698 .2480636E-09
699 .2478676E-09
700 .2583254E-09
701 .2701843E-09
702 .2674706E-09
703 .2698402E-09
704 .2642496E-09
705 .2611822E-09
706 .2671937E-09
707 .2590086E-09
708 .2589888E-09
709 .2664640E-09
710 .2686682E-09
711 .2660050E-09
712 .2735271E-09
713 .2754908E-09
714 .2771387E-09
715 .2833996E-09
716 .2822775E-09
717 .2866638E-09
718 .3061343E-09
719 .3196407E-09
720 .3320049E-09
721 .3277997E-09
722 .3261731E-09
723 .3333479E-09
724 .3503955E-09
725 .3633242E-09
726 .3943988E-09
727 .3884340E-09
728 .3741070E-09
729 .3661908E-09
730 .3705169E-09
731 .3733632E-09
732 .3696143E-09
733 .3597771E-09
734 .3550540E-09
735 .3501322E-09
736 .3453282E-09
737 .3447447E-09
738 .3417567E-09
739 .3402039E-09
740 .3399499E-09
741 .3389732E-09
742 .3445711E-09
743 .3432559E-09
744 .3406706E-09
745 .3392527E-09
746 .3374922E-09
747 .3343818E-09
748 .3264956E-09
749 .3113876E-09
750 .2988459E-09
751 .2895640E-09
752 .2681506E-09
753 .2528970E-09
754 .2384487E-09
755 .2293266E-09
756 .2133842E-09
757 .1887446E-09
758 .1830059E-09
759 .1794460E-09
760 .1755485E-09
761 .1389255E-09
762 .6930019E-10
763 .1099110E-09
764 .1313872E-09
765 .1128934E-09
766 .1343258E-09
767 .1570780E-09
768 .1866228E-09
769 .1961189E-09
770 .2038750E-09
771 .2139753E-09
772 .2141609E-09
773 .2074892E-09
774 .2182178E-09
775 .2135217E-09
776 .2041853E-09
777 .2084567E-09
778 .2062407E-09
779 .2044170E-09
780 .1916335E-09
781 .1894352E-09
782 .1885495E-09
783 .1733217E-09
784 .1712908E-09
785 .1698065E-09
786 .1617250E-09
787 .1494706E-09
788 .1458147E-09
789 .1378777E-09
790 .1287584E-09
791 .1233585E-09
792 .1212021E-09
793 .1120475E-09
794 .1039031E-09
795 .9749698E-10
796 .9641574E-10
797 .9346811E-10
798 .8511611E-10
799 .8107418E-10
800 .7817707E-10
801 .7884377E-10
802 .7263681E-10
803 .7081717E-10
804 .6858335E-10
805 .6830924E-10
806 .6752177E-10
807 .6842334E-10
808 .6561041E-10
809 .6025433E-10
810 .6371070E-10
811 .6063964E-10
812 .6185428E-10
813 .5906939E-10
814 .6203630E-10
815 .5772637E-10
816 .5580591E-10
817 .5923385E-10
818 .5312880E-10
819 .5104761E-10
820 .4893671E-10
821 .4360967E-10
822 .4006454E-10
823 .3517183E-10
824 .3040536E-10
825 .2227991E-10
826 .2161967E-10
827 .1912500E-10
828 .1945806E-10
829 .1986760E-10
830 .1577885E-10
831 .1646604E-10
832 .1942696E-10
833 .1849775E-10
834 .1970255E-10
835 .2386263E-10
836 .2174945E-10
837 .2504986E-10
838 .2919515E-10
839 .2934667E-10
840 .3008764E-10
841 .3259477E-10
842 .3435226E-10
843 .3929004E-10
844 .4309434E-10
845 .4665370E-10
846 .4940405E-10
847 .5418965E-10
848 .6358666E-10
849 .7164951E-10
850 .7893845E-10
851 .8464511E-10
852 .9071970E-10
853 .9866203E-10
854 .1099608E-09
855 .1264883E-09
856 .1366940E-09
857 .1350875E-09
858 .1323891E-09
859 .1312130E-09
860 .1349038E-09
861 .1377211E-09
862 .1477635E-09
863 .1494068E-09
864 .1454524E-09
865 .1415533E-09
866 .1368666E-09
867 .1347985E-09
868 .1473688E-09
869 .1578687E-09
870 .1534845E-09
871 .1478004E-09
872 .1479808E-09
873 .1502822E-09
874 .1561875E-09
875 .1744452E-09
876 .1771153E-09
877 .1639098E-09
878 .1567551E-09
879 .1716854E-09
880 .1854920E-09
881 .1836710E-09
882 .1792680E-09
883 .1703993E-09
884 .1568002E-09
885 .1572542E-09
886 .1621997E-09
887 .1752006E-09
888 .1728886E-09
889 .1567665E-09
890 .1439702E-09
891 .1426109E-09
892 .1483466E-09
893 .1499545E-09
894 .1447123E-09
895 .1457987E-09
896 .1408930E-09
897 .1350305E-09
898 .1304617E-09
899 .1295537E-09
900 .1344750E-09
901 .1235428E-09
902 .1199192E-09
903 .1232672E-09
904 .1203421E-09
905 .1172606E-09
906 .1211224E-09
907 .1209530E-09
908 .1160035E-09
909 .1146874E-09
910 .1143064E-09
911 .1148678E-09
912 .1199503E-09
913 .1223587E-09
914 .1210108E-09
915 .1148954E-09
916 .1131921E-09
917 .1132120E-09
918 .1078862E-09
919 .1093142E-09
920 .1079670E-09
921 .1094642E-09
922 .1134961E-09
923 .1167047E-09
924 .1248283E-09
925 .1252626E-09
926 .1107971E-09
927 .1068951E-09
928 .1030345E-09
929 .1014190E-09
930 .1071941E-09
931 .1129892E-09
932 .1077429E-09
933 .9849412E-10
934 .8458360E-10
935 .8660425E-10
936 .8908127E-10
937 .9365270E-10
938 .9328406E-10
939 .1277146E-09
940 .1153571E-09
941 .8195055E-10
942 .8895138E-10
943 .8632818E-10
944 .8735381E-10
945 .9762771E-10
946 .1011983E-09
947 .1080711E-09
948 .1063144E-09
949 .1061295E-09
950 .1045970E-09
951 .1073953E-09
952 .9727824E-10
953 .1104065E-09
954 .1360216E-09
955 .1243171E-09
956 .1185942E-09
957 .1196811E-09
958 .1079717E-09
959 .1064139E-09
960 .1137925E-09
961 .1124230E-09
962 .1105356E-09
963 .1021981E-09
964 .9430104E-10
965 .9580055E-10
966 .9478992E-10
967 .9506749E-10
968 .8893706E-10
969 .8301545E-10
970 .8904708E-10
971 .9317078E-10
972 .9578047E-10
973 .8922874E-10
974 .8713040E-10
975 .9355162E-10
976 .8755391E-10
977 .9390103E-10
978 .9964538E-10
979 .9510680E-10
980 .1074035E-09
981 .1078865E-09
982 .9783702E-10
983 .1026609E-09
984 .1097270E-09
985 .1203826E-09
986 .1219350E-09
987 .1220093E-09
988 .1443281E-09
989 .1417446E-09
990 .1298401E-09
991 .1290841E-09
992 .1379564E-09
993 .1428982E-09
994 .1422158E-09
995 .1380511E-09
996 .1421768E-09
997 .1598989E-09
998 .1433153E-09
999 .1420151E-09
1000 .1460923E-09
1001 .1451447E-09
1002 .1441959E-09
1003 .1432450E-09
1004 .1422925E-09
1005 .1413387E-09
1006 .1403830E-09
1007 .1394259E-09
1008 .1384672E-09
1009 .1375067E-09
1010 .1365448E-09
1011 .1355813E-09
1012 .1346163E-09
1013 .1336498E-09
1014 .1326817E-09
1015 .1317122E-09
1016 .1307412E-09
1017 .1297685E-09
1018 .1287944E-09
1019 .1278190E-09
1020 .1268419E-09
1021 .1258635E-09
1022 .1248837E-09
1023 .1239025E-09
1024 .1229197E-09
1025 .1219357E-09
1026 .1209502E-09
1027 .1199632E-09
1028 .1189752E-09
1029 .1179855E-09
1030 .1169947E-09
1031 .1160024E-09
1032 .1150088E-09
1033 .1140141E-09
1034 .1130177E-09
1035 .1120203E-09
1036 .1110216E-09
1037 .1100216E-09
1038 .1090203E-09
1039 .1080178E-09
1040 .1070141E-09
1041 .1060091E-09
1042 .1050029E-09
1043 .1039957E-09
1044 .1029871E-09
1045 .1019774E-09
1046 .1009665E-09
1047 .9995455E-10
1048 .9894142E-10
1049 .9792721E-10
1050 .9691198E-10
1051 .9589564E-10
1052 .9487809E-10
1053 .9385972E-10
1054 .9284017E-10
1055 .9181954E-10
1056 .9079803E-10
1057 .8977548E-10
1058 .8875198E-10
1059 .8772738E-10
1060 .8670197E-10
1061 .8567549E-10
1062 .8464814E-10
1063 .8362007E-10
1064 .8259089E-10
1065 .8156086E-10
1066 .8052994E-10
1067 .7949819E-10
1068 .7846563E-10
1069 .7743212E-10
1070 .7639782E-10
1071 .7536271E-10
1072 .7432682E-10
1073 .7329020E-10
1074 .7225263E-10
1075 .7121441E-10
1076 .7017543E-10
1077 .6913563E-10
1078 .6809515E-10
1079 .6705392E-10
1080 .6601203E-10
1081 .6496933E-10
1082 .6392598E-10
1083 .6288198E-10
1084 .6183722E-10
1085 .6079185E-10
1086 .5974580E-10
1087 .5869912E-10
1088 .5765184E-10
1089 .5660387E-10
1090 .5555527E-10
1091 .5450609E-10
1092 .5345633E-10
1093 .5240593E-10
1094 .5135492E-10
1095 .5030339E-10
1096 .4925128E-10
1097 .4819859E-10
1098 .4714536E-10
1099 .4609153E-10
1100 .4503724E-10
1101 .4398233E-10
1102 .4292698E-10
1103 .4187106E-10
1104 .4081467E-10
1105 .3975777E-10
1106 .3870035E-10
1107 .3764239E-10
1108 .3658402E-10
1109 .3552514E-10
1110 .3446578E-10
1111 .3340597E-10
1112 .3234571E-10
1113 .3128500E-10
1114 .3022381E-10
1115 .2916218E-10
1116 .2810011E-10
1117 .2703761E-10
1118 .2597466E-10
1119 .2491131E-10
1120 .2384753E-10
1121 .2278333E-10
1122 .2171869E-10
1123 .2065370E-10
1124 .1958826E-10
1125 .1852242E-10
1126 .1745619E-10
1127 .1638958E-10
1128 .1532255E-10
1129 .1425515E-10
1130 .1318735E-10
1131 .1318966E-10
1132 .1319195E-10
1133 .1319424E-10
1134 .1319651E-10
1135 .1319878E-10
1136 .1320106E-10
1137 .1320333E-10
1138 .1320558E-10
1139 .1320785E-10
1140 .1321008E-10
1141 .1321234E-10
1142 .1321457E-10
1143 .1321681E-10
1144 .1321903E-10
1145 .1322128E-10
1146 .1322351E-10
1147 .1322572E-10
1148 .1322797E-10
1149 .1323019E-10
1150 .1323244E-10
1151 .1323466E-10
1152 .1323690E-10
1153 .1323913E-10
1154 .1324138E-10
1155 .1324362E-10
1156 .1324586E-10
1157 .1324812E-10
1158 .1325037E-10
1159 .1325263E-10
1160 .1325488E-10
1161 .1325716E-10
1162 .1325943E-10
1163 .1326173E-10
1164 .1326402E-10
1165 .1326631E-10
1166 .1326863E-10
1167 .1327094E-10
1168 .1327328E-10
1169 .1327562E-10
1170 .1327798E-10
1171 .1328033E-10
1172 .1328270E-10
1173 .1328508E-10
1174 .1328746E-10
1175 .1328989E-10
1176 .1329230E-10
1177 .1329474E-10
1178 .1329719E-10
1179 .1329966E-10
1180 .1330213E-10
1181 .1330463E-10
1182 .1330714E-10
1183 .1330969E-10
1184 .1331223E-10
1185 .1331479E-10
1186 .1331737E-10
1187 .1331999E-10
1188 .1332262E-10
1189 .1332527E-10
1190 .1332793E-10
1191 .1333063E-10
1192 .1333332E-10
1193 .1333608E-10
1194 .1333883E-10
1195 .1334160E-10
1196 .1334440E-10
1197 .1334723E-10
1198 .1335009E-10
1199 .1335294E-10
1200 .1335585E-10
1201 .1335878E-10
1202 .1336173E-10
1203 .1336472E-10
1204 .1336774E-10
1205 .1337077E-10
1206 .1337384E-10
1207 .1337694E-10
1208 .1338007E-10
1209 .1338323E-10
1210 .1338642E-10
1211 .1338964E-10
1212 .1339289E-10
1213 .1339618E-10
1214 .1339951E-10
1215 .1340286E-10
1216 .1340624E-10
1217 .1340966E-10
1218 .1341312E-10
1219 .1341663E-10
1220 .1342015E-10
1221 .1342372E-10
1222 .1342732E-10
1223 .1343097E-10
1224 .1343466E-10
1225 .1343838E-10
1226 .1344214E-10
1227 .1344593E-10
1228 .1344978E-10
1229 .1345365E-10
1230 .1345757E-10
1231 .1346155E-10
1232 .1346554E-10
1233 .1346960E-10
1234 .1347370E-10
1235 .1347783E-10
1236 .1348202E-10
1237 .1348625E-10
1238 .1349052E-10
1239 .1349486E-10
1240 .1349922E-10
1241 .1350364E-10
1242 .1350810E-10
1243 .1351262E-10
1244 .1351720E-10
1245 .1352180E-10
1246 .1352646E-10
1247 .1353117E-10
1248 .1353594E-10
1249 .1354076E-10
1250 .1354561E-10
1251 .1355123E-10
1252 .1355690E-10
1253 .1356262E-10
1254 .1356839E-10
1255 .1357421E-10
1256 .1358011E-10
1257 .1358604E-10
1258 .1359205E-10
1259 .1359811E-10
1260 .1360421E-10
1261 .1361037E-10
1262 .1361659E-10
1263 .1362287E-10
1264 .1362923E-10
1265 .1363562E-10
1266 .1364209E-10
1267 .1364862E-10
1268 .1365521E-10
1269 .1366185E-10
1270 .1366855E-10
1271 .1367534E-10
1272 .1368217E-10
1273 .1368908E-10
1274 .1369605E-10
1275 .1370308E-10
1276 .1371019E-10
1277 .1371736E-10
1278 .1372459E-10
1279 .1373191E-10
1280 .1373927E-10
1281 .1374672E-10
1282 .1375422E-10
1283 .1376181E-10
1284 .1376948E-10
1285 .1377720E-10
1286 .1378499E-10
1287 .1379286E-10
1288 .1380080E-10
1289 .1380881E-10
1290 .1381689E-10
1291 .1382504E-10
1292 .1383327E-10
1293 .1384156E-10
1294 .1384992E-10
1295 .1385834E-10
1296 .1386684E-10
1297 .1387541E-10
1298 .1388404E-10
1299 .1389276E-10
1300 .1390152E-10
1301 .1391036E-10
1302 .1391926E-10
1303 .1392823E-10
1304 .1393727E-10
1305 .1394637E-10
1306 .1395554E-10
1307 .1396477E-10
1308 .1397407E-10
1309 .1398344E-10
1310 .1399286E-10
1311 .1400234E-10
1312 .1401191E-10
1313 .1402151E-10
1314 .1403120E-10
1315 .1404095E-10
1316 .1405075E-10
1317 .1406063E-10
1318 .1407055E-10
1319 .1408054E-10
1320 .1409060E-10
1321 .1410071E-10
1322 .1411088E-10
1323 .1412110E-10
1324 .1413140E-10
1325 .1414175E-10
1326 .1415216E-10
1327 .1416264E-10
1328 .1417317E-10
1329 .1418374E-10
1330 .1419439E-10
1331 .1420509E-10
1332 .1421587E-10
1333 .1422667E-10
1334 .1423756E-10
1335 .1424846E-10
1336 .1425946E-10
1337 .1427048E-10
1338 .1428158E-10
1339 .1429273E-10
1340 .1430393E-10
1341 .1431519E-10
1342 .1432650E-10
1343 .1433786E-10
1344 .1434928E-10
1345 .1436073E-10
1346 .1437226E-10
1347 .1438384E-10
1348 .1439547E-10
1349 .1440713E-10
1350 .1441887E-10
1351 .1443064E-10
1352 .1444245E-10
1353 .1445433E-10
1354 .1446626E-10
1355 .1447825E-10
1356 .1449026E-10
1357 .1450232E-10
1358 .1451445E-10
1359 .1452662E-10
1360 .1453882E-10
1361 .1455108E-10
1362 .1456339E-10
1363 .1457575E-10
1364 .1458814E-10
1365 .1460058E-10
1366 .1461307E-10
1367 .1462560E-10
1368 .1463817E-10
1369 .1465078E-10
1370 .1466345E-10
1371 .1468131E-10
1372 .1469921E-10
1373 .1471718E-10
1374 .1473519E-10
1375 .1475324E-10
1376 .1477136E-10
1377 .1478951E-10
1378 .1480772E-10
1379 .1482597E-10
1380 .1484428E-10
1381 .1486263E-10
1382 .1488104E-10
1383 .1489948E-10
1384 .1491798E-10
1385 .1493652E-10
1386 .1495512E-10
1387 .1497375E-10
1388 .1499243E-10
1389 .1501116E-10
1390 .1502994E-10
1391 .1504876E-10
1392 .1506761E-10
1393 .1508653E-10
1394 .1510547E-10
1395 .1512447E-10
1396 .1514352E-10
1397 .1516258E-10
1398 .1518171E-10
1399 .1520088E-10
1400 .1522009E-10
1401 .1523932E-10
1402 .1525862E-10
1403 .1527793E-10
1404 .1529731E-10
1405 .1531670E-10
1406 .1533615E-10
1407 .1535564E-10
1408 .1537518E-10
1409 .1539472E-10
1410 .1541431E-10
1411 .1543396E-10
1412 .1545364E-10
1413 .1547334E-10
1414 .1549308E-10
1415 .1551286E-10
1416 .1553267E-10
1417 .1555253E-10
1418 .1557241E-10
1419 .1559233E-10
1420 .1561228E-10
1421 .1563225E-10
1422 .1565227E-10
1423 .1567232E-10
1424 .1569239E-10
1425 .1571250E-10
1426 .1573265E-10
1427 .1575282E-10
1428 .1577302E-10
1429 .1579325E-10
1430 .1581351E-10
1431 .1583380E-10
1432 .1585411E-10
1433 .1587445E-10
1434 .1589483E-10
1435 .1591523E-10
1436 .1593566E-10
1437 .1595610E-10
1438 .1597657E-10
1439 .1599708E-10
1440 .1601758E-10
1441 .1603814E-10
1442 .1605871E-10
1443 .1607931E-10
1444 .1609992E-10
1445 .1612057E-10
1446 .1614122E-10
1447 .1616190E-10
1448 .1618260E-10
1449 .1620335E-10
1450 .1622408E-10
1451 .1624483E-10
1452 .1626561E-10
1453 .1628641E-10
1454 .1630724E-10
1455 .1632806E-10
1456 .1634892E-10
1457 .1636979E-10
1458 .1639066E-10
1459 .1641157E-10
1460 .1643248E-10
1461 .1645341E-10
1462 .1647435E-10
1463 .1649530E-10
1464 .1651627E-10
1465 .1653724E-10
1466 .1655823E-10
1467 .1657924E-10
1468 .1660025E-10
1469 .1662128E-10
1470 .1664232E-10
1471 .1666337E-10
1472 .1668440E-10
1473 .1670546E-10
1474 .1672653E-10
1475 .1674760E-10
1476 .1676868E-10
1477 .1678976E-10
1478 .1681086E-10
1479 .1683195E-10
1480 .1685307E-10
1481 .1687416E-10
1482 .1689527E-10
1483 .1691636E-10
1484 .1693749E-10
1485 .1695861E-10
1486 .1697972E-10
1487 .1700084E-10
1488 .1702195E-10
1489 .1704308E-10
1490 .1706420E-10
1491 .1708532E-10
1492 .1710644E-10
1493 .1712757E-10
1494 .1714870E-10
1495 .1716982E-10
1496 .1719095E-10
1497 .1721205E-10
1498 .1723318E-10
1499 .1725430E-10
1500 .1727542E-10
1501 .1729074E-10
1502 .1730605E-10
1503 .1732134E-10
1504 .1733662E-10
1505 .1735190E-10
1506 .1736716E-10
1507 .1738239E-10
1508 .1739761E-10
1509 .1741285E-10
1510 .1742804E-10
1511 .1744321E-10
1512 .1745838E-10
1513 .1747356E-10
1514 .1748870E-10
1515 .1750382E-10
1516 .1751894E-10
1517 .1753405E-10
1518 .1754911E-10
1519 .1756421E-10
1520 .1757925E-10
1521 .1759429E-10
1522 .1760931E-10
1523 .1762431E-10
1524 .1763929E-10
1525 .1765426E-10
1526 .1766920E-10
1527 .1768415E-10
1528 .1769906E-10
1529 .1771396E-10
1530 .1772883E-10
1531 .1774369E-10
1532 .1775854E-10
1533 .1777335E-10
1534 .1778817E-10
1535 .1780295E-10
1536 .1781772E-10
1537 .1783247E-10
1538 .1784718E-10
1539 .1786187E-10
1540 .1787656E-10
1541 .1789123E-10
1542 .1790586E-10
1543 .1792049E-10
1544 .1793509E-10
1545 .1794966E-10
1546 .1796422E-10
1547 .1797875E-10
1548 .1799325E-10
1549 .1800774E-10
1550 .1802221E-10
1551 .1803664E-10
1552 .1805106E-10
1553 .1806545E-10
1554 .1807982E-10
1555 .1809416E-10
1556 .1810849E-10
1557 .1812278E-10
1558 .1813705E-10
1559 .1815130E-10
1560 .1816553E-10
1561 .1817969E-10
1562 .1819385E-10
1563 .1820801E-10
1564 .1822212E-10
1565 .1823622E-10
1566 .1825027E-10
1567 .1826430E-10
1568 .1827830E-10
1569 .1829228E-10
1570 .1830624E-10
1571 .1832015E-10
1572 .1833405E-10
1573 .1834790E-10
1574 .1836174E-10
1575 .1837554E-10
1576 .1838931E-10
1577 .1840307E-10
1578 .1841678E-10
1579 .1843045E-10
1580 .1844411E-10
1581 .1845773E-10
1582 .1847135E-10
1583 .1848488E-10
1584 .1849841E-10
1585 .1851192E-10
1586 .1852537E-10
1587 .1853882E-10
1588 .1855222E-10
1589 .1856559E-10
1590 .1857892E-10
1591 .1859220E-10
1592 .1860547E-10
1593 .1861870E-10
1594 .1863191E-10
1595 .1864507E-10
1596 .1865819E-10
1597 .1867129E-10
1598 .1868434E-10
1599 .1869737E-10
1600 .1871036E-10
1601 .1872330E-10
1602 .1873623E-10
1603 .1874910E-10
1604 .1876193E-10
1605 .1877473E-10
1606 .1878749E-10
1607 .1880024E-10
1608 .1881293E-10
1609 .1882557E-10
1610 .1883819E-10
1611 .1885076E-10
1612 .1886328E-10
1613 .1887579E-10
1614 .1888824E-10
1615 .1890066E-10
1616 .1891303E-10
1617 .1892537E-10
1618 .1893766E-10
1619 .1894992E-10
1620 .1896212E-10
1621 .1897430E-10
1622 .1898643E-10
1623 .1899852E-10
1624 .1901057E-10
1625 .1902258E-10
1626 .1902715E-10
1627 .1903169E-10
1628 .1903620E-10
1629 .1904065E-10
1630 .1904508E-10
1631 .1904947E-10
1632 .1905380E-10
1633 .1905810E-10
1634 .1906238E-10
1635 .1906661E-10
1636 .1907079E-10
1637 .1907494E-10
1638 .1907905E-10
1639 .1908312E-10
1640 .1908715E-10
1641 .1909113E-10
1642 .1909508E-10
1643 .1909900E-10
1644 .1910284E-10
1645 .1910667E-10
1646 .1911044E-10
1647 .1911418E-10
1648 .1911786E-10
1649 .1912152E-10
1650 .1912511E-10
1651 .1912868E-10
1652 .1913220E-10
1653 .1913567E-10
1654 .1913912E-10
1655 .1914250E-10
1656 .1914584E-10
1657 .1914914E-10
1658 .1915240E-10
1659 .1915561E-10
1660 .1915877E-10
1661 .1916189E-10
1662 .1916496E-10
1663 .1916798E-10
1664 .1917097E-10
1665 .1917390E-10
1666 .1917677E-10
1667 .1917962E-10
1668 .1918240E-10
1669 .1918515E-10
1670 .1918785E-10
1671 .1919049E-10
1672 .1919310E-10
1673 .1919565E-10
1674 .1919813E-10
1675 .1920059E-10
1676 .1920300E-10
1677 .1920536E-10
1678 .1920766E-10
1679 .1920992E-10
1680 .1921212E-10
1681 .1921427E-10
1682 .1921638E-10
1683 .1921843E-10
1684 .1922044E-10
1685 .1922240E-10
1686 .1922429E-10
1687 .1922617E-10
1688 .1922796E-10
1689 .1922974E-10
1690 .1923144E-10
1691 .1923311E-10
1692 .1923472E-10
1693 .1923628E-10
1694 .1923781E-10
1695 .1923927E-10
1696 .1924070E-10
1697 .1924209E-10
1698 .1924342E-10
1699 .1924472E-10
1700 .1924593E-10
1701 .1924713E-10
1702 .1924828E-10
1703 .1924937E-10
1704 .1925045E-10
1705 .1925146E-10
1706 .1925242E-10
1707 .1925334E-10
1708 .1925422E-10
1709 .1925506E-10
1710 .1925585E-10
1711 .1925660E-10
1712 .1925730E-10
1713 .1925797E-10
1714 .1925857E-10
1715 .1925916E-10
1716 .1925968E-10
1717 .1926018E-10
1718 .1926061E-10
1719 .1926103E-10
1720 .1926138E-10
1721 .1926171E-10
1722 .1926199E-10
1723 .1926226E-10
1724 .1926244E-10
1725 .1926260E-10
1726 .1926271E-10
1727 .1926278E-10
1728 .1926281E-10
1729 .1926281E-10
1730 .1926277E-10
1731 .1926270E-10
1732 .1926258E-10
1733 .1926244E-10
1734 .1926224E-10
1735 .1926201E-10
1736 .1926173E-10
1737 .1926141E-10
1738 .1926108E-10
1739 .1926068E-10
1740 .1926026E-10
1741 .1925981E-10
1742 .1925931E-10
1743 .1925878E-10
1744 .1925821E-10
1745 .1925762E-10
1746 .1925698E-10
1747 .1925629E-10
1748 .1925557E-10
1749 .1925485E-10
1750 .1925404E-10
1751 .1925325E-10
1752 .1925239E-10
1753 .1925152E-10
1754 .1925061E-10
1755 .1924963E-10
1756 .1924867E-10
1757 .1924764E-10
1758 .1924659E-10
1759 .1924549E-10
1760 .1924436E-10
1761 .1924324E-10
1762 .1924206E-10
1763 .1924085E-10
1764 .1923960E-10
1765 .1923832E-10
1766 .1923703E-10
1767 .1923568E-10
1768 .1923432E-10
1769 .1923291E-10
1770 .1923150E-10
1771 .1923003E-10
1772 .1922853E-10
1773 .1922703E-10
1774 .1922548E-10
1775 .1922390E-10
1776 .1922229E-10
1777 .1922065E-10
1778 .1921901E-10
1779 .1921731E-10
1780 .1921559E-10
1781 .1921385E-10
1782 .1921207E-10
1783 .1921028E-10
1784 .1920844E-10
1785 .1920659E-10
1786 .1920470E-10
1787 .1920281E-10
1788 .1920087E-10
1789 .1919891E-10
1790 .1919692E-10
1791 .1919492E-10
1792 .1919285E-10
1793 .1919081E-10
1794 .1918874E-10
1795 .1918663E-10
1796 .1918449E-10
1797 .1918233E-10
1798 .1918015E-10
1799 .1917794E-10
1800 .1917572E-10
1801 .1911030E-10
1802 .1904489E-10
1803 .1897948E-10
1804 .1891405E-10
1805 .1884858E-10
1806 .1878316E-10
1807 .1871770E-10
1808 .1865225E-10
1809 .1858680E-10
1810 .1852134E-10
1811 .1845588E-10
1812 .1839039E-10
1813 .1832491E-10
1814 .1825943E-10
1815 .1819397E-10
1816 .1812851E-10
1817 .1806300E-10
1818 .1799752E-10
1819 .1793205E-10
1820 .1786656E-10
1821 .1780109E-10
1822 .1773561E-10
1823 .1767012E-10
1824 .1760464E-10
1825 .1753915E-10
1826 .1747367E-10
1827 .1740821E-10
1828 .1734273E-10
1829 .1727727E-10
1830 .1721181E-10
1831 .1714634E-10
1832 .1708090E-10
1833 .1701543E-10
1834 .1694999E-10
1835 .1688456E-10
1836 .1681913E-10
1837 .1675370E-10
1838 .1668827E-10
1839 .1662285E-10
1840 .1655746E-10
1841 .1649204E-10
1842 .1642665E-10
1843 .1636126E-10
1844 .1629589E-10
1845 .1623052E-10
1846 .1616518E-10
1847 .1609981E-10
1848 .1603448E-10
1849 .1596917E-10
1850 .1590384E-10
1851 .1583853E-10
1852 .1577323E-10
1853 .1570796E-10
1854 .1564268E-10
1855 .1557741E-10
1856 .1551216E-10
1857 .1544693E-10
1858 .1538171E-10
1859 .1531650E-10
1860 .1525128E-10
1861 .1518612E-10
1862 .1512093E-10
1863 .1505579E-10
1864 .1499064E-10
1865 .1492552E-10
1866 .1486041E-10
1867 .1479532E-10
1868 .1473023E-10
1869 .1466516E-10
1870 .1460012E-10
1871 .1453510E-10
1872 .1447008E-10
1873 .1440506E-10
1874 .1434008E-10
1875 .1427512E-10
1876 .1421016E-10
1877 .1414524E-10
1878 .1408033E-10
1879 .1401542E-10
1880 .1395055E-10
1881 .1388569E-10
1882 .1382086E-10
1883 .1375602E-10
1884 .1369123E-10
1885 .1362644E-10
1886 .1356168E-10
1887 .1349693E-10
1888 .1343222E-10
1889 .1336751E-10
1890 .1330283E-10
1891 .1323817E-10
1892 .1317353E-10
1893 .1310892E-10
1894 .1304431E-10
1895 .1297971E-10
1896 .1291517E-10
1897 .1285064E-10
1898 .1278613E-10
1899 .1272163E-10
1900 .1265715E-10
1901 .1259272E-10
1902 .1252827E-10
1903 .1246387E-10
1904 .1239949E-10
1905 .1233513E-10
1906 .1227081E-10
1907 .1220648E-10
1908 .1214218E-10
1909 .1207793E-10
1910 .1201368E-10
1911 .1194946E-10
1912 .1188528E-10
1913 .1182109E-10
1914 .1175696E-10
1915 .1169283E-10
1916 .1162874E-10
1917 .1156464E-10
1918 .1150061E-10
1919 .1143658E-10
1920 .1137257E-10
1921 .1130858E-10
1922 .1124464E-10
1923 .1118070E-10
1924 .1111681E-10
1925 .1105293E-10
1926 .1098908E-10
1927 .1092524E-10
1928 .1086144E-10
1929 .1079766E-10
1930 .1073390E-10
1931 .1067019E-10
1932 .1060648E-10
1933 .1054281E-10
1934 .1047915E-10
1935 .1041553E-10
1936 .1035193E-10
1937 .1028836E-10
1938 .1022481E-10
1939 .1016129E-10
1940 .1009780E-10
1941 .1003432E-10
1942 .9970876E-11
1943 .9907462E-11
1944 .9844060E-11
1945 .9780693E-11
1946 .9717352E-11
1947 .9654048E-11
1948 .9590743E-11
1949 .9527485E-11
1950 .9464255E-11
1951 .9401046E-11
1952 .9337861E-11
1953 .9274696E-11
1954 .9211574E-11
1955 .9148471E-11
1956 .9085400E-11
1957 .9022334E-11
1958 .8959306E-11
1959 .8896296E-11
1960 .8833332E-11
1961 .8770379E-11
1962 .8707444E-11
1963 .8644561E-11
1964 .8581682E-11
1965 .8518835E-11
1966 .8456025E-11
1967 .8393219E-11
1968 .8330444E-11
1969 .8267693E-11
1970 .8204966E-11
1971 .8142277E-11
1972 .8079604E-11
1973 .8016962E-11
1974 .7954330E-11
1975 .7891741E-11
1976 .7829155E-11
1977 .7766606E-11
1978 .7704067E-11
1979 .7641570E-11
1980 .7579090E-11
1981 .7516626E-11
1982 .7454191E-11
1983 .7391778E-11
1984 .7329389E-11
1985 .7267028E-11
1986 .7204682E-11
1987 .7142366E-11
1988 .7080064E-11
1989 .7017791E-11
1990 .6955540E-11
1991 .6893304E-11
1992 .6831096E-11
1993 .6768910E-11
1994 .6706744E-11
1995 .6644604E-11
1996 .6582479E-11
1997 .6520381E-11
1998 .6458296E-11
1999 .6396241E-11
2000 .6334198E-11
2001 .6272186E-11
2002 .6210192E-11
2003 .6148220E-11
2004 .6086261E-11
2005 .6024332E-11
2006 .5962415E-11
2007 .5900525E-11
2008 .5838651E-11
2009 .5776799E-11
2010 .5714970E-11
2011 .5714211E-11
2012 .5713456E-11
2013 .5712706E-11
2014 .5711959E-11
2015 .5711222E-11
2016 .5710482E-11
2017 .5709748E-11
2018 .5709014E-11
2019 .5708290E-11
2020 .5707568E-11
2021 .5706845E-11
2022 .5706130E-11
2023 .5705412E-11
2024 .5704712E-11
2025 .5703999E-11
2026 .5703299E-11
2027 .5702597E-11
2028 .5701897E-11
2029 .5701217E-11
2030 .5700525E-11
2031 .5699840E-11
2032 .5699155E-11
2033 .5698482E-11
2034 .5697806E-11
2035 .5697133E-11
2036 .5696468E-11
2037 .5695800E-11
2038 .5695138E-11
2039 .5694482E-11
2040 .5693826E-11
2041 .5693180E-11
2042 .5692531E-11
2043 .5691888E-11
2044 .5691248E-11
2045 .5690613E-11
2046 .5689980E-11
2047 .5689348E-11
2048 .5688726E-11
2049 .5688102E-11
2050 .5687483E-11
2051 .5686872E-11
2052 .5686255E-11
2053 .5685646E-11
2054 .5685039E-11
2055 .5684440E-11
2056 .5683842E-11
2057 .5683247E-11
2058 .5682647E-11
2059 .5682065E-11
2060 .5681480E-11
2061 .5680894E-11
2062 .5680322E-11
2063 .5679745E-11
2064 .5679171E-11
2065 .5678602E-11
2066 .5678036E-11
2067 .5677477E-11
2068 .5676919E-11
2069 .5676368E-11
2070 .5675813E-11
2071 .5675264E-11
2072 .5674722E-11
2073 .5674178E-11
2074 .5673643E-11
2075 .5673108E-11
2076 .5672584E-11
2077 .5672054E-11
2078 .5671524E-11
2079 .5671004E-11
2080 .5670488E-11
2081 .5669974E-11
2082 .5669461E-11
2083 .5668952E-11
2084 .5668450E-11
2085 .5667950E-11
2086 .5667449E-11
2087 .5666955E-11
2088 .5666463E-11
2089 .5665977E-11
2090 .5665492E-11
2091 .5665012E-11
2092 .5664534E-11
2093 .5664061E-11
2094 .5663590E-11
2095 .5663119E-11
2096 .5662652E-11
2097 .5662190E-11
2098 .5661736E-11
2099 .5661282E-11
2100 .5660830E-11
2101 .5660384E-11
2102 .5659933E-11
2103 .5659493E-11
2104 .5659055E-11
2105 .5658616E-11
2106 .5658189E-11
2107 .5657758E-11
2108 .5657333E-11
2109 .5656912E-11
2110 .5656489E-11
2111 .5656073E-11
2112 .5655664E-11
2113 .5655253E-11
2114 .5654848E-11
2115 .5654446E-11
2116 .5654045E-11
2117 .5653646E-11
2118 .5653258E-11
2119 .5652868E-11
2120 .5652478E-11
2121 .5652095E-11
2122 .5651713E-11
2123 .5651337E-11
2124 .5650964E-11
2125 .5650593E-11
2126 .5650224E-11
2127 .5649863E-11
2128 .5649498E-11
2129 .5649143E-11
2130 .5648785E-11
2131 .5648438E-11
2132 .5648087E-11
2133 .5647742E-11
2134 .5647397E-11
2135 .5647060E-11
2136 .5646722E-11
2137 .5646393E-11
2138 .5646059E-11
2139 .5645740E-11
2140 .5645415E-11
2141 .5645092E-11
2142 .5644777E-11
2143 .5644462E-11
2144 .5644152E-11
2145 .5643842E-11
2146 .5643544E-11
2147 .5643242E-11
2148 .5642940E-11
2149 .5642648E-11
2150 .5642355E-11
2151 .5642070E-11
2152 .5641779E-11
2153 .5641498E-11
2154 .5641220E-11
2155 .5640943E-11
2156 .5640670E-11
2157 .5640399E-11
2158 .5640133E-11
2159 .5639871E-11
2160 .5639609E-11
2161 .5639358E-11
2162 .5639096E-11
2163 .5638842E-11
2164 .5638598E-11
2165 .5638355E-11
2166 .5638115E-11
2167 .5637873E-11
2168 .5637635E-11
2169 .5637406E-11
2170 .5637177E-11
2171 .5636948E-11
2172 .5636725E-11
2173 .5636503E-11
2174 .5636285E-11
2175 .5636069E-11
2176 .5635862E-11
2177 .5635657E-11
2178 .5635448E-11
2179 .5635247E-11
2180 .5635044E-11
2181 .5634849E-11
2182 .5634661E-11
2183 .5634465E-11
2184 .5634282E-11
2185 .5634097E-11
2186 .5633915E-11
2187 .5633737E-11
2188 .5633564E-11
2189 .5633390E-11
2190 .5633220E-11
2191 .5633060E-11
2192 .5632895E-11
2193 .5632734E-11
2194 .5632577E-11
2195 .5632422E-11
2196 .5632271E-11
2197 .5632127E-11
2198 .5631981E-11
2199 .5631837E-11
2200 .5631706E-11
2201 .5631567E-11
2202 .5631433E-11
2203 .5631303E-11
2204 .5631178E-11
2205 .5631055E-11
2206 .5630930E-11
2207 .5630816E-11
2208 .5630701E-11
2209 .5630589E-11
2210 .5630480E-11
2211 .5630378E-11
2212 .5630269E-11
2213 .5630172E-11
2214 .5630073E-11
2215 .5629980E-11
2216 .5629894E-11
2217 .5629803E-11
2218 .5629715E-11
2219 .5629639E-11
2220 .5629556E-11
2221 .5629481E-11
2222 .5629407E-11
2223 .5629336E-11
2224 .5629269E-11
2225 .5629210E-11
2226 .5629145E-11
2227 .5629088E-11
2228 .5629032E-11
2229 .5628973E-11
2230 .5628929E-11
2231 .5628881E-11
2232 .5628844E-11
2233 .5628799E-11
2234 .5628761E-11
2235 .5628731E-11
2236 .5628694E-11
2237 .5628665E-11
2238 .5628640E-11
2239 .5628616E-11
2240 .5628591E-11
2241 .5628580E-11
2242 .5628562E-11
2243 .5628552E-11
2244 .5628541E-11
2245 .5628535E-11
2246 .5628532E-11
2247 .5628530E-11
2248 .5628529E-11
2249 .5628540E-11
2250 .5628549E-11
2251 .5628554E-11
2252 .5628568E-11
2253 .5628583E-11
2254 .5628604E-11
2255 .5628625E-11
2256 .5628649E-11
2257 .5628676E-11
2258 .5628708E-11
2259 .5628736E-11
2260 .5628771E-11
2261 .5628808E-11
2262 .5628849E-11
2263 .5628894E-11
2264 .5628937E-11
2265 .5628989E-11
2266 .5629036E-11
2267 .5629089E-11
2268 .5629147E-11
2269 .5629202E-11
2270 .5629268E-11
2271 .5629328E-11
2272 .5629391E-11
2273 .5629466E-11
2274 .5629539E-11
2275 .5629613E-11
2276 .5629685E-11
2277 .5629769E-11
2278 .5629842E-11
2279 .5629931E-11
2280 .5630020E-11
2281 .5630107E-11
2282 .5630199E-11
2283 .5630291E-11
2284 .5630384E-11
2285 .5630482E-11
2286 .5630583E-11
2287 .5630688E-11
2288 .5630790E-11
2289 .5630902E-11
2290 .5631010E-11
2291 .5631122E-11
2292 .5631239E-11
2293 .5631359E-11
2294 .5631478E-11
2295 .5631598E-11
2296 .5631725E-11
2297 .5631847E-11
2298 .5631975E-11
2299 .5632109E-11
2300 .5632241E-11
2301 .5632378E-11
2302 .5632518E-11
2303 .5632654E-11
2304 .5632796E-11
2305 .5632941E-11
2306 .5633088E-11
2307 .5633237E-11
2308 .5633388E-11
2309 .5633542E-11
2310 .5633697E-11
2311 .5633854E-11
2312 .5634015E-11
2313 .5634174E-11
2314 .5634340E-11
2315 .5634504E-11
2316 .5634673E-11
2317 .5634841E-11
2318 .5635017E-11
2319 .5635190E-11
2320 .5635363E-11
2321 .5635545E-11
2322 .5635727E-11
2323 .5635905E-11
2324 .5636093E-11
2325 .5636277E-11
2326 .5636468E-11
2327 .5636654E-11
2328 .5636847E-11
2329 .5637041E-11
2330 .5637240E-11
2331 .5637439E-11
2332 .5637631E-11
2333 .5637838E-11
2334 .5638042E-11
2335 .5638248E-11
2336 .5638452E-11
2337 .5638664E-11
2338 .5638877E-11
2339 .5639094E-11
2340 .5639301E-11
2341 .5639519E-11
2342 .5639742E-11
2343 .5639961E-11
2344 .5640184E-11
2345 .5640410E-11
2346 .5640633E-11
2347 .5640864E-11
2348 .5641094E-11
2349 .5641321E-11
2350 .5641554E-11
2351 .5641788E-11
2352 .5642025E-11
2353 .5642261E-11
2354 .5642506E-11
2355 .5642749E-11
2356 .5642988E-11
2357 .5643235E-11
2358 .5643476E-11
2359 .5643726E-11
2360 .5643979E-11
2361 .5644231E-11
2362 .5644487E-11
2363 .5644732E-11
2364 .5644992E-11
2365 .5645252E-11
2366 .5645512E-11
2367 .5645771E-11
2368 .5646036E-11
2369 .5646297E-11
2370 .5646567E-11
2371 .5646835E-11
2372 .5647099E-11
2373 .5647370E-11
2374 .5647642E-11
2375 .5647917E-11
2376 .5648186E-11
2377 .5648467E-11
2378 .5648740E-11
2379 .5649026E-11
2380 .5649300E-11
2381 .5649585E-11
2382 .5649867E-11
2383 .5650154E-11
2384 .5650438E-11
2385 .5650725E-11
2386 .5651014E-11
2387 .5651303E-11
2388 .5651593E-11
2389 .5651890E-11
2390 .5652187E-11
2391 .5652478E-11
2392 .5652772E-11
2393 .5653072E-11
2394 .5653375E-11
2395 .5653673E-11
2396 .5653976E-11
2397 .5654279E-11
2398 .5654583E-11
2399 .5654889E-11
2400 .5655197E-11
2401 .5655507E-11
2402 .5655810E-11
2403 .5656125E-11
2404 .5656438E-11
2405 .5656752E-11
2406 .5657061E-11
2407 .5657379E-11
2408 .5657699E-11
2409 .5658012E-11
2410 .5658333E-11
2411 .5658650E-11
2412 .5658973E-11
2413 .5659300E-11
2414 .5659618E-11
2415 .5659941E-11
2416 .5660267E-11
2417 .5660594E-11
2418 .5660918E-11
2419 .5661248E-11
2420 .5661575E-11
2421 .5661907E-11
2422 .5662239E-11
2423 .5662571E-11
2424 .5662907E-11
2425 .5663243E-11
2426 .5663579E-11
2427 .5663914E-11
2428 .5664246E-11
2429 .5664586E-11
2430 .5664927E-11
2431 .5665268E-11
2432 .5665606E-11
2433 .5665952E-11
2434 .5666292E-11
2435 .5666637E-11
2436 .5666979E-11
2437 .5667323E-11
2438 .5667672E-11
2439 .5668018E-11
2440 .5668364E-11
2441 .5668712E-11
2442 .5669068E-11
2443 .5669414E-11
2444 .5669767E-11
2445 .5670117E-11
2446 .5670471E-11
2447 .5670821E-11
2448 .5671177E-11
2449 .5671528E-11
2450 .5671887E-11
2451 .5672241E-11
2452 .5672600E-11
2453 .5672953E-11
2454 .5673314E-11
2455 .5673668E-11
2456 .5674033E-11
2457 .5674394E-11
2458 .5674752E-11
2459 .5675115E-11
2460 .5675478E-11
2461 .5675834E-11
2462 .5676200E-11
2463 .5676567E-11
2464 .5676930E-11
2465 .5677296E-11
2466 .5677664E-11
2467 .5678029E-11
2468 .5678394E-11
2469 .5678759E-11
2470 .5679127E-11
2471 .5679495E-11
2472 .5679861E-11
2473 .5680236E-11
2474 .5680603E-11
2475 .5680973E-11
2476 .5681344E-11
2477 .5681713E-11
2478 .5682084E-11
2479 .5682454E-11
2480 .5682824E-11
2481 .5683201E-11
2482 .5683572E-11
2483 .5683944E-11
2484 .5684318E-11
2485 .5684696E-11
2486 .5685070E-11
2487 .5685443E-11
2488 .5685821E-11
2489 .5686192E-11
2490 .5686571E-11
2491 .5686945E-11
2492 .5687320E-11
2493 .5687700E-11
2494 .5688076E-11
2495 .5688450E-11
2496 .5688829E-11
2497 .5689205E-11
2498 .5689585E-11
2499 .5689963E-11
2500 .5690341E-11
