 56.0    1000.00   .6561226E-15
 56.0    1010.00   .2533080E-14
 56.0    1020.00   .6833217E-14
 56.0    1030.00   .1511841E-13
 56.0    1040.00   .2940333E-13
 56.0    1050.00   .5216201E-13
 56.0    1060.00   .8630898E-13
 56.0    1070.00   .1351528E-12
 56.0    1080.00   .2023203E-12
 56.0    1090.00   .2916509E-12
 56.0    1100.00   .4070625E-12
 56.0    1110.00   .5523910E-12
 56.0    1120.00   .7312071E-12
 56.0    1130.00   .9466160E-12
 56.0    1140.00   .1201046E-11
 56.0    1150.00   .1496035E-11
 56.0    1160.00   .1832024E-11
 56.0    1170.00   .2208165E-11
 56.0    1180.00   .2622156E-11
 56.0    1190.00   .3070114E-11
 56.0    1200.00   .3546498E-11
 56.0    1210.00   .4044086E-11
 56.0    1220.00   .4554017E-11
 56.0    1230.00   .5065913E-11
 56.0    1240.00   .5568070E-11
 56.0    1250.00   .6047737E-11
 56.0    1260.00   .6492743E-11
 56.0    1270.00   .6896353E-11
 56.0    1280.00   .7254695E-11
 56.0    1290.00   .7565655E-11
 56.0    1300.00   .7828818E-11
 56.0    1310.00   .8045351E-11
 56.0    1320.00   .8217849E-11
 56.0    1330.00   .8350148E-11
 56.0    1340.00   .8447121E-11
 56.0    1350.00   .8514481E-11
 56.0    1360.00   .8558586E-11
 56.0    1370.00   .8586268E-11
 56.0    1380.00   .8604567E-11
 56.0    1390.00   .8617898E-11
 56.0    1400.00   .8627892E-11
 56.0    1410.00   .8636038E-11
 56.0    1420.00   .8643805E-11
 56.0    1430.00   .8652658E-11
 56.0    1440.00   .8664059E-11
 56.0    1450.00   .8679478E-11
 56.0    1460.00   .8700406E-11
 56.0    1470.00   .8728362E-11
 56.0    1480.00   .8764906E-11
 56.0    1490.00   .8811657E-11
 56.0    1500.00   .8870305E-11
 56.0    1510.00   .8942290E-11
 56.0    1520.00   .9027844E-11
 56.0    1530.00   .9126886E-11
 56.0    1540.00   .9239344E-11
 56.0    1550.00   .9365151E-11
 56.0    1560.00   .9504242E-11
 56.0    1570.00   .9656553E-11
 56.0    1580.00   .9822020E-11
 56.0    1590.00   .1000058E-10
 56.0    1600.00   .1019214E-10
 56.0    1610.00   .1039663E-10
 56.0    1620.00   .1061393E-10
 56.0    1630.00   .1084393E-10
 56.0    1640.00   .1108648E-10
 56.0    1650.00   .1134141E-10
 56.0    1660.00   .1160851E-10
 56.0    1670.00   .1188757E-10
 56.0    1680.00   .1217830E-10
 56.0    1690.00   .1248039E-10
 56.0    1700.00   .1279347E-10
 56.0    1710.00   .1311714E-10
 56.0    1720.00   .1345092E-10
 56.0    1730.00   .1379427E-10
 56.0    1740.00   .1414662E-10
 56.0    1750.00   .1450728E-10
 56.0    1760.00   .1487561E-10
 56.0    1770.00   .1525114E-10
 56.0    1780.00   .1563345E-10
 56.0    1790.00   .1602206E-10
 56.0    1800.00   .1641642E-10
 56.0    1810.00   .1681597E-10
 56.0    1820.00   .1722004E-10
 56.0    1830.00   .1762795E-10
 56.0    1840.00   .1803892E-10
 56.0    1850.00   .1845212E-10
 56.0    1860.00   .1886668E-10
 56.0    1870.00   .1928164E-10
 56.0    1880.00   .1969599E-10
 56.0    1890.00   .2010867E-10
 56.0    1900.00   .2051855E-10
 56.0    1910.00   .2092442E-10
 56.0    1920.00   .2132505E-10
 56.0    1930.00   .2171913E-10
 56.0    1940.00   .2210531E-10
 56.0    1950.00   .2248217E-10
 56.0    1960.00   .2284829E-10
 56.0    1970.00   .2320216E-10
 56.0    1980.00   .2354226E-10
 56.0    1990.00   .2386705E-10
 56.0    2000.00   .2417494E-10
 56.0    2010.00   .2446462E-10
 56.0    2020.00   .2473572E-10
 56.0    2030.00   .2498824E-10
 56.0    2040.00   .2522216E-10
 56.0    2050.00   .2543759E-10
 56.0    2060.00   .2563465E-10
 56.0    2070.00   .2581353E-10
 56.0    2080.00   .2597445E-10
 56.0    2090.00   .2611770E-10
 56.0    2100.00   .2624360E-10
 56.0    2110.00   .2635251E-10
 56.0    2120.00   .2644484E-10
 56.0    2130.00   .2652101E-10
 56.0    2140.00   .2658151E-10
 56.0    2150.00   .2662682E-10
 56.0    2160.00   .2665749E-10
 56.0    2170.00   .2667405E-10
 56.0    2180.00   .2667710E-10
 56.0    2190.00   .2666721E-10
 56.0    2200.00   .2664500E-10
 56.0    2210.00   .2661110E-10
 56.0    2220.00   .2656614E-10
 56.0    2230.00   .2651076E-10
 56.0    2240.00   .2644564E-10
 56.0    2250.00   .2637142E-10
 56.0    2260.00   .2628897E-10
 56.0    2270.00   .2619997E-10
 56.0    2280.00   .2610631E-10
 56.0    2290.00   .2600984E-10
 56.0    2300.00   .2591246E-10
 56.0    2310.00   .2581603E-10
 56.0    2320.00   .2572242E-10
 56.0    2330.00   .2563347E-10
 56.0    2340.00   .2555104E-10
 56.0    2350.00   .2547698E-10
 56.0    2360.00   .2541313E-10
 56.0    2370.00   .2536134E-10
 56.0    2380.00   .2532347E-10
 56.0    2390.00   .2530141E-10
 56.0    2400.00   .2529703E-10
 56.0    2410.00   .2531226E-10
 56.0    2420.00   .2534907E-10
 56.0    2430.00   .2540947E-10
 56.0    2440.00   .2549552E-10
 56.0    2450.00   .2560936E-10
 56.0    2460.00   .2575321E-10
 56.0    2470.00   .2592939E-10
 56.0    2480.00   .2614035E-10
 56.0    2490.00   .2638865E-10
 56.0    2500.00   .2667701E-10
 56.0    2510.00   .2762995E-10
 56.0    2520.00   .3587284E-10
 56.0    2530.00   .3990665E-10
 56.0    2540.00   .3698951E-10
 56.0    2550.00   .3874890E-10
 56.0    2560.00   .3806581E-10
 56.0    2570.00   .3957437E-10
 56.0    2580.00   .3725457E-10
 56.0    2590.00   .3274013E-10
 56.0    2600.00   .2703188E-10
 56.0    2610.00   .2570412E-10
 56.0    2620.00   .2987894E-10
 56.0    2630.00   .2741351E-10
 56.0    2640.00   .3269755E-10
 56.0    2650.00   .4047959E-10
 56.0    2660.00   .5038793E-10
 56.0    2670.00   .6664711E-10
 56.0    2680.00   .8724515E-10
 56.0    2690.00   .9998979E-10
 56.0    2700.00   .1116018E-09
 56.0    2710.00   .1176473E-09
 56.0    2720.00   .1199004E-09
 56.0    2730.00   .1257644E-09
 56.0    2740.00   .1296960E-09
 56.0    2750.00   .1327222E-09
 56.0    2760.00   .1406207E-09
 56.0    2770.00   .1409795E-09
 56.0    2780.00   .1375722E-09
 56.0    2790.00   .1368567E-09
 56.0    2800.00   .1354523E-09
 56.0    2810.00   .1330191E-09
 56.0    2820.00   .1397637E-09
 56.0    2830.00   .1455689E-09
 56.0    2840.00   .1401966E-09
 56.0    2850.00   .1439861E-09
 56.0    2860.00   .1530213E-09
 56.0    2870.00   .1778058E-09
 56.0    2880.00   .1973941E-09
 56.0    2890.00   .2140002E-09
 56.0    2900.00   .2213406E-09
 56.0    2910.00   .2264323E-09
 56.0    2920.00   .2294822E-09
 56.0    2930.00   .2247182E-09
 56.0    2940.00   .2265694E-09
 56.0    2950.00   .2190957E-09
 56.0    2960.00   .2056692E-09
 56.0    2970.00   .1992106E-09
 56.0    2980.00   .1924913E-09
 56.0    2990.00   .1890648E-09
 56.0    3000.00   .1883619E-09
 56.0    3010.00   .1834631E-09
 56.0    3020.00   .1774096E-09
 56.0    3030.00   .1893188E-09
 56.0    3040.00   .1913451E-09
 56.0    3050.00   .1568201E-09
 56.0    3060.00   .1579935E-09
 56.0    3070.00   .2003172E-09
 56.0    3080.00   .2162406E-09
 56.0    3090.00   .2143610E-09
 56.0    3100.00   .2028447E-09
 56.0    3110.00   .1936258E-09
 56.0    3120.00   .1980551E-09
 56.0    3130.00   .2048851E-09
 56.0    3140.00   .2342556E-09
 56.0    3150.00   .2486839E-09
 56.0    3160.00   .2567089E-09
 56.0    3170.00   .2517861E-09
 56.0    3180.00   .2456815E-09
 56.0    3190.00   .2632680E-09
 56.0    3200.00   .2779622E-09
 56.0    3210.00   .2561765E-09
 56.0    3220.00   .2277522E-09
 56.0    3230.00   .2036268E-09
 56.0    3240.00   .1824923E-09
 56.0    3250.00   .2020811E-09
 56.0    3260.00   .2050627E-09
 56.0    3270.00   .2037786E-09
 56.0    3280.00   .2333204E-09
 56.0    3290.00   .1981493E-09
 56.0    3300.00   .1862658E-09
 56.0    3310.00   .2113040E-09
 56.0    3320.00   .2095533E-09
 56.0    3330.00   .2169902E-09
 56.0    3340.00   .2232232E-09
 56.0    3350.00   .2122425E-09
 56.0    3360.00   .2320469E-09
 56.0    3370.00   .2265026E-09
 56.0    3380.00   .2308004E-09
 56.0    3390.00   .2417675E-09
 56.0    3400.00   .2449338E-09
 56.0    3410.00   .2514384E-09
 56.0    3420.00   .2458045E-09
 56.0    3430.00   .2427817E-09
 56.0    3440.00   .2429808E-09
 56.0    3450.00   .2456334E-09
 56.0    3460.00   .2450132E-09
 56.0    3470.00   .2472486E-09
 56.0    3480.00   .2509725E-09
 56.0    3490.00   .2574245E-09
 56.0    3500.00   .2731175E-09
 56.0    3510.00   .2818540E-09
 56.0    3520.00   .2965925E-09
 56.0    3530.00   .3082358E-09
 56.0    3540.00   .3077673E-09
 56.0    3550.00   .3076117E-09
 56.0    3560.00   .2976144E-09
 56.0    3570.00   .3000341E-09
 56.0    3580.00   .3101053E-09
 56.0    3590.00   .3148595E-09
 56.0    3600.00   .3087123E-09
 56.0    3610.00   .3041676E-09
 56.0    3620.00   .2955588E-09
 56.0    3630.00   .3228877E-09
 56.0    3640.00   .3495322E-09
 56.0    3650.00   .3799472E-09
 56.0    3660.00   .4085313E-09
 56.0    3670.00   .4199941E-09
 56.0    3680.00   .4287070E-09
 56.0    3690.00   .4287585E-09
 56.0    3700.00   .4136187E-09
 56.0    3710.00   .3938458E-09
 56.0    3720.00   .3675438E-09
 56.0    3730.00   .3362214E-09
 56.0    3740.00   .2988078E-09
 56.0    3750.00   .2361061E-09
 56.0    3760.00   .1766244E-09
 56.0    3770.00   .1549397E-09
 56.0    3780.00   .1496759E-09
 56.0    3790.00   .1645657E-09
 56.0    3800.00   .1818905E-09
 56.0    3810.00   .1857973E-09
 56.0    3820.00   .2089956E-09
 56.0    3830.00   .2370593E-09
 56.0    3840.00   .2673414E-09
 56.0    3850.00   .3056453E-09
 56.0    3860.00   .3540413E-09
 56.0    3870.00   .3886589E-09
 56.0    3880.00   .3911664E-09
 56.0    3890.00   .4535169E-09
 56.0    3900.00   .5037662E-09
 56.0    3910.00   .5131667E-09
 56.0    3920.00   .5396364E-09
 56.0    3930.00   .5796366E-09
 56.0    3940.00   .5862971E-09
 56.0    3950.00   .5907343E-09
 56.0    3960.00   .5857454E-09
 56.0    3970.00   .5919010E-09
 56.0    3980.00   .5743187E-09
 56.0    3990.00   .5389175E-09
 56.0    4000.00   .5223147E-09
 56.0    4010.00   .4956623E-09
 56.0    4020.00   .4789439E-09
 56.0    4030.00   .4453747E-09
 56.0    4040.00   .4466345E-09
 56.0    4050.00   .4284217E-09
 56.0    4060.00   .4189554E-09
 56.0    4070.00   .4019771E-09
 56.0    4080.00   .3823935E-09
 56.0    4090.00   .3848039E-09
 56.0    4100.00   .3775069E-09
 56.0    4110.00   .3655156E-09
 56.0    4120.00   .3515623E-09
 56.0    4130.00   .3588212E-09
 56.0    4140.00   .3637673E-09
 56.0    4150.00   .3671864E-09
 56.0    4160.00   .3764787E-09
 56.0    4170.00   .3785601E-09
 56.0    4180.00   .3857283E-09
 56.0    4190.00   .3944985E-09
 56.0    4200.00   .3965030E-09
 56.0    4210.00   .4046820E-09
 56.0    4220.00   .3990187E-09
 56.0    4230.00   .4035749E-09
 56.0    4240.00   .4073603E-09
 56.0    4250.00   .4169376E-09
 56.0    4260.00   .4219080E-09
 56.0    4270.00   .4387467E-09
 56.0    4280.00   .4467461E-09
 56.0    4290.00   .4572218E-09
 56.0    4300.00   .4459890E-09
 56.0    4310.00   .4492508E-09
 56.0    4320.00   .4369447E-09
 56.0    4330.00   .4161258E-09
 56.0    4340.00   .4049342E-09
 56.0    4350.00   .3882794E-09
 56.0    4360.00   .3667680E-09
 56.0    4370.00   .3402122E-09
 56.0    4380.00   .3220132E-09
 56.0    4390.00   .3028235E-09
 56.0    4400.00   .2850517E-09
 56.0    4410.00   .2829369E-09
 56.0    4420.00   .2768023E-09
 56.0    4430.00   .2814761E-09
 56.0    4440.00   .2965500E-09
 56.0    4450.00   .3014952E-09
 56.0    4460.00   .3081036E-09
 56.0    4470.00   .3198486E-09
 56.0    4480.00   .3494656E-09
 56.0    4490.00   .3776073E-09
 56.0    4500.00   .4061292E-09
 56.0    4510.00   .4381718E-09
 56.0    4520.00   .4975818E-09
 56.0    4530.00   .5437296E-09
 56.0    4540.00   .5846835E-09
 56.0    4550.00   .6326468E-09
 56.0    4560.00   .6832461E-09
 56.0    4570.00   .7180833E-09
 56.0    4580.00   .7475021E-09
 56.0    4590.00   .7709896E-09
 56.0    4600.00   .7776758E-09
 56.0    4610.00   .7780455E-09
 56.0    4620.00   .7691514E-09
 56.0    4630.00   .7440709E-09
 56.0    4640.00   .7130854E-09
 56.0    4650.00   .6695865E-09
 56.0    4660.00   .6171099E-09
 56.0    4670.00   .5638406E-09
 56.0    4680.00   .5179970E-09
 56.0    4690.00   .4757154E-09
 56.0    4700.00   .4413716E-09
 56.0    4710.00   .4081291E-09
 56.0    4720.00   .3862560E-09
 56.0    4730.00   .3671169E-09
 56.0    4740.00   .3654913E-09
 56.0    4750.00   .3659293E-09
 56.0    4760.00   .3709877E-09
 56.0    4770.00   .3928016E-09
 56.0    4780.00   .4091976E-09
 56.0    4790.00   .4228213E-09
 56.0    4800.00   .4329164E-09
 56.0    4810.00   .4371821E-09
 56.0    4820.00   .4413518E-09
 56.0    4830.00   .4457033E-09
 56.0    4840.00   .4528053E-09
 56.0    4850.00   .4662542E-09
 56.0    4860.00   .4774415E-09
 56.0    4870.00   .5061089E-09
 56.0    4880.00   .5448950E-09
 56.0    4890.00   .5774241E-09
 56.0    4900.00   .6084377E-09
 56.0    4910.00   .6426239E-09
 56.0    4920.00   .6605081E-09
 56.0    4930.00   .6676977E-09
 56.0    4940.00   .6596559E-09
 56.0    4950.00   .6318151E-09
 56.0    4960.00   .6071256E-09
 56.0    4970.00   .5649876E-09
 56.0    4980.00   .5244359E-09
 56.0    4990.00   .4848073E-09
 56.0    5000.00   .4493312E-09
 56.0    5010.00   .4127620E-09
 56.0    5020.00   .3957078E-09
 56.0    5030.00   .3853437E-09
 56.0    5040.00   .3745999E-09
 56.0    5050.00   .3619467E-09
 56.0    5060.00   .3582832E-09
 56.0    5070.00   .3503853E-09
 56.0    5080.00   .3492200E-09
 56.0    5090.00   .3448390E-09
 56.0    5100.00   .3429384E-09
 56.0    5110.00   .3417985E-09
 56.0    5120.00   .3457574E-09
 56.0    5130.00   .3511401E-09
 56.0    5140.00   .3470882E-09
 56.0    5150.00   .3562326E-09
 56.0    5160.00   .3690661E-09
 56.0    5170.00   .3835452E-09
 56.0    5180.00   .4036989E-09
 56.0    5190.00   .4227630E-09
 56.0    5200.00   .4418151E-09
 56.0    5210.00   .4591191E-09
 56.0    5220.00   .4779251E-09
 56.0    5230.00   .5015539E-09
 56.0    5240.00   .5334584E-09
 56.0    5250.00   .5516595E-09
 56.0    5260.00   .5631713E-09
 56.0    5270.00   .5786012E-09
 56.0    5280.00   .5887556E-09
 56.0    5290.00   .6019907E-09
 56.0    5300.00   .6001551E-09
 56.0    5310.00   .6104540E-09
 56.0    5320.00   .6104954E-09
 56.0    5330.00   .6172061E-09
 56.0    5340.00   .6246243E-09
 56.0    5350.00   .6316270E-09
 56.0    5360.00   .6396160E-09
 56.0    5370.00   .6522793E-09
 56.0    5380.00   .6652780E-09
 56.0    5390.00   .6803006E-09
 56.0    5400.00   .7166515E-09
 56.0    5410.00   .7443372E-09
 56.0    5420.00   .7767128E-09
 56.0    5430.00   .8225458E-09
 56.0    5440.00   .8548659E-09
 56.0    5450.00   .8869892E-09
 56.0    5460.00   .9096453E-09
 56.0    5470.00   .9261156E-09
 56.0    5480.00   .9396978E-09
 56.0    5490.00   .9512558E-09
 56.0    5500.00   .9544468E-09
 56.0    5510.00   .9553523E-09
 56.0    5520.00   .9489011E-09
 56.0    5530.00   .9340734E-09
 56.0    5540.00   .9173441E-09
 56.0    5550.00   .8998152E-09
 56.0    5560.00   .8761492E-09
 56.0    5570.00   .8536138E-09
 56.0    5580.00   .8245049E-09
 56.0    5590.00   .7952775E-09
 56.0    5600.00   .7667423E-09
 56.0    5610.00   .7314053E-09
 56.0    5620.00   .7015009E-09
 56.0    5630.00   .6745044E-09
 56.0    5640.00   .6376627E-09
 56.0    5650.00   .6027730E-09
 56.0    5660.00   .5834536E-09
 56.0    5670.00   .5666704E-09
 56.0    5680.00   .5536092E-09
 56.0    5690.00   .5613417E-09
 56.0    5700.00   .5585362E-09
 56.0    5710.00   .5581974E-09
 56.0    5720.00   .5652246E-09
 56.0    5730.00   .5856962E-09
 56.0    5740.00   .5980430E-09
 56.0    5750.00   .6098255E-09
 56.0    5760.00   .6368026E-09
 56.0    5770.00   .6503983E-09
 56.0    5780.00   .6713207E-09
 56.0    5790.00   .6854013E-09
 56.0    5800.00   .6922863E-09
 56.0    5810.00   .6910421E-09
 56.0    5820.00   .7039592E-09
 56.0    5830.00   .7069985E-09
 56.0    5840.00   .6944322E-09
 56.0    5850.00   .7035818E-09
 56.0    5860.00   .7082789E-09
 56.0    5870.00   .6938854E-09
 56.0    5880.00   .6796230E-09
 56.0    5890.00   .6478896E-09
 56.0    5900.00   .6394485E-09
 56.0    5910.00   .6237770E-09
 56.0    5920.00   .6051169E-09
 56.0    5930.00   .5856992E-09
 56.0    5940.00   .5565285E-09
 56.0    5950.00   .5309715E-09
 56.0    5960.00   .5122779E-09
 56.0    5970.00   .5038851E-09
 56.0    5980.00   .4901223E-09
 56.0    5990.00   .4772043E-09
 56.0    6000.00   .4707760E-09
 56.0    6010.00   .4680099E-09
 56.0    6020.00   .4686278E-09
 56.0    6030.00   .4697686E-09
 56.0    6040.00   .4644698E-09
 56.0    6050.00   .4680118E-09
 56.0    6060.00   .4648266E-09
 56.0    6070.00   .4659593E-09
 56.0    6080.00   .4603287E-09
 56.0    6090.00   .4633449E-09
 56.0    6100.00   .4644545E-09
 56.0    6110.00   .4551625E-09
 56.0    6120.00   .4546144E-09
 56.0    6130.00   .4532471E-09
 56.0    6140.00   .4488057E-09
 56.0    6150.00   .4526059E-09
 56.0    6160.00   .4685308E-09
 56.0    6170.00   .4730956E-09
 56.0    6180.00   .4632014E-09
 56.0    6190.00   .4648258E-09
 56.0    6200.00   .4754974E-09
 56.0    6210.00   .4710322E-09
 56.0    6220.00   .4768362E-09
 56.0    6230.00   .4771751E-09
 56.0    6240.00   .4760901E-09
 56.0    6250.00   .4693953E-09
 56.0    6260.00   .4835128E-09
 56.0    6270.00   .4872633E-09
 56.0    6280.00   .4817199E-09
 56.0    6290.00   .5055013E-09
 56.0    6300.00   .5198507E-09
 56.0    6310.00   .5289230E-09
 56.0    6320.00   .5683813E-09
 56.0    6330.00   .5830295E-09
 56.0    6340.00   .6093161E-09
 56.0    6350.00   .6446278E-09
 56.0    6360.00   .6860130E-09
 56.0    6370.00   .7156082E-09
 56.0    6380.00   .7307210E-09
 56.0    6390.00   .7708213E-09
 56.0    6400.00   .7971967E-09
 56.0    6410.00   .8147845E-09
 56.0    6420.00   .8330197E-09
 56.0    6430.00   .8700564E-09
 56.0    6440.00   .8698497E-09
 56.0    6450.00   .8692003E-09
 56.0    6460.00   .8930100E-09
 56.0    6470.00   .8934838E-09
 56.0    6480.00   .8997118E-09
 56.0    6490.00   .9029030E-09
 56.0    6500.00   .9327514E-09
 56.0    6510.00   .9288710E-09
 56.0    6520.00   .8939979E-09
 56.0    6530.00   .8890712E-09
 56.0    6540.00   .8939780E-09
 56.0    6550.00   .8765060E-09
 56.0    6560.00   .8582659E-09
 56.0    6570.00   .8535391E-09
 56.0    6580.00   .8244350E-09
 56.0    6590.00   .7939776E-09
 56.0    6600.00   .7631363E-09
 56.0    6610.00   .7236233E-09
 56.0    6620.00   .6974431E-09
 56.0    6630.00   .6846444E-09
 56.0    6640.00   .6414574E-09
 56.0    6650.00   .6164641E-09
 56.0    6660.00   .5955164E-09
 56.0    6670.00   .5863027E-09
 56.0    6680.00   .5754416E-09
 56.0    6690.00   .5310159E-09
 56.0    6700.00   .5221439E-09
 56.0    6710.00   .5169363E-09
 56.0    6720.00   .5166315E-09
 56.0    6730.00   .5380548E-09
 56.0    6740.00   .5054874E-09
 56.0    6750.00   .5001302E-09
 56.0    6760.00   .4861047E-09
 56.0    6770.00   .4578627E-09
 56.0    6780.00   .4726295E-09
 56.0    6790.00   .4488203E-09
 56.0    6800.00   .4398321E-09
 56.0    6810.00   .4532601E-09
 56.0    6820.00   .4481420E-09
 56.0    6830.00   .4332646E-09
 56.0    6840.00   .4226581E-09
 56.0    6850.00   .4495696E-09
 56.0    6860.00   .4320700E-09
 56.0    6870.00   .4154142E-09
 56.0    6880.00   .4195715E-09
 56.0    6890.00   .4115276E-09
 56.0    6900.00   .4151012E-09
 56.0    6910.00   .4184672E-09
 56.0    6920.00   .4214151E-09
 56.0    6930.00   .4261907E-09
 56.0    6940.00   .4251898E-09
 56.0    6950.00   .4287141E-09
 56.0    6960.00   .4163052E-09
 56.0    6970.00   .4023014E-09
 56.0    6980.00   .4098928E-09
 56.0    6990.00   .4065602E-09
 56.0    7000.00   .3894306E-09
 56.0    7010.00   .3686883E-09
 56.0    7020.00   .3681898E-09
 56.0    7030.00   .3713345E-09
 56.0    7040.00   .3747806E-09
 56.0    7050.00   .3763561E-09
 56.0    7060.00   .3825710E-09
 56.0    7070.00   .3920911E-09
 56.0    7080.00   .3972278E-09
 56.0    7090.00   .4050441E-09
 56.0    7100.00   .4152433E-09
 56.0    7110.00   .4293406E-09
 56.0    7120.00   .4511785E-09
 56.0    7130.00   .4617056E-09
 56.0    7140.00   .4709545E-09
 56.0    7150.00   .4815877E-09
 56.0    7160.00   .4943299E-09
 56.0    7170.00   .4869362E-09
 56.0    7180.00   .4896414E-09
 56.0    7190.00   .4895147E-09
 56.0    7200.00   .4895002E-09
 56.0    7210.00   .4953109E-09
 56.0    7220.00   .4935632E-09
 56.0    7230.00   .4860070E-09
 56.0    7240.00   .4862806E-09
 56.0    7250.00   .4917826E-09
 56.0    7260.00   .4982738E-09
 56.0    7270.00   .5076887E-09
 56.0    7280.00   .5169587E-09
 56.0    7290.00   .5222973E-09
 56.0    7300.00   .5271510E-09
 56.0    7310.00   .5431705E-09
 56.0    7320.00   .5523066E-09
 56.0    7330.00   .5656133E-09
 56.0    7340.00   .5800679E-09
 56.0    7350.00   .5850290E-09
 56.0    7360.00   .5913696E-09
 56.0    7370.00   .5876544E-09
 56.0    7380.00   .5777139E-09
 56.0    7390.00   .5675254E-09
 56.0    7400.00   .5405114E-09
 56.0    7410.00   .5128175E-09
 56.0    7420.00   .4927287E-09
 56.0    7430.00   .4668033E-09
 56.0    7440.00   .4431906E-09
 56.0    7450.00   .4228865E-09
 56.0    7460.00   .4086705E-09
 56.0    7470.00   .4009294E-09
 56.0    7480.00   .4254138E-09
 56.0    7490.00   .3611718E-09
 56.0    7500.00   .3172280E-09
 56.0    7510.00   .3936774E-09
 56.0    7520.00   .3700607E-09
 56.0    7530.00   .3890941E-09
 56.0    7540.00   .4174135E-09
 56.0    7550.00   .4342892E-09
 56.0    7560.00   .4450196E-09
 56.0    7570.00   .4632217E-09
 56.0    7580.00   .4753310E-09
 56.0    7590.00   .4582298E-09
 56.0    7600.00   .4445668E-09
 56.0    7610.00   .4463812E-09
 56.0    7620.00   .4587284E-09
 56.0    7630.00   .4507521E-09
 56.0    7640.00   .4423451E-09
 56.0    7650.00   .4515951E-09
 56.0    7660.00   .4617618E-09
 56.0    7670.00   .4579588E-09
 56.0    7680.00   .4508032E-09
 56.0    7690.00   .4380711E-09
 56.0    7700.00   .4221395E-09
 56.0    7710.00   .4152312E-09
 56.0    7720.00   .4083409E-09
 56.0    7730.00   .3943485E-09
 56.0    7740.00   .3824826E-09
 56.0    7750.00   .3681881E-09
 56.0    7760.00   .3599049E-09
 56.0    7770.00   .3509710E-09
 56.0    7780.00   .3424652E-09
 56.0    7790.00   .3311244E-09
 56.0    7800.00   .3145473E-09
 56.0    7810.00   .3018942E-09
 56.0    7820.00   .2995522E-09
 56.0    7830.00   .2961522E-09
 56.0    7840.00   .2919210E-09
 56.0    7850.00   .2784142E-09
 56.0    7860.00   .2681447E-09
 56.0    7870.00   .2630470E-09
 56.0    7880.00   .2602535E-09
 56.0    7890.00   .2492524E-09
 56.0    7900.00   .2414518E-09
 56.0    7910.00   .2314678E-09
 56.0    7920.00   .2346472E-09
 56.0    7930.00   .2303480E-09
 56.0    7940.00   .2220391E-09
 56.0    7950.00   .2173031E-09
 56.0    7960.00   .2179121E-09
 56.0    7970.00   .2183465E-09
 56.0    7980.00   .2037690E-09
 56.0    7990.00   .1967474E-09
 56.0    8000.00   .2018851E-09
 56.0    8010.00   .2001566E-09
 56.0    8020.00   .1988441E-09
 56.0    8030.00   .1919248E-09
 56.0    8040.00   .1764222E-09
 56.0    8050.00   .1776437E-09
 56.0    8060.00   .2150329E-09
 56.0    8070.00   .1442467E-09
 56.0    8080.00   .1263024E-09
 56.0    8090.00   .1248058E-09
 56.0    8100.00   .1149929E-09
 56.0    8110.00   .1102820E-09
 56.0    8120.00   .1050695E-09
 56.0    8130.00   .9827272E-10
 56.0    8140.00   .8554899E-10
 56.0    8150.00   .7495458E-10
 56.0    8160.00   .7035490E-10
 56.0    8170.00   .7200499E-10
 56.0    8180.00   .6980471E-10
 56.0    8190.00   .6360699E-10
 56.0    8200.00   .6137166E-10
 56.0    8210.00   .6417215E-10
 56.0    8220.00   .6618592E-10
 56.0    8230.00   .6570249E-10
 56.0    8240.00   .6441961E-10
 56.0    8250.00   .6491856E-10
 56.0    8260.00   .6943013E-10
 56.0    8270.00   .7602097E-10
 56.0    8280.00   .8720107E-10
 56.0    8290.00   .9600554E-10
 56.0    8300.00   .9175538E-10
 56.0    8310.00   .9414618E-10
 56.0    8320.00   .1009779E-09
 56.0    8330.00   .1125112E-09
 56.0    8340.00   .1312162E-09
 56.0    8350.00   .1500160E-09
 56.0    8360.00   .1680018E-09
 56.0    8370.00   .1829582E-09
 56.0    8380.00   .2008186E-09
 56.0    8390.00   .2191353E-09
 56.0    8400.00   .2483586E-09
 56.0    8410.00   .2859254E-09
 56.0    8420.00   .3005857E-09
 56.0    8430.00   .2979814E-09
 56.0    8440.00   .2974851E-09
 56.0    8450.00   .3046271E-09
 56.0    8460.00   .3124462E-09
 56.0    8470.00   .3373615E-09
 56.0    8480.00   .3637458E-09
 56.0    8490.00   .3595308E-09
 56.0    8500.00   .3561624E-09
 56.0    8510.00   .3486739E-09
 56.0    8520.00   .3408997E-09
 56.0    8530.00   .3527638E-09
 56.0    8540.00   .3915850E-09
 56.0    8550.00   .4004855E-09
 56.0    8560.00   .3872386E-09
 56.0    8570.00   .3776944E-09
 56.0    8580.00   .3814786E-09
 56.0    8590.00   .3880319E-09
 56.0    8600.00   .4375903E-09
 56.0    8610.00   .4605478E-09
 56.0    8620.00   .4341408E-09
 56.0    8630.00   .4094689E-09
 56.0    8640.00   .4341526E-09
 56.0    8650.00   .4729904E-09
 56.0    8660.00   .4823834E-09
 56.0    8670.00   .4801920E-09
 56.0    8680.00   .4686178E-09
 56.0    8690.00   .4335256E-09
 56.0    8700.00   .4362941E-09
 56.0    8710.00   .4460971E-09
 56.0    8720.00   .4769786E-09
 56.0    8730.00   .4848850E-09
 56.0    8740.00   .4463451E-09
 56.0    8750.00   .4172310E-09
 56.0    8760.00   .4111247E-09
 56.0    8770.00   .4266560E-09
 56.0    8780.00   .4361210E-09
 56.0    8790.00   .4265451E-09
 56.0    8800.00   .4304391E-09
 56.0    8810.00   .4189770E-09
 56.0    8820.00   .4054612E-09
 56.0    8830.00   .3869158E-09
 56.0    8840.00   .3887073E-09
 56.0    8850.00   .4052633E-09
 56.0    8860.00   .3786413E-09
 56.0    8870.00   .3723891E-09
 56.0    8880.00   .3769951E-09
 56.0    8890.00   .3616811E-09
 56.0    8900.00   .3577269E-09
 56.0    8910.00   .3671345E-09
 56.0    8920.00   .3618595E-09
 56.0    8930.00   .3455384E-09
 56.0    8940.00   .3410913E-09
 56.0    8950.00   .3376414E-09
 56.0    8960.00   .3420858E-09
 56.0    8970.00   .3530540E-09
 56.0    8980.00   .3531570E-09
 56.0    8990.00   .3407482E-09
 56.0    9000.00   .3236764E-09
 56.0    9010.00   .3256746E-09
 56.0    9020.00   .3195782E-09
 56.0    9030.00   .3218659E-09
 56.0    9040.00   .3225455E-09
 56.0    9050.00   .3230675E-09
 56.0    9060.00   .3311093E-09
 56.0    9070.00   .3341974E-09
 56.0    9080.00   .3439414E-09
 56.0    9090.00   .3691793E-09
 56.0    9100.00   .3457212E-09
 56.0    9110.00   .3215310E-09
 56.0    9120.00   .3176370E-09
 56.0    9130.00   .3001493E-09
 56.0    9140.00   .3123362E-09
 56.0    9150.00   .3180597E-09
 56.0    9160.00   .3159360E-09
 56.0    9170.00   .3008347E-09
 56.0    9180.00   .2612679E-09
 56.0    9190.00   .2604651E-09
 56.0    9200.00   .2708939E-09
 56.0    9210.00   .2804380E-09
 56.0    9220.00   .2699181E-09
 56.0    9230.00   .3423640E-09
 56.0    9240.00   .3543166E-09
 56.0    9250.00   .2491014E-09
 56.0    9260.00   .2583959E-09
 56.0    9270.00   .2534686E-09
 56.0    9280.00   .2507865E-09
 56.0    9290.00   .2662570E-09
 56.0    9300.00   .2723826E-09
 56.0    9310.00   .2928016E-09
 56.0    9320.00   .2762797E-09
 56.0    9330.00   .2769739E-09
 56.0    9340.00   .2761549E-09
 56.0    9350.00   .2849622E-09
 56.0    9360.00   .2578049E-09
 56.0    9370.00   .2952395E-09
 56.0    9380.00   .3639284E-09
 56.0    9390.00   .3459619E-09
 56.0    9400.00   .3369950E-09
 56.0    9410.00   .3359618E-09
 56.0    9420.00   .2969417E-09
 56.0    9430.00   .3017911E-09
 56.0    9440.00   .3215389E-09
 56.0    9450.00   .3166082E-09
 56.0    9460.00   .3061909E-09
 56.0    9470.00   .2801866E-09
 56.0    9480.00   .2663775E-09
 56.0    9490.00   .2762405E-09
 56.0    9500.00   .2709761E-09
 56.0    9510.00   .2752870E-09
 56.0    9520.00   .2462107E-09
 56.0    9530.00   .2366035E-09
 56.0    9540.00   .2610668E-09
 56.0    9550.00   .2621934E-09
 56.0    9560.00   .2601784E-09
 56.0    9570.00   .2449818E-09
 56.0    9580.00   .2512917E-09
 56.0    9590.00   .2551979E-09
 56.0    9600.00   .2359527E-09
 56.0    9610.00   .2681815E-09
 56.0    9620.00   .2630725E-09
 56.0    9630.00   .2587514E-09
 56.0    9640.00   .2980577E-09
 56.0    9650.00   .2779785E-09
 56.0    9660.00   .2664822E-09
 56.0    9670.00   .2822626E-09
 56.0    9680.00   .3091208E-09
 56.0    9690.00   .3338301E-09
 56.0    9700.00   .3271424E-09
 56.0    9710.00   .3659487E-09
 56.0    9720.00   .3954385E-09
 56.0    9730.00   .3669191E-09
 56.0    9740.00   .3516116E-09
 56.0    9750.00   .3710779E-09
 56.0    9760.00   .3920067E-09
 56.0    9770.00   .4045662E-09
 56.0    9780.00   .3932767E-09
 56.0    9790.00   .3792046E-09
 56.0    9800.00   .4393796E-09
 56.0    9810.00   .4310261E-09
 56.0    9820.00   .4030158E-09
 56.0    9830.00   .4244907E-09
 56.0    9840.00   .4497794E-09
 56.0    9850.00   .4675112E-09
 56.0    9860.00   .4259944E-09
 56.0    9870.00   .4056666E-09
 56.0    9880.00   .4444621E-09
 56.0    9890.00   .4281064E-09
 56.0    9900.00   .4088661E-09
 56.0    9910.00   .4084239E-09
 56.0    9920.00   .3913637E-09
 56.0    9930.00   .3899331E-09
 56.0    9940.00   .4271234E-09
 56.0    9950.00   .4503087E-09
 56.0    9960.00   .3959541E-09
 56.0    9970.00   .3476892E-09
 56.0    9980.00   .3438473E-09
 56.0    9990.00   .3885617E-09
 56.0   10000.00   .3822532E-09
 56.0   10010.00   .3801730E-09
 56.0   10020.00   .3780860E-09
 56.0   10030.00   .3759912E-09
 56.0   10040.00   .3738898E-09
 56.0   10050.00   .3717809E-09
 56.0   10060.00   .3696650E-09
 56.0   10070.00   .3675422E-09
 56.0   10080.00   .3654118E-09
 56.0   10090.00   .3632748E-09
 56.0   10100.00   .3611300E-09
 56.0   10110.00   .3589780E-09
 56.0   10120.00   .3568195E-09
 56.0   10130.00   .3546533E-09
 56.0   10140.00   .3524800E-09
 56.0   10150.00   .3502995E-09
 56.0   10160.00   .3481120E-09
 56.0   10170.00   .3459172E-09
 56.0   10180.00   .3437151E-09
 56.0   10190.00   .3415059E-09
 56.0   10200.00   .3392894E-09
 56.0   10210.00   .3370659E-09
 56.0   10220.00   .3348351E-09
 56.0   10230.00   .3325970E-09
 56.0   10240.00   .3303518E-09
 56.0   10250.00   .3280994E-09
 56.0   10260.00   .3258397E-09
 56.0   10270.00   .3235725E-09
 56.0   10280.00   .3212987E-09
 56.0   10290.00   .3190176E-09
 56.0   10300.00   .3167290E-09
 56.0   10310.00   .3144333E-09
 56.0   10320.00   .3121307E-09
 56.0   10330.00   .3098204E-09
 56.0   10340.00   .3075033E-09
 56.0   10350.00   .3051788E-09
 56.0   10360.00   .3028472E-09
 56.0   10370.00   .3005085E-09
 56.0   10380.00   .2981625E-09
 56.0   10390.00   .2958093E-09
 56.0   10400.00   .2934489E-09
 56.0   10410.00   .2910814E-09
 56.0   10420.00   .2887070E-09
 56.0   10430.00   .2863250E-09
 56.0   10440.00   .2839360E-09
 56.0   10450.00   .2815399E-09
 56.0   10460.00   .2791366E-09
 56.0   10470.00   .2767264E-09
 56.0   10480.00   .2743088E-09
 56.0   10490.00   .2718841E-09
 56.0   10500.00   .2694522E-09
 56.0   10510.00   .2670134E-09
 56.0   10520.00   .2645676E-09
 56.0   10530.00   .2621147E-09
 56.0   10540.00   .2596547E-09
 56.0   10550.00   .2571875E-09
 56.0   10560.00   .2547134E-09
 56.0   10570.00   .2522320E-09
 56.0   10580.00   .2497438E-09
 56.0   10590.00   .2472486E-09
 56.0   10600.00   .2447464E-09
 56.0   10610.00   .2422371E-09
 56.0   10620.00   .2397207E-09
 56.0   10630.00   .2371976E-09
 56.0   10640.00   .2346673E-09
 56.0   10650.00   .2321302E-09
 56.0   10660.00   .2295864E-09
 56.0   10670.00   .2270352E-09
 56.0   10680.00   .2244773E-09
 56.0   10690.00   .2219125E-09
 56.0   10700.00   .2193408E-09
 56.0   10710.00   .2167620E-09
 56.0   10720.00   .2141765E-09
 56.0   10730.00   .2115844E-09
 56.0   10740.00   .2089852E-09
 56.0   10750.00   .2063792E-09
 56.0   10760.00   .2037667E-09
 56.0   10770.00   .2011470E-09
 56.0   10780.00   .1985205E-09
 56.0   10790.00   .1958874E-09
 56.0   10800.00   .1932476E-09
 56.0   10810.00   .1906008E-09
 56.0   10820.00   .1879477E-09
 56.0   10830.00   .1852879E-09
 56.0   10840.00   .1826210E-09
 56.0   10850.00   .1799476E-09
 56.0   10860.00   .1772676E-09
 56.0   10870.00   .1745809E-09
 56.0   10880.00   .1718876E-09
 56.0   10890.00   .1691877E-09
 56.0   10900.00   .1664813E-09
 56.0   10910.00   .1637684E-09
 56.0   10920.00   .1610488E-09
 56.0   10930.00   .1583226E-09
 56.0   10940.00   .1555900E-09
 56.0   10950.00   .1528508E-09
 56.0   10960.00   .1501052E-09
 56.0   10970.00   .1473532E-09
 56.0   10980.00   .1445946E-09
 56.0   10990.00   .1418297E-09
 56.0   11000.00   .1390584E-09
 56.0   11010.00   .1362807E-09
 56.0   11020.00   .1334967E-09
 56.0   11030.00   .1307061E-09
 56.0   11040.00   .1279093E-09
 56.0   11050.00   .1251065E-09
 56.0   11060.00   .1222970E-09
 56.0   11070.00   .1194814E-09
 56.0   11080.00   .1166596E-09
 56.0   11090.00   .1138316E-09
 56.0   11100.00   .1109974E-09
 56.0   11110.00   .1081569E-09
 56.0   11120.00   .1053104E-09
 56.0   11130.00   .1024578E-09
 56.0   11140.00   .9959887E-10
 56.0   11150.00   .9673396E-10
 56.0   11160.00   .9386304E-10
 56.0   11170.00   .9098616E-10
 56.0   11180.00   .8810302E-10
 56.0   11190.00   .8521408E-10
 56.0   11200.00   .8231916E-10
 56.0   11210.00   .7941824E-10
 56.0   11220.00   .7651146E-10
 56.0   11230.00   .7359875E-10
 56.0   11240.00   .7068012E-10
 56.0   11250.00   .6775575E-10
 56.0   11260.00   .6482548E-10
 56.0   11270.00   .6188946E-10
 56.0   11280.00   .5894765E-10
 56.0   11290.00   .5600008E-10
 56.0   11300.00   .5304684E-10
 56.0   11310.00   .5309551E-10
 56.0   11320.00   .5314401E-10
 56.0   11330.00   .5319237E-10
 56.0   11340.00   .5324055E-10
 56.0   11350.00   .5328858E-10
 56.0   11360.00   .5333640E-10
 56.0   11370.00   .5338413E-10
 56.0   11380.00   .5343161E-10
 56.0   11390.00   .5347900E-10
 56.0   11400.00   .5352612E-10
 56.0   11410.00   .5357313E-10
 56.0   11420.00   .5361999E-10
 56.0   11430.00   .5366664E-10
 56.0   11440.00   .5371310E-10
 56.0   11450.00   .5375942E-10
 56.0   11460.00   .5380555E-10
 56.0   11470.00   .5385154E-10
 56.0   11480.00   .5389731E-10
 56.0   11490.00   .5394290E-10
 56.0   11500.00   .5398836E-10
 56.0   11510.00   .5403360E-10
 56.0   11520.00   .5407867E-10
 56.0   11530.00   .5412354E-10
 56.0   11540.00   .5416828E-10
 56.0   11550.00   .5421278E-10
 56.0   11560.00   .5425711E-10
 56.0   11570.00   .5430126E-10
 56.0   11580.00   .5434520E-10
 56.0   11590.00   .5438899E-10
 56.0   11600.00   .5443257E-10
 56.0   11610.00   .5447596E-10
 56.0   11620.00   .5451917E-10
 56.0   11630.00   .5456216E-10
 56.0   11640.00   .5460495E-10
 56.0   11650.00   .5464765E-10
 56.0   11660.00   .5469004E-10
 56.0   11670.00   .5473225E-10
 56.0   11680.00   .5477433E-10
 56.0   11690.00   .5481614E-10
 56.0   11700.00   .5485776E-10
 56.0   11710.00   .5489924E-10
 56.0   11720.00   .5494048E-10
 56.0   11730.00   .5498154E-10
 56.0   11740.00   .5502232E-10
 56.0   11750.00   .5506301E-10
 56.0   11760.00   .5510342E-10
 56.0   11770.00   .5514362E-10
 56.0   11780.00   .5518368E-10
 56.0   11790.00   .5522350E-10
 56.0   11800.00   .5526310E-10
 56.0   11810.00   .5530251E-10
 56.0   11820.00   .5534169E-10
 56.0   11830.00   .5538067E-10
 56.0   11840.00   .5541944E-10
 56.0   11850.00   .5545800E-10
 56.0   11860.00   .5549633E-10
 56.0   11870.00   .5553445E-10
 56.0   11880.00   .5557238E-10
 56.0   11890.00   .5561007E-10
 56.0   11900.00   .5564755E-10
 56.0   11910.00   .5568480E-10
 56.0   11920.00   .5572186E-10
 56.0   11930.00   .5575866E-10
 56.0   11940.00   .5579530E-10
 56.0   11950.00   .5583166E-10
 56.0   11960.00   .5586781E-10
 56.0   11970.00   .5590376E-10
 56.0   11980.00   .5593945E-10
 56.0   11990.00   .5597492E-10
 56.0   12000.00   .5601018E-10
 56.0   12010.00   .5604522E-10
 56.0   12020.00   .5608002E-10
 56.0   12030.00   .5611459E-10
 56.0   12040.00   .5614894E-10
 56.0   12050.00   .5618307E-10
 56.0   12060.00   .5621695E-10
 56.0   12070.00   .5625060E-10
 56.0   12080.00   .5628399E-10
 56.0   12090.00   .5631717E-10
 56.0   12100.00   .5635012E-10
 56.0   12110.00   .5638283E-10
 56.0   12120.00   .5641528E-10
 56.0   12130.00   .5644756E-10
 56.0   12140.00   .5647951E-10
 56.0   12150.00   .5651129E-10
 56.0   12160.00   .5654280E-10
 56.0   12170.00   .5657408E-10
 56.0   12180.00   .5660509E-10
 56.0   12190.00   .5663592E-10
 56.0   12200.00   .5666645E-10
 56.0   12210.00   .5669676E-10
 56.0   12220.00   .5672681E-10
 56.0   12230.00   .5675658E-10
 56.0   12240.00   .5678614E-10
 56.0   12250.00   .5681545E-10
 56.0   12260.00   .5684454E-10
 56.0   12270.00   .5687332E-10
 56.0   12280.00   .5690188E-10
 56.0   12290.00   .5693021E-10
 56.0   12300.00   .5695828E-10
 56.0   12310.00   .5698604E-10
 56.0   12320.00   .5701360E-10
 56.0   12330.00   .5704089E-10
 56.0   12340.00   .5706789E-10
 56.0   12350.00   .5709469E-10
 56.0   12360.00   .5712122E-10
 56.0   12370.00   .5714747E-10
 56.0   12380.00   .5717344E-10
 56.0   12390.00   .5719920E-10
 56.0   12400.00   .5722464E-10
 56.0   12410.00   .5724988E-10
 56.0   12420.00   .5727481E-10
 56.0   12430.00   .5729950E-10
 56.0   12440.00   .5732392E-10
 56.0   12450.00   .5734807E-10
 56.0   12460.00   .5737195E-10
 56.0   12470.00   .5739556E-10
 56.0   12480.00   .5741892E-10
 56.0   12490.00   .5744202E-10
 56.0   12500.00   .5746485E-10
 56.0   12510.00   .5749817E-10
 56.0   12520.00   .5753128E-10
 56.0   12530.00   .5756408E-10
 56.0   12540.00   .5759653E-10
 56.0   12550.00   .5762875E-10
 56.0   12560.00   .5766063E-10
 56.0   12570.00   .5769233E-10
 56.0   12580.00   .5772368E-10
 56.0   12590.00   .5775471E-10
 56.0   12600.00   .5778550E-10
 56.0   12610.00   .5781600E-10
 56.0   12620.00   .5784618E-10
 56.0   12630.00   .5787606E-10
 56.0   12640.00   .5790564E-10
 56.0   12650.00   .5793496E-10
 56.0   12660.00   .5796392E-10
 56.0   12670.00   .5799263E-10
 56.0   12680.00   .5802103E-10
 56.0   12690.00   .5804915E-10
 56.0   12700.00   .5807694E-10
 56.0   12710.00   .5810445E-10
 56.0   12720.00   .5813162E-10
 56.0   12730.00   .5815852E-10
 56.0   12740.00   .5818509E-10
 56.0   12750.00   .5821135E-10
 56.0   12760.00   .5823734E-10
 56.0   12770.00   .5826302E-10
 56.0   12780.00   .5828835E-10
 56.0   12790.00   .5831340E-10
 56.0   12800.00   .5833813E-10
 56.0   12810.00   .5836254E-10
 56.0   12820.00   .5838660E-10
 56.0   12830.00   .5841040E-10
 56.0   12840.00   .5843389E-10
 56.0   12850.00   .5845704E-10
 56.0   12860.00   .5847984E-10
 56.0   12870.00   .5850237E-10
 56.0   12880.00   .5852459E-10
 56.0   12890.00   .5854641E-10
 56.0   12900.00   .5856804E-10
 56.0   12910.00   .5858928E-10
 56.0   12920.00   .5861027E-10
 56.0   12930.00   .5863096E-10
 56.0   12940.00   .5865128E-10
 56.0   12950.00   .5867134E-10
 56.0   12960.00   .5869111E-10
 56.0   12970.00   .5871054E-10
 56.0   12980.00   .5872969E-10
 56.0   12990.00   .5874853E-10
 56.0   13000.00   .5876710E-10
 56.0   13010.00   .5878537E-10
 56.0   13020.00   .5880332E-10
 56.0   13030.00   .5882101E-10
 56.0   13040.00   .5883840E-10
 56.0   13050.00   .5885550E-10
 56.0   13060.00   .5887234E-10
 56.0   13070.00   .5888888E-10
 56.0   13080.00   .5890515E-10
 56.0   13090.00   .5892110E-10
 56.0   13100.00   .5893680E-10
 56.0   13110.00   .5895226E-10
 56.0   13120.00   .5896740E-10
 56.0   13130.00   .5898226E-10
 56.0   13140.00   .5899687E-10
 56.0   13150.00   .5901117E-10
 56.0   13160.00   .5902525E-10
 56.0   13170.00   .5903909E-10
 56.0   13180.00   .5905256E-10
 56.0   13190.00   .5906585E-10
 56.0   13200.00   .5907886E-10
 56.0   13210.00   .5909162E-10
 56.0   13220.00   .5910408E-10
 56.0   13230.00   .5911635E-10
 56.0   13240.00   .5912831E-10
 56.0   13250.00   .5914002E-10
 56.0   13260.00   .5915150E-10
 56.0   13270.00   .5916271E-10
 56.0   13280.00   .5917368E-10
 56.0   13290.00   .5918441E-10
 56.0   13300.00   .5919490E-10
 56.0   13310.00   .5920514E-10
 56.0   13320.00   .5921511E-10
 56.0   13330.00   .5922489E-10
 56.0   13340.00   .5923440E-10
 56.0   13350.00   .5924369E-10
 56.0   13360.00   .5925275E-10
 56.0   13370.00   .5926157E-10
 56.0   13380.00   .5927010E-10
 56.0   13390.00   .5927848E-10
 56.0   13400.00   .5928663E-10
 56.0   13410.00   .5929451E-10
 56.0   13420.00   .5930221E-10
 56.0   13430.00   .5930965E-10
 56.0   13440.00   .5931691E-10
 56.0   13450.00   .5932391E-10
 56.0   13460.00   .5933071E-10
 56.0   13470.00   .5933729E-10
 56.0   13480.00   .5934366E-10
 56.0   13490.00   .5934980E-10
 56.0   13500.00   .5935577E-10
 56.0   13510.00   .5936153E-10
 56.0   13520.00   .5936710E-10
 56.0   13530.00   .5937238E-10
 56.0   13540.00   .5937753E-10
 56.0   13550.00   .5938244E-10
 56.0   13560.00   .5938719E-10
 56.0   13570.00   .5939171E-10
 56.0   13580.00   .5939605E-10
 56.0   13590.00   .5940022E-10
 56.0   13600.00   .5940415E-10
 56.0   13610.00   .5940789E-10
 56.0   13620.00   .5941149E-10
 56.0   13630.00   .5941487E-10
 56.0   13640.00   .5941809E-10
 56.0   13650.00   .5942110E-10
 56.0   13660.00   .5942394E-10
 56.0   13670.00   .5942659E-10
 56.0   13680.00   .5942908E-10
 56.0   13690.00   .5943137E-10
 56.0   13700.00   .5943354E-10
 56.0   13710.00   .5935683E-10
 56.0   13720.00   .5927983E-10
 56.0   13730.00   .5920269E-10
 56.0   13740.00   .5912540E-10
 56.0   13750.00   .5904784E-10
 56.0   13760.00   .5897011E-10
 56.0   13770.00   .5889220E-10
 56.0   13780.00   .5881406E-10
 56.0   13790.00   .5873579E-10
 56.0   13800.00   .5865729E-10
 56.0   13810.00   .5857865E-10
 56.0   13820.00   .5849979E-10
 56.0   13830.00   .5842078E-10
 56.0   13840.00   .5834154E-10
 56.0   13850.00   .5826220E-10
 56.0   13860.00   .5818260E-10
 56.0   13870.00   .5810292E-10
 56.0   13880.00   .5802302E-10
 56.0   13890.00   .5794299E-10
 56.0   13900.00   .5786275E-10
 56.0   13910.00   .5778237E-10
 56.0   13920.00   .5770180E-10
 56.0   13930.00   .5762112E-10
 56.0   13940.00   .5754025E-10
 56.0   13950.00   .5745924E-10
 56.0   13960.00   .5737807E-10
 56.0   13970.00   .5729676E-10
 56.0   13980.00   .5721531E-10
 56.0   13990.00   .5713370E-10
 56.0   14000.00   .5705195E-10
 56.0   14010.00   .5697003E-10
 56.0   14020.00   .5688804E-10
 56.0   14030.00   .5680584E-10
 56.0   14040.00   .5672355E-10
 56.0   14050.00   .5664112E-10
 56.0   14060.00   .5655855E-10
 56.0   14070.00   .5647586E-10
 56.0   14080.00   .5639302E-10
 56.0   14090.00   .5631010E-10
 56.0   14100.00   .5622701E-10
 56.0   14110.00   .5614382E-10
 56.0   14120.00   .5606049E-10
 56.0   14130.00   .5597708E-10
 56.0   14140.00   .5589350E-10
 56.0   14150.00   .5580985E-10
 56.0   14160.00   .5572604E-10
 56.0   14170.00   .5564221E-10
 56.0   14180.00   .5555823E-10
 56.0   14190.00   .5547411E-10
 56.0   14200.00   .5538993E-10
 56.0   14210.00   .5530562E-10
 56.0   14220.00   .5522122E-10
 56.0   14230.00   .5513673E-10
 56.0   14240.00   .5505212E-10
 56.0   14250.00   .5496745E-10
 56.0   14260.00   .5488266E-10
 56.0   14270.00   .5479781E-10
 56.0   14280.00   .5471284E-10
 56.0   14290.00   .5462781E-10
 56.0   14300.00   .5454267E-10
 56.0   14310.00   .5445750E-10
 56.0   14320.00   .5437224E-10
 56.0   14330.00   .5428685E-10
 56.0   14340.00   .5420140E-10
 56.0   14350.00   .5411590E-10
 56.0   14360.00   .5403033E-10
 56.0   14370.00   .5394466E-10
 56.0   14380.00   .5385895E-10
 56.0   14390.00   .5377315E-10
 56.0   14400.00   .5368728E-10
 56.0   14410.00   .5360136E-10
 56.0   14420.00   .5351541E-10
 56.0   14430.00   .5342936E-10
 56.0   14440.00   .5334326E-10
 56.0   14450.00   .5325712E-10
 56.0   14460.00   .5317093E-10
 56.0   14470.00   .5308468E-10
 56.0   14480.00   .5299838E-10
 56.0   14490.00   .5291201E-10
 56.0   14500.00   .5282560E-10
 56.0   14510.00   .5273918E-10
 56.0   14520.00   .5265271E-10
 56.0   14530.00   .5256617E-10
 56.0   14540.00   .5247962E-10
 56.0   14550.00   .5239302E-10
 56.0   14560.00   .5230641E-10
 56.0   14570.00   .5221976E-10
 56.0   14580.00   .5213307E-10
 56.0   14590.00   .5204631E-10
 56.0   14600.00   .5195956E-10
 56.0   14610.00   .5187280E-10
 56.0   14620.00   .5178597E-10
 56.0   14630.00   .5169917E-10
 56.0   14640.00   .5161232E-10
 56.0   14650.00   .5152547E-10
 56.0   14660.00   .5143858E-10
 56.0   14670.00   .5135172E-10
 56.0   14680.00   .5126480E-10
 56.0   14690.00   .5117789E-10
 56.0   14700.00   .5109095E-10
 56.0   14710.00   .5100402E-10
 56.0   14720.00   .5091706E-10
 56.0   14730.00   .5083014E-10
 56.0   14740.00   .5074320E-10
 56.0   14750.00   .5065623E-10
 56.0   14760.00   .5056931E-10
 56.0   14770.00   .5048236E-10
 56.0   14780.00   .5039543E-10
 56.0   14790.00   .5030851E-10
 56.0   14800.00   .5022157E-10
 56.0   14810.00   .5013465E-10
 56.0   14820.00   .5004774E-10
 56.0   14830.00   .4996088E-10
 56.0   14840.00   .4987400E-10
 56.0   14850.00   .4978714E-10
 56.0   14860.00   .4970029E-10
 56.0   14870.00   .4961346E-10
 56.0   14880.00   .4952663E-10
 56.0   14890.00   .4943986E-10
 56.0   14900.00   .4935305E-10
 56.0   14910.00   .4926627E-10
 56.0   14920.00   .4917952E-10
 56.0   14930.00   .4909279E-10
 56.0   14940.00   .4900604E-10
 56.0   14950.00   .4891936E-10
 56.0   14960.00   .4883263E-10
 56.0   14970.00   .4874597E-10
 56.0   14980.00   .4865931E-10
 56.0   14990.00   .4857267E-10
 56.0   15000.00   .4848605E-10
 56.0   15010.00   .4847973E-10
 56.0   15020.00   .4847347E-10
 56.0   15030.00   .4846725E-10
 56.0   15040.00   .4846108E-10
 56.0   15050.00   .4845495E-10
 56.0   15060.00   .4844884E-10
 56.0   15070.00   .4844277E-10
 56.0   15080.00   .4843678E-10
 56.0   15090.00   .4843081E-10
 56.0   15100.00   .4842486E-10
 56.0   15110.00   .4841898E-10
 56.0   15120.00   .4841313E-10
 56.0   15130.00   .4840733E-10
 56.0   15140.00   .4840155E-10
 56.0   15150.00   .4839585E-10
 56.0   15160.00   .4839018E-10
 56.0   15170.00   .4838455E-10
 56.0   15180.00   .4837894E-10
 56.0   15190.00   .4837338E-10
 56.0   15200.00   .4836788E-10
 56.0   15210.00   .4836243E-10
 56.0   15220.00   .4835702E-10
 56.0   15230.00   .4835163E-10
 56.0   15240.00   .4834632E-10
 56.0   15250.00   .4834102E-10
 56.0   15260.00   .4833581E-10
 56.0   15270.00   .4833059E-10
 56.0   15280.00   .4832543E-10
 56.0   15290.00   .4832035E-10
 56.0   15300.00   .4831529E-10
 56.0   15310.00   .4831028E-10
 56.0   15320.00   .4830530E-10
 56.0   15330.00   .4830037E-10
 56.0   15340.00   .4829550E-10
 56.0   15350.00   .4829070E-10
 56.0   15360.00   .4828589E-10
 56.0   15370.00   .4828117E-10
 56.0   15380.00   .4827648E-10
 56.0   15390.00   .4827186E-10
 56.0   15400.00   .4826726E-10
 56.0   15410.00   .4826271E-10
 56.0   15420.00   .4825822E-10
 56.0   15430.00   .4825376E-10
 56.0   15440.00   .4824935E-10
 56.0   15450.00   .4824500E-10
 56.0   15460.00   .4824069E-10
 56.0   15470.00   .4823644E-10
 56.0   15480.00   .4823224E-10
 56.0   15490.00   .4822807E-10
 56.0   15500.00   .4822397E-10
 56.0   15510.00   .4821992E-10
 56.0   15520.00   .4821592E-10
 56.0   15530.00   .4821197E-10
 56.0   15540.00   .4820807E-10
 56.0   15550.00   .4820419E-10
 56.0   15560.00   .4820039E-10
 56.0   15570.00   .4819663E-10
 56.0   15580.00   .4819294E-10
 56.0   15590.00   .4818930E-10
 56.0   15600.00   .4818568E-10
 56.0   15610.00   .4818214E-10
 56.0   15620.00   .4817863E-10
 56.0   15630.00   .4817520E-10
 56.0   15640.00   .4817179E-10
 56.0   15650.00   .4816848E-10
 56.0   15660.00   .4816519E-10
 56.0   15670.00   .4816195E-10
 56.0   15680.00   .4815876E-10
 56.0   15690.00   .4815563E-10
 56.0   15700.00   .4815256E-10
 56.0   15710.00   .4814953E-10
 56.0   15720.00   .4814655E-10
 56.0   15730.00   .4814365E-10
 56.0   15740.00   .4814080E-10
 56.0   15750.00   .4813798E-10
 56.0   15760.00   .4813523E-10
 56.0   15770.00   .4813251E-10
 56.0   15780.00   .4812987E-10
 56.0   15790.00   .4812731E-10
 56.0   15800.00   .4812475E-10
 56.0   15810.00   .4812230E-10
 56.0   15820.00   .4811987E-10
 56.0   15830.00   .4811750E-10
 56.0   15840.00   .4811519E-10
 56.0   15850.00   .4811295E-10
 56.0   15860.00   .4811076E-10
 56.0   15870.00   .4810862E-10
 56.0   15880.00   .4810651E-10
 56.0   15890.00   .4810451E-10
 56.0   15900.00   .4810255E-10
 56.0   15910.00   .4810063E-10
 56.0   15920.00   .4809877E-10
 56.0   15930.00   .4809698E-10
 56.0   15940.00   .4809524E-10
 56.0   15950.00   .4809356E-10
 56.0   15960.00   .4809194E-10
 56.0   15970.00   .4809036E-10
 56.0   15980.00   .4808887E-10
 56.0   15990.00   .4808745E-10
 56.0   16000.00   .4808603E-10
 56.0   16010.00   .4808472E-10
 56.0   16020.00   .4808344E-10
 56.0   16030.00   .4808225E-10
 56.0   16040.00   .4808109E-10
 56.0   16050.00   .4808001E-10
 56.0   16060.00   .4807897E-10
 56.0   16070.00   .4807801E-10
 56.0   16080.00   .4807711E-10
 56.0   16090.00   .4807626E-10
 56.0   16100.00   .4807547E-10
 56.0   16110.00   .4807476E-10
 56.0   16120.00   .4807409E-10
 56.0   16130.00   .4807349E-10
 56.0   16140.00   .4807296E-10
 56.0   16150.00   .4807246E-10
 56.0   16160.00   .4807206E-10
 56.0   16170.00   .4807172E-10
 56.0   16180.00   .4807143E-10
 56.0   16190.00   .4807120E-10
 56.0   16200.00   .4807104E-10
 56.0   16210.00   .4807093E-10
 56.0   16220.00   .4807090E-10
 56.0   16230.00   .4807092E-10
 56.0   16240.00   .4807101E-10
 56.0   16250.00   .4807116E-10
 56.0   16260.00   .4805384E-10
 56.0   16270.00   .4803659E-10
 56.0   16280.00   .4801943E-10
 56.0   16290.00   .4800238E-10
 56.0   16300.00   .4798541E-10
 56.0   16310.00   .4796856E-10
 56.0   16320.00   .4795178E-10
 56.0   16330.00   .4793515E-10
 56.0   16340.00   .4791858E-10
 56.0   16350.00   .4790211E-10
 56.0   16360.00   .4788577E-10
 56.0   16370.00   .4786954E-10
 56.0   16380.00   .4785339E-10
 56.0   16390.00   .4783731E-10
 56.0   16400.00   .4782133E-10
 56.0   16410.00   .4780548E-10
 56.0   16420.00   .4778973E-10
 56.0   16430.00   .4777407E-10
 56.0   16440.00   .4775849E-10
 56.0   16450.00   .4774303E-10
 56.0   16460.00   .4772767E-10
 56.0   16470.00   .4771240E-10
 56.0   16480.00   .4769722E-10
 56.0   16490.00   .4768219E-10
 56.0   16500.00   .4766722E-10
 56.0   16510.00   .4765235E-10
 56.0   16520.00   .4763760E-10
 56.0   16530.00   .4762292E-10
 56.0   16540.00   .4760834E-10
 56.0   16550.00   .4759390E-10
 56.0   16560.00   .4757953E-10
 56.0   16570.00   .4756526E-10
 56.0   16580.00   .4755110E-10
 56.0   16590.00   .4753704E-10
 56.0   16600.00   .4752303E-10
 56.0   16610.00   .4750918E-10
 56.0   16620.00   .4749544E-10
 56.0   16630.00   .4748177E-10
 56.0   16640.00   .4746819E-10
 56.0   16650.00   .4745472E-10
 56.0   16660.00   .4744135E-10
 56.0   16670.00   .4742810E-10
 56.0   16680.00   .4741492E-10
 56.0   16690.00   .4740188E-10
 56.0   16700.00   .4738892E-10
 56.0   16710.00   .4737605E-10
 56.0   16720.00   .4736327E-10
 56.0   16730.00   .4735061E-10
 56.0   16740.00   .4733806E-10
 56.0   16750.00   .4732558E-10
 56.0   16760.00   .4731324E-10
 56.0   16770.00   .4730099E-10
 56.0   16780.00   .4728880E-10
 56.0   16790.00   .4727674E-10
 56.0   16800.00   .4726479E-10
 56.0   16810.00   .4725295E-10
 56.0   16820.00   .4724117E-10
 56.0   16830.00   .4722953E-10
 56.0   16840.00   .4721795E-10
 56.0   16850.00   .4720649E-10
 56.0   16860.00   .4719514E-10
 56.0   16870.00   .4718390E-10
 56.0   16880.00   .4717271E-10
 56.0   16890.00   .4716163E-10
 56.0   16900.00   .4715066E-10
 56.0   16910.00   .4713979E-10
 56.0   16920.00   .4712902E-10
 56.0   16930.00   .4711833E-10
 56.0   16940.00   .4710772E-10
 56.0   16950.00   .4709722E-10
 56.0   16960.00   .4708680E-10
 56.0   16970.00   .4707649E-10
 56.0   16980.00   .4706628E-10
 56.0   16990.00   .4705613E-10
 56.0   17000.00   .4704612E-10
 56.0   17010.00   .4703615E-10
 56.0   17020.00   .4702627E-10
 56.0   17030.00   .4701650E-10
 56.0   17040.00   .4700681E-10
 56.0   17050.00   .4699724E-10
 56.0   17060.00   .4698774E-10
 56.0   17070.00   .4697829E-10
 56.0   17080.00   .4696895E-10
 56.0   17090.00   .4695969E-10
 56.0   17100.00   .4695054E-10
 56.0   17110.00   .4694146E-10
 56.0   17120.00   .4693247E-10
 56.0   17130.00   .4692354E-10
 56.0   17140.00   .4691474E-10
 56.0   17150.00   .4690598E-10
 56.0   17160.00   .4689731E-10
 56.0   17170.00   .4688872E-10
 56.0   17180.00   .4688023E-10
 56.0   17190.00   .4687180E-10
 56.0   17200.00   .4686348E-10
 56.0   17210.00   .4685522E-10
 56.0   17220.00   .4684703E-10
 56.0   17230.00   .4683892E-10
 56.0   17240.00   .4683093E-10
 56.0   17250.00   .4682297E-10
 56.0   17260.00   .4681512E-10
 56.0   17270.00   .4680731E-10
 56.0   17280.00   .4679959E-10
 56.0   17290.00   .4679193E-10
 56.0   17300.00   .4678439E-10
 56.0   17310.00   .4677688E-10
 56.0   17320.00   .4676946E-10
 56.0   17330.00   .4676217E-10
 56.0   17340.00   .4675486E-10
 56.0   17350.00   .4674768E-10
 56.0   17360.00   .4674053E-10
 56.0   17370.00   .4673349E-10
 56.0   17380.00   .4672652E-10
 56.0   17390.00   .4671961E-10
 56.0   17400.00   .4671274E-10
 56.0   17410.00   .4670596E-10
 56.0   17420.00   .4669928E-10
 56.0   17430.00   .4669264E-10
 56.0   17440.00   .4668608E-10
 56.0   17450.00   .4667958E-10
 56.0   17460.00   .4667316E-10
 56.0   17470.00   .4666678E-10
 56.0   17480.00   .4666050E-10
 56.0   17490.00   .4665425E-10
 56.0   17500.00   .4664808E-10
 56.0   17510.00   .4664199E-10
 56.0   17520.00   .4663594E-10
 56.0   17530.00   .4662997E-10
 56.0   17540.00   .4662408E-10
 56.0   17550.00   .4661819E-10
 56.0   17560.00   .4661242E-10
 56.0   17570.00   .4660670E-10
 56.0   17580.00   .4660104E-10
 56.0   17590.00   .4659543E-10
 56.0   17600.00   .4658990E-10
 56.0   17610.00   .4658439E-10
 56.0   17620.00   .4657898E-10
 56.0   17630.00   .4657361E-10
 56.0   17640.00   .4656832E-10
 56.0   17650.00   .4656308E-10
 56.0   17660.00   .4655786E-10
 56.0   17670.00   .4655273E-10
 56.0   17680.00   .4654768E-10
 56.0   17690.00   .4654262E-10
 56.0   17700.00   .4653766E-10
 56.0   17710.00   .4653274E-10
 56.0   17720.00   .4652789E-10
 56.0   17730.00   .4652308E-10
 56.0   17740.00   .4651832E-10
 56.0   17750.00   .4651364E-10
 56.0   17760.00   .4650897E-10
 56.0   17770.00   .4650439E-10
 56.0   17780.00   .4649984E-10
 56.0   17790.00   .4649534E-10
 56.0   17800.00   .4649089E-10
 56.0   17810.00   .4648651E-10
 56.0   17820.00   .4648217E-10
 56.0   17830.00   .4647784E-10
 56.0   17840.00   .4647361E-10
 56.0   17850.00   .4646944E-10
 56.0   17860.00   .4646528E-10
 56.0   17870.00   .4646118E-10
 56.0   17880.00   .4645714E-10
 56.0   17890.00   .4645309E-10
 56.0   17900.00   .4644915E-10
 56.0   17910.00   .4644524E-10
 56.0   17920.00   .4644134E-10
 56.0   17930.00   .4643752E-10
 56.0   17940.00   .4643372E-10
 56.0   17950.00   .4642998E-10
 56.0   17960.00   .4642626E-10
 56.0   17970.00   .4642260E-10
 56.0   17980.00   .4641898E-10
 56.0   17990.00   .4641539E-10
 56.0   18000.00   .4641187E-10
 56.0   18010.00   .4625750E-10
 56.0   18020.00   .4610317E-10
 56.0   18030.00   .4594893E-10
 56.0   18040.00   .4579471E-10
 56.0   18050.00   .4564058E-10
 56.0   18060.00   .4548648E-10
 56.0   18070.00   .4533243E-10
 56.0   18080.00   .4517847E-10
 56.0   18090.00   .4502455E-10
 56.0   18100.00   .4487071E-10
 56.0   18110.00   .4471691E-10
 56.0   18120.00   .4456315E-10
 56.0   18130.00   .4440945E-10
 56.0   18140.00   .4425580E-10
 56.0   18150.00   .4410222E-10
 56.0   18160.00   .4394868E-10
 56.0   18170.00   .4379517E-10
 56.0   18180.00   .4364174E-10
 56.0   18190.00   .4348833E-10
 56.0   18200.00   .4333499E-10
 56.0   18210.00   .4318167E-10
 56.0   18220.00   .4302845E-10
 56.0   18230.00   .4287522E-10
 56.0   18240.00   .4272205E-10
 56.0   18250.00   .4256892E-10
 56.0   18260.00   .4241588E-10
 56.0   18270.00   .4226284E-10
 56.0   18280.00   .4210983E-10
 56.0   18290.00   .4195689E-10
 56.0   18300.00   .4180397E-10
 56.0   18310.00   .4165110E-10
 56.0   18320.00   .4149826E-10
 56.0   18330.00   .4134547E-10
 56.0   18340.00   .4119272E-10
 56.0   18350.00   .4103999E-10
 56.0   18360.00   .4088732E-10
 56.0   18370.00   .4073468E-10
 56.0   18380.00   .4058206E-10
 56.0   18390.00   .4042949E-10
 56.0   18400.00   .4027697E-10
 56.0   18410.00   .4012444E-10
 56.0   18420.00   .3997196E-10
 56.0   18430.00   .3981952E-10
 56.0   18440.00   .3966713E-10
 56.0   18450.00   .3951474E-10
 56.0   18460.00   .3936239E-10
 56.0   18470.00   .3921006E-10
 56.0   18480.00   .3905779E-10
 56.0   18490.00   .3890551E-10
 56.0   18500.00   .3875329E-10
 56.0   18510.00   .3860107E-10
 56.0   18520.00   .3844888E-10
 56.0   18530.00   .3829675E-10
 56.0   18540.00   .3814461E-10
 56.0   18550.00   .3799251E-10
 56.0   18560.00   .3784044E-10
 56.0   18570.00   .3768839E-10
 56.0   18580.00   .3753636E-10
 56.0   18590.00   .3738433E-10
 56.0   18600.00   .3723236E-10
 56.0   18610.00   .3708040E-10
 56.0   18620.00   .3692845E-10
 56.0   18630.00   .3677654E-10
 56.0   18640.00   .3662465E-10
 56.0   18650.00   .3647278E-10
 56.0   18660.00   .3632092E-10
 56.0   18670.00   .3616909E-10
 56.0   18680.00   .3601726E-10
 56.0   18690.00   .3586548E-10
 56.0   18700.00   .3571369E-10
 56.0   18710.00   .3556192E-10
 56.0   18720.00   .3541017E-10
 56.0   18730.00   .3525844E-10
 56.0   18740.00   .3510673E-10
 56.0   18750.00   .3495506E-10
 56.0   18760.00   .3480334E-10
 56.0   18770.00   .3465169E-10
 56.0   18780.00   .3450004E-10
 56.0   18790.00   .3434841E-10
 56.0   18800.00   .3419676E-10
 56.0   18810.00   .3404517E-10
 56.0   18820.00   .3389357E-10
 56.0   18830.00   .3374199E-10
 56.0   18840.00   .3359041E-10
 56.0   18850.00   .3343885E-10
 56.0   18860.00   .3328731E-10
 56.0   18870.00   .3313579E-10
 56.0   18880.00   .3298426E-10
 56.0   18890.00   .3283273E-10
 56.0   18900.00   .3268124E-10
 56.0   18910.00   .3252971E-10
 56.0   18920.00   .3237825E-10
 56.0   18930.00   .3222679E-10
 56.0   18940.00   .3207532E-10
 56.0   18950.00   .3192386E-10
 56.0   18960.00   .3177241E-10
 56.0   18970.00   .3162099E-10
 56.0   18980.00   .3146954E-10
 56.0   18990.00   .3131812E-10
 56.0   19000.00   .3116671E-10
 56.0   19010.00   .3101531E-10
 56.0   19020.00   .3086391E-10
 56.0   19030.00   .3071253E-10
 56.0   19040.00   .3056114E-10
 56.0   19050.00   .3040975E-10
 56.0   19060.00   .3025837E-10
 56.0   19070.00   .3010701E-10
 56.0   19080.00   .2995565E-10
 56.0   19090.00   .2980429E-10
 56.0   19100.00   .2965294E-10
 56.0   19110.00   .2950160E-10
 56.0   19120.00   .2935026E-10
 56.0   19130.00   .2919894E-10
 56.0   19140.00   .2904760E-10
 56.0   19150.00   .2889627E-10
 56.0   19160.00   .2874496E-10
 56.0   19170.00   .2859362E-10
 56.0   19180.00   .2844232E-10
 56.0   19190.00   .2829102E-10
 56.0   19200.00   .2813971E-10
 56.0   19210.00   .2798842E-10
 56.0   19220.00   .2783710E-10
 56.0   19230.00   .2768581E-10
 56.0   19240.00   .2753452E-10
 56.0   19250.00   .2738323E-10
 56.0   19260.00   .2723194E-10
 56.0   19270.00   .2708066E-10
 56.0   19280.00   .2692938E-10
 56.0   19290.00   .2677811E-10
 56.0   19300.00   .2662684E-10
 56.0   19310.00   .2647558E-10
 56.0   19320.00   .2632430E-10
 56.0   19330.00   .2617301E-10
 56.0   19340.00   .2602178E-10
 56.0   19350.00   .2587050E-10
 56.0   19360.00   .2571925E-10
 56.0   19370.00   .2556800E-10
 56.0   19380.00   .2541673E-10
 56.0   19390.00   .2526546E-10
 56.0   19400.00   .2511425E-10
 56.0   19410.00   .2496297E-10
 56.0   19420.00   .2481174E-10
 56.0   19430.00   .2466050E-10
 56.0   19440.00   .2450925E-10
 56.0   19450.00   .2435802E-10
 56.0   19460.00   .2420677E-10
 56.0   19470.00   .2405556E-10
 56.0   19480.00   .2390431E-10
 56.0   19490.00   .2375309E-10
 56.0   19500.00   .2360186E-10
 56.0   19510.00   .2345064E-10
 56.0   19520.00   .2329942E-10
 56.0   19530.00   .2314819E-10
 56.0   19540.00   .2299699E-10
 56.0   19550.00   .2284576E-10
 56.0   19560.00   .2269456E-10
 56.0   19570.00   .2254335E-10
 56.0   19580.00   .2239214E-10
 56.0   19590.00   .2224095E-10
 56.0   19600.00   .2208974E-10
 56.0   19610.00   .2193856E-10
 56.0   19620.00   .2178734E-10
 56.0   19630.00   .2163618E-10
 56.0   19640.00   .2148498E-10
 56.0   19650.00   .2133382E-10
 56.0   19660.00   .2118265E-10
 56.0   19670.00   .2103149E-10
 56.0   19680.00   .2088034E-10
 56.0   19690.00   .2072918E-10
 56.0   19700.00   .2057803E-10
 56.0   19710.00   .2042691E-10
 56.0   19720.00   .2027579E-10
 56.0   19730.00   .2012468E-10
 56.0   19740.00   .1997357E-10
 56.0   19750.00   .1982248E-10
 56.0   19760.00   .1967139E-10
 56.0   19770.00   .1952033E-10
 56.0   19780.00   .1936927E-10
 56.0   19790.00   .1921821E-10
 56.0   19800.00   .1906717E-10
 56.0   19810.00   .1891615E-10
 56.0   19820.00   .1876513E-10
 56.0   19830.00   .1861414E-10
 56.0   19840.00   .1846314E-10
 56.0   19850.00   .1831217E-10
 56.0   19860.00   .1816121E-10
 56.0   19870.00   .1801028E-10
 56.0   19880.00   .1785935E-10
 56.0   19890.00   .1770845E-10
 56.0   19900.00   .1755754E-10
 56.0   19910.00   .1740666E-10
 56.0   19920.00   .1725579E-10
 56.0   19930.00   .1710495E-10
 56.0   19940.00   .1695412E-10
 56.0   19950.00   .1680331E-10
 56.0   19960.00   .1665252E-10
 56.0   19970.00   .1650174E-10
 56.0   19980.00   .1635099E-10
 56.0   19990.00   .1620025E-10
 56.0   20000.00   .1604953E-10
 56.0   20010.00   .1589884E-10
 56.0   20020.00   .1574816E-10
 56.0   20030.00   .1559750E-10
 56.0   20040.00   .1544686E-10
 56.0   20050.00   .1529625E-10
 56.0   20060.00   .1514564E-10
 56.0   20070.00   .1499507E-10
 56.0   20080.00   .1484452E-10
 56.0   20090.00   .1469399E-10
 56.0   20100.00   .1454349E-10
 56.0   20110.00   .1454205E-10
 56.0   20120.00   .1454062E-10
 56.0   20130.00   .1453917E-10
 56.0   20140.00   .1453772E-10
 56.0   20150.00   .1453627E-10
 56.0   20160.00   .1453482E-10
 56.0   20170.00   .1453334E-10
 56.0   20180.00   .1453188E-10
 56.0   20190.00   .1453040E-10
 56.0   20200.00   .1452892E-10
 56.0   20210.00   .1452743E-10
 56.0   20220.00   .1452595E-10
 56.0   20230.00   .1452444E-10
 56.0   20240.00   .1452292E-10
 56.0   20250.00   .1452143E-10
 56.0   20260.00   .1451991E-10
 56.0   20270.00   .1451840E-10
 56.0   20280.00   .1451687E-10
 56.0   20290.00   .1451534E-10
 56.0   20300.00   .1451382E-10
 56.0   20310.00   .1451228E-10
 56.0   20320.00   .1451075E-10
 56.0   20330.00   .1450919E-10
 56.0   20340.00   .1450764E-10
 56.0   20350.00   .1450608E-10
 56.0   20360.00   .1450452E-10
 56.0   20370.00   .1450297E-10
 56.0   20380.00   .1450140E-10
 56.0   20390.00   .1449984E-10
 56.0   20400.00   .1449826E-10
 56.0   20410.00   .1449669E-10
 56.0   20420.00   .1449511E-10
 56.0   20430.00   .1449352E-10
 56.0   20440.00   .1449194E-10
 56.0   20450.00   .1449035E-10
 56.0   20460.00   .1448875E-10
 56.0   20470.00   .1448716E-10
 56.0   20480.00   .1448556E-10
 56.0   20490.00   .1448396E-10
 56.0   20500.00   .1448236E-10
 56.0   20510.00   .1448075E-10
 56.0   20520.00   .1447915E-10
 56.0   20530.00   .1447754E-10
 56.0   20540.00   .1447592E-10
 56.0   20550.00   .1447431E-10
 56.0   20560.00   .1447270E-10
 56.0   20570.00   .1447107E-10
 56.0   20580.00   .1446944E-10
 56.0   20590.00   .1446782E-10
 56.0   20600.00   .1446619E-10
 56.0   20610.00   .1446458E-10
 56.0   20620.00   .1446295E-10
 56.0   20630.00   .1446131E-10
 56.0   20640.00   .1445968E-10
 56.0   20650.00   .1445805E-10
 56.0   20660.00   .1445641E-10
 56.0   20670.00   .1445477E-10
 56.0   20680.00   .1445316E-10
 56.0   20690.00   .1445151E-10
 56.0   20700.00   .1444988E-10
 56.0   20710.00   .1444824E-10
 56.0   20720.00   .1444659E-10
 56.0   20730.00   .1444496E-10
 56.0   20740.00   .1444332E-10
 56.0   20750.00   .1444168E-10
 56.0   20760.00   .1444004E-10
 56.0   20770.00   .1443840E-10
 56.0   20780.00   .1443676E-10
 56.0   20790.00   .1443513E-10
 56.0   20800.00   .1443347E-10
 56.0   20810.00   .1443185E-10
 56.0   20820.00   .1443020E-10
 56.0   20830.00   .1442856E-10
 56.0   20840.00   .1442693E-10
 56.0   20850.00   .1442529E-10
 56.0   20860.00   .1442366E-10
 56.0   20870.00   .1442202E-10
 56.0   20880.00   .1442039E-10
 56.0   20890.00   .1441875E-10
 56.0   20900.00   .1441711E-10
 56.0   20910.00   .1441548E-10
 56.0   20920.00   .1441386E-10
 56.0   20930.00   .1441222E-10
 56.0   20940.00   .1441060E-10
 56.0   20950.00   .1440898E-10
 56.0   20960.00   .1440735E-10
 56.0   20970.00   .1440573E-10
 56.0   20980.00   .1440410E-10
 56.0   20990.00   .1440248E-10
 56.0   21000.00   .1440087E-10
 56.0   21010.00   .1439925E-10
 56.0   21020.00   .1439764E-10
 56.0   21030.00   .1439603E-10
 56.0   21040.00   .1439442E-10
 56.0   21050.00   .1439281E-10
 56.0   21060.00   .1439122E-10
 56.0   21070.00   .1438961E-10
 56.0   21080.00   .1438801E-10
 56.0   21090.00   .1438642E-10
 56.0   21100.00   .1438484E-10
 56.0   21110.00   .1438324E-10
 56.0   21120.00   .1438166E-10
 56.0   21130.00   .1438008E-10
 56.0   21140.00   .1437850E-10
 56.0   21150.00   .1437692E-10
 56.0   21160.00   .1437535E-10
 56.0   21170.00   .1437379E-10
 56.0   21180.00   .1437220E-10
 56.0   21190.00   .1437066E-10
 56.0   21200.00   .1436909E-10
 56.0   21210.00   .1436754E-10
 56.0   21220.00   .1436599E-10
 56.0   21230.00   .1436446E-10
 56.0   21240.00   .1436291E-10
 56.0   21250.00   .1436135E-10
 56.0   21260.00   .1435983E-10
 56.0   21270.00   .1435831E-10
 56.0   21280.00   .1435678E-10
 56.0   21290.00   .1435528E-10
 56.0   21300.00   .1435375E-10
 56.0   21310.00   .1435224E-10
 56.0   21320.00   .1435075E-10
 56.0   21330.00   .1434924E-10
 56.0   21340.00   .1434774E-10
 56.0   21350.00   .1434626E-10
 56.0   21360.00   .1434477E-10
 56.0   21370.00   .1434330E-10
 56.0   21380.00   .1434183E-10
 56.0   21390.00   .1434036E-10
 56.0   21400.00   .1433890E-10
 56.0   21410.00   .1433743E-10
 56.0   21420.00   .1433600E-10
 56.0   21430.00   .1433455E-10
 56.0   21440.00   .1433312E-10
 56.0   21450.00   .1433169E-10
 56.0   21460.00   .1433026E-10
 56.0   21470.00   .1432884E-10
 56.0   21480.00   .1432743E-10
 56.0   21490.00   .1432602E-10
 56.0   21500.00   .1432463E-10
 56.0   21510.00   .1432324E-10
 56.0   21520.00   .1432185E-10
 56.0   21530.00   .1432047E-10
 56.0   21540.00   .1431909E-10
 56.0   21550.00   .1431773E-10
 56.0   21560.00   .1431639E-10
 56.0   21570.00   .1431503E-10
 56.0   21580.00   .1431368E-10
 56.0   21590.00   .1431235E-10
 56.0   21600.00   .1431103E-10
 56.0   21610.00   .1430970E-10
 56.0   21620.00   .1430839E-10
 56.0   21630.00   .1430709E-10
 56.0   21640.00   .1430579E-10
 56.0   21650.00   .1430450E-10
 56.0   21660.00   .1430322E-10
 56.0   21670.00   .1430195E-10
 56.0   21680.00   .1430069E-10
 56.0   21690.00   .1429944E-10
 56.0   21700.00   .1429819E-10
 56.0   21710.00   .1429695E-10
 56.0   21720.00   .1429573E-10
 56.0   21730.00   .1429450E-10
 56.0   21740.00   .1429329E-10
 56.0   21750.00   .1429207E-10
 56.0   21760.00   .1429089E-10
 56.0   21770.00   .1428970E-10
 56.0   21780.00   .1428852E-10
 56.0   21790.00   .1428736E-10
 56.0   21800.00   .1428620E-10
 56.0   21810.00   .1428505E-10
 56.0   21820.00   .1428392E-10
 56.0   21830.00   .1428279E-10
 56.0   21840.00   .1428167E-10
 56.0   21850.00   .1428056E-10
 56.0   21860.00   .1427946E-10
 56.0   21870.00   .1427837E-10
 56.0   21880.00   .1427730E-10
 56.0   21890.00   .1427623E-10
 56.0   21900.00   .1427517E-10
 56.0   21910.00   .1427412E-10
 56.0   21920.00   .1427308E-10
 56.0   21930.00   .1427205E-10
 56.0   21940.00   .1427103E-10
 56.0   21950.00   .1427003E-10
 56.0   21960.00   .1426903E-10
 56.0   21970.00   .1426806E-10
 56.0   21980.00   .1426708E-10
 56.0   21990.00   .1426612E-10
 56.0   22000.00   .1426516E-10
 56.0   22010.00   .1426423E-10
 56.0   22020.00   .1426330E-10
 56.0   22030.00   .1426237E-10
 56.0   22040.00   .1426148E-10
 56.0   22050.00   .1426058E-10
 56.0   22060.00   .1425970E-10
 56.0   22070.00   .1425882E-10
 56.0   22080.00   .1425798E-10
 56.0   22090.00   .1425713E-10
 56.0   22100.00   .1425629E-10
 56.0   22110.00   .1425548E-10
 56.0   22120.00   .1425466E-10
 56.0   22130.00   .1425388E-10
 56.0   22140.00   .1425309E-10
 56.0   22150.00   .1425231E-10
 56.0   22160.00   .1425155E-10
 56.0   22170.00   .1425081E-10
 56.0   22180.00   .1425008E-10
 56.0   22190.00   .1424934E-10
 56.0   22200.00   .1424865E-10
 56.0   22210.00   .1424796E-10
 56.0   22220.00   .1424726E-10
 56.0   22230.00   .1424660E-10
 56.0   22240.00   .1424595E-10
 56.0   22250.00   .1424531E-10
 56.0   22260.00   .1424468E-10
 56.0   22270.00   .1424406E-10
 56.0   22280.00   .1424347E-10
 56.0   22290.00   .1424288E-10
 56.0   22300.00   .1424231E-10
 56.0   22310.00   .1424174E-10
 56.0   22320.00   .1424122E-10
 56.0   22330.00   .1424069E-10
 56.0   22340.00   .1424017E-10
 56.0   22350.00   .1423966E-10
 56.0   22360.00   .1423918E-10
 56.0   22370.00   .1423872E-10
 56.0   22380.00   .1423825E-10
 56.0   22390.00   .1423782E-10
 56.0   22400.00   .1423737E-10
 56.0   22410.00   .1423696E-10
 56.0   22420.00   .1423656E-10
 56.0   22430.00   .1423618E-10
 56.0   22440.00   .1423581E-10
 56.0   22450.00   .1423545E-10
 56.0   22460.00   .1423511E-10
 56.0   22470.00   .1423480E-10
 56.0   22480.00   .1423448E-10
 56.0   22490.00   .1423418E-10
 56.0   22500.00   .1423389E-10
 56.0   22510.00   .1423362E-10
 56.0   22520.00   .1423336E-10
 56.0   22530.00   .1423312E-10
 56.0   22540.00   .1423289E-10
 56.0   22550.00   .1423267E-10
 56.0   22560.00   .1423247E-10
 56.0   22570.00   .1423228E-10
 56.0   22580.00   .1423210E-10
 56.0   22590.00   .1423194E-10
 56.0   22600.00   .1423180E-10
 56.0   22610.00   .1423166E-10
 56.0   22620.00   .1423154E-10
 56.0   22630.00   .1423143E-10
 56.0   22640.00   .1423133E-10
 56.0   22650.00   .1423125E-10
 56.0   22660.00   .1423119E-10
 56.0   22670.00   .1423113E-10
 56.0   22680.00   .1423110E-10
 56.0   22690.00   .1423106E-10
 56.0   22700.00   .1423104E-10
 56.0   22710.00   .1423104E-10
 56.0   22720.00   .1423105E-10
 56.0   22730.00   .1423108E-10
 56.0   22740.00   .1423111E-10
 56.0   22750.00   .1423117E-10
 56.0   22760.00   .1423122E-10
 56.0   22770.00   .1423130E-10
 56.0   22780.00   .1423138E-10
 56.0   22790.00   .1423148E-10
 56.0   22800.00   .1423159E-10
 56.0   22810.00   .1423171E-10
 56.0   22820.00   .1423184E-10
 56.0   22830.00   .1423200E-10
 56.0   22840.00   .1423215E-10
 56.0   22850.00   .1423232E-10
 56.0   22860.00   .1423251E-10
 56.0   22870.00   .1423271E-10
 56.0   22880.00   .1423292E-10
 56.0   22890.00   .1423314E-10
 56.0   22900.00   .1423336E-10
 56.0   22910.00   .1423361E-10
 56.0   22920.00   .1423387E-10
 56.0   22930.00   .1423413E-10
 56.0   22940.00   .1423440E-10
 56.0   22950.00   .1423470E-10
 56.0   22960.00   .1423500E-10
 56.0   22970.00   .1423530E-10
 56.0   22980.00   .1423563E-10
 56.0   22990.00   .1423596E-10
 56.0   23000.00   .1423632E-10
 56.0   23010.00   .1423667E-10
 56.0   23020.00   .1423705E-10
 56.0   23030.00   .1423742E-10
 56.0   23040.00   .1423783E-10
 56.0   23050.00   .1423822E-10
 56.0   23060.00   .1423864E-10
 56.0   23070.00   .1423906E-10
 56.0   23080.00   .1423950E-10
 56.0   23090.00   .1423994E-10
 56.0   23100.00   .1424039E-10
 56.0   23110.00   .1424087E-10
 56.0   23120.00   .1424134E-10
 56.0   23130.00   .1424184E-10
 56.0   23140.00   .1424232E-10
 56.0   23150.00   .1424285E-10
 56.0   23160.00   .1424337E-10
 56.0   23170.00   .1424389E-10
 56.0   23180.00   .1424444E-10
 56.0   23190.00   .1424498E-10
 56.0   23200.00   .1424555E-10
 56.0   23210.00   .1424612E-10
 56.0   23220.00   .1424670E-10
 56.0   23230.00   .1424729E-10
 56.0   23240.00   .1424790E-10
 56.0   23250.00   .1424851E-10
 56.0   23260.00   .1424913E-10
 56.0   23270.00   .1424976E-10
 56.0   23280.00   .1425040E-10
 56.0   23290.00   .1425105E-10
 56.0   23300.00   .1425173E-10
 56.0   23310.00   .1425238E-10
 56.0   23320.00   .1425306E-10
 56.0   23330.00   .1425375E-10
 56.0   23340.00   .1425445E-10
 56.0   23350.00   .1425516E-10
 56.0   23360.00   .1425588E-10
 56.0   23370.00   .1425660E-10
 56.0   23380.00   .1425734E-10
 56.0   23390.00   .1425810E-10
 56.0   23400.00   .1425885E-10
 56.0   23410.00   .1425961E-10
 56.0   23420.00   .1426038E-10
 56.0   23430.00   .1426116E-10
 56.0   23440.00   .1426196E-10
 56.0   23450.00   .1426275E-10
 56.0   23460.00   .1426355E-10
 56.0   23470.00   .1426440E-10
 56.0   23480.00   .1426520E-10
 56.0   23490.00   .1426605E-10
 56.0   23500.00   .1426689E-10
 56.0   23510.00   .1426775E-10
 56.0   23520.00   .1426860E-10
 56.0   23530.00   .1426948E-10
 56.0   23540.00   .1427036E-10
 56.0   23550.00   .1427123E-10
 56.0   23560.00   .1427214E-10
 56.0   23570.00   .1427304E-10
 56.0   23580.00   .1427395E-10
 56.0   23590.00   .1427486E-10
 56.0   23600.00   .1427579E-10
 56.0   23610.00   .1427671E-10
 56.0   23620.00   .1427766E-10
 56.0   23630.00   .1427861E-10
 56.0   23640.00   .1427958E-10
 56.0   23650.00   .1428055E-10
 56.0   23660.00   .1428153E-10
 56.0   23670.00   .1428250E-10
 56.0   23680.00   .1428349E-10
 56.0   23690.00   .1428448E-10
 56.0   23700.00   .1428548E-10
 56.0   23710.00   .1428651E-10
 56.0   23720.00   .1428753E-10
 56.0   23730.00   .1428855E-10
 56.0   23740.00   .1428960E-10
 56.0   23750.00   .1429061E-10
 56.0   23760.00   .1429167E-10
 56.0   23770.00   .1429274E-10
 56.0   23780.00   .1429378E-10
 56.0   23790.00   .1429487E-10
 56.0   23800.00   .1429595E-10
 56.0   23810.00   .1429703E-10
 56.0   23820.00   .1429811E-10
 56.0   23830.00   .1429921E-10
 56.0   23840.00   .1430032E-10
 56.0   23850.00   .1430144E-10
 56.0   23860.00   .1430254E-10
 56.0   23870.00   .1430367E-10
 56.0   23880.00   .1430481E-10
 56.0   23890.00   .1430594E-10
 56.0   23900.00   .1430710E-10
 56.0   23910.00   .1430823E-10
 56.0   23920.00   .1430938E-10
 56.0   23930.00   .1431056E-10
 56.0   23940.00   .1431172E-10
 56.0   23950.00   .1431291E-10
 56.0   23960.00   .1431409E-10
 56.0   23970.00   .1431528E-10
 56.0   23980.00   .1431646E-10
 56.0   23990.00   .1431768E-10
 56.0   24000.00   .1431887E-10
 56.0   24010.00   .1432009E-10
 56.0   24020.00   .1432130E-10
 56.0   24030.00   .1432253E-10
 56.0   24040.00   .1432376E-10
 56.0   24050.00   .1432500E-10
 56.0   24060.00   .1432624E-10
 56.0   24070.00   .1432747E-10
 56.0   24080.00   .1432874E-10
 56.0   24090.00   .1433000E-10
 56.0   24100.00   .1433126E-10
 56.0   24110.00   .1433252E-10
 56.0   24120.00   .1433379E-10
 56.0   24130.00   .1433507E-10
 56.0   24140.00   .1433637E-10
 56.0   24150.00   .1433765E-10
 56.0   24160.00   .1433894E-10
 56.0   24170.00   .1434023E-10
 56.0   24180.00   .1434155E-10
 56.0   24190.00   .1434286E-10
 56.0   24200.00   .1434416E-10
 56.0   24210.00   .1434549E-10
 56.0   24220.00   .1434680E-10
 56.0   24230.00   .1434813E-10
 56.0   24240.00   .1434946E-10
 56.0   24250.00   .1435081E-10
 56.0   24260.00   .1435215E-10
 56.0   24270.00   .1435349E-10
 56.0   24280.00   .1435485E-10
 56.0   24290.00   .1435620E-10
 56.0   24300.00   .1435757E-10
 56.0   24310.00   .1435892E-10
 56.0   24320.00   .1436028E-10
 56.0   24330.00   .1436166E-10
 56.0   24340.00   .1436305E-10
 56.0   24350.00   .1436442E-10
 56.0   24360.00   .1436581E-10
 56.0   24370.00   .1436720E-10
 56.0   24380.00   .1436859E-10
 56.0   24390.00   .1436998E-10
 56.0   24400.00   .1437140E-10
 56.0   24410.00   .1437280E-10
 56.0   24420.00   .1437420E-10
 56.0   24430.00   .1437561E-10
 56.0   24440.00   .1437702E-10
 56.0   24450.00   .1437845E-10
 56.0   24460.00   .1437986E-10
 56.0   24470.00   .1438129E-10
 56.0   24480.00   .1438272E-10
 56.0   24490.00   .1438415E-10
 56.0   24500.00   .1438559E-10
 56.0   24510.00   .1438702E-10
 56.0   24520.00   .1438846E-10
 56.0   24530.00   .1438992E-10
 56.0   24540.00   .1439135E-10
 56.0   24550.00   .1439282E-10
 56.0   24560.00   .1439426E-10
 56.0   24570.00   .1439571E-10
 56.0   24580.00   .1439716E-10
 56.0   24590.00   .1439864E-10
 56.0   24600.00   .1440011E-10
 56.0   24610.00   .1440156E-10
 56.0   24620.00   .1440304E-10
 56.0   24630.00   .1440451E-10
 56.0   24640.00   .1440598E-10
 56.0   24650.00   .1440747E-10
 56.0   24660.00   .1440894E-10
 56.0   24670.00   .1441042E-10
 56.0   24680.00   .1441191E-10
 56.0   24690.00   .1441339E-10
 56.0   24700.00   .1441487E-10
 56.0   24710.00   .1441636E-10
 56.0   24720.00   .1441787E-10
 56.0   24730.00   .1441935E-10
 56.0   24740.00   .1442085E-10
 56.0   24750.00   .1442236E-10
 56.0   24760.00   .1442386E-10
 56.0   24770.00   .1442537E-10
 56.0   24780.00   .1442687E-10
 56.0   24790.00   .1442838E-10
 56.0   24800.00   .1442989E-10
 56.0   24810.00   .1443139E-10
 56.0   24820.00   .1443289E-10
 56.0   24830.00   .1443441E-10
 56.0   24840.00   .1443592E-10
 56.0   24850.00   .1443743E-10
 56.0   24860.00   .1443894E-10
 56.0   24870.00   .1444047E-10
 56.0   24880.00   .1444198E-10
 56.0   24890.00   .1444350E-10
 56.0   24900.00   .1444504E-10
 56.0   24910.00   .1444655E-10
 56.0   24920.00   .1444808E-10
 56.0   24930.00   .1444960E-10
 56.0   24940.00   .1445111E-10
 56.0   24950.00   .1445265E-10
 56.0   24960.00   .1445418E-10
 56.0   24970.00   .1445571E-10
 56.0   24980.00   .1445723E-10
 56.0   24990.00   .1445877E-10
 56.0   25000.00   .1446028E-10
