100 .3400876E-17
101 .1186568E-15
102 .9863119E-15
103 .4718698E-14
104 .1653572E-13
105 .4723940E-13
106 .1165812E-12
107 .2574484E-12
108 .5206375E-12
109 .9798112E-12
110 .1736058E-11
111 .2921342E-11
112 .4700024E-11
113 .7267621E-11
114 .1084606E-10
115 .1567481E-10
116 .2199762E-10
117 .3004491E-10
118 .4001250E-10
119 .5203747E-10
120 .6617307E-10
121 .8236427E-10
122 .1004270E-09
123 .1200328E-09
124 .1407029E-09
125 .1618111E-09
126 .1826593E-09
127 .2027263E-09
128 .2216040E-09
129 .2389722E-09
130 .2546090E-09
131 .2683951E-09
132 .2803117E-09
133 .2904333E-09
134 .2989164E-09
135 .3059876E-09
136 .3119290E-09
137 .3170668E-09
138 .3217514E-09
139 .3261701E-09
140 .3303301E-09
141 .3342299E-09
142 .3378698E-09
143 .3412517E-09
144 .3443804E-09
145 .3472648E-09
146 .3499179E-09
147 .3523578E-09
148 .3546076E-09
149 .3566950E-09
150 .3586528E-09
151 .3605152E-09
152 .3623083E-09
153 .3640552E-09
154 .3657772E-09
155 .3674952E-09
156 .3692282E-09
157 .3709953E-09
158 .3728142E-09
159 .3747017E-09
160 .3766745E-09
161 .3787482E-09
162 .3809386E-09
163 .3832609E-09
164 .3857300E-09
165 .3883612E-09
166 .3911696E-09
167 .3941705E-09
168 .3973795E-09
169 .4008127E-09
170 .4044872E-09
171 .4084199E-09
172 .4126293E-09
173 .4171347E-09
174 .4219564E-09
175 .4271160E-09
176 .4326316E-09
177 .4385021E-09
178 .4447212E-09
179 .4512824E-09
180 .4581791E-09
181 .4654036E-09
182 .4729482E-09
183 .4808040E-09
184 .4889620E-09
185 .4974120E-09
186 .5061429E-09
187 .5151425E-09
188 .5243980E-09
189 .5338950E-09
190 .5436180E-09
191 .5535503E-09
192 .5636737E-09
193 .5739685E-09
194 .5844135E-09
195 .5949865E-09
196 .6056627E-09
197 .6164164E-09
198 .6272197E-09
199 .6380433E-09
200 .6488562E-09
201 .6596301E-09
202 .6703562E-09
203 .6810306E-09
204 .6916490E-09
205 .7022075E-09
206 .7127019E-09
207 .7231284E-09
208 .7334827E-09
209 .7437609E-09
210 .7539595E-09
211 .7640742E-09
212 .7741014E-09
213 .7840373E-09
214 .7938783E-09
215 .8036209E-09
216 .8132615E-09
217 .8227968E-09
218 .8322236E-09
219 .8415387E-09
220 .8507389E-09
221 .8598215E-09
222 .8687837E-09
223 .8776227E-09
224 .8863361E-09
225 .8949211E-09
226 .9033781E-09
227 .9117163E-09
228 .9199474E-09
229 .9280845E-09
230 .9361401E-09
231 .9441283E-09
232 .9520633E-09
233 .9599605E-09
234 .9678345E-09
235 .9757017E-09
236 .9835782E-09
237 .9914813E-09
238 .9994290E-09
239 .1007438E-08
240 .1015529E-08
241 .1023720E-08
242 .1032031E-08
243 .1040482E-08
244 .1049095E-08
245 .1057891E-08
246 .1066892E-08
247 .1076122E-08
248 .1085604E-08
249 .1095363E-08
250 .1105424E-08
251 .1039826E-08
252 .1034876E-08
253 .8904364E-09
254 .7266736E-09
255 .8289301E-09
256 .1022226E-08
257 .9427251E-09
258 .8766141E-09
259 .8965108E-09
260 .9042824E-09
261 .1040249E-08
262 .9608187E-09
263 .8934304E-09
264 .9821842E-09
265 .1300092E-08
266 .1263430E-08
267 .1258733E-08
268 .1453819E-08
269 .1474358E-08
270 .1574539E-08
271 .1717425E-08
272 .1808706E-08
273 .1905627E-08
274 .1914537E-08
275 .2065150E-08
276 .2185852E-08
277 .2276405E-08
278 .2116805E-08
279 .2168441E-08
280 .2401367E-08
281 .2523042E-08
282 .2665817E-08
283 .2747976E-08
284 .2942548E-08
285 .3585916E-08
286 .4414416E-08
287 .5064158E-08
288 .5551939E-08
289 .5674711E-08
290 .5815880E-08
291 .5864985E-08
292 .5839857E-08
293 .5777010E-08
294 .5731792E-08
295 .5667178E-08
296 .5545906E-08
297 .5367776E-08
298 .5188541E-08
299 .4989625E-08
300 .4733686E-08
301 .4607618E-08
302 .4406009E-08
303 .4316034E-08
304 .4319275E-08
305 .4472235E-08
306 .4381057E-08
307 .4721373E-08
308 .5174434E-08
309 .5589975E-08
310 .6494330E-08
311 .6703071E-08
312 .6836354E-08
313 .6988212E-08
314 .7121033E-08
315 .7159544E-08
316 .7254314E-08
317 .7330091E-08
318 .7311603E-08
319 .7217697E-08
320 .7104876E-08
321 .6784927E-08
322 .6540254E-08
323 .6295589E-08
324 .6069786E-08
325 .5938170E-08
326 .5825466E-08
327 .5769354E-08
328 .5769867E-08
329 .5770553E-08
330 .5846779E-08
331 .5904421E-08
332 .6339206E-08
333 .6472952E-08
334 .6757936E-08
335 .7062292E-08
336 .7253972E-08
337 .7068530E-08
338 .6958709E-08
339 .6735606E-08
340 .6928430E-08
341 .7272994E-08
342 .7485599E-08
343 .7925898E-08
344 .8120445E-08
345 .8182555E-08
346 .8548452E-08
347 .8478052E-08
348 .8407550E-08
349 .8622152E-08
350 .9008208E-08
351 .9090008E-08
352 .9038409E-08
353 .9029528E-08
354 .8667122E-08
355 .8278482E-08
356 .7983201E-08
357 .7588370E-08
358 .7316244E-08
359 .6913320E-08
360 .6818490E-08
361 .7107811E-08
362 .6217791E-08
363 .5778645E-08
364 .5797439E-08
365 .5016403E-08
366 .3916098E-08
367 .3859056E-08
368 .3700721E-08
369 .3351561E-08
370 .3176629E-08
371 .3550834E-08
372 .3379470E-08
373 .3651148E-08
374 .3751075E-08
375 .3944065E-08
376 .4199304E-08
377 .4678587E-08
378 .4881724E-08
379 .4971760E-08
380 .5944289E-08
381 .6634858E-08
382 .5928296E-08
383 .6547593E-08
384 .7345839E-08
385 .8040679E-08
386 .8799210E-08
387 .9300158E-08
388 .9525560E-08
389 .9478305E-08
390 .9352743E-08
391 .8919681E-08
392 .8784757E-08
393 .8615475E-08
394 .8252700E-08
395 .8435735E-08
396 .8115153E-08
397 .7970239E-08
398 .7796706E-08
399 .7814648E-08
400 .8076239E-08
401 .8170124E-08
402 .8547400E-08
403 .8897955E-08
404 .9206877E-08
405 .9528542E-08
406 .9960383E-08
407 .1014565E-07
408 .1015161E-07
409 .1003984E-07
410 .9919401E-08
411 .9623464E-08
412 .9321292E-08
413 .9229688E-08
414 .8968078E-08
415 .8799847E-08
416 .8603402E-08
417 .8438597E-08
418 .8221517E-08
419 .7940663E-08
420 .7593597E-08
421 .7089881E-08
422 .6609352E-08
423 .6111976E-08
424 .5639182E-08
425 .5216060E-08
426 .4756657E-08
427 .4467434E-08
428 .4218030E-08
429 .4274571E-08
430 .4173387E-08
431 .4330806E-08
432 .4657016E-08
433 .4841749E-08
434 .5049764E-08
435 .5374922E-08
436 .5593446E-08
437 .5915622E-08
438 .6105940E-08
439 .6103425E-08
440 .6126330E-08
441 .5964578E-08
442 .5979011E-08
443 .6031982E-08
444 .6262869E-08
445 .6571331E-08
446 .6919316E-08
447 .7348305E-08
448 .7476120E-08
449 .7701066E-08
450 .7727911E-08
451 .7698228E-08
452 .7609378E-08
453 .7472043E-08
454 .7318831E-08
455 .7188680E-08
456 .7135144E-08
457 .6978312E-08
458 .6892631E-08
459 .6765226E-08
460 .6412610E-08
461 .6014472E-08
462 .5482349E-08
463 .5077200E-08
464 .4752644E-08
465 .4565294E-08
466 .4519309E-08
467 .4486586E-08
468 .4470992E-08
469 .4292098E-08
470 .4094308E-08
471 .3831061E-08
472 .3650728E-08
473 .3520221E-08
474 .3412079E-08
475 .3410456E-08
476 .3442255E-08
477 .3453615E-08
478 .3474996E-08
479 .3485969E-08
480 .3440654E-08
481 .3371914E-08
482 .3244677E-08
483 .3127968E-08
484 .2964280E-08
485 .2825580E-08
486 .2720687E-08
487 .2666160E-08
488 .2720074E-08
489 .2752892E-08
490 .2874056E-08
491 .2902040E-08
492 .2926028E-08
493 .2933871E-08
494 .2951587E-08
495 .3004698E-08
496 .3018388E-08
497 .3078145E-08
498 .3092443E-08
499 .3121688E-08
500 .3275906E-08
501 .3397233E-08
502 .3536572E-08
503 .3720092E-08
504 .3877751E-08
505 .4060649E-08
506 .4183174E-08
507 .4328749E-08
508 .4450286E-08
509 .4516037E-08
510 .4605257E-08
511 .4595746E-08
512 .4584008E-08
513 .4567093E-08
514 .4540688E-08
515 .4504133E-08
516 .4552895E-08
517 .4478656E-08
518 .4347199E-08
519 .4193729E-08
520 .3963939E-08
521 .3738586E-08
522 .3535156E-08
523 .3311697E-08
524 .3153463E-08
525 .3013720E-08
526 .2953414E-08
527 .2934895E-08
528 .2941619E-08
529 .2973782E-08
530 .3030894E-08
531 .3069346E-08
532 .3158305E-08
533 .3195254E-08
534 .3217029E-08
535 .3232938E-08
536 .3191413E-08
537 .3137413E-08
538 .3054873E-08
539 .2971906E-08
540 .2879436E-08
541 .2777807E-08
542 .2713593E-08
543 .2673195E-08
544 .2673482E-08
545 .2711490E-08
546 .2809784E-08
547 .2940256E-08
548 .3100946E-08
549 .3247409E-08
550 .3431706E-08
551 .3546720E-08
552 .3666965E-08
553 .3757849E-08
554 .3806919E-08
555 .3802919E-08
556 .3763172E-08
557 .3780656E-08
558 .3772616E-08
559 .3841556E-08
560 .3802752E-08
561 .3797479E-08
562 .3783940E-08
563 .3770054E-08
564 .3740063E-08
565 .3663301E-08
566 .3638235E-08
567 .3587842E-08
568 .3541458E-08
569 .3516785E-08
570 .3456763E-08
571 .3386773E-08
572 .3319924E-08
573 .3238889E-08
574 .3235538E-08
575 .3196277E-08
576 .3214960E-08
577 .3251734E-08
578 .3259664E-08
579 .3287087E-08
580 .3346091E-08
581 .3363966E-08
582 .3386085E-08
583 .3405178E-08
584 .3411564E-08
585 .3418637E-08
586 .3363321E-08
587 .3356286E-08
588 .3247176E-08
589 .3106400E-08
590 .3219085E-08
591 .3366621E-08
592 .3289693E-08
593 .3105266E-08
594 .2864369E-08
595 .2616656E-08
596 .2366431E-08
597 .2164849E-08
598 .1968364E-08
599 .1825381E-08
600 .1686891E-08
601 .1584340E-08
602 .1452851E-08
603 .1366595E-08
604 .1251416E-08
605 .1151388E-08
606 .1076580E-08
607 .1055751E-08
608 .1053969E-08
609 .1096364E-08
610 .1146071E-08
611 .1228875E-08
612 .1289216E-08
613 .1385090E-08
614 .1503532E-08
615 .1623383E-08
616 .1786157E-08
617 .1950596E-08
618 .2075882E-08
619 .2222304E-08
620 .2377370E-08
621 .2515120E-08
622 .2629478E-08
623 .2713529E-08
624 .2784978E-08
625 .2832278E-08
626 .2881545E-08
627 .2968700E-08
628 .2991245E-08
629 .3048057E-08
630 .3087296E-08
631 .3107679E-08
632 .3078564E-08
633 .3084069E-08
634 .3083126E-08
635 .3080556E-08
636 .3057160E-08
637 .3019385E-08
638 .2977645E-08
639 .2927650E-08
640 .2888353E-08
641 .2799011E-08
642 .2750496E-08
643 .2698556E-08
644 .2651453E-08
645 .2569803E-08
646 .2538902E-08
647 .2508886E-08
648 .2485692E-08
649 .2410991E-08
650 .2379010E-08
651 .2349202E-08
652 .2314819E-08
653 .2254149E-08
654 .2250290E-08
655 .2218959E-08
656 .2178439E-08
657 .2146102E-08
658 .2102059E-08
659 .2050464E-08
660 .2037310E-08
661 .2020553E-08
662 .1997355E-08
663 .1969179E-08
664 .1914151E-08
665 .1899706E-08
666 .1889259E-08
667 .1845926E-08
668 .1815471E-08
669 .1794190E-08
670 .1748009E-08
671 .1727933E-08
672 .1705965E-08
673 .1681925E-08
674 .1642501E-08
675 .1646675E-08
676 .1607645E-08
677 .1618964E-08
678 .1588271E-08
679 .1574087E-08
680 .1548581E-08
681 .1555858E-08
682 .1516493E-08
683 .1471387E-08
684 .1449722E-08
685 .1419015E-08
686 .1463744E-08
687 .1417125E-08
688 .1422029E-08
689 .1376763E-08
690 .1403884E-08
691 .1370023E-08
692 .1354184E-08
693 .1364658E-08
694 .1347163E-08
695 .1360827E-08
696 .1335312E-08
697 .1316282E-08
698 .1317635E-08
699 .1308141E-08
700 .1290676E-08
701 .1300534E-08
702 .1307642E-08
703 .1287186E-08
704 .1299023E-08
705 .1282887E-08
706 .1269461E-08
707 .1271599E-08
708 .1264272E-08
709 .1255067E-08
710 .1259132E-08
711 .1240359E-08
712 .1226977E-08
713 .1208315E-08
714 .1169563E-08
715 .1161137E-08
716 .1153405E-08
717 .1147240E-08
718 .1189602E-08
719 .1180369E-08
720 .1145897E-08
721 .1149401E-08
722 .1135333E-08
723 .1124196E-08
724 .1135704E-08
725 .1088208E-08
726 .1079243E-08
727 .1083788E-08
728 .1070248E-08
729 .1063268E-08
730 .1068414E-08
731 .1057844E-08
732 .1020323E-08
733 .1021401E-08
734 .9970914E-09
735 .9816696E-09
736 .9772830E-09
737 .9681606E-09
738 .9412874E-09
739 .9155009E-09
740 .8962310E-09
741 .8843895E-09
742 .8580852E-09
743 .8765806E-09
744 .8649779E-09
745 .8588185E-09
746 .8792534E-09
747 .8638359E-09
748 .8661521E-09
749 .8992727E-09
750 .9097227E-09
751 .9118720E-09
752 .9248989E-09
753 .9265498E-09
754 .9219739E-09
755 .8986920E-09
756 .8882675E-09
757 .8084488E-09
758 .7844387E-09
759 .8366339E-09
760 .8415287E-09
761 .8958617E-09
762 .9439318E-09
763 .9169432E-09
764 .9550828E-09
765 .9795138E-09
766 .9388212E-09
767 .9488028E-09
768 .9356029E-09
769 .9588005E-09
770 .9644363E-09
771 .9614163E-09
772 .9724381E-09
773 .9787583E-09
774 .9839155E-09
775 .9787245E-09
776 .9850112E-09
777 .1008734E-08
778 .1027448E-08
779 .1004073E-08
780 .1002158E-08
781 .1033299E-08
782 .1023330E-08
783 .9810416E-09
784 .1006133E-08
785 .1016514E-08
786 .9795403E-09
787 .9315906E-09
788 .9761530E-09
789 .9634411E-09
790 .9010116E-09
791 .8972411E-09
792 .9254400E-09
793 .8728791E-09
794 .8098778E-09
795 .8060515E-09
796 .7809764E-09
797 .7203391E-09
798 .6709651E-09
799 .6855170E-09
800 .6738089E-09
801 .6228766E-09
802 .5931695E-09
803 .6135890E-09
804 .5914975E-09
805 .5660014E-09
806 .5302274E-09
807 .5312714E-09
808 .5340652E-09
809 .4957469E-09
810 .4592523E-09
811 .4699502E-09
812 .4611860E-09
813 .4162918E-09
814 .4095980E-09
815 .4159723E-09
816 .4212602E-09
817 .4138498E-09
818 .3921740E-09
819 .4106616E-09
820 .4269675E-09
821 .4258761E-09
822 .4105019E-09
823 .4238363E-09
824 .4475119E-09
825 .4197031E-09
826 .4528524E-09
827 .4748224E-09
828 .5009441E-09
829 .4859040E-09
830 .5178591E-09
831 .5748784E-09
832 .5813326E-09
833 .5542659E-09
834 .5820512E-09
835 .6500848E-09
836 .6599335E-09
837 .6498346E-09
838 .6813725E-09
839 .7314325E-09
840 .7412753E-09
841 .7168076E-09
842 .7348204E-09
843 .7868561E-09
844 .7927974E-09
845 .7595142E-09
846 .7790904E-09
847 .8274650E-09
848 .8330453E-09
849 .7911565E-09
850 .7948886E-09
851 .8416543E-09
852 .8463096E-09
853 .7956090E-09
854 .8033394E-09
855 .8307588E-09
856 .8033009E-09
857 .7888308E-09
858 .8038488E-09
859 .8366247E-09
860 .8047356E-09
861 .7686196E-09
862 .7792449E-09
863 .8081899E-09
864 .7831655E-09
865 .7416694E-09
866 .7795560E-09
867 .8105853E-09
868 .7647014E-09
869 .7298774E-09
870 .7502559E-09
871 .7783812E-09
872 .7454725E-09
873 .6804061E-09
874 .6768557E-09
875 .7317319E-09
876 .6940358E-09
877 .6529644E-09
878 .6521075E-09
879 .6904501E-09
880 .6573307E-09
881 .6098735E-09
882 .6029390E-09
883 .6355158E-09
884 .6553198E-09
885 .6102352E-09
886 .5905900E-09
887 .6132723E-09
888 .6349618E-09
889 .6045849E-09
890 .5732735E-09
891 .5807215E-09
892 .5983829E-09
893 .6176738E-09
894 .5954866E-09
895 .5787246E-09
896 .5571195E-09
897 .5522687E-09
898 .5625098E-09
899 .5954997E-09
900 .6104323E-09
901 .5630470E-09
902 .5504553E-09
903 .5647706E-09
904 .5781481E-09
905 .5655167E-09
906 .5674194E-09
907 .5550109E-09
908 .5605407E-09
909 .5635179E-09
910 .5597094E-09
911 .5781711E-09
912 .5717355E-09
913 .5646204E-09
914 .5845459E-09
915 .5758058E-09
916 .5675427E-09
917 .5883204E-09
918 .5811975E-09
919 .6170169E-09
920 .5948478E-09
921 .6130438E-09
922 .6107282E-09
923 .6061588E-09
924 .5938666E-09
925 .5935550E-09
926 .6093680E-09
927 .5970920E-09
928 .5808363E-09
929 .5773850E-09
930 .5509503E-09
931 .5023592E-09
932 .4473180E-09
933 .4435042E-09
934 .3880162E-09
935 .4166000E-09
936 .3963997E-09
937 .4266820E-09
938 .4041355E-09
939 .4795944E-09
940 .4995399E-09
941 .4871578E-09
942 .4553087E-09
943 .4104169E-09
944 .4018585E-09
945 .4213059E-09
946 .4049210E-09
947 .4181770E-09
948 .4309031E-09
949 .4334375E-09
950 .3704431E-09
951 .4354446E-09
952 .3847511E-09
953 .3958913E-09
954 .4153355E-09
955 .4014727E-09
956 .4039129E-09
957 .3761304E-09
958 .4180751E-09
959 .3786742E-09
960 .3976689E-09
961 .3921699E-09
962 .4025084E-09
963 .3952222E-09
964 .3928163E-09
965 .3906303E-09
966 .4117811E-09
967 .3687491E-09
968 .3842864E-09
969 .3788647E-09
970 .3756995E-09
971 .3872722E-09
972 .3670114E-09
973 .3869385E-09
974 .3674776E-09
975 .3647780E-09
976 .3536477E-09
977 .3775927E-09
978 .3635030E-09
979 .3583766E-09
980 .3649067E-09
981 .3435959E-09
982 .3534313E-09
983 .3601425E-09
984 .3644008E-09
985 .3594055E-09
986 .3553634E-09
987 .3486906E-09
988 .3664367E-09
989 .3467633E-09
990 .3526989E-09
991 .3226193E-09
992 .3534511E-09
993 .3204528E-09
994 .3205317E-09
995 .3535840E-09
996 .3344921E-09
997 .3354153E-09
998 .3358740E-09
999 .3376535E-09
1000 .3390724E-09
1001 .3375770E-09
1002 .3360823E-09
1003 .3345883E-09
1004 .3330943E-09
1005 .3316009E-09
1006 .3301078E-09
1007 .3286152E-09
1008 .3271224E-09
1009 .3256303E-09
1010 .3241386E-09
1011 .3226468E-09
1012 .3211555E-09
1013 .3196643E-09
1014 .3181732E-09
1015 .3166827E-09
1016 .3151920E-09
1017 .3137016E-09
1018 .3122114E-09
1019 .3107212E-09
1020 .3092313E-09
1021 .3077416E-09
1022 .3062518E-09
1023 .3047618E-09
1024 .3032722E-09
1025 .3017823E-09
1026 .3002928E-09
1027 .2988035E-09
1028 .2973138E-09
1029 .2958240E-09
1030 .2943341E-09
1031 .2928442E-09
1032 .2913547E-09
1033 .2898648E-09
1034 .2883747E-09
1035 .2868848E-09
1036 .2853947E-09
1037 .2839041E-09
1038 .2824136E-09
1039 .2809230E-09
1040 .2794321E-09
1041 .2779411E-09
1042 .2764498E-09
1043 .2749588E-09
1044 .2734670E-09
1045 .2719751E-09
1046 .2704829E-09
1047 .2689909E-09
1048 .2674983E-09
1049 .2660054E-09
1050 .2645124E-09
1051 .2630194E-09
1052 .2615261E-09
1053 .2600323E-09
1054 .2585384E-09
1055 .2570445E-09
1056 .2555501E-09
1057 .2540553E-09
1058 .2525605E-09
1059 .2510653E-09
1060 .2495703E-09
1061 .2480745E-09
1062 .2465784E-09
1063 .2450823E-09
1064 .2435859E-09
1065 .2420890E-09
1066 .2405921E-09
1067 .2390948E-09
1068 .2375973E-09
1069 .2360995E-09
1070 .2346013E-09
1071 .2331030E-09
1072 .2316042E-09
1073 .2301054E-09
1074 .2286062E-09
1075 .2271063E-09
1076 .2256067E-09
1077 .2241063E-09
1078 .2226058E-09
1079 .2211052E-09
1080 .2196039E-09
1081 .2181026E-09
1082 .2166008E-09
1083 .2150988E-09
1084 .2135962E-09
1085 .2120934E-09
1086 .2105904E-09
1087 .2090871E-09
1088 .2075835E-09
1089 .2060794E-09
1090 .2045746E-09
1091 .2030700E-09
1092 .2015652E-09
1093 .2000597E-09
1094 .1985539E-09
1095 .1970474E-09
1096 .1955411E-09
1097 .1940341E-09
1098 .1925271E-09
1099 .1910193E-09
1100 .1895114E-09
1101 .1880030E-09
1102 .1864941E-09
1103 .1849851E-09
1104 .1834756E-09
1105 .1819659E-09
1106 .1804555E-09
1107 .1789449E-09
1108 .1774339E-09
1109 .1759225E-09
1110 .1744107E-09
1111 .1728986E-09
1112 .1713860E-09
1113 .1698730E-09
1114 .1683596E-09
1115 .1668458E-09
1116 .1653316E-09
1117 .1638171E-09
1118 .1623020E-09
1119 .1607864E-09
1120 .1592707E-09
1121 .1577542E-09
1122 .1562378E-09
1123 .1547206E-09
1124 .1532030E-09
1125 .1516850E-09
1126 .1501667E-09
1127 .1486478E-09
1128 .1471285E-09
1129 .1456089E-09
1130 .1440889E-09
1131 .1441113E-09
1132 .1441338E-09
1133 .1441566E-09
1134 .1441791E-09
1135 .1442017E-09
1136 .1442247E-09
1137 .1442473E-09
1138 .1442702E-09
1139 .1442929E-09
1140 .1443160E-09
1141 .1443388E-09
1142 .1443617E-09
1143 .1443849E-09
1144 .1444078E-09
1145 .1444310E-09
1146 .1444539E-09
1147 .1444770E-09
1148 .1445003E-09
1149 .1445233E-09
1150 .1445466E-09
1151 .1445698E-09
1152 .1445931E-09
1153 .1446164E-09
1154 .1446397E-09
1155 .1446632E-09
1156 .1446865E-09
1157 .1447099E-09
1158 .1447333E-09
1159 .1447569E-09
1160 .1447802E-09
1161 .1448039E-09
1162 .1448273E-09
1163 .1448509E-09
1164 .1448745E-09
1165 .1448978E-09
1166 .1449216E-09
1167 .1449451E-09
1168 .1449688E-09
1169 .1449927E-09
1170 .1450162E-09
1171 .1450399E-09
1172 .1450634E-09
1173 .1450875E-09
1174 .1451110E-09
1175 .1451348E-09
1176 .1451585E-09
1177 .1451822E-09
1178 .1452059E-09
1179 .1452299E-09
1180 .1452537E-09
1181 .1452775E-09
1182 .1453013E-09
1183 .1453251E-09
1184 .1453491E-09
1185 .1453725E-09
1186 .1453964E-09
1187 .1454204E-09
1188 .1454442E-09
1189 .1454682E-09
1190 .1454918E-09
1191 .1455158E-09
1192 .1455395E-09
1193 .1455633E-09
1194 .1455871E-09
1195 .1456107E-09
1196 .1456348E-09
1197 .1456586E-09
1198 .1456825E-09
1199 .1457061E-09
1200 .1457301E-09
1201 .1457538E-09
1202 .1457777E-09
1203 .1458014E-09
1204 .1458251E-09
1205 .1458492E-09
1206 .1458726E-09
1207 .1458963E-09
1208 .1459201E-09
1209 .1459438E-09
1210 .1459675E-09
1211 .1459912E-09
1212 .1460148E-09
1213 .1460382E-09
1214 .1460620E-09
1215 .1460859E-09
1216 .1461092E-09
1217 .1461330E-09
1218 .1461563E-09
1219 .1461799E-09
1220 .1462035E-09
1221 .1462267E-09
1222 .1462502E-09
1223 .1462737E-09
1224 .1462971E-09
1225 .1463205E-09
1226 .1463439E-09
1227 .1463671E-09
1228 .1463906E-09
1229 .1464139E-09
1230 .1464369E-09
1231 .1464601E-09
1232 .1464834E-09
1233 .1465065E-09
1234 .1465295E-09
1235 .1465527E-09
1236 .1465754E-09
1237 .1465986E-09
1238 .1466215E-09
1239 .1466445E-09
1240 .1466674E-09
1241 .1466902E-09
1242 .1467130E-09
1243 .1467357E-09
1244 .1467585E-09
1245 .1467810E-09
1246 .1468037E-09
1247 .1468265E-09
1248 .1468489E-09
1249 .1468714E-09
1250 .1468937E-09
1251 .1469499E-09
1252 .1470064E-09
1253 .1470624E-09
1254 .1471186E-09
1255 .1471742E-09
1256 .1472302E-09
1257 .1472859E-09
1258 .1473412E-09
1259 .1473969E-09
1260 .1474525E-09
1261 .1475076E-09
1262 .1475630E-09
1263 .1476177E-09
1264 .1476726E-09
1265 .1477275E-09
1266 .1477822E-09
1267 .1478371E-09
1268 .1478915E-09
1269 .1479458E-09
1270 .1480003E-09
1271 .1480543E-09
1272 .1481079E-09
1273 .1481620E-09
1274 .1482161E-09
1275 .1482698E-09
1276 .1483231E-09
1277 .1483767E-09
1278 .1484299E-09
1279 .1484832E-09
1280 .1485363E-09
1281 .1485894E-09
1282 .1486419E-09
1283 .1486948E-09
1284 .1487475E-09
1285 .1487998E-09
1286 .1488520E-09
1287 .1489044E-09
1288 .1489563E-09
1289 .1490082E-09
1290 .1490601E-09
1291 .1491118E-09
1292 .1491635E-09
1293 .1492147E-09
1294 .1492664E-09
1295 .1493174E-09
1296 .1493685E-09
1297 .1494195E-09
1298 .1494703E-09
1299 .1495212E-09
1300 .1495718E-09
1301 .1496226E-09
1302 .1496728E-09
1303 .1497229E-09
1304 .1497732E-09
1305 .1498232E-09
1306 .1498732E-09
1307 .1499232E-09
1308 .1499729E-09
1309 .1500225E-09
1310 .1500720E-09
1311 .1501214E-09
1312 .1501708E-09
1313 .1502201E-09
1314 .1502692E-09
1315 .1503182E-09
1316 .1503669E-09
1317 .1504159E-09
1318 .1504647E-09
1319 .1505131E-09
1320 .1505618E-09
1321 .1506101E-09
1322 .1506584E-09
1323 .1507067E-09
1324 .1507547E-09
1325 .1508026E-09
1326 .1508508E-09
1327 .1508985E-09
1328 .1509461E-09
1329 .1509940E-09
1330 .1510416E-09
1331 .1510888E-09
1332 .1511363E-09
1333 .1511836E-09
1334 .1512307E-09
1335 .1512779E-09
1336 .1513250E-09
1337 .1513720E-09
1338 .1514187E-09
1339 .1514656E-09
1340 .1515122E-09
1341 .1515588E-09
1342 .1516054E-09
1343 .1516516E-09
1344 .1516982E-09
1345 .1517444E-09
1346 .1517906E-09
1347 .1518368E-09
1348 .1518826E-09
1349 .1519287E-09
1350 .1519746E-09
1351 .1520205E-09
1352 .1520661E-09
1353 .1521121E-09
1354 .1521574E-09
1355 .1522028E-09
1356 .1522482E-09
1357 .1522939E-09
1358 .1523390E-09
1359 .1523843E-09
1360 .1524293E-09
1361 .1524746E-09
1362 .1525199E-09
1363 .1525644E-09
1364 .1526095E-09
1365 .1526543E-09
1366 .1526991E-09
1367 .1527440E-09
1368 .1527886E-09
1369 .1528328E-09
1370 .1528774E-09
1371 .1521170E-09
1372 .1513561E-09
1373 .1505949E-09
1374 .1498329E-09
1375 .1490701E-09
1376 .1483073E-09
1377 .1475437E-09
1378 .1467795E-09
1379 .1460153E-09
1380 .1452500E-09
1381 .1444844E-09
1382 .1437182E-09
1383 .1429517E-09
1384 .1421844E-09
1385 .1414168E-09
1386 .1406486E-09
1387 .1398800E-09
1388 .1391108E-09
1389 .1383411E-09
1390 .1375710E-09
1391 .1368004E-09
1392 .1360292E-09
1393 .1352576E-09
1394 .1344854E-09
1395 .1337129E-09
1396 .1329397E-09
1397 .1321661E-09
1398 .1313919E-09
1399 .1306173E-09
1400 .1298424E-09
1401 .1290667E-09
1402 .1282906E-09
1403 .1275142E-09
1404 .1267372E-09
1405 .1259598E-09
1406 .1251816E-09
1407 .1244032E-09
1408 .1236243E-09
1409 .1228449E-09
1410 .1220650E-09
1411 .1212847E-09
1412 .1205039E-09
1413 .1197226E-09
1414 .1189409E-09
1415 .1181585E-09
1416 .1173759E-09
1417 .1165927E-09
1418 .1158090E-09
1419 .1150250E-09
1420 .1142404E-09
1421 .1134554E-09
1422 .1126699E-09
1423 .1118840E-09
1424 .1110976E-09
1425 .1103107E-09
1426 .1095233E-09
1427 .1087355E-09
1428 .1079473E-09
1429 .1071586E-09
1430 .1063694E-09
1431 .1055798E-09
1432 .1047897E-09
1433 .1039992E-09
1434 .1032082E-09
1435 .1024168E-09
1436 .1016249E-09
1437 .1008325E-09
1438 .1000398E-09
1439 .9924651E-10
1440 .9845286E-10
1441 .9765877E-10
1442 .9686414E-10
1443 .9606910E-10
1444 .9527359E-10
1445 .9447771E-10
1446 .9368140E-10
1447 .9288448E-10
1448 .9208724E-10
1449 .9128959E-10
1450 .9049139E-10
1451 .8969280E-10
1452 .8889380E-10
1453 .8809436E-10
1454 .8729438E-10
1455 .8649405E-10
1456 .8569322E-10
1457 .8489203E-10
1458 .8409033E-10
1459 .8328821E-10
1460 .8248561E-10
1461 .8168260E-10
1462 .8087919E-10
1463 .8007527E-10
1464 .7927100E-10
1465 .7846622E-10
1466 .7766106E-10
1467 .7685541E-10
1468 .7604926E-10
1469 .7524286E-10
1470 .7443586E-10
1471 .7362851E-10
1472 .7282064E-10
1473 .7201243E-10
1474 .7120369E-10
1475 .7039457E-10
1476 .6958499E-10
1477 .6877503E-10
1478 .6796457E-10
1479 .6715369E-10
1480 .6634235E-10
1481 .6553063E-10
1482 .6471841E-10
1483 .6390580E-10
1484 .6309272E-10
1485 .6227918E-10
1486 .6146528E-10
1487 .6065090E-10
1488 .5983607E-10
1489 .5902082E-10
1490 .5820514E-10
1491 .5738901E-10
1492 .5657241E-10
1493 .5575541E-10
1494 .5493788E-10
1495 .5411999E-10
1496 .5330165E-10
1497 .5248287E-10
1498 .5166358E-10
1499 .5084392E-10
1500 .5002377E-10
1501 .5003724E-10
1502 .5005071E-10
1503 .5006421E-10
1504 .5007767E-10
1505 .5009115E-10
1506 .5010460E-10
1507 .5011808E-10
1508 .5013159E-10
1509 .5014512E-10
1510 .5015858E-10
1511 .5017203E-10
1512 .5018551E-10
1513 .5019905E-10
1514 .5021251E-10
1515 .5022602E-10
1516 .5023952E-10
1517 .5025303E-10
1518 .5026650E-10
1519 .5028001E-10
1520 .5029349E-10
1521 .5030703E-10
1522 .5032048E-10
1523 .5033401E-10
1524 .5034747E-10
1525 .5036097E-10
1526 .5037448E-10
1527 .5038797E-10
1528 .5040144E-10
1529 .5041493E-10
1530 .5042845E-10
1531 .5044187E-10
1532 .5045539E-10
1533 .5046883E-10
1534 .5048233E-10
1535 .5049578E-10
1536 .5050927E-10
1537 .5052274E-10
1538 .5053618E-10
1539 .5054965E-10
1540 .5056309E-10
1541 .5057658E-10
1542 .5058997E-10
1543 .5060347E-10
1544 .5061689E-10
1545 .5063029E-10
1546 .5064374E-10
1547 .5065718E-10
1548 .5067057E-10
1549 .5068400E-10
1550 .5069736E-10
1551 .5071078E-10
1552 .5072417E-10
1553 .5073754E-10
1554 .5075091E-10
1555 .5076432E-10
1556 .5077766E-10
1557 .5079100E-10
1558 .5080438E-10
1559 .5081769E-10
1560 .5083102E-10
1561 .5084434E-10
1562 .5085765E-10
1563 .5087095E-10
1564 .5088425E-10
1565 .5089753E-10
1566 .5091083E-10
1567 .5092414E-10
1568 .5093739E-10
1569 .5095060E-10
1570 .5096381E-10
1571 .5097705E-10
1572 .5099028E-10
1573 .5100351E-10
1574 .5101672E-10
1575 .5102986E-10
1576 .5104304E-10
1577 .5105623E-10
1578 .5106936E-10
1579 .5108247E-10
1580 .5109564E-10
1581 .5110871E-10
1582 .5112184E-10
1583 .5113491E-10
1584 .5114800E-10
1585 .5116107E-10
1586 .5117411E-10
1587 .5118712E-10
1588 .5120014E-10
1589 .5121317E-10
1590 .5122618E-10
1591 .5123912E-10
1592 .5125211E-10
1593 .5126504E-10
1594 .5127798E-10
1595 .5129089E-10
1596 .5130375E-10
1597 .5131666E-10
1598 .5132955E-10
1599 .5134239E-10
1600 .5135521E-10
1601 .5136805E-10
1602 .5138081E-10
1603 .5139362E-10
1604 .5140638E-10
1605 .5141915E-10
1606 .5143186E-10
1607 .5144461E-10
1608 .5145729E-10
1609 .5146992E-10
1610 .5148258E-10
1611 .5149525E-10
1612 .5150784E-10
1613 .5152045E-10
1614 .5153306E-10
1615 .5154559E-10
1616 .5155812E-10
1617 .5157064E-10
1618 .5158315E-10
1619 .5159562E-10
1620 .5160812E-10
1621 .5162051E-10
1622 .5163295E-10
1623 .5164532E-10
1624 .5165773E-10
1625 .5167004E-10
1626 .5166995E-10
1627 .5166977E-10
1628 .5166965E-10
1629 .5166954E-10
1630 .5166940E-10
1631 .5166922E-10
1632 .5166908E-10
1633 .5166890E-10
1634 .5166877E-10
1635 .5166859E-10
1636 .5166839E-10
1637 .5166822E-10
1638 .5166800E-10
1639 .5166779E-10
1640 .5166756E-10
1641 .5166732E-10
1642 .5166706E-10
1643 .5166686E-10
1644 .5166659E-10
1645 .5166634E-10
1646 .5166606E-10
1647 .5166578E-10
1648 .5166545E-10
1649 .5166517E-10
1650 .5166486E-10
1651 .5166454E-10
1652 .5166416E-10
1653 .5166381E-10
1654 .5166344E-10
1655 .5166308E-10
1656 .5166267E-10
1657 .5166228E-10
1658 .5166188E-10
1659 .5166141E-10
1660 .5166100E-10
1661 .5166049E-10
1662 .5166005E-10
1663 .5165956E-10
1664 .5165904E-10
1665 .5165855E-10
1666 .5165803E-10
1667 .5165744E-10
1668 .5165688E-10
1669 .5165634E-10
1670 .5165570E-10
1671 .5165510E-10
1672 .5165443E-10
1673 .5165381E-10
1674 .5165314E-10
1675 .5165248E-10
1676 .5165174E-10
1677 .5165105E-10
1678 .5165031E-10
1679 .5164954E-10
1680 .5164881E-10
1681 .5164799E-10
1682 .5164720E-10
1683 .5164635E-10
1684 .5164551E-10
1685 .5164467E-10
1686 .5164374E-10
1687 .5164287E-10
1688 .5164192E-10
1689 .5164099E-10
1690 .5164002E-10
1691 .5163901E-10
1692 .5163804E-10
1693 .5163703E-10
1694 .5163600E-10
1695 .5163491E-10
1696 .5163382E-10
1697 .5163272E-10
1698 .5163161E-10
1699 .5163048E-10
1700 .5162931E-10
1701 .5162817E-10
1702 .5162695E-10
1703 .5162572E-10
1704 .5162451E-10
1705 .5162326E-10
1706 .5162198E-10
1707 .5162069E-10
1708 .5161941E-10
1709 .5161803E-10
1710 .5161667E-10
1711 .5161534E-10
1712 .5161393E-10
1713 .5161253E-10
1714 .5161114E-10
1715 .5160966E-10
1716 .5160818E-10
1717 .5160669E-10
1718 .5160521E-10
1719 .5160366E-10
1720 .5160215E-10
1721 .5160056E-10
1722 .5159899E-10
1723 .5159738E-10
1724 .5159573E-10
1725 .5159409E-10
1726 .5159242E-10
1727 .5159070E-10
1728 .5158902E-10
1729 .5158731E-10
1730 .5158557E-10
1731 .5158378E-10
1732 .5158202E-10
1733 .5158019E-10
1734 .5157837E-10
1735 .5157653E-10
1736 .5157464E-10
1737 .5157276E-10
1738 .5157089E-10
1739 .5156896E-10
1740 .5156699E-10
1741 .5156505E-10
1742 .5156308E-10
1743 .5156102E-10
1744 .5155901E-10
1745 .5155693E-10
1746 .5155492E-10
1747 .5155280E-10
1748 .5155069E-10
1749 .5154858E-10
1750 .5154642E-10
1751 .5154425E-10
1752 .5154208E-10
1753 .5153986E-10
1754 .5153764E-10
1755 .5153536E-10
1756 .5153307E-10
1757 .5153078E-10
1758 .5152850E-10
1759 .5152614E-10
1760 .5152381E-10
1761 .5152143E-10
1762 .5151901E-10
1763 .5151662E-10
1764 .5151419E-10
1765 .5151174E-10
1766 .5150922E-10
1767 .5150673E-10
1768 .5150423E-10
1769 .5150167E-10
1770 .5149911E-10
1771 .5149655E-10
1772 .5149391E-10
1773 .5149127E-10
1774 .5148866E-10
1775 .5148599E-10
1776 .5148331E-10
1777 .5148062E-10
1778 .5147789E-10
1779 .5147515E-10
1780 .5147232E-10
1781 .5146953E-10
1782 .5146675E-10
1783 .5146394E-10
1784 .5146106E-10
1785 .5145818E-10
1786 .5145530E-10
1787 .5145236E-10
1788 .5144941E-10
1789 .5144648E-10
1790 .5144350E-10
1791 .5144047E-10
1792 .5143748E-10
1793 .5143443E-10
1794 .5143134E-10
1795 .5142823E-10
1796 .5142514E-10
1797 .5142199E-10
1798 .5141890E-10
1799 .5141571E-10
1800 .5141248E-10
1801 .5126396E-10
1802 .5111539E-10
1803 .5096688E-10
1804 .5081834E-10
1805 .5066980E-10
1806 .5052120E-10
1807 .5037269E-10
1808 .5022411E-10
1809 .5007559E-10
1810 .4992702E-10
1811 .4977847E-10
1812 .4962989E-10
1813 .4948134E-10
1814 .4933275E-10
1815 .4918421E-10
1816 .4903562E-10
1817 .4888706E-10
1818 .4873847E-10
1819 .4858992E-10
1820 .4844133E-10
1821 .4829281E-10
1822 .4814419E-10
1823 .4799562E-10
1824 .4784708E-10
1825 .4769848E-10
1826 .4754993E-10
1827 .4740136E-10
1828 .4725282E-10
1829 .4710424E-10
1830 .4695570E-10
1831 .4680717E-10
1832 .4665860E-10
1833 .4651003E-10
1834 .4636148E-10
1835 .4621289E-10
1836 .4606435E-10
1837 .4591583E-10
1838 .4576727E-10
1839 .4561873E-10
1840 .4547020E-10
1841 .4532168E-10
1842 .4517315E-10
1843 .4502463E-10
1844 .4487611E-10
1845 .4472759E-10
1846 .4457907E-10
1847 .4443056E-10
1848 .4428207E-10
1849 .4413352E-10
1850 .4398511E-10
1851 .4383659E-10
1852 .4368808E-10
1853 .4353961E-10
1854 .4339110E-10
1855 .4324268E-10
1856 .4309423E-10
1857 .4294579E-10
1858 .4279732E-10
1859 .4264887E-10
1860 .4250045E-10
1861 .4235201E-10
1862 .4220361E-10
1863 .4205516E-10
1864 .4190678E-10
1865 .4175837E-10
1866 .4160999E-10
1867 .4146159E-10
1868 .4131323E-10
1869 .4116488E-10
1870 .4101650E-10
1871 .4086816E-10
1872 .4071983E-10
1873 .4057151E-10
1874 .4042315E-10
1875 .4027487E-10
1876 .4012658E-10
1877 .3997827E-10
1878 .3982994E-10
1879 .3968168E-10
1880 .3953344E-10
1881 .3938521E-10
1882 .3923693E-10
1883 .3908873E-10
1884 .3894049E-10
1885 .3879228E-10
1886 .3864413E-10
1887 .3849589E-10
1888 .3834773E-10
1889 .3819955E-10
1890 .3805142E-10
1891 .3790328E-10
1892 .3775516E-10
1893 .3760705E-10
1894 .3745892E-10
1895 .3731086E-10
1896 .3716278E-10
1897 .3701471E-10
1898 .3686668E-10
1899 .3671867E-10
1900 .3657065E-10
1901 .3642262E-10
1902 .3627465E-10
1903 .3612667E-10
1904 .3597870E-10
1905 .3583074E-10
1906 .3568282E-10
1907 .3553496E-10
1908 .3538702E-10
1909 .3523912E-10
1910 .3509126E-10
1911 .3494341E-10
1912 .3479555E-10
1913 .3464777E-10
1914 .3449994E-10
1915 .3435217E-10
1916 .3420438E-10
1917 .3405663E-10
1918 .3390892E-10
1919 .3376118E-10
1920 .3361349E-10
1921 .3346578E-10
1922 .3331814E-10
1923 .3317050E-10
1924 .3302285E-10
1925 .3287525E-10
1926 .3272770E-10
1927 .3258009E-10
1928 .3243257E-10
1929 .3228503E-10
1930 .3213748E-10
1931 .3199000E-10
1932 .3184253E-10
1933 .3169506E-10
1934 .3154763E-10
1935 .3140023E-10
1936 .3125285E-10
1937 .3110544E-10
1938 .3095815E-10
1939 .3081080E-10
1940 .3066348E-10
1941 .3051620E-10
1942 .3036894E-10
1943 .3022168E-10
1944 .3007447E-10
1945 .2992728E-10
1946 .2978010E-10
1947 .2963298E-10
1948 .2948582E-10
1949 .2933873E-10
1950 .2919162E-10
1951 .2904458E-10
1952 .2889754E-10
1953 .2875056E-10
1954 .2860357E-10
1955 .2845660E-10
1956 .2830965E-10
1957 .2816276E-10
1958 .2801585E-10
1959 .2786899E-10
1960 .2772217E-10
1961 .2757535E-10
1962 .2742858E-10
1963 .2728183E-10
1964 .2713507E-10
1965 .2698840E-10
1966 .2684173E-10
1967 .2669507E-10
1968 .2654847E-10
1969 .2640188E-10
1970 .2625535E-10
1971 .2610882E-10
1972 .2596232E-10
1973 .2581586E-10
1974 .2566943E-10
1975 .2552307E-10
1976 .2537669E-10
1977 .2523038E-10
1978 .2508408E-10
1979 .2493781E-10
1980 .2479160E-10
1981 .2464543E-10
1982 .2449925E-10
1983 .2435316E-10
1984 .2420709E-10
1985 .2406107E-10
1986 .2391505E-10
1987 .2376910E-10
1988 .2362318E-10
1989 .2347730E-10
1990 .2333144E-10
1991 .2318563E-10
1992 .2303990E-10
1993 .2289416E-10
1994 .2274847E-10
1995 .2260282E-10
1996 .2245723E-10
1997 .2231168E-10
1998 .2216614E-10
1999 .2202066E-10
2000 .2187524E-10
2001 .2172985E-10
2002 .2158449E-10
2003 .2143919E-10
2004 .2129392E-10
2005 .2114869E-10
2006 .2100350E-10
2007 .2085837E-10
2008 .2071330E-10
2009 .2056825E-10
2010 .2042325E-10
2011 .2042031E-10
2012 .2041741E-10
2013 .2041449E-10
2014 .2041161E-10
2015 .2040871E-10
2016 .2040581E-10
2017 .2040292E-10
2018 .2040005E-10
2019 .2039719E-10
2020 .2039431E-10
2021 .2039146E-10
2022 .2038859E-10
2023 .2038574E-10
2024 .2038292E-10
2025 .2038009E-10
2026 .2037725E-10
2027 .2037441E-10
2028 .2037161E-10
2029 .2036883E-10
2030 .2036603E-10
2031 .2036327E-10
2032 .2036051E-10
2033 .2035772E-10
2034 .2035496E-10
2035 .2035223E-10
2036 .2034951E-10
2037 .2034679E-10
2038 .2034408E-10
2039 .2034137E-10
2040 .2033872E-10
2041 .2033601E-10
2042 .2033335E-10
2043 .2033071E-10
2044 .2032805E-10
2045 .2032546E-10
2046 .2032282E-10
2047 .2032022E-10
2048 .2031764E-10
2049 .2031508E-10
2050 .2031251E-10
2051 .2030998E-10
2052 .2030744E-10
2053 .2030494E-10
2054 .2030246E-10
2055 .2029997E-10
2056 .2029750E-10
2057 .2029507E-10
2058 .2029264E-10
2059 .2029021E-10
2060 .2028780E-10
2061 .2028543E-10
2062 .2028307E-10
2063 .2028073E-10
2064 .2027838E-10
2065 .2027607E-10
2066 .2027378E-10
2067 .2027149E-10
2068 .2026925E-10
2069 .2026702E-10
2070 .2026477E-10
2071 .2026261E-10
2072 .2026042E-10
2073 .2025826E-10
2074 .2025614E-10
2075 .2025403E-10
2076 .2025192E-10
2077 .2024985E-10
2078 .2024780E-10
2079 .2024576E-10
2080 .2024378E-10
2081 .2024177E-10
2082 .2023982E-10
2083 .2023787E-10
2084 .2023594E-10
2085 .2023406E-10
2086 .2023219E-10
2087 .2023032E-10
2088 .2022853E-10
2089 .2022672E-10
2090 .2022494E-10
2091 .2022320E-10
2092 .2022147E-10
2093 .2021976E-10
2094 .2021809E-10
2095 .2021644E-10
2096 .2021481E-10
2097 .2021323E-10
2098 .2021166E-10
2099 .2021012E-10
2100 .2020860E-10
2101 .2020710E-10
2102 .2020566E-10
2103 .2020422E-10
2104 .2020282E-10
2105 .2020147E-10
2106 .2020012E-10
2107 .2019877E-10
2108 .2019749E-10
2109 .2019624E-10
2110 .2019499E-10
2111 .2019383E-10
2112 .2019263E-10
2113 .2019151E-10
2114 .2019041E-10
2115 .2018932E-10
2116 .2018826E-10
2117 .2018725E-10
2118 .2018629E-10
2119 .2018535E-10
2120 .2018441E-10
2121 .2018354E-10
2122 .2018270E-10
2123 .2018186E-10
2124 .2018109E-10
2125 .2018031E-10
2126 .2017965E-10
2127 .2017895E-10
2128 .2017829E-10
2129 .2017769E-10
2130 .2017710E-10
2131 .2017654E-10
2132 .2017606E-10
2133 .2017555E-10
2134 .2017511E-10
2135 .2017475E-10
2136 .2017437E-10
2137 .2017404E-10
2138 .2017376E-10
2139 .2017350E-10
2140 .2017328E-10
2141 .2017311E-10
2142 .2017295E-10
2143 .2017287E-10
2144 .2017281E-10
2145 .2017278E-10
2146 .2017281E-10
2147 .2017285E-10
2148 .2017293E-10
2149 .2017308E-10
2150 .2017326E-10
2151 .2017348E-10
2152 .2017373E-10
2153 .2017402E-10
2154 .2017435E-10
2155 .2017475E-10
2156 .2017516E-10
2157 .2017564E-10
2158 .2017614E-10
2159 .2017670E-10
2160 .2017729E-10
2161 .2017792E-10
2162 .2017859E-10
2163 .2017932E-10
2164 .2018007E-10
2165 .2018088E-10
2166 .2018174E-10
2167 .2018266E-10
2168 .2018359E-10
2169 .2018458E-10
2170 .2018561E-10
2171 .2018669E-10
2172 .2018785E-10
2173 .2018900E-10
2174 .2019021E-10
2175 .2019147E-10
2176 .2019279E-10
2177 .2019416E-10
2178 .2019557E-10
2179 .2019703E-10
2180 .2019854E-10
2181 .2020009E-10
2182 .2020169E-10
2183 .2020334E-10
2184 .2020502E-10
2185 .2020680E-10
2186 .2020859E-10
2187 .2021043E-10
2188 .2021233E-10
2189 .2021429E-10
2190 .2021628E-10
2191 .2021832E-10
2192 .2022045E-10
2193 .2022263E-10
2194 .2022480E-10
2195 .2022708E-10
2196 .2022938E-10
2197 .2023175E-10
2198 .2023415E-10
2199 .2023663E-10
2200 .2023919E-10
2201 .2024177E-10
2202 .2024440E-10
2203 .2024706E-10
2204 .2024981E-10
2205 .2025261E-10
2206 .2025547E-10
2207 .2025840E-10
2208 .2026138E-10
2209 .2026438E-10
2210 .2026747E-10
2211 .2027059E-10
2212 .2027378E-10
2213 .2027705E-10
2214 .2028035E-10
2215 .2028371E-10
2216 .2028715E-10
2217 .2029062E-10
2218 .2029415E-10
2219 .2029778E-10
2220 .2030144E-10
2221 .2030516E-10
2222 .2030894E-10
2223 .2031277E-10
2224 .2031667E-10
2225 .2032063E-10
2226 .2032465E-10
2227 .2032876E-10
2228 .2033291E-10
2229 .2033712E-10
2230 .2034140E-10
2231 .2034570E-10
2232 .2035011E-10
2233 .2035455E-10
2234 .2035910E-10
2235 .2036367E-10
2236 .2036833E-10
2237 .2037302E-10
2238 .2037782E-10
2239 .2038265E-10
2240 .2038757E-10
2241 .2039254E-10
2242 .2039759E-10
2243 .2040270E-10
2244 .2040786E-10
2245 .2041310E-10
2246 .2041837E-10
2247 .2042372E-10
2248 .2042912E-10
2249 .2043463E-10
2250 .2044016E-10
2251 .2044580E-10
2252 .2045146E-10
2253 .2045716E-10
2254 .2046297E-10
2255 .2046884E-10
2256 .2047471E-10
2257 .2048071E-10
2258 .2048672E-10
2259 .2049285E-10
2260 .2049902E-10
2261 .2050522E-10
2262 .2051149E-10
2263 .2051782E-10
2264 .2052424E-10
2265 .2053068E-10
2266 .2053718E-10
2267 .2054374E-10
2268 .2055040E-10
2269 .2055709E-10
2270 .2056385E-10
2271 .2057065E-10
2272 .2057750E-10
2273 .2058444E-10
2274 .2059140E-10
2275 .2059843E-10
2276 .2060556E-10
2277 .2061267E-10
2278 .2061993E-10
2279 .2062716E-10
2280 .2063451E-10
2281 .2064187E-10
2282 .2064932E-10
2283 .2065679E-10
2284 .2066435E-10
2285 .2067195E-10
2286 .2067959E-10
2287 .2068732E-10
2288 .2069506E-10
2289 .2070291E-10
2290 .2071079E-10
2291 .2071872E-10
2292 .2072670E-10
2293 .2073472E-10
2294 .2074279E-10
2295 .2075096E-10
2296 .2075916E-10
2297 .2076741E-10
2298 .2077572E-10
2299 .2078405E-10
2300 .2079246E-10
2301 .2080094E-10
2302 .2080945E-10
2303 .2081802E-10
2304 .2082663E-10
2305 .2083529E-10
2306 .2084400E-10
2307 .2085278E-10
2308 .2086160E-10
2309 .2087047E-10
2310 .2087938E-10
2311 .2088837E-10
2312 .2089738E-10
2313 .2090643E-10
2314 .2091554E-10
2315 .2092473E-10
2316 .2093394E-10
2317 .2094320E-10
2318 .2095251E-10
2319 .2096188E-10
2320 .2097130E-10
2321 .2098076E-10
2322 .2099027E-10
2323 .2099982E-10
2324 .2100944E-10
2325 .2101908E-10
2326 .2102877E-10
2327 .2103851E-10
2328 .2104831E-10
2329 .2105816E-10
2330 .2106803E-10
2331 .2107796E-10
2332 .2108794E-10
2333 .2109796E-10
2334 .2110805E-10
2335 .2111818E-10
2336 .2112832E-10
2337 .2113852E-10
2338 .2114876E-10
2339 .2115905E-10
2340 .2116939E-10
2341 .2117979E-10
2342 .2119020E-10
2343 .2120065E-10
2344 .2121116E-10
2345 .2122173E-10
2346 .2123231E-10
2347 .2124295E-10
2348 .2125366E-10
2349 .2126438E-10
2350 .2127515E-10
2351 .2128595E-10
2352 .2129681E-10
2353 .2130770E-10
2354 .2131863E-10
2355 .2132962E-10
2356 .2134064E-10
2357 .2135170E-10
2358 .2136280E-10
2359 .2137394E-10
2360 .2138512E-10
2361 .2139633E-10
2362 .2140757E-10
2363 .2141889E-10
2364 .2143022E-10
2365 .2144160E-10
2366 .2145301E-10
2367 .2146446E-10
2368 .2147600E-10
2369 .2148751E-10
2370 .2149906E-10
2371 .2151068E-10
2372 .2152233E-10
2373 .2153402E-10
2374 .2154573E-10
2375 .2155748E-10
2376 .2156929E-10
2377 .2158112E-10
2378 .2159298E-10
2379 .2160488E-10
2380 .2161682E-10
2381 .2162879E-10
2382 .2164080E-10
2383 .2165285E-10
2384 .2166493E-10
2385 .2167706E-10
2386 .2168920E-10
2387 .2170138E-10
2388 .2171359E-10
2389 .2172585E-10
2390 .2173813E-10
2391 .2175045E-10
2392 .2176285E-10
2393 .2177519E-10
2394 .2178763E-10
2395 .2180009E-10
2396 .2181257E-10
2397 .2182509E-10
2398 .2183765E-10
2399 .2185020E-10
2400 .2186282E-10
2401 .2187546E-10
2402 .2188814E-10
2403 .2190087E-10
2404 .2191360E-10
2405 .2192637E-10
2406 .2193916E-10
2407 .2195198E-10
2408 .2196487E-10
2409 .2197774E-10
2410 .2199065E-10
2411 .2200358E-10
2412 .2201658E-10
2413 .2202959E-10
2414 .2204263E-10
2415 .2205567E-10
2416 .2206877E-10
2417 .2208190E-10
2418 .2209503E-10
2419 .2210819E-10
2420 .2212142E-10
2421 .2213462E-10
2422 .2214790E-10
2423 .2216117E-10
2424 .2217447E-10
2425 .2218779E-10
2426 .2220118E-10
2427 .2221453E-10
2428 .2222795E-10
2429 .2224139E-10
2430 .2225482E-10
2431 .2226833E-10
2432 .2228185E-10
2433 .2229538E-10
2434 .2230892E-10
2435 .2232250E-10
2436 .2233612E-10
2437 .2234974E-10
2438 .2236338E-10
2439 .2237704E-10
2440 .2239074E-10
2441 .2240446E-10
2442 .2241822E-10
2443 .2243197E-10
2444 .2244574E-10
2445 .2245954E-10
2446 .2247335E-10
2447 .2248721E-10
2448 .2250109E-10
2449 .2251496E-10
2450 .2252888E-10
2451 .2254279E-10
2452 .2255675E-10
2453 .2257070E-10
2454 .2258472E-10
2455 .2259870E-10
2456 .2261274E-10
2457 .2262677E-10
2458 .2264082E-10
2459 .2265491E-10
2460 .2266903E-10
2461 .2268311E-10
2462 .2269725E-10
2463 .2271139E-10
2464 .2272557E-10
2465 .2273974E-10
2466 .2275392E-10
2467 .2276813E-10
2468 .2278237E-10
2469 .2279660E-10
2470 .2281087E-10
2471 .2282515E-10
2472 .2283945E-10
2473 .2285376E-10
2474 .2286807E-10
2475 .2288237E-10
2476 .2289674E-10
2477 .2291111E-10
2478 .2292547E-10
2479 .2293985E-10
2480 .2295426E-10
2481 .2296864E-10
2482 .2298307E-10
2483 .2299753E-10
2484 .2301199E-10
2485 .2302643E-10
2486 .2304087E-10
2487 .2305537E-10
2488 .2306987E-10
2489 .2308435E-10
2490 .2309887E-10
2491 .2311340E-10
2492 .2312792E-10
2493 .2314246E-10
2494 .2315701E-10
2495 .2317155E-10
2496 .2318610E-10
2497 .2320069E-10
2498 .2321530E-10
2499 .2322988E-10
2500 .2324450E-10
