100 .3119199E-15
101 .1202176E-14
102 .3238395E-14
103 .7157037E-14
104 .1390768E-13
105 .2465618E-13
106 .4077644E-13
107 .6382893E-13
108 .9552606E-13
109 .1376836E-12
110 .1921587E-12
111 .2607762E-12
112 .3452441E-12
113 .4470608E-12
114 .5674169E-12
115 .7070967E-12
116 .8663807E-12
117 .1044955E-11
118 .1241836E-11
119 .1455304E-11
120 .1682868E-11
121 .1921247E-11
122 .2166387E-11
123 .2413511E-11
124 .2657197E-11
125 .2891507E-11
126 .3110731E-11
127 .3311662E-11
128 .3492399E-11
129 .3651842E-11
130 .3789671E-11
131 .3906300E-11
132 .4002809E-11
133 .4080867E-11
134 .4142643E-11
135 .4190721E-11
136 .4228011E-11
137 .4257671E-11
138 .4283000E-11
139 .4306038E-11
140 .4327488E-11
141 .4347984E-11
142 .4368172E-11
143 .4388691E-11
144 .4410188E-11
145 .4433324E-11
146 .4458774E-11
147 .4487233E-11
148 .4519430E-11
149 .4556120E-11
150 .4598096E-11
151 .4646051E-11
152 .4700127E-11
153 .4760321E-11
154 .4826629E-11
155 .4899047E-11
156 .4977578E-11
157 .5062216E-11
158 .5152955E-11
159 .5249784E-11
160 .5352688E-11
161 .5461650E-11
162 .5576642E-11
163 .5697627E-11
164 .5824560E-11
165 .5957378E-11
166 .6096017E-11
167 .6240390E-11
168 .6390392E-11
169 .6545903E-11
170 .6706779E-11
171 .6872864E-11
172 .7043966E-11
173 .7219874E-11
174 .7400344E-11
175 .7585113E-11
176 .7773907E-11
177 .7966543E-11
178 .8162839E-11
179 .8362601E-11
180 .8565599E-11
181 .8771581E-11
182 .8980268E-11
183 .9191352E-11
184 .9404504E-11
185 .9619359E-11
186 .9835526E-11
187 .1005258E-10
188 .1027007E-10
189 .1048752E-10
190 .1070442E-10
191 .1092023E-10
192 .1113438E-10
193 .1134625E-10
194 .1155525E-10
195 .1176071E-10
196 .1196196E-10
197 .1215829E-10
198 .1234899E-10
199 .1253332E-10
200 .1271053E-10
201 .1287992E-10
202 .1304121E-10
203 .1319417E-10
204 .1333864E-10
205 .1347445E-10
206 .1360146E-10
207 .1371955E-10
208 .1382863E-10
209 .1392860E-10
210 .1401941E-10
211 .1410100E-10
212 .1417337E-10
213 .1423651E-10
214 .1429042E-10
215 .1433514E-10
216 .1437071E-10
217 .1439719E-10
218 .1441467E-10
219 .1442324E-10
220 .1442298E-10
221 .1441404E-10
222 .1439653E-10
223 .1437060E-10
224 .1433638E-10
225 .1429406E-10
226 .1424403E-10
227 .1418765E-10
228 .1412655E-10
229 .1406230E-10
230 .1399653E-10
231 .1393083E-10
232 .1386678E-10
233 .1380596E-10
234 .1374996E-10
235 .1370032E-10
236 .1365862E-10
237 .1362643E-10
238 .1360534E-10
239 .1359691E-10
240 .1360278E-10
241 .1362457E-10
242 .1366398E-10
243 .1372274E-10
244 .1380262E-10
245 .1390552E-10
246 .1403337E-10
247 .1418826E-10
248 .1437237E-10
249 .1458805E-10
250 .1483778E-10
251 .1237896E-10
252 .1369511E-10
253 .1494496E-10
254 .1921638E-10
255 .2254341E-10
256 .2366296E-10
257 .2895810E-10
258 .2524383E-10
259 .3039304E-10
260 .3200074E-10
261 .2898525E-10
262 .3037506E-10
263 .2603697E-10
264 .2032332E-10
265 .1930160E-10
266 .1668122E-10
267 .1580688E-10
268 .1630442E-10
269 .2585769E-10
270 .4444818E-10
271 .6953103E-10
272 .8553364E-10
273 .8675868E-10
274 .8666953E-10
275 .9120079E-10
276 .9055121E-10
277 .9141097E-10
278 .8820536E-10
279 .1043761E-09
280 .1040472E-09
281 .1023828E-09
282 .1032785E-09
283 .9672577E-10
284 .8869393E-10
285 .9334042E-10
286 .9174228E-10
287 .9327787E-10
288 .9105379E-10
289 .9626209E-10
290 .1102357E-09
291 .1182414E-09
292 .1318165E-09
293 .1375071E-09
294 .1431569E-09
295 .1494485E-09
296 .1433355E-09
297 .1396994E-09
298 .1383951E-09
299 .1349876E-09
300 .1236359E-09
301 .1187630E-09
302 .1082659E-09
303 .1111410E-09
304 .1156450E-09
305 .1142057E-09
306 .1155698E-09
307 .1100853E-09
308 .1192333E-09
309 .1184534E-09
310 .1015772E-09
311 .1038631E-09
312 .1175141E-09
313 .1144020E-09
314 .1192456E-09
315 .1170742E-09
316 .1222650E-09
317 .1233460E-09
318 .1409454E-09
319 .1462737E-09
320 .1597066E-09
321 .1502000E-09
322 .1475491E-09
323 .1318791E-09
324 .1275832E-09
325 .1218980E-09
326 .1142323E-09
327 .1104493E-09
328 .1044214E-09
329 .1000107E-09
330 .1051419E-09
331 .1025801E-09
332 .1122219E-09
333 .1120204E-09
334 .1136082E-09
335 .1105560E-09
336 .1108951E-09
337 .1151873E-09
338 .1131304E-09
339 .1151881E-09
340 .1202188E-09
341 .1207566E-09
342 .1379753E-09
343 .1470273E-09
344 .1449049E-09
345 .1473839E-09
346 .1366754E-09
347 .1408001E-09
348 .1402863E-09
349 .1395231E-09
350 .1310858E-09
351 .1398289E-09
352 .1470438E-09
353 .1600523E-09
354 .1720854E-09
355 .1848366E-09
356 .1860266E-09
357 .1843992E-09
358 .1917849E-09
359 .1882810E-09
360 .1978200E-09
361 .1971198E-09
362 .2014990E-09
363 .1943463E-09
364 .1798394E-09
365 .1832858E-09
366 .1898238E-09
367 .2124534E-09
368 .2324933E-09
369 .2590968E-09
370 .2961254E-09
371 .3202053E-09
372 .3325646E-09
373 .3416660E-09
374 .3276464E-09
375 .3053161E-09
376 .2825518E-09
377 .2529753E-09
378 .2141945E-09
379 .1723401E-09
380 .1459917E-09
381 .1233117E-09
382 .1118290E-09
383 .9782670E-10
384 .1039983E-09
385 .1103407E-09
386 .1304291E-09
387 .1556753E-09
388 .1953527E-09
389 .2258526E-09
390 .2567990E-09
391 .2780881E-09
392 .3168069E-09
393 .3332109E-09
394 .3695599E-09
395 .3898874E-09
396 .4146380E-09
397 .4369193E-09
398 .4599738E-09
399 .4779641E-09
400 .4629566E-09
401 .4531036E-09
402 .4156112E-09
403 .4063287E-09
404 .3574356E-09
405 .3442528E-09
406 .3169311E-09
407 .3064673E-09
408 .2905659E-09
409 .2881088E-09
410 .2763122E-09
411 .2624556E-09
412 .2477889E-09
413 .2421717E-09
414 .2302069E-09
415 .2322758E-09
416 .2283119E-09
417 .2256020E-09
418 .2299800E-09
419 .2355097E-09
420 .2383098E-09
421 .2404798E-09
422 .2529062E-09
423 .2419735E-09
424 .2482279E-09
425 .2531278E-09
426 .2583002E-09
427 .2449160E-09
428 .2545850E-09
429 .2558299E-09
430 .2541626E-09
431 .2729727E-09
432 .2661716E-09
433 .2816285E-09
434 .2737215E-09
435 .2732962E-09
436 .2803384E-09
437 .2577861E-09
438 .2301998E-09
439 .2099192E-09
440 .2009237E-09
441 .1777861E-09
442 .1648787E-09
443 .1499876E-09
444 .1438962E-09
445 .1406137E-09
446 .1399687E-09
447 .1445608E-09
448 .1474138E-09
449 .1543915E-09
450 .1624553E-09
451 .1732782E-09
452 .1796485E-09
453 .2016045E-09
454 .2165047E-09
455 .2348475E-09
456 .2586769E-09
457 .2689568E-09
458 .3037909E-09
459 .3271240E-09
460 .3697221E-09
461 .3822577E-09
462 .3998601E-09
463 .4045692E-09
464 .4279785E-09
465 .4396608E-09
466 .4362942E-09
467 .4306875E-09
468 .3993408E-09
469 .3770599E-09
470 .3187185E-09
471 .3056125E-09
472 .2623571E-09
473 .2366322E-09
474 .2066607E-09
475 .1929660E-09
476 .1774174E-09
477 .1627049E-09
478 .1557273E-09
479 .1663668E-09
480 .1728915E-09
481 .1798539E-09
482 .1871139E-09
483 .1943069E-09
484 .2025820E-09
485 .2029619E-09
486 .2023265E-09
487 .2001787E-09
488 .1978893E-09
489 .1998022E-09
490 .2057263E-09
491 .2157410E-09
492 .2301453E-09
493 .2479152E-09
494 .2832588E-09
495 .2988883E-09
496 .3096786E-09
497 .3145287E-09
498 .3061661E-09
499 .2943439E-09
500 .2777254E-09
501 .2583545E-09
502 .2392300E-09
503 .2069209E-09
504 .1955610E-09
505 .1876739E-09
506 .1826788E-09
507 .1798489E-09
508 .1782272E-09
509 .1784528E-09
510 .1786274E-09
511 .1790883E-09
512 .1812021E-09
513 .1766095E-09
514 .1740937E-09
515 .1732661E-09
516 .1742779E-09
517 .1793991E-09
518 .1925676E-09
519 .2048036E-09
520 .2160914E-09
521 .2077066E-09
522 .2206314E-09
523 .2581334E-09
524 .2537470E-09
525 .2679914E-09
526 .2601591E-09
527 .2734488E-09
528 .3236282E-09
529 .3289383E-09
530 .3004633E-09
531 .3573261E-09
532 .3561314E-09
533 .3433462E-09
534 .3341311E-09
535 .3331562E-09
536 .3092733E-09
537 .3124987E-09
538 .3064768E-09
539 .2788356E-09
540 .3320612E-09
541 .3234022E-09
542 .2951290E-09
543 .2817187E-09
544 .3351720E-09
545 .3582127E-09
546 .3594457E-09
547 .4260275E-09
548 .4133824E-09
549 .4277887E-09
550 .4674078E-09
551 .4827122E-09
552 .4813707E-09
553 .4179788E-09
554 .4384842E-09
555 .4365425E-09
556 .4203732E-09
557 .4190524E-09
558 .3677095E-09
559 .3524852E-09
560 .3323247E-09
561 .2931303E-09
562 .2676049E-09
563 .2553215E-09
564 .2376785E-09
565 .2065350E-09
566 .1871557E-09
567 .1486065E-09
568 .1399262E-09
569 .1287214E-09
570 .1395493E-09
571 .1325606E-09
572 .1358194E-09
573 .1438304E-09
574 .1400882E-09
575 .1488938E-09
576 .1415598E-09
577 .1682979E-09
578 .2028355E-09
579 .2091154E-09
580 .2431249E-09
581 .2622754E-09
582 .2886949E-09
583 .2937741E-09
584 .3119466E-09
585 .3031782E-09
586 .3378920E-09
587 .3358493E-09
588 .2958256E-09
589 .1897500E-09
590 .2794857E-09
591 .3004806E-09
592 .3135964E-09
593 .2551770E-09
594 .2479697E-09
595 .2385490E-09
596 .2306569E-09
597 .2106457E-09
598 .2151346E-09
599 .2155468E-09
600 .1823383E-09
601 .1964127E-09
602 .1957397E-09
603 .1978815E-09
604 .1952040E-09
605 .2125157E-09
606 .2318744E-09
607 .2215567E-09
608 .2342643E-09
609 .2210729E-09
610 .2236556E-09
611 .2202504E-09
612 .2091790E-09
613 .2019701E-09
614 .2301693E-09
615 .2190803E-09
616 .2066502E-09
617 .1814501E-09
618 .1964239E-09
619 .2129129E-09
620 .2027486E-09
621 .1895930E-09
622 .2127348E-09
623 .2091349E-09
624 .1971818E-09
625 .2183127E-09
626 .2021962E-09
627 .1857085E-09
628 .1816196E-09
629 .1713801E-09
630 .1660486E-09
631 .1613856E-09
632 .1601263E-09
633 .1620672E-09
634 .1670695E-09
635 .1729218E-09
636 .1787588E-09
637 .1858435E-09
638 .1927484E-09
639 .2050121E-09
640 .2203961E-09
641 .2387932E-09
642 .2583276E-09
643 .2724844E-09
644 .2913924E-09
645 .3093841E-09
646 .3258789E-09
647 .3398835E-09
648 .3501672E-09
649 .3637192E-09
650 .3765289E-09
651 .3867296E-09
652 .3935738E-09
653 .3997405E-09
654 .4058348E-09
655 .4109792E-09
656 .4137710E-09
657 .4146212E-09
658 .4156833E-09
659 .4137266E-09
660 .4098842E-09
661 .4022172E-09
662 .3923745E-09
663 .3859019E-09
664 .3734856E-09
665 .3596319E-09
666 .3447018E-09
667 .3289588E-09
668 .3197539E-09
669 .3052255E-09
670 .2905765E-09
671 .2766922E-09
672 .2632076E-09
673 .2554428E-09
674 .2428107E-09
675 .2310412E-09
676 .2226358E-09
677 .2173998E-09
678 .2089876E-09
679 .2026529E-09
680 .1978197E-09
681 .1935391E-09
682 .1921326E-09
683 .1900759E-09
684 .1936309E-09
685 .1887605E-09
686 .1723562E-09
687 .1644887E-09
688 .1617147E-09
689 .1714666E-09
690 .1788968E-09
691 .1853088E-09
692 .1920107E-09
693 .1969015E-09
694 .1991868E-09
695 .2015749E-09
696 .2063148E-09
697 .2092234E-09
698 .2096884E-09
699 .2099182E-09
700 .2196530E-09
701 .2318870E-09
702 .2295025E-09
703 .2306811E-09
704 .2259771E-09
705 .2231036E-09
706 .2272976E-09
707 .2197590E-09
708 .2189442E-09
709 .2264007E-09
710 .2285949E-09
711 .2252908E-09
712 .2309478E-09
713 .2311712E-09
714 .2312034E-09
715 .2382341E-09
716 .2368162E-09
717 .2404408E-09
718 .2583042E-09
719 .2677386E-09
720 .2786800E-09
721 .2746658E-09
722 .2734601E-09
723 .2796625E-09
724 .2948898E-09
725 .3063743E-09
726 .3372022E-09
727 .3313569E-09
728 .3175141E-09
729 .3099204E-09
730 .3140604E-09
731 .3167296E-09
732 .3122925E-09
733 .3025051E-09
734 .2976976E-09
735 .2928554E-09
736 .2884588E-09
737 .2876289E-09
738 .2851533E-09
739 .2841014E-09
740 .2843624E-09
741 .2848852E-09
742 .2909728E-09
743 .2910619E-09
744 .2913051E-09
745 .2910835E-09
746 .2905751E-09
747 .2898631E-09
748 .2833707E-09
749 .2751442E-09
750 .2651410E-09
751 .2535658E-09
752 .2352298E-09
753 .2199258E-09
754 .2064037E-09
755 .2043527E-09
756 .1871128E-09
757 .1584020E-09
758 .1546780E-09
759 .1493853E-09
760 .1438106E-09
761 .1057223E-09
762 .3933100E-10
763 .7708291E-10
764 .9598302E-10
765 .7837000E-10
766 .9909870E-10
767 .1197740E-09
768 .1476502E-09
769 .1573280E-09
770 .1649012E-09
771 .1742660E-09
772 .1745724E-09
773 .1696990E-09
774 .1801386E-09
775 .1757733E-09
776 .1686682E-09
777 .1732017E-09
778 .1712402E-09
779 .1703910E-09
780 .1597777E-09
781 .1584369E-09
782 .1581645E-09
783 .1450670E-09
784 .1437584E-09
785 .1426768E-09
786 .1362034E-09
787 .1256318E-09
788 .1226718E-09
789 .1157608E-09
790 .1074602E-09
791 .1031374E-09
792 .1016410E-09
793 .9332700E-10
794 .8558208E-10
795 .8055138E-10
796 .7951296E-10
797 .7684538E-10
798 .6943097E-10
799 .6584319E-10
800 .6266442E-10
801 .6378108E-10
802 .5868828E-10
803 .5659743E-10
804 .5489395E-10
805 .5499239E-10
806 .5437266E-10
807 .5555818E-10
808 .5368519E-10
809 .4886722E-10
810 .5220274E-10
811 .5020825E-10
812 .5129603E-10
813 .4905408E-10
814 .5255131E-10
815 .4852049E-10
816 .4750477E-10
817 .5097351E-10
818 .4579832E-10
819 .4404270E-10
820 .4213170E-10
821 .3711376E-10
822 .3419904E-10
823 .2969646E-10
824 .2523227E-10
825 .1797696E-10
826 .1717075E-10
827 .1486001E-10
828 .1466367E-10
829 .1507907E-10
830 .1106202E-10
831 .1146922E-10
832 .1377385E-10
833 .1308468E-10
834 .1349510E-10
835 .1662306E-10
836 .1421609E-10
837 .1641053E-10
838 .1964456E-10
839 .1917088E-10
840 .1879440E-10
841 .1958380E-10
842 .2019472E-10
843 .2403787E-10
844 .2702909E-10
845 .2945432E-10
846 .3112648E-10
847 .3382077E-10
848 .4043914E-10
849 .4739611E-10
850 .5418766E-10
851 .5951524E-10
852 .6486838E-10
853 .7161097E-10
854 .7997035E-10
855 .9374195E-10
856 .1032550E-09
857 .1024294E-09
858 .1003176E-09
859 .9944836E-10
860 .1009650E-09
861 .1016310E-09
862 .1108884E-09
863 .1133312E-09
864 .1095954E-09
865 .1052204E-09
866 .1005601E-09
867 .9715206E-10
868 .1074776E-09
869 .1182639E-09
870 .1153669E-09
871 .1091844E-09
872 .1073400E-09
873 .1090105E-09
874 .1149675E-09
875 .1317864E-09
876 .1354407E-09
877 .1238060E-09
878 .1169944E-09
879 .1289438E-09
880 .1405250E-09
881 .1405591E-09
882 .1379934E-09
883 .1306081E-09
884 .1183701E-09
885 .1181329E-09
886 .1232294E-09
887 .1343592E-09
888 .1326029E-09
889 .1193848E-09
890 .1088284E-09
891 .1074432E-09
892 .1118191E-09
893 .1143288E-09
894 .1100846E-09
895 .1106953E-09
896 .1065641E-09
897 .1015385E-09
898 .9721123E-10
899 .9649694E-10
900 .1013947E-09
901 .9211653E-10
902 .8911951E-10
903 .9171037E-10
904 .8870387E-10
905 .8591719E-10
906 .8922966E-10
907 .8951283E-10
908 .8518673E-10
909 .8357911E-10
910 .8375832E-10
911 .8456289E-10
912 .8899346E-10
913 .9098773E-10
914 .8930513E-10
915 .8370720E-10
916 .8131887E-10
917 .8197646E-10
918 .7921663E-10
919 .8067763E-10
920 .7976066E-10
921 .8064397E-10
922 .8380267E-10
923 .8510699E-10
924 .9196367E-10
925 .9529429E-10
926 .8368970E-10
927 .7994061E-10
928 .7639185E-10
929 .7452873E-10
930 .7851592E-10
931 .8015889E-10
932 .7898057E-10
933 .7225799E-10
934 .6017079E-10
935 .6183681E-10
936 .6412381E-10
937 .6680975E-10
938 .6454924E-10
939 .9338123E-10
940 .8359637E-10
941 .5542279E-10
942 .6170655E-10
943 .6002200E-10
944 .6052146E-10
945 .6627796E-10
946 .6939680E-10
947 .7677373E-10
948 .7518797E-10
949 .7544574E-10
950 .7514620E-10
951 .7667288E-10
952 .6840686E-10
953 .7971565E-10
954 .1012402E-09
955 .9224088E-10
956 .8760865E-10
957 .8860029E-10
958 .7888207E-10
959 .7752685E-10
960 .8502433E-10
961 .8300633E-10
962 .8103815E-10
963 .7399382E-10
964 .6699098E-10
965 .6895060E-10
966 .6787689E-10
967 .6799602E-10
968 .6270803E-10
969 .5632129E-10
970 .6202959E-10
971 .6406169E-10
972 .6512628E-10
973 .6104434E-10
974 .5940521E-10
975 .6396302E-10
976 .5773149E-10
977 .6228174E-10
978 .6733780E-10
979 .6212260E-10
980 .7090526E-10
981 .7250878E-10
982 .6501819E-10
983 .6792769E-10
984 .7287966E-10
985 .8117501E-10
986 .8343105E-10
987 .8387606E-10
988 .9965291E-10
989 .9854595E-10
990 .8988783E-10
991 .8861041E-10
992 .9546311E-10
993 .9890298E-10
994 .9908335E-10
995 .9578559E-10
996 .9886491E-10
997 .1147158E-09
998 .1017419E-09
999 .9995299E-10
1000 .1039470E-09
1001 .1032867E-09
1002 .1026251E-09
1003 .1019621E-09
1004 .1012978E-09
1005 .1006321E-09
1006 .9996500E-10
1007 .9929702E-10
1008 .9862736E-10
1009 .9795646E-10
1010 .9728445E-10
1011 .9661097E-10
1012 .9593647E-10
1013 .9526050E-10
1014 .9458325E-10
1015 .9390482E-10
1016 .9322519E-10
1017 .9254426E-10
1018 .9186212E-10
1019 .9117866E-10
1020 .9049402E-10
1021 .8980826E-10
1022 .8912126E-10
1023 .8843288E-10
1024 .8774352E-10
1025 .8705293E-10
1026 .8636111E-10
1027 .8566812E-10
1028 .8497383E-10
1029 .8427865E-10
1030 .8358205E-10
1031 .8288449E-10
1032 .8218552E-10
1033 .8148566E-10
1034 .8078460E-10
1035 .8008246E-10
1036 .7937911E-10
1037 .7867463E-10
1038 .7796901E-10
1039 .7726240E-10
1040 .7655459E-10
1041 .7584573E-10
1042 .7513574E-10
1043 .7442478E-10
1044 .7371270E-10
1045 .7299951E-10
1046 .7228529E-10
1047 .7157012E-10
1048 .7085378E-10
1049 .7013642E-10
1050 .6941812E-10
1051 .6869881E-10
1052 .6797850E-10
1053 .6725715E-10
1054 .6653484E-10
1055 .6581152E-10
1056 .6508729E-10
1057 .6436205E-10
1058 .6363588E-10
1059 .6290875E-10
1060 .6218073E-10
1061 .6145178E-10
1062 .6072187E-10
1063 .5999103E-10
1064 .5925937E-10
1065 .5852672E-10
1066 .5779324E-10
1067 .5705884E-10
1068 .5632354E-10
1069 .5558737E-10
1070 .5485041E-10
1071 .5411257E-10
1072 .5337389E-10
1073 .5263427E-10
1074 .5189396E-10
1075 .5115275E-10
1076 .5041073E-10
1077 .4966789E-10
1078 .4892425E-10
1079 .4817981E-10
1080 .4743459E-10
1081 .4668850E-10
1082 .4594173E-10
1083 .4519409E-10
1084 .4444574E-10
1085 .4369664E-10
1086 .4294672E-10
1087 .4219609E-10
1088 .4144470E-10
1089 .4069259E-10
1090 .3993971E-10
1091 .3918611E-10
1092 .3843179E-10
1093 .3767679E-10
1094 .3692104E-10
1095 .3616459E-10
1096 .3540739E-10
1097 .3464956E-10
1098 .3389103E-10
1099 .3313177E-10
1100 .3237186E-10
1101 .3161124E-10
1102 .3084999E-10
1103 .3008801E-10
1104 .2932542E-10
1105 .2856216E-10
1106 .2779823E-10
1107 .2703367E-10
1108 .2626844E-10
1109 .2550259E-10
1110 .2473608E-10
1111 .2396895E-10
1112 .2320118E-10
1113 .2243279E-10
1114 .2166377E-10
1115 .2089412E-10
1116 .2012389E-10
1117 .1935301E-10
1118 .1858156E-10
1119 .1780946E-10
1120 .1703679E-10
1121 .1626350E-10
1122 .1548963E-10
1123 .1471516E-10
1124 .1394011E-10
1125 .1316446E-10
1126 .1238823E-10
1127 .1161143E-10
1128 .1083405E-10
1129 .1005609E-10
1130 .9277547E-11
1131 .9280871E-11
1132 .9284209E-11
1133 .9287524E-11
1134 .9290807E-11
1135 .9294116E-11
1136 .9297412E-11
1137 .9300706E-11
1138 .9303983E-11
1139 .9307242E-11
1140 .9310523E-11
1141 .9313789E-11
1142 .9317044E-11
1143 .9320289E-11
1144 .9323527E-11
1145 .9326773E-11
1146 .9330002E-11
1147 .9333243E-11
1148 .9336459E-11
1149 .9339691E-11
1150 .9342903E-11
1151 .9346113E-11
1152 .9349325E-11
1153 .9352536E-11
1154 .9355737E-11
1155 .9358949E-11
1156 .9362148E-11
1157 .9365344E-11
1158 .9368534E-11
1159 .9371727E-11
1160 .9374940E-11
1161 .9378129E-11
1162 .9381322E-11
1163 .9384508E-11
1164 .9387698E-11
1165 .9390884E-11
1166 .9394083E-11
1167 .9397275E-11
1168 .9400468E-11
1169 .9403667E-11
1170 .9406862E-11
1171 .9410059E-11
1172 .9413247E-11
1173 .9416452E-11
1174 .9419647E-11
1175 .9422864E-11
1176 .9426060E-11
1177 .9429289E-11
1178 .9432495E-11
1179 .9435711E-11
1180 .9438926E-11
1181 .9442160E-11
1182 .9445389E-11
1183 .9448626E-11
1184 .9451852E-11
1185 .9455101E-11
1186 .9458349E-11
1187 .9461610E-11
1188 .9464865E-11
1189 .9468131E-11
1190 .9471391E-11
1191 .9474682E-11
1192 .9477968E-11
1193 .9481258E-11
1194 .9484562E-11
1195 .9487868E-11
1196 .9491192E-11
1197 .9494510E-11
1198 .9497861E-11
1199 .9501179E-11
1200 .9504542E-11
1201 .9507898E-11
1202 .9511261E-11
1203 .9514638E-11
1204 .9518038E-11
1205 .9521438E-11
1206 .9524841E-11
1207 .9528253E-11
1208 .9531682E-11
1209 .9535132E-11
1210 .9538585E-11
1211 .9542051E-11
1212 .9545533E-11
1213 .9549026E-11
1214 .9552517E-11
1215 .9556045E-11
1216 .9559566E-11
1217 .9563109E-11
1218 .9566662E-11
1219 .9570236E-11
1220 .9573828E-11
1221 .9577413E-11
1222 .9581032E-11
1223 .9584652E-11
1224 .9588306E-11
1225 .9591962E-11
1226 .9595641E-11
1227 .9599328E-11
1228 .9603022E-11
1229 .9606743E-11
1230 .9610499E-11
1231 .9614247E-11
1232 .9618028E-11
1233 .9621815E-11
1234 .9625632E-11
1235 .9629443E-11
1236 .9633303E-11
1237 .9637166E-11
1238 .9641047E-11
1239 .9644946E-11
1240 .9648880E-11
1241 .9652816E-11
1242 .9656786E-11
1243 .9660774E-11
1244 .9664776E-11
1245 .9668806E-11
1246 .9672838E-11
1247 .9676909E-11
1248 .9681007E-11
1249 .9685110E-11
1250 .9689244E-11
1251 .9694220E-11
1252 .9699209E-11
1253 .9704229E-11
1254 .9709266E-11
1255 .9714324E-11
1256 .9719406E-11
1257 .9724523E-11
1258 .9729660E-11
1259 .9734812E-11
1260 .9739985E-11
1261 .9745194E-11
1262 .9750419E-11
1263 .9755669E-11
1264 .9760963E-11
1265 .9766250E-11
1266 .9771600E-11
1267 .9776943E-11
1268 .9782319E-11
1269 .9787745E-11
1270 .9793172E-11
1271 .9798647E-11
1272 .9804144E-11
1273 .9809671E-11
1274 .9815216E-11
1275 .9820783E-11
1276 .9826386E-11
1277 .9832032E-11
1278 .9837684E-11
1279 .9843385E-11
1280 .9849121E-11
1281 .9854872E-11
1282 .9860644E-11
1283 .9866479E-11
1284 .9872316E-11
1285 .9878189E-11
1286 .9884096E-11
1287 .9890051E-11
1288 .9896019E-11
1289 .9902022E-11
1290 .9908058E-11
1291 .9914128E-11
1292 .9920222E-11
1293 .9926348E-11
1294 .9932524E-11
1295 .9938703E-11
1296 .9944921E-11
1297 .9951168E-11
1298 .9957449E-11
1299 .9963753E-11
1300 .9970096E-11
1301 .9976459E-11
1302 .9982865E-11
1303 .9989282E-11
1304 .9995738E-11
1305 .1000223E-10
1306 .1000875E-10
1307 .1001527E-10
1308 .1002186E-10
1309 .1002846E-10
1310 .1003508E-10
1311 .1004174E-10
1312 .1004841E-10
1313 .1005513E-10
1314 .1006187E-10
1315 .1006864E-10
1316 .1007542E-10
1317 .1008224E-10
1318 .1008909E-10
1319 .1009595E-10
1320 .1010286E-10
1321 .1010979E-10
1322 .1011674E-10
1323 .1012373E-10
1324 .1013074E-10
1325 .1013777E-10
1326 .1014483E-10
1327 .1015189E-10
1328 .1015900E-10
1329 .1016615E-10
1330 .1017331E-10
1331 .1018049E-10
1332 .1018770E-10
1333 .1019495E-10
1334 .1020219E-10
1335 .1020948E-10
1336 .1021678E-10
1337 .1022412E-10
1338 .1023146E-10
1339 .1023884E-10
1340 .1024626E-10
1341 .1025368E-10
1342 .1026113E-10
1343 .1026860E-10
1344 .1027610E-10
1345 .1028362E-10
1346 .1029115E-10
1347 .1029871E-10
1348 .1030631E-10
1349 .1031391E-10
1350 .1032154E-10
1351 .1032920E-10
1352 .1033686E-10
1353 .1034456E-10
1354 .1035228E-10
1355 .1036001E-10
1356 .1036778E-10
1357 .1037555E-10
1358 .1038334E-10
1359 .1039116E-10
1360 .1039902E-10
1361 .1040687E-10
1362 .1041475E-10
1363 .1042264E-10
1364 .1043057E-10
1365 .1043851E-10
1366 .1044646E-10
1367 .1045444E-10
1368 .1046242E-10
1369 .1047046E-10
1370 .1047848E-10
1371 .1050362E-10
1372 .1052877E-10
1373 .1055398E-10
1374 .1057924E-10
1375 .1060454E-10
1376 .1062989E-10
1377 .1065526E-10
1378 .1068069E-10
1379 .1070617E-10
1380 .1073169E-10
1381 .1075725E-10
1382 .1078285E-10
1383 .1080850E-10
1384 .1083419E-10
1385 .1085994E-10
1386 .1088571E-10
1387 .1091154E-10
1388 .1093740E-10
1389 .1096331E-10
1390 .1098924E-10
1391 .1101524E-10
1392 .1104128E-10
1393 .1106735E-10
1394 .1109347E-10
1395 .1111961E-10
1396 .1114583E-10
1397 .1117208E-10
1398 .1119836E-10
1399 .1122469E-10
1400 .1125105E-10
1401 .1127745E-10
1402 .1130391E-10
1403 .1133039E-10
1404 .1135694E-10
1405 .1138349E-10
1406 .1141011E-10
1407 .1143677E-10
1408 .1146344E-10
1409 .1149018E-10
1410 .1151697E-10
1411 .1154375E-10
1412 .1157060E-10
1413 .1159750E-10
1414 .1162443E-10
1415 .1165140E-10
1416 .1167840E-10
1417 .1170544E-10
1418 .1173251E-10
1419 .1175965E-10
1420 .1178682E-10
1421 .1181400E-10
1422 .1184123E-10
1423 .1186849E-10
1424 .1189582E-10
1425 .1192316E-10
1426 .1195052E-10
1427 .1197796E-10
1428 .1200541E-10
1429 .1203290E-10
1430 .1206043E-10
1431 .1208800E-10
1432 .1211561E-10
1433 .1214324E-10
1434 .1217091E-10
1435 .1219860E-10
1436 .1222635E-10
1437 .1225412E-10
1438 .1228194E-10
1439 .1230977E-10
1440 .1233764E-10
1441 .1236557E-10
1442 .1239352E-10
1443 .1242147E-10
1444 .1244949E-10
1445 .1247753E-10
1446 .1250560E-10
1447 .1253372E-10
1448 .1256187E-10
1449 .1259004E-10
1450 .1261824E-10
1451 .1264646E-10
1452 .1267474E-10
1453 .1270305E-10
1454 .1273137E-10
1455 .1275973E-10
1456 .1278812E-10
1457 .1281652E-10
1458 .1284497E-10
1459 .1287346E-10
1460 .1290198E-10
1461 .1293052E-10
1462 .1295906E-10
1463 .1298766E-10
1464 .1301629E-10
1465 .1304492E-10
1466 .1307360E-10
1467 .1310230E-10
1468 .1313103E-10
1469 .1315981E-10
1470 .1318857E-10
1471 .1321738E-10
1472 .1324621E-10
1473 .1327508E-10
1474 .1330397E-10
1475 .1333287E-10
1476 .1336181E-10
1477 .1339077E-10
1478 .1341976E-10
1479 .1344878E-10
1480 .1347778E-10
1481 .1350684E-10
1482 .1353592E-10
1483 .1356502E-10
1484 .1359414E-10
1485 .1362328E-10
1486 .1365243E-10
1487 .1368163E-10
1488 .1371084E-10
1489 .1374005E-10
1490 .1376932E-10
1491 .1379857E-10
1492 .1382788E-10
1493 .1385719E-10
1494 .1388652E-10
1495 .1391588E-10
1496 .1394525E-10
1497 .1397466E-10
1498 .1400407E-10
1499 .1403351E-10
1500 .1406296E-10
1501 .1407352E-10
1502 .1408408E-10
1503 .1409462E-10
1504 .1410516E-10
1505 .1411568E-10
1506 .1412622E-10
1507 .1413672E-10
1508 .1414722E-10
1509 .1415773E-10
1510 .1416822E-10
1511 .1417867E-10
1512 .1418914E-10
1513 .1419957E-10
1514 .1421001E-10
1515 .1422045E-10
1516 .1423087E-10
1517 .1424128E-10
1518 .1425167E-10
1519 .1426206E-10
1520 .1427244E-10
1521 .1428281E-10
1522 .1429316E-10
1523 .1430349E-10
1524 .1431382E-10
1525 .1432414E-10
1526 .1433444E-10
1527 .1434473E-10
1528 .1435502E-10
1529 .1436528E-10
1530 .1437553E-10
1531 .1438577E-10
1532 .1439601E-10
1533 .1440623E-10
1534 .1441642E-10
1535 .1442661E-10
1536 .1443679E-10
1537 .1444696E-10
1538 .1445711E-10
1539 .1446723E-10
1540 .1447736E-10
1541 .1448747E-10
1542 .1449755E-10
1543 .1450763E-10
1544 .1451770E-10
1545 .1452775E-10
1546 .1453778E-10
1547 .1454782E-10
1548 .1455781E-10
1549 .1456780E-10
1550 .1457778E-10
1551 .1458772E-10
1552 .1459769E-10
1553 .1460760E-10
1554 .1461753E-10
1555 .1462742E-10
1556 .1463728E-10
1557 .1464715E-10
1558 .1465701E-10
1559 .1466683E-10
1560 .1467663E-10
1561 .1468645E-10
1562 .1469622E-10
1563 .1470597E-10
1564 .1471571E-10
1565 .1472545E-10
1566 .1473516E-10
1567 .1474485E-10
1568 .1475452E-10
1569 .1476419E-10
1570 .1477381E-10
1571 .1478344E-10
1572 .1479302E-10
1573 .1480262E-10
1574 .1481217E-10
1575 .1482173E-10
1576 .1483125E-10
1577 .1484076E-10
1578 .1485026E-10
1579 .1485971E-10
1580 .1486917E-10
1581 .1487860E-10
1582 .1488801E-10
1583 .1489738E-10
1584 .1490676E-10
1585 .1491611E-10
1586 .1492543E-10
1587 .1493472E-10
1588 .1494401E-10
1589 .1495328E-10
1590 .1496253E-10
1591 .1497175E-10
1592 .1498096E-10
1593 .1499013E-10
1594 .1499929E-10
1595 .1500842E-10
1596 .1501754E-10
1597 .1502662E-10
1598 .1503569E-10
1599 .1504473E-10
1600 .1505375E-10
1601 .1506276E-10
1602 .1507174E-10
1603 .1508069E-10
1604 .1508961E-10
1605 .1509852E-10
1606 .1510742E-10
1607 .1511627E-10
1608 .1512512E-10
1609 .1513393E-10
1610 .1514271E-10
1611 .1515148E-10
1612 .1516022E-10
1613 .1516893E-10
1614 .1517764E-10
1615 .1518629E-10
1616 .1519493E-10
1617 .1520355E-10
1618 .1521213E-10
1619 .1522070E-10
1620 .1522925E-10
1621 .1523775E-10
1622 .1524622E-10
1623 .1525469E-10
1624 .1526312E-10
1625 .1527154E-10
1626 .1527371E-10
1627 .1527586E-10
1628 .1527800E-10
1629 .1528012E-10
1630 .1528219E-10
1631 .1528426E-10
1632 .1528630E-10
1633 .1528835E-10
1634 .1529036E-10
1635 .1529230E-10
1636 .1529426E-10
1637 .1529620E-10
1638 .1529812E-10
1639 .1530000E-10
1640 .1530187E-10
1641 .1530372E-10
1642 .1530554E-10
1643 .1530734E-10
1644 .1530911E-10
1645 .1531087E-10
1646 .1531259E-10
1647 .1531428E-10
1648 .1531595E-10
1649 .1531762E-10
1650 .1531925E-10
1651 .1532084E-10
1652 .1532242E-10
1653 .1532399E-10
1654 .1532551E-10
1655 .1532703E-10
1656 .1532850E-10
1657 .1532997E-10
1658 .1533139E-10
1659 .1533279E-10
1660 .1533418E-10
1661 .1533554E-10
1662 .1533686E-10
1663 .1533816E-10
1664 .1533946E-10
1665 .1534070E-10
1666 .1534194E-10
1667 .1534312E-10
1668 .1534429E-10
1669 .1534543E-10
1670 .1534655E-10
1671 .1534763E-10
1672 .1534870E-10
1673 .1534973E-10
1674 .1535074E-10
1675 .1535172E-10
1676 .1535268E-10
1677 .1535359E-10
1678 .1535449E-10
1679 .1535536E-10
1680 .1535619E-10
1681 .1535701E-10
1682 .1535778E-10
1683 .1535856E-10
1684 .1535928E-10
1685 .1535996E-10
1686 .1536064E-10
1687 .1536128E-10
1688 .1536191E-10
1689 .1536249E-10
1690 .1536305E-10
1691 .1536357E-10
1692 .1536409E-10
1693 .1536457E-10
1694 .1536501E-10
1695 .1536544E-10
1696 .1536584E-10
1697 .1536621E-10
1698 .1536656E-10
1699 .1536686E-10
1700 .1536717E-10
1701 .1536745E-10
1702 .1536768E-10
1703 .1536791E-10
1704 .1536808E-10
1705 .1536826E-10
1706 .1536840E-10
1707 .1536850E-10
1708 .1536862E-10
1709 .1536868E-10
1710 .1536870E-10
1711 .1536873E-10
1712 .1536872E-10
1713 .1536869E-10
1714 .1536864E-10
1715 .1536854E-10
1716 .1536844E-10
1717 .1536832E-10
1718 .1536817E-10
1719 .1536799E-10
1720 .1536778E-10
1721 .1536755E-10
1722 .1536732E-10
1723 .1536704E-10
1724 .1536676E-10
1725 .1536644E-10
1726 .1536610E-10
1727 .1536574E-10
1728 .1536537E-10
1729 .1536495E-10
1730 .1536453E-10
1731 .1536408E-10
1732 .1536361E-10
1733 .1536312E-10
1734 .1536261E-10
1735 .1536206E-10
1736 .1536151E-10
1737 .1536094E-10
1738 .1536033E-10
1739 .1535972E-10
1740 .1535908E-10
1741 .1535841E-10
1742 .1535771E-10
1743 .1535701E-10
1744 .1535629E-10
1745 .1535554E-10
1746 .1535479E-10
1747 .1535399E-10
1748 .1535321E-10
1749 .1535238E-10
1750 .1535153E-10
1751 .1535067E-10
1752 .1534977E-10
1753 .1534890E-10
1754 .1534796E-10
1755 .1534703E-10
1756 .1534607E-10
1757 .1534510E-10
1758 .1534409E-10
1759 .1534309E-10
1760 .1534204E-10
1761 .1534100E-10
1762 .1533993E-10
1763 .1533886E-10
1764 .1533775E-10
1765 .1533664E-10
1766 .1533549E-10
1767 .1533435E-10
1768 .1533316E-10
1769 .1533197E-10
1770 .1533077E-10
1771 .1532955E-10
1772 .1532831E-10
1773 .1532706E-10
1774 .1532579E-10
1775 .1532451E-10
1776 .1532320E-10
1777 .1532187E-10
1778 .1532051E-10
1779 .1531918E-10
1780 .1531780E-10
1781 .1531641E-10
1782 .1531502E-10
1783 .1531361E-10
1784 .1531218E-10
1785 .1531072E-10
1786 .1530927E-10
1787 .1530780E-10
1788 .1530631E-10
1789 .1530481E-10
1790 .1530329E-10
1791 .1530174E-10
1792 .1530021E-10
1793 .1529865E-10
1794 .1529709E-10
1795 .1529550E-10
1796 .1529389E-10
1797 .1529228E-10
1798 .1529065E-10
1799 .1528902E-10
1800 .1528736E-10
1801 .1523535E-10
1802 .1518334E-10
1803 .1513131E-10
1804 .1507929E-10
1805 .1502727E-10
1806 .1497525E-10
1807 .1492323E-10
1808 .1487121E-10
1809 .1481918E-10
1810 .1476715E-10
1811 .1471514E-10
1812 .1466311E-10
1813 .1461107E-10
1814 .1455907E-10
1815 .1450705E-10
1816 .1445505E-10
1817 .1440304E-10
1818 .1435101E-10
1819 .1429901E-10
1820 .1424700E-10
1821 .1419498E-10
1822 .1414300E-10
1823 .1409101E-10
1824 .1403902E-10
1825 .1398702E-10
1826 .1393504E-10
1827 .1388304E-10
1828 .1383106E-10
1829 .1377910E-10
1830 .1372713E-10
1831 .1367517E-10
1832 .1362320E-10
1833 .1357126E-10
1834 .1351930E-10
1835 .1346737E-10
1836 .1341544E-10
1837 .1336351E-10
1838 .1331159E-10
1839 .1325967E-10
1840 .1320777E-10
1841 .1315586E-10
1842 .1310395E-10
1843 .1305208E-10
1844 .1300021E-10
1845 .1294834E-10
1846 .1289646E-10
1847 .1284461E-10
1848 .1279276E-10
1849 .1274091E-10
1850 .1268909E-10
1851 .1263727E-10
1852 .1258545E-10
1853 .1253365E-10
1854 .1248186E-10
1855 .1243007E-10
1856 .1237830E-10
1857 .1232654E-10
1858 .1227478E-10
1859 .1222303E-10
1860 .1217129E-10
1861 .1211958E-10
1862 .1206786E-10
1863 .1201615E-10
1864 .1196446E-10
1865 .1191279E-10
1866 .1186110E-10
1867 .1180945E-10
1868 .1175781E-10
1869 .1170616E-10
1870 .1165454E-10
1871 .1160292E-10
1872 .1155133E-10
1873 .1149974E-10
1874 .1144815E-10
1875 .1139659E-10
1876 .1134506E-10
1877 .1129351E-10
1878 .1124197E-10
1879 .1119045E-10
1880 .1113897E-10
1881 .1108747E-10
1882 .1103600E-10
1883 .1098454E-10
1884 .1093309E-10
1885 .1088165E-10
1886 .1083025E-10
1887 .1077884E-10
1888 .1072743E-10
1889 .1067606E-10
1890 .1062470E-10
1891 .1057335E-10
1892 .1052201E-10
1893 .1047068E-10
1894 .1041938E-10
1895 .1036808E-10
1896 .1031681E-10
1897 .1026556E-10
1898 .1021430E-10
1899 .1016305E-10
1900 .1011186E-10
1901 .1006063E-10
1902 .1000947E-10
1903 .9958290E-11
1904 .9907121E-11
1905 .9855982E-11
1906 .9804850E-11
1907 .9753749E-11
1908 .9702664E-11
1909 .9651573E-11
1910 .9600525E-11
1911 .9549465E-11
1912 .9498435E-11
1913 .9447415E-11
1914 .9396410E-11
1915 .9345428E-11
1916 .9294469E-11
1917 .9243506E-11
1918 .9192594E-11
1919 .9141663E-11
1920 .9090763E-11
1921 .9039873E-11
1922 .8989020E-11
1923 .8938156E-11
1924 .8887316E-11
1925 .8836513E-11
1926 .8785714E-11
1927 .8734909E-11
1928 .8684151E-11
1929 .8633402E-11
1930 .8582670E-11
1931 .8531934E-11
1932 .8481251E-11
1933 .8430563E-11
1934 .8379893E-11
1935 .8329255E-11
1936 .8278619E-11
1937 .8227994E-11
1938 .8177401E-11
1939 .8126824E-11
1940 .8076266E-11
1941 .8025704E-11
1942 .7975180E-11
1943 .7924667E-11
1944 .7874179E-11
1945 .7823694E-11
1946 .7773234E-11
1947 .7722791E-11
1948 .7672367E-11
1949 .7621960E-11
1950 .7571563E-11
1951 .7521192E-11
1952 .7470831E-11
1953 .7420495E-11
1954 .7370170E-11
1955 .7319862E-11
1956 .7269580E-11
1957 .7219308E-11
1958 .7169054E-11
1959 .7118818E-11
1960 .7068602E-11
1961 .7018400E-11
1962 .6968210E-11
1963 .6918038E-11
1964 .6867891E-11
1965 .6817755E-11
1966 .6767647E-11
1967 .6717540E-11
1968 .6667456E-11
1969 .6617386E-11
1970 .6567337E-11
1971 .6517302E-11
1972 .6467280E-11
1973 .6417277E-11
1974 .6367295E-11
1975 .6317323E-11
1976 .6267367E-11
1977 .6217432E-11
1978 .6167509E-11
1979 .6117602E-11
1980 .6067712E-11
1981 .6017842E-11
1982 .5967978E-11
1983 .5918139E-11
1984 .5868305E-11
1985 .5818496E-11
1986 .5768694E-11
1987 .5718911E-11
1988 .5669143E-11
1989 .5619393E-11
1990 .5569659E-11
1991 .5519934E-11
1992 .5470226E-11
1993 .5420532E-11
1994 .5370860E-11
1995 .5321197E-11
1996 .5271546E-11
1997 .5221906E-11
1998 .5172294E-11
1999 .5122686E-11
2000 .5073098E-11
2001 .5023520E-11
2002 .4973956E-11
2003 .4924408E-11
2004 .4874871E-11
2005 .4825355E-11
2006 .4775848E-11
2007 .4726353E-11
2008 .4676876E-11
2009 .4627406E-11
2010 .4577956E-11
2011 .4577429E-11
2012 .4576903E-11
2013 .4576379E-11
2014 .4575857E-11
2015 .4575342E-11
2016 .4574825E-11
2017 .4574309E-11
2018 .4573797E-11
2019 .4573283E-11
2020 .4572781E-11
2021 .4572273E-11
2022 .4571768E-11
2023 .4571267E-11
2024 .4570769E-11
2025 .4570272E-11
2026 .4569778E-11
2027 .4569287E-11
2028 .4568795E-11
2029 .4568303E-11
2030 .4567818E-11
2031 .4567332E-11
2032 .4566858E-11
2033 .4566373E-11
2034 .4565898E-11
2035 .4565425E-11
2036 .4564949E-11
2037 .4564479E-11
2038 .4564011E-11
2039 .4563546E-11
2040 .4563079E-11
2041 .4562619E-11
2042 .4562160E-11
2043 .4561701E-11
2044 .4561246E-11
2045 .4560795E-11
2046 .4560342E-11
2047 .4559892E-11
2048 .4559448E-11
2049 .4559002E-11
2050 .4558560E-11
2051 .4558121E-11
2052 .4557684E-11
2053 .4557246E-11
2054 .4556815E-11
2055 .4556386E-11
2056 .4555952E-11
2057 .4555527E-11
2058 .4555102E-11
2059 .4554675E-11
2060 .4554259E-11
2061 .4553842E-11
2062 .4553427E-11
2063 .4553011E-11
2064 .4552601E-11
2065 .4552188E-11
2066 .4551784E-11
2067 .4551380E-11
2068 .4550975E-11
2069 .4550575E-11
2070 .4550176E-11
2071 .4549776E-11
2072 .4549384E-11
2073 .4548994E-11
2074 .4548605E-11
2075 .4548214E-11
2076 .4547829E-11
2077 .4547448E-11
2078 .4547065E-11
2079 .4546688E-11
2080 .4546310E-11
2081 .4545933E-11
2082 .4545565E-11
2083 .4545197E-11
2084 .4544825E-11
2085 .4544459E-11
2086 .4544095E-11
2087 .4543730E-11
2088 .4543373E-11
2089 .4543015E-11
2090 .4542661E-11
2091 .4542308E-11
2092 .4541957E-11
2093 .4541612E-11
2094 .4541260E-11
2095 .4540918E-11
2096 .4540575E-11
2097 .4540234E-11
2098 .4539897E-11
2099 .4539566E-11
2100 .4539230E-11
2101 .4538897E-11
2102 .4538567E-11
2103 .4538243E-11
2104 .4537917E-11
2105 .4537595E-11
2106 .4537271E-11
2107 .4536955E-11
2108 .4536639E-11
2109 .4536327E-11
2110 .4536014E-11
2111 .4535703E-11
2112 .4535397E-11
2113 .4535092E-11
2114 .4534786E-11
2115 .4534484E-11
2116 .4534187E-11
2117 .4533890E-11
2118 .4533601E-11
2119 .4533307E-11
2120 .4533008E-11
2121 .4532729E-11
2122 .4532439E-11
2123 .4532159E-11
2124 .4531875E-11
2125 .4531597E-11
2126 .4531320E-11
2127 .4531044E-11
2128 .4530772E-11
2129 .4530496E-11
2130 .4530230E-11
2131 .4529963E-11
2132 .4529699E-11
2133 .4529433E-11
2134 .4529177E-11
2135 .4528917E-11
2136 .4528664E-11
2137 .4528412E-11
2138 .4528160E-11
2139 .4527908E-11
2140 .4527661E-11
2141 .4527415E-11
2142 .4527178E-11
2143 .4526934E-11
2144 .4526693E-11
2145 .4526461E-11
2146 .4526222E-11
2147 .4525991E-11
2148 .4525763E-11
2149 .4525537E-11
2150 .4525312E-11
2151 .4525087E-11
2152 .4524866E-11
2153 .4524645E-11
2154 .4524429E-11
2155 .4524215E-11
2156 .4524003E-11
2157 .4523796E-11
2158 .4523583E-11
2159 .4523377E-11
2160 .4523171E-11
2161 .4522969E-11
2162 .4522771E-11
2163 .4522573E-11
2164 .4522380E-11
2165 .4522187E-11
2166 .4521993E-11
2167 .4521808E-11
2168 .4521619E-11
2169 .4521434E-11
2170 .4521253E-11
2171 .4521071E-11
2172 .4520892E-11
2173 .4520715E-11
2174 .4520544E-11
2175 .4520369E-11
2176 .4520201E-11
2177 .4520036E-11
2178 .4519871E-11
2179 .4519704E-11
2180 .4519546E-11
2181 .4519387E-11
2182 .4519227E-11
2183 .4519075E-11
2184 .4518923E-11
2185 .4518771E-11
2186 .4518621E-11
2187 .4518480E-11
2188 .4518330E-11
2189 .4518191E-11
2190 .4518055E-11
2191 .4517918E-11
2192 .4517777E-11
2193 .4517647E-11
2194 .4517515E-11
2195 .4517386E-11
2196 .4517259E-11
2197 .4517138E-11
2198 .4517013E-11
2199 .4516893E-11
2200 .4516777E-11
2201 .4516660E-11
2202 .4516548E-11
2203 .4516436E-11
2204 .4516325E-11
2205 .4516221E-11
2206 .4516114E-11
2207 .4516008E-11
2208 .4515911E-11
2209 .4515814E-11
2210 .4515713E-11
2211 .4515620E-11
2212 .4515525E-11
2213 .4515443E-11
2214 .4515350E-11
2215 .4515263E-11
2216 .4515181E-11
2217 .4515100E-11
2218 .4515020E-11
2219 .4514943E-11
2220 .4514873E-11
2221 .4514799E-11
2222 .4514725E-11
2223 .4514659E-11
2224 .4514594E-11
2225 .4514528E-11
2226 .4514465E-11
2227 .4514406E-11
2228 .4514351E-11
2229 .4514289E-11
2230 .4514238E-11
2231 .4514185E-11
2232 .4514140E-11
2233 .4514091E-11
2234 .4514048E-11
2235 .4514002E-11
2236 .4513962E-11
2237 .4513922E-11
2238 .4513889E-11
2239 .4513854E-11
2240 .4513826E-11
2241 .4513793E-11
2242 .4513765E-11
2243 .4513742E-11
2244 .4513717E-11
2245 .4513695E-11
2246 .4513678E-11
2247 .4513660E-11
2248 .4513643E-11
2249 .4513629E-11
2250 .4513619E-11
2251 .4513611E-11
2252 .4513606E-11
2253 .4513601E-11
2254 .4513597E-11
2255 .4513596E-11
2256 .4513599E-11
2257 .4513603E-11
2258 .4513606E-11
2259 .4513615E-11
2260 .4513623E-11
2261 .4513635E-11
2262 .4513645E-11
2263 .4513663E-11
2264 .4513681E-11
2265 .4513695E-11
2266 .4513721E-11
2267 .4513742E-11
2268 .4513767E-11
2269 .4513797E-11
2270 .4513826E-11
2271 .4513854E-11
2272 .4513886E-11
2273 .4513921E-11
2274 .4513957E-11
2275 .4513995E-11
2276 .4514033E-11
2277 .4514074E-11
2278 .4514118E-11
2279 .4514165E-11
2280 .4514212E-11
2281 .4514261E-11
2282 .4514312E-11
2283 .4514365E-11
2284 .4514419E-11
2285 .4514481E-11
2286 .4514533E-11
2287 .4514595E-11
2288 .4514657E-11
2289 .4514719E-11
2290 .4514780E-11
2291 .4514852E-11
2292 .4514920E-11
2293 .4514986E-11
2294 .4515060E-11
2295 .4515133E-11
2296 .4515209E-11
2297 .4515287E-11
2298 .4515365E-11
2299 .4515448E-11
2300 .4515529E-11
2301 .4515612E-11
2302 .4515699E-11
2303 .4515784E-11
2304 .4515876E-11
2305 .4515965E-11
2306 .4516057E-11
2307 .4516147E-11
2308 .4516243E-11
2309 .4516341E-11
2310 .4516443E-11
2311 .4516544E-11
2312 .4516643E-11
2313 .4516748E-11
2314 .4516848E-11
2315 .4516955E-11
2316 .4517064E-11
2317 .4517175E-11
2318 .4517279E-11
2319 .4517394E-11
2320 .4517508E-11
2321 .4517625E-11
2322 .4517742E-11
2323 .4517861E-11
2324 .4517984E-11
2325 .4518106E-11
2326 .4518229E-11
2327 .4518353E-11
2328 .4518482E-11
2329 .4518605E-11
2330 .4518734E-11
2331 .4518867E-11
2332 .4518996E-11
2333 .4519128E-11
2334 .4519263E-11
2335 .4519400E-11
2336 .4519537E-11
2337 .4519677E-11
2338 .4519815E-11
2339 .4519961E-11
2340 .4520099E-11
2341 .4520241E-11
2342 .4520390E-11
2343 .4520539E-11
2344 .4520682E-11
2345 .4520835E-11
2346 .4520987E-11
2347 .4521141E-11
2348 .4521293E-11
2349 .4521450E-11
2350 .4521602E-11
2351 .4521761E-11
2352 .4521917E-11
2353 .4522079E-11
2354 .4522243E-11
2355 .4522404E-11
2356 .4522568E-11
2357 .4522733E-11
2358 .4522899E-11
2359 .4523069E-11
2360 .4523235E-11
2361 .4523407E-11
2362 .4523573E-11
2363 .4523745E-11
2364 .4523922E-11
2365 .4524095E-11
2366 .4524269E-11
2367 .4524446E-11
2368 .4524625E-11
2369 .4524804E-11
2370 .4524983E-11
2371 .4525170E-11
2372 .4525354E-11
2373 .4525534E-11
2374 .4525719E-11
2375 .4525910E-11
2376 .4526093E-11
2377 .4526279E-11
2378 .4526468E-11
2379 .4526659E-11
2380 .4526854E-11
2381 .4527048E-11
2382 .4527237E-11
2383 .4527434E-11
2384 .4527629E-11
2385 .4527822E-11
2386 .4528025E-11
2387 .4528221E-11
2388 .4528422E-11
2389 .4528622E-11
2390 .4528822E-11
2391 .4529028E-11
2392 .4529229E-11
2393 .4529433E-11
2394 .4529641E-11
2395 .4529847E-11
2396 .4530055E-11
2397 .4530263E-11
2398 .4530469E-11
2399 .4530683E-11
2400 .4530894E-11
2401 .4531105E-11
2402 .4531321E-11
2403 .4531533E-11
2404 .4531751E-11
2405 .4531963E-11
2406 .4532182E-11
2407 .4532399E-11
2408 .4532615E-11
2409 .4532835E-11
2410 .4533055E-11
2411 .4533278E-11
2412 .4533497E-11
2413 .4533721E-11
2414 .4533947E-11
2415 .4534169E-11
2416 .4534394E-11
2417 .4534618E-11
2418 .4534845E-11
2419 .4535072E-11
2420 .4535303E-11
2421 .4535531E-11
2422 .4535757E-11
2423 .4535988E-11
2424 .4536224E-11
2425 .4536452E-11
2426 .4536684E-11
2427 .4536915E-11
2428 .4537153E-11
2429 .4537385E-11
2430 .4537619E-11
2431 .4537858E-11
2432 .4538095E-11
2433 .4538332E-11
2434 .4538568E-11
2435 .4538809E-11
2436 .4539049E-11
2437 .4539283E-11
2438 .4539529E-11
2439 .4539771E-11
2440 .4540015E-11
2441 .4540254E-11
2442 .4540499E-11
2443 .4540742E-11
2444 .4540984E-11
2445 .4541231E-11
2446 .4541473E-11
2447 .4541720E-11
2448 .4541964E-11
2449 .4542214E-11
2450 .4542461E-11
2451 .4542708E-11
2452 .4542959E-11
2453 .4543207E-11
2454 .4543455E-11
2455 .4543704E-11
2456 .4543959E-11
2457 .4544210E-11
2458 .4544458E-11
2459 .4544711E-11
2460 .4544966E-11
2461 .4545220E-11
2462 .4545473E-11
2463 .4545726E-11
2464 .4545980E-11
2465 .4546236E-11
2466 .4546489E-11
2467 .4546748E-11
2468 .4547002E-11
2469 .4547257E-11
2470 .4547515E-11
2471 .4547769E-11
2472 .4548026E-11
2473 .4548285E-11
2474 .4548543E-11
2475 .4548803E-11
2476 .4549062E-11
2477 .4549321E-11
2478 .4549580E-11
2479 .4549840E-11
2480 .4550103E-11
2481 .4550360E-11
2482 .4550622E-11
2483 .4550885E-11
2484 .4551144E-11
2485 .4551405E-11
2486 .4551671E-11
2487 .4551929E-11
2488 .4552193E-11
2489 .4552454E-11
2490 .4552717E-11
2491 .4552983E-11
2492 .4553246E-11
2493 .4553509E-11
2494 .4553775E-11
2495 .4554036E-11
2496 .4554301E-11
2497 .4554570E-11
2498 .4554832E-11
2499 .4555097E-11
2500 .4555361E-11
