100 .1216354E-14
101 .4682077E-14
102 .1257317E-13
103 .2770400E-13
104 .5369645E-13
105 .9499470E-13
106 .1568375E-12
107 .2451860E-12
108 .3666022E-12
109 .5280795E-12
110 .7368276E-12
111 .1000010E-11
112 .1324447E-11
113 .1716288E-11
114 .2180658E-11
115 .2721302E-11
116 .3340223E-11
117 .4037353E-11
118 .4810238E-11
119 .5653788E-11
120 .6560085E-11
121 .7518272E-11
122 .8514541E-11
123 .9532209E-11
124 .1055197E-10
125 .1155214E-10
126 .1251148E-10
127 .1341753E-10
128 .1426234E-10
129 .1504071E-10
130 .1575009E-10
131 .1639062E-10
132 .1696484E-10
133 .1747766E-10
134 .1793598E-10
135 .1834854E-10
136 .1872566E-10
137 .1907899E-10
138 .1942111E-10
139 .1975895E-10
140 .2009315E-10
141 .2042408E-10
142 .2075207E-10
143 .2107750E-10
144 .2140080E-10
145 .2172248E-10
146 .2204315E-10
147 .2236353E-10
148 .2268444E-10
149 .2300688E-10
150 .2333194E-10
151 .2366075E-10
152 .2399403E-10
153 .2433235E-10
154 .2467626E-10
155 .2502628E-10
156 .2538291E-10
157 .2574663E-10
158 .2611789E-10
159 .2649715E-10
160 .2688481E-10
161 .2728130E-10
162 .2768700E-10
163 .2810229E-10
164 .2852756E-10
165 .2896315E-10
166 .2940943E-10
167 .2986674E-10
168 .3033543E-10
169 .3081582E-10
170 .3130825E-10
171 .3181305E-10
172 .3233054E-10
173 .3286105E-10
174 .3340492E-10
175 .3396246E-10
176 .3453389E-10
177 .3511902E-10
178 .3571755E-10
179 .3632911E-10
180 .3695330E-10
181 .3758967E-10
182 .3823772E-10
183 .3889692E-10
184 .3956668E-10
185 .4024635E-10
186 .4093523E-10
187 .4163260E-10
188 .4233765E-10
189 .4304950E-10
190 .4376727E-10
191 .4448997E-10
192 .4521656E-10
193 .4594598E-10
194 .4667706E-10
195 .4740859E-10
196 .4813931E-10
197 .4886790E-10
198 .4959294E-10
199 .5031301E-10
200 .5102660E-10
201 .5173241E-10
202 .5243023E-10
203 .5312013E-10
204 .5380222E-10
205 .5447661E-10
206 .5514347E-10
207 .5580297E-10
208 .5645533E-10
209 .5710075E-10
210 .5773953E-10
211 .5837193E-10
212 .5899825E-10
213 .5961883E-10
214 .6023401E-10
215 .6084419E-10
216 .6144975E-10
217 .6205113E-10
218 .6264876E-10
219 .6324313E-10
220 .6383473E-10
221 .6442406E-10
222 .6501168E-10
223 .6559816E-10
224 .6618406E-10
225 .6677001E-10
226 .6735649E-10
227 .6794345E-10
228 .6853068E-10
229 .6911800E-10
230 .6970519E-10
231 .7029206E-10
232 .7087840E-10
233 .7146399E-10
234 .7204866E-10
235 .7263218E-10
236 .7321436E-10
237 .7379497E-10
238 .7437382E-10
239 .7495069E-10
240 .7552537E-10
241 .7609766E-10
242 .7666734E-10
243 .7723421E-10
244 .7779806E-10
245 .7835863E-10
246 .7891581E-10
247 .7946930E-10
248 .8001895E-10
249 .8056452E-10
250 .8110579E-10
251 .8697510E-10
252 .9708456E-10
253 .1144970E-09
254 .1148036E-09
255 .1114630E-09
256 .1076334E-09
257 .1044306E-09
258 .1007321E-09
259 .1032604E-09
260 .1036578E-09
261 .1050302E-09
262 .9868281E-10
263 .8969054E-10
264 .9305897E-10
265 .1059001E-09
266 .1188880E-09
267 .1344298E-09
268 .1616953E-09
269 .1936529E-09
270 .2213364E-09
271 .2494705E-09
272 .2663203E-09
273 .2779108E-09
274 .2939161E-09
275 .3114363E-09
276 .3157699E-09
277 .3410761E-09
278 .3461559E-09
279 .3360370E-09
280 .3239273E-09
281 .3469264E-09
282 .3609687E-09
283 .3799779E-09
284 .3993960E-09
285 .4069865E-09
286 .4531646E-09
287 .5155901E-09
288 .5669651E-09
289 .6376229E-09
290 .7071265E-09
291 .7716641E-09
292 .8011018E-09
293 .8181025E-09
294 .8280083E-09
295 .8174932E-09
296 .7971719E-09
297 .7534448E-09
298 .7133082E-09
299 .6650090E-09
300 .6346703E-09
301 .6233221E-09
302 .6277678E-09
303 .6322236E-09
304 .6258251E-09
305 .5633074E-09
306 .5336210E-09
307 .6107948E-09
308 .6505860E-09
309 .6597639E-09
310 .6591432E-09
311 .6642616E-09
312 .7011536E-09
313 .7716349E-09
314 .8378172E-09
315 .9149012E-09
316 .9759621E-09
317 .1035247E-08
318 .1029925E-08
319 .1008157E-08
320 .9828224E-09
321 .9004414E-09
322 .9428920E-09
323 .8941870E-09
324 .8316676E-09
325 .7295365E-09
326 .6423870E-09
327 .6885183E-09
328 .7133822E-09
329 .6858195E-09
330 .6888798E-09
331 .7802495E-09
332 .7819264E-09
333 .8277147E-09
334 .8502719E-09
335 .8679946E-09
336 .8688598E-09
337 .8621974E-09
338 .8969100E-09
339 .9078143E-09
340 .9453771E-09
341 .9690226E-09
342 .9826259E-09
343 .9961739E-09
344 .1022764E-08
345 .1055092E-08
346 .1062438E-08
347 .1115359E-08
348 .1146786E-08
349 .1185787E-08
350 .1274253E-08
351 .1383792E-08
352 .1437148E-08
353 .1535406E-08
354 .1619336E-08
355 .1658959E-08
356 .1720656E-08
357 .1738732E-08
358 .1745130E-08
359 .1743572E-08
360 .1718914E-08
361 .1715317E-08
362 .1675203E-08
363 .1675778E-08
364 .1732352E-08
365 .1840226E-08
366 .1929503E-08
367 .1945243E-08
368 .1927366E-08
369 .1848054E-08
370 .1708365E-08
371 .1567376E-08
372 .1449261E-08
373 .1359276E-08
374 .1329538E-08
375 .1280576E-08
376 .1215617E-08
377 .1188572E-08
378 .1181342E-08
379 .1171939E-08
380 .1154462E-08
381 .1205453E-08
382 .1307652E-08
383 .1436833E-08
384 .1592017E-08
385 .1787845E-08
386 .2007643E-08
387 .2243481E-08
388 .2435804E-08
389 .2656266E-08
390 .2848038E-08
391 .3017472E-08
392 .3128886E-08
393 .3177158E-08
394 .3193429E-08
395 .3195703E-08
396 .3139265E-08
397 .2969634E-08
398 .2818123E-08
399 .2649561E-08
400 .2512593E-08
401 .2437589E-08
402 .2408906E-08
403 .2407089E-08
404 .2472844E-08
405 .2525938E-08
406 .2604571E-08
407 .2673879E-08
408 .2716362E-08
409 .2673514E-08
410 .2684616E-08
411 .2670759E-08
412 .2682530E-08
413 .2703834E-08
414 .2744821E-08
415 .2779554E-08
416 .2811707E-08
417 .2837245E-08
418 .2855564E-08
419 .2879977E-08
420 .2863067E-08
421 .2847688E-08
422 .2796540E-08
423 .2730973E-08
424 .2665952E-08
425 .2627350E-08
426 .2564988E-08
427 .2547845E-08
428 .2482063E-08
429 .2413220E-08
430 .2328587E-08
431 .2256607E-08
432 .2183854E-08
433 .2129476E-08
434 .2097311E-08
435 .2058341E-08
436 .2004727E-08
437 .1950645E-08
438 .1917952E-08
439 .1893894E-08
440 .1874063E-08
441 .1901778E-08
442 .1933759E-08
443 .1970436E-08
444 .2051220E-08
445 .2144646E-08
446 .2235329E-08
447 .2332091E-08
448 .2438370E-08
449 .2573286E-08
450 .2715396E-08
451 .2850458E-08
452 .3007626E-08
453 .3143059E-08
454 .3274372E-08
455 .3389964E-08
456 .3506251E-08
457 .3614084E-08
458 .3676637E-08
459 .3728694E-08
460 .3756343E-08
461 .3755602E-08
462 .3731127E-08
463 .3668405E-08
464 .3554390E-08
465 .3409123E-08
466 .3213335E-08
467 .3025049E-08
468 .2822010E-08
469 .2693897E-08
470 .2613159E-08
471 .2516173E-08
472 .2411195E-08
473 .2336052E-08
474 .2279015E-08
475 .2196273E-08
476 .2135055E-08
477 .2130691E-08
478 .2141243E-08
479 .2164679E-08
480 .2168116E-08
481 .2178795E-08
482 .2190786E-08
483 .2173834E-08
484 .2126538E-08
485 .2065116E-08
486 .2034919E-08
487 .2045555E-08
488 .2054059E-08
489 .2100059E-08
490 .2203936E-08
491 .2302063E-08
492 .2399859E-08
493 .2476607E-08
494 .2504783E-08
495 .2505801E-08
496 .2476360E-08
497 .2423388E-08
498 .2341614E-08
499 .2261407E-08
500 .2194699E-08
501 .2151356E-08
502 .2130941E-08
503 .2143609E-08
504 .2178478E-08
505 .2213256E-08
506 .2250557E-08
507 .2311808E-08
508 .2364228E-08
509 .2407544E-08
510 .2443451E-08
511 .2511944E-08
512 .2566394E-08
513 .2618800E-08
514 .2674580E-08
515 .2745431E-08
516 .2821552E-08
517 .2884282E-08
518 .2939663E-08
519 .3003964E-08
520 .3054983E-08
521 .3106496E-08
522 .3162425E-08
523 .3179634E-08
524 .3152168E-08
525 .3116738E-08
526 .3057749E-08
527 .2999345E-08
528 .2935773E-08
529 .2849623E-08
530 .2771906E-08
531 .2709664E-08
532 .2685729E-08
533 .2660953E-08
534 .2642813E-08
535 .2633642E-08
536 .2628432E-08
537 .2623697E-08
538 .2604787E-08
539 .2589767E-08
540 .2585416E-08
541 .2574275E-08
542 .2542509E-08
543 .2494626E-08
544 .2445760E-08
545 .2398285E-08
546 .2353031E-08
547 .2298805E-08
548 .2251239E-08
549 .2233088E-08
550 .2211393E-08
551 .2203898E-08
552 .2218432E-08
553 .2252929E-08
554 .2286616E-08
555 .2309067E-08
556 .2312343E-08
557 .2323609E-08
558 .2327005E-08
559 .2283411E-08
560 .2237407E-08
561 .2206211E-08
562 .2170249E-08
563 .2124026E-08
564 .2079136E-08
565 .2041819E-08
566 .2001382E-08
567 .1962441E-08
568 .1923433E-08
569 .1886809E-08
570 .1859401E-08
571 .1823659E-08
572 .1787781E-08
573 .1769618E-08
574 .1737922E-08
575 .1723163E-08
576 .1733359E-08
577 .1739136E-08
578 .1766433E-08
579 .1807816E-08
580 .1841961E-08
581 .1899170E-08
582 .1970218E-08
583 .2036364E-08
584 .2103783E-08
585 .2153674E-08
586 .2206433E-08
587 .2256148E-08
588 .2276907E-08
589 .2242537E-08
590 .2211533E-08
591 .2211200E-08
592 .2205507E-08
593 .2178604E-08
594 .2132741E-08
595 .2087089E-08
596 .2033081E-08
597 .1987614E-08
598 .1944653E-08
599 .1908461E-08
600 .1876693E-08
601 .1844393E-08
602 .1791904E-08
603 .1724962E-08
604 .1659254E-08
605 .1564626E-08
606 .1434119E-08
607 .1287005E-08
608 .1169380E-08
609 .1057253E-08
610 .9636969E-09
611 .8742331E-09
612 .8065105E-09
613 .7742205E-09
614 .7576410E-09
615 .7594058E-09
616 .7832698E-09
617 .8349426E-09
618 .8870316E-09
619 .9468497E-09
620 .1025261E-08
621 .1124614E-08
622 .1195296E-08
623 .1264077E-08
624 .1330554E-08
625 .1400465E-08
626 .1468834E-08
627 .1522860E-08
628 .1550134E-08
629 .1593267E-08
630 .1642546E-08
631 .1675566E-08
632 .1679568E-08
633 .1692899E-08
634 .1703549E-08
635 .1718235E-08
636 .1717146E-08
637 .1718040E-08
638 .1723528E-08
639 .1723082E-08
640 .1720243E-08
641 .1716292E-08
642 .1707904E-08
643 .1706034E-08
644 .1710142E-08
645 .1692286E-08
646 .1682546E-08
647 .1683094E-08
648 .1673552E-08
649 .1656526E-08
650 .1650458E-08
651 .1639637E-08
652 .1624782E-08
653 .1599925E-08
654 .1568923E-08
655 .1550088E-08
656 .1511297E-08
657 .1485236E-08
658 .1450954E-08
659 .1431640E-08
660 .1390029E-08
661 .1350616E-08
662 .1315509E-08
663 .1283333E-08
664 .1240506E-08
665 .1209830E-08
666 .1189023E-08
667 .1161123E-08
668 .1134177E-08
669 .1097553E-08
670 .1062900E-08
671 .1031881E-08
672 .1018324E-08
673 .9944584E-09
674 .9743935E-09
675 .9547149E-09
676 .9276340E-09
677 .9213524E-09
678 .9001090E-09
679 .8856722E-09
680 .8809596E-09
681 .8739178E-09
682 .8652566E-09
683 .8538439E-09
684 .8265453E-09
685 .8283600E-09
686 .8077494E-09
687 .7620083E-09
688 .7844617E-09
689 .7790603E-09
690 .7781202E-09
691 .7874957E-09
692 .7878880E-09
693 .7941329E-09
694 .7875881E-09
695 .7884493E-09
696 .7710287E-09
697 .7704395E-09
698 .7614312E-09
699 .7601559E-09
700 .7512368E-09
701 .7428043E-09
702 .7433276E-09
703 .7417222E-09
704 .7364007E-09
705 .7352928E-09
706 .7335336E-09
707 .7276550E-09
708 .7249069E-09
709 .7298528E-09
710 .7293675E-09
711 .7281772E-09
712 .7290593E-09
713 .7212145E-09
714 .7181861E-09
715 .7211249E-09
716 .7046743E-09
717 .6966903E-09
718 .7080998E-09
719 .6920716E-09
720 .7055714E-09
721 .6917611E-09
722 .6945643E-09
723 .6810202E-09
724 .6760891E-09
725 .6865322E-09
726 .6951213E-09
727 .6739979E-09
728 .6882015E-09
729 .6786573E-09
730 .6658785E-09
731 .6653406E-09
732 .6530228E-09
733 .6407790E-09
734 .6187296E-09
735 .6108571E-09
736 .5814604E-09
737 .5686739E-09
738 .5604779E-09
739 .5428844E-09
740 .5446625E-09
741 .5152556E-09
742 .5146627E-09
743 .5158712E-09
744 .5060638E-09
745 .4905019E-09
746 .4709503E-09
747 .4400284E-09
748 .4222048E-09
749 .3920311E-09
750 .3886065E-09
751 .4034797E-09
752 .4184355E-09
753 .4239703E-09
754 .4211730E-09
755 .4264799E-09
756 .4237410E-09
757 .4274545E-09
758 .4391517E-09
759 .4205826E-09
760 .4162694E-09
761 .4590120E-09
762 .4361360E-09
763 .4504604E-09
764 .4511691E-09
765 .4385341E-09
766 .4440826E-09
767 .4406393E-09
768 .4409682E-09
769 .4461272E-09
770 .4523807E-09
771 .4530239E-09
772 .4501676E-09
773 .4477838E-09
774 .4380245E-09
775 .4645485E-09
776 .4700612E-09
777 .4737308E-09
778 .4827669E-09
779 .4844847E-09
780 .4895481E-09
781 .5084793E-09
782 .5013893E-09
783 .5114139E-09
784 .5110912E-09
785 .5146265E-09
786 .5222239E-09
787 .5183915E-09
788 .5139199E-09
789 .5212251E-09
790 .5118459E-09
791 .5111574E-09
792 .4953148E-09
793 .4869263E-09
794 .4837404E-09
795 .4576138E-09
796 .4555371E-09
797 .4491933E-09
798 .4391765E-09
799 .4323022E-09
800 .4249798E-09
801 .4276220E-09
802 .4082732E-09
803 .4098556E-09
804 .3995336E-09
805 .3972866E-09
806 .3860480E-09
807 .3868327E-09
808 .3792795E-09
809 .3913799E-09
810 .3861356E-09
811 .3770284E-09
812 .3771190E-09
813 .3589521E-09
814 .3630310E-09
815 .3547063E-09
816 .3306901E-09
817 .3305753E-09
818 .2945865E-09
819 .2622367E-09
820 .2553474E-09
821 .2375770E-09
822 .2317143E-09
823 .2203689E-09
824 .2202948E-09
825 .2295617E-09
826 .2287182E-09
827 .2349864E-09
828 .2305828E-09
829 .2354840E-09
830 .2480086E-09
831 .2548129E-09
832 .2619979E-09
833 .2707793E-09
834 .2785125E-09
835 .2758704E-09
836 .2747681E-09
837 .2802839E-09
838 .2754059E-09
839 .2934919E-09
840 .3015063E-09
841 .3053574E-09
842 .3262455E-09
843 .3519579E-09
844 .3868072E-09
845 .4229111E-09
846 .4587177E-09
847 .4670990E-09
848 .4892028E-09
849 .5132251E-09
850 .5425272E-09
851 .5506366E-09
852 .5590880E-09
853 .5563887E-09
854 .5750941E-09
855 .5666249E-09
856 .5793959E-09
857 .5820334E-09
858 .5793927E-09
859 .6107723E-09
860 .6214070E-09
861 .6262766E-09
862 .6340183E-09
863 .6312089E-09
864 .6290345E-09
865 .6297011E-09
866 .6296309E-09
867 .6267402E-09
868 .6149786E-09
869 .6106588E-09
870 .6176600E-09
871 .6103041E-09
872 .6100545E-09
873 .6135983E-09
874 .6081887E-09
875 .6012646E-09
876 .5940509E-09
877 .5879574E-09
878 .5770895E-09
879 .5746405E-09
880 .5695299E-09
881 .5839580E-09
882 .5743924E-09
883 .5495551E-09
884 .5523640E-09
885 .5452811E-09
886 .5354566E-09
887 .5107205E-09
888 .4839722E-09
889 .4787652E-09
890 .4646602E-09
891 .4543732E-09
892 .4396775E-09
893 .4403456E-09
894 .4468115E-09
895 .4242726E-09
896 .4145289E-09
897 .4273859E-09
898 .4227864E-09
899 .4190176E-09
900 .4118323E-09
901 .4160413E-09
902 .4047349E-09
903 .4002940E-09
904 .3932781E-09
905 .3870205E-09
906 .3746139E-09
907 .3615783E-09
908 .3515850E-09
909 .3455525E-09
910 .3607091E-09
911 .3556132E-09
912 .3288228E-09
913 .3273996E-09
914 .3312461E-09
915 .3192144E-09
916 .3220126E-09
917 .3031138E-09
918 .3078365E-09
919 .3097498E-09
920 .2800945E-09
921 .2791977E-09
922 .2838351E-09
923 .2799764E-09
924 .2753133E-09
925 .2822719E-09
926 .2742628E-09
927 .2655504E-09
928 .2552586E-09
929 .2480205E-09
930 .2440960E-09
931 .2222202E-09
932 .2015049E-09
933 .2036433E-09
934 .2155841E-09
935 .2081092E-09
936 .2043490E-09
937 .1968907E-09
938 .2101505E-09
939 .2216026E-09
940 .2131957E-09
941 .2235667E-09
942 .1853931E-09
943 .1939973E-09
944 .2027791E-09
945 .1802612E-09
946 .1974429E-09
947 .2075142E-09
948 .1845091E-09
949 .1818068E-09
950 .1963247E-09
951 .1679060E-09
952 .1624105E-09
953 .1729311E-09
954 .1786543E-09
955 .1727530E-09
956 .1863391E-09
957 .1849003E-09
958 .1611211E-09
959 .1764348E-09
960 .1912636E-09
961 .1652912E-09
962 .1825040E-09
963 .1701261E-09
964 .1602427E-09
965 .1853698E-09
966 .1769652E-09
967 .1794651E-09
968 .1802458E-09
969 .1777848E-09
970 .1717060E-09
971 .1892986E-09
972 .1651467E-09
973 .1611447E-09
974 .1446500E-09
975 .1528448E-09
976 .1518845E-09
977 .1516453E-09
978 .1476707E-09
979 .1446330E-09
980 .1409748E-09
981 .1394786E-09
982 .1364787E-09
983 .1340803E-09
984 .1334849E-09
985 .1323399E-09
986 .1316317E-09
987 .1294319E-09
988 .1295473E-09
989 .1294375E-09
990 .1275530E-09
991 .1271420E-09
992 .1260573E-09
993 .1226149E-09
994 .1231436E-09
995 .1228715E-09
996 .1203180E-09
997 .1179888E-09
998 .1174382E-09
999 .1175705E-09
1000 .1165750E-09
1001 .1161123E-09
1002 .1156499E-09
1003 .1151875E-09
1004 .1147252E-09
1005 .1142630E-09
1006 .1138008E-09
1007 .1133387E-09
1008 .1128767E-09
1009 .1124148E-09
1010 .1119529E-09
1011 .1114912E-09
1012 .1110294E-09
1013 .1105677E-09
1014 .1101061E-09
1015 .1096444E-09
1016 .1091828E-09
1017 .1087212E-09
1018 .1082596E-09
1019 .1077981E-09
1020 .1073366E-09
1021 .1068752E-09
1022 .1064136E-09
1023 .1059522E-09
1024 .1054908E-09
1025 .1050292E-09
1026 .1045678E-09
1027 .1041063E-09
1028 .1036447E-09
1029 .1031832E-09
1030 .1027217E-09
1031 .1022600E-09
1032 .1017984E-09
1033 .1013368E-09
1034 .1008751E-09
1035 .1004133E-09
1036 .9995164E-10
1037 .9948976E-10
1038 .9902792E-10
1039 .9856591E-10
1040 .9810406E-10
1041 .9764198E-10
1042 .9717981E-10
1043 .9671767E-10
1044 .9625545E-10
1045 .9579320E-10
1046 .9533079E-10
1047 .9486842E-10
1048 .9440593E-10
1049 .9394349E-10
1050 .9348086E-10
1051 .9301824E-10
1052 .9255563E-10
1053 .9209297E-10
1054 .9163022E-10
1055 .9116751E-10
1056 .9070473E-10
1057 .9024190E-10
1058 .8977901E-10
1059 .8931621E-10
1060 .8885336E-10
1061 .8839037E-10
1062 .8792749E-10
1063 .8746461E-10
1064 .8700162E-10
1065 .8653870E-10
1066 .8607577E-10
1067 .8561275E-10
1068 .8514977E-10
1069 .8468686E-10
1070 .8422388E-10
1071 .8376089E-10
1072 .8329802E-10
1073 .8283507E-10
1074 .8237215E-10
1075 .8190922E-10
1076 .8144629E-10
1077 .8098340E-10
1078 .8052055E-10
1079 .8005765E-10
1080 .7959483E-10
1081 .7913200E-10
1082 .7866909E-10
1083 .7820642E-10
1084 .7774368E-10
1085 .7728101E-10
1086 .7681836E-10
1087 .7635567E-10
1088 .7589305E-10
1089 .7543053E-10
1090 .7496789E-10
1091 .7450547E-10
1092 .7404295E-10
1093 .7358055E-10
1094 .7311819E-10
1095 .7265585E-10
1096 .7219358E-10
1097 .7173126E-10
1098 .7126907E-10
1099 .7080698E-10
1100 .7034483E-10
1101 .6988283E-10
1102 .6942077E-10
1103 .6895886E-10
1104 .6849700E-10
1105 .6803512E-10
1106 .6757333E-10
1107 .6711157E-10
1108 .6664990E-10
1109 .6618825E-10
1110 .6572670E-10
1111 .6526516E-10
1112 .6480374E-10
1113 .6434241E-10
1114 .6388101E-10
1115 .6341975E-10
1116 .6295860E-10
1117 .6249744E-10
1118 .6203635E-10
1119 .6157531E-10
1120 .6111437E-10
1121 .6065357E-10
1122 .6019272E-10
1123 .5973194E-10
1124 .5927125E-10
1125 .5881061E-10
1126 .5835007E-10
1127 .5788954E-10
1128 .5742913E-10
1129 .5696876E-10
1130 .5650843E-10
1131 .5647381E-10
1132 .5643950E-10
1133 .5640551E-10
1134 .5637190E-10
1135 .5633852E-10
1136 .5630547E-10
1137 .5627279E-10
1138 .5624047E-10
1139 .5620847E-10
1140 .5617680E-10
1141 .5614551E-10
1142 .5611444E-10
1143 .5608383E-10
1144 .5605353E-10
1145 .5602361E-10
1146 .5599411E-10
1147 .5596488E-10
1148 .5593606E-10
1149 .5590758E-10
1150 .5587952E-10
1151 .5585179E-10
1152 .5582443E-10
1153 .5579755E-10
1154 .5577095E-10
1155 .5574484E-10
1156 .5571905E-10
1157 .5569365E-10
1158 .5566866E-10
1159 .5564403E-10
1160 .5561986E-10
1161 .5559615E-10
1162 .5557277E-10
1163 .5554983E-10
1164 .5552731E-10
1165 .5550520E-10
1166 .5548358E-10
1167 .5546226E-10
1168 .5544145E-10
1169 .5542104E-10
1170 .5540113E-10
1171 .5538167E-10
1172 .5536257E-10
1173 .5534398E-10
1174 .5532583E-10
1175 .5530810E-10
1176 .5529084E-10
1177 .5527413E-10
1178 .5525776E-10
1179 .5524197E-10
1180 .5522656E-10
1181 .5521172E-10
1182 .5519725E-10
1183 .5518331E-10
1184 .5516982E-10
1185 .5515685E-10
1186 .5514447E-10
1187 .5513245E-10
1188 .5512098E-10
1189 .5511001E-10
1190 .5509950E-10
1191 .5508956E-10
1192 .5508017E-10
1193 .5507119E-10
1194 .5506280E-10
1195 .5505488E-10
1196 .5504753E-10
1197 .5504071E-10
1198 .5503441E-10
1199 .5502865E-10
1200 .5502344E-10
1201 .5501882E-10
1202 .5501465E-10
1203 .5501112E-10
1204 .5500813E-10
1205 .5500565E-10
1206 .5500373E-10
1207 .5500249E-10
1208 .5500169E-10
1209 .5500155E-10
1210 .5500198E-10
1211 .5500295E-10
1212 .5500448E-10
1213 .5500664E-10
1214 .5500942E-10
1215 .5501273E-10
1216 .5501676E-10
1217 .5502130E-10
1218 .5502646E-10
1219 .5503227E-10
1220 .5503864E-10
1221 .5504566E-10
1222 .5505327E-10
1223 .5506156E-10
1224 .5507047E-10
1225 .5507998E-10
1226 .5509019E-10
1227 .5510098E-10
1228 .5511253E-10
1229 .5512461E-10
1230 .5513742E-10
1231 .5515082E-10
1232 .5516500E-10
1233 .5517974E-10
1234 .5519517E-10
1235 .5521128E-10
1236 .5522813E-10
1237 .5524558E-10
1238 .5526377E-10
1239 .5528267E-10
1240 .5530219E-10
1241 .5532253E-10
1242 .5534348E-10
1243 .5536519E-10
1244 .5538758E-10
1245 .5541075E-10
1246 .5543458E-10
1247 .5545913E-10
1248 .5548444E-10
1249 .5551055E-10
1250 .5553732E-10
1251 .5557726E-10
1252 .5561800E-10
1253 .5565952E-10
1254 .5570176E-10
1255 .5574477E-10
1256 .5578851E-10
1257 .5583310E-10
1258 .5587836E-10
1259 .5592445E-10
1260 .5597133E-10
1261 .5601899E-10
1262 .5606745E-10
1263 .5611672E-10
1264 .5616682E-10
1265 .5621767E-10
1266 .5626941E-10
1267 .5632188E-10
1268 .5637526E-10
1269 .5642938E-10
1270 .5648445E-10
1271 .5654028E-10
1272 .5659702E-10
1273 .5665458E-10
1274 .5671301E-10
1275 .5677237E-10
1276 .5683247E-10
1277 .5689356E-10
1278 .5695549E-10
1279 .5701830E-10
1280 .5708204E-10
1281 .5714661E-10
1282 .5721219E-10
1283 .5727857E-10
1284 .5734594E-10
1285 .5741425E-10
1286 .5748343E-10
1287 .5755358E-10
1288 .5762466E-10
1289 .5769664E-10
1290 .5776949E-10
1291 .5784334E-10
1292 .5791803E-10
1293 .5799367E-10
1294 .5807025E-10
1295 .5814764E-10
1296 .5822594E-10
1297 .5830520E-10
1298 .5838528E-10
1299 .5846629E-10
1300 .5854823E-10
1301 .5863099E-10
1302 .5871462E-10
1303 .5879919E-10
1304 .5888465E-10
1305 .5897095E-10
1306 .5905814E-10
1307 .5914619E-10
1308 .5923505E-10
1309 .5932489E-10
1310 .5941558E-10
1311 .5950702E-10
1312 .5959935E-10
1313 .5969257E-10
1314 .5978666E-10
1315 .5988156E-10
1316 .5997732E-10
1317 .6007390E-10
1318 .6017136E-10
1319 .6026966E-10
1320 .6036871E-10
1321 .6046872E-10
1322 .6056947E-10
1323 .6067108E-10
1324 .6077354E-10
1325 .6087677E-10
1326 .6098085E-10
1327 .6108579E-10
1328 .6119143E-10
1329 .6129799E-10
1330 .6140526E-10
1331 .6151343E-10
1332 .6162233E-10
1333 .6173208E-10
1334 .6184259E-10
1335 .6195392E-10
1336 .6206599E-10
1337 .6217891E-10
1338 .6229267E-10
1339 .6240710E-10
1340 .6252234E-10
1341 .6263832E-10
1342 .6275509E-10
1343 .6287271E-10
1344 .6299105E-10
1345 .6311019E-10
1346 .6323002E-10
1347 .6335066E-10
1348 .6347202E-10
1349 .6359413E-10
1350 .6371704E-10
1351 .6384068E-10
1352 .6396510E-10
1353 .6409018E-10
1354 .6421603E-10
1355 .6434262E-10
1356 .6447001E-10
1357 .6459802E-10
1358 .6472684E-10
1359 .6485628E-10
1360 .6498652E-10
1361 .6511748E-10
1362 .6524913E-10
1363 .6538148E-10
1364 .6551456E-10
1365 .6564831E-10
1366 .6578279E-10
1367 .6591798E-10
1368 .6605377E-10
1369 .6619030E-10
1370 .6632754E-10
1371 .6615702E-10
1372 .6598585E-10
1373 .6581392E-10
1374 .6564129E-10
1375 .6546795E-10
1376 .6529388E-10
1377 .6511902E-10
1378 .6494338E-10
1379 .6476705E-10
1380 .6458986E-10
1381 .6441184E-10
1382 .6423308E-10
1383 .6405344E-10
1384 .6387300E-10
1385 .6369165E-10
1386 .6350934E-10
1387 .6332620E-10
1388 .6314221E-10
1389 .6295733E-10
1390 .6277150E-10
1391 .6258471E-10
1392 .6239685E-10
1393 .6220815E-10
1394 .6201843E-10
1395 .6182772E-10
1396 .6163604E-10
1397 .6144327E-10
1398 .6124956E-10
1399 .6105468E-10
1400 .6085882E-10
1401 .6066194E-10
1402 .6046380E-10
1403 .6026475E-10
1404 .6006447E-10
1405 .5986316E-10
1406 .5966061E-10
1407 .5945694E-10
1408 .5925212E-10
1409 .5904608E-10
1410 .5883896E-10
1411 .5863062E-10
1412 .5842110E-10
1413 .5821025E-10
1414 .5799827E-10
1415 .5778493E-10
1416 .5757039E-10
1417 .5735470E-10
1418 .5713754E-10
1419 .5691923E-10
1420 .5669955E-10
1421 .5647862E-10
1422 .5625624E-10
1423 .5603263E-10
1424 .5580764E-10
1425 .5558127E-10
1426 .5535364E-10
1427 .5512445E-10
1428 .5489402E-10
1429 .5466212E-10
1430 .5442883E-10
1431 .5419406E-10
1432 .5395790E-10
1433 .5372032E-10
1434 .5348122E-10
1435 .5324073E-10
1436 .5299870E-10
1437 .5275522E-10
1438 .5251024E-10
1439 .5226371E-10
1440 .5201573E-10
1441 .5176618E-10
1442 .5151514E-10
1443 .5126251E-10
1444 .5100832E-10
1445 .5075259E-10
1446 .5049527E-10
1447 .5023637E-10
1448 .4997589E-10
1449 .4971381E-10
1450 .4945011E-10
1451 .4918479E-10
1452 .4891784E-10
1453 .4864930E-10
1454 .4837905E-10
1455 .4810717E-10
1456 .4783364E-10
1457 .4755843E-10
1458 .4728153E-10
1459 .4700298E-10
1460 .4672270E-10
1461 .4644073E-10
1462 .4615707E-10
1463 .4587167E-10
1464 .4558456E-10
1465 .4529571E-10
1466 .4500512E-10
1467 .4471279E-10
1468 .4441871E-10
1469 .4412286E-10
1470 .4382526E-10
1471 .4352587E-10
1472 .4322469E-10
1473 .4292173E-10
1474 .4261699E-10
1475 .4231046E-10
1476 .4200210E-10
1477 .4169194E-10
1478 .4137999E-10
1479 .4106617E-10
1480 .4075055E-10
1481 .4043309E-10
1482 .4011380E-10
1483 .3979265E-10
1484 .3946968E-10
1485 .3914482E-10
1486 .3881813E-10
1487 .3848958E-10
1488 .3815917E-10
1489 .3782690E-10
1490 .3749274E-10
1491 .3715673E-10
1492 .3681883E-10
1493 .3647907E-10
1494 .3613740E-10
1495 .3579388E-10
1496 .3544847E-10
1497 .3510117E-10
1498 .3475196E-10
1499 .3440086E-10
1500 .3404787E-10
1501 .3411180E-10
1502 .3417571E-10
1503 .3423959E-10
1504 .3430347E-10
1505 .3436730E-10
1506 .3443111E-10
1507 .3449491E-10
1508 .3455868E-10
1509 .3462240E-10
1510 .3468611E-10
1511 .3474979E-10
1512 .3481343E-10
1513 .3487704E-10
1514 .3494059E-10
1515 .3500413E-10
1516 .3506761E-10
1517 .3513105E-10
1518 .3519442E-10
1519 .3525780E-10
1520 .3532109E-10
1521 .3538434E-10
1522 .3544755E-10
1523 .3551069E-10
1524 .3557380E-10
1525 .3563683E-10
1526 .3569979E-10
1527 .3576271E-10
1528 .3582556E-10
1529 .3588832E-10
1530 .3595105E-10
1531 .3601371E-10
1532 .3607628E-10
1533 .3613879E-10
1534 .3620121E-10
1535 .3626357E-10
1536 .3632586E-10
1537 .3638805E-10
1538 .3645016E-10
1539 .3651217E-10
1540 .3657413E-10
1541 .3663598E-10
1542 .3669774E-10
1543 .3675943E-10
1544 .3682102E-10
1545 .3688248E-10
1546 .3694386E-10
1547 .3700517E-10
1548 .3706635E-10
1549 .3712744E-10
1550 .3718840E-10
1551 .3724926E-10
1552 .3731003E-10
1553 .3737066E-10
1554 .3743120E-10
1555 .3749160E-10
1556 .3755190E-10
1557 .3761208E-10
1558 .3767214E-10
1559 .3773205E-10
1560 .3779186E-10
1561 .3785154E-10
1562 .3791106E-10
1563 .3797048E-10
1564 .3802976E-10
1565 .3808891E-10
1566 .3814791E-10
1567 .3820675E-10
1568 .3826549E-10
1569 .3832404E-10
1570 .3838246E-10
1571 .3844072E-10
1572 .3849887E-10
1573 .3855681E-10
1574 .3861463E-10
1575 .3867228E-10
1576 .3872977E-10
1577 .3878711E-10
1578 .3884427E-10
1579 .3890127E-10
1580 .3895808E-10
1581 .3901474E-10
1582 .3907122E-10
1583 .3912753E-10
1584 .3918365E-10
1585 .3923961E-10
1586 .3929537E-10
1587 .3935095E-10
1588 .3940636E-10
1589 .3946155E-10
1590 .3951657E-10
1591 .3957139E-10
1592 .3962601E-10
1593 .3968043E-10
1594 .3973466E-10
1595 .3978868E-10
1596 .3984251E-10
1597 .3989611E-10
1598 .3994950E-10
1599 .4000270E-10
1600 .4005569E-10
1601 .4010845E-10
1602 .4016097E-10
1603 .4021330E-10
1604 .4026538E-10
1605 .4031726E-10
1606 .4036891E-10
1607 .4042034E-10
1608 .4047150E-10
1609 .4052243E-10
1610 .4057316E-10
1611 .4062363E-10
1612 .4067385E-10
1613 .4072384E-10
1614 .4077357E-10
1615 .4082309E-10
1616 .4087231E-10
1617 .4092130E-10
1618 .4097002E-10
1619 .4101850E-10
1620 .4106672E-10
1621 .4111467E-10
1622 .4116238E-10
1623 .4120978E-10
1624 .4125691E-10
1625 .4130381E-10
1626 .4133922E-10
1627 .4137434E-10
1628 .4140918E-10
1629 .4144373E-10
1630 .4147800E-10
1631 .4151199E-10
1632 .4154569E-10
1633 .4157909E-10
1634 .4161220E-10
1635 .4164501E-10
1636 .4167753E-10
1637 .4170975E-10
1638 .4174167E-10
1639 .4177329E-10
1640 .4180459E-10
1641 .4183560E-10
1642 .4186628E-10
1643 .4189666E-10
1644 .4192672E-10
1645 .4195647E-10
1646 .4198591E-10
1647 .4201501E-10
1648 .4204381E-10
1649 .4207225E-10
1650 .4210039E-10
1651 .4212819E-10
1652 .4215565E-10
1653 .4218283E-10
1654 .4220963E-10
1655 .4223610E-10
1656 .4226223E-10
1657 .4228801E-10
1658 .4231345E-10
1659 .4233855E-10
1660 .4236333E-10
1661 .4238770E-10
1662 .4241177E-10
1663 .4243547E-10
1664 .4245881E-10
1665 .4248179E-10
1666 .4250443E-10
1667 .4252669E-10
1668 .4254861E-10
1669 .4257014E-10
1670 .4259129E-10
1671 .4261210E-10
1672 .4263253E-10
1673 .4265258E-10
1674 .4267226E-10
1675 .4269155E-10
1676 .4271049E-10
1677 .4272901E-10
1678 .4274720E-10
1679 .4276495E-10
1680 .4278231E-10
1681 .4279931E-10
1682 .4281593E-10
1683 .4283214E-10
1684 .4284798E-10
1685 .4286343E-10
1686 .4287853E-10
1687 .4289319E-10
1688 .4290749E-10
1689 .4292144E-10
1690 .4293498E-10
1691 .4294818E-10
1692 .4296098E-10
1693 .4297341E-10
1694 .4298545E-10
1695 .4299716E-10
1696 .4300850E-10
1697 .4301947E-10
1698 .4303006E-10
1699 .4304031E-10
1700 .4305019E-10
1701 .4305969E-10
1702 .4306886E-10
1703 .4307768E-10
1704 .4308610E-10
1705 .4309424E-10
1706 .4310199E-10
1707 .4310938E-10
1708 .4311644E-10
1709 .4312313E-10
1710 .4312950E-10
1711 .4313554E-10
1712 .4314123E-10
1713 .4314657E-10
1714 .4315158E-10
1715 .4315624E-10
1716 .4316059E-10
1717 .4316460E-10
1718 .4316828E-10
1719 .4317162E-10
1720 .4317467E-10
1721 .4317736E-10
1722 .4317973E-10
1723 .4318179E-10
1724 .4318353E-10
1725 .4318494E-10
1726 .4318606E-10
1727 .4318684E-10
1728 .4318730E-10
1729 .4318747E-10
1730 .4318734E-10
1731 .4318691E-10
1732 .4318613E-10
1733 .4318510E-10
1734 .4318375E-10
1735 .4318206E-10
1736 .4318013E-10
1737 .4317788E-10
1738 .4317532E-10
1739 .4317249E-10
1740 .4316937E-10
1741 .4316594E-10
1742 .4316224E-10
1743 .4315828E-10
1744 .4315401E-10
1745 .4314945E-10
1746 .4314463E-10
1747 .4313951E-10
1748 .4313413E-10
1749 .4312848E-10
1750 .4312256E-10
1751 .4311641E-10
1752 .4310991E-10
1753 .4310320E-10
1754 .4309619E-10
1755 .4308895E-10
1756 .4308144E-10
1757 .4307367E-10
1758 .4306565E-10
1759 .4305739E-10
1760 .4304884E-10
1761 .4304006E-10
1762 .4303105E-10
1763 .4302173E-10
1764 .4301223E-10
1765 .4300249E-10
1766 .4299247E-10
1767 .4298222E-10
1768 .4297176E-10
1769 .4296104E-10
1770 .4295007E-10
1771 .4293892E-10
1772 .4292749E-10
1773 .4291588E-10
1774 .4290401E-10
1775 .4289194E-10
1776 .4287963E-10
1777 .4286710E-10
1778 .4285436E-10
1779 .4284142E-10
1780 .4282823E-10
1781 .4281485E-10
1782 .4280126E-10
1783 .4278747E-10
1784 .4277346E-10
1785 .4275926E-10
1786 .4274486E-10
1787 .4273024E-10
1788 .4271546E-10
1789 .4270044E-10
1790 .4268523E-10
1791 .4266986E-10
1792 .4265429E-10
1793 .4263852E-10
1794 .4262257E-10
1795 .4260644E-10
1796 .4259009E-10
1797 .4257361E-10
1798 .4255695E-10
1799 .4254008E-10
1800 .4252303E-10
1801 .4238238E-10
1802 .4224164E-10
1803 .4210083E-10
1804 .4195996E-10
1805 .4181903E-10
1806 .4167806E-10
1807 .4153699E-10
1808 .4139590E-10
1809 .4125474E-10
1810 .4111358E-10
1811 .4097232E-10
1812 .4083109E-10
1813 .4068976E-10
1814 .4054845E-10
1815 .4040710E-10
1816 .4026569E-10
1817 .4012429E-10
1818 .3998285E-10
1819 .3984141E-10
1820 .3969996E-10
1821 .3955851E-10
1822 .3941703E-10
1823 .3927556E-10
1824 .3913405E-10
1825 .3899258E-10
1826 .3885111E-10
1827 .3870966E-10
1828 .3856820E-10
1829 .3842673E-10
1830 .3828531E-10
1831 .3814390E-10
1832 .3800252E-10
1833 .3786114E-10
1834 .3771980E-10
1835 .3757848E-10
1836 .3743718E-10
1837 .3729594E-10
1838 .3715472E-10
1839 .3701355E-10
1840 .3687241E-10
1841 .3673133E-10
1842 .3659029E-10
1843 .3644930E-10
1844 .3630838E-10
1845 .3616746E-10
1846 .3602664E-10
1847 .3588586E-10
1848 .3574517E-10
1849 .3560451E-10
1850 .3546394E-10
1851 .3532340E-10
1852 .3518299E-10
1853 .3504260E-10
1854 .3490229E-10
1855 .3476208E-10
1856 .3462192E-10
1857 .3448187E-10
1858 .3434188E-10
1859 .3420198E-10
1860 .3406217E-10
1861 .3392245E-10
1862 .3378282E-10
1863 .3364329E-10
1864 .3350384E-10
1865 .3336450E-10
1866 .3322524E-10
1867 .3308611E-10
1868 .3294707E-10
1869 .3280811E-10
1870 .3266927E-10
1871 .3253057E-10
1872 .3239195E-10
1873 .3225343E-10
1874 .3211504E-10
1875 .3197675E-10
1876 .3183860E-10
1877 .3170056E-10
1878 .3156264E-10
1879 .3142483E-10
1880 .3128715E-10
1881 .3114960E-10
1882 .3101218E-10
1883 .3087487E-10
1884 .3073769E-10
1885 .3060067E-10
1886 .3046374E-10
1887 .3032698E-10
1888 .3019034E-10
1889 .3005383E-10
1890 .2991745E-10
1891 .2978122E-10
1892 .2964514E-10
1893 .2950918E-10
1894 .2937341E-10
1895 .2923773E-10
1896 .2910220E-10
1897 .2896686E-10
1898 .2883162E-10
1899 .2869655E-10
1900 .2856163E-10
1901 .2842685E-10
1902 .2829223E-10
1903 .2815776E-10
1904 .2802346E-10
1905 .2788929E-10
1906 .2775530E-10
1907 .2762144E-10
1908 .2748777E-10
1909 .2735424E-10
1910 .2722088E-10
1911 .2708767E-10
1912 .2695463E-10
1913 .2682175E-10
1914 .2668903E-10
1915 .2655647E-10
1916 .2642408E-10
1917 .2629187E-10
1918 .2615981E-10
1919 .2602792E-10
1920 .2589620E-10
1921 .2576465E-10
1922 .2563328E-10
1923 .2550208E-10
1924 .2537102E-10
1925 .2524015E-10
1926 .2510944E-10
1927 .2497892E-10
1928 .2484857E-10
1929 .2471840E-10
1930 .2458840E-10
1931 .2445858E-10
1932 .2432895E-10
1933 .2419944E-10
1934 .2407014E-10
1935 .2394102E-10
1936 .2381206E-10
1937 .2368328E-10
1938 .2355468E-10
1939 .2342627E-10
1940 .2329807E-10
1941 .2316999E-10
1942 .2304209E-10
1943 .2291438E-10
1944 .2278689E-10
1945 .2265953E-10
1946 .2253235E-10
1947 .2240538E-10
1948 .2227857E-10
1949 .2215194E-10
1950 .2202550E-10
1951 .2189924E-10
1952 .2177315E-10
1953 .2164726E-10
1954 .2152152E-10
1955 .2139599E-10
1956 .2127061E-10
1957 .2114543E-10
1958 .2102044E-10
1959 .2089560E-10
1960 .2077097E-10
1961 .2064650E-10
1962 .2052221E-10
1963 .2039811E-10
1964 .2027417E-10
1965 .2015042E-10
1966 .2002684E-10
1967 .1990342E-10
1968 .1978018E-10
1969 .1965710E-10
1970 .1953420E-10
1971 .1941148E-10
1972 .1928890E-10
1973 .1916651E-10
1974 .1904427E-10
1975 .1892220E-10
1976 .1880030E-10
1977 .1867855E-10
1978 .1855697E-10
1979 .1843555E-10
1980 .1831429E-10
1981 .1819317E-10
1982 .1807224E-10
1983 .1795145E-10
1984 .1783081E-10
1985 .1771034E-10
1986 .1759000E-10
1987 .1746983E-10
1988 .1734980E-10
1989 .1722993E-10
1990 .1711020E-10
1991 .1699064E-10
1992 .1687120E-10
1993 .1675192E-10
1994 .1663278E-10
1995 .1651379E-10
1996 .1639496E-10
1997 .1627623E-10
1998 .1615769E-10
1999 .1603925E-10
2000 .1592098E-10
2001 .1580282E-10
2002 .1568482E-10
2003 .1556696E-10
2004 .1544922E-10
2005 .1533162E-10
2006 .1521417E-10
2007 .1509685E-10
2008 .1497964E-10
2009 .1486257E-10
2010 .1474565E-10
2011 .1473913E-10
2012 .1473267E-10
2013 .1472624E-10
2014 .1471984E-10
2015 .1471348E-10
2016 .1470715E-10
2017 .1470086E-10
2018 .1469461E-10
2019 .1468839E-10
2020 .1468221E-10
2021 .1467607E-10
2022 .1466997E-10
2023 .1466389E-10
2024 .1465785E-10
2025 .1465185E-10
2026 .1464590E-10
2027 .1463996E-10
2028 .1463407E-10
2029 .1462820E-10
2030 .1462237E-10
2031 .1461660E-10
2032 .1461083E-10
2033 .1460512E-10
2034 .1459944E-10
2035 .1459378E-10
2036 .1458817E-10
2037 .1458258E-10
2038 .1457703E-10
2039 .1457153E-10
2040 .1456606E-10
2041 .1456061E-10
2042 .1455521E-10
2043 .1454983E-10
2044 .1454449E-10
2045 .1453918E-10
2046 .1453390E-10
2047 .1452866E-10
2048 .1452346E-10
2049 .1451829E-10
2050 .1451315E-10
2051 .1450805E-10
2052 .1450297E-10
2053 .1449792E-10
2054 .1449292E-10
2055 .1448794E-10
2056 .1448301E-10
2057 .1447809E-10
2058 .1447322E-10
2059 .1446838E-10
2060 .1446356E-10
2061 .1445878E-10
2062 .1445404E-10
2063 .1444932E-10
2064 .1444463E-10
2065 .1444000E-10
2066 .1443538E-10
2067 .1443079E-10
2068 .1442623E-10
2069 .1442171E-10
2070 .1441721E-10
2071 .1441276E-10
2072 .1440833E-10
2073 .1440393E-10
2074 .1439958E-10
2075 .1439523E-10
2076 .1439092E-10
2077 .1438666E-10
2078 .1438243E-10
2079 .1437821E-10
2080 .1437403E-10
2081 .1436989E-10
2082 .1436578E-10
2083 .1436168E-10
2084 .1435762E-10
2085 .1435360E-10
2086 .1434960E-10
2087 .1434564E-10
2088 .1434171E-10
2089 .1433780E-10
2090 .1433392E-10
2091 .1433008E-10
2092 .1432626E-10
2093 .1432249E-10
2094 .1431873E-10
2095 .1431500E-10
2096 .1431130E-10
2097 .1430764E-10
2098 .1430401E-10
2099 .1430039E-10
2100 .1429682E-10
2101 .1429326E-10
2102 .1428974E-10
2103 .1428625E-10
2104 .1428278E-10
2105 .1427935E-10
2106 .1427596E-10
2107 .1427257E-10
2108 .1426923E-10
2109 .1426591E-10
2110 .1426263E-10
2111 .1425936E-10
2112 .1425613E-10
2113 .1425292E-10
2114 .1424974E-10
2115 .1424659E-10
2116 .1424346E-10
2117 .1424037E-10
2118 .1423732E-10
2119 .1423427E-10
2120 .1423127E-10
2121 .1422829E-10
2122 .1422533E-10
2123 .1422241E-10
2124 .1421951E-10
2125 .1421663E-10
2126 .1421379E-10
2127 .1421097E-10
2128 .1420819E-10
2129 .1420543E-10
2130 .1420269E-10
2131 .1419997E-10
2132 .1419728E-10
2133 .1419464E-10
2134 .1419201E-10
2135 .1418941E-10
2136 .1418684E-10
2137 .1418428E-10
2138 .1418177E-10
2139 .1417927E-10
2140 .1417679E-10
2141 .1417435E-10
2142 .1417194E-10
2143 .1416955E-10
2144 .1416719E-10
2145 .1416484E-10
2146 .1416253E-10
2147 .1416024E-10
2148 .1415797E-10
2149 .1415575E-10
2150 .1415355E-10
2151 .1415135E-10
2152 .1414919E-10
2153 .1414705E-10
2154 .1414495E-10
2155 .1414287E-10
2156 .1414081E-10
2157 .1413877E-10
2158 .1413676E-10
2159 .1413478E-10
2160 .1413282E-10
2161 .1413090E-10
2162 .1412898E-10
2163 .1412709E-10
2164 .1412525E-10
2165 .1412341E-10
2166 .1412161E-10
2167 .1411982E-10
2168 .1411806E-10
2169 .1411633E-10
2170 .1411461E-10
2171 .1411292E-10
2172 .1411126E-10
2173 .1410963E-10
2174 .1410800E-10
2175 .1410641E-10
2176 .1410484E-10
2177 .1410330E-10
2178 .1410178E-10
2179 .1410028E-10
2180 .1409882E-10
2181 .1409736E-10
2182 .1409593E-10
2183 .1409454E-10
2184 .1409316E-10
2185 .1409180E-10
2186 .1409047E-10
2187 .1408916E-10
2188 .1408786E-10
2189 .1408661E-10
2190 .1408538E-10
2191 .1408416E-10
2192 .1408297E-10
2193 .1408180E-10
2194 .1408064E-10
2195 .1407951E-10
2196 .1407841E-10
2197 .1407734E-10
2198 .1407628E-10
2199 .1407523E-10
2200 .1407423E-10
2201 .1407323E-10
2202 .1407227E-10
2203 .1407133E-10
2204 .1407040E-10
2205 .1406949E-10
2206 .1406861E-10
2207 .1406776E-10
2208 .1406691E-10
2209 .1406611E-10
2210 .1406530E-10
2211 .1406454E-10
2212 .1406380E-10
2213 .1406305E-10
2214 .1406235E-10
2215 .1406167E-10
2216 .1406100E-10
2217 .1406037E-10
2218 .1405975E-10
2219 .1405914E-10
2220 .1405856E-10
2221 .1405801E-10
2222 .1405746E-10
2223 .1405695E-10
2224 .1405647E-10
2225 .1405598E-10
2226 .1405552E-10
2227 .1405510E-10
2228 .1405469E-10
2229 .1405430E-10
2230 .1405393E-10
2231 .1405357E-10
2232 .1405323E-10
2233 .1405293E-10
2234 .1405264E-10
2235 .1405238E-10
2236 .1405214E-10
2237 .1405189E-10
2238 .1405169E-10
2239 .1405150E-10
2240 .1405133E-10
2241 .1405118E-10
2242 .1405105E-10
2243 .1405094E-10
2244 .1405085E-10
2245 .1405078E-10
2246 .1405073E-10
2247 .1405070E-10
2248 .1405069E-10
2249 .1405069E-10
2250 .1405072E-10
2251 .1405077E-10
2252 .1405083E-10
2253 .1405093E-10
2254 .1405102E-10
2255 .1405114E-10
2256 .1405129E-10
2257 .1405144E-10
2258 .1405161E-10
2259 .1405182E-10
2260 .1405203E-10
2261 .1405227E-10
2262 .1405250E-10
2263 .1405279E-10
2264 .1405306E-10
2265 .1405337E-10
2266 .1405371E-10
2267 .1405404E-10
2268 .1405440E-10
2269 .1405478E-10
2270 .1405517E-10
2271 .1405558E-10
2272 .1405602E-10
2273 .1405647E-10
2274 .1405692E-10
2275 .1405741E-10
2276 .1405791E-10
2277 .1405842E-10
2278 .1405896E-10
2279 .1405950E-10
2280 .1406008E-10
2281 .1406066E-10
2282 .1406127E-10
2283 .1406188E-10
2284 .1406252E-10
2285 .1406318E-10
2286 .1406384E-10
2287 .1406453E-10
2288 .1406522E-10
2289 .1406593E-10
2290 .1406667E-10
2291 .1406742E-10
2292 .1406818E-10
2293 .1406897E-10
2294 .1406978E-10
2295 .1407057E-10
2296 .1407140E-10
2297 .1407225E-10
2298 .1407310E-10
2299 .1407398E-10
2300 .1407488E-10
2301 .1407579E-10
2302 .1407671E-10
2303 .1407765E-10
2304 .1407860E-10
2305 .1407956E-10
2306 .1408055E-10
2307 .1408154E-10
2308 .1408255E-10
2309 .1408358E-10
2310 .1408461E-10
2311 .1408568E-10
2312 .1408674E-10
2313 .1408782E-10
2314 .1408894E-10
2315 .1409004E-10
2316 .1409118E-10
2317 .1409231E-10
2318 .1409347E-10
2319 .1409463E-10
2320 .1409584E-10
2321 .1409702E-10
2322 .1409825E-10
2323 .1409947E-10
2324 .1410070E-10
2325 .1410196E-10
2326 .1410323E-10
2327 .1410450E-10
2328 .1410580E-10
2329 .1410711E-10
2330 .1410844E-10
2331 .1410977E-10
2332 .1411111E-10
2333 .1411246E-10
2334 .1411384E-10
2335 .1411523E-10
2336 .1411663E-10
2337 .1411803E-10
2338 .1411946E-10
2339 .1412090E-10
2340 .1412234E-10
2341 .1412381E-10
2342 .1412529E-10
2343 .1412677E-10
2344 .1412827E-10
2345 .1412978E-10
2346 .1413132E-10
2347 .1413283E-10
2348 .1413439E-10
2349 .1413594E-10
2350 .1413751E-10
2351 .1413910E-10
2352 .1414070E-10
2353 .1414229E-10
2354 .1414392E-10
2355 .1414554E-10
2356 .1414719E-10
2357 .1414883E-10
2358 .1415049E-10
2359 .1415217E-10
2360 .1415385E-10
2361 .1415556E-10
2362 .1415725E-10
2363 .1415897E-10
2364 .1416070E-10
2365 .1416244E-10
2366 .1416420E-10
2367 .1416596E-10
2368 .1416773E-10
2369 .1416950E-10
2370 .1417129E-10
2371 .1417310E-10
2372 .1417490E-10
2373 .1417672E-10
2374 .1417857E-10
2375 .1418039E-10
2376 .1418226E-10
2377 .1418412E-10
2378 .1418599E-10
2379 .1418787E-10
2380 .1418976E-10
2381 .1419166E-10
2382 .1419357E-10
2383 .1419548E-10
2384 .1419741E-10
2385 .1419936E-10
2386 .1420131E-10
2387 .1420325E-10
2388 .1420522E-10
2389 .1420718E-10
2390 .1420918E-10
2391 .1421117E-10
2392 .1421318E-10
2393 .1421517E-10
2394 .1421720E-10
2395 .1421922E-10
2396 .1422126E-10
2397 .1422329E-10
2398 .1422535E-10
2399 .1422741E-10
2400 .1422949E-10
2401 .1423155E-10
2402 .1423363E-10
2403 .1423573E-10
2404 .1423783E-10
2405 .1423993E-10
2406 .1424205E-10
2407 .1424418E-10
2408 .1424630E-10
2409 .1424844E-10
2410 .1425059E-10
2411 .1425274E-10
2412 .1425489E-10
2413 .1425706E-10
2414 .1425923E-10
2415 .1426142E-10
2416 .1426361E-10
2417 .1426581E-10
2418 .1426801E-10
2419 .1427022E-10
2420 .1427243E-10
2421 .1427464E-10
2422 .1427686E-10
2423 .1427910E-10
2424 .1428135E-10
2425 .1428360E-10
2426 .1428585E-10
2427 .1428811E-10
2428 .1429037E-10
2429 .1429265E-10
2430 .1429492E-10
2431 .1429720E-10
2432 .1429950E-10
2433 .1430179E-10
2434 .1430408E-10
2435 .1430639E-10
2436 .1430870E-10
2437 .1431103E-10
2438 .1431334E-10
2439 .1431568E-10
2440 .1431801E-10
2441 .1432034E-10
2442 .1432269E-10
2443 .1432504E-10
2444 .1432737E-10
2445 .1432974E-10
2446 .1433211E-10
2447 .1433448E-10
2448 .1433685E-10
2449 .1433922E-10
2450 .1434159E-10
2451 .1434397E-10
2452 .1434638E-10
2453 .1434877E-10
2454 .1435116E-10
2455 .1435357E-10
2456 .1435597E-10
2457 .1435837E-10
2458 .1436079E-10
2459 .1436320E-10
2460 .1436564E-10
2461 .1436805E-10
2462 .1437048E-10
2463 .1437291E-10
2464 .1437533E-10
2465 .1437779E-10
2466 .1438023E-10
2467 .1438266E-10
2468 .1438512E-10
2469 .1438756E-10
2470 .1439001E-10
2471 .1439248E-10
2472 .1439493E-10
2473 .1439740E-10
2474 .1439986E-10
2475 .1440232E-10
2476 .1440478E-10
2477 .1440726E-10
2478 .1440974E-10
2479 .1441222E-10
2480 .1441468E-10
2481 .1441717E-10
2482 .1441965E-10
2483 .1442213E-10
2484 .1442462E-10
2485 .1442711E-10
2486 .1442959E-10
2487 .1443209E-10
2488 .1443458E-10
2489 .1443708E-10
2490 .1443957E-10
2491 .1444206E-10
2492 .1444456E-10
2493 .1444706E-10
2494 .1444956E-10
2495 .1445206E-10
2496 .1445456E-10
2497 .1445706E-10
2498 .1445957E-10
2499 .1446207E-10
2500 .1446458E-10
