 75.0    1000.00   .3735922E-15
 75.0    1010.00   .1440206E-14
 75.0    1020.00   .3880313E-14
 75.0    1030.00   .8576912E-14
 75.0    1040.00   .1666854E-13
 75.0    1050.00   .2955316E-13
 75.0    1060.00   .4887800E-13
 75.0    1070.00   .7651392E-13
 75.0    1080.00   .1145136E-12
 75.0    1090.00   .1650530E-12
 75.0    1100.00   .2303575E-12
 75.0    1110.00   .3126123E-12
 75.0    1120.00   .4138614E-12
 75.0    1130.00   .5358960E-12
 75.0    1140.00   .6801371E-12
 75.0    1150.00   .8475161E-12
 75.0    1160.00   .1038358E-11
 75.0    1170.00   .1252275E-11
 75.0    1180.00   .1488071E-11
 75.0    1190.00   .1743669E-11
 75.0    1200.00   .2016066E-11
 75.0    1210.00   .2301307E-11
 75.0    1220.00   .2594517E-11
 75.0    1230.00   .2889948E-11
 75.0    1240.00   .3181090E-11
 75.0    1250.00   .3460808E-11
 75.0    1260.00   .3722256E-11
 75.0    1270.00   .3961590E-11
 75.0    1280.00   .4176545E-11
 75.0    1290.00   .4365819E-11
 75.0    1300.00   .4529046E-11
 75.0    1310.00   .4666742E-11
 75.0    1320.00   .4780224E-11
 75.0    1330.00   .4871520E-11
 75.0    1340.00   .4943242E-11
 75.0    1350.00   .4998514E-11
 75.0    1360.00   .5040830E-11
 75.0    1370.00   .5074003E-11
 75.0    1380.00   .5101975E-11
 75.0    1390.00   .5127208E-11
 75.0    1400.00   .5150540E-11
 75.0    1410.00   .5172750E-11
 75.0    1420.00   .5194597E-11
 75.0    1430.00   .5216854E-11
 75.0    1440.00   .5240302E-11
 75.0    1450.00   .5265722E-11
 75.0    1460.00   .5293930E-11
 75.0    1470.00   .5325754E-11
 75.0    1480.00   .5362052E-11
 75.0    1490.00   .5403733E-11
 75.0    1500.00   .5451734E-11
 75.0    1510.00   .5506887E-11
 75.0    1520.00   .5569347E-11
 75.0    1530.00   .5639116E-11
 75.0    1540.00   .5716185E-11
 75.0    1550.00   .5800556E-11
 75.0    1560.00   .5892220E-11
 75.0    1570.00   .5991178E-11
 75.0    1580.00   .6097417E-11
 75.0    1590.00   .6210932E-11
 75.0    1600.00   .6331701E-11
 75.0    1610.00   .6459707E-11
 75.0    1620.00   .6594912E-11
 75.0    1630.00   .6737282E-11
 75.0    1640.00   .6886757E-11
 75.0    1650.00   .7043277E-11
 75.0    1660.00   .7206751E-11
 75.0    1670.00   .7377089E-11
 75.0    1680.00   .7554162E-11
 75.0    1690.00   .7737835E-11
 75.0    1700.00   .7927937E-11
 75.0    1710.00   .8124282E-11
 75.0    1720.00   .8326643E-11
 75.0    1730.00   .8534776E-11
 75.0    1740.00   .8748391E-11
 75.0    1750.00   .8967175E-11
 75.0    1760.00   .9190798E-11
 75.0    1770.00   .9419036E-11
 75.0    1780.00   .9651658E-11
 75.0    1790.00   .9888408E-11
 75.0    1800.00   .1012900E-10
 75.0    1810.00   .1037311E-10
 75.0    1820.00   .1062040E-10
 75.0    1830.00   .1087046E-10
 75.0    1840.00   .1112289E-10
 75.0    1850.00   .1137723E-10
 75.0    1860.00   .1163297E-10
 75.0    1870.00   .1188961E-10
 75.0    1880.00   .1214655E-10
 75.0    1890.00   .1240322E-10
 75.0    1900.00   .1265895E-10
 75.0    1910.00   .1291309E-10
 75.0    1920.00   .1316491E-10
 75.0    1930.00   .1341367E-10
 75.0    1940.00   .1365859E-10
 75.0    1950.00   .1389887E-10
 75.0    1960.00   .1413365E-10
 75.0    1970.00   .1436209E-10
 75.0    1980.00   .1458326E-10
 75.0    1990.00   .1479628E-10
 75.0    2000.00   .1500018E-10
 75.0    2010.00   .1519417E-10
 75.0    2020.00   .1537788E-10
 75.0    2030.00   .1555113E-10
 75.0    2040.00   .1571372E-10
 75.0    2050.00   .1586552E-10
 75.0    2060.00   .1600640E-10
 75.0    2070.00   .1613628E-10
 75.0    2080.00   .1625507E-10
 75.0    2090.00   .1636274E-10
 75.0    2100.00   .1645926E-10
 75.0    2110.00   .1654465E-10
 75.0    2120.00   .1661892E-10
 75.0    2130.00   .1668213E-10
 75.0    2140.00   .1673435E-10
 75.0    2150.00   .1677568E-10
 75.0    2160.00   .1680621E-10
 75.0    2170.00   .1682609E-10
 75.0    2180.00   .1683547E-10
 75.0    2190.00   .1683450E-10
 75.0    2200.00   .1682337E-10
 75.0    2210.00   .1680227E-10
 75.0    2220.00   .1677141E-10
 75.0    2230.00   .1673101E-10
 75.0    2240.00   .1668130E-10
 75.0    2250.00   .1662251E-10
 75.0    2260.00   .1655515E-10
 75.0    2270.00   .1648079E-10
 75.0    2280.00   .1640124E-10
 75.0    2290.00   .1631832E-10
 75.0    2300.00   .1623383E-10
 75.0    2310.00   .1614959E-10
 75.0    2320.00   .1606738E-10
 75.0    2330.00   .1598897E-10
 75.0    2340.00   .1591615E-10
 75.0    2350.00   .1585067E-10
 75.0    2360.00   .1579430E-10
 75.0    2370.00   .1574880E-10
 75.0    2380.00   .1571595E-10
 75.0    2390.00   .1569751E-10
 75.0    2400.00   .1569532E-10
 75.0    2410.00   .1571119E-10
 75.0    2420.00   .1574702E-10
 75.0    2430.00   .1580474E-10
 75.0    2440.00   .1588636E-10
 75.0    2450.00   .1599397E-10
 75.0    2460.00   .1612975E-10
 75.0    2470.00   .1629601E-10
 75.0    2480.00   .1649521E-10
 75.0    2490.00   .1672995E-10
 75.0    2500.00   .1700302E-10
 75.0    2510.00   .1459354E-10
 75.0    2520.00   .1617348E-10
 75.0    2530.00   .1845184E-10
 75.0    2540.00   .2295294E-10
 75.0    2550.00   .2641112E-10
 75.0    2560.00   .2764533E-10
 75.0    2570.00   .3276930E-10
 75.0    2580.00   .2940980E-10
 75.0    2590.00   .3402226E-10
 75.0    2600.00   .3579900E-10
 75.0    2610.00   .3240329E-10
 75.0    2620.00   .3315186E-10
 75.0    2630.00   .2885467E-10
 75.0    2640.00   .2288307E-10
 75.0    2650.00   .2242927E-10
 75.0    2660.00   .2010344E-10
 75.0    2670.00   .2059977E-10
 75.0    2680.00   .2388987E-10
 75.0    2690.00   .3649269E-10
 75.0    2700.00   .5664810E-10
 75.0    2710.00   .8140279E-10
 75.0    2720.00   .9725025E-10
 75.0    2730.00   .9934718E-10
 75.0    2740.00   .9858313E-10
 75.0    2750.00   .1033083E-09
 75.0    2760.00   .1020053E-09
 75.0    2770.00   .1052118E-09
 75.0    2780.00   .1020318E-09
 75.0    2790.00   .1176614E-09
 75.0    2800.00   .1172050E-09
 75.0    2810.00   .1147165E-09
 75.0    2820.00   .1147952E-09
 75.0    2830.00   .1092505E-09
 75.0    2840.00   .1017885E-09
 75.0    2850.00   .1066021E-09
 75.0    2860.00   .1049529E-09
 75.0    2870.00   .1072457E-09
 75.0    2880.00   .1075441E-09
 75.0    2890.00   .1135232E-09
 75.0    2900.00   .1289245E-09
 75.0    2910.00   .1375308E-09
 75.0    2920.00   .1511241E-09
 75.0    2930.00   .1574551E-09
 75.0    2940.00   .1616711E-09
 75.0    2950.00   .1671647E-09
 75.0    2960.00   .1608344E-09
 75.0    2970.00   .1563696E-09
 75.0    2980.00   .1543712E-09
 75.0    2990.00   .1495505E-09
 75.0    3000.00   .1380036E-09
 75.0    3010.00   .1334852E-09
 75.0    3020.00   .1237975E-09
 75.0    3030.00   .1257937E-09
 75.0    3040.00   .1306490E-09
 75.0    3050.00   .1298424E-09
 75.0    3060.00   .1311101E-09
 75.0    3070.00   .1263750E-09
 75.0    3080.00   .1331979E-09
 75.0    3090.00   .1328477E-09
 75.0    3100.00   .1173544E-09
 75.0    3110.00   .1205321E-09
 75.0    3120.00   .1335555E-09
 75.0    3130.00   .1312897E-09
 75.0    3140.00   .1367157E-09
 75.0    3150.00   .1361962E-09
 75.0    3160.00   .1413031E-09
 75.0    3170.00   .1445263E-09
 75.0    3180.00   .1606730E-09
 75.0    3190.00   .1638556E-09
 75.0    3200.00   .1758744E-09
 75.0    3210.00   .1649600E-09
 75.0    3220.00   .1612161E-09
 75.0    3230.00   .1447508E-09
 75.0    3240.00   .1410920E-09
 75.0    3250.00   .1351328E-09
 75.0    3260.00   .1270449E-09
 75.0    3270.00   .1226883E-09
 75.0    3280.00   .1174408E-09
 75.0    3290.00   .1136384E-09
 75.0    3300.00   .1184475E-09
 75.0    3310.00   .1170485E-09
 75.0    3320.00   .1266414E-09
 75.0    3330.00   .1254961E-09
 75.0    3340.00   .1283485E-09
 75.0    3350.00   .1261396E-09
 75.0    3360.00   .1256957E-09
 75.0    3370.00   .1296936E-09
 75.0    3380.00   .1288007E-09
 75.0    3390.00   .1307683E-09
 75.0    3400.00   .1370587E-09
 75.0    3410.00   .1373282E-09
 75.0    3420.00   .1524852E-09
 75.0    3430.00   .1621272E-09
 75.0    3440.00   .1617769E-09
 75.0    3450.00   .1639826E-09
 75.0    3460.00   .1545021E-09
 75.0    3470.00   .1593732E-09
 75.0    3480.00   .1592314E-09
 75.0    3490.00   .1583143E-09
 75.0    3500.00   .1513173E-09
 75.0    3510.00   .1598689E-09
 75.0    3520.00   .1674812E-09
 75.0    3530.00   .1811222E-09
 75.0    3540.00   .1949109E-09
 75.0    3550.00   .2062162E-09
 75.0    3560.00   .2079605E-09
 75.0    3570.00   .2069497E-09
 75.0    3580.00   .2144542E-09
 75.0    3590.00   .2141523E-09
 75.0    3600.00   .2229799E-09
 75.0    3610.00   .2222301E-09
 75.0    3620.00   .2249516E-09
 75.0    3630.00   .2163634E-09
 75.0    3640.00   .2044197E-09
 75.0    3650.00   .2088044E-09
 75.0    3660.00   .2172743E-09
 75.0    3670.00   .2373230E-09
 75.0    3680.00   .2569574E-09
 75.0    3690.00   .2833363E-09
 75.0    3700.00   .3157006E-09
 75.0    3710.00   .3377239E-09
 75.0    3720.00   .3491148E-09
 75.0    3730.00   .3555294E-09
 75.0    3740.00   .3422806E-09
 75.0    3750.00   .3189408E-09
 75.0    3760.00   .2998278E-09
 75.0    3770.00   .2673482E-09
 75.0    3780.00   .2297964E-09
 75.0    3790.00   .1893080E-09
 75.0    3800.00   .1626955E-09
 75.0    3810.00   .1395782E-09
 75.0    3820.00   .1264708E-09
 75.0    3830.00   .1134304E-09
 75.0    3840.00   .1202586E-09
 75.0    3850.00   .1277660E-09
 75.0    3860.00   .1474049E-09
 75.0    3870.00   .1731631E-09
 75.0    3880.00   .2127091E-09
 75.0    3890.00   .2466531E-09
 75.0    3900.00   .2790943E-09
 75.0    3910.00   .3028081E-09
 75.0    3920.00   .3406884E-09
 75.0    3930.00   .3590190E-09
 75.0    3940.00   .3934778E-09
 75.0    3950.00   .4145808E-09
 75.0    3960.00   .4382285E-09
 75.0    3970.00   .4578205E-09
 75.0    3980.00   .4809975E-09
 75.0    3990.00   .4969230E-09
 75.0    4000.00   .4835829E-09
 75.0    4010.00   .4713451E-09
 75.0    4020.00   .4371828E-09
 75.0    4030.00   .4213638E-09
 75.0    4040.00   .3765107E-09
 75.0    4050.00   .3587540E-09
 75.0    4060.00   .3289870E-09
 75.0    4070.00   .3247339E-09
 75.0    4080.00   .3086252E-09
 75.0    4090.00   .3026001E-09
 75.0    4100.00   .2938322E-09
 75.0    4110.00   .2795025E-09
 75.0    4120.00   .2636192E-09
 75.0    4130.00   .2580839E-09
 75.0    4140.00   .2503284E-09
 75.0    4150.00   .2504402E-09
 75.0    4160.00   .2481854E-09
 75.0    4170.00   .2432162E-09
 75.0    4180.00   .2451480E-09
 75.0    4190.00   .2521204E-09
 75.0    4200.00   .2571069E-09
 75.0    4210.00   .2607524E-09
 75.0    4220.00   .2763222E-09
 75.0    4230.00   .2670511E-09
 75.0    4240.00   .2691373E-09
 75.0    4250.00   .2739809E-09
 75.0    4260.00   .2844039E-09
 75.0    4270.00   .2718245E-09
 75.0    4280.00   .2794814E-09
 75.0    4290.00   .2797696E-09
 75.0    4300.00   .2787556E-09
 75.0    4310.00   .2953188E-09
 75.0    4320.00   .2884676E-09
 75.0    4330.00   .3047955E-09
 75.0    4340.00   .2963525E-09
 75.0    4350.00   .2958699E-09
 75.0    4360.00   .2999133E-09
 75.0    4370.00   .2768390E-09
 75.0    4380.00   .2452475E-09
 75.0    4390.00   .2276492E-09
 75.0    4400.00   .2170140E-09
 75.0    4410.00   .1931969E-09
 75.0    4420.00   .1811867E-09
 75.0    4430.00   .1657896E-09
 75.0    4440.00   .1611161E-09
 75.0    4450.00   .1590444E-09
 75.0    4460.00   .1586852E-09
 75.0    4470.00   .1632195E-09
 75.0    4480.00   .1677061E-09
 75.0    4490.00   .1761466E-09
 75.0    4500.00   .1875390E-09
 75.0    4510.00   .2007440E-09
 75.0    4520.00   .2126197E-09
 75.0    4530.00   .2363299E-09
 75.0    4540.00   .2521828E-09
 75.0    4550.00   .2727462E-09
 75.0    4560.00   .2985747E-09
 75.0    4570.00   .3154419E-09
 75.0    4580.00   .3523954E-09
 75.0    4590.00   .3749406E-09
 75.0    4600.00   .4158391E-09
 75.0    4610.00   .4303462E-09
 75.0    4620.00   .4437579E-09
 75.0    4630.00   .4462676E-09
 75.0    4640.00   .4645743E-09
 75.0    4650.00   .4725993E-09
 75.0    4660.00   .4688174E-09
 75.0    4670.00   .4609677E-09
 75.0    4680.00   .4288810E-09
 75.0    4690.00   .4038593E-09
 75.0    4700.00   .3435764E-09
 75.0    4710.00   .3248850E-09
 75.0    4720.00   .2818183E-09
 75.0    4730.00   .2541934E-09
 75.0    4740.00   .2289787E-09
 75.0    4750.00   .2164056E-09
 75.0    4760.00   .2029643E-09
 75.0    4770.00   .1896131E-09
 75.0    4780.00   .1832814E-09
 75.0    4790.00   .1935843E-09
 75.0    4800.00   .2009117E-09
 75.0    4810.00   .2077152E-09
 75.0    4820.00   .2165889E-09
 75.0    4830.00   .2263131E-09
 75.0    4840.00   .2371310E-09
 75.0    4850.00   .2412956E-09
 75.0    4860.00   .2381483E-09
 75.0    4870.00   .2365750E-09
 75.0    4880.00   .2352237E-09
 75.0    4890.00   .2369764E-09
 75.0    4900.00   .2440063E-09
 75.0    4910.00   .2547864E-09
 75.0    4920.00   .2716817E-09
 75.0    4930.00   .2922915E-09
 75.0    4940.00   .3281506E-09
 75.0    4950.00   .3435992E-09
 75.0    4960.00   .3536954E-09
 75.0    4970.00   .3600518E-09
 75.0    4980.00   .3508680E-09
 75.0    4990.00   .3345311E-09
 75.0    5000.00   .3150205E-09
 75.0    5010.00   .2898630E-09
 75.0    5020.00   .2679053E-09
 75.0    5030.00   .2337829E-09
 75.0    5040.00   .2219581E-09
 75.0    5050.00   .2135990E-09
 75.0    5060.00   .2096708E-09
 75.0    5070.00   .2053026E-09
 75.0    5080.00   .2027538E-09
 75.0    5090.00   .2017856E-09
 75.0    5100.00   .2021725E-09
 75.0    5110.00   .2051421E-09
 75.0    5120.00   .2065030E-09
 75.0    5130.00   .2017682E-09
 75.0    5140.00   .2004786E-09
 75.0    5150.00   .1984659E-09
 75.0    5160.00   .2011616E-09
 75.0    5170.00   .2067481E-09
 75.0    5180.00   .2209104E-09
 75.0    5190.00   .2336761E-09
 75.0    5200.00   .2459166E-09
 75.0    5210.00   .2401563E-09
 75.0    5220.00   .2554723E-09
 75.0    5230.00   .2933275E-09
 75.0    5240.00   .2923663E-09
 75.0    5250.00   .3091891E-09
 75.0    5260.00   .3018496E-09
 75.0    5270.00   .3156727E-09
 75.0    5280.00   .3659805E-09
 75.0    5290.00   .3724314E-09
 75.0    5300.00   .3473059E-09
 75.0    5310.00   .4038283E-09
 75.0    5320.00   .4029044E-09
 75.0    5330.00   .3929264E-09
 75.0    5340.00   .3851568E-09
 75.0    5350.00   .3840780E-09
 75.0    5360.00   .3613912E-09
 75.0    5370.00   .3633426E-09
 75.0    5380.00   .3582648E-09
 75.0    5390.00   .3329062E-09
 75.0    5400.00   .3846382E-09
 75.0    5410.00   .3765450E-09
 75.0    5420.00   .3521813E-09
 75.0    5430.00   .3429117E-09
 75.0    5440.00   .3970508E-09
 75.0    5450.00   .4223233E-09
 75.0    5460.00   .4277878E-09
 75.0    5470.00   .4962429E-09
 75.0    5480.00   .4863008E-09
 75.0    5490.00   .5044805E-09
 75.0    5500.00   .5420995E-09
 75.0    5510.00   .5570284E-09
 75.0    5520.00   .5561916E-09
 75.0    5530.00   .4962959E-09
 75.0    5540.00   .5133437E-09
 75.0    5550.00   .5086833E-09
 75.0    5560.00   .4950689E-09
 75.0    5570.00   .4921743E-09
 75.0    5580.00   .4366800E-09
 75.0    5590.00   .4191973E-09
 75.0    5600.00   .3948158E-09
 75.0    5610.00   .3534974E-09
 75.0    5620.00   .3265462E-09
 75.0    5630.00   .3106577E-09
 75.0    5640.00   .2886679E-09
 75.0    5650.00   .2561553E-09
 75.0    5660.00   .2332613E-09
 75.0    5670.00   .1927537E-09
 75.0    5680.00   .1827022E-09
 75.0    5690.00   .1698733E-09
 75.0    5700.00   .1799193E-09
 75.0    5710.00   .1724626E-09
 75.0    5720.00   .1766029E-09
 75.0    5730.00   .1862176E-09
 75.0    5740.00   .1827148E-09
 75.0    5750.00   .1922840E-09
 75.0    5760.00   .1870178E-09
 75.0    5770.00   .2165404E-09
 75.0    5780.00   .2525810E-09
 75.0    5790.00   .2613260E-09
 75.0    5800.00   .2968155E-09
 75.0    5810.00   .3185671E-09
 75.0    5820.00   .3476489E-09
 75.0    5830.00   .3517971E-09
 75.0    5840.00   .3703472E-09
 75.0    5850.00   .3632070E-09
 75.0    5860.00   .3972759E-09
 75.0    5870.00   .3924724E-09
 75.0    5880.00   .3509623E-09
 75.0    5890.00   .2382036E-09
 75.0    5900.00   .3319935E-09
 75.0    5910.00   .3524244E-09
 75.0    5920.00   .3620748E-09
 75.0    5930.00   .3031491E-09
 75.0    5940.00   .2952833E-09
 75.0    5950.00   .2851423E-09
 75.0    5960.00   .2758646E-09
 75.0    5970.00   .2543745E-09
 75.0    5980.00   .2570863E-09
 75.0    5990.00   .2555659E-09
 75.0    6000.00   .2219973E-09
 75.0    6010.00   .2347243E-09
 75.0    6020.00   .2324945E-09
 75.0    6030.00   .2350982E-09
 75.0    6040.00   .2330405E-09
 75.0    6050.00   .2507800E-09
 75.0    6060.00   .2701048E-09
 75.0    6070.00   .2610230E-09
 75.0    6080.00   .2736164E-09
 75.0    6090.00   .2592998E-09
 75.0    6100.00   .2625343E-09
 75.0    6110.00   .2597669E-09
 75.0    6120.00   .2480137E-09
 75.0    6130.00   .2438708E-09
 75.0    6140.00   .2733566E-09
 75.0    6150.00   .2621467E-09
 75.0    6160.00   .2494346E-09
 75.0    6170.00   .2246630E-09
 75.0    6180.00   .2390357E-09
 75.0    6190.00   .2549632E-09
 75.0    6200.00   .2454076E-09
 75.0    6210.00   .2343874E-09
 75.0    6220.00   .2579977E-09
 75.0    6230.00   .2547401E-09
 75.0    6240.00   .2436922E-09
 75.0    6250.00   .2657288E-09
 75.0    6260.00   .2478770E-09
 75.0    6270.00   .2299289E-09
 75.0    6280.00   .2245440E-09
 75.0    6290.00   .2150069E-09
 75.0    6300.00   .2086788E-09
 75.0    6310.00   .2050028E-09
 75.0    6320.00   .2034969E-09
 75.0    6330.00   .2067754E-09
 75.0    6340.00   .2147414E-09
 75.0    6350.00   .2232468E-09
 75.0    6360.00   .2299326E-09
 75.0    6370.00   .2413054E-09
 75.0    6380.00   .2493967E-09
 75.0    6390.00   .2657805E-09
 75.0    6400.00   .2841605E-09
 75.0    6410.00   .3030506E-09
 75.0    6420.00   .3245577E-09
 75.0    6430.00   .3439408E-09
 75.0    6440.00   .3650732E-09
 75.0    6450.00   .3847880E-09
 75.0    6460.00   .4037165E-09
 75.0    6470.00   .4201345E-09
 75.0    6480.00   .4311687E-09
 75.0    6490.00   .4478839E-09
 75.0    6500.00   .4605643E-09
 75.0    6510.00   .4701943E-09
 75.0    6520.00   .4767383E-09
 75.0    6530.00   .4818491E-09
 75.0    6540.00   .4872773E-09
 75.0    6550.00   .4917255E-09
 75.0    6560.00   .4927375E-09
 75.0    6570.00   .4904904E-09
 75.0    6580.00   .4893509E-09
 75.0    6590.00   .4860471E-09
 75.0    6600.00   .4789201E-09
 75.0    6610.00   .4690857E-09
 75.0    6620.00   .4555262E-09
 75.0    6630.00   .4464172E-09
 75.0    6640.00   .4311205E-09
 75.0    6650.00   .4143251E-09
 75.0    6660.00   .3972890E-09
 75.0    6670.00   .3793489E-09
 75.0    6680.00   .3678900E-09
 75.0    6690.00   .3513922E-09
 75.0    6700.00   .3351089E-09
 75.0    6710.00   .3200847E-09
 75.0    6720.00   .3071799E-09
 75.0    6730.00   .2962842E-09
 75.0    6740.00   .2835954E-09
 75.0    6750.00   .2703425E-09
 75.0    6760.00   .2622515E-09
 75.0    6770.00   .2536197E-09
 75.0    6780.00   .2462854E-09
 75.0    6790.00   .2394949E-09
 75.0    6800.00   .2341846E-09
 75.0    6810.00   .2303610E-09
 75.0    6820.00   .2258705E-09
 75.0    6830.00   .2238475E-09
 75.0    6840.00   .2288521E-09
 75.0    6850.00   .2235179E-09
 75.0    6860.00   .2068114E-09
 75.0    6870.00   .2005698E-09
 75.0    6880.00   .1973922E-09
 75.0    6890.00   .2081081E-09
 75.0    6900.00   .2157543E-09
 75.0    6910.00   .2224319E-09
 75.0    6920.00   .2304885E-09
 75.0    6930.00   .2358014E-09
 75.0    6940.00   .2380672E-09
 75.0    6950.00   .2399984E-09
 75.0    6960.00   .2448102E-09
 75.0    6970.00   .2479102E-09
 75.0    6980.00   .2480636E-09
 75.0    6990.00   .2478676E-09
 75.0    7000.00   .2583254E-09
 75.0    7010.00   .2701843E-09
 75.0    7020.00   .2674706E-09
 75.0    7030.00   .2698402E-09
 75.0    7040.00   .2642496E-09
 75.0    7050.00   .2611822E-09
 75.0    7060.00   .2671937E-09
 75.0    7070.00   .2590086E-09
 75.0    7080.00   .2589888E-09
 75.0    7090.00   .2664640E-09
 75.0    7100.00   .2686682E-09
 75.0    7110.00   .2660050E-09
 75.0    7120.00   .2735271E-09
 75.0    7130.00   .2754908E-09
 75.0    7140.00   .2771387E-09
 75.0    7150.00   .2833996E-09
 75.0    7160.00   .2822775E-09
 75.0    7170.00   .2866638E-09
 75.0    7180.00   .3061343E-09
 75.0    7190.00   .3196407E-09
 75.0    7200.00   .3320049E-09
 75.0    7210.00   .3277997E-09
 75.0    7220.00   .3261731E-09
 75.0    7230.00   .3333479E-09
 75.0    7240.00   .3503955E-09
 75.0    7250.00   .3633242E-09
 75.0    7260.00   .3943988E-09
 75.0    7270.00   .3884340E-09
 75.0    7280.00   .3741070E-09
 75.0    7290.00   .3661908E-09
 75.0    7300.00   .3705169E-09
 75.0    7310.00   .3733632E-09
 75.0    7320.00   .3696143E-09
 75.0    7330.00   .3597771E-09
 75.0    7340.00   .3550540E-09
 75.0    7350.00   .3501322E-09
 75.0    7360.00   .3453282E-09
 75.0    7370.00   .3447447E-09
 75.0    7380.00   .3417567E-09
 75.0    7390.00   .3402039E-09
 75.0    7400.00   .3399499E-09
 75.0    7410.00   .3389732E-09
 75.0    7420.00   .3445711E-09
 75.0    7430.00   .3432559E-09
 75.0    7440.00   .3406706E-09
 75.0    7450.00   .3392527E-09
 75.0    7460.00   .3374922E-09
 75.0    7470.00   .3343818E-09
 75.0    7480.00   .3264956E-09
 75.0    7490.00   .3113876E-09
 75.0    7500.00   .2988459E-09
 75.0    7510.00   .2895640E-09
 75.0    7520.00   .2681506E-09
 75.0    7530.00   .2528970E-09
 75.0    7540.00   .2384487E-09
 75.0    7550.00   .2293266E-09
 75.0    7560.00   .2133842E-09
 75.0    7570.00   .1887446E-09
 75.0    7580.00   .1830059E-09
 75.0    7590.00   .1794460E-09
 75.0    7600.00   .1755485E-09
 75.0    7610.00   .1389255E-09
 75.0    7620.00   .6930019E-10
 75.0    7630.00   .1099110E-09
 75.0    7640.00   .1313872E-09
 75.0    7650.00   .1128934E-09
 75.0    7660.00   .1343258E-09
 75.0    7670.00   .1570780E-09
 75.0    7680.00   .1866228E-09
 75.0    7690.00   .1961189E-09
 75.0    7700.00   .2038750E-09
 75.0    7710.00   .2139753E-09
 75.0    7720.00   .2141609E-09
 75.0    7730.00   .2074892E-09
 75.0    7740.00   .2182178E-09
 75.0    7750.00   .2135217E-09
 75.0    7760.00   .2041853E-09
 75.0    7770.00   .2084567E-09
 75.0    7780.00   .2062407E-09
 75.0    7790.00   .2044170E-09
 75.0    7800.00   .1916335E-09
 75.0    7810.00   .1894352E-09
 75.0    7820.00   .1885495E-09
 75.0    7830.00   .1733217E-09
 75.0    7840.00   .1712908E-09
 75.0    7850.00   .1698065E-09
 75.0    7860.00   .1617250E-09
 75.0    7870.00   .1494706E-09
 75.0    7880.00   .1458147E-09
 75.0    7890.00   .1378777E-09
 75.0    7900.00   .1287584E-09
 75.0    7910.00   .1233585E-09
 75.0    7920.00   .1212021E-09
 75.0    7930.00   .1120475E-09
 75.0    7940.00   .1039031E-09
 75.0    7950.00   .9749698E-10
 75.0    7960.00   .9641574E-10
 75.0    7970.00   .9346811E-10
 75.0    7980.00   .8511611E-10
 75.0    7990.00   .8107418E-10
 75.0    8000.00   .7817707E-10
 75.0    8010.00   .7884377E-10
 75.0    8020.00   .7263681E-10
 75.0    8030.00   .7081717E-10
 75.0    8040.00   .6858335E-10
 75.0    8050.00   .6830924E-10
 75.0    8060.00   .6752177E-10
 75.0    8070.00   .6842334E-10
 75.0    8080.00   .6561041E-10
 75.0    8090.00   .6025433E-10
 75.0    8100.00   .6371070E-10
 75.0    8110.00   .6063964E-10
 75.0    8120.00   .6185428E-10
 75.0    8130.00   .5906939E-10
 75.0    8140.00   .6203630E-10
 75.0    8150.00   .5772637E-10
 75.0    8160.00   .5580591E-10
 75.0    8170.00   .5923385E-10
 75.0    8180.00   .5312880E-10
 75.0    8190.00   .5104761E-10
 75.0    8200.00   .4893671E-10
 75.0    8210.00   .4360967E-10
 75.0    8220.00   .4006454E-10
 75.0    8230.00   .3517183E-10
 75.0    8240.00   .3040536E-10
 75.0    8250.00   .2227991E-10
 75.0    8260.00   .2161967E-10
 75.0    8270.00   .1912500E-10
 75.0    8280.00   .1945806E-10
 75.0    8290.00   .1986760E-10
 75.0    8300.00   .1577885E-10
 75.0    8310.00   .1646604E-10
 75.0    8320.00   .1942696E-10
 75.0    8330.00   .1849775E-10
 75.0    8340.00   .1970255E-10
 75.0    8350.00   .2386263E-10
 75.0    8360.00   .2174945E-10
 75.0    8370.00   .2504986E-10
 75.0    8380.00   .2919515E-10
 75.0    8390.00   .2934667E-10
 75.0    8400.00   .3008764E-10
 75.0    8410.00   .3259477E-10
 75.0    8420.00   .3435226E-10
 75.0    8430.00   .3929004E-10
 75.0    8440.00   .4309434E-10
 75.0    8450.00   .4665370E-10
 75.0    8460.00   .4940405E-10
 75.0    8470.00   .5418965E-10
 75.0    8480.00   .6358666E-10
 75.0    8490.00   .7164951E-10
 75.0    8500.00   .7893845E-10
 75.0    8510.00   .8464511E-10
 75.0    8520.00   .9071970E-10
 75.0    8530.00   .9866203E-10
 75.0    8540.00   .1099608E-09
 75.0    8550.00   .1264883E-09
 75.0    8560.00   .1366940E-09
 75.0    8570.00   .1350875E-09
 75.0    8580.00   .1323891E-09
 75.0    8590.00   .1312130E-09
 75.0    8600.00   .1349038E-09
 75.0    8610.00   .1377211E-09
 75.0    8620.00   .1477635E-09
 75.0    8630.00   .1494068E-09
 75.0    8640.00   .1454524E-09
 75.0    8650.00   .1415533E-09
 75.0    8660.00   .1368666E-09
 75.0    8670.00   .1347985E-09
 75.0    8680.00   .1473688E-09
 75.0    8690.00   .1578687E-09
 75.0    8700.00   .1534845E-09
 75.0    8710.00   .1478004E-09
 75.0    8720.00   .1479808E-09
 75.0    8730.00   .1502822E-09
 75.0    8740.00   .1561875E-09
 75.0    8750.00   .1744452E-09
 75.0    8760.00   .1771153E-09
 75.0    8770.00   .1639098E-09
 75.0    8780.00   .1567551E-09
 75.0    8790.00   .1716854E-09
 75.0    8800.00   .1854920E-09
 75.0    8810.00   .1836710E-09
 75.0    8820.00   .1792680E-09
 75.0    8830.00   .1703993E-09
 75.0    8840.00   .1568002E-09
 75.0    8850.00   .1572542E-09
 75.0    8860.00   .1621997E-09
 75.0    8870.00   .1752006E-09
 75.0    8880.00   .1728886E-09
 75.0    8890.00   .1567665E-09
 75.0    8900.00   .1439702E-09
 75.0    8910.00   .1426109E-09
 75.0    8920.00   .1483466E-09
 75.0    8930.00   .1499545E-09
 75.0    8940.00   .1447123E-09
 75.0    8950.00   .1457987E-09
 75.0    8960.00   .1408930E-09
 75.0    8970.00   .1350305E-09
 75.0    8980.00   .1304617E-09
 75.0    8990.00   .1295537E-09
 75.0    9000.00   .1344750E-09
 75.0    9010.00   .1235428E-09
 75.0    9020.00   .1199192E-09
 75.0    9030.00   .1232672E-09
 75.0    9040.00   .1203421E-09
 75.0    9050.00   .1172606E-09
 75.0    9060.00   .1211224E-09
 75.0    9070.00   .1209530E-09
 75.0    9080.00   .1160035E-09
 75.0    9090.00   .1146874E-09
 75.0    9100.00   .1143064E-09
 75.0    9110.00   .1148678E-09
 75.0    9120.00   .1199503E-09
 75.0    9130.00   .1223587E-09
 75.0    9140.00   .1210108E-09
 75.0    9150.00   .1148954E-09
 75.0    9160.00   .1131921E-09
 75.0    9170.00   .1132120E-09
 75.0    9180.00   .1078862E-09
 75.0    9190.00   .1093142E-09
 75.0    9200.00   .1079670E-09
 75.0    9210.00   .1094642E-09
 75.0    9220.00   .1134961E-09
 75.0    9230.00   .1167047E-09
 75.0    9240.00   .1248283E-09
 75.0    9250.00   .1252626E-09
 75.0    9260.00   .1107971E-09
 75.0    9270.00   .1068951E-09
 75.0    9280.00   .1030345E-09
 75.0    9290.00   .1014190E-09
 75.0    9300.00   .1071941E-09
 75.0    9310.00   .1129892E-09
 75.0    9320.00   .1077429E-09
 75.0    9330.00   .9849412E-10
 75.0    9340.00   .8458360E-10
 75.0    9350.00   .8660425E-10
 75.0    9360.00   .8908127E-10
 75.0    9370.00   .9365270E-10
 75.0    9380.00   .9328406E-10
 75.0    9390.00   .1277146E-09
 75.0    9400.00   .1153571E-09
 75.0    9410.00   .8195055E-10
 75.0    9420.00   .8895138E-10
 75.0    9430.00   .8632818E-10
 75.0    9440.00   .8735381E-10
 75.0    9450.00   .9762771E-10
 75.0    9460.00   .1011983E-09
 75.0    9470.00   .1080711E-09
 75.0    9480.00   .1063144E-09
 75.0    9490.00   .1061295E-09
 75.0    9500.00   .1045970E-09
 75.0    9510.00   .1073953E-09
 75.0    9520.00   .9727824E-10
 75.0    9530.00   .1104065E-09
 75.0    9540.00   .1360216E-09
 75.0    9550.00   .1243171E-09
 75.0    9560.00   .1185942E-09
 75.0    9570.00   .1196811E-09
 75.0    9580.00   .1079717E-09
 75.0    9590.00   .1064139E-09
 75.0    9600.00   .1137925E-09
 75.0    9610.00   .1124230E-09
 75.0    9620.00   .1105356E-09
 75.0    9630.00   .1021981E-09
 75.0    9640.00   .9430104E-10
 75.0    9650.00   .9580055E-10
 75.0    9660.00   .9478992E-10
 75.0    9670.00   .9506749E-10
 75.0    9680.00   .8893706E-10
 75.0    9690.00   .8301545E-10
 75.0    9700.00   .8904708E-10
 75.0    9710.00   .9317078E-10
 75.0    9720.00   .9578047E-10
 75.0    9730.00   .8922874E-10
 75.0    9740.00   .8713040E-10
 75.0    9750.00   .9355162E-10
 75.0    9760.00   .8755391E-10
 75.0    9770.00   .9390103E-10
 75.0    9780.00   .9964538E-10
 75.0    9790.00   .9510680E-10
 75.0    9800.00   .1074035E-09
 75.0    9810.00   .1078865E-09
 75.0    9820.00   .9783702E-10
 75.0    9830.00   .1026609E-09
 75.0    9840.00   .1097270E-09
 75.0    9850.00   .1203826E-09
 75.0    9860.00   .1219350E-09
 75.0    9870.00   .1220093E-09
 75.0    9880.00   .1443281E-09
 75.0    9890.00   .1417446E-09
 75.0    9900.00   .1298401E-09
 75.0    9910.00   .1290841E-09
 75.0    9920.00   .1379564E-09
 75.0    9930.00   .1428982E-09
 75.0    9940.00   .1422158E-09
 75.0    9950.00   .1380511E-09
 75.0    9960.00   .1421768E-09
 75.0    9970.00   .1598989E-09
 75.0    9980.00   .1433153E-09
 75.0    9990.00   .1420151E-09
 75.0   10000.00   .1460923E-09
 75.0   10010.00   .1451447E-09
 75.0   10020.00   .1441959E-09
 75.0   10030.00   .1432450E-09
 75.0   10040.00   .1422925E-09
 75.0   10050.00   .1413387E-09
 75.0   10060.00   .1403830E-09
 75.0   10070.00   .1394259E-09
 75.0   10080.00   .1384672E-09
 75.0   10090.00   .1375067E-09
 75.0   10100.00   .1365448E-09
 75.0   10110.00   .1355813E-09
 75.0   10120.00   .1346163E-09
 75.0   10130.00   .1336498E-09
 75.0   10140.00   .1326817E-09
 75.0   10150.00   .1317122E-09
 75.0   10160.00   .1307412E-09
 75.0   10170.00   .1297685E-09
 75.0   10180.00   .1287944E-09
 75.0   10190.00   .1278190E-09
 75.0   10200.00   .1268419E-09
 75.0   10210.00   .1258635E-09
 75.0   10220.00   .1248837E-09
 75.0   10230.00   .1239025E-09
 75.0   10240.00   .1229197E-09
 75.0   10250.00   .1219357E-09
 75.0   10260.00   .1209502E-09
 75.0   10270.00   .1199632E-09
 75.0   10280.00   .1189752E-09
 75.0   10290.00   .1179855E-09
 75.0   10300.00   .1169947E-09
 75.0   10310.00   .1160024E-09
 75.0   10320.00   .1150088E-09
 75.0   10330.00   .1140141E-09
 75.0   10340.00   .1130177E-09
 75.0   10350.00   .1120203E-09
 75.0   10360.00   .1110216E-09
 75.0   10370.00   .1100216E-09
 75.0   10380.00   .1090203E-09
 75.0   10390.00   .1080178E-09
 75.0   10400.00   .1070141E-09
 75.0   10410.00   .1060091E-09
 75.0   10420.00   .1050029E-09
 75.0   10430.00   .1039957E-09
 75.0   10440.00   .1029871E-09
 75.0   10450.00   .1019774E-09
 75.0   10460.00   .1009665E-09
 75.0   10470.00   .9995455E-10
 75.0   10480.00   .9894142E-10
 75.0   10490.00   .9792721E-10
 75.0   10500.00   .9691198E-10
 75.0   10510.00   .9589564E-10
 75.0   10520.00   .9487809E-10
 75.0   10530.00   .9385972E-10
 75.0   10540.00   .9284017E-10
 75.0   10550.00   .9181954E-10
 75.0   10560.00   .9079803E-10
 75.0   10570.00   .8977548E-10
 75.0   10580.00   .8875198E-10
 75.0   10590.00   .8772738E-10
 75.0   10600.00   .8670197E-10
 75.0   10610.00   .8567549E-10
 75.0   10620.00   .8464814E-10
 75.0   10630.00   .8362007E-10
 75.0   10640.00   .8259089E-10
 75.0   10650.00   .8156086E-10
 75.0   10660.00   .8052994E-10
 75.0   10670.00   .7949819E-10
 75.0   10680.00   .7846563E-10
 75.0   10690.00   .7743212E-10
 75.0   10700.00   .7639782E-10
 75.0   10710.00   .7536271E-10
 75.0   10720.00   .7432682E-10
 75.0   10730.00   .7329020E-10
 75.0   10740.00   .7225263E-10
 75.0   10750.00   .7121441E-10
 75.0   10760.00   .7017543E-10
 75.0   10770.00   .6913563E-10
 75.0   10780.00   .6809515E-10
 75.0   10790.00   .6705392E-10
 75.0   10800.00   .6601203E-10
 75.0   10810.00   .6496933E-10
 75.0   10820.00   .6392598E-10
 75.0   10830.00   .6288198E-10
 75.0   10840.00   .6183722E-10
 75.0   10850.00   .6079185E-10
 75.0   10860.00   .5974580E-10
 75.0   10870.00   .5869912E-10
 75.0   10880.00   .5765184E-10
 75.0   10890.00   .5660387E-10
 75.0   10900.00   .5555527E-10
 75.0   10910.00   .5450609E-10
 75.0   10920.00   .5345633E-10
 75.0   10930.00   .5240593E-10
 75.0   10940.00   .5135492E-10
 75.0   10950.00   .5030339E-10
 75.0   10960.00   .4925128E-10
 75.0   10970.00   .4819859E-10
 75.0   10980.00   .4714536E-10
 75.0   10990.00   .4609153E-10
 75.0   11000.00   .4503724E-10
 75.0   11010.00   .4398233E-10
 75.0   11020.00   .4292698E-10
 75.0   11030.00   .4187106E-10
 75.0   11040.00   .4081467E-10
 75.0   11050.00   .3975777E-10
 75.0   11060.00   .3870035E-10
 75.0   11070.00   .3764239E-10
 75.0   11080.00   .3658402E-10
 75.0   11090.00   .3552514E-10
 75.0   11100.00   .3446578E-10
 75.0   11110.00   .3340597E-10
 75.0   11120.00   .3234571E-10
 75.0   11130.00   .3128500E-10
 75.0   11140.00   .3022381E-10
 75.0   11150.00   .2916218E-10
 75.0   11160.00   .2810011E-10
 75.0   11170.00   .2703761E-10
 75.0   11180.00   .2597466E-10
 75.0   11190.00   .2491131E-10
 75.0   11200.00   .2384753E-10
 75.0   11210.00   .2278333E-10
 75.0   11220.00   .2171869E-10
 75.0   11230.00   .2065370E-10
 75.0   11240.00   .1958826E-10
 75.0   11250.00   .1852242E-10
 75.0   11260.00   .1745619E-10
 75.0   11270.00   .1638958E-10
 75.0   11280.00   .1532255E-10
 75.0   11290.00   .1425515E-10
 75.0   11300.00   .1318735E-10
 75.0   11310.00   .1318966E-10
 75.0   11320.00   .1319195E-10
 75.0   11330.00   .1319424E-10
 75.0   11340.00   .1319651E-10
 75.0   11350.00   .1319878E-10
 75.0   11360.00   .1320106E-10
 75.0   11370.00   .1320333E-10
 75.0   11380.00   .1320558E-10
 75.0   11390.00   .1320785E-10
 75.0   11400.00   .1321008E-10
 75.0   11410.00   .1321234E-10
 75.0   11420.00   .1321457E-10
 75.0   11430.00   .1321681E-10
 75.0   11440.00   .1321903E-10
 75.0   11450.00   .1322128E-10
 75.0   11460.00   .1322351E-10
 75.0   11470.00   .1322572E-10
 75.0   11480.00   .1322797E-10
 75.0   11490.00   .1323019E-10
 75.0   11500.00   .1323244E-10
 75.0   11510.00   .1323466E-10
 75.0   11520.00   .1323690E-10
 75.0   11530.00   .1323913E-10
 75.0   11540.00   .1324138E-10
 75.0   11550.00   .1324362E-10
 75.0   11560.00   .1324586E-10
 75.0   11570.00   .1324812E-10
 75.0   11580.00   .1325037E-10
 75.0   11590.00   .1325263E-10
 75.0   11600.00   .1325488E-10
 75.0   11610.00   .1325716E-10
 75.0   11620.00   .1325943E-10
 75.0   11630.00   .1326173E-10
 75.0   11640.00   .1326402E-10
 75.0   11650.00   .1326631E-10
 75.0   11660.00   .1326863E-10
 75.0   11670.00   .1327094E-10
 75.0   11680.00   .1327328E-10
 75.0   11690.00   .1327562E-10
 75.0   11700.00   .1327798E-10
 75.0   11710.00   .1328033E-10
 75.0   11720.00   .1328270E-10
 75.0   11730.00   .1328508E-10
 75.0   11740.00   .1328746E-10
 75.0   11750.00   .1328989E-10
 75.0   11760.00   .1329230E-10
 75.0   11770.00   .1329474E-10
 75.0   11780.00   .1329719E-10
 75.0   11790.00   .1329966E-10
 75.0   11800.00   .1330213E-10
 75.0   11810.00   .1330463E-10
 75.0   11820.00   .1330714E-10
 75.0   11830.00   .1330969E-10
 75.0   11840.00   .1331223E-10
 75.0   11850.00   .1331479E-10
 75.0   11860.00   .1331737E-10
 75.0   11870.00   .1331999E-10
 75.0   11880.00   .1332262E-10
 75.0   11890.00   .1332527E-10
 75.0   11900.00   .1332793E-10
 75.0   11910.00   .1333063E-10
 75.0   11920.00   .1333332E-10
 75.0   11930.00   .1333608E-10
 75.0   11940.00   .1333883E-10
 75.0   11950.00   .1334160E-10
 75.0   11960.00   .1334440E-10
 75.0   11970.00   .1334723E-10
 75.0   11980.00   .1335009E-10
 75.0   11990.00   .1335294E-10
 75.0   12000.00   .1335585E-10
 75.0   12010.00   .1335878E-10
 75.0   12020.00   .1336173E-10
 75.0   12030.00   .1336472E-10
 75.0   12040.00   .1336774E-10
 75.0   12050.00   .1337077E-10
 75.0   12060.00   .1337384E-10
 75.0   12070.00   .1337694E-10
 75.0   12080.00   .1338007E-10
 75.0   12090.00   .1338323E-10
 75.0   12100.00   .1338642E-10
 75.0   12110.00   .1338964E-10
 75.0   12120.00   .1339289E-10
 75.0   12130.00   .1339618E-10
 75.0   12140.00   .1339951E-10
 75.0   12150.00   .1340286E-10
 75.0   12160.00   .1340624E-10
 75.0   12170.00   .1340966E-10
 75.0   12180.00   .1341312E-10
 75.0   12190.00   .1341663E-10
 75.0   12200.00   .1342015E-10
 75.0   12210.00   .1342372E-10
 75.0   12220.00   .1342732E-10
 75.0   12230.00   .1343097E-10
 75.0   12240.00   .1343466E-10
 75.0   12250.00   .1343838E-10
 75.0   12260.00   .1344214E-10
 75.0   12270.00   .1344593E-10
 75.0   12280.00   .1344978E-10
 75.0   12290.00   .1345365E-10
 75.0   12300.00   .1345757E-10
 75.0   12310.00   .1346155E-10
 75.0   12320.00   .1346554E-10
 75.0   12330.00   .1346960E-10
 75.0   12340.00   .1347370E-10
 75.0   12350.00   .1347783E-10
 75.0   12360.00   .1348202E-10
 75.0   12370.00   .1348625E-10
 75.0   12380.00   .1349052E-10
 75.0   12390.00   .1349486E-10
 75.0   12400.00   .1349922E-10
 75.0   12410.00   .1350364E-10
 75.0   12420.00   .1350810E-10
 75.0   12430.00   .1351262E-10
 75.0   12440.00   .1351720E-10
 75.0   12450.00   .1352180E-10
 75.0   12460.00   .1352646E-10
 75.0   12470.00   .1353117E-10
 75.0   12480.00   .1353594E-10
 75.0   12490.00   .1354076E-10
 75.0   12500.00   .1354561E-10
 75.0   12510.00   .1355123E-10
 75.0   12520.00   .1355690E-10
 75.0   12530.00   .1356262E-10
 75.0   12540.00   .1356839E-10
 75.0   12550.00   .1357421E-10
 75.0   12560.00   .1358011E-10
 75.0   12570.00   .1358604E-10
 75.0   12580.00   .1359205E-10
 75.0   12590.00   .1359811E-10
 75.0   12600.00   .1360421E-10
 75.0   12610.00   .1361037E-10
 75.0   12620.00   .1361659E-10
 75.0   12630.00   .1362287E-10
 75.0   12640.00   .1362923E-10
 75.0   12650.00   .1363562E-10
 75.0   12660.00   .1364209E-10
 75.0   12670.00   .1364862E-10
 75.0   12680.00   .1365521E-10
 75.0   12690.00   .1366185E-10
 75.0   12700.00   .1366855E-10
 75.0   12710.00   .1367534E-10
 75.0   12720.00   .1368217E-10
 75.0   12730.00   .1368908E-10
 75.0   12740.00   .1369605E-10
 75.0   12750.00   .1370308E-10
 75.0   12760.00   .1371019E-10
 75.0   12770.00   .1371736E-10
 75.0   12780.00   .1372459E-10
 75.0   12790.00   .1373191E-10
 75.0   12800.00   .1373927E-10
 75.0   12810.00   .1374672E-10
 75.0   12820.00   .1375422E-10
 75.0   12830.00   .1376181E-10
 75.0   12840.00   .1376948E-10
 75.0   12850.00   .1377720E-10
 75.0   12860.00   .1378499E-10
 75.0   12870.00   .1379286E-10
 75.0   12880.00   .1380080E-10
 75.0   12890.00   .1380881E-10
 75.0   12900.00   .1381689E-10
 75.0   12910.00   .1382504E-10
 75.0   12920.00   .1383327E-10
 75.0   12930.00   .1384156E-10
 75.0   12940.00   .1384992E-10
 75.0   12950.00   .1385834E-10
 75.0   12960.00   .1386684E-10
 75.0   12970.00   .1387541E-10
 75.0   12980.00   .1388404E-10
 75.0   12990.00   .1389276E-10
 75.0   13000.00   .1390152E-10
 75.0   13010.00   .1391036E-10
 75.0   13020.00   .1391926E-10
 75.0   13030.00   .1392823E-10
 75.0   13040.00   .1393727E-10
 75.0   13050.00   .1394637E-10
 75.0   13060.00   .1395554E-10
 75.0   13070.00   .1396477E-10
 75.0   13080.00   .1397407E-10
 75.0   13090.00   .1398344E-10
 75.0   13100.00   .1399286E-10
 75.0   13110.00   .1400234E-10
 75.0   13120.00   .1401191E-10
 75.0   13130.00   .1402151E-10
 75.0   13140.00   .1403120E-10
 75.0   13150.00   .1404095E-10
 75.0   13160.00   .1405075E-10
 75.0   13170.00   .1406063E-10
 75.0   13180.00   .1407055E-10
 75.0   13190.00   .1408054E-10
 75.0   13200.00   .1409060E-10
 75.0   13210.00   .1410071E-10
 75.0   13220.00   .1411088E-10
 75.0   13230.00   .1412110E-10
 75.0   13240.00   .1413140E-10
 75.0   13250.00   .1414175E-10
 75.0   13260.00   .1415216E-10
 75.0   13270.00   .1416264E-10
 75.0   13280.00   .1417317E-10
 75.0   13290.00   .1418374E-10
 75.0   13300.00   .1419439E-10
 75.0   13310.00   .1420509E-10
 75.0   13320.00   .1421587E-10
 75.0   13330.00   .1422667E-10
 75.0   13340.00   .1423756E-10
 75.0   13350.00   .1424846E-10
 75.0   13360.00   .1425946E-10
 75.0   13370.00   .1427048E-10
 75.0   13380.00   .1428158E-10
 75.0   13390.00   .1429273E-10
 75.0   13400.00   .1430393E-10
 75.0   13410.00   .1431519E-10
 75.0   13420.00   .1432650E-10
 75.0   13430.00   .1433786E-10
 75.0   13440.00   .1434928E-10
 75.0   13450.00   .1436073E-10
 75.0   13460.00   .1437226E-10
 75.0   13470.00   .1438384E-10
 75.0   13480.00   .1439547E-10
 75.0   13490.00   .1440713E-10
 75.0   13500.00   .1441887E-10
 75.0   13510.00   .1443064E-10
 75.0   13520.00   .1444245E-10
 75.0   13530.00   .1445433E-10
 75.0   13540.00   .1446626E-10
 75.0   13550.00   .1447825E-10
 75.0   13560.00   .1449026E-10
 75.0   13570.00   .1450232E-10
 75.0   13580.00   .1451445E-10
 75.0   13590.00   .1452662E-10
 75.0   13600.00   .1453882E-10
 75.0   13610.00   .1455108E-10
 75.0   13620.00   .1456339E-10
 75.0   13630.00   .1457575E-10
 75.0   13640.00   .1458814E-10
 75.0   13650.00   .1460058E-10
 75.0   13660.00   .1461307E-10
 75.0   13670.00   .1462560E-10
 75.0   13680.00   .1463817E-10
 75.0   13690.00   .1465078E-10
 75.0   13700.00   .1466345E-10
 75.0   13710.00   .1468131E-10
 75.0   13720.00   .1469921E-10
 75.0   13730.00   .1471718E-10
 75.0   13740.00   .1473519E-10
 75.0   13750.00   .1475324E-10
 75.0   13760.00   .1477136E-10
 75.0   13770.00   .1478951E-10
 75.0   13780.00   .1480772E-10
 75.0   13790.00   .1482597E-10
 75.0   13800.00   .1484428E-10
 75.0   13810.00   .1486263E-10
 75.0   13820.00   .1488104E-10
 75.0   13830.00   .1489948E-10
 75.0   13840.00   .1491798E-10
 75.0   13850.00   .1493652E-10
 75.0   13860.00   .1495512E-10
 75.0   13870.00   .1497375E-10
 75.0   13880.00   .1499243E-10
 75.0   13890.00   .1501116E-10
 75.0   13900.00   .1502994E-10
 75.0   13910.00   .1504876E-10
 75.0   13920.00   .1506761E-10
 75.0   13930.00   .1508653E-10
 75.0   13940.00   .1510547E-10
 75.0   13950.00   .1512447E-10
 75.0   13960.00   .1514352E-10
 75.0   13970.00   .1516258E-10
 75.0   13980.00   .1518171E-10
 75.0   13990.00   .1520088E-10
 75.0   14000.00   .1522009E-10
 75.0   14010.00   .1523932E-10
 75.0   14020.00   .1525862E-10
 75.0   14030.00   .1527793E-10
 75.0   14040.00   .1529731E-10
 75.0   14050.00   .1531670E-10
 75.0   14060.00   .1533615E-10
 75.0   14070.00   .1535564E-10
 75.0   14080.00   .1537518E-10
 75.0   14090.00   .1539472E-10
 75.0   14100.00   .1541431E-10
 75.0   14110.00   .1543396E-10
 75.0   14120.00   .1545364E-10
 75.0   14130.00   .1547334E-10
 75.0   14140.00   .1549308E-10
 75.0   14150.00   .1551286E-10
 75.0   14160.00   .1553267E-10
 75.0   14170.00   .1555253E-10
 75.0   14180.00   .1557241E-10
 75.0   14190.00   .1559233E-10
 75.0   14200.00   .1561228E-10
 75.0   14210.00   .1563225E-10
 75.0   14220.00   .1565227E-10
 75.0   14230.00   .1567232E-10
 75.0   14240.00   .1569239E-10
 75.0   14250.00   .1571250E-10
 75.0   14260.00   .1573265E-10
 75.0   14270.00   .1575282E-10
 75.0   14280.00   .1577302E-10
 75.0   14290.00   .1579325E-10
 75.0   14300.00   .1581351E-10
 75.0   14310.00   .1583380E-10
 75.0   14320.00   .1585411E-10
 75.0   14330.00   .1587445E-10
 75.0   14340.00   .1589483E-10
 75.0   14350.00   .1591523E-10
 75.0   14360.00   .1593566E-10
 75.0   14370.00   .1595610E-10
 75.0   14380.00   .1597657E-10
 75.0   14390.00   .1599708E-10
 75.0   14400.00   .1601758E-10
 75.0   14410.00   .1603814E-10
 75.0   14420.00   .1605871E-10
 75.0   14430.00   .1607931E-10
 75.0   14440.00   .1609992E-10
 75.0   14450.00   .1612057E-10
 75.0   14460.00   .1614122E-10
 75.0   14470.00   .1616190E-10
 75.0   14480.00   .1618260E-10
 75.0   14490.00   .1620335E-10
 75.0   14500.00   .1622408E-10
 75.0   14510.00   .1624483E-10
 75.0   14520.00   .1626561E-10
 75.0   14530.00   .1628641E-10
 75.0   14540.00   .1630724E-10
 75.0   14550.00   .1632806E-10
 75.0   14560.00   .1634892E-10
 75.0   14570.00   .1636979E-10
 75.0   14580.00   .1639066E-10
 75.0   14590.00   .1641157E-10
 75.0   14600.00   .1643248E-10
 75.0   14610.00   .1645341E-10
 75.0   14620.00   .1647435E-10
 75.0   14630.00   .1649530E-10
 75.0   14640.00   .1651627E-10
 75.0   14650.00   .1653724E-10
 75.0   14660.00   .1655823E-10
 75.0   14670.00   .1657924E-10
 75.0   14680.00   .1660025E-10
 75.0   14690.00   .1662128E-10
 75.0   14700.00   .1664232E-10
 75.0   14710.00   .1666337E-10
 75.0   14720.00   .1668440E-10
 75.0   14730.00   .1670546E-10
 75.0   14740.00   .1672653E-10
 75.0   14750.00   .1674760E-10
 75.0   14760.00   .1676868E-10
 75.0   14770.00   .1678976E-10
 75.0   14780.00   .1681086E-10
 75.0   14790.00   .1683195E-10
 75.0   14800.00   .1685307E-10
 75.0   14810.00   .1687416E-10
 75.0   14820.00   .1689527E-10
 75.0   14830.00   .1691636E-10
 75.0   14840.00   .1693749E-10
 75.0   14850.00   .1695861E-10
 75.0   14860.00   .1697972E-10
 75.0   14870.00   .1700084E-10
 75.0   14880.00   .1702195E-10
 75.0   14890.00   .1704308E-10
 75.0   14900.00   .1706420E-10
 75.0   14910.00   .1708532E-10
 75.0   14920.00   .1710644E-10
 75.0   14930.00   .1712757E-10
 75.0   14940.00   .1714870E-10
 75.0   14950.00   .1716982E-10
 75.0   14960.00   .1719095E-10
 75.0   14970.00   .1721205E-10
 75.0   14980.00   .1723318E-10
 75.0   14990.00   .1725430E-10
 75.0   15000.00   .1727542E-10
 75.0   15010.00   .1729074E-10
 75.0   15020.00   .1730605E-10
 75.0   15030.00   .1732134E-10
 75.0   15040.00   .1733662E-10
 75.0   15050.00   .1735190E-10
 75.0   15060.00   .1736716E-10
 75.0   15070.00   .1738239E-10
 75.0   15080.00   .1739761E-10
 75.0   15090.00   .1741285E-10
 75.0   15100.00   .1742804E-10
 75.0   15110.00   .1744321E-10
 75.0   15120.00   .1745838E-10
 75.0   15130.00   .1747356E-10
 75.0   15140.00   .1748870E-10
 75.0   15150.00   .1750382E-10
 75.0   15160.00   .1751894E-10
 75.0   15170.00   .1753405E-10
 75.0   15180.00   .1754911E-10
 75.0   15190.00   .1756421E-10
 75.0   15200.00   .1757925E-10
 75.0   15210.00   .1759429E-10
 75.0   15220.00   .1760931E-10
 75.0   15230.00   .1762431E-10
 75.0   15240.00   .1763929E-10
 75.0   15250.00   .1765426E-10
 75.0   15260.00   .1766920E-10
 75.0   15270.00   .1768415E-10
 75.0   15280.00   .1769906E-10
 75.0   15290.00   .1771396E-10
 75.0   15300.00   .1772883E-10
 75.0   15310.00   .1774369E-10
 75.0   15320.00   .1775854E-10
 75.0   15330.00   .1777335E-10
 75.0   15340.00   .1778817E-10
 75.0   15350.00   .1780295E-10
 75.0   15360.00   .1781772E-10
 75.0   15370.00   .1783247E-10
 75.0   15380.00   .1784718E-10
 75.0   15390.00   .1786187E-10
 75.0   15400.00   .1787656E-10
 75.0   15410.00   .1789123E-10
 75.0   15420.00   .1790586E-10
 75.0   15430.00   .1792049E-10
 75.0   15440.00   .1793509E-10
 75.0   15450.00   .1794966E-10
 75.0   15460.00   .1796422E-10
 75.0   15470.00   .1797875E-10
 75.0   15480.00   .1799325E-10
 75.0   15490.00   .1800774E-10
 75.0   15500.00   .1802221E-10
 75.0   15510.00   .1803664E-10
 75.0   15520.00   .1805106E-10
 75.0   15530.00   .1806545E-10
 75.0   15540.00   .1807982E-10
 75.0   15550.00   .1809416E-10
 75.0   15560.00   .1810849E-10
 75.0   15570.00   .1812278E-10
 75.0   15580.00   .1813705E-10
 75.0   15590.00   .1815130E-10
 75.0   15600.00   .1816553E-10
 75.0   15610.00   .1817969E-10
 75.0   15620.00   .1819385E-10
 75.0   15630.00   .1820801E-10
 75.0   15640.00   .1822212E-10
 75.0   15650.00   .1823622E-10
 75.0   15660.00   .1825027E-10
 75.0   15670.00   .1826430E-10
 75.0   15680.00   .1827830E-10
 75.0   15690.00   .1829228E-10
 75.0   15700.00   .1830624E-10
 75.0   15710.00   .1832015E-10
 75.0   15720.00   .1833405E-10
 75.0   15730.00   .1834790E-10
 75.0   15740.00   .1836174E-10
 75.0   15750.00   .1837554E-10
 75.0   15760.00   .1838931E-10
 75.0   15770.00   .1840307E-10
 75.0   15780.00   .1841678E-10
 75.0   15790.00   .1843045E-10
 75.0   15800.00   .1844411E-10
 75.0   15810.00   .1845773E-10
 75.0   15820.00   .1847135E-10
 75.0   15830.00   .1848488E-10
 75.0   15840.00   .1849841E-10
 75.0   15850.00   .1851192E-10
 75.0   15860.00   .1852537E-10
 75.0   15870.00   .1853882E-10
 75.0   15880.00   .1855222E-10
 75.0   15890.00   .1856559E-10
 75.0   15900.00   .1857892E-10
 75.0   15910.00   .1859220E-10
 75.0   15920.00   .1860547E-10
 75.0   15930.00   .1861870E-10
 75.0   15940.00   .1863191E-10
 75.0   15950.00   .1864507E-10
 75.0   15960.00   .1865819E-10
 75.0   15970.00   .1867129E-10
 75.0   15980.00   .1868434E-10
 75.0   15990.00   .1869737E-10
 75.0   16000.00   .1871036E-10
 75.0   16010.00   .1872330E-10
 75.0   16020.00   .1873623E-10
 75.0   16030.00   .1874910E-10
 75.0   16040.00   .1876193E-10
 75.0   16050.00   .1877473E-10
 75.0   16060.00   .1878749E-10
 75.0   16070.00   .1880024E-10
 75.0   16080.00   .1881293E-10
 75.0   16090.00   .1882557E-10
 75.0   16100.00   .1883819E-10
 75.0   16110.00   .1885076E-10
 75.0   16120.00   .1886328E-10
 75.0   16130.00   .1887579E-10
 75.0   16140.00   .1888824E-10
 75.0   16150.00   .1890066E-10
 75.0   16160.00   .1891303E-10
 75.0   16170.00   .1892537E-10
 75.0   16180.00   .1893766E-10
 75.0   16190.00   .1894992E-10
 75.0   16200.00   .1896212E-10
 75.0   16210.00   .1897430E-10
 75.0   16220.00   .1898643E-10
 75.0   16230.00   .1899852E-10
 75.0   16240.00   .1901057E-10
 75.0   16250.00   .1902258E-10
 75.0   16260.00   .1902715E-10
 75.0   16270.00   .1903169E-10
 75.0   16280.00   .1903620E-10
 75.0   16290.00   .1904065E-10
 75.0   16300.00   .1904508E-10
 75.0   16310.00   .1904947E-10
 75.0   16320.00   .1905380E-10
 75.0   16330.00   .1905810E-10
 75.0   16340.00   .1906238E-10
 75.0   16350.00   .1906661E-10
 75.0   16360.00   .1907079E-10
 75.0   16370.00   .1907494E-10
 75.0   16380.00   .1907905E-10
 75.0   16390.00   .1908312E-10
 75.0   16400.00   .1908715E-10
 75.0   16410.00   .1909113E-10
 75.0   16420.00   .1909508E-10
 75.0   16430.00   .1909900E-10
 75.0   16440.00   .1910284E-10
 75.0   16450.00   .1910667E-10
 75.0   16460.00   .1911044E-10
 75.0   16470.00   .1911418E-10
 75.0   16480.00   .1911786E-10
 75.0   16490.00   .1912152E-10
 75.0   16500.00   .1912511E-10
 75.0   16510.00   .1912868E-10
 75.0   16520.00   .1913220E-10
 75.0   16530.00   .1913567E-10
 75.0   16540.00   .1913912E-10
 75.0   16550.00   .1914250E-10
 75.0   16560.00   .1914584E-10
 75.0   16570.00   .1914914E-10
 75.0   16580.00   .1915240E-10
 75.0   16590.00   .1915561E-10
 75.0   16600.00   .1915877E-10
 75.0   16610.00   .1916189E-10
 75.0   16620.00   .1916496E-10
 75.0   16630.00   .1916798E-10
 75.0   16640.00   .1917097E-10
 75.0   16650.00   .1917390E-10
 75.0   16660.00   .1917677E-10
 75.0   16670.00   .1917962E-10
 75.0   16680.00   .1918240E-10
 75.0   16690.00   .1918515E-10
 75.0   16700.00   .1918785E-10
 75.0   16710.00   .1919049E-10
 75.0   16720.00   .1919310E-10
 75.0   16730.00   .1919565E-10
 75.0   16740.00   .1919813E-10
 75.0   16750.00   .1920059E-10
 75.0   16760.00   .1920300E-10
 75.0   16770.00   .1920536E-10
 75.0   16780.00   .1920766E-10
 75.0   16790.00   .1920992E-10
 75.0   16800.00   .1921212E-10
 75.0   16810.00   .1921427E-10
 75.0   16820.00   .1921638E-10
 75.0   16830.00   .1921843E-10
 75.0   16840.00   .1922044E-10
 75.0   16850.00   .1922240E-10
 75.0   16860.00   .1922429E-10
 75.0   16870.00   .1922617E-10
 75.0   16880.00   .1922796E-10
 75.0   16890.00   .1922974E-10
 75.0   16900.00   .1923144E-10
 75.0   16910.00   .1923311E-10
 75.0   16920.00   .1923472E-10
 75.0   16930.00   .1923628E-10
 75.0   16940.00   .1923781E-10
 75.0   16950.00   .1923927E-10
 75.0   16960.00   .1924070E-10
 75.0   16970.00   .1924209E-10
 75.0   16980.00   .1924342E-10
 75.0   16990.00   .1924472E-10
 75.0   17000.00   .1924593E-10
 75.0   17010.00   .1924713E-10
 75.0   17020.00   .1924828E-10
 75.0   17030.00   .1924937E-10
 75.0   17040.00   .1925045E-10
 75.0   17050.00   .1925146E-10
 75.0   17060.00   .1925242E-10
 75.0   17070.00   .1925334E-10
 75.0   17080.00   .1925422E-10
 75.0   17090.00   .1925506E-10
 75.0   17100.00   .1925585E-10
 75.0   17110.00   .1925660E-10
 75.0   17120.00   .1925730E-10
 75.0   17130.00   .1925797E-10
 75.0   17140.00   .1925857E-10
 75.0   17150.00   .1925916E-10
 75.0   17160.00   .1925968E-10
 75.0   17170.00   .1926018E-10
 75.0   17180.00   .1926061E-10
 75.0   17190.00   .1926103E-10
 75.0   17200.00   .1926138E-10
 75.0   17210.00   .1926171E-10
 75.0   17220.00   .1926199E-10
 75.0   17230.00   .1926226E-10
 75.0   17240.00   .1926244E-10
 75.0   17250.00   .1926260E-10
 75.0   17260.00   .1926271E-10
 75.0   17270.00   .1926278E-10
 75.0   17280.00   .1926281E-10
 75.0   17290.00   .1926281E-10
 75.0   17300.00   .1926277E-10
 75.0   17310.00   .1926270E-10
 75.0   17320.00   .1926258E-10
 75.0   17330.00   .1926244E-10
 75.0   17340.00   .1926224E-10
 75.0   17350.00   .1926201E-10
 75.0   17360.00   .1926173E-10
 75.0   17370.00   .1926141E-10
 75.0   17380.00   .1926108E-10
 75.0   17390.00   .1926068E-10
 75.0   17400.00   .1926026E-10
 75.0   17410.00   .1925981E-10
 75.0   17420.00   .1925931E-10
 75.0   17430.00   .1925878E-10
 75.0   17440.00   .1925821E-10
 75.0   17450.00   .1925762E-10
 75.0   17460.00   .1925698E-10
 75.0   17470.00   .1925629E-10
 75.0   17480.00   .1925557E-10
 75.0   17490.00   .1925485E-10
 75.0   17500.00   .1925404E-10
 75.0   17510.00   .1925325E-10
 75.0   17520.00   .1925239E-10
 75.0   17530.00   .1925152E-10
 75.0   17540.00   .1925061E-10
 75.0   17550.00   .1924963E-10
 75.0   17560.00   .1924867E-10
 75.0   17570.00   .1924764E-10
 75.0   17580.00   .1924659E-10
 75.0   17590.00   .1924549E-10
 75.0   17600.00   .1924436E-10
 75.0   17610.00   .1924324E-10
 75.0   17620.00   .1924206E-10
 75.0   17630.00   .1924085E-10
 75.0   17640.00   .1923960E-10
 75.0   17650.00   .1923832E-10
 75.0   17660.00   .1923703E-10
 75.0   17670.00   .1923568E-10
 75.0   17680.00   .1923432E-10
 75.0   17690.00   .1923291E-10
 75.0   17700.00   .1923150E-10
 75.0   17710.00   .1923003E-10
 75.0   17720.00   .1922853E-10
 75.0   17730.00   .1922703E-10
 75.0   17740.00   .1922548E-10
 75.0   17750.00   .1922390E-10
 75.0   17760.00   .1922229E-10
 75.0   17770.00   .1922065E-10
 75.0   17780.00   .1921901E-10
 75.0   17790.00   .1921731E-10
 75.0   17800.00   .1921559E-10
 75.0   17810.00   .1921385E-10
 75.0   17820.00   .1921207E-10
 75.0   17830.00   .1921028E-10
 75.0   17840.00   .1920844E-10
 75.0   17850.00   .1920659E-10
 75.0   17860.00   .1920470E-10
 75.0   17870.00   .1920281E-10
 75.0   17880.00   .1920087E-10
 75.0   17890.00   .1919891E-10
 75.0   17900.00   .1919692E-10
 75.0   17910.00   .1919492E-10
 75.0   17920.00   .1919285E-10
 75.0   17930.00   .1919081E-10
 75.0   17940.00   .1918874E-10
 75.0   17950.00   .1918663E-10
 75.0   17960.00   .1918449E-10
 75.0   17970.00   .1918233E-10
 75.0   17980.00   .1918015E-10
 75.0   17990.00   .1917794E-10
 75.0   18000.00   .1917572E-10
 75.0   18010.00   .1911030E-10
 75.0   18020.00   .1904489E-10
 75.0   18030.00   .1897948E-10
 75.0   18040.00   .1891405E-10
 75.0   18050.00   .1884858E-10
 75.0   18060.00   .1878316E-10
 75.0   18070.00   .1871770E-10
 75.0   18080.00   .1865225E-10
 75.0   18090.00   .1858680E-10
 75.0   18100.00   .1852134E-10
 75.0   18110.00   .1845588E-10
 75.0   18120.00   .1839039E-10
 75.0   18130.00   .1832491E-10
 75.0   18140.00   .1825943E-10
 75.0   18150.00   .1819397E-10
 75.0   18160.00   .1812851E-10
 75.0   18170.00   .1806300E-10
 75.0   18180.00   .1799752E-10
 75.0   18190.00   .1793205E-10
 75.0   18200.00   .1786656E-10
 75.0   18210.00   .1780109E-10
 75.0   18220.00   .1773561E-10
 75.0   18230.00   .1767012E-10
 75.0   18240.00   .1760464E-10
 75.0   18250.00   .1753915E-10
 75.0   18260.00   .1747367E-10
 75.0   18270.00   .1740821E-10
 75.0   18280.00   .1734273E-10
 75.0   18290.00   .1727727E-10
 75.0   18300.00   .1721181E-10
 75.0   18310.00   .1714634E-10
 75.0   18320.00   .1708090E-10
 75.0   18330.00   .1701543E-10
 75.0   18340.00   .1694999E-10
 75.0   18350.00   .1688456E-10
 75.0   18360.00   .1681913E-10
 75.0   18370.00   .1675370E-10
 75.0   18380.00   .1668827E-10
 75.0   18390.00   .1662285E-10
 75.0   18400.00   .1655746E-10
 75.0   18410.00   .1649204E-10
 75.0   18420.00   .1642665E-10
 75.0   18430.00   .1636126E-10
 75.0   18440.00   .1629589E-10
 75.0   18450.00   .1623052E-10
 75.0   18460.00   .1616518E-10
 75.0   18470.00   .1609981E-10
 75.0   18480.00   .1603448E-10
 75.0   18490.00   .1596917E-10
 75.0   18500.00   .1590384E-10
 75.0   18510.00   .1583853E-10
 75.0   18520.00   .1577323E-10
 75.0   18530.00   .1570796E-10
 75.0   18540.00   .1564268E-10
 75.0   18550.00   .1557741E-10
 75.0   18560.00   .1551216E-10
 75.0   18570.00   .1544693E-10
 75.0   18580.00   .1538171E-10
 75.0   18590.00   .1531650E-10
 75.0   18600.00   .1525128E-10
 75.0   18610.00   .1518612E-10
 75.0   18620.00   .1512093E-10
 75.0   18630.00   .1505579E-10
 75.0   18640.00   .1499064E-10
 75.0   18650.00   .1492552E-10
 75.0   18660.00   .1486041E-10
 75.0   18670.00   .1479532E-10
 75.0   18680.00   .1473023E-10
 75.0   18690.00   .1466516E-10
 75.0   18700.00   .1460012E-10
 75.0   18710.00   .1453510E-10
 75.0   18720.00   .1447008E-10
 75.0   18730.00   .1440506E-10
 75.0   18740.00   .1434008E-10
 75.0   18750.00   .1427512E-10
 75.0   18760.00   .1421016E-10
 75.0   18770.00   .1414524E-10
 75.0   18780.00   .1408033E-10
 75.0   18790.00   .1401542E-10
 75.0   18800.00   .1395055E-10
 75.0   18810.00   .1388569E-10
 75.0   18820.00   .1382086E-10
 75.0   18830.00   .1375602E-10
 75.0   18840.00   .1369123E-10
 75.0   18850.00   .1362644E-10
 75.0   18860.00   .1356168E-10
 75.0   18870.00   .1349693E-10
 75.0   18880.00   .1343222E-10
 75.0   18890.00   .1336751E-10
 75.0   18900.00   .1330283E-10
 75.0   18910.00   .1323817E-10
 75.0   18920.00   .1317353E-10
 75.0   18930.00   .1310892E-10
 75.0   18940.00   .1304431E-10
 75.0   18950.00   .1297971E-10
 75.0   18960.00   .1291517E-10
 75.0   18970.00   .1285064E-10
 75.0   18980.00   .1278613E-10
 75.0   18990.00   .1272163E-10
 75.0   19000.00   .1265715E-10
 75.0   19010.00   .1259272E-10
 75.0   19020.00   .1252827E-10
 75.0   19030.00   .1246387E-10
 75.0   19040.00   .1239949E-10
 75.0   19050.00   .1233513E-10
 75.0   19060.00   .1227081E-10
 75.0   19070.00   .1220648E-10
 75.0   19080.00   .1214218E-10
 75.0   19090.00   .1207793E-10
 75.0   19100.00   .1201368E-10
 75.0   19110.00   .1194946E-10
 75.0   19120.00   .1188528E-10
 75.0   19130.00   .1182109E-10
 75.0   19140.00   .1175696E-10
 75.0   19150.00   .1169283E-10
 75.0   19160.00   .1162874E-10
 75.0   19170.00   .1156464E-10
 75.0   19180.00   .1150061E-10
 75.0   19190.00   .1143658E-10
 75.0   19200.00   .1137257E-10
 75.0   19210.00   .1130858E-10
 75.0   19220.00   .1124464E-10
 75.0   19230.00   .1118070E-10
 75.0   19240.00   .1111681E-10
 75.0   19250.00   .1105293E-10
 75.0   19260.00   .1098908E-10
 75.0   19270.00   .1092524E-10
 75.0   19280.00   .1086144E-10
 75.0   19290.00   .1079766E-10
 75.0   19300.00   .1073390E-10
 75.0   19310.00   .1067019E-10
 75.0   19320.00   .1060648E-10
 75.0   19330.00   .1054281E-10
 75.0   19340.00   .1047915E-10
 75.0   19350.00   .1041553E-10
 75.0   19360.00   .1035193E-10
 75.0   19370.00   .1028836E-10
 75.0   19380.00   .1022481E-10
 75.0   19390.00   .1016129E-10
 75.0   19400.00   .1009780E-10
 75.0   19410.00   .1003432E-10
 75.0   19420.00   .9970876E-11
 75.0   19430.00   .9907462E-11
 75.0   19440.00   .9844060E-11
 75.0   19450.00   .9780693E-11
 75.0   19460.00   .9717352E-11
 75.0   19470.00   .9654048E-11
 75.0   19480.00   .9590743E-11
 75.0   19490.00   .9527485E-11
 75.0   19500.00   .9464255E-11
 75.0   19510.00   .9401046E-11
 75.0   19520.00   .9337861E-11
 75.0   19530.00   .9274696E-11
 75.0   19540.00   .9211574E-11
 75.0   19550.00   .9148471E-11
 75.0   19560.00   .9085400E-11
 75.0   19570.00   .9022334E-11
 75.0   19580.00   .8959306E-11
 75.0   19590.00   .8896296E-11
 75.0   19600.00   .8833332E-11
 75.0   19610.00   .8770379E-11
 75.0   19620.00   .8707444E-11
 75.0   19630.00   .8644561E-11
 75.0   19640.00   .8581682E-11
 75.0   19650.00   .8518835E-11
 75.0   19660.00   .8456025E-11
 75.0   19670.00   .8393219E-11
 75.0   19680.00   .8330444E-11
 75.0   19690.00   .8267693E-11
 75.0   19700.00   .8204966E-11
 75.0   19710.00   .8142277E-11
 75.0   19720.00   .8079604E-11
 75.0   19730.00   .8016962E-11
 75.0   19740.00   .7954330E-11
 75.0   19750.00   .7891741E-11
 75.0   19760.00   .7829155E-11
 75.0   19770.00   .7766606E-11
 75.0   19780.00   .7704067E-11
 75.0   19790.00   .7641570E-11
 75.0   19800.00   .7579090E-11
 75.0   19810.00   .7516626E-11
 75.0   19820.00   .7454191E-11
 75.0   19830.00   .7391778E-11
 75.0   19840.00   .7329389E-11
 75.0   19850.00   .7267028E-11
 75.0   19860.00   .7204682E-11
 75.0   19870.00   .7142366E-11
 75.0   19880.00   .7080064E-11
 75.0   19890.00   .7017791E-11
 75.0   19900.00   .6955540E-11
 75.0   19910.00   .6893304E-11
 75.0   19920.00   .6831096E-11
 75.0   19930.00   .6768910E-11
 75.0   19940.00   .6706744E-11
 75.0   19950.00   .6644604E-11
 75.0   19960.00   .6582479E-11
 75.0   19970.00   .6520381E-11
 75.0   19980.00   .6458296E-11
 75.0   19990.00   .6396241E-11
 75.0   20000.00   .6334198E-11
 75.0   20010.00   .6272186E-11
 75.0   20020.00   .6210192E-11
 75.0   20030.00   .6148220E-11
 75.0   20040.00   .6086261E-11
 75.0   20050.00   .6024332E-11
 75.0   20060.00   .5962415E-11
 75.0   20070.00   .5900525E-11
 75.0   20080.00   .5838651E-11
 75.0   20090.00   .5776799E-11
 75.0   20100.00   .5714970E-11
 75.0   20110.00   .5714211E-11
 75.0   20120.00   .5713456E-11
 75.0   20130.00   .5712706E-11
 75.0   20140.00   .5711959E-11
 75.0   20150.00   .5711222E-11
 75.0   20160.00   .5710482E-11
 75.0   20170.00   .5709748E-11
 75.0   20180.00   .5709014E-11
 75.0   20190.00   .5708290E-11
 75.0   20200.00   .5707568E-11
 75.0   20210.00   .5706845E-11
 75.0   20220.00   .5706130E-11
 75.0   20230.00   .5705412E-11
 75.0   20240.00   .5704712E-11
 75.0   20250.00   .5703999E-11
 75.0   20260.00   .5703299E-11
 75.0   20270.00   .5702597E-11
 75.0   20280.00   .5701897E-11
 75.0   20290.00   .5701217E-11
 75.0   20300.00   .5700525E-11
 75.0   20310.00   .5699840E-11
 75.0   20320.00   .5699155E-11
 75.0   20330.00   .5698482E-11
 75.0   20340.00   .5697806E-11
 75.0   20350.00   .5697133E-11
 75.0   20360.00   .5696468E-11
 75.0   20370.00   .5695800E-11
 75.0   20380.00   .5695138E-11
 75.0   20390.00   .5694482E-11
 75.0   20400.00   .5693826E-11
 75.0   20410.00   .5693180E-11
 75.0   20420.00   .5692531E-11
 75.0   20430.00   .5691888E-11
 75.0   20440.00   .5691248E-11
 75.0   20450.00   .5690613E-11
 75.0   20460.00   .5689980E-11
 75.0   20470.00   .5689348E-11
 75.0   20480.00   .5688726E-11
 75.0   20490.00   .5688102E-11
 75.0   20500.00   .5687483E-11
 75.0   20510.00   .5686872E-11
 75.0   20520.00   .5686255E-11
 75.0   20530.00   .5685646E-11
 75.0   20540.00   .5685039E-11
 75.0   20550.00   .5684440E-11
 75.0   20560.00   .5683842E-11
 75.0   20570.00   .5683247E-11
 75.0   20580.00   .5682647E-11
 75.0   20590.00   .5682065E-11
 75.0   20600.00   .5681480E-11
 75.0   20610.00   .5680894E-11
 75.0   20620.00   .5680322E-11
 75.0   20630.00   .5679745E-11
 75.0   20640.00   .5679171E-11
 75.0   20650.00   .5678602E-11
 75.0   20660.00   .5678036E-11
 75.0   20670.00   .5677477E-11
 75.0   20680.00   .5676919E-11
 75.0   20690.00   .5676368E-11
 75.0   20700.00   .5675813E-11
 75.0   20710.00   .5675264E-11
 75.0   20720.00   .5674722E-11
 75.0   20730.00   .5674178E-11
 75.0   20740.00   .5673643E-11
 75.0   20750.00   .5673108E-11
 75.0   20760.00   .5672584E-11
 75.0   20770.00   .5672054E-11
 75.0   20780.00   .5671524E-11
 75.0   20790.00   .5671004E-11
 75.0   20800.00   .5670488E-11
 75.0   20810.00   .5669974E-11
 75.0   20820.00   .5669461E-11
 75.0   20830.00   .5668952E-11
 75.0   20840.00   .5668450E-11
 75.0   20850.00   .5667950E-11
 75.0   20860.00   .5667449E-11
 75.0   20870.00   .5666955E-11
 75.0   20880.00   .5666463E-11
 75.0   20890.00   .5665977E-11
 75.0   20900.00   .5665492E-11
 75.0   20910.00   .5665012E-11
 75.0   20920.00   .5664534E-11
 75.0   20930.00   .5664061E-11
 75.0   20940.00   .5663590E-11
 75.0   20950.00   .5663119E-11
 75.0   20960.00   .5662652E-11
 75.0   20970.00   .5662190E-11
 75.0   20980.00   .5661736E-11
 75.0   20990.00   .5661282E-11
 75.0   21000.00   .5660830E-11
 75.0   21010.00   .5660384E-11
 75.0   21020.00   .5659933E-11
 75.0   21030.00   .5659493E-11
 75.0   21040.00   .5659055E-11
 75.0   21050.00   .5658616E-11
 75.0   21060.00   .5658189E-11
 75.0   21070.00   .5657758E-11
 75.0   21080.00   .5657333E-11
 75.0   21090.00   .5656912E-11
 75.0   21100.00   .5656489E-11
 75.0   21110.00   .5656073E-11
 75.0   21120.00   .5655664E-11
 75.0   21130.00   .5655253E-11
 75.0   21140.00   .5654848E-11
 75.0   21150.00   .5654446E-11
 75.0   21160.00   .5654045E-11
 75.0   21170.00   .5653646E-11
 75.0   21180.00   .5653258E-11
 75.0   21190.00   .5652868E-11
 75.0   21200.00   .5652478E-11
 75.0   21210.00   .5652095E-11
 75.0   21220.00   .5651713E-11
 75.0   21230.00   .5651337E-11
 75.0   21240.00   .5650964E-11
 75.0   21250.00   .5650593E-11
 75.0   21260.00   .5650224E-11
 75.0   21270.00   .5649863E-11
 75.0   21280.00   .5649498E-11
 75.0   21290.00   .5649143E-11
 75.0   21300.00   .5648785E-11
 75.0   21310.00   .5648438E-11
 75.0   21320.00   .5648087E-11
 75.0   21330.00   .5647742E-11
 75.0   21340.00   .5647397E-11
 75.0   21350.00   .5647060E-11
 75.0   21360.00   .5646722E-11
 75.0   21370.00   .5646393E-11
 75.0   21380.00   .5646059E-11
 75.0   21390.00   .5645740E-11
 75.0   21400.00   .5645415E-11
 75.0   21410.00   .5645092E-11
 75.0   21420.00   .5644777E-11
 75.0   21430.00   .5644462E-11
 75.0   21440.00   .5644152E-11
 75.0   21450.00   .5643842E-11
 75.0   21460.00   .5643544E-11
 75.0   21470.00   .5643242E-11
 75.0   21480.00   .5642940E-11
 75.0   21490.00   .5642648E-11
 75.0   21500.00   .5642355E-11
 75.0   21510.00   .5642070E-11
 75.0   21520.00   .5641779E-11
 75.0   21530.00   .5641498E-11
 75.0   21540.00   .5641220E-11
 75.0   21550.00   .5640943E-11
 75.0   21560.00   .5640670E-11
 75.0   21570.00   .5640399E-11
 75.0   21580.00   .5640133E-11
 75.0   21590.00   .5639871E-11
 75.0   21600.00   .5639609E-11
 75.0   21610.00   .5639358E-11
 75.0   21620.00   .5639096E-11
 75.0   21630.00   .5638842E-11
 75.0   21640.00   .5638598E-11
 75.0   21650.00   .5638355E-11
 75.0   21660.00   .5638115E-11
 75.0   21670.00   .5637873E-11
 75.0   21680.00   .5637635E-11
 75.0   21690.00   .5637406E-11
 75.0   21700.00   .5637177E-11
 75.0   21710.00   .5636948E-11
 75.0   21720.00   .5636725E-11
 75.0   21730.00   .5636503E-11
 75.0   21740.00   .5636285E-11
 75.0   21750.00   .5636069E-11
 75.0   21760.00   .5635862E-11
 75.0   21770.00   .5635657E-11
 75.0   21780.00   .5635448E-11
 75.0   21790.00   .5635247E-11
 75.0   21800.00   .5635044E-11
 75.0   21810.00   .5634849E-11
 75.0   21820.00   .5634661E-11
 75.0   21830.00   .5634465E-11
 75.0   21840.00   .5634282E-11
 75.0   21850.00   .5634097E-11
 75.0   21860.00   .5633915E-11
 75.0   21870.00   .5633737E-11
 75.0   21880.00   .5633564E-11
 75.0   21890.00   .5633390E-11
 75.0   21900.00   .5633220E-11
 75.0   21910.00   .5633060E-11
 75.0   21920.00   .5632895E-11
 75.0   21930.00   .5632734E-11
 75.0   21940.00   .5632577E-11
 75.0   21950.00   .5632422E-11
 75.0   21960.00   .5632271E-11
 75.0   21970.00   .5632127E-11
 75.0   21980.00   .5631981E-11
 75.0   21990.00   .5631837E-11
 75.0   22000.00   .5631706E-11
 75.0   22010.00   .5631567E-11
 75.0   22020.00   .5631433E-11
 75.0   22030.00   .5631303E-11
 75.0   22040.00   .5631178E-11
 75.0   22050.00   .5631055E-11
 75.0   22060.00   .5630930E-11
 75.0   22070.00   .5630816E-11
 75.0   22080.00   .5630701E-11
 75.0   22090.00   .5630589E-11
 75.0   22100.00   .5630480E-11
 75.0   22110.00   .5630378E-11
 75.0   22120.00   .5630269E-11
 75.0   22130.00   .5630172E-11
 75.0   22140.00   .5630073E-11
 75.0   22150.00   .5629980E-11
 75.0   22160.00   .5629894E-11
 75.0   22170.00   .5629803E-11
 75.0   22180.00   .5629715E-11
 75.0   22190.00   .5629639E-11
 75.0   22200.00   .5629556E-11
 75.0   22210.00   .5629481E-11
 75.0   22220.00   .5629407E-11
 75.0   22230.00   .5629336E-11
 75.0   22240.00   .5629269E-11
 75.0   22250.00   .5629210E-11
 75.0   22260.00   .5629145E-11
 75.0   22270.00   .5629088E-11
 75.0   22280.00   .5629032E-11
 75.0   22290.00   .5628973E-11
 75.0   22300.00   .5628929E-11
 75.0   22310.00   .5628881E-11
 75.0   22320.00   .5628844E-11
 75.0   22330.00   .5628799E-11
 75.0   22340.00   .5628761E-11
 75.0   22350.00   .5628731E-11
 75.0   22360.00   .5628694E-11
 75.0   22370.00   .5628665E-11
 75.0   22380.00   .5628640E-11
 75.0   22390.00   .5628616E-11
 75.0   22400.00   .5628591E-11
 75.0   22410.00   .5628580E-11
 75.0   22420.00   .5628562E-11
 75.0   22430.00   .5628552E-11
 75.0   22440.00   .5628541E-11
 75.0   22450.00   .5628535E-11
 75.0   22460.00   .5628532E-11
 75.0   22470.00   .5628530E-11
 75.0   22480.00   .5628529E-11
 75.0   22490.00   .5628540E-11
 75.0   22500.00   .5628549E-11
 75.0   22510.00   .5628554E-11
 75.0   22520.00   .5628568E-11
 75.0   22530.00   .5628583E-11
 75.0   22540.00   .5628604E-11
 75.0   22550.00   .5628625E-11
 75.0   22560.00   .5628649E-11
 75.0   22570.00   .5628676E-11
 75.0   22580.00   .5628708E-11
 75.0   22590.00   .5628736E-11
 75.0   22600.00   .5628771E-11
 75.0   22610.00   .5628808E-11
 75.0   22620.00   .5628849E-11
 75.0   22630.00   .5628894E-11
 75.0   22640.00   .5628937E-11
 75.0   22650.00   .5628989E-11
 75.0   22660.00   .5629036E-11
 75.0   22670.00   .5629089E-11
 75.0   22680.00   .5629147E-11
 75.0   22690.00   .5629202E-11
 75.0   22700.00   .5629268E-11
 75.0   22710.00   .5629328E-11
 75.0   22720.00   .5629391E-11
 75.0   22730.00   .5629466E-11
 75.0   22740.00   .5629539E-11
 75.0   22750.00   .5629613E-11
 75.0   22760.00   .5629685E-11
 75.0   22770.00   .5629769E-11
 75.0   22780.00   .5629842E-11
 75.0   22790.00   .5629931E-11
 75.0   22800.00   .5630020E-11
 75.0   22810.00   .5630107E-11
 75.0   22820.00   .5630199E-11
 75.0   22830.00   .5630291E-11
 75.0   22840.00   .5630384E-11
 75.0   22850.00   .5630482E-11
 75.0   22860.00   .5630583E-11
 75.0   22870.00   .5630688E-11
 75.0   22880.00   .5630790E-11
 75.0   22890.00   .5630902E-11
 75.0   22900.00   .5631010E-11
 75.0   22910.00   .5631122E-11
 75.0   22920.00   .5631239E-11
 75.0   22930.00   .5631359E-11
 75.0   22940.00   .5631478E-11
 75.0   22950.00   .5631598E-11
 75.0   22960.00   .5631725E-11
 75.0   22970.00   .5631847E-11
 75.0   22980.00   .5631975E-11
 75.0   22990.00   .5632109E-11
 75.0   23000.00   .5632241E-11
 75.0   23010.00   .5632378E-11
 75.0   23020.00   .5632518E-11
 75.0   23030.00   .5632654E-11
 75.0   23040.00   .5632796E-11
 75.0   23050.00   .5632941E-11
 75.0   23060.00   .5633088E-11
 75.0   23070.00   .5633237E-11
 75.0   23080.00   .5633388E-11
 75.0   23090.00   .5633542E-11
 75.0   23100.00   .5633697E-11
 75.0   23110.00   .5633854E-11
 75.0   23120.00   .5634015E-11
 75.0   23130.00   .5634174E-11
 75.0   23140.00   .5634340E-11
 75.0   23150.00   .5634504E-11
 75.0   23160.00   .5634673E-11
 75.0   23170.00   .5634841E-11
 75.0   23180.00   .5635017E-11
 75.0   23190.00   .5635190E-11
 75.0   23200.00   .5635363E-11
 75.0   23210.00   .5635545E-11
 75.0   23220.00   .5635727E-11
 75.0   23230.00   .5635905E-11
 75.0   23240.00   .5636093E-11
 75.0   23250.00   .5636277E-11
 75.0   23260.00   .5636468E-11
 75.0   23270.00   .5636654E-11
 75.0   23280.00   .5636847E-11
 75.0   23290.00   .5637041E-11
 75.0   23300.00   .5637240E-11
 75.0   23310.00   .5637439E-11
 75.0   23320.00   .5637631E-11
 75.0   23330.00   .5637838E-11
 75.0   23340.00   .5638042E-11
 75.0   23350.00   .5638248E-11
 75.0   23360.00   .5638452E-11
 75.0   23370.00   .5638664E-11
 75.0   23380.00   .5638877E-11
 75.0   23390.00   .5639094E-11
 75.0   23400.00   .5639301E-11
 75.0   23410.00   .5639519E-11
 75.0   23420.00   .5639742E-11
 75.0   23430.00   .5639961E-11
 75.0   23440.00   .5640184E-11
 75.0   23450.00   .5640410E-11
 75.0   23460.00   .5640633E-11
 75.0   23470.00   .5640864E-11
 75.0   23480.00   .5641094E-11
 75.0   23490.00   .5641321E-11
 75.0   23500.00   .5641554E-11
 75.0   23510.00   .5641788E-11
 75.0   23520.00   .5642025E-11
 75.0   23530.00   .5642261E-11
 75.0   23540.00   .5642506E-11
 75.0   23550.00   .5642749E-11
 75.0   23560.00   .5642988E-11
 75.0   23570.00   .5643235E-11
 75.0   23580.00   .5643476E-11
 75.0   23590.00   .5643726E-11
 75.0   23600.00   .5643979E-11
 75.0   23610.00   .5644231E-11
 75.0   23620.00   .5644487E-11
 75.0   23630.00   .5644732E-11
 75.0   23640.00   .5644992E-11
 75.0   23650.00   .5645252E-11
 75.0   23660.00   .5645512E-11
 75.0   23670.00   .5645771E-11
 75.0   23680.00   .5646036E-11
 75.0   23690.00   .5646297E-11
 75.0   23700.00   .5646567E-11
 75.0   23710.00   .5646835E-11
 75.0   23720.00   .5647099E-11
 75.0   23730.00   .5647370E-11
 75.0   23740.00   .5647642E-11
 75.0   23750.00   .5647917E-11
 75.0   23760.00   .5648186E-11
 75.0   23770.00   .5648467E-11
 75.0   23780.00   .5648740E-11
 75.0   23790.00   .5649026E-11
 75.0   23800.00   .5649300E-11
 75.0   23810.00   .5649585E-11
 75.0   23820.00   .5649867E-11
 75.0   23830.00   .5650154E-11
 75.0   23840.00   .5650438E-11
 75.0   23850.00   .5650725E-11
 75.0   23860.00   .5651014E-11
 75.0   23870.00   .5651303E-11
 75.0   23880.00   .5651593E-11
 75.0   23890.00   .5651890E-11
 75.0   23900.00   .5652187E-11
 75.0   23910.00   .5652478E-11
 75.0   23920.00   .5652772E-11
 75.0   23930.00   .5653072E-11
 75.0   23940.00   .5653375E-11
 75.0   23950.00   .5653673E-11
 75.0   23960.00   .5653976E-11
 75.0   23970.00   .5654279E-11
 75.0   23980.00   .5654583E-11
 75.0   23990.00   .5654889E-11
 75.0   24000.00   .5655197E-11
 75.0   24010.00   .5655507E-11
 75.0   24020.00   .5655810E-11
 75.0   24030.00   .5656125E-11
 75.0   24040.00   .5656438E-11
 75.0   24050.00   .5656752E-11
 75.0   24060.00   .5657061E-11
 75.0   24070.00   .5657379E-11
 75.0   24080.00   .5657699E-11
 75.0   24090.00   .5658012E-11
 75.0   24100.00   .5658333E-11
 75.0   24110.00   .5658650E-11
 75.0   24120.00   .5658973E-11
 75.0   24130.00   .5659300E-11
 75.0   24140.00   .5659618E-11
 75.0   24150.00   .5659941E-11
 75.0   24160.00   .5660267E-11
 75.0   24170.00   .5660594E-11
 75.0   24180.00   .5660918E-11
 75.0   24190.00   .5661248E-11
 75.0   24200.00   .5661575E-11
 75.0   24210.00   .5661907E-11
 75.0   24220.00   .5662239E-11
 75.0   24230.00   .5662571E-11
 75.0   24240.00   .5662907E-11
 75.0   24250.00   .5663243E-11
 75.0   24260.00   .5663579E-11
 75.0   24270.00   .5663914E-11
 75.0   24280.00   .5664246E-11
 75.0   24290.00   .5664586E-11
 75.0   24300.00   .5664927E-11
 75.0   24310.00   .5665268E-11
 75.0   24320.00   .5665606E-11
 75.0   24330.00   .5665952E-11
 75.0   24340.00   .5666292E-11
 75.0   24350.00   .5666637E-11
 75.0   24360.00   .5666979E-11
 75.0   24370.00   .5667323E-11
 75.0   24380.00   .5667672E-11
 75.0   24390.00   .5668018E-11
 75.0   24400.00   .5668364E-11
 75.0   24410.00   .5668712E-11
 75.0   24420.00   .5669068E-11
 75.0   24430.00   .5669414E-11
 75.0   24440.00   .5669767E-11
 75.0   24450.00   .5670117E-11
 75.0   24460.00   .5670471E-11
 75.0   24470.00   .5670821E-11
 75.0   24480.00   .5671177E-11
 75.0   24490.00   .5671528E-11
 75.0   24500.00   .5671887E-11
 75.0   24510.00   .5672241E-11
 75.0   24520.00   .5672600E-11
 75.0   24530.00   .5672953E-11
 75.0   24540.00   .5673314E-11
 75.0   24550.00   .5673668E-11
 75.0   24560.00   .5674033E-11
 75.0   24570.00   .5674394E-11
 75.0   24580.00   .5674752E-11
 75.0   24590.00   .5675115E-11
 75.0   24600.00   .5675478E-11
 75.0   24610.00   .5675834E-11
 75.0   24620.00   .5676200E-11
 75.0   24630.00   .5676567E-11
 75.0   24640.00   .5676930E-11
 75.0   24650.00   .5677296E-11
 75.0   24660.00   .5677664E-11
 75.0   24670.00   .5678029E-11
 75.0   24680.00   .5678394E-11
 75.0   24690.00   .5678759E-11
 75.0   24700.00   .5679127E-11
 75.0   24710.00   .5679495E-11
 75.0   24720.00   .5679861E-11
 75.0   24730.00   .5680236E-11
 75.0   24740.00   .5680603E-11
 75.0   24750.00   .5680973E-11
 75.0   24760.00   .5681344E-11
 75.0   24770.00   .5681713E-11
 75.0   24780.00   .5682084E-11
 75.0   24790.00   .5682454E-11
 75.0   24800.00   .5682824E-11
 75.0   24810.00   .5683201E-11
 75.0   24820.00   .5683572E-11
 75.0   24830.00   .5683944E-11
 75.0   24840.00   .5684318E-11
 75.0   24850.00   .5684696E-11
 75.0   24860.00   .5685070E-11
 75.0   24870.00   .5685443E-11
 75.0   24880.00   .5685821E-11
 75.0   24890.00   .5686192E-11
 75.0   24900.00   .5686571E-11
 75.0   24910.00   .5686945E-11
 75.0   24920.00   .5687320E-11
 75.0   24930.00   .5687700E-11
 75.0   24940.00   .5688076E-11
 75.0   24950.00   .5688450E-11
 75.0   24960.00   .5688829E-11
 75.0   24970.00   .5689205E-11
 75.0   24980.00   .5689585E-11
 75.0   24990.00   .5689963E-11
 75.0   25000.00   .5690341E-11
