 77.0    1000.00   .3515591E-15
 77.0    1010.00   .1355106E-14
 77.0    1020.00   .3650732E-14
 77.0    1030.00   .8068989E-14
 77.0    1040.00   .1568079E-13
 77.0    1050.00   .2780101E-13
 77.0    1060.00   .4597906E-13
 77.0    1070.00   .7197474E-13
 77.0    1080.00   .1077189E-12
 77.0    1090.00   .1552588E-12
 77.0    1100.00   .2166881E-12
 77.0    1110.00   .2940630E-12
 77.0    1120.00   .3893078E-12
 77.0    1130.00   .5041090E-12
 77.0    1140.00   .6398054E-12
 77.0    1150.00   .7972766E-12
 77.0    1160.00   .9768319E-12
 77.0    1170.00   .1178111E-11
 77.0    1180.00   .1399995E-11
 77.0    1190.00   .1640535E-11
 77.0    1200.00   .1896913E-11
 77.0    1210.00   .2165415E-11
 77.0    1220.00   .2441461E-11
 77.0    1230.00   .2719651E-11
 77.0    1240.00   .2993867E-11
 77.0    1250.00   .3257402E-11
 77.0    1260.00   .3503816E-11
 77.0    1270.00   .3729492E-11
 77.0    1280.00   .3932296E-11
 77.0    1290.00   .4110997E-11
 77.0    1300.00   .4265245E-11
 77.0    1310.00   .4395518E-11
 77.0    1320.00   .4503047E-11
 77.0    1330.00   .4589728E-11
 77.0    1340.00   .4658018E-11
 77.0    1350.00   .4710843E-11
 77.0    1360.00   .4751490E-11
 77.0    1370.00   .4783532E-11
 77.0    1380.00   .4810688E-11
 77.0    1390.00   .4835264E-11
 77.0    1400.00   .4858050E-11
 77.0    1410.00   .4879769E-11
 77.0    1420.00   .4901146E-11
 77.0    1430.00   .4922901E-11
 77.0    1440.00   .4945767E-11
 77.0    1450.00   .4970484E-11
 77.0    1460.00   .4997815E-11
 77.0    1470.00   .5028539E-11
 77.0    1480.00   .5063474E-11
 77.0    1490.00   .5103468E-11
 77.0    1500.00   .5149412E-11
 77.0    1510.00   .5202082E-11
 77.0    1520.00   .5261634E-11
 77.0    1530.00   .5328065E-11
 77.0    1540.00   .5401368E-11
 77.0    1550.00   .5481541E-11
 77.0    1560.00   .5568581E-11
 77.0    1570.00   .5662485E-11
 77.0    1580.00   .5763242E-11
 77.0    1590.00   .5870843E-11
 77.0    1600.00   .5985268E-11
 77.0    1610.00   .6106499E-11
 77.0    1620.00   .6234502E-11
 77.0    1630.00   .6369238E-11
 77.0    1640.00   .6510654E-11
 77.0    1650.00   .6658684E-11
 77.0    1660.00   .6813251E-11
 77.0    1670.00   .6974260E-11
 77.0    1680.00   .7141591E-11
 77.0    1690.00   .7315114E-11
 77.0    1700.00   .7494664E-11
 77.0    1710.00   .7680065E-11
 77.0    1720.00   .7871104E-11
 77.0    1730.00   .8067545E-11
 77.0    1740.00   .8269112E-11
 77.0    1750.00   .8475511E-11
 77.0    1760.00   .8686431E-11
 77.0    1770.00   .8901664E-11
 77.0    1780.00   .9120998E-11
 77.0    1790.00   .9344206E-11
 77.0    1800.00   .9571022E-11
 77.0    1810.00   .9801157E-11
 77.0    1820.00   .1003429E-10
 77.0    1830.00   .1027006E-10
 77.0    1840.00   .1050809E-10
 77.0    1850.00   .1074797E-10
 77.0    1860.00   .1098924E-10
 77.0    1870.00   .1123141E-10
 77.0    1880.00   .1147395E-10
 77.0    1890.00   .1171635E-10
 77.0    1900.00   .1195798E-10
 77.0    1910.00   .1219825E-10
 77.0    1920.00   .1243649E-10
 77.0    1930.00   .1267201E-10
 77.0    1940.00   .1290411E-10
 77.0    1950.00   .1313205E-10
 77.0    1960.00   .1335503E-10
 77.0    1970.00   .1357227E-10
 77.0    1980.00   .1378294E-10
 77.0    1990.00   .1398621E-10
 77.0    2000.00   .1418121E-10
 77.0    2010.00   .1436717E-10
 77.0    2020.00   .1454375E-10
 77.0    2030.00   .1471076E-10
 77.0    2040.00   .1486799E-10
 77.0    2050.00   .1501531E-10
 77.0    2060.00   .1515256E-10
 77.0    2070.00   .1527964E-10
 77.0    2080.00   .1539645E-10
 77.0    2090.00   .1550293E-10
 77.0    2100.00   .1559903E-10
 77.0    2110.00   .1568474E-10
 77.0    2120.00   .1576004E-10
 77.0    2130.00   .1582497E-10
 77.0    2140.00   .1587956E-10
 77.0    2150.00   .1592387E-10
 77.0    2160.00   .1595797E-10
 77.0    2170.00   .1598196E-10
 77.0    2180.00   .1599596E-10
 77.0    2190.00   .1600009E-10
 77.0    2200.00   .1599450E-10
 77.0    2210.00   .1597934E-10
 77.0    2220.00   .1595477E-10
 77.0    2230.00   .1592099E-10
 77.0    2240.00   .1587818E-10
 77.0    2250.00   .1582654E-10
 77.0    2260.00   .1576655E-10
 77.0    2270.00   .1569970E-10
 77.0    2280.00   .1562774E-10
 77.0    2290.00   .1555243E-10
 77.0    2300.00   .1547554E-10
 77.0    2310.00   .1539880E-10
 77.0    2320.00   .1532394E-10
 77.0    2330.00   .1525269E-10
 77.0    2340.00   .1518676E-10
 77.0    2350.00   .1512787E-10
 77.0    2360.00   .1507772E-10
 77.0    2370.00   .1503802E-10
 77.0    2380.00   .1501050E-10
 77.0    2390.00   .1499687E-10
 77.0    2400.00   .1499890E-10
 77.0    2410.00   .1501838E-10
 77.0    2420.00   .1505713E-10
 77.0    2430.00   .1511703E-10
 77.0    2440.00   .1520004E-10
 77.0    2450.00   .1530818E-10
 77.0    2460.00   .1544359E-10
 77.0    2470.00   .1560852E-10
 77.0    2480.00   .1580534E-10
 77.0    2490.00   .1603660E-10
 77.0    2500.00   .1630502E-10
 77.0    2510.00   .1373408E-10
 77.0    2520.00   .1520191E-10
 77.0    2530.00   .1684812E-10
 77.0    2540.00   .2141052E-10
 77.0    2550.00   .2494755E-10
 77.0    2560.00   .2615898E-10
 77.0    2570.00   .3166475E-10
 77.0    2580.00   .2787520E-10
 77.0    2590.00   .3310799E-10
 77.0    2600.00   .3484935E-10
 77.0    2610.00   .3155612E-10
 77.0    2620.00   .3280542E-10
 77.0    2630.00   .2826100E-10
 77.0    2640.00   .2217550E-10
 77.0    2650.00   .2128649E-10
 77.0    2660.00   .1863010E-10
 77.0    2670.00   .1815769E-10
 77.0    2680.00   .1958891E-10
 77.0    2690.00   .3061250E-10
 77.0    2700.00   .5064150E-10
 77.0    2710.00   .7687059E-10
 77.0    2720.00   .9362218E-10
 77.0    2730.00   .9519297E-10
 77.0    2740.00   .9488049E-10
 77.0    2750.00   .9970261E-10
 77.0    2760.00   .9880921E-10
 77.0    2770.00   .1004784E-09
 77.0    2780.00   .9712262E-10
 77.0    2790.00   .1139277E-09
 77.0    2800.00   .1135428E-09
 77.0    2810.00   .1115281E-09
 77.0    2820.00   .1122037E-09
 77.0    2830.00   .1056528E-09
 77.0    2840.00   .9740538E-10
 77.0    2850.00   .1023394E-09
 77.0    2860.00   .1006446E-09
 77.0    2870.00   .1025035E-09
 77.0    2880.00   .1009898E-09
 77.0    2890.00   .1067085E-09
 77.0    2900.00   .1218441E-09
 77.0    2910.00   .1304420E-09
 77.0    2920.00   .1446955E-09
 77.0    2930.00   .1508720E-09
 77.0    2940.00   .1563267E-09
 77.0    2950.00   .1626602E-09
 77.0    2960.00   .1561604E-09
 77.0    2970.00   .1520603E-09
 77.0    2980.00   .1504503E-09
 77.0    2990.00   .1463976E-09
 77.0    3000.00   .1344072E-09
 77.0    3010.00   .1293947E-09
 77.0    3020.00   .1186319E-09
 77.0    3030.00   .1213437E-09
 77.0    3040.00   .1261635E-09
 77.0    3050.00   .1248419E-09
 77.0    3060.00   .1262202E-09
 77.0    3070.00   .1206960E-09
 77.0    3080.00   .1295007E-09
 77.0    3090.00   .1288004E-09
 77.0    3100.00   .1115518E-09
 77.0    3110.00   .1142157E-09
 77.0    3120.00   .1282801E-09
 77.0    3130.00   .1252729E-09
 77.0    3140.00   .1305060E-09
 77.0    3150.00   .1287464E-09
 77.0    3160.00   .1341204E-09
 77.0    3170.00   .1359219E-09
 77.0    3180.00   .1538159E-09
 77.0    3190.00   .1586470E-09
 77.0    3200.00   .1721830E-09
 77.0    3210.00   .1617482E-09
 77.0    3220.00   .1585812E-09
 77.0    3230.00   .1419187E-09
 77.0    3240.00   .1376068E-09
 77.0    3250.00   .1315489E-09
 77.0    3260.00   .1233790E-09
 77.0    3270.00   .1192136E-09
 77.0    3280.00   .1131531E-09
 77.0    3290.00   .1087254E-09
 77.0    3300.00   .1139400E-09
 77.0    3310.00   .1116232E-09
 77.0    3320.00   .1216223E-09
 77.0    3330.00   .1210727E-09
 77.0    3340.00   .1231105E-09
 77.0    3350.00   .1201803E-09
 77.0    3360.00   .1202474E-09
 77.0    3370.00   .1245873E-09
 77.0    3380.00   .1228009E-09
 77.0    3390.00   .1248824E-09
 77.0    3400.00   .1304970E-09
 77.0    3410.00   .1309387E-09
 77.0    3420.00   .1481230E-09
 77.0    3430.00   .1576870E-09
 77.0    3440.00   .1560309E-09
 77.0    3450.00   .1584821E-09
 77.0    3460.00   .1477366E-09
 77.0    3470.00   .1522329E-09
 77.0    3480.00   .1517920E-09
 77.0    3490.00   .1509202E-09
 77.0    3500.00   .1426141E-09
 77.0    3510.00   .1515914E-09
 77.0    3520.00   .1591751E-09
 77.0    3530.00   .1728395E-09
 77.0    3540.00   .1858580E-09
 77.0    3550.00   .1985636E-09
 77.0    3560.00   .1999457E-09
 77.0    3570.00   .1984304E-09
 77.0    3580.00   .2060871E-09
 77.0    3590.00   .2034808E-09
 77.0    3600.00   .2130922E-09
 77.0    3610.00   .2123197E-09
 77.0    3620.00   .2162760E-09
 77.0    3630.00   .2083709E-09
 77.0    3640.00   .1941763E-09
 77.0    3650.00   .1980253E-09
 77.0    3660.00   .2053994E-09
 77.0    3670.00   .2279289E-09
 77.0    3680.00   .2484914E-09
 77.0    3690.00   .2758960E-09
 77.0    3700.00   .3126100E-09
 77.0    3710.00   .3367891E-09
 77.0    3720.00   .3492069E-09
 77.0    3730.00   .3576892E-09
 77.0    3740.00   .3434164E-09
 77.0    3750.00   .3199732E-09
 77.0    3760.00   .2976234E-09
 77.0    3770.00   .2660811E-09
 77.0    3780.00   .2263997E-09
 77.0    3790.00   .1835976E-09
 77.0    3800.00   .1562808E-09
 77.0    3810.00   .1327008E-09
 77.0    3820.00   .1202958E-09
 77.0    3830.00   .1061447E-09
 77.0    3840.00   .1127220E-09
 77.0    3850.00   .1196417E-09
 77.0    3860.00   .1402151E-09
 77.0    3870.00   .1664235E-09
 77.0    3880.00   .2073051E-09
 77.0    3890.00   .2398872E-09
 77.0    3900.00   .2722792E-09
 77.0    3910.00   .2950080E-09
 77.0    3920.00   .3346315E-09
 77.0    3930.00   .3521431E-09
 77.0    3940.00   .3889562E-09
 77.0    3950.00   .4101190E-09
 77.0    3960.00   .4352142E-09
 77.0    3970.00   .4572322E-09
 77.0    3980.00   .4809665E-09
 77.0    3990.00   .4987530E-09
 77.0    4000.00   .4837685E-09
 77.0    4010.00   .4727610E-09
 77.0    4020.00   .4351752E-09
 77.0    4030.00   .4233958E-09
 77.0    4040.00   .3743255E-09
 77.0    4050.00   .3591915E-09
 77.0    4060.00   .3302111E-09
 77.0    4070.00   .3214470E-09
 77.0    4080.00   .3049735E-09
 77.0    4090.00   .3012299E-09
 77.0    4100.00   .2900578E-09
 77.0    4110.00   .2756154E-09
 77.0    4120.00   .2600996E-09
 77.0    4130.00   .2543251E-09
 77.0    4140.00   .2433888E-09
 77.0    4150.00   .2448522E-09
 77.0    4160.00   .2413252E-09
 77.0    4170.00   .2377806E-09
 77.0    4180.00   .2414649E-09
 77.0    4190.00   .2476202E-09
 77.0    4200.00   .2512180E-09
 77.0    4210.00   .2539368E-09
 77.0    4220.00   .2677550E-09
 77.0    4230.00   .2570711E-09
 77.0    4240.00   .2621371E-09
 77.0    4250.00   .2671721E-09
 77.0    4260.00   .2742436E-09
 77.0    4270.00   .2607671E-09
 77.0    4280.00   .2700729E-09
 77.0    4290.00   .2710668E-09
 77.0    4300.00   .2695997E-09
 77.0    4310.00   .2882481E-09
 77.0    4320.00   .2812743E-09
 77.0    4330.00   .2975146E-09
 77.0    4340.00   .2892475E-09
 77.0    4350.00   .2888420E-09
 77.0    4360.00   .2951590E-09
 77.0    4370.00   .2718158E-09
 77.0    4380.00   .2421302E-09
 77.0    4390.00   .2221687E-09
 77.0    4400.00   .2124063E-09
 77.0    4410.00   .1883777E-09
 77.0    4420.00   .1754085E-09
 77.0    4430.00   .1599253E-09
 77.0    4440.00   .1541488E-09
 77.0    4450.00   .1512008E-09
 77.0    4460.00   .1506700E-09
 77.0    4470.00   .1554350E-09
 77.0    4480.00   .1589647E-09
 77.0    4490.00   .1667029E-09
 77.0    4500.00   .1761839E-09
 77.0    4510.00   .1882120E-09
 77.0    4520.00   .1966713E-09
 77.0    4530.00   .2200267E-09
 77.0    4540.00   .2358317E-09
 77.0    4550.00   .2556300E-09
 77.0    4560.00   .2810525E-09
 77.0    4570.00   .2939642E-09
 77.0    4580.00   .3308645E-09
 77.0    4590.00   .3549108E-09
 77.0    4600.00   .3986591E-09
 77.0    4610.00   .4124548E-09
 77.0    4620.00   .4294951E-09
 77.0    4630.00   .4338167E-09
 77.0    4640.00   .4566154E-09
 77.0    4650.00   .4677225E-09
 77.0    4660.00   .4642603E-09
 77.0    4670.00   .4578661E-09
 77.0    4680.00   .4251818E-09
 77.0    4690.00   .4012516E-09
 77.0    4700.00   .3400192E-09
 77.0    4710.00   .3246626E-09
 77.0    4720.00   .2797739E-09
 77.0    4730.00   .2524395E-09
 77.0    4740.00   .2228395E-09
 77.0    4750.00   .2090030E-09
 77.0    4760.00   .1935436E-09
 77.0    4770.00   .1786995E-09
 77.0    4780.00   .1716876E-09
 77.0    4790.00   .1827554E-09
 77.0    4800.00   .1899038E-09
 77.0    4810.00   .1971997E-09
 77.0    4820.00   .2053928E-09
 77.0    4830.00   .2138216E-09
 77.0    4840.00   .2233920E-09
 77.0    4850.00   .2251065E-09
 77.0    4860.00   .2236949E-09
 77.0    4870.00   .2217079E-09
 77.0    4880.00   .2196893E-09
 77.0    4890.00   .2217159E-09
 77.0    4900.00   .2283660E-09
 77.0    4910.00   .2392015E-09
 77.0    4920.00   .2552166E-09
 77.0    4930.00   .2748899E-09
 77.0    4940.00   .3122775E-09
 77.0    4950.00   .3287425E-09
 77.0    4960.00   .3399618E-09
 77.0    4970.00   .3456595E-09
 77.0    4980.00   .3366982E-09
 77.0    4990.00   .3228820E-09
 77.0    5000.00   .3045382E-09
 77.0    5010.00   .2823382E-09
 77.0    5020.00   .2613493E-09
 77.0    5030.00   .2267891E-09
 77.0    5040.00   .2147268E-09
 77.0    5050.00   .2063153E-09
 77.0    5060.00   .2014502E-09
 77.0    5070.00   .1980141E-09
 77.0    5080.00   .1960494E-09
 77.0    5090.00   .1959452E-09
 77.0    5100.00   .1962450E-09
 77.0    5110.00   .1975955E-09
 77.0    5120.00   .1996258E-09
 77.0    5130.00   .1947707E-09
 77.0    5140.00   .1925529E-09
 77.0    5150.00   .1913299E-09
 77.0    5160.00   .1929853E-09
 77.0    5170.00   .1985866E-09
 77.0    5180.00   .2128702E-09
 77.0    5190.00   .2260196E-09
 77.0    5200.00   .2383066E-09
 77.0    5210.00   .2303275E-09
 77.0    5220.00   .2448157E-09
 77.0    5230.00   .2846512E-09
 77.0    5240.00   .2811606E-09
 77.0    5250.00   .2971117E-09
 77.0    5260.00   .2890118E-09
 77.0    5270.00   .3032844E-09
 77.0    5280.00   .3564873E-09
 77.0    5290.00   .3625101E-09
 77.0    5300.00   .3334691E-09
 77.0    5310.00   .3936024E-09
 77.0    5320.00   .3924442E-09
 77.0    5330.00   .3798312E-09
 77.0    5340.00   .3705519E-09
 77.0    5350.00   .3694929E-09
 77.0    5360.00   .3445873E-09
 77.0    5370.00   .3475906E-09
 77.0    5380.00   .3415175E-09
 77.0    5390.00   .3129760E-09
 77.0    5400.00   .3688659E-09
 77.0    5410.00   .3598688E-09
 77.0    5420.00   .3311819E-09
 77.0    5430.00   .3183129E-09
 77.0    5440.00   .3751383E-09
 77.0    5450.00   .4002495E-09
 77.0    5460.00   .4029111E-09
 77.0    5470.00   .4740080E-09
 77.0    5480.00   .4614680E-09
 77.0    5490.00   .4779201E-09
 77.0    5500.00   .5191855E-09
 77.0    5510.00   .5352294E-09
 77.0    5520.00   .5339337E-09
 77.0    5530.00   .4679255E-09
 77.0    5540.00   .4884689E-09
 77.0    5550.00   .4854905E-09
 77.0    5560.00   .4691693E-09
 77.0    5570.00   .4672211E-09
 77.0    5580.00   .4115051E-09
 77.0    5590.00   .3946284E-09
 77.0    5600.00   .3718945E-09
 77.0    5610.00   .3297108E-09
 77.0    5620.00   .3022201E-09
 77.0    5630.00   .2880318E-09
 77.0    5640.00   .2679368E-09
 77.0    5650.00   .2345362E-09
 77.0    5660.00   .2128839E-09
 77.0    5670.00   .1714716E-09
 77.0    5680.00   .1618362E-09
 77.0    5690.00   .1494514E-09
 77.0    5700.00   .1606335E-09
 77.0    5710.00   .1530832E-09
 77.0    5720.00   .1568039E-09
 77.0    5730.00   .1657818E-09
 77.0    5740.00   .1618944E-09
 77.0    5750.00   .1714385E-09
 77.0    5760.00   .1643499E-09
 77.0    5770.00   .1934984E-09
 77.0    5780.00   .2304694E-09
 77.0    5790.00   .2378931E-09
 77.0    5800.00   .2742940E-09
 77.0    5810.00   .2953578E-09
 77.0    5820.00   .3241195E-09
 77.0    5830.00   .3291698E-09
 77.0    5840.00   .3484763E-09
 77.0    5850.00   .3397296E-09
 77.0    5860.00   .3761767E-09
 77.0    5870.00   .3731117E-09
 77.0    5880.00   .3303445E-09
 77.0    5890.00   .2161303E-09
 77.0    5900.00   .3122172E-09
 77.0    5910.00   .3342015E-09
 77.0    5920.00   .3469235E-09
 77.0    5930.00   .2850550E-09
 77.0    5940.00   .2772255E-09
 77.0    5950.00   .2670393E-09
 77.0    5960.00   .2582526E-09
 77.0    5970.00   .2366375E-09
 77.0    5980.00   .2408011E-09
 77.0    5990.00   .2406095E-09
 77.0    6000.00   .2054212E-09
 77.0    6010.00   .2198492E-09
 77.0    6020.00   .2186351E-09
 77.0    6030.00   .2210486E-09
 77.0    6040.00   .2184238E-09
 77.0    6050.00   .2368493E-09
 77.0    6060.00   .2572885E-09
 77.0    6070.00   .2467958E-09
 77.0    6080.00   .2601860E-09
 77.0    6090.00   .2458938E-09
 77.0    6100.00   .2488390E-09
 77.0    6110.00   .2454552E-09
 77.0    6120.00   .2335460E-09
 77.0    6130.00   .2269303E-09
 77.0    6140.00   .2571454E-09
 77.0    6150.00   .2453998E-09
 77.0    6160.00   .2321846E-09
 77.0    6170.00   .2057062E-09
 77.0    6180.00   .2213415E-09
 77.0    6190.00   .2385929E-09
 77.0    6200.00   .2280595E-09
 77.0    6210.00   .2148582E-09
 77.0    6220.00   .2394775E-09
 77.0    6230.00   .2357953E-09
 77.0    6240.00   .2234662E-09
 77.0    6250.00   .2461071E-09
 77.0    6260.00   .2285223E-09
 77.0    6270.00   .2106323E-09
 77.0    6280.00   .2059022E-09
 77.0    6290.00   .1953151E-09
 77.0    6300.00   .1893670E-09
 77.0    6310.00   .1847670E-09
 77.0    6320.00   .1833670E-09
 77.0    6330.00   .1858640E-09
 77.0    6340.00   .1921256E-09
 77.0    6350.00   .1991867E-09
 77.0    6360.00   .2056492E-09
 77.0    6370.00   .2145452E-09
 77.0    6380.00   .2222494E-09
 77.0    6390.00   .2365737E-09
 77.0    6400.00   .2538388E-09
 77.0    6410.00   .2734863E-09
 77.0    6420.00   .2948196E-09
 77.0    6430.00   .3115164E-09
 77.0    6440.00   .3322753E-09
 77.0    6450.00   .3519057E-09
 77.0    6460.00   .3701849E-09
 77.0    6470.00   .3858241E-09
 77.0    6480.00   .3969888E-09
 77.0    6490.00   .4123968E-09
 77.0    6500.00   .4259577E-09
 77.0    6510.00   .4366153E-09
 77.0    6520.00   .4438071E-09
 77.0    6530.00   .4500387E-09
 77.0    6540.00   .4563212E-09
 77.0    6550.00   .4615890E-09
 77.0    6560.00   .4640151E-09
 77.0    6570.00   .4639586E-09
 77.0    6580.00   .4644167E-09
 77.0    6590.00   .4619512E-09
 77.0    6600.00   .4568605E-09
 77.0    6610.00   .4480750E-09
 77.0    6620.00   .4364805E-09
 77.0    6630.00   .4288072E-09
 77.0    6640.00   .4147499E-09
 77.0    6650.00   .3991454E-09
 77.0    6660.00   .3826662E-09
 77.0    6670.00   .3652918E-09
 77.0    6680.00   .3548335E-09
 77.0    6690.00   .3388156E-09
 77.0    6700.00   .3227748E-09
 77.0    6710.00   .3077021E-09
 77.0    6720.00   .2936059E-09
 77.0    6730.00   .2843812E-09
 77.0    6740.00   .2709793E-09
 77.0    6750.00   .2580299E-09
 77.0    6760.00   .2492310E-09
 77.0    6770.00   .2425988E-09
 77.0    6780.00   .2340357E-09
 77.0    6790.00   .2271826E-09
 77.0    6800.00   .2219165E-09
 77.0    6810.00   .2175380E-09
 77.0    6820.00   .2150699E-09
 77.0    6830.00   .2129168E-09
 77.0    6840.00   .2171849E-09
 77.0    6850.00   .2118797E-09
 77.0    6860.00   .1943629E-09
 77.0    6870.00   .1865416E-09
 77.0    6880.00   .1834800E-09
 77.0    6890.00   .1941805E-09
 77.0    6900.00   .2021724E-09
 77.0    6910.00   .2090988E-09
 77.0    6920.00   .2166864E-09
 77.0    6930.00   .2220476E-09
 77.0    6940.00   .2244949E-09
 77.0    6950.00   .2269108E-09
 77.0    6960.00   .2320009E-09
 77.0    6970.00   .2351811E-09
 77.0    6980.00   .2355984E-09
 77.0    6990.00   .2357284E-09
 77.0    7000.00   .2463494E-09
 77.0    7010.00   .2592795E-09
 77.0    7020.00   .2566586E-09
 77.0    7030.00   .2583222E-09
 77.0    7040.00   .2530499E-09
 77.0    7050.00   .2499498E-09
 77.0    7060.00   .2550272E-09
 77.0    7070.00   .2468097E-09
 77.0    7080.00   .2462203E-09
 77.0    7090.00   .2541950E-09
 77.0    7100.00   .2565598E-09
 77.0    7110.00   .2532674E-09
 77.0    7120.00   .2599217E-09
 77.0    7130.00   .2607437E-09
 77.0    7140.00   .2613215E-09
 77.0    7150.00   .2685932E-09
 77.0    7160.00   .2671996E-09
 77.0    7170.00   .2713337E-09
 77.0    7180.00   .2909286E-09
 77.0    7190.00   .3023294E-09
 77.0    7200.00   .3144859E-09
 77.0    7210.00   .3101680E-09
 77.0    7220.00   .3087717E-09
 77.0    7230.00   .3157294E-09
 77.0    7240.00   .3325927E-09
 77.0    7250.00   .3453429E-09
 77.0    7260.00   .3783568E-09
 77.0    7270.00   .3721095E-09
 77.0    7280.00   .3572054E-09
 77.0    7290.00   .3490227E-09
 77.0    7300.00   .3535314E-09
 77.0    7310.00   .3564672E-09
 77.0    7320.00   .3519786E-09
 77.0    7330.00   .3415369E-09
 77.0    7340.00   .3364557E-09
 77.0    7350.00   .3312837E-09
 77.0    7360.00   .3264814E-09
 77.0    7370.00   .3256992E-09
 77.0    7380.00   .3229141E-09
 77.0    7390.00   .3216536E-09
 77.0    7400.00   .3217913E-09
 77.0    7410.00   .3218920E-09
 77.0    7420.00   .3282658E-09
 77.0    7430.00   .3279341E-09
 77.0    7440.00   .3273087E-09
 77.0    7450.00   .3267117E-09
 77.0    7460.00   .3257900E-09
 77.0    7470.00   .3242816E-09
 77.0    7480.00   .3169147E-09
 77.0    7490.00   .3059264E-09
 77.0    7500.00   .2944338E-09
 77.0    7510.00   .2828122E-09
 77.0    7520.00   .2622284E-09
 77.0    7530.00   .2458914E-09
 77.0    7540.00   .2311442E-09
 77.0    7550.00   .2266925E-09
 77.0    7560.00   .2086782E-09
 77.0    7570.00   .1792772E-09
 77.0    7580.00   .1746565E-09
 77.0    7590.00   .1695613E-09
 77.0    7600.00   .1641453E-09
 77.0    7610.00   .1238536E-09
 77.0    7620.00   .5174323E-10
 77.0    7630.00   .9308574E-10
 77.0    7640.00   .1141575E-09
 77.0    7650.00   .9502077E-10
 77.0    7660.00   .1174521E-09
 77.0    7670.00   .1402711E-09
 77.0    7680.00   .1706751E-09
 77.0    7690.00   .1809950E-09
 77.0    7700.00   .1891792E-09
 77.0    7710.00   .1994616E-09
 77.0    7720.00   .1997647E-09
 77.0    7730.00   .1939788E-09
 77.0    7740.00   .2052720E-09
 77.0    7750.00   .2005018E-09
 77.0    7760.00   .1921838E-09
 77.0    7770.00   .1969720E-09
 77.0    7780.00   .1948013E-09
 77.0    7790.00   .1935915E-09
 77.0    7800.00   .1815293E-09
 77.0    7810.00   .1798289E-09
 77.0    7820.00   .1793523E-09
 77.0    7830.00   .1646356E-09
 77.0    7840.00   .1630118E-09
 77.0    7850.00   .1617337E-09
 77.0    7860.00   .1542853E-09
 77.0    7870.00   .1424159E-09
 77.0    7880.00   .1390270E-09
 77.0    7890.00   .1312929E-09
 77.0    7900.00   .1221333E-09
 77.0    7910.00   .1171577E-09
 77.0    7920.00   .1153482E-09
 77.0    7930.00   .1061642E-09
 77.0    7940.00   .9773107E-10
 77.0    7950.00   .9189682E-10
 77.0    7960.00   .9077479E-10
 77.0    7970.00   .8782757E-10
 77.0    7980.00   .7957286E-10
 77.0    7990.00   .7558056E-10
 77.0    8000.00   .7226299E-10
 77.0    8010.00   .7332265E-10
 77.0    8020.00   .6750104E-10
 77.0    8030.00   .6534717E-10
 77.0    8040.00   .6335185E-10
 77.0    8050.00   .6334244E-10
 77.0    8060.00   .6262726E-10
 77.0    8070.00   .6381414E-10
 77.0    8080.00   .6150475E-10
 77.0    8090.00   .5615962E-10
 77.0    8100.00   .5978655E-10
 77.0    8110.00   .5730210E-10
 77.0    8120.00   .5851592E-10
 77.0    8130.00   .5593626E-10
 77.0    8140.00   .5952937E-10
 77.0    8150.00   .5511108E-10
 77.0    8160.00   .5373296E-10
 77.0    8170.00   .5745322E-10
 77.0    8180.00   .5159470E-10
 77.0    8190.00   .4960623E-10
 77.0    8200.00   .4749067E-10
 77.0    8210.00   .4199828E-10
 77.0    8220.00   .3866423E-10
 77.0    8230.00   .3369872E-10
 77.0    8240.00   .2880192E-10
 77.0    8250.00   .2071955E-10
 77.0    8260.00   .1990040E-10
 77.0    8270.00   .1735648E-10
 77.0    8280.00   .1731609E-10
 77.0    8290.00   .1776245E-10
 77.0    8300.00   .1341729E-10
 77.0    8310.00   .1394620E-10
 77.0    8320.00   .1663822E-10
 77.0    8330.00   .1582052E-10
 77.0    8340.00   .1651798E-10
 77.0    8350.00   .2021764E-10
 77.0    8360.00   .1772132E-10
 77.0    8370.00   .2043993E-10
 77.0    8380.00   .2421612E-10
 77.0    8390.00   .2390782E-10
 77.0    8400.00   .2386181E-10
 77.0    8410.00   .2526390E-10
 77.0    8420.00   .2629088E-10
 77.0    8430.00   .3078371E-10
 77.0    8440.00   .3426907E-10
 77.0    8450.00   .3724787E-10
 77.0    8460.00   .3939761E-10
 77.0    8470.00   .4297367E-10
 77.0    8480.00   .5099983E-10
 77.0    8490.00   .5885644E-10
 77.0    8500.00   .6634109E-10
 77.0    8510.00   .7221076E-10
 77.0    8520.00   .7821855E-10
 77.0    8530.00   .8587868E-10
 77.0    8540.00   .9584049E-10
 77.0    8550.00   .1115819E-09
 77.0    8560.00   .1220721E-09
 77.0    8570.00   .1209405E-09
 77.0    8580.00   .1184836E-09
 77.0    8590.00   .1174563E-09
 77.0    8600.00   .1197973E-09
 77.0    8610.00   .1212133E-09
 77.0    8620.00   .1314631E-09
 77.0    8630.00   .1338532E-09
 77.0    8640.00   .1297612E-09
 77.0    8650.00   .1252008E-09
 77.0    8660.00   .1201709E-09
 77.0    8670.00   .1169294E-09
 77.0    8680.00   .1288044E-09
 77.0    8690.00   .1403688E-09
 77.0    8700.00   .1367750E-09
 77.0    8710.00   .1302681E-09
 77.0    8720.00   .1289337E-09
 77.0    8730.00   .1309495E-09
 77.0    8740.00   .1373775E-09
 77.0    8750.00   .1560178E-09
 77.0    8760.00   .1596629E-09
 77.0    8770.00   .1466014E-09
 77.0    8780.00   .1391423E-09
 77.0    8790.00   .1530200E-09
 77.0    8800.00   .1662603E-09
 77.0    8810.00   .1657167E-09
 77.0    8820.00   .1623685E-09
 77.0    8830.00   .1539228E-09
 77.0    8840.00   .1402682E-09
 77.0    8850.00   .1402437E-09
 77.0    8860.00   .1457175E-09
 77.0    8870.00   .1583636E-09
 77.0    8880.00   .1562989E-09
 77.0    8890.00   .1410854E-09
 77.0    8900.00   .1289610E-09
 77.0    8910.00   .1274809E-09
 77.0    8920.00   .1326602E-09
 77.0    8930.00   .1350979E-09
 77.0    8940.00   .1301969E-09
 77.0    8950.00   .1310203E-09
 77.0    8960.00   .1263119E-09
 77.0    8970.00   .1206146E-09
 77.0    8980.00   .1158627E-09
 77.0    8990.00   .1150367E-09
 77.0    9000.00   .1203563E-09
 77.0    9010.00   .1097908E-09
 77.0    9020.00   .1063539E-09
 77.0    9030.00   .1094104E-09
 77.0    9040.00   .1061888E-09
 77.0    9050.00   .1030845E-09
 77.0    9060.00   .1068569E-09
 77.0    9070.00   .1070277E-09
 77.0    9080.00   .1021498E-09
 77.0    9090.00   .1005092E-09
 77.0    9100.00   .1005325E-09
 77.0    9110.00   .1013351E-09
 77.0    9120.00   .1063541E-09
 77.0    9130.00   .1086571E-09
 77.0    9140.00   .1069489E-09
 77.0    9150.00   .1007228E-09
 77.0    9160.00   .9836024E-10
 77.0    9170.00   .9887772E-10
 77.0    9180.00   .9507302E-10
 77.0    9190.00   .9665508E-10
 77.0    9200.00   .9553107E-10
 77.0    9210.00   .9669346E-10
 77.0    9220.00   .1004076E-09
 77.0    9230.00   .1024396E-09
 77.0    9240.00   .1102935E-09
 77.0    9250.00   .1129926E-09
 77.0    9260.00   .9949316E-10
 77.0    9270.00   .9538327E-10
 77.0    9280.00   .9143935E-10
 77.0    9290.00   .8950350E-10
 77.0    9300.00   .9441143E-10
 77.0    9310.00   .9752951E-10
 77.0    9320.00   .9495919E-10
 77.0    9330.00   .8685915E-10
 77.0    9340.00   .7315483E-10
 77.0    9350.00   .7508421E-10
 77.0    9360.00   .7763607E-10
 77.0    9370.00   .8116319E-10
 77.0    9380.00   .7931769E-10
 77.0    9390.00   .1124461E-09
 77.0    9400.00   .1009995E-09
 77.0    9410.00   .6871296E-10
 77.0    9420.00   .7577891E-10
 77.0    9430.00   .7365434E-10
 77.0    9440.00   .7437175E-10
 77.0    9450.00   .8207989E-10
 77.0    9460.00   .8562308E-10
 77.0    9470.00   .9349338E-10
 77.0    9480.00   .9172212E-10
 77.0    9490.00   .9186940E-10
 77.0    9500.00   .9115826E-10
 77.0    9510.00   .9323344E-10
 77.0    9520.00   .8365572E-10
 77.0    9530.00   .9655175E-10
 77.0    9540.00   .1212946E-09
 77.0    9550.00   .1106461E-09
 77.0    9560.00   .1052653E-09
 77.0    9570.00   .1063851E-09
 77.0    9580.00   .9517731E-10
 77.0    9590.00   .9364561E-10
 77.0    9600.00   .1017824E-09
 77.0    9610.00   .9980066E-10
 77.0    9620.00   .9769163E-10
 77.0    9630.00   .8961342E-10
 77.0    9640.00   .8170607E-10
 77.0    9650.00   .8370242E-10
 77.0    9660.00   .8256017E-10
 77.0    9670.00   .8274828E-10
 77.0    9680.00   .7672292E-10
 77.0    9690.00   .6991541E-10
 77.0    9700.00   .7624898E-10
 77.0    9710.00   .7913897E-10
 77.0    9720.00   .8080002E-10
 77.0    9730.00   .7556785E-10
 77.0    9740.00   .7364050E-10
 77.0    9750.00   .7921381E-10
 77.0    9760.00   .7249673E-10
 77.0    9770.00   .7804146E-10
 77.0    9780.00   .8378590E-10
 77.0    9790.00   .7831738E-10
 77.0    9800.00   .8903159E-10
 77.0    9810.00   .9043330E-10
 77.0    9820.00   .8144796E-10
 77.0    9830.00   .8524278E-10
 77.0    9840.00   .9133246E-10
 77.0    9850.00   .1011534E-09
 77.0    9860.00   .1034032E-09
 77.0    9870.00   .1037812E-09
 77.0    9880.00   .1231132E-09
 77.0    9890.00   .1214453E-09
 77.0    9900.00   .1109611E-09
 77.0    9910.00   .1097420E-09
 77.0    9920.00   .1178868E-09
 77.0    9930.00   .1221374E-09
 77.0    9940.00   .1220720E-09
 77.0    9950.00   .1182021E-09
 77.0    9960.00   .1219148E-09
 77.0    9970.00   .1398595E-09
 77.0    9980.00   .1245326E-09
 77.0    9990.00   .1227440E-09
 77.0   10000.00   .1271530E-09
 77.0   10010.00   .1263520E-09
 77.0   10020.00   .1255495E-09
 77.0   10030.00   .1247452E-09
 77.0   10040.00   .1239393E-09
 77.0   10050.00   .1231317E-09
 77.0   10060.00   .1223223E-09
 77.0   10070.00   .1215116E-09
 77.0   10080.00   .1206990E-09
 77.0   10090.00   .1198847E-09
 77.0   10100.00   .1190690E-09
 77.0   10110.00   .1182515E-09
 77.0   10120.00   .1174325E-09
 77.0   10130.00   .1166118E-09
 77.0   10140.00   .1157895E-09
 77.0   10150.00   .1149657E-09
 77.0   10160.00   .1141403E-09
 77.0   10170.00   .1133132E-09
 77.0   10180.00   .1124846E-09
 77.0   10190.00   .1116544E-09
 77.0   10200.00   .1108226E-09
 77.0   10210.00   .1099894E-09
 77.0   10220.00   .1091546E-09
 77.0   10230.00   .1083182E-09
 77.0   10240.00   .1074803E-09
 77.0   10250.00   .1066410E-09
 77.0   10260.00   .1058000E-09
 77.0   10270.00   .1049575E-09
 77.0   10280.00   .1041135E-09
 77.0   10290.00   .1032682E-09
 77.0   10300.00   .1024212E-09
 77.0   10310.00   .1015729E-09
 77.0   10320.00   .1007228E-09
 77.0   10330.00   .9987161E-10
 77.0   10340.00   .9901876E-10
 77.0   10350.00   .9816455E-10
 77.0   10360.00   .9730885E-10
 77.0   10370.00   .9645167E-10
 77.0   10380.00   .9559304E-10
 77.0   10390.00   .9473312E-10
 77.0   10400.00   .9387166E-10
 77.0   10410.00   .9300883E-10
 77.0   10420.00   .9214457E-10
 77.0   10430.00   .9127903E-10
 77.0   10440.00   .9041204E-10
 77.0   10450.00   .8954364E-10
 77.0   10460.00   .8867387E-10
 77.0   10470.00   .8780284E-10
 77.0   10480.00   .8693035E-10
 77.0   10490.00   .8605654E-10
 77.0   10500.00   .8518150E-10
 77.0   10510.00   .8430510E-10
 77.0   10520.00   .8342738E-10
 77.0   10530.00   .8254837E-10
 77.0   10540.00   .8166806E-10
 77.0   10550.00   .8078642E-10
 77.0   10560.00   .7990359E-10
 77.0   10570.00   .7901945E-10
 77.0   10580.00   .7813408E-10
 77.0   10590.00   .7724741E-10
 77.0   10600.00   .7635959E-10
 77.0   10610.00   .7547049E-10
 77.0   10620.00   .7458017E-10
 77.0   10630.00   .7368867E-10
 77.0   10640.00   .7279598E-10
 77.0   10650.00   .7190204E-10
 77.0   10660.00   .7100695E-10
 77.0   10670.00   .7011067E-10
 77.0   10680.00   .6921321E-10
 77.0   10690.00   .6831455E-10
 77.0   10700.00   .6741482E-10
 77.0   10710.00   .6651391E-10
 77.0   10720.00   .6561188E-10
 77.0   10730.00   .6470866E-10
 77.0   10740.00   .6380438E-10
 77.0   10750.00   .6289896E-10
 77.0   10760.00   .6199246E-10
 77.0   10770.00   .6108482E-10
 77.0   10780.00   .6017611E-10
 77.0   10790.00   .5926632E-10
 77.0   10800.00   .5835546E-10
 77.0   10810.00   .5744345E-10
 77.0   10820.00   .5653046E-10
 77.0   10830.00   .5561636E-10
 77.0   10840.00   .5470123E-10
 77.0   10850.00   .5378508E-10
 77.0   10860.00   .5286784E-10
 77.0   10870.00   .5194960E-10
 77.0   10880.00   .5103035E-10
 77.0   10890.00   .5011007E-10
 77.0   10900.00   .4918876E-10
 77.0   10910.00   .4826646E-10
 77.0   10920.00   .4734317E-10
 77.0   10930.00   .4641892E-10
 77.0   10940.00   .4549363E-10
 77.0   10950.00   .4456738E-10
 77.0   10960.00   .4364013E-10
 77.0   10970.00   .4271196E-10
 77.0   10980.00   .4178282E-10
 77.0   10990.00   .4085268E-10
 77.0   11000.00   .3992163E-10
 77.0   11010.00   .3898960E-10
 77.0   11020.00   .3805667E-10
 77.0   11030.00   .3712276E-10
 77.0   11040.00   .3618797E-10
 77.0   11050.00   .3525225E-10
 77.0   11060.00   .3431559E-10
 77.0   11070.00   .3337801E-10
 77.0   11080.00   .3243955E-10
 77.0   11090.00   .3150017E-10
 77.0   11100.00   .3055990E-10
 77.0   11110.00   .2961873E-10
 77.0   11120.00   .2867667E-10
 77.0   11130.00   .2773374E-10
 77.0   11140.00   .2678991E-10
 77.0   11150.00   .2584521E-10
 77.0   11160.00   .2489966E-10
 77.0   11170.00   .2395321E-10
 77.0   11180.00   .2300593E-10
 77.0   11190.00   .2205777E-10
 77.0   11200.00   .2110877E-10
 77.0   11210.00   .2015890E-10
 77.0   11220.00   .1920819E-10
 77.0   11230.00   .1825665E-10
 77.0   11240.00   .1730428E-10
 77.0   11250.00   .1635106E-10
 77.0   11260.00   .1539700E-10
 77.0   11270.00   .1444213E-10
 77.0   11280.00   .1348643E-10
 77.0   11290.00   .1252992E-10
 77.0   11300.00   .1157257E-10
 77.0   11310.00   .1157734E-10
 77.0   11320.00   .1158211E-10
 77.0   11330.00   .1158686E-10
 77.0   11340.00   .1159158E-10
 77.0   11350.00   .1159631E-10
 77.0   11360.00   .1160104E-10
 77.0   11370.00   .1160576E-10
 77.0   11380.00   .1161045E-10
 77.0   11390.00   .1161514E-10
 77.0   11400.00   .1161982E-10
 77.0   11410.00   .1162450E-10
 77.0   11420.00   .1162916E-10
 77.0   11430.00   .1163381E-10
 77.0   11440.00   .1163845E-10
 77.0   11450.00   .1164310E-10
 77.0   11460.00   .1164772E-10
 77.0   11470.00   .1165235E-10
 77.0   11480.00   .1165696E-10
 77.0   11490.00   .1166158E-10
 77.0   11500.00   .1166618E-10
 77.0   11510.00   .1167077E-10
 77.0   11520.00   .1167536E-10
 77.0   11530.00   .1167994E-10
 77.0   11540.00   .1168452E-10
 77.0   11550.00   .1168910E-10
 77.0   11560.00   .1169366E-10
 77.0   11570.00   .1169823E-10
 77.0   11580.00   .1170278E-10
 77.0   11590.00   .1170733E-10
 77.0   11600.00   .1171189E-10
 77.0   11610.00   .1171644E-10
 77.0   11620.00   .1172098E-10
 77.0   11630.00   .1172552E-10
 77.0   11640.00   .1173005E-10
 77.0   11650.00   .1173457E-10
 77.0   11660.00   .1173912E-10
 77.0   11670.00   .1174364E-10
 77.0   11680.00   .1174817E-10
 77.0   11690.00   .1175270E-10
 77.0   11700.00   .1175722E-10
 77.0   11710.00   .1176174E-10
 77.0   11720.00   .1176625E-10
 77.0   11730.00   .1177078E-10
 77.0   11740.00   .1177528E-10
 77.0   11750.00   .1177982E-10
 77.0   11760.00   .1178433E-10
 77.0   11770.00   .1178886E-10
 77.0   11780.00   .1179337E-10
 77.0   11790.00   .1179790E-10
 77.0   11800.00   .1180241E-10
 77.0   11810.00   .1180694E-10
 77.0   11820.00   .1181146E-10
 77.0   11830.00   .1181600E-10
 77.0   11840.00   .1182051E-10
 77.0   11850.00   .1182504E-10
 77.0   11860.00   .1182957E-10
 77.0   11870.00   .1183412E-10
 77.0   11880.00   .1183866E-10
 77.0   11890.00   .1184320E-10
 77.0   11900.00   .1184774E-10
 77.0   11910.00   .1185230E-10
 77.0   11920.00   .1185685E-10
 77.0   11930.00   .1186141E-10
 77.0   11940.00   .1186598E-10
 77.0   11950.00   .1187054E-10
 77.0   11960.00   .1187513E-10
 77.0   11970.00   .1187970E-10
 77.0   11980.00   .1188430E-10
 77.0   11990.00   .1188887E-10
 77.0   12000.00   .1189349E-10
 77.0   12010.00   .1189809E-10
 77.0   12020.00   .1190269E-10
 77.0   12030.00   .1190731E-10
 77.0   12040.00   .1191195E-10
 77.0   12050.00   .1191658E-10
 77.0   12060.00   .1192122E-10
 77.0   12070.00   .1192587E-10
 77.0   12080.00   .1193053E-10
 77.0   12090.00   .1193521E-10
 77.0   12100.00   .1193988E-10
 77.0   12110.00   .1194457E-10
 77.0   12120.00   .1194926E-10
 77.0   12130.00   .1195398E-10
 77.0   12140.00   .1195868E-10
 77.0   12150.00   .1196342E-10
 77.0   12160.00   .1196815E-10
 77.0   12170.00   .1197290E-10
 77.0   12180.00   .1197766E-10
 77.0   12190.00   .1198244E-10
 77.0   12200.00   .1198723E-10
 77.0   12210.00   .1199201E-10
 77.0   12220.00   .1199683E-10
 77.0   12230.00   .1200164E-10
 77.0   12240.00   .1200648E-10
 77.0   12250.00   .1201133E-10
 77.0   12260.00   .1201619E-10
 77.0   12270.00   .1202106E-10
 77.0   12280.00   .1202594E-10
 77.0   12290.00   .1203084E-10
 77.0   12300.00   .1203577E-10
 77.0   12310.00   .1204070E-10
 77.0   12320.00   .1204564E-10
 77.0   12330.00   .1205061E-10
 77.0   12340.00   .1205559E-10
 77.0   12350.00   .1206057E-10
 77.0   12360.00   .1206559E-10
 77.0   12370.00   .1207061E-10
 77.0   12380.00   .1207565E-10
 77.0   12390.00   .1208071E-10
 77.0   12400.00   .1208580E-10
 77.0   12410.00   .1209089E-10
 77.0   12420.00   .1209601E-10
 77.0   12430.00   .1210114E-10
 77.0   12440.00   .1210630E-10
 77.0   12450.00   .1211146E-10
 77.0   12460.00   .1211664E-10
 77.0   12470.00   .1212184E-10
 77.0   12480.00   .1212708E-10
 77.0   12490.00   .1213232E-10
 77.0   12500.00   .1213758E-10
 77.0   12510.00   .1214375E-10
 77.0   12520.00   .1214994E-10
 77.0   12530.00   .1215615E-10
 77.0   12540.00   .1216237E-10
 77.0   12550.00   .1216862E-10
 77.0   12560.00   .1217489E-10
 77.0   12570.00   .1218119E-10
 77.0   12580.00   .1218751E-10
 77.0   12590.00   .1219384E-10
 77.0   12600.00   .1220018E-10
 77.0   12610.00   .1220656E-10
 77.0   12620.00   .1221296E-10
 77.0   12630.00   .1221938E-10
 77.0   12640.00   .1222584E-10
 77.0   12650.00   .1223230E-10
 77.0   12660.00   .1223880E-10
 77.0   12670.00   .1224531E-10
 77.0   12680.00   .1225185E-10
 77.0   12690.00   .1225843E-10
 77.0   12700.00   .1226501E-10
 77.0   12710.00   .1227164E-10
 77.0   12720.00   .1227828E-10
 77.0   12730.00   .1228496E-10
 77.0   12740.00   .1229165E-10
 77.0   12750.00   .1229836E-10
 77.0   12760.00   .1230512E-10
 77.0   12770.00   .1231189E-10
 77.0   12780.00   .1231869E-10
 77.0   12790.00   .1232553E-10
 77.0   12800.00   .1233239E-10
 77.0   12810.00   .1233928E-10
 77.0   12820.00   .1234618E-10
 77.0   12830.00   .1235314E-10
 77.0   12840.00   .1236011E-10
 77.0   12850.00   .1236711E-10
 77.0   12860.00   .1237413E-10
 77.0   12870.00   .1238121E-10
 77.0   12880.00   .1238830E-10
 77.0   12890.00   .1239542E-10
 77.0   12900.00   .1240256E-10
 77.0   12910.00   .1240974E-10
 77.0   12920.00   .1241695E-10
 77.0   12930.00   .1242419E-10
 77.0   12940.00   .1243146E-10
 77.0   12950.00   .1243875E-10
 77.0   12960.00   .1244607E-10
 77.0   12970.00   .1245342E-10
 77.0   12980.00   .1246079E-10
 77.0   12990.00   .1246820E-10
 77.0   13000.00   .1247563E-10
 77.0   13010.00   .1248309E-10
 77.0   13020.00   .1249058E-10
 77.0   13030.00   .1249809E-10
 77.0   13040.00   .1250564E-10
 77.0   13050.00   .1251321E-10
 77.0   13060.00   .1252081E-10
 77.0   13070.00   .1252842E-10
 77.0   13080.00   .1253608E-10
 77.0   13090.00   .1254376E-10
 77.0   13100.00   .1255145E-10
 77.0   13110.00   .1255918E-10
 77.0   13120.00   .1256693E-10
 77.0   13130.00   .1257472E-10
 77.0   13140.00   .1258252E-10
 77.0   13150.00   .1259036E-10
 77.0   13160.00   .1259820E-10
 77.0   13170.00   .1260608E-10
 77.0   13180.00   .1261399E-10
 77.0   13190.00   .1262191E-10
 77.0   13200.00   .1262988E-10
 77.0   13210.00   .1263786E-10
 77.0   13220.00   .1264587E-10
 77.0   13230.00   .1265390E-10
 77.0   13240.00   .1266196E-10
 77.0   13250.00   .1267004E-10
 77.0   13260.00   .1267814E-10
 77.0   13270.00   .1268626E-10
 77.0   13280.00   .1269441E-10
 77.0   13290.00   .1270259E-10
 77.0   13300.00   .1271079E-10
 77.0   13310.00   .1271901E-10
 77.0   13320.00   .1272725E-10
 77.0   13330.00   .1273553E-10
 77.0   13340.00   .1274381E-10
 77.0   13350.00   .1275211E-10
 77.0   13360.00   .1276045E-10
 77.0   13370.00   .1276881E-10
 77.0   13380.00   .1277718E-10
 77.0   13390.00   .1278558E-10
 77.0   13400.00   .1279401E-10
 77.0   13410.00   .1280246E-10
 77.0   13420.00   .1281093E-10
 77.0   13430.00   .1281941E-10
 77.0   13440.00   .1282792E-10
 77.0   13450.00   .1283645E-10
 77.0   13460.00   .1284499E-10
 77.0   13470.00   .1285357E-10
 77.0   13480.00   .1286217E-10
 77.0   13490.00   .1287077E-10
 77.0   13500.00   .1287941E-10
 77.0   13510.00   .1288806E-10
 77.0   13520.00   .1289673E-10
 77.0   13530.00   .1290542E-10
 77.0   13540.00   .1291413E-10
 77.0   13550.00   .1292287E-10
 77.0   13560.00   .1293162E-10
 77.0   13570.00   .1294039E-10
 77.0   13580.00   .1294917E-10
 77.0   13590.00   .1295798E-10
 77.0   13600.00   .1296682E-10
 77.0   13610.00   .1297566E-10
 77.0   13620.00   .1298452E-10
 77.0   13630.00   .1299340E-10
 77.0   13640.00   .1300230E-10
 77.0   13650.00   .1301122E-10
 77.0   13660.00   .1302016E-10
 77.0   13670.00   .1302910E-10
 77.0   13680.00   .1303806E-10
 77.0   13690.00   .1304706E-10
 77.0   13700.00   .1305605E-10
 77.0   13710.00   .1308044E-10
 77.0   13720.00   .1310483E-10
 77.0   13730.00   .1312928E-10
 77.0   13740.00   .1315377E-10
 77.0   13750.00   .1317827E-10
 77.0   13760.00   .1320283E-10
 77.0   13770.00   .1322739E-10
 77.0   13780.00   .1325201E-10
 77.0   13790.00   .1327666E-10
 77.0   13800.00   .1330135E-10
 77.0   13810.00   .1332605E-10
 77.0   13820.00   .1335080E-10
 77.0   13830.00   .1337558E-10
 77.0   13840.00   .1340039E-10
 77.0   13850.00   .1342526E-10
 77.0   13860.00   .1345013E-10
 77.0   13870.00   .1347505E-10
 77.0   13880.00   .1349999E-10
 77.0   13890.00   .1352498E-10
 77.0   13900.00   .1354997E-10
 77.0   13910.00   .1357502E-10
 77.0   13920.00   .1360010E-10
 77.0   13930.00   .1362520E-10
 77.0   13940.00   .1365033E-10
 77.0   13950.00   .1367549E-10
 77.0   13960.00   .1370071E-10
 77.0   13970.00   .1372594E-10
 77.0   13980.00   .1375120E-10
 77.0   13990.00   .1377649E-10
 77.0   14000.00   .1380181E-10
 77.0   14010.00   .1382716E-10
 77.0   14020.00   .1385254E-10
 77.0   14030.00   .1387795E-10
 77.0   14040.00   .1390340E-10
 77.0   14050.00   .1392885E-10
 77.0   14060.00   .1395437E-10
 77.0   14070.00   .1397990E-10
 77.0   14080.00   .1400545E-10
 77.0   14090.00   .1403103E-10
 77.0   14100.00   .1405666E-10
 77.0   14110.00   .1408229E-10
 77.0   14120.00   .1410796E-10
 77.0   14130.00   .1413366E-10
 77.0   14140.00   .1415939E-10
 77.0   14150.00   .1418515E-10
 77.0   14160.00   .1421093E-10
 77.0   14170.00   .1423674E-10
 77.0   14180.00   .1426256E-10
 77.0   14190.00   .1428844E-10
 77.0   14200.00   .1431434E-10
 77.0   14210.00   .1434024E-10
 77.0   14220.00   .1436618E-10
 77.0   14230.00   .1439214E-10
 77.0   14240.00   .1441815E-10
 77.0   14250.00   .1444416E-10
 77.0   14260.00   .1447019E-10
 77.0   14270.00   .1449628E-10
 77.0   14280.00   .1452237E-10
 77.0   14290.00   .1454848E-10
 77.0   14300.00   .1457462E-10
 77.0   14310.00   .1460080E-10
 77.0   14320.00   .1462699E-10
 77.0   14330.00   .1465321E-10
 77.0   14340.00   .1467945E-10
 77.0   14350.00   .1470571E-10
 77.0   14360.00   .1473200E-10
 77.0   14370.00   .1475830E-10
 77.0   14380.00   .1478463E-10
 77.0   14390.00   .1481098E-10
 77.0   14400.00   .1483735E-10
 77.0   14410.00   .1486376E-10
 77.0   14420.00   .1489018E-10
 77.0   14430.00   .1491661E-10
 77.0   14440.00   .1494308E-10
 77.0   14450.00   .1496956E-10
 77.0   14460.00   .1499606E-10
 77.0   14470.00   .1502259E-10
 77.0   14480.00   .1504914E-10
 77.0   14490.00   .1507571E-10
 77.0   14500.00   .1510229E-10
 77.0   14510.00   .1512888E-10
 77.0   14520.00   .1515552E-10
 77.0   14530.00   .1518217E-10
 77.0   14540.00   .1520884E-10
 77.0   14550.00   .1523551E-10
 77.0   14560.00   .1526222E-10
 77.0   14570.00   .1528892E-10
 77.0   14580.00   .1531566E-10
 77.0   14590.00   .1534243E-10
 77.0   14600.00   .1536920E-10
 77.0   14610.00   .1539600E-10
 77.0   14620.00   .1542279E-10
 77.0   14630.00   .1544962E-10
 77.0   14640.00   .1547647E-10
 77.0   14650.00   .1550331E-10
 77.0   14660.00   .1553019E-10
 77.0   14670.00   .1555707E-10
 77.0   14680.00   .1558398E-10
 77.0   14690.00   .1561091E-10
 77.0   14700.00   .1563784E-10
 77.0   14710.00   .1566479E-10
 77.0   14720.00   .1569174E-10
 77.0   14730.00   .1571872E-10
 77.0   14740.00   .1574572E-10
 77.0   14750.00   .1577272E-10
 77.0   14760.00   .1579974E-10
 77.0   14770.00   .1582677E-10
 77.0   14780.00   .1585382E-10
 77.0   14790.00   .1588089E-10
 77.0   14800.00   .1590795E-10
 77.0   14810.00   .1593503E-10
 77.0   14820.00   .1596213E-10
 77.0   14830.00   .1598922E-10
 77.0   14840.00   .1601635E-10
 77.0   14850.00   .1604348E-10
 77.0   14860.00   .1607060E-10
 77.0   14870.00   .1609776E-10
 77.0   14880.00   .1612492E-10
 77.0   14890.00   .1615208E-10
 77.0   14900.00   .1617929E-10
 77.0   14910.00   .1620646E-10
 77.0   14920.00   .1623367E-10
 77.0   14930.00   .1626089E-10
 77.0   14940.00   .1628811E-10
 77.0   14950.00   .1631535E-10
 77.0   14960.00   .1634259E-10
 77.0   14970.00   .1636984E-10
 77.0   14980.00   .1639710E-10
 77.0   14990.00   .1642438E-10
 77.0   15000.00   .1645166E-10
 77.0   15010.00   .1646238E-10
 77.0   15020.00   .1647311E-10
 77.0   15030.00   .1648381E-10
 77.0   15040.00   .1649451E-10
 77.0   15050.00   .1650519E-10
 77.0   15060.00   .1651590E-10
 77.0   15070.00   .1652655E-10
 77.0   15080.00   .1653721E-10
 77.0   15090.00   .1654788E-10
 77.0   15100.00   .1655853E-10
 77.0   15110.00   .1656914E-10
 77.0   15120.00   .1657977E-10
 77.0   15130.00   .1659037E-10
 77.0   15140.00   .1660098E-10
 77.0   15150.00   .1661157E-10
 77.0   15160.00   .1662215E-10
 77.0   15170.00   .1663272E-10
 77.0   15180.00   .1664327E-10
 77.0   15190.00   .1665383E-10
 77.0   15200.00   .1666436E-10
 77.0   15210.00   .1667489E-10
 77.0   15220.00   .1668541E-10
 77.0   15230.00   .1669590E-10
 77.0   15240.00   .1670639E-10
 77.0   15250.00   .1671687E-10
 77.0   15260.00   .1672733E-10
 77.0   15270.00   .1673779E-10
 77.0   15280.00   .1674824E-10
 77.0   15290.00   .1675866E-10
 77.0   15300.00   .1676907E-10
 77.0   15310.00   .1677948E-10
 77.0   15320.00   .1678987E-10
 77.0   15330.00   .1680025E-10
 77.0   15340.00   .1681062E-10
 77.0   15350.00   .1682098E-10
 77.0   15360.00   .1683131E-10
 77.0   15370.00   .1684165E-10
 77.0   15380.00   .1685196E-10
 77.0   15390.00   .1686225E-10
 77.0   15400.00   .1687255E-10
 77.0   15410.00   .1688282E-10
 77.0   15420.00   .1689307E-10
 77.0   15430.00   .1690332E-10
 77.0   15440.00   .1691355E-10
 77.0   15450.00   .1692377E-10
 77.0   15460.00   .1693397E-10
 77.0   15470.00   .1694417E-10
 77.0   15480.00   .1695434E-10
 77.0   15490.00   .1696450E-10
 77.0   15500.00   .1697464E-10
 77.0   15510.00   .1698476E-10
 77.0   15520.00   .1699489E-10
 77.0   15530.00   .1700499E-10
 77.0   15540.00   .1701508E-10
 77.0   15550.00   .1702515E-10
 77.0   15560.00   .1703518E-10
 77.0   15570.00   .1704523E-10
 77.0   15580.00   .1705526E-10
 77.0   15590.00   .1706526E-10
 77.0   15600.00   .1707525E-10
 77.0   15610.00   .1708523E-10
 77.0   15620.00   .1709517E-10
 77.0   15630.00   .1710512E-10
 77.0   15640.00   .1711504E-10
 77.0   15650.00   .1712495E-10
 77.0   15660.00   .1713484E-10
 77.0   15670.00   .1714472E-10
 77.0   15680.00   .1715457E-10
 77.0   15690.00   .1716442E-10
 77.0   15700.00   .1717424E-10
 77.0   15710.00   .1718404E-10
 77.0   15720.00   .1719382E-10
 77.0   15730.00   .1720360E-10
 77.0   15740.00   .1721335E-10
 77.0   15750.00   .1722308E-10
 77.0   15760.00   .1723279E-10
 77.0   15770.00   .1724250E-10
 77.0   15780.00   .1725218E-10
 77.0   15790.00   .1726182E-10
 77.0   15800.00   .1727148E-10
 77.0   15810.00   .1728110E-10
 77.0   15820.00   .1729071E-10
 77.0   15830.00   .1730028E-10
 77.0   15840.00   .1730986E-10
 77.0   15850.00   .1731941E-10
 77.0   15860.00   .1732893E-10
 77.0   15870.00   .1733842E-10
 77.0   15880.00   .1734792E-10
 77.0   15890.00   .1735740E-10
 77.0   15900.00   .1736684E-10
 77.0   15910.00   .1737626E-10
 77.0   15920.00   .1738568E-10
 77.0   15930.00   .1739506E-10
 77.0   15940.00   .1740443E-10
 77.0   15950.00   .1741377E-10
 77.0   15960.00   .1742310E-10
 77.0   15970.00   .1743240E-10
 77.0   15980.00   .1744169E-10
 77.0   15990.00   .1745094E-10
 77.0   16000.00   .1746018E-10
 77.0   16010.00   .1746940E-10
 77.0   16020.00   .1747861E-10
 77.0   16030.00   .1748778E-10
 77.0   16040.00   .1749693E-10
 77.0   16050.00   .1750606E-10
 77.0   16060.00   .1751517E-10
 77.0   16070.00   .1752426E-10
 77.0   16080.00   .1753334E-10
 77.0   16090.00   .1754238E-10
 77.0   16100.00   .1755139E-10
 77.0   16110.00   .1756038E-10
 77.0   16120.00   .1756936E-10
 77.0   16130.00   .1757831E-10
 77.0   16140.00   .1758725E-10
 77.0   16150.00   .1759614E-10
 77.0   16160.00   .1760502E-10
 77.0   16170.00   .1761389E-10
 77.0   16180.00   .1762271E-10
 77.0   16190.00   .1763152E-10
 77.0   16200.00   .1764032E-10
 77.0   16210.00   .1764907E-10
 77.0   16220.00   .1765780E-10
 77.0   16230.00   .1766652E-10
 77.0   16240.00   .1767520E-10
 77.0   16250.00   .1768388E-10
 77.0   16260.00   .1768543E-10
 77.0   16270.00   .1768698E-10
 77.0   16280.00   .1768852E-10
 77.0   16290.00   .1769003E-10
 77.0   16300.00   .1769151E-10
 77.0   16310.00   .1769299E-10
 77.0   16320.00   .1769444E-10
 77.0   16330.00   .1769589E-10
 77.0   16340.00   .1769731E-10
 77.0   16350.00   .1769868E-10
 77.0   16360.00   .1770006E-10
 77.0   16370.00   .1770143E-10
 77.0   16380.00   .1770278E-10
 77.0   16390.00   .1770410E-10
 77.0   16400.00   .1770540E-10
 77.0   16410.00   .1770669E-10
 77.0   16420.00   .1770795E-10
 77.0   16430.00   .1770920E-10
 77.0   16440.00   .1771042E-10
 77.0   16450.00   .1771164E-10
 77.0   16460.00   .1771281E-10
 77.0   16470.00   .1771397E-10
 77.0   16480.00   .1771510E-10
 77.0   16490.00   .1771623E-10
 77.0   16500.00   .1771734E-10
 77.0   16510.00   .1771840E-10
 77.0   16520.00   .1771947E-10
 77.0   16530.00   .1772051E-10
 77.0   16540.00   .1772153E-10
 77.0   16550.00   .1772253E-10
 77.0   16560.00   .1772350E-10
 77.0   16570.00   .1772446E-10
 77.0   16580.00   .1772539E-10
 77.0   16590.00   .1772630E-10
 77.0   16600.00   .1772719E-10
 77.0   16610.00   .1772806E-10
 77.0   16620.00   .1772889E-10
 77.0   16630.00   .1772972E-10
 77.0   16640.00   .1773053E-10
 77.0   16650.00   .1773130E-10
 77.0   16660.00   .1773206E-10
 77.0   16670.00   .1773279E-10
 77.0   16680.00   .1773349E-10
 77.0   16690.00   .1773418E-10
 77.0   16700.00   .1773484E-10
 77.0   16710.00   .1773547E-10
 77.0   16720.00   .1773609E-10
 77.0   16730.00   .1773668E-10
 77.0   16740.00   .1773724E-10
 77.0   16750.00   .1773779E-10
 77.0   16760.00   .1773831E-10
 77.0   16770.00   .1773881E-10
 77.0   16780.00   .1773927E-10
 77.0   16790.00   .1773972E-10
 77.0   16800.00   .1774013E-10
 77.0   16810.00   .1774054E-10
 77.0   16820.00   .1774090E-10
 77.0   16830.00   .1774127E-10
 77.0   16840.00   .1774159E-10
 77.0   16850.00   .1774188E-10
 77.0   16860.00   .1774216E-10
 77.0   16870.00   .1774241E-10
 77.0   16880.00   .1774264E-10
 77.0   16890.00   .1774284E-10
 77.0   16900.00   .1774302E-10
 77.0   16910.00   .1774317E-10
 77.0   16920.00   .1774332E-10
 77.0   16930.00   .1774342E-10
 77.0   16940.00   .1774350E-10
 77.0   16950.00   .1774356E-10
 77.0   16960.00   .1774361E-10
 77.0   16970.00   .1774362E-10
 77.0   16980.00   .1774362E-10
 77.0   16990.00   .1774358E-10
 77.0   17000.00   .1774353E-10
 77.0   17010.00   .1774347E-10
 77.0   17020.00   .1774337E-10
 77.0   17030.00   .1774325E-10
 77.0   17040.00   .1774311E-10
 77.0   17050.00   .1774295E-10
 77.0   17060.00   .1774276E-10
 77.0   17070.00   .1774256E-10
 77.0   17080.00   .1774234E-10
 77.0   17090.00   .1774209E-10
 77.0   17100.00   .1774180E-10
 77.0   17110.00   .1774152E-10
 77.0   17120.00   .1774121E-10
 77.0   17130.00   .1774087E-10
 77.0   17140.00   .1774052E-10
 77.0   17150.00   .1774013E-10
 77.0   17160.00   .1773974E-10
 77.0   17170.00   .1773933E-10
 77.0   17180.00   .1773888E-10
 77.0   17190.00   .1773843E-10
 77.0   17200.00   .1773794E-10
 77.0   17210.00   .1773743E-10
 77.0   17220.00   .1773693E-10
 77.0   17230.00   .1773638E-10
 77.0   17240.00   .1773582E-10
 77.0   17250.00   .1773524E-10
 77.0   17260.00   .1773464E-10
 77.0   17270.00   .1773402E-10
 77.0   17280.00   .1773338E-10
 77.0   17290.00   .1773271E-10
 77.0   17300.00   .1773204E-10
 77.0   17310.00   .1773135E-10
 77.0   17320.00   .1773063E-10
 77.0   17330.00   .1772990E-10
 77.0   17340.00   .1772915E-10
 77.0   17350.00   .1772837E-10
 77.0   17360.00   .1772758E-10
 77.0   17370.00   .1772678E-10
 77.0   17380.00   .1772595E-10
 77.0   17390.00   .1772510E-10
 77.0   17400.00   .1772424E-10
 77.0   17410.00   .1772336E-10
 77.0   17420.00   .1772244E-10
 77.0   17430.00   .1772153E-10
 77.0   17440.00   .1772059E-10
 77.0   17450.00   .1771964E-10
 77.0   17460.00   .1771867E-10
 77.0   17470.00   .1771767E-10
 77.0   17480.00   .1771669E-10
 77.0   17490.00   .1771566E-10
 77.0   17500.00   .1771461E-10
 77.0   17510.00   .1771356E-10
 77.0   17520.00   .1771247E-10
 77.0   17530.00   .1771140E-10
 77.0   17540.00   .1771029E-10
 77.0   17550.00   .1770917E-10
 77.0   17560.00   .1770803E-10
 77.0   17570.00   .1770687E-10
 77.0   17580.00   .1770570E-10
 77.0   17590.00   .1770450E-10
 77.0   17600.00   .1770329E-10
 77.0   17610.00   .1770209E-10
 77.0   17620.00   .1770085E-10
 77.0   17630.00   .1769960E-10
 77.0   17640.00   .1769833E-10
 77.0   17650.00   .1769706E-10
 77.0   17660.00   .1769576E-10
 77.0   17670.00   .1769445E-10
 77.0   17680.00   .1769312E-10
 77.0   17690.00   .1769177E-10
 77.0   17700.00   .1769043E-10
 77.0   17710.00   .1768905E-10
 77.0   17720.00   .1768766E-10
 77.0   17730.00   .1768627E-10
 77.0   17740.00   .1768486E-10
 77.0   17750.00   .1768343E-10
 77.0   17760.00   .1768199E-10
 77.0   17770.00   .1768052E-10
 77.0   17780.00   .1767905E-10
 77.0   17790.00   .1767756E-10
 77.0   17800.00   .1767607E-10
 77.0   17810.00   .1767455E-10
 77.0   17820.00   .1767303E-10
 77.0   17830.00   .1767150E-10
 77.0   17840.00   .1766995E-10
 77.0   17850.00   .1766837E-10
 77.0   17860.00   .1766680E-10
 77.0   17870.00   .1766521E-10
 77.0   17880.00   .1766361E-10
 77.0   17890.00   .1766199E-10
 77.0   17900.00   .1766036E-10
 77.0   17910.00   .1765872E-10
 77.0   17920.00   .1765706E-10
 77.0   17930.00   .1765540E-10
 77.0   17940.00   .1765374E-10
 77.0   17950.00   .1765204E-10
 77.0   17960.00   .1765033E-10
 77.0   17970.00   .1764863E-10
 77.0   17980.00   .1764690E-10
 77.0   17990.00   .1764517E-10
 77.0   18000.00   .1764342E-10
 77.0   18010.00   .1758355E-10
 77.0   18020.00   .1752369E-10
 77.0   18030.00   .1746382E-10
 77.0   18040.00   .1740395E-10
 77.0   18050.00   .1734408E-10
 77.0   18060.00   .1728422E-10
 77.0   18070.00   .1722436E-10
 77.0   18080.00   .1716450E-10
 77.0   18090.00   .1710464E-10
 77.0   18100.00   .1704478E-10
 77.0   18110.00   .1698493E-10
 77.0   18120.00   .1692507E-10
 77.0   18130.00   .1686521E-10
 77.0   18140.00   .1680537E-10
 77.0   18150.00   .1674554E-10
 77.0   18160.00   .1668571E-10
 77.0   18170.00   .1662587E-10
 77.0   18180.00   .1656603E-10
 77.0   18190.00   .1650622E-10
 77.0   18200.00   .1644639E-10
 77.0   18210.00   .1638656E-10
 77.0   18220.00   .1632676E-10
 77.0   18230.00   .1626695E-10
 77.0   18240.00   .1620715E-10
 77.0   18250.00   .1614734E-10
 77.0   18260.00   .1608755E-10
 77.0   18270.00   .1602776E-10
 77.0   18280.00   .1596797E-10
 77.0   18290.00   .1590820E-10
 77.0   18300.00   .1584844E-10
 77.0   18310.00   .1578867E-10
 77.0   18320.00   .1572890E-10
 77.0   18330.00   .1566917E-10
 77.0   18340.00   .1560941E-10
 77.0   18350.00   .1554968E-10
 77.0   18360.00   .1548996E-10
 77.0   18370.00   .1543024E-10
 77.0   18380.00   .1537052E-10
 77.0   18390.00   .1531081E-10
 77.0   18400.00   .1525112E-10
 77.0   18410.00   .1519142E-10
 77.0   18420.00   .1513173E-10
 77.0   18430.00   .1507207E-10
 77.0   18440.00   .1501240E-10
 77.0   18450.00   .1495275E-10
 77.0   18460.00   .1489310E-10
 77.0   18470.00   .1483346E-10
 77.0   18480.00   .1477383E-10
 77.0   18490.00   .1471420E-10
 77.0   18500.00   .1465460E-10
 77.0   18510.00   .1459500E-10
 77.0   18520.00   .1453540E-10
 77.0   18530.00   .1447582E-10
 77.0   18540.00   .1441625E-10
 77.0   18550.00   .1435669E-10
 77.0   18560.00   .1429713E-10
 77.0   18570.00   .1423760E-10
 77.0   18580.00   .1417807E-10
 77.0   18590.00   .1411855E-10
 77.0   18600.00   .1405903E-10
 77.0   18610.00   .1399955E-10
 77.0   18620.00   .1394006E-10
 77.0   18630.00   .1388058E-10
 77.0   18640.00   .1382111E-10
 77.0   18650.00   .1376167E-10
 77.0   18660.00   .1370222E-10
 77.0   18670.00   .1364280E-10
 77.0   18680.00   .1358339E-10
 77.0   18690.00   .1352398E-10
 77.0   18700.00   .1346459E-10
 77.0   18710.00   .1340521E-10
 77.0   18720.00   .1334585E-10
 77.0   18730.00   .1328648E-10
 77.0   18740.00   .1322713E-10
 77.0   18750.00   .1316781E-10
 77.0   18760.00   .1310851E-10
 77.0   18770.00   .1304919E-10
 77.0   18780.00   .1298990E-10
 77.0   18790.00   .1293061E-10
 77.0   18800.00   .1287136E-10
 77.0   18810.00   .1281210E-10
 77.0   18820.00   .1275287E-10
 77.0   18830.00   .1269365E-10
 77.0   18840.00   .1263443E-10
 77.0   18850.00   .1257523E-10
 77.0   18860.00   .1251607E-10
 77.0   18870.00   .1245690E-10
 77.0   18880.00   .1239773E-10
 77.0   18890.00   .1233859E-10
 77.0   18900.00   .1227947E-10
 77.0   18910.00   .1222036E-10
 77.0   18920.00   .1216126E-10
 77.0   18930.00   .1210218E-10
 77.0   18940.00   .1204311E-10
 77.0   18950.00   .1198405E-10
 77.0   18960.00   .1192502E-10
 77.0   18970.00   .1186600E-10
 77.0   18980.00   .1180699E-10
 77.0   18990.00   .1174799E-10
 77.0   19000.00   .1168902E-10
 77.0   19010.00   .1163005E-10
 77.0   19020.00   .1157111E-10
 77.0   19030.00   .1151217E-10
 77.0   19040.00   .1145325E-10
 77.0   19050.00   .1139435E-10
 77.0   19060.00   .1133546E-10
 77.0   19070.00   .1127660E-10
 77.0   19080.00   .1121775E-10
 77.0   19090.00   .1115890E-10
 77.0   19100.00   .1110009E-10
 77.0   19110.00   .1104127E-10
 77.0   19120.00   .1098248E-10
 77.0   19130.00   .1092370E-10
 77.0   19140.00   .1086494E-10
 77.0   19150.00   .1080620E-10
 77.0   19160.00   .1074748E-10
 77.0   19170.00   .1068875E-10
 77.0   19180.00   .1063008E-10
 77.0   19190.00   .1057139E-10
 77.0   19200.00   .1051273E-10
 77.0   19210.00   .1045407E-10
 77.0   19220.00   .1039545E-10
 77.0   19230.00   .1033683E-10
 77.0   19240.00   .1027823E-10
 77.0   19250.00   .1021967E-10
 77.0   19260.00   .1016111E-10
 77.0   19270.00   .1010254E-10
 77.0   19280.00   .1004402E-10
 77.0   19290.00   .9985505E-11
 77.0   19300.00   .9927010E-11
 77.0   19310.00   .9868522E-11
 77.0   19320.00   .9810069E-11
 77.0   19330.00   .9751620E-11
 77.0   19340.00   .9693187E-11
 77.0   19350.00   .9634783E-11
 77.0   19360.00   .9576384E-11
 77.0   19370.00   .9518002E-11
 77.0   19380.00   .9459640E-11
 77.0   19390.00   .9401302E-11
 77.0   19400.00   .9342980E-11
 77.0   19410.00   .9284654E-11
 77.0   19420.00   .9226365E-11
 77.0   19430.00   .9168089E-11
 77.0   19440.00   .9109830E-11
 77.0   19450.00   .9051583E-11
 77.0   19460.00   .8993357E-11
 77.0   19470.00   .8935153E-11
 77.0   19480.00   .8876958E-11
 77.0   19490.00   .8818785E-11
 77.0   19500.00   .8760627E-11
 77.0   19510.00   .8702489E-11
 77.0   19520.00   .8644362E-11
 77.0   19530.00   .8586257E-11
 77.0   19540.00   .8528169E-11
 77.0   19550.00   .8470097E-11
 77.0   19560.00   .8412048E-11
 77.0   19570.00   .8354006E-11
 77.0   19580.00   .8295985E-11
 77.0   19590.00   .8237979E-11
 77.0   19600.00   .8179998E-11
 77.0   19610.00   .8122028E-11
 77.0   19620.00   .8064068E-11
 77.0   19630.00   .8006134E-11
 77.0   19640.00   .7948215E-11
 77.0   19650.00   .7890312E-11
 77.0   19660.00   .7832438E-11
 77.0   19670.00   .7774561E-11
 77.0   19680.00   .7716708E-11
 77.0   19690.00   .7658869E-11
 77.0   19700.00   .7601050E-11
 77.0   19710.00   .7543249E-11
 77.0   19720.00   .7485461E-11
 77.0   19730.00   .7427691E-11
 77.0   19740.00   .7369938E-11
 77.0   19750.00   .7312202E-11
 77.0   19760.00   .7254476E-11
 77.0   19770.00   .7196773E-11
 77.0   19780.00   .7139079E-11
 77.0   19790.00   .7081407E-11
 77.0   19800.00   .7023750E-11
 77.0   19810.00   .6966110E-11
 77.0   19820.00   .6908479E-11
 77.0   19830.00   .6850872E-11
 77.0   19840.00   .6793272E-11
 77.0   19850.00   .6735697E-11
 77.0   19860.00   .6678129E-11
 77.0   19870.00   .6620581E-11
 77.0   19880.00   .6563046E-11
 77.0   19890.00   .6505531E-11
 77.0   19900.00   .6448031E-11
 77.0   19910.00   .6390539E-11
 77.0   19920.00   .6333068E-11
 77.0   19930.00   .6275609E-11
 77.0   19940.00   .6218172E-11
 77.0   19950.00   .6160745E-11
 77.0   19960.00   .6103331E-11
 77.0   19970.00   .6045929E-11
 77.0   19980.00   .5988551E-11
 77.0   19990.00   .5931181E-11
 77.0   20000.00   .5873829E-11
 77.0   20010.00   .5816490E-11
 77.0   20020.00   .5759165E-11
 77.0   20030.00   .5701858E-11
 77.0   20040.00   .5644559E-11
 77.0   20050.00   .5587282E-11
 77.0   20060.00   .5530014E-11
 77.0   20070.00   .5472761E-11
 77.0   20080.00   .5415524E-11
 77.0   20090.00   .5358296E-11
 77.0   20100.00   .5301089E-11
 77.0   20110.00   .5300530E-11
 77.0   20120.00   .5299971E-11
 77.0   20130.00   .5299416E-11
 77.0   20140.00   .5298862E-11
 77.0   20150.00   .5298314E-11
 77.0   20160.00   .5297765E-11
 77.0   20170.00   .5297217E-11
 77.0   20180.00   .5296671E-11
 77.0   20190.00   .5296127E-11
 77.0   20200.00   .5295592E-11
 77.0   20210.00   .5295051E-11
 77.0   20220.00   .5294513E-11
 77.0   20230.00   .5293977E-11
 77.0   20240.00   .5293448E-11
 77.0   20250.00   .5292915E-11
 77.0   20260.00   .5292388E-11
 77.0   20270.00   .5291862E-11
 77.0   20280.00   .5291335E-11
 77.0   20290.00   .5290813E-11
 77.0   20300.00   .5290293E-11
 77.0   20310.00   .5289773E-11
 77.0   20320.00   .5289261E-11
 77.0   20330.00   .5288744E-11
 77.0   20340.00   .5288234E-11
 77.0   20350.00   .5287725E-11
 77.0   20360.00   .5287215E-11
 77.0   20370.00   .5286709E-11
 77.0   20380.00   .5286204E-11
 77.0   20390.00   .5285705E-11
 77.0   20400.00   .5285201E-11
 77.0   20410.00   .5284707E-11
 77.0   20420.00   .5284211E-11
 77.0   20430.00   .5283716E-11
 77.0   20440.00   .5283226E-11
 77.0   20450.00   .5282738E-11
 77.0   20460.00   .5282250E-11
 77.0   20470.00   .5281763E-11
 77.0   20480.00   .5281283E-11
 77.0   20490.00   .5280801E-11
 77.0   20500.00   .5280322E-11
 77.0   20510.00   .5279848E-11
 77.0   20520.00   .5279372E-11
 77.0   20530.00   .5278899E-11
 77.0   20540.00   .5278430E-11
 77.0   20550.00   .5277964E-11
 77.0   20560.00   .5277494E-11
 77.0   20570.00   .5277032E-11
 77.0   20580.00   .5276568E-11
 77.0   20590.00   .5276107E-11
 77.0   20600.00   .5275653E-11
 77.0   20610.00   .5275196E-11
 77.0   20620.00   .5274746E-11
 77.0   20630.00   .5274293E-11
 77.0   20640.00   .5273844E-11
 77.0   20650.00   .5273394E-11
 77.0   20660.00   .5272952E-11
 77.0   20670.00   .5272511E-11
 77.0   20680.00   .5272069E-11
 77.0   20690.00   .5271632E-11
 77.0   20700.00   .5271194E-11
 77.0   20710.00   .5270757E-11
 77.0   20720.00   .5270328E-11
 77.0   20730.00   .5269899E-11
 77.0   20740.00   .5269473E-11
 77.0   20750.00   .5269045E-11
 77.0   20760.00   .5268625E-11
 77.0   20770.00   .5268205E-11
 77.0   20780.00   .5267783E-11
 77.0   20790.00   .5267368E-11
 77.0   20800.00   .5266953E-11
 77.0   20810.00   .5266539E-11
 77.0   20820.00   .5266132E-11
 77.0   20830.00   .5265725E-11
 77.0   20840.00   .5265317E-11
 77.0   20850.00   .5264914E-11
 77.0   20860.00   .5264512E-11
 77.0   20870.00   .5264110E-11
 77.0   20880.00   .5263714E-11
 77.0   20890.00   .5263320E-11
 77.0   20900.00   .5262928E-11
 77.0   20910.00   .5262539E-11
 77.0   20920.00   .5262151E-11
 77.0   20930.00   .5261767E-11
 77.0   20940.00   .5261380E-11
 77.0   20950.00   .5261000E-11
 77.0   20960.00   .5260618E-11
 77.0   20970.00   .5260240E-11
 77.0   20980.00   .5259867E-11
 77.0   20990.00   .5259498E-11
 77.0   21000.00   .5259126E-11
 77.0   21010.00   .5258757E-11
 77.0   21020.00   .5258389E-11
 77.0   21030.00   .5258028E-11
 77.0   21040.00   .5257666E-11
 77.0   21050.00   .5257306E-11
 77.0   21060.00   .5256948E-11
 77.0   21070.00   .5256594E-11
 77.0   21080.00   .5256242E-11
 77.0   21090.00   .5255894E-11
 77.0   21100.00   .5255544E-11
 77.0   21110.00   .5255196E-11
 77.0   21120.00   .5254856E-11
 77.0   21130.00   .5254514E-11
 77.0   21140.00   .5254174E-11
 77.0   21150.00   .5253837E-11
 77.0   21160.00   .5253503E-11
 77.0   21170.00   .5253170E-11
 77.0   21180.00   .5252846E-11
 77.0   21190.00   .5252517E-11
 77.0   21200.00   .5252185E-11
 77.0   21210.00   .5251868E-11
 77.0   21220.00   .5251544E-11
 77.0   21230.00   .5251229E-11
 77.0   21240.00   .5250911E-11
 77.0   21250.00   .5250599E-11
 77.0   21260.00   .5250286E-11
 77.0   21270.00   .5249977E-11
 77.0   21280.00   .5249670E-11
 77.0   21290.00   .5249362E-11
 77.0   21300.00   .5249061E-11
 77.0   21310.00   .5248762E-11
 77.0   21320.00   .5248464E-11
 77.0   21330.00   .5248166E-11
 77.0   21340.00   .5247875E-11
 77.0   21350.00   .5247583E-11
 77.0   21360.00   .5247295E-11
 77.0   21370.00   .5247012E-11
 77.0   21380.00   .5246727E-11
 77.0   21390.00   .5246445E-11
 77.0   21400.00   .5246165E-11
 77.0   21410.00   .5245886E-11
 77.0   21420.00   .5245616E-11
 77.0   21430.00   .5245341E-11
 77.0   21440.00   .5245070E-11
 77.0   21450.00   .5244805E-11
 77.0   21460.00   .5244538E-11
 77.0   21470.00   .5244276E-11
 77.0   21480.00   .5244016E-11
 77.0   21490.00   .5243759E-11
 77.0   21500.00   .5243504E-11
 77.0   21510.00   .5243250E-11
 77.0   21520.00   .5242998E-11
 77.0   21530.00   .5242748E-11
 77.0   21540.00   .5242502E-11
 77.0   21550.00   .5242260E-11
 77.0   21560.00   .5242018E-11
 77.0   21570.00   .5241781E-11
 77.0   21580.00   .5241541E-11
 77.0   21590.00   .5241307E-11
 77.0   21600.00   .5241073E-11
 77.0   21610.00   .5240846E-11
 77.0   21620.00   .5240618E-11
 77.0   21630.00   .5240391E-11
 77.0   21640.00   .5240173E-11
 77.0   21650.00   .5239954E-11
 77.0   21660.00   .5239734E-11
 77.0   21670.00   .5239521E-11
 77.0   21680.00   .5239306E-11
 77.0   21690.00   .5239096E-11
 77.0   21700.00   .5238889E-11
 77.0   21710.00   .5238682E-11
 77.0   21720.00   .5238478E-11
 77.0   21730.00   .5238277E-11
 77.0   21740.00   .5238080E-11
 77.0   21750.00   .5237881E-11
 77.0   21760.00   .5237691E-11
 77.0   21770.00   .5237502E-11
 77.0   21780.00   .5237313E-11
 77.0   21790.00   .5237124E-11
 77.0   21800.00   .5236941E-11
 77.0   21810.00   .5236759E-11
 77.0   21820.00   .5236580E-11
 77.0   21830.00   .5236404E-11
 77.0   21840.00   .5236231E-11
 77.0   21850.00   .5236058E-11
 77.0   21860.00   .5235887E-11
 77.0   21870.00   .5235725E-11
 77.0   21880.00   .5235556E-11
 77.0   21890.00   .5235395E-11
 77.0   21900.00   .5235238E-11
 77.0   21910.00   .5235084E-11
 77.0   21920.00   .5234925E-11
 77.0   21930.00   .5234775E-11
 77.0   21940.00   .5234625E-11
 77.0   21950.00   .5234477E-11
 77.0   21960.00   .5234332E-11
 77.0   21970.00   .5234194E-11
 77.0   21980.00   .5234053E-11
 77.0   21990.00   .5233915E-11
 77.0   22000.00   .5233785E-11
 77.0   22010.00   .5233651E-11
 77.0   22020.00   .5233522E-11
 77.0   22030.00   .5233395E-11
 77.0   22040.00   .5233270E-11
 77.0   22050.00   .5233150E-11
 77.0   22060.00   .5233028E-11
 77.0   22070.00   .5232911E-11
 77.0   22080.00   .5232799E-11
 77.0   22090.00   .5232688E-11
 77.0   22100.00   .5232576E-11
 77.0   22110.00   .5232471E-11
 77.0   22120.00   .5232363E-11
 77.0   22130.00   .5232268E-11
 77.0   22140.00   .5232164E-11
 77.0   22150.00   .5232067E-11
 77.0   22160.00   .5231975E-11
 77.0   22170.00   .5231884E-11
 77.0   22180.00   .5231794E-11
 77.0   22190.00   .5231709E-11
 77.0   22200.00   .5231628E-11
 77.0   22210.00   .5231546E-11
 77.0   22220.00   .5231464E-11
 77.0   22230.00   .5231389E-11
 77.0   22240.00   .5231317E-11
 77.0   22250.00   .5231246E-11
 77.0   22260.00   .5231177E-11
 77.0   22270.00   .5231112E-11
 77.0   22280.00   .5231050E-11
 77.0   22290.00   .5230983E-11
 77.0   22300.00   .5230929E-11
 77.0   22310.00   .5230871E-11
 77.0   22320.00   .5230823E-11
 77.0   22330.00   .5230771E-11
 77.0   22340.00   .5230724E-11
 77.0   22350.00   .5230678E-11
 77.0   22360.00   .5230634E-11
 77.0   22370.00   .5230593E-11
 77.0   22380.00   .5230559E-11
 77.0   22390.00   .5230523E-11
 77.0   22400.00   .5230492E-11
 77.0   22410.00   .5230462E-11
 77.0   22420.00   .5230434E-11
 77.0   22430.00   .5230412E-11
 77.0   22440.00   .5230389E-11
 77.0   22450.00   .5230369E-11
 77.0   22460.00   .5230354E-11
 77.0   22470.00   .5230339E-11
 77.0   22480.00   .5230324E-11
 77.0   22490.00   .5230317E-11
 77.0   22500.00   .5230311E-11
 77.0   22510.00   .5230305E-11
 77.0   22520.00   .5230305E-11
 77.0   22530.00   .5230306E-11
 77.0   22540.00   .5230309E-11
 77.0   22550.00   .5230313E-11
 77.0   22560.00   .5230323E-11
 77.0   22570.00   .5230334E-11
 77.0   22580.00   .5230345E-11
 77.0   22590.00   .5230361E-11
 77.0   22600.00   .5230378E-11
 77.0   22610.00   .5230397E-11
 77.0   22620.00   .5230418E-11
 77.0   22630.00   .5230446E-11
 77.0   22640.00   .5230472E-11
 77.0   22650.00   .5230500E-11
 77.0   22660.00   .5230534E-11
 77.0   22670.00   .5230566E-11
 77.0   22680.00   .5230604E-11
 77.0   22690.00   .5230645E-11
 77.0   22700.00   .5230687E-11
 77.0   22710.00   .5230728E-11
 77.0   22720.00   .5230773E-11
 77.0   22730.00   .5230822E-11
 77.0   22740.00   .5230873E-11
 77.0   22750.00   .5230925E-11
 77.0   22760.00   .5230978E-11
 77.0   22770.00   .5231036E-11
 77.0   22780.00   .5231093E-11
 77.0   22790.00   .5231157E-11
 77.0   22800.00   .5231221E-11
 77.0   22810.00   .5231287E-11
 77.0   22820.00   .5231356E-11
 77.0   22830.00   .5231425E-11
 77.0   22840.00   .5231496E-11
 77.0   22850.00   .5231575E-11
 77.0   22860.00   .5231647E-11
 77.0   22870.00   .5231728E-11
 77.0   22880.00   .5231808E-11
 77.0   22890.00   .5231892E-11
 77.0   22900.00   .5231973E-11
 77.0   22910.00   .5232065E-11
 77.0   22920.00   .5232154E-11
 77.0   22930.00   .5232243E-11
 77.0   22940.00   .5232339E-11
 77.0   22950.00   .5232432E-11
 77.0   22960.00   .5232531E-11
 77.0   22970.00   .5232630E-11
 77.0   22980.00   .5232731E-11
 77.0   22990.00   .5232838E-11
 77.0   23000.00   .5232942E-11
 77.0   23010.00   .5233051E-11
 77.0   23020.00   .5233163E-11
 77.0   23030.00   .5233272E-11
 77.0   23040.00   .5233387E-11
 77.0   23050.00   .5233503E-11
 77.0   23060.00   .5233621E-11
 77.0   23070.00   .5233738E-11
 77.0   23080.00   .5233861E-11
 77.0   23090.00   .5233985E-11
 77.0   23100.00   .5234113E-11
 77.0   23110.00   .5234241E-11
 77.0   23120.00   .5234369E-11
 77.0   23130.00   .5234501E-11
 77.0   23140.00   .5234632E-11
 77.0   23150.00   .5234766E-11
 77.0   23160.00   .5234905E-11
 77.0   23170.00   .5235044E-11
 77.0   23180.00   .5235181E-11
 77.0   23190.00   .5235324E-11
 77.0   23200.00   .5235468E-11
 77.0   23210.00   .5235617E-11
 77.0   23220.00   .5235765E-11
 77.0   23230.00   .5235914E-11
 77.0   23240.00   .5236069E-11
 77.0   23250.00   .5236222E-11
 77.0   23260.00   .5236378E-11
 77.0   23270.00   .5236533E-11
 77.0   23280.00   .5236694E-11
 77.0   23290.00   .5236853E-11
 77.0   23300.00   .5237016E-11
 77.0   23310.00   .5237182E-11
 77.0   23320.00   .5237343E-11
 77.0   23330.00   .5237512E-11
 77.0   23340.00   .5237681E-11
 77.0   23350.00   .5237852E-11
 77.0   23360.00   .5238024E-11
 77.0   23370.00   .5238200E-11
 77.0   23380.00   .5238375E-11
 77.0   23390.00   .5238557E-11
 77.0   23400.00   .5238730E-11
 77.0   23410.00   .5238910E-11
 77.0   23420.00   .5239096E-11
 77.0   23430.00   .5239282E-11
 77.0   23440.00   .5239464E-11
 77.0   23450.00   .5239655E-11
 77.0   23460.00   .5239843E-11
 77.0   23470.00   .5240036E-11
 77.0   23480.00   .5240228E-11
 77.0   23490.00   .5240422E-11
 77.0   23500.00   .5240614E-11
 77.0   23510.00   .5240812E-11
 77.0   23520.00   .5241008E-11
 77.0   23530.00   .5241209E-11
 77.0   23540.00   .5241415E-11
 77.0   23550.00   .5241616E-11
 77.0   23560.00   .5241820E-11
 77.0   23570.00   .5242027E-11
 77.0   23580.00   .5242232E-11
 77.0   23590.00   .5242444E-11
 77.0   23600.00   .5242653E-11
 77.0   23610.00   .5242867E-11
 77.0   23620.00   .5243078E-11
 77.0   23630.00   .5243289E-11
 77.0   23640.00   .5243509E-11
 77.0   23650.00   .5243726E-11
 77.0   23660.00   .5243944E-11
 77.0   23670.00   .5244164E-11
 77.0   23680.00   .5244387E-11
 77.0   23690.00   .5244610E-11
 77.0   23700.00   .5244835E-11
 77.0   23710.00   .5245065E-11
 77.0   23720.00   .5245292E-11
 77.0   23730.00   .5245518E-11
 77.0   23740.00   .5245748E-11
 77.0   23750.00   .5245983E-11
 77.0   23760.00   .5246212E-11
 77.0   23770.00   .5246446E-11
 77.0   23780.00   .5246680E-11
 77.0   23790.00   .5246919E-11
 77.0   23800.00   .5247157E-11
 77.0   23810.00   .5247399E-11
 77.0   23820.00   .5247636E-11
 77.0   23830.00   .5247880E-11
 77.0   23840.00   .5248121E-11
 77.0   23850.00   .5248363E-11
 77.0   23860.00   .5248613E-11
 77.0   23870.00   .5248857E-11
 77.0   23880.00   .5249105E-11
 77.0   23890.00   .5249355E-11
 77.0   23900.00   .5249605E-11
 77.0   23910.00   .5249858E-11
 77.0   23920.00   .5250108E-11
 77.0   23930.00   .5250361E-11
 77.0   23940.00   .5250620E-11
 77.0   23950.00   .5250874E-11
 77.0   23960.00   .5251132E-11
 77.0   23970.00   .5251390E-11
 77.0   23980.00   .5251648E-11
 77.0   23990.00   .5251911E-11
 77.0   24000.00   .5252173E-11
 77.0   24010.00   .5252436E-11
 77.0   24020.00   .5252700E-11
 77.0   24030.00   .5252964E-11
 77.0   24040.00   .5253234E-11
 77.0   24050.00   .5253499E-11
 77.0   24060.00   .5253767E-11
 77.0   24070.00   .5254037E-11
 77.0   24080.00   .5254307E-11
 77.0   24090.00   .5254577E-11
 77.0   24100.00   .5254850E-11
 77.0   24110.00   .5255125E-11
 77.0   24120.00   .5255397E-11
 77.0   24130.00   .5255675E-11
 77.0   24140.00   .5255953E-11
 77.0   24150.00   .5256228E-11
 77.0   24160.00   .5256506E-11
 77.0   24170.00   .5256785E-11
 77.0   24180.00   .5257064E-11
 77.0   24190.00   .5257346E-11
 77.0   24200.00   .5257628E-11
 77.0   24210.00   .5257911E-11
 77.0   24220.00   .5258193E-11
 77.0   24230.00   .5258478E-11
 77.0   24240.00   .5258768E-11
 77.0   24250.00   .5259053E-11
 77.0   24260.00   .5259340E-11
 77.0   24270.00   .5259626E-11
 77.0   24280.00   .5259917E-11
 77.0   24290.00   .5260205E-11
 77.0   24300.00   .5260496E-11
 77.0   24310.00   .5260790E-11
 77.0   24320.00   .5261082E-11
 77.0   24330.00   .5261376E-11
 77.0   24340.00   .5261668E-11
 77.0   24350.00   .5261964E-11
 77.0   24360.00   .5262260E-11
 77.0   24370.00   .5262551E-11
 77.0   24380.00   .5262853E-11
 77.0   24390.00   .5263151E-11
 77.0   24400.00   .5263452E-11
 77.0   24410.00   .5263748E-11
 77.0   24420.00   .5264051E-11
 77.0   24430.00   .5264350E-11
 77.0   24440.00   .5264652E-11
 77.0   24450.00   .5264954E-11
 77.0   24460.00   .5265255E-11
 77.0   24470.00   .5265559E-11
 77.0   24480.00   .5265861E-11
 77.0   24490.00   .5266167E-11
 77.0   24500.00   .5266474E-11
 77.0   24510.00   .5266778E-11
 77.0   24520.00   .5267087E-11
 77.0   24530.00   .5267392E-11
 77.0   24540.00   .5267700E-11
 77.0   24550.00   .5268006E-11
 77.0   24560.00   .5268321E-11
 77.0   24570.00   .5268630E-11
 77.0   24580.00   .5268937E-11
 77.0   24590.00   .5269249E-11
 77.0   24600.00   .5269563E-11
 77.0   24610.00   .5269874E-11
 77.0   24620.00   .5270186E-11
 77.0   24630.00   .5270500E-11
 77.0   24640.00   .5270813E-11
 77.0   24650.00   .5271129E-11
 77.0   24660.00   .5271442E-11
 77.0   24670.00   .5271759E-11
 77.0   24680.00   .5272073E-11
 77.0   24690.00   .5272387E-11
 77.0   24700.00   .5272705E-11
 77.0   24710.00   .5273020E-11
 77.0   24720.00   .5273336E-11
 77.0   24730.00   .5273656E-11
 77.0   24740.00   .5273974E-11
 77.0   24750.00   .5274294E-11
 77.0   24760.00   .5274613E-11
 77.0   24770.00   .5274932E-11
 77.0   24780.00   .5275251E-11
 77.0   24790.00   .5275571E-11
 77.0   24800.00   .5275893E-11
 77.0   24810.00   .5276212E-11
 77.0   24820.00   .5276534E-11
 77.0   24830.00   .5276857E-11
 77.0   24840.00   .5277177E-11
 77.0   24850.00   .5277500E-11
 77.0   24860.00   .5277826E-11
 77.0   24870.00   .5278145E-11
 77.0   24880.00   .5278471E-11
 77.0   24890.00   .5278791E-11
 77.0   24900.00   .5279116E-11
 77.0   24910.00   .5279441E-11
 77.0   24920.00   .5279765E-11
 77.0   24930.00   .5280091E-11
 77.0   24940.00   .5280417E-11
 77.0   24950.00   .5280739E-11
 77.0   24960.00   .5281066E-11
 77.0   24970.00   .5281394E-11
 77.0   24980.00   .5281719E-11
 77.0   24990.00   .5282045E-11
 77.0   25000.00   .5282370E-11
