100 .1810060E-14
101 .6896138E-14
102 .1838157E-13
103 .4027869E-13
104 .7774013E-13
105 .1370851E-12
106 .2257701E-12
107 .3523036E-12
108 .5260975E-12
109 .7572553E-12
110 .1056308E-11
111 .1433878E-11
112 .1900315E-11
113 .2465262E-11
114 .3137217E-11
115 .3923055E-11
116 .4827550E-11
117 .5852923E-11
118 .6998379E-11
119 .8259746E-11
120 .9629114E-11
121 .1109460E-10
122 .1264020E-10
123 .1424573E-10
124 .1588699E-10
125 .1753588E-10
126 .1916399E-10
127 .2075396E-10
128 .2229393E-10
129 .2377515E-10
130 .2519214E-10
131 .2654277E-10
132 .2782817E-10
133 .2905272E-10
134 .3022386E-10
135 .3135196E-10
136 .3245015E-10
137 .3353416E-10
138 .3462169E-10
139 .3572085E-10
140 .3682842E-10
141 .3794045E-10
142 .3905276E-10
143 .4016102E-10
144 .4126082E-10
145 .4234778E-10
146 .4341753E-10
147 .4446580E-10
148 .4548847E-10
149 .4648156E-10
150 .4744127E-10
151 .4836476E-10
152 .4925285E-10
153 .5010732E-10
154 .5093004E-10
155 .5172295E-10
156 .5248813E-10
157 .5322772E-10
158 .5394392E-10
159 .5463906E-10
160 .5531553E-10
161 .5597579E-10
162 .5662241E-10
163 .5725802E-10
164 .5788538E-10
165 .5850731E-10
166 .5912678E-10
167 .5974686E-10
168 .6037070E-10
169 .6100162E-10
170 .6164309E-10
171 .6229869E-10
172 .6297219E-10
173 .6366751E-10
174 .6438878E-10
175 .6514030E-10
176 .6592571E-10
177 .6674527E-10
178 .6759830E-10
179 .6848409E-10
180 .6940184E-10
181 .7035068E-10
182 .7132970E-10
183 .7233783E-10
184 .7337399E-10
185 .7443698E-10
186 .7552551E-10
187 .7663820E-10
188 .7777353E-10
189 .7892989E-10
190 .8010559E-10
191 .8129878E-10
192 .8250753E-10
193 .8372974E-10
194 .8496320E-10
195 .8620555E-10
196 .8745439E-10
197 .8870705E-10
198 .8996086E-10
199 .9121289E-10
200 .9246011E-10
201 .9370003E-10
202 .9493228E-10
203 .9615719E-10
204 .9737511E-10
205 .9858639E-10
206 .9979150E-10
207 .1009908E-09
208 .1021848E-09
209 .1033742E-09
210 .1045593E-09
211 .1057408E-09
212 .1069193E-09
213 .1080956E-09
214 .1092701E-09
215 .1104438E-09
216 .1116174E-09
217 .1127917E-09
218 .1139675E-09
219 .1151458E-09
220 .1163273E-09
221 .1175131E-09
222 .1187042E-09
223 .1199015E-09
224 .1211062E-09
225 .1223193E-09
226 .1235415E-09
227 .1247715E-09
228 .1260078E-09
229 .1272485E-09
230 .1284919E-09
231 .1297358E-09
232 .1309785E-09
233 .1322180E-09
234 .1334520E-09
235 .1346785E-09
236 .1358953E-09
237 .1371002E-09
238 .1382909E-09
239 .1394649E-09
240 .1406199E-09
241 .1417534E-09
242 .1428629E-09
243 .1439457E-09
244 .1449994E-09
245 .1460211E-09
246 .1470081E-09
247 .1479578E-09
248 .1488672E-09
249 .1497335E-09
250 .1505537E-09
251 .1682485E-09
252 .1976047E-09
253 .2397230E-09
254 .2402614E-09
255 .2311706E-09
256 .2207060E-09
257 .2112218E-09
258 .2007580E-09
259 .2075979E-09
260 .2074342E-09
261 .2110632E-09
262 .1957896E-09
263 .1757036E-09
264 .1811083E-09
265 .2049689E-09
266 .2298370E-09
267 .2621148E-09
268 .3190354E-09
269 .3823298E-09
270 .4307843E-09
271 .4807963E-09
272 .5150829E-09
273 .5362008E-09
274 .5675400E-09
275 .6017438E-09
276 .5990688E-09
277 .6491414E-09
278 .6569820E-09
279 .6351729E-09
280 .6137768E-09
281 .6683184E-09
282 .6928085E-09
283 .7318097E-09
284 .7763562E-09
285 .7833761E-09
286 .8731511E-09
287 .9860651E-09
288 .1073417E-08
289 .1207613E-08
290 .1338386E-08
291 .1467759E-08
292 .1526675E-08
293 .1561300E-08
294 .1581193E-08
295 .1556598E-08
296 .1515584E-08
297 .1426739E-08
298 .1348449E-08
299 .1244491E-08
300 .1177015E-08
301 .1143529E-08
302 .1135279E-08
303 .1157168E-08
304 .1168542E-08
305 .1055907E-08
306 .9993260E-09
307 .1118175E-08
308 .1167218E-08
309 .1187535E-08
310 .1196644E-08
311 .1211379E-08
312 .1285225E-08
313 .1410575E-08
314 .1518062E-08
315 .1649342E-08
316 .1766112E-08
317 .1879707E-08
318 .1864497E-08
319 .1813355E-08
320 .1728869E-08
321 .1544857E-08
322 .1645622E-08
323 .1584514E-08
324 .1501503E-08
325 .1322822E-08
326 .1183451E-08
327 .1276684E-08
328 .1295699E-08
329 .1260240E-08
330 .1273117E-08
331 .1419342E-08
332 .1403952E-08
333 .1491841E-08
334 .1526550E-08
335 .1568714E-08
336 .1575666E-08
337 .1594534E-08
338 .1645579E-08
339 .1680755E-08
340 .1746549E-08
341 .1771005E-08
342 .1809251E-08
343 .1830946E-08
344 .1850862E-08
345 .1910670E-08
346 .1962073E-08
347 .2035756E-08
348 .2097639E-08
349 .2198471E-08
350 .2324575E-08
351 .2519541E-08
352 .2627794E-08
353 .2785131E-08
354 .2938171E-08
355 .3011391E-08
356 .3098921E-08
357 .3120426E-08
358 .3149713E-08
359 .3156649E-08
360 .3115327E-08
361 .3072774E-08
362 .2989024E-08
363 .2991868E-08
364 .3051241E-08
365 .3218072E-08
366 .3351121E-08
367 .3310233E-08
368 .3219630E-08
369 .3006502E-08
370 .2743611E-08
371 .2485077E-08
372 .2309035E-08
373 .2154195E-08
374 .2066913E-08
375 .1965351E-08
376 .1864434E-08
377 .1798083E-08
378 .1755694E-08
379 .1738817E-08
380 .1751749E-08
381 .1825864E-08
382 .1974988E-08
383 .2204815E-08
384 .2479894E-08
385 .2786812E-08
386 .3125269E-08
387 .3504379E-08
388 .3828242E-08
389 .4171427E-08
390 .4467564E-08
391 .4717995E-08
392 .4883385E-08
393 .4964309E-08
394 .4989316E-08
395 .4976212E-08
396 .4877380E-08
397 .4600545E-08
398 .4350189E-08
399 .4074798E-08
400 .3892395E-08
401 .3778896E-08
402 .3744125E-08
403 .3762368E-08
404 .3889868E-08
405 .3990252E-08
406 .4148736E-08
407 .4275776E-08
408 .4355162E-08
409 .4301918E-08
410 .4342032E-08
411 .4315049E-08
412 .4324370E-08
413 .4339864E-08
414 .4371724E-08
415 .4392096E-08
416 .4428877E-08
417 .4469312E-08
418 .4467295E-08
419 .4478121E-08
420 .4429036E-08
421 .4392978E-08
422 .4290201E-08
423 .4191345E-08
424 .4076570E-08
425 .3980056E-08
426 .3834941E-08
427 .3785977E-08
428 .3654294E-08
429 .3511563E-08
430 .3357267E-08
431 .3235149E-08
432 .3124131E-08
433 .3063723E-08
434 .3033198E-08
435 .3011139E-08
436 .2972549E-08
437 .2927168E-08
438 .2910003E-08
439 .2894376E-08
440 .2869748E-08
441 .2911366E-08
442 .2959807E-08
443 .3022223E-08
444 .3144178E-08
445 .3278934E-08
446 .3413180E-08
447 .3562852E-08
448 .3708144E-08
449 .3883548E-08
450 .4040970E-08
451 .4184865E-08
452 .4370026E-08
453 .4509296E-08
454 .4651104E-08
455 .4741952E-08
456 .4827135E-08
457 .4909806E-08
458 .4948154E-08
459 .4976190E-08
460 .4980738E-08
461 .4968864E-08
462 .4932900E-08
463 .4839492E-08
464 .4678991E-08
465 .4513477E-08
466 .4274926E-08
467 .4060240E-08
468 .3793951E-08
469 .3644541E-08
470 .3581082E-08
471 .3471010E-08
472 .3352971E-08
473 .3251278E-08
474 .3164769E-08
475 .3039656E-08
476 .2951132E-08
477 .2923589E-08
478 .2904903E-08
479 .2900464E-08
480 .2891765E-08
481 .2876749E-08
482 .2855925E-08
483 .2808675E-08
484 .2743323E-08
485 .2657120E-08
486 .2602556E-08
487 .2589870E-08
488 .2581472E-08
489 .2642889E-08
490 .2759556E-08
491 .2870817E-08
492 .2994453E-08
493 .3074915E-08
494 .3105832E-08
495 .3119088E-08
496 .3091924E-08
497 .3036109E-08
498 .2953407E-08
499 .2878960E-08
500 .2822905E-08
501 .2785183E-08
502 .2787122E-08
503 .2825223E-08
504 .2883978E-08
505 .2950655E-08
506 .3020767E-08
507 .3108251E-08
508 .3186506E-08
509 .3256819E-08
510 .3312702E-08
511 .3406399E-08
512 .3471590E-08
513 .3529324E-08
514 .3592734E-08
515 .3666766E-08
516 .3733861E-08
517 .3779726E-08
518 .3822142E-08
519 .3873382E-08
520 .3902100E-08
521 .3925811E-08
522 .3947771E-08
523 .3933256E-08
524 .3863840E-08
525 .3788105E-08
526 .3678942E-08
527 .3572473E-08
528 .3463148E-08
529 .3316694E-08
530 .3199072E-08
531 .3114689E-08
532 .3087960E-08
533 .3066207E-08
534 .3051144E-08
535 .3056441E-08
536 .3063672E-08
537 .3064415E-08
538 .3038743E-08
539 .3012522E-08
540 .2994714E-08
541 .2965623E-08
542 .2912521E-08
543 .2845028E-08
544 .2771233E-08
545 .2704384E-08
546 .2631013E-08
547 .2562070E-08
548 .2501508E-08
549 .2491135E-08
550 .2478005E-08
551 .2493179E-08
552 .2542070E-08
553 .2612881E-08
554 .2684270E-08
555 .2743491E-08
556 .2779576E-08
557 .2810857E-08
558 .2838446E-08
559 .2813587E-08
560 .2774314E-08
561 .2751235E-08
562 .2721112E-08
563 .2678063E-08
564 .2634600E-08
565 .2600211E-08
566 .2557646E-08
567 .2511951E-08
568 .2467878E-08
569 .2428870E-08
570 .2399558E-08
571 .2354283E-08
572 .2301422E-08
573 .2270404E-08
574 .2216790E-08
575 .2181423E-08
576 .2170373E-08
577 .2153646E-08
578 .2160798E-08
579 .2192911E-08
580 .2216415E-08
581 .2266027E-08
582 .2341945E-08
583 .2407952E-08
584 .2473487E-08
585 .2522186E-08
586 .2576507E-08
587 .2638531E-08
588 .2669386E-08
589 .2639917E-08
590 .2626240E-08
591 .2631724E-08
592 .2626780E-08
593 .2598227E-08
594 .2566075E-08
595 .2535787E-08
596 .2482536E-08
597 .2453142E-08
598 .2413991E-08
599 .2374237E-08
600 .2336686E-08
601 .2298140E-08
602 .2222843E-08
603 .2137816E-08
604 .2054812E-08
605 .1917639E-08
606 .1738523E-08
607 .1535782E-08
608 .1367931E-08
609 .1214571E-08
610 .1086968E-08
611 .9771433E-09
612 .8931942E-09
613 .8597592E-09
614 .8503642E-09
615 .8651132E-09
616 .9010588E-09
617 .9713188E-09
618 .1043306E-08
619 .1120414E-08
620 .1217675E-08
621 .1346955E-08
622 .1438621E-08
623 .1528270E-08
624 .1622201E-08
625 .1723746E-08
626 .1809864E-08
627 .1877458E-08
628 .1917861E-08
629 .1966062E-08
630 .2014931E-08
631 .2049277E-08
632 .2053411E-08
633 .2060427E-08
634 .2063707E-08
635 .2069993E-08
636 .2058222E-08
637 .2050848E-08
638 .2050453E-08
639 .2040917E-08
640 .2029588E-08
641 .2024936E-08
642 .2010071E-08
643 .2001821E-08
644 .1998487E-08
645 .1975372E-08
646 .1964809E-08
647 .1957017E-08
648 .1940456E-08
649 .1923629E-08
650 .1907168E-08
651 .1900841E-08
652 .1877238E-08
653 .1852197E-08
654 .1822914E-08
655 .1799519E-08
656 .1770800E-08
657 .1744006E-08
658 .1711453E-08
659 .1687694E-08
660 .1647950E-08
661 .1609843E-08
662 .1564134E-08
663 .1535286E-08
664 .1498533E-08
665 .1472375E-08
666 .1445045E-08
667 .1416113E-08
668 .1393581E-08
669 .1357423E-08
670 .1321129E-08
671 .1287100E-08
672 .1271012E-08
673 .1250300E-08
674 .1237334E-08
675 .1212770E-08
676 .1183192E-08
677 .1165205E-08
678 .1143800E-08
679 .1127242E-08
680 .1119334E-08
681 .1116282E-08
682 .1103653E-08
683 .1071990E-08
684 .1029124E-08
685 .1032163E-08
686 .1000698E-08
687 .9785130E-09
688 .9642853E-09
689 .9663116E-09
690 .9614758E-09
691 .9685976E-09
692 .9722218E-09
693 .9694356E-09
694 .9634839E-09
695 .9577129E-09
696 .9477610E-09
697 .9469934E-09
698 .9391144E-09
699 .9344253E-09
700 .9191040E-09
701 .9135540E-09
702 .9078212E-09
703 .9044490E-09
704 .9028493E-09
705 .9014346E-09
706 .8948643E-09
707 .8895732E-09
708 .8839642E-09
709 .8818982E-09
710 .8798250E-09
711 .8804164E-09
712 .8721743E-09
713 .8601655E-09
714 .8545849E-09
715 .8653233E-09
716 .8330307E-09
717 .8372511E-09
718 .8540947E-09
719 .8336188E-09
720 .8591132E-09
721 .8271380E-09
722 .8275012E-09
723 .8030896E-09
724 .8034230E-09
725 .8121694E-09
726 .8248910E-09
727 .7900477E-09
728 .8161480E-09
729 .8050368E-09
730 .7807259E-09
731 .7901676E-09
732 .7673254E-09
733 .7477625E-09
734 .7098553E-09
735 .7055225E-09
736 .6739559E-09
737 .6517143E-09
738 .6509917E-09
739 .6239927E-09
740 .6265506E-09
741 .5825100E-09
742 .5867125E-09
743 .5957428E-09
744 .5886587E-09
745 .5791164E-09
746 .5517911E-09
747 .5046423E-09
748 .4732120E-09
749 .4253889E-09
750 .4096715E-09
751 .4339774E-09
752 .4532334E-09
753 .4653092E-09
754 .4625242E-09
755 .4749414E-09
756 .4683768E-09
757 .4758171E-09
758 .4902441E-09
759 .4679074E-09
760 .4598397E-09
761 .5278145E-09
762 .4897611E-09
763 .5117918E-09
764 .5118445E-09
765 .4903947E-09
766 .4982706E-09
767 .4921961E-09
768 .4831522E-09
769 .4978496E-09
770 .4937298E-09
771 .4946805E-09
772 .4898399E-09
773 .4838592E-09
774 .4711893E-09
775 .5101506E-09
776 .5161980E-09
777 .5233001E-09
778 .5346542E-09
779 .5350423E-09
780 .5354469E-09
781 .5626126E-09
782 .5473892E-09
783 .5620717E-09
784 .5543441E-09
785 .5594495E-09
786 .5655253E-09
787 .5592418E-09
788 .5609454E-09
789 .5694046E-09
790 .5601083E-09
791 .5648634E-09
792 .5431857E-09
793 .5311534E-09
794 .5369985E-09
795 .4985546E-09
796 .4987532E-09
797 .4876329E-09
798 .4727512E-09
799 .4727364E-09
800 .4576416E-09
801 .4640400E-09
802 .4363295E-09
803 .4369862E-09
804 .4227416E-09
805 .4151209E-09
806 .4036794E-09
807 .4007943E-09
808 .3894176E-09
809 .4079963E-09
810 .4017208E-09
811 .3896027E-09
812 .3955259E-09
813 .3721910E-09
814 .3894545E-09
815 .3882637E-09
816 .3680353E-09
817 .3760592E-09
818 .3327008E-09
819 .2849101E-09
820 .2887456E-09
821 .2594839E-09
822 .2527775E-09
823 .2387439E-09
824 .2332767E-09
825 .2436221E-09
826 .2392168E-09
827 .2453131E-09
828 .2327895E-09
829 .2429347E-09
830 .2562491E-09
831 .2787663E-09
832 .2908474E-09
833 .3019581E-09
834 .3162730E-09
835 .3050850E-09
836 .3071838E-09
837 .3048515E-09
838 .3010599E-09
839 .3282120E-09
840 .3311266E-09
841 .3301487E-09
842 .3561436E-09
843 .3842570E-09
844 .4311359E-09
845 .4694530E-09
846 .5070683E-09
847 .5069965E-09
848 .5355826E-09
849 .5643585E-09
850 .6009581E-09
851 .6097518E-09
852 .6129848E-09
853 .6057288E-09
854 .6250186E-09
855 .6145751E-09
856 .6244725E-09
857 .6240515E-09
858 .6159396E-09
859 .6569360E-09
860 .6761185E-09
861 .6667376E-09
862 .6874123E-09
863 .6826976E-09
864 .6770642E-09
865 .6714167E-09
866 .6773523E-09
867 .6695172E-09
868 .6523316E-09
869 .6422297E-09
870 .6604264E-09
871 .6581977E-09
872 .6585675E-09
873 .6614817E-09
874 .6507428E-09
875 .6397078E-09
876 .6422012E-09
877 .6272751E-09
878 .6175262E-09
879 .6111133E-09
880 .6093575E-09
881 .6354008E-09
882 .6222105E-09
883 .5831943E-09
884 .5923834E-09
885 .5825715E-09
886 .5724188E-09
887 .5389637E-09
888 .5025279E-09
889 .4956007E-09
890 .4760311E-09
891 .4602886E-09
892 .4532682E-09
893 .4441067E-09
894 .4568837E-09
895 .4319881E-09
896 .4247390E-09
897 .4429006E-09
898 .4451900E-09
899 .4521344E-09
900 .4347940E-09
901 .4399138E-09
902 .4251678E-09
903 .4192520E-09
904 .4094483E-09
905 .4027380E-09
906 .3971471E-09
907 .3844989E-09
908 .3670478E-09
909 .3635873E-09
910 .3933717E-09
911 .3858376E-09
912 .3480989E-09
913 .3511043E-09
914 .3584625E-09
915 .3381857E-09
916 .3438345E-09
917 .3062000E-09
918 .3261887E-09
919 .3225310E-09
920 .3266377E-09
921 .3259910E-09
922 .3326389E-09
923 .3304824E-09
924 .3244372E-09
925 .3336393E-09
926 .3230552E-09
927 .3103171E-09
928 .2999492E-09
929 .2932444E-09
930 .2883346E-09
931 .2586930E-09
932 .2363571E-09
933 .2364342E-09
934 .2480960E-09
935 .2413439E-09
936 .2444749E-09
937 .2370832E-09
938 .2521600E-09
939 .2608833E-09
940 .2492695E-09
941 .2530267E-09
942 .2280906E-09
943 .2370411E-09
944 .2447006E-09
945 .2265101E-09
946 .2378691E-09
947 .2432540E-09
948 .2223656E-09
949 .2183861E-09
950 .2281049E-09
951 .2038620E-09
952 .1993136E-09
953 .2077191E-09
954 .2099846E-09
955 .2077825E-09
956 .2167689E-09
957 .2152854E-09
958 .1947095E-09
959 .2034263E-09
960 .2138876E-09
961 .1952638E-09
962 .2082850E-09
963 .1991717E-09
964 .1895602E-09
965 .2063944E-09
966 .1991326E-09
967 .2013647E-09
968 .2018726E-09
969 .2019690E-09
970 .1990733E-09
971 .2088674E-09
972 .1923111E-09
973 .1858188E-09
974 .1728041E-09
975 .1748563E-09
976 .1736236E-09
977 .1726876E-09
978 .1701849E-09
979 .1674540E-09
980 .1638112E-09
981 .1600064E-09
982 .1564797E-09
983 .1540538E-09
984 .1527999E-09
985 .1516734E-09
986 .1509992E-09
987 .1506664E-09
988 .1503422E-09
989 .1499925E-09
990 .1495893E-09
991 .1489958E-09
992 .1479225E-09
993 .1466784E-09
994 .1468922E-09
995 .1472068E-09
996 .1452346E-09
997 .1428083E-09
998 .1420509E-09
999 .1420484E-09
1000 .1405445E-09
1001 .1403642E-09
1002 .1401839E-09
1003 .1400036E-09
1004 .1398232E-09
1005 .1396429E-09
1006 .1394623E-09
1007 .1392818E-09
1008 .1391014E-09
1009 .1389208E-09
1010 .1387401E-09
1011 .1385594E-09
1012 .1383786E-09
1013 .1381977E-09
1014 .1380167E-09
1015 .1378355E-09
1016 .1376543E-09
1017 .1374727E-09
1018 .1372911E-09
1019 .1371095E-09
1020 .1369275E-09
1021 .1367455E-09
1022 .1365632E-09
1023 .1363808E-09
1024 .1361983E-09
1025 .1360152E-09
1026 .1358321E-09
1027 .1356488E-09
1028 .1354651E-09
1029 .1352814E-09
1030 .1350974E-09
1031 .1349130E-09
1032 .1347284E-09
1033 .1345434E-09
1034 .1343582E-09
1035 .1341727E-09
1036 .1339870E-09
1037 .1338008E-09
1038 .1336143E-09
1039 .1334275E-09
1040 .1332405E-09
1041 .1330531E-09
1042 .1328651E-09
1043 .1326769E-09
1044 .1324884E-09
1045 .1322994E-09
1046 .1321101E-09
1047 .1319204E-09
1048 .1317302E-09
1049 .1315399E-09
1050 .1313488E-09
1051 .1311575E-09
1052 .1309659E-09
1053 .1307738E-09
1054 .1305813E-09
1055 .1303884E-09
1056 .1301951E-09
1057 .1300013E-09
1058 .1298071E-09
1059 .1296125E-09
1060 .1294176E-09
1061 .1292219E-09
1062 .1290262E-09
1063 .1288299E-09
1064 .1286332E-09
1065 .1284360E-09
1066 .1282382E-09
1067 .1280401E-09
1068 .1278415E-09
1069 .1276426E-09
1070 .1274430E-09
1071 .1272431E-09
1072 .1270427E-09
1073 .1268418E-09
1074 .1266405E-09
1075 .1264385E-09
1076 .1262362E-09
1077 .1260335E-09
1078 .1258302E-09
1079 .1256263E-09
1080 .1254221E-09
1081 .1252171E-09
1082 .1250117E-09
1083 .1248062E-09
1084 .1245998E-09
1085 .1243930E-09
1086 .1241857E-09
1087 .1239779E-09
1088 .1237695E-09
1089 .1235607E-09
1090 .1233511E-09
1091 .1231413E-09
1092 .1229307E-09
1093 .1227198E-09
1094 .1225083E-09
1095 .1222961E-09
1096 .1220835E-09
1097 .1218703E-09
1098 .1216565E-09
1099 .1214424E-09
1100 .1212275E-09
1101 .1210122E-09
1102 .1207961E-09
1103 .1205796E-09
1104 .1203626E-09
1105 .1201449E-09
1106 .1199266E-09
1107 .1197078E-09
1108 .1194884E-09
1109 .1192683E-09
1110 .1190478E-09
1111 .1188266E-09
1112 .1186048E-09
1113 .1183827E-09
1114 .1181595E-09
1115 .1179361E-09
1116 .1177120E-09
1117 .1174872E-09
1118 .1172618E-09
1119 .1170359E-09
1120 .1168093E-09
1121 .1165823E-09
1122 .1163545E-09
1123 .1161260E-09
1124 .1158970E-09
1125 .1156672E-09
1126 .1154371E-09
1127 .1152060E-09
1128 .1149745E-09
1129 .1147423E-09
1130 .1145094E-09
1131 .1146141E-09
1132 .1147187E-09
1133 .1148232E-09
1134 .1149280E-09
1135 .1150324E-09
1136 .1151368E-09
1137 .1152413E-09
1138 .1153457E-09
1139 .1154502E-09
1140 .1155544E-09
1141 .1156589E-09
1142 .1157628E-09
1143 .1158670E-09
1144 .1159710E-09
1145 .1160751E-09
1146 .1161792E-09
1147 .1162830E-09
1148 .1163869E-09
1149 .1164906E-09
1150 .1165944E-09
1151 .1166979E-09
1152 .1168013E-09
1153 .1169049E-09
1154 .1170082E-09
1155 .1171117E-09
1156 .1172148E-09
1157 .1173179E-09
1158 .1174209E-09
1159 .1175236E-09
1160 .1176264E-09
1161 .1177293E-09
1162 .1178318E-09
1163 .1179342E-09
1164 .1180366E-09
1165 .1181388E-09
1166 .1182410E-09
1167 .1183428E-09
1168 .1184447E-09
1169 .1185463E-09
1170 .1186480E-09
1171 .1187496E-09
1172 .1188508E-09
1173 .1189520E-09
1174 .1190531E-09
1175 .1191539E-09
1176 .1192546E-09
1177 .1193553E-09
1178 .1194556E-09
1179 .1195560E-09
1180 .1196560E-09
1181 .1197561E-09
1182 .1198558E-09
1183 .1199553E-09
1184 .1200546E-09
1185 .1201538E-09
1186 .1202531E-09
1187 .1203519E-09
1188 .1204506E-09
1189 .1205491E-09
1190 .1206473E-09
1191 .1207453E-09
1192 .1208434E-09
1193 .1209409E-09
1194 .1210384E-09
1195 .1211356E-09
1196 .1212327E-09
1197 .1213295E-09
1198 .1214262E-09
1199 .1215225E-09
1200 .1216186E-09
1201 .1217147E-09
1202 .1218103E-09
1203 .1219058E-09
1204 .1220011E-09
1205 .1220959E-09
1206 .1221906E-09
1207 .1222853E-09
1208 .1223794E-09
1209 .1224734E-09
1210 .1225671E-09
1211 .1226605E-09
1212 .1227536E-09
1213 .1228465E-09
1214 .1229392E-09
1215 .1230314E-09
1216 .1231236E-09
1217 .1232154E-09
1218 .1233068E-09
1219 .1233981E-09
1220 .1234889E-09
1221 .1235795E-09
1222 .1236697E-09
1223 .1237598E-09
1224 .1238495E-09
1225 .1239387E-09
1226 .1240279E-09
1227 .1241166E-09
1228 .1242052E-09
1229 .1242932E-09
1230 .1243810E-09
1231 .1244683E-09
1232 .1245556E-09
1233 .1246422E-09
1234 .1247287E-09
1235 .1248146E-09
1236 .1249005E-09
1237 .1249857E-09
1238 .1250707E-09
1239 .1251555E-09
1240 .1252396E-09
1241 .1253237E-09
1242 .1254071E-09
1243 .1254903E-09
1244 .1255730E-09
1245 .1256555E-09
1246 .1257375E-09
1247 .1258190E-09
1248 .1259002E-09
1249 .1259812E-09
1250 .1260616E-09
1251 .1261616E-09
1252 .1262613E-09
1253 .1263607E-09
1254 .1264596E-09
1255 .1265581E-09
1256 .1266560E-09
1257 .1267538E-09
1258 .1268508E-09
1259 .1269475E-09
1260 .1270437E-09
1261 .1271395E-09
1262 .1272348E-09
1263 .1273297E-09
1264 .1274242E-09
1265 .1275181E-09
1266 .1276117E-09
1267 .1277045E-09
1268 .1277971E-09
1269 .1278889E-09
1270 .1279806E-09
1271 .1280715E-09
1272 .1281621E-09
1273 .1282522E-09
1274 .1283416E-09
1275 .1284308E-09
1276 .1285191E-09
1277 .1286073E-09
1278 .1286946E-09
1279 .1287816E-09
1280 .1288680E-09
1281 .1289538E-09
1282 .1290393E-09
1283 .1291239E-09
1284 .1292082E-09
1285 .1292920E-09
1286 .1293751E-09
1287 .1294577E-09
1288 .1295399E-09
1289 .1296214E-09
1290 .1297022E-09
1291 .1297828E-09
1292 .1298627E-09
1293 .1299421E-09
1294 .1300211E-09
1295 .1300993E-09
1296 .1301770E-09
1297 .1302543E-09
1298 .1303310E-09
1299 .1304072E-09
1300 .1304830E-09
1301 .1305582E-09
1302 .1306326E-09
1303 .1307069E-09
1304 .1307806E-09
1305 .1308537E-09
1306 .1309264E-09
1307 .1309985E-09
1308 .1310700E-09
1309 .1311412E-09
1310 .1312120E-09
1311 .1312819E-09
1312 .1313514E-09
1313 .1314206E-09
1314 .1314893E-09
1315 .1315574E-09
1316 .1316251E-09
1317 .1316923E-09
1318 .1317590E-09
1319 .1318253E-09
1320 .1318908E-09
1321 .1319562E-09
1322 .1320210E-09
1323 .1320854E-09
1324 .1321493E-09
1325 .1322127E-09
1326 .1322756E-09
1327 .1323382E-09
1328 .1324001E-09
1329 .1324618E-09
1330 .1325227E-09
1331 .1325836E-09
1332 .1326437E-09
1333 .1327035E-09
1334 .1327628E-09
1335 .1328217E-09
1336 .1328801E-09
1337 .1329381E-09
1338 .1329959E-09
1339 .1330529E-09
1340 .1331097E-09
1341 .1331658E-09
1342 .1332217E-09
1343 .1332772E-09
1344 .1333323E-09
1345 .1333870E-09
1346 .1334411E-09
1347 .1334949E-09
1348 .1335482E-09
1349 .1336012E-09
1350 .1336537E-09
1351 .1337060E-09
1352 .1337578E-09
1353 .1338091E-09
1354 .1338600E-09
1355 .1339106E-09
1356 .1339610E-09
1357 .1340107E-09
1358 .1340603E-09
1359 .1341092E-09
1360 .1341579E-09
1361 .1342062E-09
1362 .1342542E-09
1363 .1343017E-09
1364 .1343489E-09
1365 .1343957E-09
1366 .1344422E-09
1367 .1344884E-09
1368 .1345339E-09
1369 .1345793E-09
1370 .1346243E-09
1371 .1339603E-09
1372 .1332954E-09
1373 .1326297E-09
1374 .1319631E-09
1375 .1312958E-09
1376 .1306278E-09
1377 .1299588E-09
1378 .1292891E-09
1379 .1286188E-09
1380 .1279476E-09
1381 .1272757E-09
1382 .1266031E-09
1383 .1259298E-09
1384 .1252559E-09
1385 .1245811E-09
1386 .1239053E-09
1387 .1232291E-09
1388 .1225523E-09
1389 .1218749E-09
1390 .1211967E-09
1391 .1205179E-09
1392 .1198381E-09
1393 .1191579E-09
1394 .1184770E-09
1395 .1177955E-09
1396 .1171135E-09
1397 .1164306E-09
1398 .1157474E-09
1399 .1150633E-09
1400 .1143787E-09
1401 .1136937E-09
1402 .1130076E-09
1403 .1123214E-09
1404 .1116344E-09
1405 .1109470E-09
1406 .1102587E-09
1407 .1095700E-09
1408 .1088809E-09
1409 .1081909E-09
1410 .1075007E-09
1411 .1068099E-09
1412 .1061186E-09
1413 .1054266E-09
1414 .1047343E-09
1415 .1040412E-09
1416 .1033477E-09
1417 .1026540E-09
1418 .1019594E-09
1419 .1012645E-09
1420 .1005691E-09
1421 .9987329E-10
1422 .9917676E-10
1423 .9848000E-10
1424 .9778272E-10
1425 .9708487E-10
1426 .9638686E-10
1427 .9568798E-10
1428 .9498903E-10
1429 .9428943E-10
1430 .9358954E-10
1431 .9288902E-10
1432 .9218821E-10
1433 .9148702E-10
1434 .9078529E-10
1435 .9008328E-10
1436 .8938075E-10
1437 .8867794E-10
1438 .8797468E-10
1439 .8727091E-10
1440 .8656696E-10
1441 .8586249E-10
1442 .8515776E-10
1443 .8445253E-10
1444 .8374696E-10
1445 .8304106E-10
1446 .8233476E-10
1447 .8162811E-10
1448 .8092111E-10
1449 .8021379E-10
1450 .7950609E-10
1451 .7879807E-10
1452 .7808968E-10
1453 .7738103E-10
1454 .7667194E-10
1455 .7596257E-10
1456 .7525289E-10
1457 .7454285E-10
1458 .7383249E-10
1459 .7312188E-10
1460 .7241091E-10
1461 .7169962E-10
1462 .7098804E-10
1463 .7027618E-10
1464 .6956398E-10
1465 .6885152E-10
1466 .6813873E-10
1467 .6742566E-10
1468 .6671230E-10
1469 .6599867E-10
1470 .6528475E-10
1471 .6457052E-10
1472 .6385599E-10
1473 .6314123E-10
1474 .6242618E-10
1475 .6171089E-10
1476 .6099528E-10
1477 .6027943E-10
1478 .5956333E-10
1479 .5884692E-10
1480 .5813027E-10
1481 .5741335E-10
1482 .5669615E-10
1483 .5597871E-10
1484 .5526105E-10
1485 .5454307E-10
1486 .5382488E-10
1487 .5310641E-10
1488 .5238767E-10
1489 .5166874E-10
1490 .5094948E-10
1491 .5023002E-10
1492 .4951028E-10
1493 .4879031E-10
1494 .4807003E-10
1495 .4734957E-10
1496 .4662883E-10
1497 .4590784E-10
1498 .4518659E-10
1499 .4446508E-10
1500 .4374334E-10
1501 .4375061E-10
1502 .4375788E-10
1503 .4376509E-10
1504 .4377234E-10
1505 .4377956E-10
1506 .4378676E-10
1507 .4379399E-10
1508 .4380120E-10
1509 .4380837E-10
1510 .4381557E-10
1511 .4382275E-10
1512 .4382993E-10
1513 .4383710E-10
1514 .4384426E-10
1515 .4385142E-10
1516 .4385854E-10
1517 .4386569E-10
1518 .4387279E-10
1519 .4387996E-10
1520 .4388706E-10
1521 .4389416E-10
1522 .4390128E-10
1523 .4390838E-10
1524 .4391548E-10
1525 .4392256E-10
1526 .4392963E-10
1527 .4393671E-10
1528 .4394376E-10
1529 .4395079E-10
1530 .4395785E-10
1531 .4396490E-10
1532 .4397195E-10
1533 .4397898E-10
1534 .4398599E-10
1535 .4399301E-10
1536 .4400004E-10
1537 .4400704E-10
1538 .4401403E-10
1539 .4402099E-10
1540 .4402800E-10
1541 .4403497E-10
1542 .4404195E-10
1543 .4404892E-10
1544 .4405589E-10
1545 .4406282E-10
1546 .4406975E-10
1547 .4407672E-10
1548 .4408365E-10
1549 .4409059E-10
1550 .4409750E-10
1551 .4410441E-10
1552 .4411135E-10
1553 .4411822E-10
1554 .4412514E-10
1555 .4413201E-10
1556 .4413891E-10
1557 .4414581E-10
1558 .4415268E-10
1559 .4415953E-10
1560 .4416639E-10
1561 .4417326E-10
1562 .4418010E-10
1563 .4418697E-10
1564 .4419379E-10
1565 .4420065E-10
1566 .4420749E-10
1567 .4421428E-10
1568 .4422112E-10
1569 .4422792E-10
1570 .4423472E-10
1571 .4424151E-10
1572 .4424834E-10
1573 .4425511E-10
1574 .4426190E-10
1575 .4426866E-10
1576 .4427547E-10
1577 .4428223E-10
1578 .4428900E-10
1579 .4429576E-10
1580 .4430251E-10
1581 .4430925E-10
1582 .4431599E-10
1583 .4432273E-10
1584 .4432946E-10
1585 .4433620E-10
1586 .4434294E-10
1587 .4434963E-10
1588 .4435637E-10
1589 .4436304E-10
1590 .4436979E-10
1591 .4437647E-10
1592 .4438316E-10
1593 .4438986E-10
1594 .4439653E-10
1595 .4440322E-10
1596 .4440989E-10
1597 .4441655E-10
1598 .4442321E-10
1599 .4442989E-10
1600 .4443657E-10
1601 .4444322E-10
1602 .4444985E-10
1603 .4445650E-10
1604 .4446311E-10
1605 .4446975E-10
1606 .4447638E-10
1607 .4448304E-10
1608 .4448964E-10
1609 .4449623E-10
1610 .4450285E-10
1611 .4450946E-10
1612 .4451605E-10
1613 .4452265E-10
1614 .4452924E-10
1615 .4453587E-10
1616 .4454242E-10
1617 .4454900E-10
1618 .4455558E-10
1619 .4456216E-10
1620 .4456874E-10
1621 .4457528E-10
1622 .4458187E-10
1623 .4458842E-10
1624 .4459493E-10
1625 .4460150E-10
1626 .4459744E-10
1627 .4459337E-10
1628 .4458932E-10
1629 .4458526E-10
1630 .4458122E-10
1631 .4457721E-10
1632 .4457321E-10
1633 .4456918E-10
1634 .4456520E-10
1635 .4456125E-10
1636 .4455728E-10
1637 .4455333E-10
1638 .4454939E-10
1639 .4454548E-10
1640 .4454156E-10
1641 .4453768E-10
1642 .4453377E-10
1643 .4452990E-10
1644 .4452604E-10
1645 .4452219E-10
1646 .4451837E-10
1647 .4451452E-10
1648 .4451072E-10
1649 .4450691E-10
1650 .4450313E-10
1651 .4449934E-10
1652 .4449555E-10
1653 .4449185E-10
1654 .4448810E-10
1655 .4448437E-10
1656 .4448065E-10
1657 .4447695E-10
1658 .4447325E-10
1659 .4446955E-10
1660 .4446591E-10
1661 .4446224E-10
1662 .4445860E-10
1663 .4445496E-10
1664 .4445136E-10
1665 .4444774E-10
1666 .4444415E-10
1667 .4444058E-10
1668 .4443701E-10
1669 .4443344E-10
1670 .4442987E-10
1671 .4442636E-10
1672 .4442284E-10
1673 .4441930E-10
1674 .4441580E-10
1675 .4441231E-10
1676 .4440885E-10
1677 .4440538E-10
1678 .4440195E-10
1679 .4439850E-10
1680 .4439504E-10
1681 .4439163E-10
1682 .4438824E-10
1683 .4438483E-10
1684 .4438146E-10
1685 .4437808E-10
1686 .4437474E-10
1687 .4437138E-10
1688 .4436801E-10
1689 .4436472E-10
1690 .4436140E-10
1691 .4435812E-10
1692 .4435482E-10
1693 .4435152E-10
1694 .4434824E-10
1695 .4434500E-10
1696 .4434175E-10
1697 .4433853E-10
1698 .4433528E-10
1699 .4433209E-10
1700 .4432890E-10
1701 .4432568E-10
1702 .4432251E-10
1703 .4431935E-10
1704 .4431615E-10
1705 .4431306E-10
1706 .4430991E-10
1707 .4430678E-10
1708 .4430366E-10
1709 .4430054E-10
1710 .4429746E-10
1711 .4429439E-10
1712 .4429132E-10
1713 .4428826E-10
1714 .4428521E-10
1715 .4428216E-10
1716 .4427914E-10
1717 .4427612E-10
1718 .4427310E-10
1719 .4427008E-10
1720 .4426715E-10
1721 .4426416E-10
1722 .4426118E-10
1723 .4425823E-10
1724 .4425530E-10
1725 .4425235E-10
1726 .4424943E-10
1727 .4424651E-10
1728 .4424358E-10
1729 .4424069E-10
1730 .4423781E-10
1731 .4423496E-10
1732 .4423206E-10
1733 .4422924E-10
1734 .4422640E-10
1735 .4422353E-10
1736 .4422073E-10
1737 .4421790E-10
1738 .4421507E-10
1739 .4421230E-10
1740 .4420950E-10
1741 .4420672E-10
1742 .4420394E-10
1743 .4420120E-10
1744 .4419846E-10
1745 .4419570E-10
1746 .4419298E-10
1747 .4419024E-10
1748 .4418753E-10
1749 .4418483E-10
1750 .4418214E-10
1751 .4417950E-10
1752 .4417678E-10
1753 .4417412E-10
1754 .4417145E-10
1755 .4416881E-10
1756 .4416616E-10
1757 .4416355E-10
1758 .4416092E-10
1759 .4415835E-10
1760 .4415571E-10
1761 .4415313E-10
1762 .4415055E-10
1763 .4414793E-10
1764 .4414539E-10
1765 .4414286E-10
1766 .4414029E-10
1767 .4413773E-10
1768 .4413523E-10
1769 .4413271E-10
1770 .4413017E-10
1771 .4412769E-10
1772 .4412515E-10
1773 .4412269E-10
1774 .4412021E-10
1775 .4411773E-10
1776 .4411529E-10
1777 .4411280E-10
1778 .4411036E-10
1779 .4410793E-10
1780 .4410548E-10
1781 .4410306E-10
1782 .4410065E-10
1783 .4409825E-10
1784 .4409584E-10
1785 .4409345E-10
1786 .4409108E-10
1787 .4408870E-10
1788 .4408638E-10
1789 .4408400E-10
1790 .4408161E-10
1791 .4407928E-10
1792 .4407696E-10
1793 .4407463E-10
1794 .4407232E-10
1795 .4407001E-10
1796 .4406766E-10
1797 .4406540E-10
1798 .4406313E-10
1799 .4406084E-10
1800 .4405852E-10
1801 .4393176E-10
1802 .4380498E-10
1803 .4367820E-10
1804 .4355146E-10
1805 .4342474E-10
1806 .4329808E-10
1807 .4317137E-10
1808 .4304470E-10
1809 .4291804E-10
1810 .4279144E-10
1811 .4266480E-10
1812 .4253826E-10
1813 .4241166E-10
1814 .4228514E-10
1815 .4215862E-10
1816 .4203209E-10
1817 .4190560E-10
1818 .4177911E-10
1819 .4165268E-10
1820 .4152625E-10
1821 .4139984E-10
1822 .4127344E-10
1823 .4114710E-10
1824 .4102069E-10
1825 .4089436E-10
1826 .4076803E-10
1827 .4064175E-10
1828 .4051546E-10
1829 .4038916E-10
1830 .4026292E-10
1831 .4013669E-10
1832 .4001048E-10
1833 .3988427E-10
1834 .3975808E-10
1835 .3963191E-10
1836 .3950573E-10
1837 .3937963E-10
1838 .3925351E-10
1839 .3912741E-10
1840 .3900131E-10
1841 .3887526E-10
1842 .3874921E-10
1843 .3862317E-10
1844 .3849719E-10
1845 .3837115E-10
1846 .3824519E-10
1847 .3811923E-10
1848 .3799330E-10
1849 .3786735E-10
1850 .3774144E-10
1851 .3761550E-10
1852 .3748966E-10
1853 .3736379E-10
1854 .3723792E-10
1855 .3711208E-10
1856 .3698623E-10
1857 .3686046E-10
1858 .3673466E-10
1859 .3660886E-10
1860 .3648311E-10
1861 .3635736E-10
1862 .3623165E-10
1863 .3610592E-10
1864 .3598021E-10
1865 .3585453E-10
1866 .3572884E-10
1867 .3560321E-10
1868 .3547757E-10
1869 .3535192E-10
1870 .3522630E-10
1871 .3510073E-10
1872 .3497514E-10
1873 .3484956E-10
1874 .3472401E-10
1875 .3459844E-10
1876 .3447293E-10
1877 .3434742E-10
1878 .3422191E-10
1879 .3409645E-10
1880 .3397095E-10
1881 .3384550E-10
1882 .3372005E-10
1883 .3359462E-10
1884 .3346918E-10
1885 .3334381E-10
1886 .3321840E-10
1887 .3309304E-10
1888 .3296768E-10
1889 .3284232E-10
1890 .3271699E-10
1891 .3259164E-10
1892 .3246634E-10
1893 .3234104E-10
1894 .3221578E-10
1895 .3209049E-10
1896 .3196521E-10
1897 .3184000E-10
1898 .3171475E-10
1899 .3158952E-10
1900 .3146432E-10
1901 .3133910E-10
1902 .3121393E-10
1903 .3108874E-10
1904 .3096362E-10
1905 .3083844E-10
1906 .3071332E-10
1907 .3058818E-10
1908 .3046309E-10
1909 .3033798E-10
1910 .3021291E-10
1911 .3008781E-10
1912 .2996275E-10
1913 .2983771E-10
1914 .2971267E-10
1915 .2958763E-10
1916 .2946261E-10
1917 .2933762E-10
1918 .2921261E-10
1919 .2908763E-10
1920 .2896267E-10
1921 .2883771E-10
1922 .2871276E-10
1923 .2858785E-10
1924 .2846290E-10
1925 .2833798E-10
1926 .2821308E-10
1927 .2808818E-10
1928 .2796331E-10
1929 .2783844E-10
1930 .2771358E-10
1931 .2758875E-10
1932 .2746395E-10
1933 .2733908E-10
1934 .2721427E-10
1935 .2708948E-10
1936 .2696467E-10
1937 .2683987E-10
1938 .2671509E-10
1939 .2659033E-10
1940 .2646563E-10
1941 .2634087E-10
1942 .2621612E-10
1943 .2609138E-10
1944 .2596671E-10
1945 .2584199E-10
1946 .2571729E-10
1947 .2559263E-10
1948 .2546795E-10
1949 .2534330E-10
1950 .2521864E-10
1951 .2509402E-10
1952 .2496938E-10
1953 .2484478E-10
1954 .2472014E-10
1955 .2459556E-10
1956 .2447096E-10
1957 .2434637E-10
1958 .2422183E-10
1959 .2409724E-10
1960 .2397271E-10
1961 .2384817E-10
1962 .2372362E-10
1963 .2359911E-10
1964 .2347459E-10
1965 .2335011E-10
1966 .2322561E-10
1967 .2310112E-10
1968 .2297667E-10
1969 .2285220E-10
1970 .2272775E-10
1971 .2260330E-10
1972 .2247886E-10
1973 .2235444E-10
1974 .2223003E-10
1975 .2210564E-10
1976 .2198126E-10
1977 .2185686E-10
1978 .2173249E-10
1979 .2160813E-10
1980 .2148379E-10
1981 .2135944E-10
1982 .2123513E-10
1983 .2111080E-10
1984 .2098649E-10
1985 .2086220E-10
1986 .2073792E-10
1987 .2061363E-10
1988 .2048936E-10
1989 .2036510E-10
1990 .2024086E-10
1991 .2011664E-10
1992 .1999240E-10
1993 .1986818E-10
1994 .1974397E-10
1995 .1961979E-10
1996 .1949562E-10
1997 .1937142E-10
1998 .1924727E-10
1999 .1912311E-10
2000 .1899898E-10
2001 .1887483E-10
2002 .1875071E-10
2003 .1862660E-10
2004 .1850250E-10
2005 .1837841E-10
2006 .1825434E-10
2007 .1813027E-10
2008 .1800620E-10
2009 .1788215E-10
2010 .1775812E-10
2011 .1775760E-10
2012 .1775710E-10
2013 .1775661E-10
2014 .1775610E-10
2015 .1775561E-10
2016 .1775511E-10
2017 .1775462E-10
2018 .1775414E-10
2019 .1775366E-10
2020 .1775316E-10
2021 .1775270E-10
2022 .1775225E-10
2023 .1775176E-10
2024 .1775130E-10
2025 .1775085E-10
2026 .1775039E-10
2027 .1774993E-10
2028 .1774948E-10
2029 .1774903E-10
2030 .1774858E-10
2031 .1774817E-10
2032 .1774772E-10
2033 .1774729E-10
2034 .1774687E-10
2035 .1774643E-10
2036 .1774603E-10
2037 .1774560E-10
2038 .1774520E-10
2039 .1774480E-10
2040 .1774440E-10
2041 .1774400E-10
2042 .1774363E-10
2043 .1774323E-10
2044 .1774285E-10
2045 .1774248E-10
2046 .1774210E-10
2047 .1774173E-10
2048 .1774136E-10
2049 .1774100E-10
2050 .1774066E-10
2051 .1774032E-10
2052 .1773996E-10
2053 .1773962E-10
2054 .1773929E-10
2055 .1773896E-10
2056 .1773865E-10
2057 .1773831E-10
2058 .1773800E-10
2059 .1773769E-10
2060 .1773739E-10
2061 .1773710E-10
2062 .1773680E-10
2063 .1773650E-10
2064 .1773623E-10
2065 .1773596E-10
2066 .1773569E-10
2067 .1773542E-10
2068 .1773516E-10
2069 .1773489E-10
2070 .1773464E-10
2071 .1773442E-10
2072 .1773416E-10
2073 .1773394E-10
2074 .1773372E-10
2075 .1773349E-10
2076 .1773326E-10
2077 .1773308E-10
2078 .1773288E-10
2079 .1773267E-10
2080 .1773248E-10
2081 .1773231E-10
2082 .1773214E-10
2083 .1773196E-10
2084 .1773179E-10
2085 .1773164E-10
2086 .1773148E-10
2087 .1773134E-10
2088 .1773121E-10
2089 .1773107E-10
2090 .1773095E-10
2091 .1773083E-10
2092 .1773071E-10
2093 .1773063E-10
2094 .1773052E-10
2095 .1773041E-10
2096 .1773032E-10
2097 .1773026E-10
2098 .1773019E-10
2099 .1773010E-10
2100 .1773006E-10
2101 .1773000E-10
2102 .1772997E-10
2103 .1772992E-10
2104 .1772989E-10
2105 .1772988E-10
2106 .1772987E-10
2107 .1772986E-10
2108 .1772986E-10
2109 .1772987E-10
2110 .1772988E-10
2111 .1772990E-10
2112 .1772994E-10
2113 .1772997E-10
2114 .1773002E-10
2115 .1773006E-10
2116 .1773011E-10
2117 .1773018E-10
2118 .1773028E-10
2119 .1773035E-10
2120 .1773044E-10
2121 .1773056E-10
2122 .1773065E-10
2123 .1773078E-10
2124 .1773088E-10
2125 .1773101E-10
2126 .1773116E-10
2127 .1773131E-10
2128 .1773148E-10
2129 .1773164E-10
2130 .1773181E-10
2131 .1773198E-10
2132 .1773215E-10
2133 .1773237E-10
2134 .1773257E-10
2135 .1773280E-10
2136 .1773302E-10
2137 .1773324E-10
2138 .1773350E-10
2139 .1773374E-10
2140 .1773399E-10
2141 .1773426E-10
2142 .1773454E-10
2143 .1773483E-10
2144 .1773512E-10
2145 .1773542E-10
2146 .1773574E-10
2147 .1773604E-10
2148 .1773638E-10
2149 .1773672E-10
2150 .1773709E-10
2151 .1773744E-10
2152 .1773780E-10
2153 .1773817E-10
2154 .1773855E-10
2155 .1773896E-10
2156 .1773935E-10
2157 .1773977E-10
2158 .1774018E-10
2159 .1774062E-10
2160 .1774106E-10
2161 .1774152E-10
2162 .1774198E-10
2163 .1774244E-10
2164 .1774294E-10
2165 .1774342E-10
2166 .1774394E-10
2167 .1774444E-10
2168 .1774498E-10
2169 .1774550E-10
2170 .1774605E-10
2171 .1774658E-10
2172 .1774716E-10
2173 .1774774E-10
2174 .1774830E-10
2175 .1774891E-10
2176 .1774950E-10
2177 .1775013E-10
2178 .1775075E-10
2179 .1775138E-10
2180 .1775202E-10
2181 .1775267E-10
2182 .1775334E-10
2183 .1775404E-10
2184 .1775472E-10
2185 .1775540E-10
2186 .1775612E-10
2187 .1775684E-10
2188 .1775756E-10
2189 .1775833E-10
2190 .1775908E-10
2191 .1775985E-10
2192 .1776061E-10
2193 .1776141E-10
2194 .1776220E-10
2195 .1776300E-10
2196 .1776382E-10
2197 .1776466E-10
2198 .1776550E-10
2199 .1776634E-10
2200 .1776722E-10
2201 .1776809E-10
2202 .1776899E-10
2203 .1776988E-10
2204 .1777080E-10
2205 .1777171E-10
2206 .1777266E-10
2207 .1777362E-10
2208 .1777456E-10
2209 .1777553E-10
2210 .1777650E-10
2211 .1777753E-10
2212 .1777852E-10
2213 .1777952E-10
2214 .1778058E-10
2215 .1778160E-10
2216 .1778265E-10
2217 .1778374E-10
2218 .1778483E-10
2219 .1778591E-10
2220 .1778701E-10
2221 .1778813E-10
2222 .1778924E-10
2223 .1779040E-10
2224 .1779158E-10
2225 .1779271E-10
2226 .1779389E-10
2227 .1779509E-10
2228 .1779630E-10
2229 .1779753E-10
2230 .1779875E-10
2231 .1779999E-10
2232 .1780124E-10
2233 .1780251E-10
2234 .1780381E-10
2235 .1780510E-10
2236 .1780641E-10
2237 .1780772E-10
2238 .1780906E-10
2239 .1781040E-10
2240 .1781177E-10
2241 .1781315E-10
2242 .1781454E-10
2243 .1781593E-10
2244 .1781735E-10
2245 .1781878E-10
2246 .1782022E-10
2247 .1782167E-10
2248 .1782314E-10
2249 .1782460E-10
2250 .1782608E-10
2251 .1782761E-10
2252 .1782912E-10
2253 .1783065E-10
2254 .1783218E-10
2255 .1783373E-10
2256 .1783531E-10
2257 .1783688E-10
2258 .1783846E-10
2259 .1784008E-10
2260 .1784169E-10
2261 .1784333E-10
2262 .1784494E-10
2263 .1784660E-10
2264 .1784825E-10
2265 .1784994E-10
2266 .1785165E-10
2267 .1785332E-10
2268 .1785503E-10
2269 .1785677E-10
2270 .1785850E-10
2271 .1786025E-10
2272 .1786201E-10
2273 .1786378E-10
2274 .1786555E-10
2275 .1786735E-10
2276 .1786916E-10
2277 .1787095E-10
2278 .1787280E-10
2279 .1787461E-10
2280 .1787648E-10
2281 .1787834E-10
2282 .1788022E-10
2283 .1788208E-10
2284 .1788399E-10
2285 .1788590E-10
2286 .1788781E-10
2287 .1788974E-10
2288 .1789167E-10
2289 .1789363E-10
2290 .1789558E-10
2291 .1789755E-10
2292 .1789952E-10
2293 .1790152E-10
2294 .1790354E-10
2295 .1790553E-10
2296 .1790756E-10
2297 .1790960E-10
2298 .1791163E-10
2299 .1791368E-10
2300 .1791576E-10
2301 .1791784E-10
2302 .1791992E-10
2303 .1792202E-10
2304 .1792412E-10
2305 .1792624E-10
2306 .1792836E-10
2307 .1793049E-10
2308 .1793264E-10
2309 .1793478E-10
2310 .1793695E-10
2311 .1793914E-10
2312 .1794132E-10
2313 .1794349E-10
2314 .1794572E-10
2315 .1794792E-10
2316 .1795015E-10
2317 .1795236E-10
2318 .1795462E-10
2319 .1795686E-10
2320 .1795914E-10
2321 .1796140E-10
2322 .1796370E-10
2323 .1796598E-10
2324 .1796827E-10
2325 .1797058E-10
2326 .1797290E-10
2327 .1797522E-10
2328 .1797755E-10
2329 .1797990E-10
2330 .1798227E-10
2331 .1798461E-10
2332 .1798697E-10
2333 .1798935E-10
2334 .1799174E-10
2335 .1799415E-10
2336 .1799654E-10
2337 .1799895E-10
2338 .1800137E-10
2339 .1800380E-10
2340 .1800624E-10
2341 .1800870E-10
2342 .1801116E-10
2343 .1801360E-10
2344 .1801608E-10
2345 .1801856E-10
2346 .1802107E-10
2347 .1802354E-10
2348 .1802605E-10
2349 .1802855E-10
2350 .1803109E-10
2351 .1803361E-10
2352 .1803616E-10
2353 .1803868E-10
2354 .1804125E-10
2355 .1804379E-10
2356 .1804637E-10
2357 .1804893E-10
2358 .1805151E-10
2359 .1805411E-10
2360 .1805671E-10
2361 .1805931E-10
2362 .1806192E-10
2363 .1806453E-10
2364 .1806716E-10
2365 .1806980E-10
2366 .1807245E-10
2367 .1807510E-10
2368 .1807775E-10
2369 .1808040E-10
2370 .1808305E-10
2371 .1808575E-10
2372 .1808843E-10
2373 .1809111E-10
2374 .1809382E-10
2375 .1809650E-10
2376 .1809924E-10
2377 .1810195E-10
2378 .1810468E-10
2379 .1810740E-10
2380 .1811014E-10
2381 .1811287E-10
2382 .1811562E-10
2383 .1811837E-10
2384 .1812114E-10
2385 .1812391E-10
2386 .1812668E-10
2387 .1812946E-10
2388 .1813226E-10
2389 .1813503E-10
2390 .1813783E-10
2391 .1814065E-10
2392 .1814347E-10
2393 .1814627E-10
2394 .1814910E-10
2395 .1815192E-10
2396 .1815474E-10
2397 .1815758E-10
2398 .1816044E-10
2399 .1816328E-10
2400 .1816615E-10
2401 .1816899E-10
2402 .1817188E-10
2403 .1817474E-10
2404 .1817761E-10
2405 .1818050E-10
2406 .1818339E-10
2407 .1818630E-10
2408 .1818918E-10
2409 .1819209E-10
2410 .1819501E-10
2411 .1819790E-10
2412 .1820082E-10
2413 .1820374E-10
2414 .1820668E-10
2415 .1820960E-10
2416 .1821255E-10
2417 .1821550E-10
2418 .1821846E-10
2419 .1822139E-10
2420 .1822436E-10
2421 .1822731E-10
2422 .1823024E-10
2423 .1823323E-10
2424 .1823621E-10
2425 .1823920E-10
2426 .1824218E-10
2427 .1824517E-10
2428 .1824813E-10
2429 .1825115E-10
2430 .1825414E-10
2431 .1825713E-10
2432 .1826016E-10
2433 .1826317E-10
2434 .1826618E-10
2435 .1826919E-10
2436 .1827222E-10
2437 .1827525E-10
2438 .1827827E-10
2439 .1828132E-10
2440 .1828435E-10
2441 .1828739E-10
2442 .1829043E-10
2443 .1829349E-10
2444 .1829652E-10
2445 .1829959E-10
2446 .1830265E-10
2447 .1830572E-10
2448 .1830878E-10
2449 .1831184E-10
2450 .1831491E-10
2451 .1831797E-10
2452 .1832107E-10
2453 .1832415E-10
2454 .1832723E-10
2455 .1833031E-10
2456 .1833340E-10
2457 .1833648E-10
2458 .1833957E-10
2459 .1834267E-10
2460 .1834579E-10
2461 .1834888E-10
2462 .1835198E-10
2463 .1835510E-10
2464 .1835819E-10
2465 .1836131E-10
2466 .1836443E-10
2467 .1836753E-10
2468 .1837066E-10
2469 .1837377E-10
2470 .1837690E-10
2471 .1838002E-10
2472 .1838314E-10
2473 .1838629E-10
2474 .1838941E-10
2475 .1839253E-10
2476 .1839566E-10
2477 .1839881E-10
2478 .1840194E-10
2479 .1840510E-10
2480 .1840821E-10
2481 .1841137E-10
2482 .1841451E-10
2483 .1841765E-10
2484 .1842079E-10
2485 .1842394E-10
2486 .1842709E-10
2487 .1843025E-10
2488 .1843339E-10
2489 .1843655E-10
2490 .1843972E-10
2491 .1844284E-10
2492 .1844600E-10
2493 .1844917E-10
2494 .1845232E-10
2495 .1845548E-10
2496 .1845864E-10
2497 .1846179E-10
2498 .1846495E-10
2499 .1846813E-10
2500 .1847129E-10
