100 .9322328E-14
101 .4091743E-13
102 .1189993E-12
103 .2775804E-12
104 .5625354E-12
105 .1032596E-11
106 .1759803E-11
107 .2829277E-11
108 .4338234E-11
109 .6394123E-11
110 .9111863E-11
111 .1261021E-10
112 .1700716E-10
113 .2241461E-10
114 .2893235E-10
115 .3664157E-10
116 .4559806E-10
117 .5582544E-10
118 .6730895E-10
119 .7998953E-10
120 .9375936E-10
121 .1084585E-09
122 .1238733E-09
123 .1397377E-09
124 .1557352E-09
125 .1715054E-09
126 .1866878E-09
127 .2010608E-09
128 .2144768E-09
129 .2268334E-09
130 .2380747E-09
131 .2481906E-09
132 .2572136E-09
133 .2652169E-09
134 .2723083E-09
135 .2786277E-09
136 .2843411E-09
137 .2896376E-09
138 .2947200E-09
139 .2996980E-09
140 .3045776E-09
141 .3093592E-09
142 .3140430E-09
143 .3186299E-09
144 .3231209E-09
145 .3275189E-09
146 .3318279E-09
147 .3360537E-09
148 .3402043E-09
149 .3442890E-09
150 .3483199E-09
151 .3523095E-09
152 .3562690E-09
153 .3602087E-09
154 .3641381E-09
155 .3680669E-09
156 .3720043E-09
157 .3759591E-09
158 .3799402E-09
159 .3839556E-09
160 .3880141E-09
161 .3921236E-09
162 .3962924E-09
163 .4005285E-09
164 .4048402E-09
165 .4092356E-09
166 .4137232E-09
167 .4183114E-09
168 .4230089E-09
169 .4278247E-09
170 .4327681E-09
171 .4378487E-09
172 .4430765E-09
173 .4484619E-09
174 .4540157E-09
175 .4597493E-09
176 .4656717E-09
177 .4717810E-09
178 .4780719E-09
179 .4845388E-09
180 .4911756E-09
181 .4979755E-09
182 .5049313E-09
183 .5120352E-09
184 .5192787E-09
185 .5266529E-09
186 .5341481E-09
187 .5417542E-09
188 .5494599E-09
189 .5572540E-09
190 .5651238E-09
191 .5730564E-09
192 .5810380E-09
193 .5890539E-09
194 .5970889E-09
195 .6051269E-09
196 .6131509E-09
197 .6211433E-09
198 .6290854E-09
199 .6369577E-09
200 .6447402E-09
201 .6524157E-09
202 .6599837E-09
203 .6674473E-09
204 .6748106E-09
205 .6820778E-09
206 .6892533E-09
207 .6963419E-09
208 .7033491E-09
209 .7102799E-09
210 .7171408E-09
211 .7239377E-09
212 .7306774E-09
213 .7373668E-09
214 .7440131E-09
215 .7506242E-09
216 .7572082E-09
217 .7637736E-09
218 .7703292E-09
219 .7768842E-09
220 .7834485E-09
221 .7900321E-09
222 .7966457E-09
223 .8033002E-09
224 .8100068E-09
225 .8167777E-09
226 .8236199E-09
227 .8305199E-09
228 .8374582E-09
229 .8444150E-09
230 .8513692E-09
231 .8582996E-09
232 .8651841E-09
233 .8719997E-09
234 .8787231E-09
235 .8853301E-09
236 .8917959E-09
237 .8980951E-09
238 .9042015E-09
239 .9100890E-09
240 .9157301E-09
241 .9210973E-09
242 .9261628E-09
243 .9308980E-09
244 .9352743E-09
245 .9392628E-09
246 .9428344E-09
247 .9459600E-09
248 .9486097E-09
249 .9507549E-09
250 .9523664E-09
251 .8375598E-09
252 .9382862E-09
253 .7272164E-09
254 .5376523E-09
255 .6125398E-09
256 .8090202E-09
257 .7764799E-09
258 .7885423E-09
259 .8467179E-09
260 .8940563E-09
261 .1059178E-08
262 .9822950E-09
263 .9433056E-09
264 .9468086E-09
265 .1242213E-08
266 .1238591E-08
267 .1255917E-08
268 .1392506E-08
269 .1369384E-08
270 .1489142E-08
271 .1578853E-08
272 .1625073E-08
273 .1649830E-08
274 .1781869E-08
275 .1826620E-08
276 .1716671E-08
277 .1661394E-08
278 .1927937E-08
279 .2195156E-08
280 .2450135E-08
281 .2865158E-08
282 .3255556E-08
283 .3592104E-08
284 .3869335E-08
285 .3881569E-08
286 .4031971E-08
287 .3958030E-08
288 .4144344E-08
289 .3931639E-08
290 .4068216E-08
291 .4219162E-08
292 .4237091E-08
293 .4234733E-08
294 .4201686E-08
295 .4166480E-08
296 .4012084E-08
297 .4309946E-08
298 .4643849E-08
299 .4644751E-08
300 .4690853E-08
301 .4749675E-08
302 .5163675E-08
303 .5613064E-08
304 .5867988E-08
305 .5842071E-08
306 .5803136E-08
307 .5958846E-08
308 .6053541E-08
309 .5432472E-08
310 .5243216E-08
311 .4907108E-08
312 .4702661E-08
313 .5198446E-08
314 .4997897E-08
315 .4083237E-08
316 .4760618E-08
317 .5022175E-08
318 .4501115E-08
319 .4239599E-08
320 .4623226E-08
321 .3779423E-08
322 .3933644E-08
323 .3190486E-08
324 .3200286E-08
325 .3049907E-08
326 .2951469E-08
327 .2969887E-08
328 .3076327E-08
329 .3250096E-08
330 .3444126E-08
331 .3629172E-08
332 .3998539E-08
333 .4230749E-08
334 .4398705E-08
335 .4529111E-08
336 .4661267E-08
337 .4704430E-08
338 .4752517E-08
339 .4842939E-08
340 .5113658E-08
341 .5419005E-08
342 .5991060E-08
343 .6399444E-08
344 .6841805E-08
345 .7168750E-08
346 .7520885E-08
347 .7993840E-08
348 .8061104E-08
349 .8123201E-08
350 .8212394E-08
351 .8106192E-08
352 .7982557E-08
353 .7748090E-08
354 .7524432E-08
355 .7260955E-08
356 .6979335E-08
357 .6534008E-08
358 .6240373E-08
359 .5881830E-08
360 .5414311E-08
361 .4821022E-08
362 .4472197E-08
363 .4118571E-08
364 .3827621E-08
365 .3564542E-08
366 .3247466E-08
367 .3109195E-08
368 .3007507E-08
369 .2925900E-08
370 .2916919E-08
371 .3107066E-08
372 .3392324E-08
373 .3589801E-08
374 .3897458E-08
375 .4226213E-08
376 .4480463E-08
377 .4656133E-08
378 .4915162E-08
379 .5088955E-08
380 .5273281E-08
381 .5567258E-08
382 .5993300E-08
383 .6232727E-08
384 .6590121E-08
385 .6934795E-08
386 .7203849E-08
387 .7473326E-08
388 .7762366E-08
389 .7885985E-08
390 .8064558E-08
391 .8088033E-08
392 .8179887E-08
393 .8086172E-08
394 .7898710E-08
395 .7713580E-08
396 .7435030E-08
397 .7170822E-08
398 .6878854E-08
399 .6728562E-08
400 .6616262E-08
401 .6670469E-08
402 .6742261E-08
403 .6884123E-08
404 .6983237E-08
405 .7082868E-08
406 .7125256E-08
407 .7220071E-08
408 .7152192E-08
409 .7016814E-08
410 .6917451E-08
411 .6757663E-08
412 .6614621E-08
413 .6449758E-08
414 .6315373E-08
415 .6176947E-08
416 .6003532E-08
417 .5823629E-08
418 .5648911E-08
419 .5449845E-08
420 .5262498E-08
421 .5052134E-08
422 .4835860E-08
423 .4716015E-08
424 .4535830E-08
425 .4382908E-08
426 .4278337E-08
427 .4133745E-08
428 .3946614E-08
429 .3825400E-08
430 .3787184E-08
431 .3850532E-08
432 .3897165E-08
433 .3994681E-08
434 .4101741E-08
435 .4236743E-08
436 .4286090E-08
437 .4313762E-08
438 .4299162E-08
439 .4261149E-08
440 .4217223E-08
441 .4226847E-08
442 .4230962E-08
443 .4270800E-08
444 .4380760E-08
445 .4472928E-08
446 .4522149E-08
447 .4545091E-08
448 .4627055E-08
449 .4590378E-08
450 .4596729E-08
451 .4563951E-08
452 .4508795E-08
453 .4453773E-08
454 .4381180E-08
455 .4285013E-08
456 .4249508E-08
457 .4162551E-08
458 .4085434E-08
459 .4036482E-08
460 .3978282E-08
461 .3909478E-08
462 .3787561E-08
463 .3662404E-08
464 .3556956E-08
465 .3443499E-08
466 .3349631E-08
467 .3244976E-08
468 .3213283E-08
469 .3200548E-08
470 .3191029E-08
471 .3145930E-08
472 .3107049E-08
473 .3073027E-08
474 .3033291E-08
475 .3008732E-08
476 .2996207E-08
477 .3014595E-08
478 .3004656E-08
479 .2957829E-08
480 .2878151E-08
481 .2784478E-08
482 .2674491E-08
483 .2571327E-08
484 .2474796E-08
485 .2411976E-08
486 .2386072E-08
487 .2396227E-08
488 .2428856E-08
489 .2469964E-08
490 .2515862E-08
491 .2569161E-08
492 .2632923E-08
493 .2670569E-08
494 .2707167E-08
495 .2742680E-08
496 .2777807E-08
497 .2817868E-08
498 .2829537E-08
499 .2843496E-08
500 .2885074E-08
501 .2928125E-08
502 .2976035E-08
503 .2999623E-08
504 .3045790E-08
505 .3104705E-08
506 .3179531E-08
507 .3237703E-08
508 .3275903E-08
509 .3292511E-08
510 .3305390E-08
511 .3286082E-08
512 .3251779E-08
513 .3221015E-08
514 .3194795E-08
515 .3175507E-08
516 .3176665E-08
517 .3169790E-08
518 .3152430E-08
519 .3127072E-08
520 .3065515E-08
521 .2981191E-08
522 .2865118E-08
523 .2743802E-08
524 .2622653E-08
525 .2513687E-08
526 .2445610E-08
527 .2375416E-08
528 .2324111E-08
529 .2297803E-08
530 .2295347E-08
531 .2307531E-08
532 .2314130E-08
533 .2327355E-08
534 .2321368E-08
535 .2313747E-08
536 .2313104E-08
537 .2290914E-08
538 .2258394E-08
539 .2221625E-08
540 .2172528E-08
541 .2127293E-08
542 .2061859E-08
543 .2017766E-08
544 .1981545E-08
545 .1977649E-08
546 .1990869E-08
547 .2020046E-08
548 .2059067E-08
549 .2118357E-08
550 .2162066E-08
551 .2195051E-08
552 .2233633E-08
553 .2255171E-08
554 .2275659E-08
555 .2290843E-08
556 .2300406E-08
557 .2290797E-08
558 .2293135E-08
559 .2294400E-08
560 .2297407E-08
561 .2305244E-08
562 .2295873E-08
563 .2283505E-08
564 .2272931E-08
565 .2257532E-08
566 .2238581E-08
567 .2215330E-08
568 .2200054E-08
569 .2157785E-08
570 .2115828E-08
571 .2066389E-08
572 .2010559E-08
573 .1960621E-08
574 .1925902E-08
575 .1900289E-08
576 .1872591E-08
577 .1868562E-08
578 .1861074E-08
579 .1854816E-08
580 .1875740E-08
581 .1887773E-08
582 .1910698E-08
583 .1918350E-08
584 .1930340E-08
585 .1929295E-08
586 .1943198E-08
587 .1945317E-08
588 .1910505E-08
589 .1866860E-08
590 .1776343E-08
591 .1769012E-08
592 .1757449E-08
593 .1728981E-08
594 .1678222E-08
595 .1631863E-08
596 .1605844E-08
597 .1568234E-08
598 .1526847E-08
599 .1495787E-08
600 .1451792E-08
601 .1409619E-08
602 .1363461E-08
603 .1325150E-08
604 .1282505E-08
605 .1234679E-08
606 .1187859E-08
607 .1136712E-08
608 .1104194E-08
609 .1069903E-08
610 .1049486E-08
611 .1034908E-08
612 .1032421E-08
613 .1055330E-08
614 .1076861E-08
615 .1122401E-08
616 .1184963E-08
617 .1248523E-08
618 .1324343E-08
619 .1402010E-08
620 .1486292E-08
621 .1562194E-08
622 .1621396E-08
623 .1678812E-08
624 .1729412E-08
625 .1776961E-08
626 .1818452E-08
627 .1846606E-08
628 .1813175E-08
629 .1842217E-08
630 .1843595E-08
631 .1858406E-08
632 .1868115E-08
633 .1886405E-08
634 .1904364E-08
635 .1928296E-08
636 .1933941E-08
637 .1950112E-08
638 .1953114E-08
639 .1952935E-08
640 .1950813E-08
641 .1941772E-08
642 .1934689E-08
643 .1923612E-08
644 .1912242E-08
645 .1901987E-08
646 .1898547E-08
647 .1881993E-08
648 .1866230E-08
649 .1870987E-08
650 .1871166E-08
651 .1875704E-08
652 .1851076E-08
653 .1861138E-08
654 .1843620E-08
655 .1832929E-08
656 .1823269E-08
657 .1814326E-08
658 .1803181E-08
659 .1788211E-08
660 .1774230E-08
661 .1748947E-08
662 .1720670E-08
663 .1697947E-08
664 .1687203E-08
665 .1690117E-08
666 .1690346E-08
667 .1687856E-08
668 .1678121E-08
669 .1654180E-08
670 .1639888E-08
671 .1621520E-08
672 .1605443E-08
673 .1594450E-08
674 .1572203E-08
675 .1555515E-08
676 .1537082E-08
677 .1524581E-08
678 .1514984E-08
679 .1508991E-08
680 .1506952E-08
681 .1504361E-08
682 .1498911E-08
683 .1487447E-08
684 .1467695E-08
685 .1442788E-08
686 .1438372E-08
687 .1341919E-08
688 .1372842E-08
689 .1415127E-08
690 .1401977E-08
691 .1398607E-08
692 .1407061E-08
693 .1402451E-08
694 .1411026E-08
695 .1406392E-08
696 .1407187E-08
697 .1419325E-08
698 .1415211E-08
699 .1408521E-08
700 .1405858E-08
701 .1403781E-08
702 .1402289E-08
703 .1399688E-08
704 .1410981E-08
705 .1420159E-08
706 .1432535E-08
707 .1438846E-08
708 .1445554E-08
709 .1458137E-08
710 .1458000E-08
711 .1468242E-08
712 .1473205E-08
713 .1467719E-08
714 .1453260E-08
715 .1441552E-08
716 .1428217E-08
717 .1392149E-08
718 .1382586E-08
719 .1361187E-08
720 .1364054E-08
721 .1361183E-08
722 .1351952E-08
723 .1339379E-08
724 .1317051E-08
725 .1328437E-08
726 .1307896E-08
727 .1288690E-08
728 .1257410E-08
729 .1253796E-08
730 .1233277E-08
731 .1215528E-08
732 .1198063E-08
733 .1186196E-08
734 .1168081E-08
735 .1148453E-08
736 .1138061E-08
737 .1126886E-08
738 .1122135E-08
739 .1110032E-08
740 .1100566E-08
741 .1085144E-08
742 .1057933E-08
743 .1018911E-08
744 .9718485E-09
745 .9401929E-09
746 .9120195E-09
747 .8942413E-09
748 .8819594E-09
749 .8790847E-09
750 .8813944E-09
751 .8905931E-09
752 .8966161E-09
753 .8873043E-09
754 .8771968E-09
755 .8689874E-09
756 .8460130E-09
757 .8291797E-09
758 .8134754E-09
759 .7998715E-09
760 .7841792E-09
761 .7788653E-09
762 .7762339E-09
763 .7820259E-09
764 .8019680E-09
765 .8074489E-09
766 .8197520E-09
767 .8289828E-09
768 .8283732E-09
769 .8386172E-09
770 .8213206E-09
771 .8208698E-09
772 .8129379E-09
773 .7994491E-09
774 .7902124E-09
775 .7797489E-09
776 .7642070E-09
777 .7543677E-09
778 .7389459E-09
779 .7247679E-09
780 .7026585E-09
781 .6824738E-09
782 .6589301E-09
783 .6399233E-09
784 .6222877E-09
785 .6035472E-09
786 .5910981E-09
787 .5768504E-09
788 .5640097E-09
789 .5493743E-09
790 .5390031E-09
791 .5269571E-09
792 .5200793E-09
793 .5167210E-09
794 .5176596E-09
795 .5133767E-09
796 .5059680E-09
797 .4983268E-09
798 .4976367E-09
799 .4984951E-09
800 .4977838E-09
801 .5013691E-09
802 .5064447E-09
803 .5115668E-09
804 .5251373E-09
805 .5322065E-09
806 .5372254E-09
807 .5364346E-09
808 .5360311E-09
809 .5285748E-09
810 .5282207E-09
811 .5261371E-09
812 .5252631E-09
813 .5208984E-09
814 .5099610E-09
815 .5003614E-09
816 .4892268E-09
817 .4803429E-09
818 .4715626E-09
819 .4736997E-09
820 .4637008E-09
821 .4641756E-09
822 .4544112E-09
823 .4322942E-09
824 .4656072E-09
825 .4640482E-09
826 .4627202E-09
827 .4666683E-09
828 .4488009E-09
829 .4512067E-09
830 .4424765E-09
831 .4383593E-09
832 .4294921E-09
833 .4342808E-09
834 .4261222E-09
835 .4349387E-09
836 .4328636E-09
837 .4395166E-09
838 .4421317E-09
839 .4474242E-09
840 .4488511E-09
841 .4549641E-09
842 .4562007E-09
843 .4592588E-09
844 .4609256E-09
845 .4652576E-09
846 .4645628E-09
847 .4630283E-09
848 .4641052E-09
849 .4573558E-09
850 .4614404E-09
851 .4568525E-09
852 .4592660E-09
853 .4585795E-09
854 .4628643E-09
855 .4593487E-09
856 .4515400E-09
857 .4495293E-09
858 .4479114E-09
859 .4418922E-09
860 .4389416E-09
861 .4378451E-09
862 .4397799E-09
863 .4348758E-09
864 .4423248E-09
865 .4415923E-09
866 .4362237E-09
867 .4269292E-09
868 .4320635E-09
869 .4221250E-09
870 .4238139E-09
871 .4222580E-09
872 .4107108E-09
873 .4180724E-09
874 .4148034E-09
875 .4085692E-09
876 .4058849E-09
877 .4033070E-09
878 .4010321E-09
879 .3951838E-09
880 .3824415E-09
881 .3797188E-09
882 .3683612E-09
883 .3530674E-09
884 .3436221E-09
885 .3372265E-09
886 .3271327E-09
887 .3208490E-09
888 .3043405E-09
889 .3079410E-09
890 .3021008E-09
891 .3051310E-09
892 .2992938E-09
893 .2997837E-09
894 .3046134E-09
895 .2977403E-09
896 .2986640E-09
897 .2856817E-09
898 .2995688E-09
899 .2747505E-09
900 .2815379E-09
901 .2776468E-09
902 .2707808E-09
903 .2765494E-09
904 .2817267E-09
905 .2750405E-09
906 .2753027E-09
907 .2694144E-09
908 .2717893E-09
909 .2727162E-09
910 .2700530E-09
911 .2777755E-09
912 .2740511E-09
913 .2702185E-09
914 .2791510E-09
915 .2740503E-09
916 .2701379E-09
917 .2785052E-09
918 .2747614E-09
919 .2903327E-09
920 .2793965E-09
921 .2867953E-09
922 .2853046E-09
923 .2824369E-09
924 .2765516E-09
925 .2758472E-09
926 .2819746E-09
927 .2750263E-09
928 .2675220E-09
929 .2644100E-09
930 .2528685E-09
931 .2307391E-09
932 .2058977E-09
933 .2031367E-09
934 .1780671E-09
935 .1899471E-09
936 .1804898E-09
937 .1936576E-09
938 .1833633E-09
939 .2153453E-09
940 .2228673E-09
941 .2176250E-09
942 .2034003E-09
943 .1841475E-09
944 .1797050E-09
945 .1877034E-09
946 .1801079E-09
947 .1850520E-09
948 .1899231E-09
949 .1905714E-09
950 .1642075E-09
951 .1910609E-09
952 .1692909E-09
953 .1738663E-09
954 .1811674E-09
955 .1750888E-09
956 .1759191E-09
957 .1640814E-09
958 .1812336E-09
959 .1648879E-09
960 .1722437E-09
961 .1693948E-09
962 .1734258E-09
963 .1701366E-09
964 .1688805E-09
965 .1677969E-09
966 .1760001E-09
967 .1580885E-09
968 .1638877E-09
969 .1613187E-09
970 .1596738E-09
971 .1639894E-09
972 .1553242E-09
973 .1631269E-09
974 .1550032E-09
975 .1536040E-09
976 .1489187E-09
977 .1582193E-09
978 .1522700E-09
979 .1497937E-09
980 .1520623E-09
981 .1431431E-09
982 .1467714E-09
983 .1491953E-09
984 .1506649E-09
985 .1485566E-09
986 .1468489E-09
987 .1440169E-09
988 .1507748E-09
989 .1427962E-09
990 .1449374E-09
991 .1323303E-09
992 .1442771E-09
993 .1310095E-09
994 .1307582E-09
995 .1435339E-09
996 .1361747E-09
997 .1362545E-09
998 .1363726E-09
999 .1369305E-09
1000 .1374253E-09
1001 .1372165E-09
1002 .1370074E-09
1003 .1367980E-09
1004 .1365882E-09
1005 .1363780E-09
1006 .1361674E-09
1007 .1359565E-09
1008 .1357451E-09
1009 .1355334E-09
1010 .1353213E-09
1011 .1351088E-09
1012 .1348959E-09
1013 .1346826E-09
1014 .1344689E-09
1015 .1342549E-09
1016 .1340403E-09
1017 .1338254E-09
1018 .1336102E-09
1019 .1333944E-09
1020 .1331784E-09
1021 .1329618E-09
1022 .1327449E-09
1023 .1325275E-09
1024 .1323098E-09
1025 .1320915E-09
1026 .1318730E-09
1027 .1316539E-09
1028 .1314345E-09
1029 .1312147E-09
1030 .1309944E-09
1031 .1307736E-09
1032 .1305526E-09
1033 .1303310E-09
1034 .1301090E-09
1035 .1298867E-09
1036 .1296639E-09
1037 .1294407E-09
1038 .1292170E-09
1039 .1289930E-09
1040 .1287684E-09
1041 .1285435E-09
1042 .1283181E-09
1043 .1280925E-09
1044 .1278663E-09
1045 .1276397E-09
1046 .1274126E-09
1047 .1271853E-09
1048 .1269574E-09
1049 .1267291E-09
1050 .1265004E-09
1051 .1262713E-09
1052 .1260417E-09
1053 .1258117E-09
1054 .1255813E-09
1055 .1253506E-09
1056 .1251192E-09
1057 .1248875E-09
1058 .1246554E-09
1059 .1244228E-09
1060 .1241899E-09
1061 .1239563E-09
1062 .1237224E-09
1063 .1234881E-09
1064 .1232533E-09
1065 .1230181E-09
1066 .1227824E-09
1067 .1225463E-09
1068 .1223098E-09
1069 .1220728E-09
1070 .1218354E-09
1071 .1215974E-09
1072 .1213591E-09
1073 .1211204E-09
1074 .1208812E-09
1075 .1206415E-09
1076 .1204014E-09
1077 .1201608E-09
1078 .1199198E-09
1079 .1196783E-09
1080 .1194363E-09
1081 .1191940E-09
1082 .1189512E-09
1083 .1187079E-09
1084 .1184641E-09
1085 .1182199E-09
1086 .1179753E-09
1087 .1177301E-09
1088 .1174846E-09
1089 .1172386E-09
1090 .1169920E-09
1091 .1167451E-09
1092 .1164978E-09
1093 .1162499E-09
1094 .1160016E-09
1095 .1157527E-09
1096 .1155036E-09
1097 .1152538E-09
1098 .1150037E-09
1099 .1147530E-09
1100 .1145020E-09
1101 .1142503E-09
1102 .1139983E-09
1103 .1137459E-09
1104 .1134929E-09
1105 .1132396E-09
1106 .1129858E-09
1107 .1127313E-09
1108 .1124766E-09
1109 .1122214E-09
1110 .1119657E-09
1111 .1117095E-09
1112 .1114529E-09
1113 .1111958E-09
1114 .1109382E-09
1115 .1106802E-09
1116 .1104217E-09
1117 .1101628E-09
1118 .1099035E-09
1119 .1096436E-09
1120 .1093833E-09
1121 .1091225E-09
1122 .1088614E-09
1123 .1085996E-09
1124 .1083375E-09
1125 .1080749E-09
1126 .1078118E-09
1127 .1075483E-09
1128 .1072843E-09
1129 .1070199E-09
1130 .1067550E-09
1131 .1066974E-09
1132 .1066401E-09
1133 .1065832E-09
1134 .1065265E-09
1135 .1064702E-09
1136 .1064144E-09
1137 .1063587E-09
1138 .1063034E-09
1139 .1062484E-09
1140 .1061938E-09
1141 .1061396E-09
1142 .1060856E-09
1143 .1060321E-09
1144 .1059788E-09
1145 .1059259E-09
1146 .1058732E-09
1147 .1058209E-09
1148 .1057690E-09
1149 .1057173E-09
1150 .1056660E-09
1151 .1056150E-09
1152 .1055643E-09
1153 .1055139E-09
1154 .1054638E-09
1155 .1054142E-09
1156 .1053647E-09
1157 .1053157E-09
1158 .1052669E-09
1159 .1052185E-09
1160 .1051703E-09
1161 .1051225E-09
1162 .1050750E-09
1163 .1050278E-09
1164 .1049809E-09
1165 .1049343E-09
1166 .1048881E-09
1167 .1048421E-09
1168 .1047965E-09
1169 .1047511E-09
1170 .1047061E-09
1171 .1046614E-09
1172 .1046169E-09
1173 .1045728E-09
1174 .1045289E-09
1175 .1044854E-09
1176 .1044422E-09
1177 .1043993E-09
1178 .1043566E-09
1179 .1043143E-09
1180 .1042723E-09
1181 .1042306E-09
1182 .1041891E-09
1183 .1041480E-09
1184 .1041072E-09
1185 .1040666E-09
1186 .1040263E-09
1187 .1039863E-09
1188 .1039466E-09
1189 .1039073E-09
1190 .1038681E-09
1191 .1038293E-09
1192 .1037907E-09
1193 .1037525E-09
1194 .1037145E-09
1195 .1036767E-09
1196 .1036394E-09
1197 .1036023E-09
1198 .1035654E-09
1199 .1035288E-09
1200 .1034926E-09
1201 .1034565E-09
1202 .1034208E-09
1203 .1033853E-09
1204 .1033501E-09
1205 .1033154E-09
1206 .1032806E-09
1207 .1032462E-09
1208 .1032121E-09
1209 .1031783E-09
1210 .1031447E-09
1211 .1031114E-09
1212 .1030784E-09
1213 .1030456E-09
1214 .1030132E-09
1215 .1029810E-09
1216 .1029489E-09
1217 .1029174E-09
1218 .1028858E-09
1219 .1028547E-09
1220 .1028237E-09
1221 .1027930E-09
1222 .1027627E-09
1223 .1027325E-09
1224 .1027027E-09
1225 .1026730E-09
1226 .1026436E-09
1227 .1026145E-09
1228 .1025857E-09
1229 .1025570E-09
1230 .1025285E-09
1231 .1025005E-09
1232 .1024726E-09
1233 .1024450E-09
1234 .1024176E-09
1235 .1023905E-09
1236 .1023635E-09
1237 .1023369E-09
1238 .1023105E-09
1239 .1022844E-09
1240 .1022585E-09
1241 .1022327E-09
1242 .1022074E-09
1243 .1021821E-09
1244 .1021571E-09
1245 .1021324E-09
1246 .1021080E-09
1247 .1020837E-09
1248 .1020597E-09
1249 .1020359E-09
1250 .1020123E-09
1251 .1020408E-09
1252 .1020694E-09
1253 .1020981E-09
1254 .1021270E-09
1255 .1021558E-09
1256 .1021848E-09
1257 .1022139E-09
1258 .1022432E-09
1259 .1022726E-09
1260 .1023020E-09
1261 .1023315E-09
1262 .1023612E-09
1263 .1023909E-09
1264 .1024207E-09
1265 .1024507E-09
1266 .1024808E-09
1267 .1025111E-09
1268 .1025413E-09
1269 .1025716E-09
1270 .1026022E-09
1271 .1026328E-09
1272 .1026633E-09
1273 .1026943E-09
1274 .1027252E-09
1275 .1027562E-09
1276 .1027872E-09
1277 .1028185E-09
1278 .1028498E-09
1279 .1028813E-09
1280 .1029128E-09
1281 .1029444E-09
1282 .1029761E-09
1283 .1030080E-09
1284 .1030400E-09
1285 .1030719E-09
1286 .1031039E-09
1287 .1031363E-09
1288 .1031686E-09
1289 .1032010E-09
1290 .1032335E-09
1291 .1032662E-09
1292 .1032990E-09
1293 .1033317E-09
1294 .1033647E-09
1295 .1033976E-09
1296 .1034308E-09
1297 .1034639E-09
1298 .1034971E-09
1299 .1035305E-09
1300 .1035640E-09
1301 .1035976E-09
1302 .1036312E-09
1303 .1036649E-09
1304 .1036987E-09
1305 .1037326E-09
1306 .1037665E-09
1307 .1038006E-09
1308 .1038348E-09
1309 .1038690E-09
1310 .1039032E-09
1311 .1039376E-09
1312 .1039721E-09
1313 .1040067E-09
1314 .1040413E-09
1315 .1040760E-09
1316 .1041107E-09
1317 .1041456E-09
1318 .1041807E-09
1319 .1042156E-09
1320 .1042507E-09
1321 .1042858E-09
1322 .1043210E-09
1323 .1043564E-09
1324 .1043917E-09
1325 .1044270E-09
1326 .1044626E-09
1327 .1044982E-09
1328 .1045338E-09
1329 .1045695E-09
1330 .1046053E-09
1331 .1046410E-09
1332 .1046769E-09
1333 .1047129E-09
1334 .1047489E-09
1335 .1047850E-09
1336 .1048212E-09
1337 .1048573E-09
1338 .1048935E-09
1339 .1049300E-09
1340 .1049662E-09
1341 .1050026E-09
1342 .1050392E-09
1343 .1050756E-09
1344 .1051123E-09
1345 .1051488E-09
1346 .1051855E-09
1347 .1052223E-09
1348 .1052590E-09
1349 .1052958E-09
1350 .1053327E-09
1351 .1053697E-09
1352 .1054065E-09
1353 .1054436E-09
1354 .1054807E-09
1355 .1055177E-09
1356 .1055548E-09
1357 .1055921E-09
1358 .1056292E-09
1359 .1056665E-09
1360 .1057038E-09
1361 .1057411E-09
1362 .1057785E-09
1363 .1058158E-09
1364 .1058533E-09
1365 .1058907E-09
1366 .1059282E-09
1367 .1059658E-09
1368 .1060034E-09
1369 .1060409E-09
1370 .1060785E-09
1371 .1055577E-09
1372 .1050364E-09
1373 .1045149E-09
1374 .1039929E-09
1375 .1034704E-09
1376 .1029477E-09
1377 .1024246E-09
1378 .1019011E-09
1379 .1013773E-09
1380 .1008530E-09
1381 .1003282E-09
1382 .9980332E-10
1383 .9927789E-10
1384 .9875213E-10
1385 .9822590E-10
1386 .9769938E-10
1387 .9717239E-10
1388 .9664499E-10
1389 .9611735E-10
1390 .9558918E-10
1391 .9506069E-10
1392 .9453183E-10
1393 .9400247E-10
1394 .9347280E-10
1395 .9294273E-10
1396 .9241217E-10
1397 .9188137E-10
1398 .9135010E-10
1399 .9081832E-10
1400 .9028635E-10
1401 .8975383E-10
1402 .8922095E-10
1403 .8868767E-10
1404 .8815395E-10
1405 .8761986E-10
1406 .8708529E-10
1407 .8655039E-10
1408 .8601512E-10
1409 .8547936E-10
1410 .8494323E-10
1411 .8440663E-10
1412 .8386979E-10
1413 .8333238E-10
1414 .8279462E-10
1415 .8225640E-10
1416 .8171783E-10
1417 .8117883E-10
1418 .8063942E-10
1419 .8009956E-10
1420 .7955934E-10
1421 .7901869E-10
1422 .7847763E-10
1423 .7793615E-10
1424 .7739421E-10
1425 .7685190E-10
1426 .7630917E-10
1427 .7576597E-10
1428 .7522240E-10
1429 .7467853E-10
1430 .7413399E-10
1431 .7358925E-10
1432 .7304398E-10
1433 .7249835E-10
1434 .7195229E-10
1435 .7140580E-10
1436 .7085891E-10
1437 .7031159E-10
1438 .6976386E-10
1439 .6921565E-10
1440 .6866713E-10
1441 .6811817E-10
1442 .6756869E-10
1443 .6701887E-10
1444 .6646864E-10
1445 .6591803E-10
1446 .6536689E-10
1447 .6481541E-10
1448 .6426351E-10
1449 .6371114E-10
1450 .6315838E-10
1451 .6260522E-10
1452 .6205163E-10
1453 .6149764E-10
1454 .6094324E-10
1455 .6038839E-10
1456 .5983312E-10
1457 .5927748E-10
1458 .5872140E-10
1459 .5816492E-10
1460 .5760800E-10
1461 .5705068E-10
1462 .5649296E-10
1463 .5593477E-10
1464 .5537622E-10
1465 .5481725E-10
1466 .5425787E-10
1467 .5369809E-10
1468 .5313791E-10
1469 .5257728E-10
1470 .5201625E-10
1471 .5145481E-10
1472 .5089298E-10
1473 .5033070E-10
1474 .4976808E-10
1475 .4920503E-10
1476 .4864156E-10
1477 .4807770E-10
1478 .4751343E-10
1479 .4694875E-10
1480 .4638367E-10
1481 .4581823E-10
1482 .4525235E-10
1483 .4468607E-10
1484 .4411941E-10
1485 .4355233E-10
1486 .4298488E-10
1487 .4241704E-10
1488 .4184879E-10
1489 .4128016E-10
1490 .4071113E-10
1491 .4014173E-10
1492 .3957195E-10
1493 .3900178E-10
1494 .3843118E-10
1495 .3786025E-10
1496 .3728894E-10
1497 .3671722E-10
1498 .3614516E-10
1499 .3557271E-10
1500 .3499987E-10
1501 .3501023E-10
1502 .3502057E-10
1503 .3503090E-10
1504 .3504118E-10
1505 .3505144E-10
1506 .3506166E-10
1507 .3507187E-10
1508 .3508207E-10
1509 .3509221E-10
1510 .3510235E-10
1511 .3511244E-10
1512 .3512249E-10
1513 .3513257E-10
1514 .3514259E-10
1515 .3515259E-10
1516 .3516257E-10
1517 .3517251E-10
1518 .3518243E-10
1519 .3519234E-10
1520 .3520221E-10
1521 .3521207E-10
1522 .3522189E-10
1523 .3523169E-10
1524 .3524146E-10
1525 .3525121E-10
1526 .3526093E-10
1527 .3527064E-10
1528 .3528031E-10
1529 .3528996E-10
1530 .3529959E-10
1531 .3530917E-10
1532 .3531877E-10
1533 .3532833E-10
1534 .3533785E-10
1535 .3534735E-10
1536 .3535683E-10
1537 .3536630E-10
1538 .3537572E-10
1539 .3538513E-10
1540 .3539451E-10
1541 .3540390E-10
1542 .3541322E-10
1543 .3542255E-10
1544 .3543186E-10
1545 .3544112E-10
1546 .3545036E-10
1547 .3545959E-10
1548 .3546879E-10
1549 .3547799E-10
1550 .3548712E-10
1551 .3549625E-10
1552 .3550538E-10
1553 .3551445E-10
1554 .3552353E-10
1555 .3553257E-10
1556 .3554158E-10
1557 .3555058E-10
1558 .3555958E-10
1559 .3556851E-10
1560 .3557745E-10
1561 .3558636E-10
1562 .3559525E-10
1563 .3560411E-10
1564 .3561296E-10
1565 .3562178E-10
1566 .3563059E-10
1567 .3563937E-10
1568 .3564815E-10
1569 .3565687E-10
1570 .3566558E-10
1571 .3567428E-10
1572 .3568296E-10
1573 .3569162E-10
1574 .3570027E-10
1575 .3570886E-10
1576 .3571746E-10
1577 .3572605E-10
1578 .3573459E-10
1579 .3574310E-10
1580 .3575164E-10
1581 .3576011E-10
1582 .3576858E-10
1583 .3577704E-10
1584 .3578546E-10
1585 .3579388E-10
1586 .3580227E-10
1587 .3581064E-10
1588 .3581898E-10
1589 .3582732E-10
1590 .3583563E-10
1591 .3584393E-10
1592 .3585220E-10
1593 .3586045E-10
1594 .3586868E-10
1595 .3587690E-10
1596 .3588510E-10
1597 .3589326E-10
1598 .3590144E-10
1599 .3590958E-10
1600 .3591770E-10
1601 .3592580E-10
1602 .3593387E-10
1603 .3594193E-10
1604 .3594999E-10
1605 .3595803E-10
1606 .3596603E-10
1607 .3597403E-10
1608 .3598201E-10
1609 .3598994E-10
1610 .3599788E-10
1611 .3600581E-10
1612 .3601371E-10
1613 .3602159E-10
1614 .3602946E-10
1615 .3603731E-10
1616 .3604515E-10
1617 .3605296E-10
1618 .3606075E-10
1619 .3606855E-10
1620 .3607632E-10
1621 .3608404E-10
1622 .3609179E-10
1623 .3609948E-10
1624 .3610720E-10
1625 .3611486E-10
1626 .3611341E-10
1627 .3611195E-10
1628 .3611049E-10
1629 .3610904E-10
1630 .3610758E-10
1631 .3610611E-10
1632 .3610464E-10
1633 .3610316E-10
1634 .3610169E-10
1635 .3610023E-10
1636 .3609875E-10
1637 .3609726E-10
1638 .3609578E-10
1639 .3609429E-10
1640 .3609278E-10
1641 .3609130E-10
1642 .3608979E-10
1643 .3608831E-10
1644 .3608679E-10
1645 .3608531E-10
1646 .3608379E-10
1647 .3608229E-10
1648 .3608077E-10
1649 .3607926E-10
1650 .3607776E-10
1651 .3607624E-10
1652 .3607471E-10
1653 .3607318E-10
1654 .3607167E-10
1655 .3607015E-10
1656 .3606863E-10
1657 .3606709E-10
1658 .3606559E-10
1659 .3606403E-10
1660 .3606252E-10
1661 .3606098E-10
1662 .3605945E-10
1663 .3605792E-10
1664 .3605637E-10
1665 .3605484E-10
1666 .3605330E-10
1667 .3605175E-10
1668 .3605023E-10
1669 .3604869E-10
1670 .3604713E-10
1671 .3604560E-10
1672 .3604405E-10
1673 .3604251E-10
1674 .3604097E-10
1675 .3603942E-10
1676 .3603787E-10
1677 .3603633E-10
1678 .3603478E-10
1679 .3603324E-10
1680 .3603169E-10
1681 .3603015E-10
1682 .3602861E-10
1683 .3602706E-10
1684 .3602551E-10
1685 .3602396E-10
1686 .3602243E-10
1687 .3602087E-10
1688 .3601932E-10
1689 .3601779E-10
1690 .3601624E-10
1691 .3601470E-10
1692 .3601314E-10
1693 .3601161E-10
1694 .3601005E-10
1695 .3600850E-10
1696 .3600696E-10
1697 .3600540E-10
1698 .3600385E-10
1699 .3600230E-10
1700 .3600074E-10
1701 .3599921E-10
1702 .3599765E-10
1703 .3599608E-10
1704 .3599456E-10
1705 .3599299E-10
1706 .3599145E-10
1707 .3598990E-10
1708 .3598836E-10
1709 .3598680E-10
1710 .3598524E-10
1711 .3598370E-10
1712 .3598213E-10
1713 .3598060E-10
1714 .3597905E-10
1715 .3597748E-10
1716 .3597592E-10
1717 .3597436E-10
1718 .3597281E-10
1719 .3597124E-10
1720 .3596970E-10
1721 .3596812E-10
1722 .3596658E-10
1723 .3596501E-10
1724 .3596344E-10
1725 .3596190E-10
1726 .3596032E-10
1727 .3595875E-10
1728 .3595720E-10
1729 .3595565E-10
1730 .3595409E-10
1731 .3595253E-10
1732 .3595096E-10
1733 .3594937E-10
1734 .3594783E-10
1735 .3594626E-10
1736 .3594469E-10
1737 .3594312E-10
1738 .3594156E-10
1739 .3594000E-10
1740 .3593841E-10
1741 .3593684E-10
1742 .3593527E-10
1743 .3593370E-10
1744 .3593212E-10
1745 .3593053E-10
1746 .3592898E-10
1747 .3592740E-10
1748 .3592582E-10
1749 .3592426E-10
1750 .3592269E-10
1751 .3592109E-10
1752 .3591952E-10
1753 .3591794E-10
1754 .3591637E-10
1755 .3591475E-10
1756 .3591316E-10
1757 .3591157E-10
1758 .3591000E-10
1759 .3590841E-10
1760 .3590684E-10
1761 .3590523E-10
1762 .3590365E-10
1763 .3590205E-10
1764 .3590048E-10
1765 .3589887E-10
1766 .3589727E-10
1767 .3589567E-10
1768 .3589408E-10
1769 .3589247E-10
1770 .3589088E-10
1771 .3588928E-10
1772 .3588766E-10
1773 .3588606E-10
1774 .3588447E-10
1775 .3588286E-10
1776 .3588124E-10
1777 .3587968E-10
1778 .3587806E-10
1779 .3587643E-10
1780 .3587482E-10
1781 .3587321E-10
1782 .3587160E-10
1783 .3587000E-10
1784 .3586836E-10
1785 .3586676E-10
1786 .3586514E-10
1787 .3586351E-10
1788 .3586189E-10
1789 .3586028E-10
1790 .3585864E-10
1791 .3585702E-10
1792 .3585538E-10
1793 .3585376E-10
1794 .3585212E-10
1795 .3585049E-10
1796 .3584887E-10
1797 .3584721E-10
1798 .3584561E-10
1799 .3584398E-10
1800 .3584232E-10
1801 .3573937E-10
1802 .3563641E-10
1803 .3553349E-10
1804 .3543056E-10
1805 .3532765E-10
1806 .3522471E-10
1807 .3512183E-10
1808 .3501892E-10
1809 .3491605E-10
1810 .3481314E-10
1811 .3471027E-10
1812 .3460741E-10
1813 .3450457E-10
1814 .3440170E-10
1815 .3429887E-10
1816 .3419600E-10
1817 .3409319E-10
1818 .3399036E-10
1819 .3388756E-10
1820 .3378475E-10
1821 .3368196E-10
1822 .3357917E-10
1823 .3347639E-10
1824 .3337361E-10
1825 .3327084E-10
1826 .3316809E-10
1827 .3306534E-10
1828 .3296259E-10
1829 .3285985E-10
1830 .3275713E-10
1831 .3265443E-10
1832 .3255171E-10
1833 .3244900E-10
1834 .3234632E-10
1835 .3224361E-10
1836 .3214095E-10
1837 .3203829E-10
1838 .3193561E-10
1839 .3183295E-10
1840 .3173031E-10
1841 .3162769E-10
1842 .3152504E-10
1843 .3142243E-10
1844 .3131980E-10
1845 .3121719E-10
1846 .3111461E-10
1847 .3101201E-10
1848 .3090944E-10
1849 .3080685E-10
1850 .3070430E-10
1851 .3060173E-10
1852 .3049917E-10
1853 .3039664E-10
1854 .3029409E-10
1855 .3019158E-10
1856 .3008907E-10
1857 .2998656E-10
1858 .2988405E-10
1859 .2978155E-10
1860 .2967906E-10
1861 .2957658E-10
1862 .2947412E-10
1863 .2937165E-10
1864 .2926920E-10
1865 .2916676E-10
1866 .2906431E-10
1867 .2896188E-10
1868 .2885946E-10
1869 .2875705E-10
1870 .2865464E-10
1871 .2855225E-10
1872 .2844986E-10
1873 .2834749E-10
1874 .2824510E-10
1875 .2814275E-10
1876 .2804039E-10
1877 .2793805E-10
1878 .2783569E-10
1879 .2773337E-10
1880 .2763106E-10
1881 .2752874E-10
1882 .2742642E-10
1883 .2732414E-10
1884 .2722184E-10
1885 .2711955E-10
1886 .2701730E-10
1887 .2691501E-10
1888 .2681277E-10
1889 .2671052E-10
1890 .2660828E-10
1891 .2650606E-10
1892 .2640384E-10
1893 .2630161E-10
1894 .2619941E-10
1895 .2609721E-10
1896 .2599503E-10
1897 .2589283E-10
1898 .2579068E-10
1899 .2568851E-10
1900 .2558637E-10
1901 .2548421E-10
1902 .2538208E-10
1903 .2527995E-10
1904 .2517782E-10
1905 .2507571E-10
1906 .2497361E-10
1907 .2487154E-10
1908 .2476945E-10
1909 .2466736E-10
1910 .2456530E-10
1911 .2446324E-10
1912 .2436117E-10
1913 .2425915E-10
1914 .2415711E-10
1915 .2405509E-10
1916 .2395307E-10
1917 .2385106E-10
1918 .2374907E-10
1919 .2364708E-10
1920 .2354509E-10
1921 .2344313E-10
1922 .2334117E-10
1923 .2323922E-10
1924 .2313727E-10
1925 .2303534E-10
1926 .2293343E-10
1927 .2283148E-10
1928 .2272960E-10
1929 .2262769E-10
1930 .2252579E-10
1931 .2242391E-10
1932 .2232205E-10
1933 .2222017E-10
1934 .2211833E-10
1935 .2201649E-10
1936 .2191465E-10
1937 .2181281E-10
1938 .2171100E-10
1939 .2160920E-10
1940 .2150738E-10
1941 .2140560E-10
1942 .2130383E-10
1943 .2120206E-10
1944 .2110030E-10
1945 .2099854E-10
1946 .2089679E-10
1947 .2079508E-10
1948 .2069333E-10
1949 .2059163E-10
1950 .2048991E-10
1951 .2038821E-10
1952 .2028653E-10
1953 .2018486E-10
1954 .2008319E-10
1955 .1998153E-10
1956 .1987989E-10
1957 .1977825E-10
1958 .1967662E-10
1959 .1957499E-10
1960 .1947340E-10
1961 .1937179E-10
1962 .1927019E-10
1963 .1916862E-10
1964 .1906704E-10
1965 .1896549E-10
1966 .1886394E-10
1967 .1876239E-10
1968 .1866087E-10
1969 .1855934E-10
1970 .1845785E-10
1971 .1835634E-10
1972 .1825486E-10
1973 .1815338E-10
1974 .1805192E-10
1975 .1795046E-10
1976 .1784902E-10
1977 .1774759E-10
1978 .1764617E-10
1979 .1754476E-10
1980 .1744336E-10
1981 .1734198E-10
1982 .1724060E-10
1983 .1713924E-10
1984 .1703789E-10
1985 .1693655E-10
1986 .1683522E-10
1987 .1673391E-10
1988 .1663261E-10
1989 .1653132E-10
1990 .1643003E-10
1991 .1632876E-10
1992 .1622752E-10
1993 .1612627E-10
1994 .1602504E-10
1995 .1592382E-10
1996 .1582262E-10
1997 .1572142E-10
1998 .1562024E-10
1999 .1551907E-10
2000 .1541792E-10
2001 .1531678E-10
2002 .1521565E-10
2003 .1511453E-10
2004 .1501342E-10
2005 .1491234E-10
2006 .1481125E-10
2007 .1471019E-10
2008 .1460914E-10
2009 .1450809E-10
2010 .1440707E-10
2011 .1440626E-10
2012 .1440546E-10
2013 .1440465E-10
2014 .1440385E-10
2015 .1440307E-10
2016 .1440226E-10
2017 .1440147E-10
2018 .1440067E-10
2019 .1439988E-10
2020 .1439910E-10
2021 .1439831E-10
2022 .1439753E-10
2023 .1439675E-10
2024 .1439597E-10
2025 .1439520E-10
2026 .1439442E-10
2027 .1439365E-10
2028 .1439288E-10
2029 .1439211E-10
2030 .1439136E-10
2031 .1439059E-10
2032 .1438985E-10
2033 .1438909E-10
2034 .1438833E-10
2035 .1438759E-10
2036 .1438685E-10
2037 .1438611E-10
2038 .1438537E-10
2039 .1438463E-10
2040 .1438391E-10
2041 .1438317E-10
2042 .1438245E-10
2043 .1438173E-10
2044 .1438101E-10
2045 .1438031E-10
2046 .1437959E-10
2047 .1437889E-10
2048 .1437819E-10
2049 .1437749E-10
2050 .1437679E-10
2051 .1437610E-10
2052 .1437542E-10
2053 .1437474E-10
2054 .1437406E-10
2055 .1437339E-10
2056 .1437272E-10
2057 .1437206E-10
2058 .1437140E-10
2059 .1437075E-10
2060 .1437010E-10
2061 .1436945E-10
2062 .1436882E-10
2063 .1436818E-10
2064 .1436754E-10
2065 .1436691E-10
2066 .1436629E-10
2067 .1436567E-10
2068 .1436507E-10
2069 .1436446E-10
2070 .1436385E-10
2071 .1436327E-10
2072 .1436268E-10
2073 .1436209E-10
2074 .1436150E-10
2075 .1436094E-10
2076 .1436036E-10
2077 .1435980E-10
2078 .1435924E-10
2079 .1435869E-10
2080 .1435816E-10
2081 .1435760E-10
2082 .1435707E-10
2083 .1435654E-10
2084 .1435601E-10
2085 .1435551E-10
2086 .1435500E-10
2087 .1435449E-10
2088 .1435400E-10
2089 .1435350E-10
2090 .1435301E-10
2091 .1435254E-10
2092 .1435206E-10
2093 .1435159E-10
2094 .1435113E-10
2095 .1435067E-10
2096 .1435023E-10
2097 .1434980E-10
2098 .1434937E-10
2099 .1434894E-10
2100 .1434852E-10
2101 .1434810E-10
2102 .1434770E-10
2103 .1434730E-10
2104 .1434691E-10
2105 .1434654E-10
2106 .1434615E-10
2107 .1434578E-10
2108 .1434543E-10
2109 .1434507E-10
2110 .1434471E-10
2111 .1434439E-10
2112 .1434405E-10
2113 .1434373E-10
2114 .1434341E-10
2115 .1434310E-10
2116 .1434279E-10
2117 .1434251E-10
2118 .1434222E-10
2119 .1434195E-10
2120 .1434168E-10
2121 .1434142E-10
2122 .1434117E-10
2123 .1434092E-10
2124 .1434069E-10
2125 .1434046E-10
2126 .1434025E-10
2127 .1434004E-10
2128 .1433983E-10
2129 .1433965E-10
2130 .1433945E-10
2131 .1433928E-10
2132 .1433911E-10
2133 .1433895E-10
2134 .1433879E-10
2135 .1433867E-10
2136 .1433853E-10
2137 .1433840E-10
2138 .1433829E-10
2139 .1433818E-10
2140 .1433809E-10
2141 .1433801E-10
2142 .1433792E-10
2143 .1433787E-10
2144 .1433781E-10
2145 .1433776E-10
2146 .1433773E-10
2147 .1433770E-10
2148 .1433767E-10
2149 .1433767E-10
2150 .1433767E-10
2151 .1433768E-10
2152 .1433770E-10
2153 .1433773E-10
2154 .1433778E-10
2155 .1433782E-10
2156 .1433788E-10
2157 .1433796E-10
2158 .1433804E-10
2159 .1433814E-10
2160 .1433824E-10
2161 .1433835E-10
2162 .1433847E-10
2163 .1433861E-10
2164 .1433874E-10
2165 .1433889E-10
2166 .1433907E-10
2167 .1433925E-10
2168 .1433943E-10
2169 .1433964E-10
2170 .1433984E-10
2171 .1434006E-10
2172 .1434031E-10
2173 .1434054E-10
2174 .1434079E-10
2175 .1434106E-10
2176 .1434134E-10
2177 .1434163E-10
2178 .1434193E-10
2179 .1434224E-10
2180 .1434257E-10
2181 .1434291E-10
2182 .1434325E-10
2183 .1434361E-10
2184 .1434398E-10
2185 .1434436E-10
2186 .1434474E-10
2187 .1434516E-10
2188 .1434557E-10
2189 .1434601E-10
2190 .1434646E-10
2191 .1434690E-10
2192 .1434737E-10
2193 .1434786E-10
2194 .1434834E-10
2195 .1434884E-10
2196 .1434936E-10
2197 .1434989E-10
2198 .1435043E-10
2199 .1435098E-10
2200 .1435157E-10
2201 .1435214E-10
2202 .1435274E-10
2203 .1435334E-10
2204 .1435396E-10
2205 .1435459E-10
2206 .1435524E-10
2207 .1435590E-10
2208 .1435658E-10
2209 .1435727E-10
2210 .1435795E-10
2211 .1435866E-10
2212 .1435940E-10
2213 .1436013E-10
2214 .1436089E-10
2215 .1436166E-10
2216 .1436245E-10
2217 .1436323E-10
2218 .1436404E-10
2219 .1436488E-10
2220 .1436570E-10
2221 .1436655E-10
2222 .1436742E-10
2223 .1436829E-10
2224 .1436919E-10
2225 .1437009E-10
2226 .1437102E-10
2227 .1437196E-10
2228 .1437291E-10
2229 .1437388E-10
2230 .1437486E-10
2231 .1437584E-10
2232 .1437685E-10
2233 .1437787E-10
2234 .1437892E-10
2235 .1437997E-10
2236 .1438105E-10
2237 .1438212E-10
2238 .1438322E-10
2239 .1438434E-10
2240 .1438547E-10
2241 .1438661E-10
2242 .1438777E-10
2243 .1438895E-10
2244 .1439013E-10
2245 .1439134E-10
2246 .1439255E-10
2247 .1439378E-10
2248 .1439502E-10
2249 .1439629E-10
2250 .1439756E-10
2251 .1439887E-10
2252 .1440017E-10
2253 .1440148E-10
2254 .1440281E-10
2255 .1440418E-10
2256 .1440552E-10
2257 .1440690E-10
2258 .1440829E-10
2259 .1440970E-10
2260 .1441112E-10
2261 .1441255E-10
2262 .1441399E-10
2263 .1441545E-10
2264 .1441693E-10
2265 .1441842E-10
2266 .1441991E-10
2267 .1442142E-10
2268 .1442296E-10
2269 .1442450E-10
2270 .1442605E-10
2271 .1442762E-10
2272 .1442920E-10
2273 .1443080E-10
2274 .1443240E-10
2275 .1443402E-10
2276 .1443566E-10
2277 .1443729E-10
2278 .1443896E-10
2279 .1444063E-10
2280 .1444232E-10
2281 .1444402E-10
2282 .1444573E-10
2283 .1444745E-10
2284 .1444918E-10
2285 .1445093E-10
2286 .1445269E-10
2287 .1445447E-10
2288 .1445625E-10
2289 .1445806E-10
2290 .1445987E-10
2291 .1446170E-10
2292 .1446353E-10
2293 .1446537E-10
2294 .1446722E-10
2295 .1446911E-10
2296 .1447099E-10
2297 .1447289E-10
2298 .1447480E-10
2299 .1447670E-10
2300 .1447863E-10
2301 .1448059E-10
2302 .1448254E-10
2303 .1448451E-10
2304 .1448649E-10
2305 .1448847E-10
2306 .1449047E-10
2307 .1449248E-10
2308 .1449451E-10
2309 .1449654E-10
2310 .1449858E-10
2311 .1450065E-10
2312 .1450271E-10
2313 .1450479E-10
2314 .1450688E-10
2315 .1450898E-10
2316 .1451108E-10
2317 .1451321E-10
2318 .1451534E-10
2319 .1451749E-10
2320 .1451965E-10
2321 .1452182E-10
2322 .1452399E-10
2323 .1452618E-10
2324 .1452837E-10
2325 .1453058E-10
2326 .1453280E-10
2327 .1453503E-10
2328 .1453727E-10
2329 .1453952E-10
2330 .1454177E-10
2331 .1454404E-10
2332 .1454632E-10
2333 .1454861E-10
2334 .1455092E-10
2335 .1455323E-10
2336 .1455554E-10
2337 .1455787E-10
2338 .1456021E-10
2339 .1456256E-10
2340 .1456492E-10
2341 .1456728E-10
2342 .1456966E-10
2343 .1457205E-10
2344 .1457444E-10
2345 .1457685E-10
2346 .1457926E-10
2347 .1458168E-10
2348 .1458412E-10
2349 .1458656E-10
2350 .1458901E-10
2351 .1459147E-10
2352 .1459394E-10
2353 .1459642E-10
2354 .1459890E-10
2355 .1460140E-10
2356 .1460390E-10
2357 .1460642E-10
2358 .1460894E-10
2359 .1461147E-10
2360 .1461401E-10
2361 .1461656E-10
2362 .1461911E-10
2363 .1462167E-10
2364 .1462424E-10
2365 .1462683E-10
2366 .1462941E-10
2367 .1463201E-10
2368 .1463462E-10
2369 .1463724E-10
2370 .1463986E-10
2371 .1464249E-10
2372 .1464512E-10
2373 .1464777E-10
2374 .1465041E-10
2375 .1465308E-10
2376 .1465574E-10
2377 .1465842E-10
2378 .1466110E-10
2379 .1466379E-10
2380 .1466650E-10
2381 .1466920E-10
2382 .1467191E-10
2383 .1467463E-10
2384 .1467736E-10
2385 .1468009E-10
2386 .1468283E-10
2387 .1468558E-10
2388 .1468834E-10
2389 .1469109E-10
2390 .1469386E-10
2391 .1469664E-10
2392 .1469943E-10
2393 .1470222E-10
2394 .1470501E-10
2395 .1470782E-10
2396 .1471062E-10
2397 .1471344E-10
2398 .1471626E-10
2399 .1471909E-10
2400 .1472192E-10
2401 .1472476E-10
2402 .1472761E-10
2403 .1473048E-10
2404 .1473334E-10
2405 .1473620E-10
2406 .1473907E-10
2407 .1474194E-10
2408 .1474484E-10
2409 .1474772E-10
2410 .1475062E-10
2411 .1475352E-10
2412 .1475642E-10
2413 .1475934E-10
2414 .1476226E-10
2415 .1476519E-10
2416 .1476811E-10
2417 .1477105E-10
2418 .1477398E-10
2419 .1477693E-10
2420 .1477988E-10
2421 .1478284E-10
2422 .1478580E-10
2423 .1478876E-10
2424 .1479174E-10
2425 .1479471E-10
2426 .1479770E-10
2427 .1480067E-10
2428 .1480367E-10
2429 .1480667E-10
2430 .1480966E-10
2431 .1481266E-10
2432 .1481568E-10
2433 .1481869E-10
2434 .1482170E-10
2435 .1482473E-10
2436 .1482776E-10
2437 .1483079E-10
2438 .1483382E-10
2439 .1483686E-10
2440 .1483991E-10
2441 .1484296E-10
2442 .1484601E-10
2443 .1484907E-10
2444 .1485212E-10
2445 .1485519E-10
2446 .1485826E-10
2447 .1486132E-10
2448 .1486440E-10
2449 .1486748E-10
2450 .1487056E-10
2451 .1487365E-10
2452 .1487674E-10
2453 .1487982E-10
2454 .1488293E-10
2455 .1488601E-10
2456 .1488912E-10
2457 .1489223E-10
2458 .1489533E-10
2459 .1489845E-10
2460 .1490156E-10
2461 .1490467E-10
2462 .1490780E-10
2463 .1491092E-10
2464 .1491404E-10
2465 .1491717E-10
2466 .1492030E-10
2467 .1492343E-10
2468 .1492658E-10
2469 .1492970E-10
2470 .1493285E-10
2471 .1493600E-10
2472 .1493914E-10
2473 .1494229E-10
2474 .1494545E-10
2475 .1494858E-10
2476 .1495175E-10
2477 .1495490E-10
2478 .1495806E-10
2479 .1496122E-10
2480 .1496438E-10
2481 .1496754E-10
2482 .1497070E-10
2483 .1497388E-10
2484 .1497705E-10
2485 .1498021E-10
2486 .1498338E-10
2487 .1498657E-10
2488 .1498974E-10
2489 .1499291E-10
2490 .1499608E-10
2491 .1499927E-10
2492 .1500244E-10
2493 .1500563E-10
2494 .1500881E-10
2495 .1501199E-10
2496 .1501516E-10
2497 .1501836E-10
2498 .1502154E-10
2499 .1502473E-10
2500 .1502793E-10
