  2.0    1000.00   .7912482E-18
  2.0    1010.00   .3091963E-17
  2.0    1020.00   .7620802E-17
  2.0    1030.00   .1523255E-16
  2.0    1040.00   .2697763E-16
  2.0    1050.00   .4417762E-16
  2.0    1060.00   .6852684E-16
  2.0    1070.00   .1022192E-15
  2.0    1080.00   .1481017E-15
  2.0    1090.00   .2098501E-15
  2.0    1100.00   .2921692E-15
  2.0    1110.00   .4010153E-15
  2.0    1120.00   .5438370E-15
  2.0    1130.00   .7298408E-15
  2.0    1140.00   .9702697E-15
  2.0    1150.00   .1278712E-14
  2.0    1160.00   .1671411E-14
  2.0    1170.00   .2167596E-14
  2.0    1180.00   .2789835E-14
  2.0    1190.00   .3564337E-14
  2.0    1200.00   .4521280E-14
  2.0    1210.00   .5695056E-14
  2.0    1220.00   .7124422E-14
  2.0    1230.00   .8852574E-14
  2.0    1240.00   .1092693E-13
  2.0    1250.00   .1339868E-13
  2.0    1260.00   .1632080E-13
  2.0    1270.00   .1974263E-13
  2.0    1280.00   .2371190E-13
  2.0    1290.00   .2827500E-13
  2.0    1300.00   .3347650E-13
  2.0    1310.00   .3935866E-13
  2.0    1320.00   .4596131E-13
  2.0    1330.00   .5332217E-13
  2.0    1340.00   .6147708E-13
  2.0    1350.00   .7046127E-13
  2.0    1360.00   .8031040E-13
  2.0    1370.00   .9106235E-13
  2.0    1380.00   .1027578E-12
  2.0    1390.00   .1154077E-12
  2.0    1400.00   .1289771E-12
  2.0    1410.00   .1434069E-12
  2.0    1420.00   .1586133E-12
  2.0    1430.00   .1744871E-12
  2.0    1440.00   .1908916E-12
  2.0    1450.00   .2076643E-12
  2.0    1460.00   .2246161E-12
  2.0    1470.00   .2415335E-12
  2.0    1480.00   .2581803E-12
  2.0    1490.00   .2743003E-12
  2.0    1500.00   .2896223E-12
  2.0    1510.00   .3038970E-12
  2.0    1520.00   .3170140E-12
  2.0    1530.00   .3289164E-12
  2.0    1540.00   .3395671E-12
  2.0    1550.00   .3489488E-12
  2.0    1560.00   .3570618E-12
  2.0    1570.00   .3639235E-12
  2.0    1580.00   .3695662E-12
  2.0    1590.00   .3740353E-12
  2.0    1600.00   .3773888E-12
  2.0    1610.00   .3796948E-12
  2.0    1620.00   .3810294E-12
  2.0    1630.00   .3814764E-12
  2.0    1640.00   .3811253E-12
  2.0    1650.00   .3800695E-12
  2.0    1660.00   .3784059E-12
  2.0    1670.00   .3762335E-12
  2.0    1680.00   .3736519E-12
  2.0    1690.00   .3707619E-12
  2.0    1700.00   .3676635E-12
  2.0    1710.00   .3644565E-12
  2.0    1720.00   .3612397E-12
  2.0    1730.00   .3581109E-12
  2.0    1740.00   .3551673E-12
  2.0    1750.00   .3525056E-12
  2.0    1760.00   .3502070E-12
  2.0    1770.00   .3482907E-12
  2.0    1780.00   .3467621E-12
  2.0    1790.00   .3456276E-12
  2.0    1800.00   .3448946E-12
  2.0    1810.00   .3445723E-12
  2.0    1820.00   .3446712E-12
  2.0    1830.00   .3452030E-12
  2.0    1840.00   .3461812E-12
  2.0    1850.00   .3476207E-12
  2.0    1860.00   .3495379E-12
  2.0    1870.00   .3519509E-12
  2.0    1880.00   .3548792E-12
  2.0    1890.00   .3583441E-12
  2.0    1900.00   .3623686E-12
  2.0    1910.00   .3669768E-12
  2.0    1920.00   .3721949E-12
  2.0    1930.00   .3780503E-12
  2.0    1940.00   .3845721E-12
  2.0    1950.00   .3917905E-12
  2.0    1960.00   .3997372E-12
  2.0    1970.00   .4084451E-12
  2.0    1980.00   .4179479E-12
  2.0    1990.00   .4282804E-12
  2.0    2000.00   .4394779E-12
  2.0    2010.00   .4515692E-12
  2.0    2020.00   .4645548E-12
  2.0    2030.00   .4784263E-12
  2.0    2040.00   .4931747E-12
  2.0    2050.00   .5087896E-12
  2.0    2060.00   .5252589E-12
  2.0    2070.00   .5425696E-12
  2.0    2080.00   .5607069E-12
  2.0    2090.00   .5796541E-12
  2.0    2100.00   .5993937E-12
  2.0    2110.00   .6199057E-12
  2.0    2120.00   .6411689E-12
  2.0    2130.00   .6631595E-12
  2.0    2140.00   .6858524E-12
  2.0    2150.00   .7092204E-12
  2.0    2160.00   .7332336E-12
  2.0    2170.00   .7578606E-12
  2.0    2180.00   .7830672E-12
  2.0    2190.00   .8088170E-12
  2.0    2200.00   .8350712E-12
  2.0    2210.00   .8617883E-12
  2.0    2220.00   .8889245E-12
  2.0    2230.00   .9164327E-12
  2.0    2240.00   .9442634E-12
  2.0    2250.00   .9723644E-12
  2.0    2260.00   .1000690E-11
  2.0    2270.00   .1029231E-11
  2.0    2280.00   .1057986E-11
  2.0    2290.00   .1086954E-11
  2.0    2300.00   .1116131E-11
  2.0    2310.00   .1145512E-11
  2.0    2320.00   .1175091E-11
  2.0    2330.00   .1204858E-11
  2.0    2340.00   .1234806E-11
  2.0    2350.00   .1264922E-11
  2.0    2360.00   .1295194E-11
  2.0    2370.00   .1325607E-11
  2.0    2380.00   .1356146E-11
  2.0    2390.00   .1386792E-11
  2.0    2400.00   .1417523E-11
  2.0    2410.00   .1448317E-11
  2.0    2420.00   .1479149E-11
  2.0    2430.00   .1509990E-11
  2.0    2440.00   .1540808E-11
  2.0    2450.00   .1571570E-11
  2.0    2460.00   .1602236E-11
  2.0    2470.00   .1632764E-11
  2.0    2480.00   .1663108E-11
  2.0    2490.00   .1693216E-11
  2.0    2500.00   .1723032E-11
  2.0    2510.00   .1470719E-11
  2.0    2520.00   .1837913E-11
  2.0    2530.00   .1351962E-11
  2.0    2540.00   .9408869E-12
  2.0    2550.00   .1097467E-11
  2.0    2560.00   .1576370E-11
  2.0    2570.00   .1598852E-11
  2.0    2580.00   .1766693E-11
  2.0    2590.00   .2000188E-11
  2.0    2600.00   .2216908E-11
  2.0    2610.00   .2727650E-11
  2.0    2620.00   .2591644E-11
  2.0    2630.00   .2583437E-11
  2.0    2640.00   .2531246E-11
  2.0    2650.00   .3376490E-11
  2.0    2660.00   .3483541E-11
  2.0    2670.00   .3635593E-11
  2.0    2680.00   .4026817E-11
  2.0    2690.00   .3971361E-11
  2.0    2700.00   .4440198E-11
  2.0    2710.00   .4720583E-11
  2.0    2720.00   .4880769E-11
  2.0    2730.00   .4932881E-11
  2.0    2740.00   .5438304E-11
  2.0    2750.00   .5716857E-11
  2.0    2760.00   .5330209E-11
  2.0    2770.00   .5048736E-11
  2.0    2780.00   .5879744E-11
  2.0    2790.00   .6927115E-11
  2.0    2800.00   .8217291E-11
  2.0    2810.00   .9743923E-11
  2.0    2820.00   .1112040E-10
  2.0    2830.00   .1257566E-10
  2.0    2840.00   .1388459E-10
  2.0    2850.00   .1427806E-10
  2.0    2860.00   .1502457E-10
  2.0    2870.00   .1468795E-10
  2.0    2880.00   .1535506E-10
  2.0    2890.00   .1445998E-10
  2.0    2900.00   .1505451E-10
  2.0    2910.00   .1592212E-10
  2.0    2920.00   .1656765E-10
  2.0    2930.00   .1703845E-10
  2.0    2940.00   .1741035E-10
  2.0    2950.00   .1805311E-10
  2.0    2960.00   .1797423E-10
  2.0    2970.00   .2020915E-10
  2.0    2980.00   .2341531E-10
  2.0    2990.00   .2483425E-10
  2.0    3000.00   .2643545E-10
  2.0    3010.00   .2832770E-10
  2.0    3020.00   .3284085E-10
  2.0    3030.00   .3770234E-10
  2.0    3040.00   .4177508E-10
  2.0    3050.00   .4524168E-10
  2.0    3060.00   .4767494E-10
  2.0    3070.00   .4998802E-10
  2.0    3080.00   .5273613E-10
  2.0    3090.00   .4950764E-10
  2.0    3100.00   .5005838E-10
  2.0    3110.00   .4744021E-10
  2.0    3120.00   .4605187E-10
  2.0    3130.00   .5283198E-10
  2.0    3140.00   .5175747E-10
  2.0    3150.00   .4180126E-10
  2.0    3160.00   .5149866E-10
  2.0    3170.00   .5572477E-10
  2.0    3180.00   .5046599E-10
  2.0    3190.00   .4905205E-10
  2.0    3200.00   .5728831E-10
  2.0    3210.00   .4625650E-10
  2.0    3220.00   .5059411E-10
  2.0    3230.00   .3948822E-10
  2.0    3240.00   .4112695E-10
  2.0    3250.00   .4083190E-10
  2.0    3260.00   .3939544E-10
  2.0    3270.00   .4072841E-10
  2.0    3280.00   .4468164E-10
  2.0    3290.00   .4938818E-10
  2.0    3300.00   .5479529E-10
  2.0    3310.00   .6032536E-10
  2.0    3320.00   .6891205E-10
  2.0    3330.00   .7393541E-10
  2.0    3340.00   .7909321E-10
  2.0    3350.00   .8347866E-10
  2.0    3360.00   .8787081E-10
  2.0    3370.00   .9164883E-10
  2.0    3380.00   .9661852E-10
  2.0    3390.00   .1038573E-09
  2.0    3400.00   .1137955E-09
  2.0    3410.00   .1254602E-09
  2.0    3420.00   .1451869E-09
  2.0    3430.00   .1600529E-09
  2.0    3440.00   .1755335E-09
  2.0    3450.00   .1898280E-09
  2.0    3460.00   .2035279E-09
  2.0    3470.00   .2224266E-09
  2.0    3480.00   .2295439E-09
  2.0    3490.00   .2352508E-09
  2.0    3500.00   .2398876E-09
  2.0    3510.00   .2357397E-09
  2.0    3520.00   .2339772E-09
  2.0    3530.00   .2281677E-09
  2.0    3540.00   .2224284E-09
  2.0    3550.00   .2147936E-09
  2.0    3560.00   .2055420E-09
  2.0    3570.00   .1909356E-09
  2.0    3580.00   .1829972E-09
  2.0    3590.00   .1720207E-09
  2.0    3600.00   .1583286E-09
  2.0    3610.00   .1393502E-09
  2.0    3620.00   .1283691E-09
  2.0    3630.00   .1174649E-09
  2.0    3640.00   .1099063E-09
  2.0    3650.00   .1037825E-09
  2.0    3660.00   .9668831E-10
  2.0    3670.00   .9607568E-10
  2.0    3680.00   .9761694E-10
  2.0    3690.00   .9939731E-10
  2.0    3700.00   .1034642E-09
  2.0    3710.00   .1151261E-09
  2.0    3720.00   .1309292E-09
  2.0    3730.00   .1405578E-09
  2.0    3740.00   .1543536E-09
  2.0    3750.00   .1686276E-09
  2.0    3760.00   .1811138E-09
  2.0    3770.00   .1893835E-09
  2.0    3780.00   .2028542E-09
  2.0    3790.00   .2127046E-09
  2.0    3800.00   .2218594E-09
  2.0    3810.00   .2350256E-09
  2.0    3820.00   .2538629E-09
  2.0    3830.00   .2611452E-09
  2.0    3840.00   .2741094E-09
  2.0    3850.00   .2857144E-09
  2.0    3860.00   .2940059E-09
  2.0    3870.00   .3024831E-09
  2.0    3880.00   .3121574E-09
  2.0    3890.00   .3152415E-09
  2.0    3900.00   .3201872E-09
  2.0    3910.00   .3189568E-09
  2.0    3920.00   .3209057E-09
  2.0    3930.00   .3151534E-09
  2.0    3940.00   .3094765E-09
  2.0    3950.00   .3006590E-09
  2.0    3960.00   .2907202E-09
  2.0    3970.00   .2842295E-09
  2.0    3980.00   .2761336E-09
  2.0    3990.00   .2712778E-09
  2.0    4000.00   .2676219E-09
  2.0    4010.00   .2706588E-09
  2.0    4020.00   .2715586E-09
  2.0    4030.00   .2758908E-09
  2.0    4040.00   .2777833E-09
  2.0    4050.00   .2788156E-09
  2.0    4060.00   .2784023E-09
  2.0    4070.00   .2802951E-09
  2.0    4080.00   .2761473E-09
  2.0    4090.00   .2702056E-09
  2.0    4100.00   .2660988E-09
  2.0    4110.00   .2597014E-09
  2.0    4120.00   .2551312E-09
  2.0    4130.00   .2505060E-09
  2.0    4140.00   .2462492E-09
  2.0    4150.00   .2409036E-09
  2.0    4160.00   .2339933E-09
  2.0    4170.00   .2260010E-09
  2.0    4180.00   .2181111E-09
  2.0    4190.00   .2099171E-09
  2.0    4200.00   .2031297E-09
  2.0    4210.00   .1952480E-09
  2.0    4220.00   .1861963E-09
  2.0    4230.00   .1826977E-09
  2.0    4240.00   .1764180E-09
  2.0    4250.00   .1702984E-09
  2.0    4260.00   .1674750E-09
  2.0    4270.00   .1625270E-09
  2.0    4280.00   .1561166E-09
  2.0    4290.00   .1520050E-09
  2.0    4300.00   .1516823E-09
  2.0    4310.00   .1552642E-09
  2.0    4320.00   .1571714E-09
  2.0    4330.00   .1599237E-09
  2.0    4340.00   .1627335E-09
  2.0    4350.00   .1671658E-09
  2.0    4360.00   .1672567E-09
  2.0    4370.00   .1669017E-09
  2.0    4380.00   .1656129E-09
  2.0    4390.00   .1644185E-09
  2.0    4400.00   .1640602E-09
  2.0    4410.00   .1655954E-09
  2.0    4420.00   .1662199E-09
  2.0    4430.00   .1675180E-09
  2.0    4440.00   .1713091E-09
  2.0    4450.00   .1730429E-09
  2.0    4460.00   .1722647E-09
  2.0    4470.00   .1704832E-09
  2.0    4480.00   .1728342E-09
  2.0    4490.00   .1700442E-09
  2.0    4500.00   .1687689E-09
  2.0    4510.00   .1658506E-09
  2.0    4520.00   .1627662E-09
  2.0    4530.00   .1601350E-09
  2.0    4540.00   .1574195E-09
  2.0    4550.00   .1532969E-09
  2.0    4560.00   .1512878E-09
  2.0    4570.00   .1473842E-09
  2.0    4580.00   .1432054E-09
  2.0    4590.00   .1401151E-09
  2.0    4600.00   .1369310E-09
  2.0    4610.00   .1334367E-09
  2.0    4620.00   .1286796E-09
  2.0    4630.00   .1243210E-09
  2.0    4640.00   .1207830E-09
  2.0    4650.00   .1171517E-09
  2.0    4660.00   .1138119E-09
  2.0    4670.00   .1101927E-09
  2.0    4680.00   .1087871E-09
  2.0    4690.00   .1070374E-09
  2.0    4700.00   .1062514E-09
  2.0    4710.00   .1044949E-09
  2.0    4720.00   .1030163E-09
  2.0    4730.00   .1018641E-09
  2.0    4740.00   .1009518E-09
  2.0    4750.00   .1005642E-09
  2.0    4760.00   .9958713E-10
  2.0    4770.00   .9939302E-10
  2.0    4780.00   .9824878E-10
  2.0    4790.00   .9541572E-10
  2.0    4800.00   .9203837E-10
  2.0    4810.00   .8882937E-10
  2.0    4820.00   .8530874E-10
  2.0    4830.00   .8268708E-10
  2.0    4840.00   .8044209E-10
  2.0    4850.00   .7923481E-10
  2.0    4860.00   .7941410E-10
  2.0    4870.00   .8002356E-10
  2.0    4880.00   .8088167E-10
  2.0    4890.00   .8200853E-10
  2.0    4900.00   .8342933E-10
  2.0    4910.00   .8490035E-10
  2.0    4920.00   .8672274E-10
  2.0    4930.00   .8742570E-10
  2.0    4940.00   .8853474E-10
  2.0    4950.00   .8945860E-10
  2.0    4960.00   .9068047E-10
  2.0    4970.00   .9233151E-10
  2.0    4980.00   .9257531E-10
  2.0    4990.00   .9289805E-10
  2.0    5000.00   .9403521E-10
  2.0    5010.00   .9554989E-10
  2.0    5020.00   .9705091E-10
  2.0    5030.00   .9742642E-10
  2.0    5040.00   .9866189E-10
  2.0    5050.00   .1002465E-09
  2.0    5060.00   .1023564E-09
  2.0    5070.00   .1036368E-09
  2.0    5080.00   .1041793E-09
  2.0    5090.00   .1039140E-09
  2.0    5100.00   .1036269E-09
  2.0    5110.00   .1024736E-09
  2.0    5120.00   .1011530E-09
  2.0    5130.00   .1001271E-09
  2.0    5140.00   .9944113E-10
  2.0    5150.00   .9865629E-10
  2.0    5160.00   .9840467E-10
  2.0    5170.00   .9786853E-10
  2.0    5180.00   .9676934E-10
  2.0    5190.00   .9515398E-10
  2.0    5200.00   .9248065E-10
  2.0    5210.00   .8961388E-10
  2.0    5220.00   .8591065E-10
  2.0    5230.00   .8247560E-10
  2.0    5240.00   .7927394E-10
  2.0    5250.00   .7671924E-10
  2.0    5260.00   .7524928E-10
  2.0    5270.00   .7337994E-10
  2.0    5280.00   .7183863E-10
  2.0    5290.00   .7099436E-10
  2.0    5300.00   .7072457E-10
  2.0    5310.00   .7096439E-10
  2.0    5320.00   .7077646E-10
  2.0    5330.00   .7066518E-10
  2.0    5340.00   .6988540E-10
  2.0    5350.00   .6923404E-10
  2.0    5360.00   .6878312E-10
  2.0    5370.00   .6772957E-10
  2.0    5380.00   .6657212E-10
  2.0    5390.00   .6548874E-10
  2.0    5400.00   .6387707E-10
  2.0    5410.00   .6283211E-10
  2.0    5420.00   .6118753E-10
  2.0    5430.00   .6021608E-10
  2.0    5440.00   .5979604E-10
  2.0    5450.00   .6022980E-10
  2.0    5460.00   .6086030E-10
  2.0    5470.00   .6172162E-10
  2.0    5480.00   .6248341E-10
  2.0    5490.00   .6379066E-10
  2.0    5500.00   .6455484E-10
  2.0    5510.00   .6485551E-10
  2.0    5520.00   .6548040E-10
  2.0    5530.00   .6576870E-10
  2.0    5540.00   .6648550E-10
  2.0    5550.00   .6702619E-10
  2.0    5560.00   .6746752E-10
  2.0    5570.00   .6700420E-10
  2.0    5580.00   .6693544E-10
  2.0    5590.00   .6674365E-10
  2.0    5600.00   .6663926E-10
  2.0    5610.00   .6682851E-10
  2.0    5620.00   .6633940E-10
  2.0    5630.00   .6599581E-10
  2.0    5640.00   .6546790E-10
  2.0    5650.00   .6509494E-10
  2.0    5660.00   .6445821E-10
  2.0    5670.00   .6359795E-10
  2.0    5680.00   .6311191E-10
  2.0    5690.00   .6177768E-10
  2.0    5700.00   .6066331E-10
  2.0    5710.00   .5928842E-10
  2.0    5720.00   .5793004E-10
  2.0    5730.00   .5664187E-10
  2.0    5740.00   .5593717E-10
  2.0    5750.00   .5553061E-10
  2.0    5760.00   .5495782E-10
  2.0    5770.00   .5499302E-10
  2.0    5780.00   .5470388E-10
  2.0    5790.00   .5442768E-10
  2.0    5800.00   .5493032E-10
  2.0    5810.00   .5505328E-10
  2.0    5820.00   .5559111E-10
  2.0    5830.00   .5558182E-10
  2.0    5840.00   .5570542E-10
  2.0    5850.00   .5541761E-10
  2.0    5860.00   .5571183E-10
  2.0    5870.00   .5533647E-10
  2.0    5880.00   .5368033E-10
  2.0    5890.00   .5199339E-10
  2.0    5900.00   .4965041E-10
  2.0    5910.00   .4858162E-10
  2.0    5920.00   .4717763E-10
  2.0    5930.00   .4575149E-10
  2.0    5940.00   .4379054E-10
  2.0    5950.00   .4217865E-10
  2.0    5960.00   .4121254E-10
  2.0    5970.00   .4011859E-10
  2.0    5980.00   .3894714E-10
  2.0    5990.00   .3813613E-10
  2.0    6000.00   .3720879E-10
  2.0    6010.00   .3638155E-10
  2.0    6020.00   .3540989E-10
  2.0    6030.00   .3471214E-10
  2.0    6040.00   .3401776E-10
  2.0    6050.00   .3321449E-10
  2.0    6060.00   .3253136E-10
  2.0    6070.00   .3177532E-10
  2.0    6080.00   .3155886E-10
  2.0    6090.00   .3134698E-10
  2.0    6100.00   .3143352E-10
  2.0    6110.00   .3167220E-10
  2.0    6120.00   .3209059E-10
  2.0    6130.00   .3319614E-10
  2.0    6140.00   .3407853E-10
  2.0    6150.00   .3555698E-10
  2.0    6160.00   .3746716E-10
  2.0    6170.00   .3920825E-10
  2.0    6180.00   .4121471E-10
  2.0    6190.00   .4316861E-10
  2.0    6200.00   .4535409E-10
  2.0    6210.00   .4724318E-10
  2.0    6220.00   .4854107E-10
  2.0    6230.00   .4985935E-10
  2.0    6240.00   .5099836E-10
  2.0    6250.00   .5189249E-10
  2.0    6260.00   .5278640E-10
  2.0    6270.00   .5317742E-10
  2.0    6280.00   .5176530E-10
  2.0    6290.00   .5220038E-10
  2.0    6300.00   .5184582E-10
  2.0    6310.00   .5200041E-10
  2.0    6320.00   .5219124E-10
  2.0    6330.00   .5268353E-10
  2.0    6340.00   .5326386E-10
  2.0    6350.00   .5409428E-10
  2.0    6360.00   .5439700E-10
  2.0    6370.00   .5490020E-10
  2.0    6380.00   .5513172E-10
  2.0    6390.00   .5510200E-10
  2.0    6400.00   .5513498E-10
  2.0    6410.00   .5499918E-10
  2.0    6420.00   .5482406E-10
  2.0    6430.00   .5465068E-10
  2.0    6440.00   .5435421E-10
  2.0    6450.00   .5416022E-10
  2.0    6460.00   .5417467E-10
  2.0    6470.00   .5370887E-10
  2.0    6480.00   .5327654E-10
  2.0    6490.00   .5352996E-10
  2.0    6500.00   .5361715E-10
  2.0    6510.00   .5382687E-10
  2.0    6520.00   .5277315E-10
  2.0    6530.00   .5347551E-10
  2.0    6540.00   .5305492E-10
  2.0    6550.00   .5262017E-10
  2.0    6560.00   .5229489E-10
  2.0    6570.00   .5220330E-10
  2.0    6580.00   .5182493E-10
  2.0    6590.00   .5134437E-10
  2.0    6600.00   .5104019E-10
  2.0    6610.00   .5029369E-10
  2.0    6620.00   .4920502E-10
  2.0    6630.00   .4839354E-10
  2.0    6640.00   .4811007E-10
  2.0    6650.00   .4831081E-10
  2.0    6660.00   .4840012E-10
  2.0    6670.00   .4847779E-10
  2.0    6680.00   .4831578E-10
  2.0    6690.00   .4751195E-10
  2.0    6700.00   .4723283E-10
  2.0    6710.00   .4676382E-10
  2.0    6720.00   .4632884E-10
  2.0    6730.00   .4605159E-10
  2.0    6740.00   .4532645E-10
  2.0    6750.00   .4479789E-10
  2.0    6760.00   .4419660E-10
  2.0    6770.00   .4385233E-10
  2.0    6780.00   .4357721E-10
  2.0    6790.00   .4333507E-10
  2.0    6800.00   .4322133E-10
  2.0    6810.00   .4306380E-10
  2.0    6820.00   .4278412E-10
  2.0    6830.00   .4235746E-10
  2.0    6840.00   .4169515E-10
  2.0    6850.00   .4115290E-10
  2.0    6860.00   .4101787E-10
  2.0    6870.00   .3719609E-10
  2.0    6880.00   .3862002E-10
  2.0    6890.00   .4054297E-10
  2.0    6900.00   .3963368E-10
  2.0    6910.00   .3972736E-10
  2.0    6920.00   .3993314E-10
  2.0    6930.00   .3984481E-10
  2.0    6940.00   .4031901E-10
  2.0    6950.00   .4011735E-10
  2.0    6960.00   .4007773E-10
  2.0    6970.00   .4072105E-10
  2.0    6980.00   .4058664E-10
  2.0    6990.00   .4027654E-10
  2.0    7000.00   .4032903E-10
  2.0    7010.00   .4043603E-10
  2.0    7020.00   .4036731E-10
  2.0    7030.00   .4019682E-10
  2.0    7040.00   .4059625E-10
  2.0    7050.00   .4086852E-10
  2.0    7060.00   .4123123E-10
  2.0    7070.00   .4138534E-10
  2.0    7080.00   .4166909E-10
  2.0    7090.00   .4217904E-10
  2.0    7100.00   .4212334E-10
  2.0    7110.00   .4247601E-10
  2.0    7120.00   .4261324E-10
  2.0    7130.00   .4231335E-10
  2.0    7140.00   .4166022E-10
  2.0    7150.00   .4144927E-10
  2.0    7160.00   .4108899E-10
  2.0    7170.00   .3999726E-10
  2.0    7180.00   .3975348E-10
  2.0    7190.00   .3896980E-10
  2.0    7200.00   .3904659E-10
  2.0    7210.00   .3911882E-10
  2.0    7220.00   .3879693E-10
  2.0    7230.00   .3835767E-10
  2.0    7240.00   .3765545E-10
  2.0    7250.00   .3826049E-10
  2.0    7260.00   .3767948E-10
  2.0    7270.00   .3693149E-10
  2.0    7280.00   .3581985E-10
  2.0    7290.00   .3589634E-10
  2.0    7300.00   .3528239E-10
  2.0    7310.00   .3449029E-10
  2.0    7320.00   .3396008E-10
  2.0    7330.00   .3379750E-10
  2.0    7340.00   .3319995E-10
  2.0    7350.00   .3252088E-10
  2.0    7360.00   .3217324E-10
  2.0    7370.00   .3173147E-10
  2.0    7380.00   .3150079E-10
  2.0    7390.00   .3105855E-10
  2.0    7400.00   .3070335E-10
  2.0    7410.00   .3031402E-10
  2.0    7420.00   .2958851E-10
  2.0    7430.00   .2840363E-10
  2.0    7440.00   .2695283E-10
  2.0    7450.00   .2609002E-10
  2.0    7460.00   .2524453E-10
  2.0    7470.00   .2466635E-10
  2.0    7480.00   .2422363E-10
  2.0    7490.00   .2401153E-10
  2.0    7500.00   .2400926E-10
  2.0    7510.00   .2428677E-10
  2.0    7520.00   .2450241E-10
  2.0    7530.00   .2413701E-10
  2.0    7540.00   .2388197E-10
  2.0    7550.00   .2369173E-10
  2.0    7560.00   .2289164E-10
  2.0    7570.00   .2219055E-10
  2.0    7580.00   .2155470E-10
  2.0    7590.00   .2088372E-10
  2.0    7600.00   .2010402E-10
  2.0    7610.00   .1971062E-10
  2.0    7620.00   .1946954E-10
  2.0    7630.00   .1946900E-10
  2.0    7640.00   .2007762E-10
  2.0    7650.00   .2016936E-10
  2.0    7660.00   .2057578E-10
  2.0    7670.00   .2090554E-10
  2.0    7680.00   .2101997E-10
  2.0    7690.00   .2151148E-10
  2.0    7700.00   .2091671E-10
  2.0    7710.00   .2096715E-10
  2.0    7720.00   .2076193E-10
  2.0    7730.00   .2021911E-10
  2.0    7740.00   .1988239E-10
  2.0    7750.00   .1950363E-10
  2.0    7760.00   .1897408E-10
  2.0    7770.00   .1861702E-10
  2.0    7780.00   .1818609E-10
  2.0    7790.00   .1781287E-10
  2.0    7800.00   .1722726E-10
  2.0    7810.00   .1669826E-10
  2.0    7820.00   .1607532E-10
  2.0    7830.00   .1558270E-10
  2.0    7840.00   .1513649E-10
  2.0    7850.00   .1462736E-10
  2.0    7860.00   .1435265E-10
  2.0    7870.00   .1400785E-10
  2.0    7880.00   .1370954E-10
  2.0    7890.00   .1333599E-10
  2.0    7900.00   .1309463E-10
  2.0    7910.00   .1276094E-10
  2.0    7920.00   .1256010E-10
  2.0    7930.00   .1243127E-10
  2.0    7940.00   .1247973E-10
  2.0    7950.00   .1234904E-10
  2.0    7960.00   .1209815E-10
  2.0    7970.00   .1183426E-10
  2.0    7980.00   .1187456E-10
  2.0    7990.00   .1192465E-10
  2.0    8000.00   .1184966E-10
  2.0    8010.00   .1189974E-10
  2.0    8020.00   .1199247E-10
  2.0    8030.00   .1202124E-10
  2.0    8040.00   .1232381E-10
  2.0    8050.00   .1244359E-10
  2.0    8060.00   .1252188E-10
  2.0    8070.00   .1245264E-10
  2.0    8080.00   .1240299E-10
  2.0    8090.00   .1216230E-10
  2.0    8100.00   .1211196E-10
  2.0    8110.00   .1197832E-10
  2.0    8120.00   .1196329E-10
  2.0    8130.00   .1189111E-10
  2.0    8140.00   .1152977E-10
  2.0    8150.00   .1128005E-10
  2.0    8160.00   .1104838E-10
  2.0    8170.00   .1068436E-10
  2.0    8180.00   .1037835E-10
  2.0    8190.00   .1034201E-10
  2.0    8200.00   .9979251E-11
  2.0    8210.00   .1018052E-10
  2.0    8220.00   .9661860E-11
  2.0    8230.00   .8731978E-11
  2.0    8240.00   .1008244E-10
  2.0    8250.00   .9872618E-11
  2.0    8260.00   .9590578E-11
  2.0    8270.00   .9968477E-11
  2.0    8280.00   .9381842E-11
  2.0    8290.00   .9461124E-11
  2.0    8300.00   .9352567E-11
  2.0    8310.00   .9104162E-11
  2.0    8320.00   .8808019E-11
  2.0    8330.00   .8938107E-11
  2.0    8340.00   .8628605E-11
  2.0    8350.00   .8849533E-11
  2.0    8360.00   .8796768E-11
  2.0    8370.00   .8926934E-11
  2.0    8380.00   .9019882E-11
  2.0    8390.00   .9113820E-11
  2.0    8400.00   .9074578E-11
  2.0    8410.00   .9210294E-11
  2.0    8420.00   .9185972E-11
  2.0    8430.00   .9196413E-11
  2.0    8440.00   .9164822E-11
  2.0    8450.00   .9259892E-11
  2.0    8460.00   .9204775E-11
  2.0    8470.00   .9172549E-11
  2.0    8480.00   .9223509E-11
  2.0    8490.00   .9063961E-11
  2.0    8500.00   .9235533E-11
  2.0    8510.00   .9026095E-11
  2.0    8520.00   .9045967E-11
  2.0    8530.00   .9001551E-11
  2.0    8540.00   .9053086E-11
  2.0    8550.00   .8957940E-11
  2.0    8560.00   .8780455E-11
  2.0    8570.00   .8711101E-11
  2.0    8580.00   .8656290E-11
  2.0    8590.00   .8518316E-11
  2.0    8600.00   .8436212E-11
  2.0    8610.00   .8391569E-11
  2.0    8620.00   .8407680E-11
  2.0    8630.00   .8292999E-11
  2.0    8640.00   .8408650E-11
  2.0    8650.00   .8374354E-11
  2.0    8660.00   .8245770E-11
  2.0    8670.00   .8055304E-11
  2.0    8680.00   .8120108E-11
  2.0    8690.00   .7907402E-11
  2.0    8700.00   .7916416E-11
  2.0    8710.00   .7861469E-11
  2.0    8720.00   .7629702E-11
  2.0    8730.00   .7733553E-11
  2.0    8740.00   .7653238E-11
  2.0    8750.00   .7523512E-11
  2.0    8760.00   .7454236E-11
  2.0    8770.00   .7382190E-11
  2.0    8780.00   .7320139E-11
  2.0    8790.00   .7186458E-11
  2.0    8800.00   .6948452E-11
  2.0    8810.00   .6877101E-11
  2.0    8820.00   .6651816E-11
  2.0    8830.00   .6366673E-11
  2.0    8840.00   .6181912E-11
  2.0    8850.00   .6050116E-11
  2.0    8860.00   .5853401E-11
  2.0    8870.00   .5713129E-11
  2.0    8880.00   .5428870E-11
  2.0    8890.00   .5474349E-11
  2.0    8900.00   .5359188E-11
  2.0    8910.00   .5400366E-11
  2.0    8920.00   .5291414E-11
  2.0    8930.00   .5284243E-11
  2.0    8940.00   .5355513E-11
  2.0    8950.00   .5229176E-11
  2.0    8960.00   .5234207E-11
  2.0    8970.00   .5003354E-11
  2.0    8980.00   .5214510E-11
  2.0    8990.00   .4797481E-11
  2.0    9000.00   .4886511E-11
  2.0    9010.00   .4804797E-11
  2.0    9020.00   .4674184E-11
  2.0    9030.00   .4750445E-11
  2.0    9040.00   .4814106E-11
  2.0    9050.00   .4690317E-11
  2.0    9060.00   .4682754E-11
  2.0    9070.00   .4585559E-11
  2.0    9080.00   .4620608E-11
  2.0    9090.00   .4627079E-11
  2.0    9100.00   .4566833E-11
  2.0    9110.00   .4675403E-11
  2.0    9120.00   .4601149E-11
  2.0    9130.00   .4529222E-11
  2.0    9140.00   .4667898E-11
  2.0    9150.00   .4565323E-11
  2.0    9160.00   .4501041E-11
  2.0    9170.00   .4611668E-11
  2.0    9180.00   .4542993E-11
  2.0    9190.00   .4774600E-11
  2.0    9200.00   .4585452E-11
  2.0    9210.00   .4685038E-11
  2.0    9220.00   .4653248E-11
  2.0    9230.00   .4592640E-11
  2.0    9240.00   .4494362E-11
  2.0    9250.00   .4472437E-11
  2.0    9260.00   .4548242E-11
  2.0    9270.00   .4411590E-11
  2.0    9280.00   .4291386E-11
  2.0    9290.00   .4211692E-11
  2.0    9300.00   .4039601E-11
  2.0    9310.00   .3689949E-11
  2.0    9320.00   .3301830E-11
  2.0    9330.00   .3237918E-11
  2.0    9340.00   .2845547E-11
  2.0    9350.00   .3011037E-11
  2.0    9360.00   .2856481E-11
  2.0    9370.00   .3052740E-11
  2.0    9380.00   .2889554E-11
  2.0    9390.00   .3348402E-11
  2.0    9400.00   .3436496E-11
  2.0    9410.00   .3361814E-11
  2.0    9420.00   .3142477E-11
  2.0    9430.00   .2861762E-11
  2.0    9440.00   .2780716E-11
  2.0    9450.00   .2890478E-11
  2.0    9460.00   .2767717E-11
  2.0    9470.00   .2824369E-11
  2.0    9480.00   .2883252E-11
  2.0    9490.00   .2883628E-11
  2.0    9500.00   .2512724E-11
  2.0    9510.00   .2883389E-11
  2.0    9520.00   .2564958E-11
  2.0    9530.00   .2627720E-11
  2.0    9540.00   .2712451E-11
  2.0    9550.00   .2621001E-11
  2.0    9560.00   .2628729E-11
  2.0    9570.00   .2457565E-11
  2.0    9580.00   .2690598E-11
  2.0    9590.00   .2463651E-11
  2.0    9600.00   .2554464E-11
  2.0    9610.00   .2502497E-11
  2.0    9620.00   .2552988E-11
  2.0    9630.00   .2501539E-11
  2.0    9640.00   .2478524E-11
  2.0    9650.00   .2459697E-11
  2.0    9660.00   .2561235E-11
  2.0    9670.00   .2311025E-11
  2.0    9680.00   .2377461E-11
  2.0    9690.00   .2334772E-11
  2.0    9700.00   .2304656E-11
  2.0    9710.00   .2354007E-11
  2.0    9720.00   .2227836E-11
  2.0    9730.00   .2326131E-11
  2.0    9740.00   .2212114E-11
  2.0    9750.00   .2186522E-11
  2.0    9760.00   .2119904E-11
  2.0    9770.00   .2235254E-11
  2.0    9780.00   .2150237E-11
  2.0    9790.00   .2108063E-11
  2.0    9800.00   .2129857E-11
  2.0    9810.00   .2004075E-11
  2.0    9820.00   .2044502E-11
  2.0    9830.00   .2070199E-11
  2.0    9840.00   .2084019E-11
  2.0    9850.00   .2053862E-11
  2.0    9860.00   .2029382E-11
  2.0    9870.00   .1988533E-11
  2.0    9880.00   .2069025E-11
  2.0    9890.00   .1962069E-11
  2.0    9900.00   .1984626E-11
  2.0    9910.00   .1806387E-11
  2.0    9920.00   .1953641E-11
  2.0    9930.00   .1778449E-11
  2.0    9940.00   .1768530E-11
  2.0    9950.00   .1925187E-11
  2.0    9960.00   .1835234E-11
  2.0    9970.00   .1829454E-11
  2.0    9980.00   .1829332E-11
  2.0    9990.00   .1832908E-11
  2.0   10000.00   .1837523E-11
  2.0   10010.00   .1843603E-11
  2.0   10020.00   .1849661E-11
  2.0   10030.00   .1855697E-11
  2.0   10040.00   .1861711E-11
  2.0   10050.00   .1867700E-11
  2.0   10060.00   .1873671E-11
  2.0   10070.00   .1879618E-11
  2.0   10080.00   .1885545E-11
  2.0   10090.00   .1891448E-11
  2.0   10100.00   .1897328E-11
  2.0   10110.00   .1903187E-11
  2.0   10120.00   .1909024E-11
  2.0   10130.00   .1914837E-11
  2.0   10140.00   .1920630E-11
  2.0   10150.00   .1926402E-11
  2.0   10160.00   .1932149E-11
  2.0   10170.00   .1937878E-11
  2.0   10180.00   .1943583E-11
  2.0   10190.00   .1949266E-11
  2.0   10200.00   .1954929E-11
  2.0   10210.00   .1960565E-11
  2.0   10220.00   .1966183E-11
  2.0   10230.00   .1971781E-11
  2.0   10240.00   .1977356E-11
  2.0   10250.00   .1982906E-11
  2.0   10260.00   .1988436E-11
  2.0   10270.00   .1993943E-11
  2.0   10280.00   .1999430E-11
  2.0   10290.00   .2004897E-11
  2.0   10300.00   .2010341E-11
  2.0   10310.00   .2015760E-11
  2.0   10320.00   .2021163E-11
  2.0   10330.00   .2026541E-11
  2.0   10340.00   .2031897E-11
  2.0   10350.00   .2037235E-11
  2.0   10360.00   .2042548E-11
  2.0   10370.00   .2047841E-11
  2.0   10380.00   .2053111E-11
  2.0   10390.00   .2058362E-11
  2.0   10400.00   .2063588E-11
  2.0   10410.00   .2068798E-11
  2.0   10420.00   .2073982E-11
  2.0   10430.00   .2079146E-11
  2.0   10440.00   .2084290E-11
  2.0   10450.00   .2089413E-11
  2.0   10460.00   .2094513E-11
  2.0   10470.00   .2099595E-11
  2.0   10480.00   .2104654E-11
  2.0   10490.00   .2109691E-11
  2.0   10500.00   .2114711E-11
  2.0   10510.00   .2119707E-11
  2.0   10520.00   .2124681E-11
  2.0   10530.00   .2129636E-11
  2.0   10540.00   .2134572E-11
  2.0   10550.00   .2139487E-11
  2.0   10560.00   .2144380E-11
  2.0   10570.00   .2149253E-11
  2.0   10580.00   .2154109E-11
  2.0   10590.00   .2158941E-11
  2.0   10600.00   .2163755E-11
  2.0   10610.00   .2168545E-11
  2.0   10620.00   .2173320E-11
  2.0   10630.00   .2178073E-11
  2.0   10640.00   .2182805E-11
  2.0   10650.00   .2187521E-11
  2.0   10660.00   .2192213E-11
  2.0   10670.00   .2196885E-11
  2.0   10680.00   .2201542E-11
  2.0   10690.00   .2206178E-11
  2.0   10700.00   .2210794E-11
  2.0   10710.00   .2215388E-11
  2.0   10720.00   .2219967E-11
  2.0   10730.00   .2224525E-11
  2.0   10740.00   .2229063E-11
  2.0   10750.00   .2233587E-11
  2.0   10760.00   .2238089E-11
  2.0   10770.00   .2242572E-11
  2.0   10780.00   .2247035E-11
  2.0   10790.00   .2251482E-11
  2.0   10800.00   .2255909E-11
  2.0   10810.00   .2260318E-11
  2.0   10820.00   .2264710E-11
  2.0   10830.00   .2269081E-11
  2.0   10840.00   .2273434E-11
  2.0   10850.00   .2277773E-11
  2.0   10860.00   .2282093E-11
  2.0   10870.00   .2286390E-11
  2.0   10880.00   .2290675E-11
  2.0   10890.00   .2294940E-11
  2.0   10900.00   .2299188E-11
  2.0   10910.00   .2303421E-11
  2.0   10920.00   .2307633E-11
  2.0   10930.00   .2311831E-11
  2.0   10940.00   .2316011E-11
  2.0   10950.00   .2320171E-11
  2.0   10960.00   .2324318E-11
  2.0   10970.00   .2328445E-11
  2.0   10980.00   .2332557E-11
  2.0   10990.00   .2336653E-11
  2.0   11000.00   .2340733E-11
  2.0   11010.00   .2344793E-11
  2.0   11020.00   .2348841E-11
  2.0   11030.00   .2352871E-11
  2.0   11040.00   .2356884E-11
  2.0   11050.00   .2360885E-11
  2.0   11060.00   .2364869E-11
  2.0   11070.00   .2368832E-11
  2.0   11080.00   .2372786E-11
  2.0   11090.00   .2376723E-11
  2.0   11100.00   .2380643E-11
  2.0   11110.00   .2384546E-11
  2.0   11120.00   .2388440E-11
  2.0   11130.00   .2392316E-11
  2.0   11140.00   .2396176E-11
  2.0   11150.00   .2400023E-11
  2.0   11160.00   .2403854E-11
  2.0   11170.00   .2407671E-11
  2.0   11180.00   .2411476E-11
  2.0   11190.00   .2415263E-11
  2.0   11200.00   .2419039E-11
  2.0   11210.00   .2422800E-11
  2.0   11220.00   .2426549E-11
  2.0   11230.00   .2430282E-11
  2.0   11240.00   .2434002E-11
  2.0   11250.00   .2437710E-11
  2.0   11260.00   .2441402E-11
  2.0   11270.00   .2445084E-11
  2.0   11280.00   .2448751E-11
  2.0   11290.00   .2452403E-11
  2.0   11300.00   .2456047E-11
  2.0   11310.00   .2452614E-11
  2.0   11320.00   .2449189E-11
  2.0   11330.00   .2445771E-11
  2.0   11340.00   .2442360E-11
  2.0   11350.00   .2438958E-11
  2.0   11360.00   .2435563E-11
  2.0   11370.00   .2432174E-11
  2.0   11380.00   .2428793E-11
  2.0   11390.00   .2425420E-11
  2.0   11400.00   .2422056E-11
  2.0   11410.00   .2418702E-11
  2.0   11420.00   .2415352E-11
  2.0   11430.00   .2412012E-11
  2.0   11440.00   .2408679E-11
  2.0   11450.00   .2405357E-11
  2.0   11460.00   .2402041E-11
  2.0   11470.00   .2398733E-11
  2.0   11480.00   .2395437E-11
  2.0   11490.00   .2392145E-11
  2.0   11500.00   .2388865E-11
  2.0   11510.00   .2385591E-11
  2.0   11520.00   .2382328E-11
  2.0   11530.00   .2379073E-11
  2.0   11540.00   .2375825E-11
  2.0   11550.00   .2372590E-11
  2.0   11560.00   .2369360E-11
  2.0   11570.00   .2366143E-11
  2.0   11580.00   .2362932E-11
  2.0   11590.00   .2359732E-11
  2.0   11600.00   .2356541E-11
  2.0   11610.00   .2353359E-11
  2.0   11620.00   .2350188E-11
  2.0   11630.00   .2347027E-11
  2.0   11640.00   .2343873E-11
  2.0   11650.00   .2340730E-11
  2.0   11660.00   .2337597E-11
  2.0   11670.00   .2334475E-11
  2.0   11680.00   .2331361E-11
  2.0   11690.00   .2328258E-11
  2.0   11700.00   .2325164E-11
  2.0   11710.00   .2322082E-11
  2.0   11720.00   .2319009E-11
  2.0   11730.00   .2315945E-11
  2.0   11740.00   .2312893E-11
  2.0   11750.00   .2309853E-11
  2.0   11760.00   .2306823E-11
  2.0   11770.00   .2303804E-11
  2.0   11780.00   .2300794E-11
  2.0   11790.00   .2297794E-11
  2.0   11800.00   .2294806E-11
  2.0   11810.00   .2291830E-11
  2.0   11820.00   .2288866E-11
  2.0   11830.00   .2285912E-11
  2.0   11840.00   .2282967E-11
  2.0   11850.00   .2280037E-11
  2.0   11860.00   .2277115E-11
  2.0   11870.00   .2274205E-11
  2.0   11880.00   .2271307E-11
  2.0   11890.00   .2268423E-11
  2.0   11900.00   .2265546E-11
  2.0   11910.00   .2262683E-11
  2.0   11920.00   .2259832E-11
  2.0   11930.00   .2256993E-11
  2.0   11940.00   .2254166E-11
  2.0   11950.00   .2251349E-11
  2.0   11960.00   .2248547E-11
  2.0   11970.00   .2245755E-11
  2.0   11980.00   .2242976E-11
  2.0   11990.00   .2240209E-11
  2.0   12000.00   .2237455E-11
  2.0   12010.00   .2234713E-11
  2.0   12020.00   .2231982E-11
  2.0   12030.00   .2229266E-11
  2.0   12040.00   .2226562E-11
  2.0   12050.00   .2223872E-11
  2.0   12060.00   .2221191E-11
  2.0   12070.00   .2218525E-11
  2.0   12080.00   .2215873E-11
  2.0   12090.00   .2213233E-11
  2.0   12100.00   .2210605E-11
  2.0   12110.00   .2207990E-11
  2.0   12120.00   .2205391E-11
  2.0   12130.00   .2202805E-11
  2.0   12140.00   .2200232E-11
  2.0   12150.00   .2197671E-11
  2.0   12160.00   .2195123E-11
  2.0   12170.00   .2192593E-11
  2.0   12180.00   .2190071E-11
  2.0   12190.00   .2187566E-11
  2.0   12200.00   .2185074E-11
  2.0   12210.00   .2182594E-11
  2.0   12220.00   .2180134E-11
  2.0   12230.00   .2177683E-11
  2.0   12240.00   .2175247E-11
  2.0   12250.00   .2172826E-11
  2.0   12260.00   .2170417E-11
  2.0   12270.00   .2168025E-11
  2.0   12280.00   .2165647E-11
  2.0   12290.00   .2163282E-11
  2.0   12300.00   .2160931E-11
  2.0   12310.00   .2158598E-11
  2.0   12320.00   .2156277E-11
  2.0   12330.00   .2153973E-11
  2.0   12340.00   .2151681E-11
  2.0   12350.00   .2149405E-11
  2.0   12360.00   .2147145E-11
  2.0   12370.00   .2144898E-11
  2.0   12380.00   .2142667E-11
  2.0   12390.00   .2140453E-11
  2.0   12400.00   .2138254E-11
  2.0   12410.00   .2136068E-11
  2.0   12420.00   .2133898E-11
  2.0   12430.00   .2131745E-11
  2.0   12440.00   .2129605E-11
  2.0   12450.00   .2127484E-11
  2.0   12460.00   .2125380E-11
  2.0   12470.00   .2123285E-11
  2.0   12480.00   .2121211E-11
  2.0   12490.00   .2119151E-11
  2.0   12500.00   .2117108E-11
  2.0   12510.00   .2116533E-11
  2.0   12520.00   .2115969E-11
  2.0   12530.00   .2115418E-11
  2.0   12540.00   .2114877E-11
  2.0   12550.00   .2114347E-11
  2.0   12560.00   .2113830E-11
  2.0   12570.00   .2113324E-11
  2.0   12580.00   .2112833E-11
  2.0   12590.00   .2112352E-11
  2.0   12600.00   .2111882E-11
  2.0   12610.00   .2111425E-11
  2.0   12620.00   .2110980E-11
  2.0   12630.00   .2110549E-11
  2.0   12640.00   .2110130E-11
  2.0   12650.00   .2109724E-11
  2.0   12660.00   .2109333E-11
  2.0   12670.00   .2108952E-11
  2.0   12680.00   .2108584E-11
  2.0   12690.00   .2108231E-11
  2.0   12700.00   .2107889E-11
  2.0   12710.00   .2107565E-11
  2.0   12720.00   .2107248E-11
  2.0   12730.00   .2106952E-11
  2.0   12740.00   .2106666E-11
  2.0   12750.00   .2106393E-11
  2.0   12760.00   .2106134E-11
  2.0   12770.00   .2105892E-11
  2.0   12780.00   .2105663E-11
  2.0   12790.00   .2105449E-11
  2.0   12800.00   .2105250E-11
  2.0   12810.00   .2105063E-11
  2.0   12820.00   .2104892E-11
  2.0   12830.00   .2104736E-11
  2.0   12840.00   .2104596E-11
  2.0   12850.00   .2104468E-11
  2.0   12860.00   .2104355E-11
  2.0   12870.00   .2104261E-11
  2.0   12880.00   .2104181E-11
  2.0   12890.00   .2104113E-11
  2.0   12900.00   .2104061E-11
  2.0   12910.00   .2104026E-11
  2.0   12920.00   .2104005E-11
  2.0   12930.00   .2103996E-11
  2.0   12940.00   .2104004E-11
  2.0   12950.00   .2104025E-11
  2.0   12960.00   .2104062E-11
  2.0   12970.00   .2104112E-11
  2.0   12980.00   .2104174E-11
  2.0   12990.00   .2104252E-11
  2.0   13000.00   .2104344E-11
  2.0   13010.00   .2104449E-11
  2.0   13020.00   .2104571E-11
  2.0   13030.00   .2104703E-11
  2.0   13040.00   .2104852E-11
  2.0   13050.00   .2105012E-11
  2.0   13060.00   .2105185E-11
  2.0   13070.00   .2105374E-11
  2.0   13080.00   .2105575E-11
  2.0   13090.00   .2105791E-11
  2.0   13100.00   .2106015E-11
  2.0   13110.00   .2106257E-11
  2.0   13120.00   .2106511E-11
  2.0   13130.00   .2106778E-11
  2.0   13140.00   .2107057E-11
  2.0   13150.00   .2107351E-11
  2.0   13160.00   .2107653E-11
  2.0   13170.00   .2107972E-11
  2.0   13180.00   .2108303E-11
  2.0   13190.00   .2108645E-11
  2.0   13200.00   .2109000E-11
  2.0   13210.00   .2109366E-11
  2.0   13220.00   .2109745E-11
  2.0   13230.00   .2110138E-11
  2.0   13240.00   .2110540E-11
  2.0   13250.00   .2110955E-11
  2.0   13260.00   .2111382E-11
  2.0   13270.00   .2111822E-11
  2.0   13280.00   .2112274E-11
  2.0   13290.00   .2112733E-11
  2.0   13300.00   .2113209E-11
  2.0   13310.00   .2113692E-11
  2.0   13320.00   .2114187E-11
  2.0   13330.00   .2114696E-11
  2.0   13340.00   .2115215E-11
  2.0   13350.00   .2115744E-11
  2.0   13360.00   .2116284E-11
  2.0   13370.00   .2116833E-11
  2.0   13380.00   .2117395E-11
  2.0   13390.00   .2117971E-11
  2.0   13400.00   .2118551E-11
  2.0   13410.00   .2119146E-11
  2.0   13420.00   .2119750E-11
  2.0   13430.00   .2120364E-11
  2.0   13440.00   .2120988E-11
  2.0   13450.00   .2121620E-11
  2.0   13460.00   .2122266E-11
  2.0   13470.00   .2122922E-11
  2.0   13480.00   .2123585E-11
  2.0   13490.00   .2124258E-11
  2.0   13500.00   .2124942E-11
  2.0   13510.00   .2125638E-11
  2.0   13520.00   .2126336E-11
  2.0   13530.00   .2127048E-11
  2.0   13540.00   .2127770E-11
  2.0   13550.00   .2128501E-11
  2.0   13560.00   .2129238E-11
  2.0   13570.00   .2129987E-11
  2.0   13580.00   .2130743E-11
  2.0   13590.00   .2131509E-11
  2.0   13600.00   .2132286E-11
  2.0   13610.00   .2133066E-11
  2.0   13620.00   .2133858E-11
  2.0   13630.00   .2134658E-11
  2.0   13640.00   .2135467E-11
  2.0   13650.00   .2136283E-11
  2.0   13660.00   .2137107E-11
  2.0   13670.00   .2137940E-11
  2.0   13680.00   .2138782E-11
  2.0   13690.00   .2139628E-11
  2.0   13700.00   .2140482E-11
  2.0   13710.00   .2130078E-11
  2.0   13720.00   .2119669E-11
  2.0   13730.00   .2109257E-11
  2.0   13740.00   .2098843E-11
  2.0   13750.00   .2088428E-11
  2.0   13760.00   .2078011E-11
  2.0   13770.00   .2067589E-11
  2.0   13780.00   .2057167E-11
  2.0   13790.00   .2046739E-11
  2.0   13800.00   .2036310E-11
  2.0   13810.00   .2025873E-11
  2.0   13820.00   .2015438E-11
  2.0   13830.00   .2004996E-11
  2.0   13840.00   .1994552E-11
  2.0   13850.00   .1984100E-11
  2.0   13860.00   .1973648E-11
  2.0   13870.00   .1963186E-11
  2.0   13880.00   .1952721E-11
  2.0   13890.00   .1942255E-11
  2.0   13900.00   .1931779E-11
  2.0   13910.00   .1921299E-11
  2.0   13920.00   .1910817E-11
  2.0   13930.00   .1900322E-11
  2.0   13940.00   .1889827E-11
  2.0   13950.00   .1879323E-11
  2.0   13960.00   .1868811E-11
  2.0   13970.00   .1858298E-11
  2.0   13980.00   .1847776E-11
  2.0   13990.00   .1837243E-11
  2.0   14000.00   .1826709E-11
  2.0   14010.00   .1816165E-11
  2.0   14020.00   .1805615E-11
  2.0   14030.00   .1795056E-11
  2.0   14040.00   .1784488E-11
  2.0   14050.00   .1773914E-11
  2.0   14060.00   .1763332E-11
  2.0   14070.00   .1752742E-11
  2.0   14080.00   .1742145E-11
  2.0   14090.00   .1731537E-11
  2.0   14100.00   .1720923E-11
  2.0   14110.00   .1710297E-11
  2.0   14120.00   .1699668E-11
  2.0   14130.00   .1689025E-11
  2.0   14140.00   .1678374E-11
  2.0   14150.00   .1667714E-11
  2.0   14160.00   .1657045E-11
  2.0   14170.00   .1646368E-11
  2.0   14180.00   .1635680E-11
  2.0   14190.00   .1624981E-11
  2.0   14200.00   .1614275E-11
  2.0   14210.00   .1603558E-11
  2.0   14220.00   .1592831E-11
  2.0   14230.00   .1582093E-11
  2.0   14240.00   .1571344E-11
  2.0   14250.00   .1560586E-11
  2.0   14260.00   .1549817E-11
  2.0   14270.00   .1539037E-11
  2.0   14280.00   .1528247E-11
  2.0   14290.00   .1517450E-11
  2.0   14300.00   .1506633E-11
  2.0   14310.00   .1495813E-11
  2.0   14320.00   .1484978E-11
  2.0   14330.00   .1474134E-11
  2.0   14340.00   .1463278E-11
  2.0   14350.00   .1452410E-11
  2.0   14360.00   .1441532E-11
  2.0   14370.00   .1430641E-11
  2.0   14380.00   .1419739E-11
  2.0   14390.00   .1408824E-11
  2.0   14400.00   .1397900E-11
  2.0   14410.00   .1386964E-11
  2.0   14420.00   .1376012E-11
  2.0   14430.00   .1365051E-11
  2.0   14440.00   .1354079E-11
  2.0   14450.00   .1343095E-11
  2.0   14460.00   .1332095E-11
  2.0   14470.00   .1321086E-11
  2.0   14480.00   .1310065E-11
  2.0   14490.00   .1299028E-11
  2.0   14500.00   .1287982E-11
  2.0   14510.00   .1276923E-11
  2.0   14520.00   .1265851E-11
  2.0   14530.00   .1254766E-11
  2.0   14540.00   .1243671E-11
  2.0   14550.00   .1232560E-11
  2.0   14560.00   .1221437E-11
  2.0   14570.00   .1210303E-11
  2.0   14580.00   .1199155E-11
  2.0   14590.00   .1187995E-11
  2.0   14600.00   .1176821E-11
  2.0   14610.00   .1165635E-11
  2.0   14620.00   .1154437E-11
  2.0   14630.00   .1143223E-11
  2.0   14640.00   .1131998E-11
  2.0   14650.00   .1120761E-11
  2.0   14660.00   .1109509E-11
  2.0   14670.00   .1098247E-11
  2.0   14680.00   .1086971E-11
  2.0   14690.00   .1075680E-11
  2.0   14700.00   .1064377E-11
  2.0   14710.00   .1053061E-11
  2.0   14720.00   .1041732E-11
  2.0   14730.00   .1030389E-11
  2.0   14740.00   .1019036E-11
  2.0   14750.00   .1007668E-11
  2.0   14760.00   .9962869E-12
  2.0   14770.00   .9848930E-12
  2.0   14780.00   .9734860E-12
  2.0   14790.00   .9620661E-12
  2.0   14800.00   .9506332E-12
  2.0   14810.00   .9391882E-12
  2.0   14820.00   .9277295E-12
  2.0   14830.00   .9162577E-12
  2.0   14840.00   .9047737E-12
  2.0   14850.00   .8932764E-12
  2.0   14860.00   .8817665E-12
  2.0   14870.00   .8702446E-12
  2.0   14880.00   .8587094E-12
  2.0   14890.00   .8471621E-12
  2.0   14900.00   .8356022E-12
  2.0   14910.00   .8240305E-12
  2.0   14920.00   .8124469E-12
  2.0   14930.00   .8008504E-12
  2.0   14940.00   .7892412E-12
  2.0   14950.00   .7776215E-12
  2.0   14960.00   .7659893E-12
  2.0   14970.00   .7543447E-12
  2.0   14980.00   .7426897E-12
  2.0   14990.00   .7310219E-12
  2.0   15000.00   .7193427E-12
  2.0   15010.00   .7196471E-12
  2.0   15020.00   .7199504E-12
  2.0   15030.00   .7202528E-12
  2.0   15040.00   .7205535E-12
  2.0   15050.00   .7208528E-12
  2.0   15060.00   .7211505E-12
  2.0   15070.00   .7214473E-12
  2.0   15080.00   .7217431E-12
  2.0   15090.00   .7220367E-12
  2.0   15100.00   .7223297E-12
  2.0   15110.00   .7226212E-12
  2.0   15120.00   .7229106E-12
  2.0   15130.00   .7232000E-12
  2.0   15140.00   .7234876E-12
  2.0   15150.00   .7237739E-12
  2.0   15160.00   .7240588E-12
  2.0   15170.00   .7243423E-12
  2.0   15180.00   .7246251E-12
  2.0   15190.00   .7249064E-12
  2.0   15200.00   .7251864E-12
  2.0   15210.00   .7254651E-12
  2.0   15220.00   .7257430E-12
  2.0   15230.00   .7260187E-12
  2.0   15240.00   .7262941E-12
  2.0   15250.00   .7265679E-12
  2.0   15260.00   .7268402E-12
  2.0   15270.00   .7271119E-12
  2.0   15280.00   .7273821E-12
  2.0   15290.00   .7276509E-12
  2.0   15300.00   .7279187E-12
  2.0   15310.00   .7281850E-12
  2.0   15320.00   .7284507E-12
  2.0   15330.00   .7287153E-12
  2.0   15340.00   .7289778E-12
  2.0   15350.00   .7292399E-12
  2.0   15360.00   .7295004E-12
  2.0   15370.00   .7297603E-12
  2.0   15380.00   .7300183E-12
  2.0   15390.00   .7302755E-12
  2.0   15400.00   .7305316E-12
  2.0   15410.00   .7307868E-12
  2.0   15420.00   .7310406E-12
  2.0   15430.00   .7312933E-12
  2.0   15440.00   .7315453E-12
  2.0   15450.00   .7317959E-12
  2.0   15460.00   .7320449E-12
  2.0   15470.00   .7322934E-12
  2.0   15480.00   .7325404E-12
  2.0   15490.00   .7327870E-12
  2.0   15500.00   .7330318E-12
  2.0   15510.00   .7332754E-12
  2.0   15520.00   .7335188E-12
  2.0   15530.00   .7337600E-12
  2.0   15540.00   .7340013E-12
  2.0   15550.00   .7342404E-12
  2.0   15560.00   .7344791E-12
  2.0   15570.00   .7347169E-12
  2.0   15580.00   .7349538E-12
  2.0   15590.00   .7351888E-12
  2.0   15600.00   .7354236E-12
  2.0   15610.00   .7356571E-12
  2.0   15620.00   .7358895E-12
  2.0   15630.00   .7361209E-12
  2.0   15640.00   .7363511E-12
  2.0   15650.00   .7365809E-12
  2.0   15660.00   .7368092E-12
  2.0   15670.00   .7370364E-12
  2.0   15680.00   .7372632E-12
  2.0   15690.00   .7374886E-12
  2.0   15700.00   .7377133E-12
  2.0   15710.00   .7379368E-12
  2.0   15720.00   .7381593E-12
  2.0   15730.00   .7383810E-12
  2.0   15740.00   .7386021E-12
  2.0   15750.00   .7388215E-12
  2.0   15760.00   .7390404E-12
  2.0   15770.00   .7392590E-12
  2.0   15780.00   .7394757E-12
  2.0   15790.00   .7396915E-12
  2.0   15800.00   .7399069E-12
  2.0   15810.00   .7401208E-12
  2.0   15820.00   .7403341E-12
  2.0   15830.00   .7405472E-12
  2.0   15840.00   .7407583E-12
  2.0   15850.00   .7409690E-12
  2.0   15860.00   .7411788E-12
  2.0   15870.00   .7413880E-12
  2.0   15880.00   .7415960E-12
  2.0   15890.00   .7418032E-12
  2.0   15900.00   .7420094E-12
  2.0   15910.00   .7422154E-12
  2.0   15920.00   .7424200E-12
  2.0   15930.00   .7426238E-12
  2.0   15940.00   .7428267E-12
  2.0   15950.00   .7430292E-12
  2.0   15960.00   .7432309E-12
  2.0   15970.00   .7434309E-12
  2.0   15980.00   .7436312E-12
  2.0   15990.00   .7438302E-12
  2.0   16000.00   .7440285E-12
  2.0   16010.00   .7442258E-12
  2.0   16020.00   .7444226E-12
  2.0   16030.00   .7446179E-12
  2.0   16040.00   .7448134E-12
  2.0   16050.00   .7450082E-12
  2.0   16060.00   .7452016E-12
  2.0   16070.00   .7453944E-12
  2.0   16080.00   .7455865E-12
  2.0   16090.00   .7457779E-12
  2.0   16100.00   .7459685E-12
  2.0   16110.00   .7461583E-12
  2.0   16120.00   .7463481E-12
  2.0   16130.00   .7465363E-12
  2.0   16140.00   .7467240E-12
  2.0   16150.00   .7469110E-12
  2.0   16160.00   .7470979E-12
  2.0   16170.00   .7472835E-12
  2.0   16180.00   .7474684E-12
  2.0   16190.00   .7476535E-12
  2.0   16200.00   .7478368E-12
  2.0   16210.00   .7480193E-12
  2.0   16220.00   .7482024E-12
  2.0   16230.00   .7483835E-12
  2.0   16240.00   .7485650E-12
  2.0   16250.00   .7487454E-12
  2.0   16260.00   .7487305E-12
  2.0   16270.00   .7487159E-12
  2.0   16280.00   .7487003E-12
  2.0   16290.00   .7486849E-12
  2.0   16300.00   .7486690E-12
  2.0   16310.00   .7486529E-12
  2.0   16320.00   .7486362E-12
  2.0   16330.00   .7486194E-12
  2.0   16340.00   .7486018E-12
  2.0   16350.00   .7485849E-12
  2.0   16360.00   .7485673E-12
  2.0   16370.00   .7485489E-12
  2.0   16380.00   .7485310E-12
  2.0   16390.00   .7485119E-12
  2.0   16400.00   .7484930E-12
  2.0   16410.00   .7484742E-12
  2.0   16420.00   .7484544E-12
  2.0   16430.00   .7484352E-12
  2.0   16440.00   .7484147E-12
  2.0   16450.00   .7483951E-12
  2.0   16460.00   .7483745E-12
  2.0   16470.00   .7483539E-12
  2.0   16480.00   .7483330E-12
  2.0   16490.00   .7483120E-12
  2.0   16500.00   .7482907E-12
  2.0   16510.00   .7482696E-12
  2.0   16520.00   .7482475E-12
  2.0   16530.00   .7482253E-12
  2.0   16540.00   .7482037E-12
  2.0   16550.00   .7481815E-12
  2.0   16560.00   .7481594E-12
  2.0   16570.00   .7481363E-12
  2.0   16580.00   .7481143E-12
  2.0   16590.00   .7480909E-12
  2.0   16600.00   .7480682E-12
  2.0   16610.00   .7480452E-12
  2.0   16620.00   .7480219E-12
  2.0   16630.00   .7479985E-12
  2.0   16640.00   .7479749E-12
  2.0   16650.00   .7479511E-12
  2.0   16660.00   .7479274E-12
  2.0   16670.00   .7479033E-12
  2.0   16680.00   .7478800E-12
  2.0   16690.00   .7478557E-12
  2.0   16700.00   .7478315E-12
  2.0   16710.00   .7478073E-12
  2.0   16720.00   .7477832E-12
  2.0   16730.00   .7477589E-12
  2.0   16740.00   .7477346E-12
  2.0   16750.00   .7477099E-12
  2.0   16760.00   .7476855E-12
  2.0   16770.00   .7476611E-12
  2.0   16780.00   .7476364E-12
  2.0   16790.00   .7476120E-12
  2.0   16800.00   .7475872E-12
  2.0   16810.00   .7475631E-12
  2.0   16820.00   .7475384E-12
  2.0   16830.00   .7475135E-12
  2.0   16840.00   .7474889E-12
  2.0   16850.00   .7474640E-12
  2.0   16860.00   .7474399E-12
  2.0   16870.00   .7474147E-12
  2.0   16880.00   .7473899E-12
  2.0   16890.00   .7473656E-12
  2.0   16900.00   .7473409E-12
  2.0   16910.00   .7473163E-12
  2.0   16920.00   .7472911E-12
  2.0   16930.00   .7472667E-12
  2.0   16940.00   .7472414E-12
  2.0   16950.00   .7472168E-12
  2.0   16960.00   .7471921E-12
  2.0   16970.00   .7471671E-12
  2.0   16980.00   .7471419E-12
  2.0   16990.00   .7471169E-12
  2.0   17000.00   .7470921E-12
  2.0   17010.00   .7470673E-12
  2.0   17020.00   .7470423E-12
  2.0   17030.00   .7470171E-12
  2.0   17040.00   .7469925E-12
  2.0   17050.00   .7469670E-12
  2.0   17060.00   .7469422E-12
  2.0   17070.00   .7469172E-12
  2.0   17080.00   .7468923E-12
  2.0   17090.00   .7468672E-12
  2.0   17100.00   .7468418E-12
  2.0   17110.00   .7468170E-12
  2.0   17120.00   .7467914E-12
  2.0   17130.00   .7467667E-12
  2.0   17140.00   .7467413E-12
  2.0   17150.00   .7467159E-12
  2.0   17160.00   .7466908E-12
  2.0   17170.00   .7466651E-12
  2.0   17180.00   .7466398E-12
  2.0   17190.00   .7466143E-12
  2.0   17200.00   .7465890E-12
  2.0   17210.00   .7465631E-12
  2.0   17220.00   .7465379E-12
  2.0   17230.00   .7465122E-12
  2.0   17240.00   .7464865E-12
  2.0   17250.00   .7464617E-12
  2.0   17260.00   .7464358E-12
  2.0   17270.00   .7464100E-12
  2.0   17280.00   .7463846E-12
  2.0   17290.00   .7463590E-12
  2.0   17300.00   .7463337E-12
  2.0   17310.00   .7463081E-12
  2.0   17320.00   .7462818E-12
  2.0   17330.00   .7462557E-12
  2.0   17340.00   .7462306E-12
  2.0   17350.00   .7462047E-12
  2.0   17360.00   .7461787E-12
  2.0   17370.00   .7461529E-12
  2.0   17380.00   .7461268E-12
  2.0   17390.00   .7461010E-12
  2.0   17400.00   .7460749E-12
  2.0   17410.00   .7460486E-12
  2.0   17420.00   .7460225E-12
  2.0   17430.00   .7459966E-12
  2.0   17440.00   .7459703E-12
  2.0   17450.00   .7459435E-12
  2.0   17460.00   .7459181E-12
  2.0   17470.00   .7458918E-12
  2.0   17480.00   .7458652E-12
  2.0   17490.00   .7458392E-12
  2.0   17500.00   .7458132E-12
  2.0   17510.00   .7457862E-12
  2.0   17520.00   .7457598E-12
  2.0   17530.00   .7457334E-12
  2.0   17540.00   .7457073E-12
  2.0   17550.00   .7456799E-12
  2.0   17560.00   .7456532E-12
  2.0   17570.00   .7456262E-12
  2.0   17580.00   .7455999E-12
  2.0   17590.00   .7455731E-12
  2.0   17600.00   .7455468E-12
  2.0   17610.00   .7455191E-12
  2.0   17620.00   .7454928E-12
  2.0   17630.00   .7454653E-12
  2.0   17640.00   .7454388E-12
  2.0   17650.00   .7454116E-12
  2.0   17660.00   .7453847E-12
  2.0   17670.00   .7453570E-12
  2.0   17680.00   .7453304E-12
  2.0   17690.00   .7453026E-12
  2.0   17700.00   .7452756E-12
  2.0   17710.00   .7452481E-12
  2.0   17720.00   .7452206E-12
  2.0   17730.00   .7451936E-12
  2.0   17740.00   .7451660E-12
  2.0   17750.00   .7451384E-12
  2.0   17760.00   .7451105E-12
  2.0   17770.00   .7450840E-12
  2.0   17780.00   .7450563E-12
  2.0   17790.00   .7450276E-12
  2.0   17800.00   .7450005E-12
  2.0   17810.00   .7449726E-12
  2.0   17820.00   .7449446E-12
  2.0   17830.00   .7449169E-12
  2.0   17840.00   .7448885E-12
  2.0   17850.00   .7448611E-12
  2.0   17860.00   .7448328E-12
  2.0   17870.00   .7448045E-12
  2.0   17880.00   .7447763E-12
  2.0   17890.00   .7447485E-12
  2.0   17900.00   .7447197E-12
  2.0   17910.00   .7446917E-12
  2.0   17920.00   .7446624E-12
  2.0   17930.00   .7446346E-12
  2.0   17940.00   .7446057E-12
  2.0   17950.00   .7445773E-12
  2.0   17960.00   .7445490E-12
  2.0   17970.00   .7445197E-12
  2.0   17980.00   .7444914E-12
  2.0   17990.00   .7444630E-12
  2.0   18000.00   .7444338E-12
  2.0   18010.00   .7423006E-12
  2.0   18020.00   .7401673E-12
  2.0   18030.00   .7380345E-12
  2.0   18040.00   .7359013E-12
  2.0   18050.00   .7337688E-12
  2.0   18060.00   .7316360E-12
  2.0   18070.00   .7295037E-12
  2.0   18080.00   .7273712E-12
  2.0   18090.00   .7252391E-12
  2.0   18100.00   .7231060E-12
  2.0   18110.00   .7209742E-12
  2.0   18120.00   .7188424E-12
  2.0   18130.00   .7167107E-12
  2.0   18140.00   .7145788E-12
  2.0   18150.00   .7124470E-12
  2.0   18160.00   .7103148E-12
  2.0   18170.00   .7081838E-12
  2.0   18180.00   .7060520E-12
  2.0   18190.00   .7039211E-12
  2.0   18200.00   .7017898E-12
  2.0   18210.00   .6996586E-12
  2.0   18220.00   .6975281E-12
  2.0   18230.00   .6953970E-12
  2.0   18240.00   .6932657E-12
  2.0   18250.00   .6911352E-12
  2.0   18260.00   .6890047E-12
  2.0   18270.00   .6868744E-12
  2.0   18280.00   .6847438E-12
  2.0   18290.00   .6826133E-12
  2.0   18300.00   .6804833E-12
  2.0   18310.00   .6783537E-12
  2.0   18320.00   .6762236E-12
  2.0   18330.00   .6740935E-12
  2.0   18340.00   .6719643E-12
  2.0   18350.00   .6698344E-12
  2.0   18360.00   .6677054E-12
  2.0   18370.00   .6655758E-12
  2.0   18380.00   .6634466E-12
  2.0   18390.00   .6613172E-12
  2.0   18400.00   .6591882E-12
  2.0   18410.00   .6570599E-12
  2.0   18420.00   .6549306E-12
  2.0   18430.00   .6528021E-12
  2.0   18440.00   .6506732E-12
  2.0   18450.00   .6485445E-12
  2.0   18460.00   .6464166E-12
  2.0   18470.00   .6442883E-12
  2.0   18480.00   .6421602E-12
  2.0   18490.00   .6400324E-12
  2.0   18500.00   .6379044E-12
  2.0   18510.00   .6357766E-12
  2.0   18520.00   .6336488E-12
  2.0   18530.00   .6315214E-12
  2.0   18540.00   .6293939E-12
  2.0   18550.00   .6272667E-12
  2.0   18560.00   .6251396E-12
  2.0   18570.00   .6230124E-12
  2.0   18580.00   .6208855E-12
  2.0   18590.00   .6187585E-12
  2.0   18600.00   .6166316E-12
  2.0   18610.00   .6145049E-12
  2.0   18620.00   .6123785E-12
  2.0   18630.00   .6102523E-12
  2.0   18640.00   .6081259E-12
  2.0   18650.00   .6060002E-12
  2.0   18660.00   .6038736E-12
  2.0   18670.00   .6017479E-12
  2.0   18680.00   .5996219E-12
  2.0   18690.00   .5974964E-12
  2.0   18700.00   .5953707E-12
  2.0   18710.00   .5932452E-12
  2.0   18720.00   .5911201E-12
  2.0   18730.00   .5889949E-12
  2.0   18740.00   .5868696E-12
  2.0   18750.00   .5847448E-12
  2.0   18760.00   .5826200E-12
  2.0   18770.00   .5804955E-12
  2.0   18780.00   .5783707E-12
  2.0   18790.00   .5762465E-12
  2.0   18800.00   .5741223E-12
  2.0   18810.00   .5719979E-12
  2.0   18820.00   .5698739E-12
  2.0   18830.00   .5677500E-12
  2.0   18840.00   .5656262E-12
  2.0   18850.00   .5635024E-12
  2.0   18860.00   .5613789E-12
  2.0   18870.00   .5592553E-12
  2.0   18880.00   .5571322E-12
  2.0   18890.00   .5550090E-12
  2.0   18900.00   .5528861E-12
  2.0   18910.00   .5507635E-12
  2.0   18920.00   .5486408E-12
  2.0   18930.00   .5465174E-12
  2.0   18940.00   .5443952E-12
  2.0   18950.00   .5422728E-12
  2.0   18960.00   .5401509E-12
  2.0   18970.00   .5380280E-12
  2.0   18980.00   .5359067E-12
  2.0   18990.00   .5337845E-12
  2.0   19000.00   .5316632E-12
  2.0   19010.00   .5295414E-12
  2.0   19020.00   .5274204E-12
  2.0   19030.00   .5252990E-12
  2.0   19040.00   .5231776E-12
  2.0   19050.00   .5210567E-12
  2.0   19060.00   .5189357E-12
  2.0   19070.00   .5168152E-12
  2.0   19080.00   .5146949E-12
  2.0   19090.00   .5125742E-12
  2.0   19100.00   .5104540E-12
  2.0   19110.00   .5083337E-12
  2.0   19120.00   .5062136E-12
  2.0   19130.00   .5040938E-12
  2.0   19140.00   .5019741E-12
  2.0   19150.00   .4998546E-12
  2.0   19160.00   .4977352E-12
  2.0   19170.00   .4956158E-12
  2.0   19180.00   .4934966E-12
  2.0   19190.00   .4913779E-12
  2.0   19200.00   .4892589E-12
  2.0   19210.00   .4871405E-12
  2.0   19220.00   .4850218E-12
  2.0   19230.00   .4829034E-12
  2.0   19240.00   .4807854E-12
  2.0   19250.00   .4786672E-12
  2.0   19260.00   .4765494E-12
  2.0   19270.00   .4744312E-12
  2.0   19280.00   .4723140E-12
  2.0   19290.00   .4701965E-12
  2.0   19300.00   .4680790E-12
  2.0   19310.00   .4659617E-12
  2.0   19320.00   .4638451E-12
  2.0   19330.00   .4617282E-12
  2.0   19340.00   .4596116E-12
  2.0   19350.00   .4574950E-12
  2.0   19360.00   .4553788E-12
  2.0   19370.00   .4532623E-12
  2.0   19380.00   .4511461E-12
  2.0   19390.00   .4490305E-12
  2.0   19400.00   .4469144E-12
  2.0   19410.00   .4447992E-12
  2.0   19420.00   .4426838E-12
  2.0   19430.00   .4405690E-12
  2.0   19440.00   .4384537E-12
  2.0   19450.00   .4363387E-12
  2.0   19460.00   .4342239E-12
  2.0   19470.00   .4321096E-12
  2.0   19480.00   .4299949E-12
  2.0   19490.00   .4278806E-12
  2.0   19500.00   .4257669E-12
  2.0   19510.00   .4236528E-12
  2.0   19520.00   .4215390E-12
  2.0   19530.00   .4194257E-12
  2.0   19540.00   .4173122E-12
  2.0   19550.00   .4151992E-12
  2.0   19560.00   .4130863E-12
  2.0   19570.00   .4109733E-12
  2.0   19580.00   .4088609E-12
  2.0   19590.00   .4067480E-12
  2.0   19600.00   .4046363E-12
  2.0   19610.00   .4025240E-12
  2.0   19620.00   .4004119E-12
  2.0   19630.00   .3983001E-12
  2.0   19640.00   .3961886E-12
  2.0   19650.00   .3940771E-12
  2.0   19660.00   .3919663E-12
  2.0   19670.00   .3898550E-12
  2.0   19680.00   .3877443E-12
  2.0   19690.00   .3856338E-12
  2.0   19700.00   .3835236E-12
  2.0   19710.00   .3814130E-12
  2.0   19720.00   .3793034E-12
  2.0   19730.00   .3771938E-12
  2.0   19740.00   .3750841E-12
  2.0   19750.00   .3729747E-12
  2.0   19760.00   .3708658E-12
  2.0   19770.00   .3687569E-12
  2.0   19780.00   .3666482E-12
  2.0   19790.00   .3645399E-12
  2.0   19800.00   .3624316E-12
  2.0   19810.00   .3603239E-12
  2.0   19820.00   .3582159E-12
  2.0   19830.00   .3561086E-12
  2.0   19840.00   .3540013E-12
  2.0   19850.00   .3518943E-12
  2.0   19860.00   .3497876E-12
  2.0   19870.00   .3476808E-12
  2.0   19880.00   .3455747E-12
  2.0   19890.00   .3434687E-12
  2.0   19900.00   .3413625E-12
  2.0   19910.00   .3392570E-12
  2.0   19920.00   .3371520E-12
  2.0   19930.00   .3350468E-12
  2.0   19940.00   .3329421E-12
  2.0   19950.00   .3308374E-12
  2.0   19960.00   .3287329E-12
  2.0   19970.00   .3266290E-12
  2.0   19980.00   .3245252E-12
  2.0   19990.00   .3224216E-12
  2.0   20000.00   .3203183E-12
  2.0   20010.00   .3182153E-12
  2.0   20020.00   .3161128E-12
  2.0   20030.00   .3140098E-12
  2.0   20040.00   .3119077E-12
  2.0   20050.00   .3098059E-12
  2.0   20060.00   .3077041E-12
  2.0   20070.00   .3056027E-12
  2.0   20080.00   .3035016E-12
  2.0   20090.00   .3014006E-12
  2.0   20100.00   .2993002E-12
  2.0   20110.00   .2992815E-12
  2.0   20120.00   .2992633E-12
  2.0   20130.00   .2992444E-12
  2.0   20140.00   .2992258E-12
  2.0   20150.00   .2992077E-12
  2.0   20160.00   .2991890E-12
  2.0   20170.00   .2991707E-12
  2.0   20180.00   .2991520E-12
  2.0   20190.00   .2991336E-12
  2.0   20200.00   .2991153E-12
  2.0   20210.00   .2990968E-12
  2.0   20220.00   .2990787E-12
  2.0   20230.00   .2990603E-12
  2.0   20240.00   .2990421E-12
  2.0   20250.00   .2990239E-12
  2.0   20260.00   .2990056E-12
  2.0   20270.00   .2989876E-12
  2.0   20280.00   .2989694E-12
  2.0   20290.00   .2989510E-12
  2.0   20300.00   .2989332E-12
  2.0   20310.00   .2989150E-12
  2.0   20320.00   .2988973E-12
  2.0   20330.00   .2988794E-12
  2.0   20340.00   .2988613E-12
  2.0   20350.00   .2988436E-12
  2.0   20360.00   .2988257E-12
  2.0   20370.00   .2988081E-12
  2.0   20380.00   .2987904E-12
  2.0   20390.00   .2987724E-12
  2.0   20400.00   .2987550E-12
  2.0   20410.00   .2987373E-12
  2.0   20420.00   .2987198E-12
  2.0   20430.00   .2987025E-12
  2.0   20440.00   .2986851E-12
  2.0   20450.00   .2986679E-12
  2.0   20460.00   .2986503E-12
  2.0   20470.00   .2986332E-12
  2.0   20480.00   .2986161E-12
  2.0   20490.00   .2985989E-12
  2.0   20500.00   .2985819E-12
  2.0   20510.00   .2985649E-12
  2.0   20520.00   .2985481E-12
  2.0   20530.00   .2985313E-12
  2.0   20540.00   .2985142E-12
  2.0   20550.00   .2984975E-12
  2.0   20560.00   .2984811E-12
  2.0   20570.00   .2984643E-12
  2.0   20580.00   .2984480E-12
  2.0   20590.00   .2984317E-12
  2.0   20600.00   .2984153E-12
  2.0   20610.00   .2983989E-12
  2.0   20620.00   .2983829E-12
  2.0   20630.00   .2983666E-12
  2.0   20640.00   .2983507E-12
  2.0   20650.00   .2983347E-12
  2.0   20660.00   .2983188E-12
  2.0   20670.00   .2983030E-12
  2.0   20680.00   .2982873E-12
  2.0   20690.00   .2982717E-12
  2.0   20700.00   .2982560E-12
  2.0   20710.00   .2982407E-12
  2.0   20720.00   .2982255E-12
  2.0   20730.00   .2982101E-12
  2.0   20740.00   .2981949E-12
  2.0   20750.00   .2981799E-12
  2.0   20760.00   .2981648E-12
  2.0   20770.00   .2981500E-12
  2.0   20780.00   .2981349E-12
  2.0   20790.00   .2981206E-12
  2.0   20800.00   .2981060E-12
  2.0   20810.00   .2980913E-12
  2.0   20820.00   .2980770E-12
  2.0   20830.00   .2980627E-12
  2.0   20840.00   .2980484E-12
  2.0   20850.00   .2980348E-12
  2.0   20860.00   .2980205E-12
  2.0   20870.00   .2980067E-12
  2.0   20880.00   .2979931E-12
  2.0   20890.00   .2979793E-12
  2.0   20900.00   .2979658E-12
  2.0   20910.00   .2979523E-12
  2.0   20920.00   .2979390E-12
  2.0   20930.00   .2979257E-12
  2.0   20940.00   .2979127E-12
  2.0   20950.00   .2978996E-12
  2.0   20960.00   .2978869E-12
  2.0   20970.00   .2978743E-12
  2.0   20980.00   .2978619E-12
  2.0   20990.00   .2978492E-12
  2.0   21000.00   .2978371E-12
  2.0   21010.00   .2978247E-12
  2.0   21020.00   .2978127E-12
  2.0   21030.00   .2978005E-12
  2.0   21040.00   .2977888E-12
  2.0   21050.00   .2977772E-12
  2.0   21060.00   .2977654E-12
  2.0   21070.00   .2977541E-12
  2.0   21080.00   .2977429E-12
  2.0   21090.00   .2977316E-12
  2.0   21100.00   .2977205E-12
  2.0   21110.00   .2977098E-12
  2.0   21120.00   .2976990E-12
  2.0   21130.00   .2976884E-12
  2.0   21140.00   .2976776E-12
  2.0   21150.00   .2976676E-12
  2.0   21160.00   .2976571E-12
  2.0   21170.00   .2976474E-12
  2.0   21180.00   .2976374E-12
  2.0   21190.00   .2976277E-12
  2.0   21200.00   .2976181E-12
  2.0   21210.00   .2976085E-12
  2.0   21220.00   .2975993E-12
  2.0   21230.00   .2975903E-12
  2.0   21240.00   .2975813E-12
  2.0   21250.00   .2975725E-12
  2.0   21260.00   .2975636E-12
  2.0   21270.00   .2975551E-12
  2.0   21280.00   .2975468E-12
  2.0   21290.00   .2975386E-12
  2.0   21300.00   .2975303E-12
  2.0   21310.00   .2975226E-12
  2.0   21320.00   .2975147E-12
  2.0   21330.00   .2975074E-12
  2.0   21340.00   .2974998E-12
  2.0   21350.00   .2974928E-12
  2.0   21360.00   .2974858E-12
  2.0   21370.00   .2974788E-12
  2.0   21380.00   .2974718E-12
  2.0   21390.00   .2974654E-12
  2.0   21400.00   .2974591E-12
  2.0   21410.00   .2974528E-12
  2.0   21420.00   .2974469E-12
  2.0   21430.00   .2974411E-12
  2.0   21440.00   .2974356E-12
  2.0   21450.00   .2974299E-12
  2.0   21460.00   .2974247E-12
  2.0   21470.00   .2974196E-12
  2.0   21480.00   .2974146E-12
  2.0   21490.00   .2974099E-12
  2.0   21500.00   .2974054E-12
  2.0   21510.00   .2974009E-12
  2.0   21520.00   .2973968E-12
  2.0   21530.00   .2973927E-12
  2.0   21540.00   .2973891E-12
  2.0   21550.00   .2973852E-12
  2.0   21560.00   .2973817E-12
  2.0   21570.00   .2973788E-12
  2.0   21580.00   .2973757E-12
  2.0   21590.00   .2973728E-12
  2.0   21600.00   .2973701E-12
  2.0   21610.00   .2973677E-12
  2.0   21620.00   .2973654E-12
  2.0   21630.00   .2973634E-12
  2.0   21640.00   .2973614E-12
  2.0   21650.00   .2973597E-12
  2.0   21660.00   .2973586E-12
  2.0   21670.00   .2973574E-12
  2.0   21680.00   .2973561E-12
  2.0   21690.00   .2973556E-12
  2.0   21700.00   .2973548E-12
  2.0   21710.00   .2973545E-12
  2.0   21720.00   .2973544E-12
  2.0   21730.00   .2973544E-12
  2.0   21740.00   .2973545E-12
  2.0   21750.00   .2973551E-12
  2.0   21760.00   .2973557E-12
  2.0   21770.00   .2973567E-12
  2.0   21780.00   .2973577E-12
  2.0   21790.00   .2973593E-12
  2.0   21800.00   .2973608E-12
  2.0   21810.00   .2973627E-12
  2.0   21820.00   .2973647E-12
  2.0   21830.00   .2973669E-12
  2.0   21840.00   .2973695E-12
  2.0   21850.00   .2973719E-12
  2.0   21860.00   .2973748E-12
  2.0   21870.00   .2973782E-12
  2.0   21880.00   .2973817E-12
  2.0   21890.00   .2973852E-12
  2.0   21900.00   .2973894E-12
  2.0   21910.00   .2973932E-12
  2.0   21920.00   .2973975E-12
  2.0   21930.00   .2974021E-12
  2.0   21940.00   .2974070E-12
  2.0   21950.00   .2974118E-12
  2.0   21960.00   .2974172E-12
  2.0   21970.00   .2974229E-12
  2.0   21980.00   .2974287E-12
  2.0   21990.00   .2974346E-12
  2.0   22000.00   .2974413E-12
  2.0   22010.00   .2974475E-12
  2.0   22020.00   .2974544E-12
  2.0   22030.00   .2974616E-12
  2.0   22040.00   .2974687E-12
  2.0   22050.00   .2974762E-12
  2.0   22060.00   .2974841E-12
  2.0   22070.00   .2974920E-12
  2.0   22080.00   .2975005E-12
  2.0   22090.00   .2975092E-12
  2.0   22100.00   .2975177E-12
  2.0   22110.00   .2975267E-12
  2.0   22120.00   .2975365E-12
  2.0   22130.00   .2975458E-12
  2.0   22140.00   .2975558E-12
  2.0   22150.00   .2975661E-12
  2.0   22160.00   .2975767E-12
  2.0   22170.00   .2975871E-12
  2.0   22180.00   .2975981E-12
  2.0   22190.00   .2976096E-12
  2.0   22200.00   .2976207E-12
  2.0   22210.00   .2976326E-12
  2.0   22220.00   .2976449E-12
  2.0   22230.00   .2976572E-12
  2.0   22240.00   .2976696E-12
  2.0   22250.00   .2976826E-12
  2.0   22260.00   .2976959E-12
  2.0   22270.00   .2977093E-12
  2.0   22280.00   .2977227E-12
  2.0   22290.00   .2977370E-12
  2.0   22300.00   .2977514E-12
  2.0   22310.00   .2977658E-12
  2.0   22320.00   .2977806E-12
  2.0   22330.00   .2977958E-12
  2.0   22340.00   .2978115E-12
  2.0   22350.00   .2978272E-12
  2.0   22360.00   .2978432E-12
  2.0   22370.00   .2978596E-12
  2.0   22380.00   .2978761E-12
  2.0   22390.00   .2978932E-12
  2.0   22400.00   .2979103E-12
  2.0   22410.00   .2979279E-12
  2.0   22420.00   .2979456E-12
  2.0   22430.00   .2979640E-12
  2.0   22440.00   .2979818E-12
  2.0   22450.00   .2980008E-12
  2.0   22460.00   .2980198E-12
  2.0   22470.00   .2980391E-12
  2.0   22480.00   .2980587E-12
  2.0   22490.00   .2980782E-12
  2.0   22500.00   .2980982E-12
  2.0   22510.00   .2981189E-12
  2.0   22520.00   .2981397E-12
  2.0   22530.00   .2981605E-12
  2.0   22540.00   .2981814E-12
  2.0   22550.00   .2982034E-12
  2.0   22560.00   .2982250E-12
  2.0   22570.00   .2982472E-12
  2.0   22580.00   .2982695E-12
  2.0   22590.00   .2982920E-12
  2.0   22600.00   .2983149E-12
  2.0   22610.00   .2983383E-12
  2.0   22620.00   .2983614E-12
  2.0   22630.00   .2983852E-12
  2.0   22640.00   .2984091E-12
  2.0   22650.00   .2984336E-12
  2.0   22660.00   .2984576E-12
  2.0   22670.00   .2984827E-12
  2.0   22680.00   .2985077E-12
  2.0   22690.00   .2985329E-12
  2.0   22700.00   .2985583E-12
  2.0   22710.00   .2985841E-12
  2.0   22720.00   .2986103E-12
  2.0   22730.00   .2986367E-12
  2.0   22740.00   .2986633E-12
  2.0   22750.00   .2986900E-12
  2.0   22760.00   .2987172E-12
  2.0   22770.00   .2987443E-12
  2.0   22780.00   .2987720E-12
  2.0   22790.00   .2987999E-12
  2.0   22800.00   .2988279E-12
  2.0   22810.00   .2988564E-12
  2.0   22820.00   .2988849E-12
  2.0   22830.00   .2989138E-12
  2.0   22840.00   .2989430E-12
  2.0   22850.00   .2989723E-12
  2.0   22860.00   .2990018E-12
  2.0   22870.00   .2990316E-12
  2.0   22880.00   .2990616E-12
  2.0   22890.00   .2990918E-12
  2.0   22900.00   .2991226E-12
  2.0   22910.00   .2991536E-12
  2.0   22920.00   .2991844E-12
  2.0   22930.00   .2992157E-12
  2.0   22940.00   .2992469E-12
  2.0   22950.00   .2992790E-12
  2.0   22960.00   .2993111E-12
  2.0   22970.00   .2993431E-12
  2.0   22980.00   .2993757E-12
  2.0   22990.00   .2994080E-12
  2.0   23000.00   .2994408E-12
  2.0   23010.00   .2994742E-12
  2.0   23020.00   .2995075E-12
  2.0   23030.00   .2995413E-12
  2.0   23040.00   .2995750E-12
  2.0   23050.00   .2996089E-12
  2.0   23060.00   .2996432E-12
  2.0   23070.00   .2996776E-12
  2.0   23080.00   .2997124E-12
  2.0   23090.00   .2997471E-12
  2.0   23100.00   .2997823E-12
  2.0   23110.00   .2998178E-12
  2.0   23120.00   .2998533E-12
  2.0   23130.00   .2998890E-12
  2.0   23140.00   .2999250E-12
  2.0   23150.00   .2999614E-12
  2.0   23160.00   .2999976E-12
  2.0   23170.00   .3000342E-12
  2.0   23180.00   .3000710E-12
  2.0   23190.00   .3001082E-12
  2.0   23200.00   .3001454E-12
  2.0   23210.00   .3001831E-12
  2.0   23220.00   .3002206E-12
  2.0   23230.00   .3002586E-12
  2.0   23240.00   .3002965E-12
  2.0   23250.00   .3003350E-12
  2.0   23260.00   .3003736E-12
  2.0   23270.00   .3004121E-12
  2.0   23280.00   .3004511E-12
  2.0   23290.00   .3004900E-12
  2.0   23300.00   .3005292E-12
  2.0   23310.00   .3005688E-12
  2.0   23320.00   .3006086E-12
  2.0   23330.00   .3006482E-12
  2.0   23340.00   .3006886E-12
  2.0   23350.00   .3007288E-12
  2.0   23360.00   .3007691E-12
  2.0   23370.00   .3008097E-12
  2.0   23380.00   .3008505E-12
  2.0   23390.00   .3008916E-12
  2.0   23400.00   .3009329E-12
  2.0   23410.00   .3009741E-12
  2.0   23420.00   .3010158E-12
  2.0   23430.00   .3010577E-12
  2.0   23440.00   .3010996E-12
  2.0   23450.00   .3011418E-12
  2.0   23460.00   .3011840E-12
  2.0   23470.00   .3012266E-12
  2.0   23480.00   .3012690E-12
  2.0   23490.00   .3013118E-12
  2.0   23500.00   .3013550E-12
  2.0   23510.00   .3013981E-12
  2.0   23520.00   .3014413E-12
  2.0   23530.00   .3014852E-12
  2.0   23540.00   .3015287E-12
  2.0   23550.00   .3015727E-12
  2.0   23560.00   .3016165E-12
  2.0   23570.00   .3016608E-12
  2.0   23580.00   .3017054E-12
  2.0   23590.00   .3017500E-12
  2.0   23600.00   .3017945E-12
  2.0   23610.00   .3018395E-12
  2.0   23620.00   .3018846E-12
  2.0   23630.00   .3019295E-12
  2.0   23640.00   .3019750E-12
  2.0   23650.00   .3020205E-12
  2.0   23660.00   .3020663E-12
  2.0   23670.00   .3021121E-12
  2.0   23680.00   .3021581E-12
  2.0   23690.00   .3022043E-12
  2.0   23700.00   .3022507E-12
  2.0   23710.00   .3022973E-12
  2.0   23720.00   .3023438E-12
  2.0   23730.00   .3023906E-12
  2.0   23740.00   .3024372E-12
  2.0   23750.00   .3024845E-12
  2.0   23760.00   .3025315E-12
  2.0   23770.00   .3025790E-12
  2.0   23780.00   .3026265E-12
  2.0   23790.00   .3026740E-12
  2.0   23800.00   .3027223E-12
  2.0   23810.00   .3027699E-12
  2.0   23820.00   .3028181E-12
  2.0   23830.00   .3028664E-12
  2.0   23840.00   .3029147E-12
  2.0   23850.00   .3029632E-12
  2.0   23860.00   .3030117E-12
  2.0   23870.00   .3030606E-12
  2.0   23880.00   .3031097E-12
  2.0   23890.00   .3031586E-12
  2.0   23900.00   .3032076E-12
  2.0   23910.00   .3032571E-12
  2.0   23920.00   .3033064E-12
  2.0   23930.00   .3033562E-12
  2.0   23940.00   .3034057E-12
  2.0   23950.00   .3034558E-12
  2.0   23960.00   .3035055E-12
  2.0   23970.00   .3035557E-12
  2.0   23980.00   .3036056E-12
  2.0   23990.00   .3036564E-12
  2.0   24000.00   .3037067E-12
  2.0   24010.00   .3037572E-12
  2.0   24020.00   .3038079E-12
  2.0   24030.00   .3038589E-12
  2.0   24040.00   .3039098E-12
  2.0   24050.00   .3039607E-12
  2.0   24060.00   .3040119E-12
  2.0   24070.00   .3040630E-12
  2.0   24080.00   .3041146E-12
  2.0   24090.00   .3041661E-12
  2.0   24100.00   .3042178E-12
  2.0   24110.00   .3042696E-12
  2.0   24120.00   .3043212E-12
  2.0   24130.00   .3043732E-12
  2.0   24140.00   .3044253E-12
  2.0   24150.00   .3044776E-12
  2.0   24160.00   .3045299E-12
  2.0   24170.00   .3045822E-12
  2.0   24180.00   .3046345E-12
  2.0   24190.00   .3046875E-12
  2.0   24200.00   .3047400E-12
  2.0   24210.00   .3047929E-12
  2.0   24220.00   .3048456E-12
  2.0   24230.00   .3048985E-12
  2.0   24240.00   .3049517E-12
  2.0   24250.00   .3050048E-12
  2.0   24260.00   .3050582E-12
  2.0   24270.00   .3051114E-12
  2.0   24280.00   .3051650E-12
  2.0   24290.00   .3052186E-12
  2.0   24300.00   .3052722E-12
  2.0   24310.00   .3053256E-12
  2.0   24320.00   .3053796E-12
  2.0   24330.00   .3054334E-12
  2.0   24340.00   .3054873E-12
  2.0   24350.00   .3055415E-12
  2.0   24360.00   .3055956E-12
  2.0   24370.00   .3056498E-12
  2.0   24380.00   .3057040E-12
  2.0   24390.00   .3057586E-12
  2.0   24400.00   .3058131E-12
  2.0   24410.00   .3058677E-12
  2.0   24420.00   .3059221E-12
  2.0   24430.00   .3059770E-12
  2.0   24440.00   .3060318E-12
  2.0   24450.00   .3060865E-12
  2.0   24460.00   .3061417E-12
  2.0   24470.00   .3061965E-12
  2.0   24480.00   .3062515E-12
  2.0   24490.00   .3063065E-12
  2.0   24500.00   .3063618E-12
  2.0   24510.00   .3064172E-12
  2.0   24520.00   .3064726E-12
  2.0   24530.00   .3065278E-12
  2.0   24540.00   .3065832E-12
  2.0   24550.00   .3066387E-12
  2.0   24560.00   .3066943E-12
  2.0   24570.00   .3067501E-12
  2.0   24580.00   .3068056E-12
  2.0   24590.00   .3068616E-12
  2.0   24600.00   .3069172E-12
  2.0   24610.00   .3069731E-12
  2.0   24620.00   .3070291E-12
  2.0   24630.00   .3070850E-12
  2.0   24640.00   .3071410E-12
  2.0   24650.00   .3071970E-12
  2.0   24660.00   .3072532E-12
  2.0   24670.00   .3073095E-12
  2.0   24680.00   .3073658E-12
  2.0   24690.00   .3074218E-12
  2.0   24700.00   .3074781E-12
  2.0   24710.00   .3075347E-12
  2.0   24720.00   .3075911E-12
  2.0   24730.00   .3076476E-12
  2.0   24740.00   .3077042E-12
  2.0   24750.00   .3077603E-12
  2.0   24760.00   .3078172E-12
  2.0   24770.00   .3078738E-12
  2.0   24780.00   .3079304E-12
  2.0   24790.00   .3079869E-12
  2.0   24800.00   .3080435E-12
  2.0   24810.00   .3081004E-12
  2.0   24820.00   .3081571E-12
  2.0   24830.00   .3082140E-12
  2.0   24840.00   .3082706E-12
  2.0   24850.00   .3083275E-12
  2.0   24860.00   .3083847E-12
  2.0   24870.00   .3084417E-12
  2.0   24880.00   .3084984E-12
  2.0   24890.00   .3085555E-12
  2.0   24900.00   .3086122E-12
  2.0   24910.00   .3086695E-12
  2.0   24920.00   .3087263E-12
  2.0   24930.00   .3087835E-12
  2.0   24940.00   .3088406E-12
  2.0   24950.00   .3088977E-12
  2.0   24960.00   .3089548E-12
  2.0   24970.00   .3090119E-12
  2.0   24980.00   .3090689E-12
  2.0   24990.00   .3091261E-12
  2.0   25000.00   .3091836E-12
