100 .9880275E-14
101 .3767335E-13
102 .1006404E-12
103 .2210000E-12
104 .4273168E-12
105 .7546264E-12
106 .1244251E-11
107 .1943266E-11
108 .2903608E-11
109 .4180833E-11
110 .5832507E-11
111 .7916281E-11
112 .1048767E-10
113 .1359759E-10
114 .1728977E-10
115 .2159797E-10
116 .2654336E-10
117 .3213180E-10
118 .3835152E-10
119 .4517097E-10
120 .5253722E-10
121 .6037483E-10
122 .6858520E-10
123 .7704712E-10
124 .8561778E-10
125 .9413439E-10
126 .1024352E-09
127 .1104236E-09
128 .1180369E-09
129 .1252314E-09
130 .1319833E-09
131 .1382883E-09
132 .1441612E-09
133 .1496345E-09
134 .1547578E-09
135 .1595951E-09
136 .1642250E-09
137 .1687378E-09
138 .1732336E-09
139 .1777604E-09
140 .1823081E-09
141 .1868620E-09
142 .1914070E-09
143 .1959273E-09
144 .2004065E-09
145 .2048284E-09
146 .2091770E-09
147 .2134367E-09
148 .2175928E-09
149 .2216309E-09
150 .2255379E-09
151 .2293041E-09
152 .2329334E-09
153 .2364333E-09
154 .2398117E-09
155 .2430765E-09
156 .2462363E-09
157 .2492994E-09
158 .2522748E-09
159 .2551717E-09
160 .2579992E-09
161 .2607671E-09
162 .2634853E-09
163 .2661637E-09
164 .2688131E-09
165 .2714440E-09
166 .2740675E-09
167 .2766953E-09
168 .2793391E-09
169 .2820114E-09
170 .2847249E-09
171 .2874929E-09
172 .2903292E-09
173 .2932484E-09
174 .2962655E-09
175 .2993964E-09
176 .3026542E-09
177 .3060400E-09
178 .3095513E-09
179 .3131856E-09
180 .3169401E-09
181 .3208116E-09
182 .3247970E-09
183 .3288927E-09
184 .3330948E-09
185 .3373993E-09
186 .3418017E-09
187 .3462975E-09
188 .3508813E-09
189 .3555480E-09
190 .3602916E-09
191 .3651061E-09
192 .3699850E-09
193 .3749213E-09
194 .3799079E-09
195 .3849367E-09
196 .3899999E-09
197 .3950887E-09
198 .4001942E-09
199 .4053067E-09
200 .4104164E-09
201 .4155145E-09
202 .4205989E-09
203 .4256687E-09
204 .4307235E-09
205 .4357625E-09
206 .4407852E-09
207 .4457910E-09
208 .4507792E-09
209 .4557491E-09
210 .4607001E-09
211 .4656318E-09
212 .4705432E-09
213 .4754341E-09
214 .4803036E-09
215 .4851513E-09
216 .4899767E-09
217 .4947790E-09
218 .4995578E-09
219 .5043127E-09
220 .5090430E-09
221 .5137482E-09
222 .5184280E-09
223 .5230820E-09
224 .5277094E-09
225 .5323103E-09
226 .5368844E-09
227 .5414326E-09
228 .5459564E-09
229 .5504571E-09
230 .5549364E-09
231 .5593957E-09
232 .5638368E-09
233 .5682613E-09
234 .5726710E-09
235 .5770680E-09
236 .5814543E-09
237 .5858316E-09
238 .5902024E-09
239 .5945688E-09
240 .5989329E-09
241 .6032974E-09
242 .6076645E-09
243 .6120368E-09
244 .6164167E-09
245 .6208073E-09
246 .6252109E-09
247 .6296306E-09
248 .6340690E-09
249 .6385294E-09
250 .6430145E-09
251 .7403347E-09
252 .8455079E-09
253 .8965415E-09
254 .8680927E-09
255 .8578383E-09
256 .8175959E-09
257 .7277449E-09
258 .6836925E-09
259 .7028070E-09
260 .7373905E-09
261 .7617915E-09
262 .7185548E-09
263 .6897766E-09
264 .7558287E-09
265 .8646861E-09
266 .8855200E-09
267 .9293700E-09
268 .1065637E-08
269 .1188426E-08
270 .1272742E-08
271 .1384269E-08
272 .1493776E-08
273 .1584545E-08
274 .1682280E-08
275 .1680028E-08
276 .1550724E-08
277 .1508999E-08
278 .1563408E-08
279 .1631106E-08
280 .1724271E-08
281 .1981188E-08
282 .2205635E-08
283 .2371253E-08
284 .2547080E-08
285 .2645536E-08
286 .2870643E-08
287 .3174028E-08
288 .3508022E-08
289 .3794645E-08
290 .4125346E-08
291 .4415329E-08
292 .4559782E-08
293 .4703006E-08
294 .4830919E-08
295 .4827447E-08
296 .4780547E-08
297 .4676257E-08
298 .4423978E-08
299 .4124685E-08
300 .3853479E-08
301 .3658504E-08
302 .3541151E-08
303 .3568957E-08
304 .3584138E-08
305 .3341472E-08
306 .3349786E-08
307 .3641381E-08
308 .3809635E-08
309 .3833584E-08
310 .3834303E-08
311 .4121800E-08
312 .4409999E-08
313 .4746968E-08
314 .5002555E-08
315 .5186396E-08
316 .5475706E-08
317 .5647217E-08
318 .5434033E-08
319 .5100826E-08
320 .4753516E-08
321 .4401620E-08
322 .4230511E-08
323 .4014577E-08
324 .3839439E-08
325 .3648089E-08
326 .3609007E-08
327 .3605658E-08
328 .3560189E-08
329 .3629734E-08
330 .3707389E-08
331 .3789681E-08
332 .3946246E-08
333 .4177306E-08
334 .4308821E-08
335 .4449147E-08
336 .4578314E-08
337 .4623146E-08
338 .4624707E-08
339 .4587807E-08
340 .4716848E-08
341 .4807684E-08
342 .4921265E-08
343 .5056232E-08
344 .5276149E-08
345 .5425944E-08
346 .5672575E-08
347 .5908632E-08
348 .6074412E-08
349 .6325590E-08
350 .6659459E-08
351 .7030261E-08
352 .7272275E-08
353 .7491790E-08
354 .7661802E-08
355 .7732106E-08
356 .7788773E-08
357 .7742119E-08
358 .7683677E-08
359 .7577741E-08
360 .7393159E-08
361 .7221538E-08
362 .7044158E-08
363 .6929519E-08
364 .6829346E-08
365 .6641313E-08
366 .6335087E-08
367 .5979102E-08
368 .5470032E-08
369 .4930401E-08
370 .4414622E-08
371 .4032941E-08
372 .3800853E-08
373 .3662794E-08
374 .3697952E-08
375 .3704320E-08
376 .3652876E-08
377 .3642760E-08
378 .3629122E-08
379 .3611500E-08
380 .3691306E-08
381 .3870910E-08
382 .4170046E-08
383 .4601362E-08
384 .5116904E-08
385 .5685412E-08
386 .6224785E-08
387 .6781999E-08
388 .7395379E-08
389 .7744773E-08
390 .8115862E-08
391 .8357707E-08
392 .8661518E-08
393 .8823402E-08
394 .8703820E-08
395 .8530956E-08
396 .8189721E-08
397 .7696702E-08
398 .7304819E-08
399 .7056528E-08
400 .6884588E-08
401 .6862460E-08
402 .6986947E-08
403 .7172615E-08
404 .7423043E-08
405 .7737300E-08
406 .8028172E-08
407 .8344016E-08
408 .8533322E-08
409 .8562893E-08
410 .8614847E-08
411 .8537120E-08
412 .8419336E-08
413 .8263355E-08
414 .8143423E-08
415 .8030251E-08
416 .7912769E-08
417 .7780239E-08
418 .7631766E-08
419 .7465930E-08
420 .7236897E-08
421 .7017978E-08
422 .6782459E-08
423 .6542702E-08
424 .6303551E-08
425 .6104654E-08
426 .5812888E-08
427 .5612324E-08
428 .5334187E-08
429 .5118675E-08
430 .4962016E-08
431 .4922747E-08
432 .4902132E-08
433 .5000887E-08
434 .5146304E-08
435 .5272042E-08
436 .5401254E-08
437 .5505872E-08
438 .5537549E-08
439 .5481451E-08
440 .5415624E-08
441 .5394078E-08
442 .5373083E-08
443 .5428987E-08
444 .5560724E-08
445 .5753731E-08
446 .5958193E-08
447 .6196048E-08
448 .6370713E-08
449 .6511215E-08
450 .6674849E-08
451 .6791541E-08
452 .6826490E-08
453 .6820398E-08
454 .6809496E-08
455 .6782674E-08
456 .6756077E-08
457 .6704030E-08
458 .6684590E-08
459 .6648694E-08
460 .6612413E-08
461 .6541439E-08
462 .6365742E-08
463 .6138651E-08
464 .5892897E-08
465 .5663004E-08
466 .5454510E-08
467 .5261874E-08
468 .5097084E-08
469 .5063545E-08
470 .5045663E-08
471 .4944719E-08
472 .4839269E-08
473 .4713376E-08
474 .4588180E-08
475 .4470104E-08
476 .4416363E-08
477 .4397877E-08
478 .4387949E-08
479 .4349475E-08
480 .4264434E-08
481 .4144657E-08
482 .3996658E-08
483 .3813427E-08
484 .3628024E-08
485 .3465018E-08
486 .3366361E-08
487 .3329602E-08
488 .3342628E-08
489 .3381935E-08
490 .3430949E-08
491 .3504524E-08
492 .3600504E-08
493 .3680453E-08
494 .3701697E-08
495 .3692152E-08
496 .3681168E-08
497 .3675441E-08
498 .3665434E-08
499 .3670233E-08
500 .3688591E-08
501 .3707449E-08
502 .3756739E-08
503 .3825960E-08
504 .3911829E-08
505 .4012902E-08
506 .4123474E-08
507 .4234680E-08
508 .4343567E-08
509 .4447492E-08
510 .4507004E-08
511 .4549197E-08
512 .4546044E-08
513 .4537453E-08
514 .4508545E-08
515 .4479461E-08
516 .4474922E-08
517 .4456072E-08
518 .4444794E-08
519 .4432036E-08
520 .4398269E-08
521 .4313018E-08
522 .4173956E-08
523 .3992571E-08
524 .3785486E-08
525 .3598468E-08
526 .3430594E-08
527 .3276844E-08
528 .3176155E-08
529 .3101066E-08
530 .3071331E-08
531 .3077497E-08
532 .3133330E-08
533 .3205480E-08
534 .3260612E-08
535 .3291808E-08
536 .3325638E-08
537 .3349034E-08
538 .3325518E-08
539 .3279227E-08
540 .3236287E-08
541 .3157323E-08
542 .3051219E-08
543 .2949690E-08
544 .2854719E-08
545 .2797817E-08
546 .2772555E-08
547 .2789053E-08
548 .2848041E-08
549 .2957192E-08
550 .3068736E-08
551 .3207994E-08
552 .3363607E-08
553 .3483838E-08
554 .3571559E-08
555 .3633968E-08
556 .3682827E-08
557 .3705221E-08
558 .3731182E-08
559 .3749667E-08
560 .3743289E-08
561 .3746143E-08
562 .3739351E-08
563 .3727364E-08
564 .3717854E-08
565 .3709727E-08
566 .3696079E-08
567 .3679639E-08
568 .3668037E-08
569 .3633041E-08
570 .3580073E-08
571 .3505055E-08
572 .3406263E-08
573 .3319833E-08
574 .3232827E-08
575 .3169508E-08
576 .3121777E-08
577 .3098071E-08
578 .3096267E-08
579 .3103962E-08
580 .3121073E-08
581 .3167772E-08
582 .3232678E-08
583 .3272726E-08
584 .3310719E-08
585 .3346665E-08
586 .3369589E-08
587 .3426180E-08
588 .3448378E-08
589 .3439988E-08
590 .3414593E-08
591 .3442150E-08
592 .3482343E-08
593 .3495897E-08
594 .3495727E-08
595 .3489114E-08
596 .3481539E-08
597 .3455924E-08
598 .3410457E-08
599 .3369166E-08
600 .3284364E-08
601 .3184591E-08
602 .3055060E-08
603 .2917798E-08
604 .2765002E-08
605 .2556528E-08
606 .2348379E-08
607 .2085932E-08
608 .1855348E-08
609 .1651250E-08
610 .1494674E-08
611 .1383957E-08
612 .1304337E-08
613 .1281370E-08
614 .1289094E-08
615 .1341399E-08
616 .1420529E-08
617 .1530851E-08
618 .1661547E-08
619 .1813135E-08
620 .1974787E-08
621 .2136669E-08
622 .2275137E-08
623 .2418900E-08
624 .2531076E-08
625 .2673326E-08
626 .2776960E-08
627 .2857595E-08
628 .2897745E-08
629 .2988680E-08
630 .3036234E-08
631 .3067727E-08
632 .3088324E-08
633 .3096928E-08
634 .3103446E-08
635 .3108989E-08
636 .3101717E-08
637 .3087940E-08
638 .3059129E-08
639 .3041330E-08
640 .3010840E-08
641 .2987894E-08
642 .2950529E-08
643 .2901766E-08
644 .2868180E-08
645 .2830289E-08
646 .2797051E-08
647 .2758376E-08
648 .2713581E-08
649 .2685776E-08
650 .2649777E-08
651 .2668586E-08
652 .2636057E-08
653 .2614005E-08
654 .2610069E-08
655 .2576958E-08
656 .2546940E-08
657 .2477806E-08
658 .2459244E-08
659 .2400763E-08
660 .2356048E-08
661 .2305978E-08
662 .2266261E-08
663 .2209675E-08
664 .2171688E-08
665 .2142140E-08
666 .2085402E-08
667 .2046748E-08
668 .2015156E-08
669 .1974563E-08
670 .1920274E-08
671 .1882687E-08
672 .1854224E-08
673 .1800542E-08
674 .1741180E-08
675 .1748377E-08
676 .1695614E-08
677 .1683662E-08
678 .1662628E-08
679 .1635518E-08
680 .1630429E-08
681 .1625695E-08
682 .1610349E-08
683 .1597914E-08
684 .1594410E-08
685 .1570446E-08
686 .1557230E-08
687 .1517235E-08
688 .1485199E-08
689 .1453262E-08
690 .1421424E-08
691 .1389687E-08
692 .1383927E-08
693 .1392499E-08
694 .1371930E-08
695 .1376759E-08
696 .1345100E-08
697 .1347663E-08
698 .1321478E-08
699 .1291656E-08
700 .1280592E-08
701 .1278615E-08
702 .1250201E-08
703 .1245885E-08
704 .1244321E-08
705 .1223865E-08
706 .1232542E-08
707 .1216646E-08
708 .1213673E-08
709 .1213068E-08
710 .1202395E-08
711 .1187319E-08
712 .1183967E-08
713 .1183959E-08
714 .1171258E-08
715 .1178050E-08
716 .1168674E-08
717 .1112402E-08
718 .1082299E-08
719 .1049843E-08
720 .1048345E-08
721 .1100628E-08
722 .1111502E-08
723 .1082446E-08
724 .1027531E-08
725 .1041720E-08
726 .1038761E-08
727 .1030760E-08
728 .1015674E-08
729 .9877667E-09
730 .9889800E-09
731 .9601464E-09
732 .9539530E-09
733 .9478612E-09
734 .9338677E-09
735 .9062742E-09
736 .8887741E-09
737 .8610571E-09
738 .8610687E-09
739 .8430879E-09
740 .8246395E-09
741 .8148138E-09
742 .8052913E-09
743 .7515488E-09
744 .7066255E-09
745 .6754809E-09
746 .6455053E-09
747 .6359996E-09
748 .6333044E-09
749 .6433087E-09
750 .6554315E-09
751 .6744807E-09
752 .6826873E-09
753 .6889439E-09
754 .6935009E-09
755 .7001863E-09
756 .7017848E-09
757 .7115443E-09
758 .7160742E-09
759 .6855988E-09
760 .6900906E-09
761 .6945726E-09
762 .6990449E-09
763 .7035076E-09
764 .7079608E-09
765 .7124045E-09
766 .7168388E-09
767 .7212637E-09
768 .7365191E-09
769 .7567461E-09
770 .7860531E-09
771 .7965833E-09
772 .8096397E-09
773 .8145872E-09
774 .8241117E-09
775 .8368400E-09
776 .8450942E-09
777 .8482228E-09
778 .8624978E-09
779 .8724631E-09
780 .8775966E-09
781 .8838251E-09
782 .8911338E-09
783 .8883675E-09
784 .8994339E-09
785 .9074569E-09
786 .8959553E-09
787 .9030885E-09
788 .8966548E-09
789 .8876022E-09
790 .8845377E-09
791 .8822499E-09
792 .8758745E-09
793 .8734611E-09
794 .8744624E-09
795 .8710140E-09
796 .8599947E-09
797 .8700400E-09
798 .8588256E-09
799 .8601501E-09
800 .8502980E-09
801 .8466429E-09
802 .8266970E-09
803 .8141621E-09
804 .7931098E-09
805 .7929834E-09
806 .7805168E-09
807 .7776227E-09
808 .7701359E-09
809 .7982473E-09
810 .7932862E-09
811 .7938522E-09
812 .7869710E-09
813 .7820315E-09
814 .7757772E-09
815 .7770956E-09
816 .7640827E-09
817 .7390819E-09
818 .7106651E-09
819 .6726538E-09
820 .6574802E-09
821 .6093620E-09
822 .5891821E-09
823 .5638862E-09
824 .5533733E-09
825 .5335459E-09
826 .5125138E-09
827 .5116187E-09
828 .5262963E-09
829 .5255945E-09
830 .5389351E-09
831 .5298882E-09
832 .5405440E-09
833 .5437533E-09
834 .5487931E-09
835 .5158759E-09
836 .5320671E-09
837 .5300759E-09
838 .5405016E-09
839 .5467215E-09
840 .5733972E-09
841 .5924120E-09
842 .6179846E-09
843 .6424337E-09
844 .6621703E-09
845 .6850597E-09
846 .7084849E-09
847 .7281459E-09
848 .7482606E-09
849 .7638079E-09
850 .7813011E-09
851 .7830387E-09
852 .7850578E-09
853 .7956411E-09
854 .7954259E-09
855 .8015323E-09
856 .7933280E-09
857 .8020297E-09
858 .8004517E-09
859 .8036181E-09
860 .7963008E-09
861 .7959864E-09
862 .7887210E-09
863 .7839469E-09
864 .7808226E-09
865 .7769346E-09
866 .7786938E-09
867 .7747383E-09
868 .7804447E-09
869 .7821268E-09
870 .7771871E-09
871 .7721099E-09
872 .7645156E-09
873 .7635710E-09
874 .7600484E-09
875 .7656265E-09
876 .7635008E-09
877 .7598914E-09
878 .7463207E-09
879 .7472317E-09
880 .7343251E-09
881 .7390351E-09
882 .7262780E-09
883 .7205375E-09
884 .7075087E-09
885 .6742707E-09
886 .6636503E-09
887 .6279667E-09
888 .6061597E-09
889 .5945766E-09
890 .5737047E-09
891 .5700195E-09
892 .5613888E-09
893 .5607223E-09
894 .5680723E-09
895 .5676832E-09
896 .5617798E-09
897 .5721235E-09
898 .5542002E-09
899 .5426193E-09
900 .5348648E-09
901 .5226536E-09
902 .5160156E-09
903 .5241494E-09
904 .5262903E-09
905 .5182513E-09
906 .5163454E-09
907 .5068190E-09
908 .4982417E-09
909 .4964038E-09
910 .4891966E-09
911 .4885403E-09
912 .4863515E-09
913 .4834107E-09
914 .4830351E-09
915 .4811000E-09
916 .4718533E-09
917 .4814824E-09
918 .4813187E-09
919 .4904036E-09
920 .4855063E-09
921 .4947922E-09
922 .4960385E-09
923 .4950464E-09
924 .4865283E-09
925 .4870076E-09
926 .4886416E-09
927 .4821211E-09
928 .4666529E-09
929 .4574418E-09
930 .4353328E-09
931 .4052956E-09
932 .3684795E-09
933 .3563178E-09
934 .3288928E-09
935 .3266949E-09
936 .3176048E-09
937 .3266595E-09
938 .3243955E-09
939 .3521129E-09
940 .3615258E-09
941 .3551422E-09
942 .3521716E-09
943 .3379640E-09
944 .3271507E-09
945 .3238411E-09
946 .3108509E-09
947 .3106722E-09
948 .3108767E-09
949 .3117663E-09
950 .2902897E-09
951 .3090065E-09
952 .2903238E-09
953 .2924927E-09
954 .2965494E-09
955 .2913582E-09
956 .2872453E-09
957 .2798243E-09
958 .2839672E-09
959 .2697548E-09
960 .2744688E-09
961 .2745023E-09
962 .2735343E-09
963 .2718431E-09
964 .2698362E-09
965 .2656018E-09
966 .2709469E-09
967 .2601378E-09
968 .2637982E-09
969 .2610299E-09
970 .2608533E-09
971 .2648837E-09
972 .2585602E-09
973 .2600195E-09
974 .2520471E-09
975 .2486772E-09
976 .2424224E-09
977 .2448713E-09
978 .2391751E-09
979 .2370014E-09
980 .2383760E-09
981 .2327589E-09
982 .2333178E-09
983 .2340377E-09
984 .2344064E-09
985 .2309465E-09
986 .2280783E-09
987 .2250281E-09
988 .2277086E-09
989 .2205655E-09
990 .2206513E-09
991 .2145302E-09
992 .2194101E-09
993 .2106956E-09
994 .2111519E-09
995 .2167175E-09
996 .2086645E-09
997 .2053004E-09
998 .2019686E-09
999 .1994363E-09
1000 .1976963E-09
1001 .1974338E-09
1002 .1971715E-09
1003 .1969092E-09
1004 .1966473E-09
1005 .1963856E-09
1006 .1961242E-09
1007 .1958628E-09
1008 .1956015E-09
1009 .1953405E-09
1010 .1950799E-09
1011 .1948194E-09
1012 .1945589E-09
1013 .1942986E-09
1014 .1940383E-09
1015 .1937786E-09
1016 .1935188E-09
1017 .1932592E-09
1018 .1929997E-09
1019 .1927405E-09
1020 .1924812E-09
1021 .1922225E-09
1022 .1919635E-09
1023 .1917047E-09
1024 .1914462E-09
1025 .1911879E-09
1026 .1909295E-09
1027 .1906711E-09
1028 .1904131E-09
1029 .1901553E-09
1030 .1898976E-09
1031 .1896396E-09
1032 .1893819E-09
1033 .1891247E-09
1034 .1888672E-09
1035 .1886100E-09
1036 .1883528E-09
1037 .1880956E-09
1038 .1878386E-09
1039 .1875818E-09
1040 .1873249E-09
1041 .1870683E-09
1042 .1868117E-09
1043 .1865551E-09
1044 .1862987E-09
1045 .1860422E-09
1046 .1857862E-09
1047 .1855300E-09
1048 .1852740E-09
1049 .1850179E-09
1050 .1847621E-09
1051 .1845063E-09
1052 .1842507E-09
1053 .1839954E-09
1054 .1837398E-09
1055 .1834847E-09
1056 .1832296E-09
1057 .1829746E-09
1058 .1827199E-09
1059 .1824648E-09
1060 .1822104E-09
1061 .1819562E-09
1062 .1817022E-09
1063 .1814480E-09
1064 .1811944E-09
1065 .1809406E-09
1066 .1806871E-09
1067 .1804337E-09
1068 .1801807E-09
1069 .1799279E-09
1070 .1796750E-09
1071 .1794223E-09
1072 .1791700E-09
1073 .1789180E-09
1074 .1786660E-09
1075 .1784141E-09
1076 .1781627E-09
1077 .1779112E-09
1078 .1776604E-09
1079 .1774094E-09
1080 .1771590E-09
1081 .1769086E-09
1082 .1766586E-09
1083 .1764086E-09
1084 .1761589E-09
1085 .1759095E-09
1086 .1756602E-09
1087 .1754116E-09
1088 .1751628E-09
1089 .1749148E-09
1090 .1746664E-09
1091 .1744187E-09
1092 .1741711E-09
1093 .1739240E-09
1094 .1736771E-09
1095 .1734303E-09
1096 .1731839E-09
1097 .1729379E-09
1098 .1726919E-09
1099 .1724466E-09
1100 .1722014E-09
1101 .1719567E-09
1102 .1717120E-09
1103 .1714678E-09
1104 .1712236E-09
1105 .1709802E-09
1106 .1707369E-09
1107 .1704939E-09
1108 .1702511E-09
1109 .1700091E-09
1110 .1697671E-09
1111 .1695255E-09
1112 .1692843E-09
1113 .1690434E-09
1114 .1688030E-09
1115 .1685629E-09
1116 .1683228E-09
1117 .1680834E-09
1118 .1678444E-09
1119 .1676057E-09
1120 .1673675E-09
1121 .1671293E-09
1122 .1668917E-09
1123 .1666546E-09
1124 .1664177E-09
1125 .1661815E-09
1126 .1659453E-09
1127 .1657097E-09
1128 .1654745E-09
1129 .1652398E-09
1130 .1650053E-09
1131 .1648399E-09
1132 .1646748E-09
1133 .1645100E-09
1134 .1643454E-09
1135 .1641810E-09
1136 .1640168E-09
1137 .1638534E-09
1138 .1636898E-09
1139 .1635268E-09
1140 .1633639E-09
1141 .1632015E-09
1142 .1630395E-09
1143 .1628774E-09
1144 .1627160E-09
1145 .1625547E-09
1146 .1623938E-09
1147 .1622332E-09
1148 .1620730E-09
1149 .1619130E-09
1150 .1617535E-09
1151 .1615941E-09
1152 .1614355E-09
1153 .1612769E-09
1154 .1611188E-09
1155 .1609608E-09
1156 .1608035E-09
1157 .1606462E-09
1158 .1604897E-09
1159 .1603332E-09
1160 .1601772E-09
1161 .1600217E-09
1162 .1598664E-09
1163 .1597117E-09
1164 .1595573E-09
1165 .1594031E-09
1166 .1592492E-09
1167 .1590960E-09
1168 .1589431E-09
1169 .1587909E-09
1170 .1586387E-09
1171 .1584871E-09
1172 .1583359E-09
1173 .1581850E-09
1174 .1580348E-09
1175 .1578847E-09
1176 .1577352E-09
1177 .1575860E-09
1178 .1574373E-09
1179 .1572892E-09
1180 .1571413E-09
1181 .1569938E-09
1182 .1568471E-09
1183 .1567006E-09
1184 .1565545E-09
1185 .1564091E-09
1186 .1562639E-09
1187 .1561193E-09
1188 .1559752E-09
1189 .1558315E-09
1190 .1556883E-09
1191 .1555455E-09
1192 .1554031E-09
1193 .1552613E-09
1194 .1551201E-09
1195 .1549794E-09
1196 .1548390E-09
1197 .1546993E-09
1198 .1545600E-09
1199 .1544212E-09
1200 .1542828E-09
1201 .1541449E-09
1202 .1540076E-09
1203 .1538709E-09
1204 .1537347E-09
1205 .1535990E-09
1206 .1534639E-09
1207 .1533290E-09
1208 .1531951E-09
1209 .1530614E-09
1210 .1529282E-09
1211 .1527958E-09
1212 .1526636E-09
1213 .1525323E-09
1214 .1524014E-09
1215 .1522712E-09
1216 .1521414E-09
1217 .1520120E-09
1218 .1518832E-09
1219 .1517554E-09
1220 .1516277E-09
1221 .1515009E-09
1222 .1513746E-09
1223 .1512486E-09
1224 .1511235E-09
1225 .1509988E-09
1226 .1508749E-09
1227 .1507512E-09
1228 .1506283E-09
1229 .1505062E-09
1230 .1503845E-09
1231 .1502636E-09
1232 .1501430E-09
1233 .1500232E-09
1234 .1499040E-09
1235 .1497852E-09
1236 .1496672E-09
1237 .1495498E-09
1238 .1494331E-09
1239 .1493170E-09
1240 .1492014E-09
1241 .1490867E-09
1242 .1489724E-09
1243 .1488590E-09
1244 .1487460E-09
1245 .1486337E-09
1246 .1485219E-09
1247 .1484109E-09
1248 .1483005E-09
1249 .1481908E-09
1250 .1480820E-09
1251 .1480428E-09
1252 .1480042E-09
1253 .1479660E-09
1254 .1479283E-09
1255 .1478908E-09
1256 .1478540E-09
1257 .1478177E-09
1258 .1477820E-09
1259 .1477465E-09
1260 .1477117E-09
1261 .1476771E-09
1262 .1476433E-09
1263 .1476098E-09
1264 .1475771E-09
1265 .1475448E-09
1266 .1475130E-09
1267 .1474816E-09
1268 .1474508E-09
1269 .1474204E-09
1270 .1473907E-09
1271 .1473617E-09
1272 .1473331E-09
1273 .1473049E-09
1274 .1472775E-09
1275 .1472504E-09
1276 .1472239E-09
1277 .1471980E-09
1278 .1471728E-09
1279 .1471480E-09
1280 .1471240E-09
1281 .1471005E-09
1282 .1470776E-09
1283 .1470551E-09
1284 .1470335E-09
1285 .1470120E-09
1286 .1469916E-09
1287 .1469717E-09
1288 .1469525E-09
1289 .1469336E-09
1290 .1469155E-09
1291 .1468979E-09
1292 .1468810E-09
1293 .1468645E-09
1294 .1468487E-09
1295 .1468336E-09
1296 .1468190E-09
1297 .1468051E-09
1298 .1467916E-09
1299 .1467788E-09
1300 .1467664E-09
1301 .1467547E-09
1302 .1467437E-09
1303 .1467332E-09
1304 .1467233E-09
1305 .1467141E-09
1306 .1467052E-09
1307 .1466971E-09
1308 .1466895E-09
1309 .1466823E-09
1310 .1466759E-09
1311 .1466701E-09
1312 .1466648E-09
1313 .1466597E-09
1314 .1466556E-09
1315 .1466520E-09
1316 .1466488E-09
1317 .1466466E-09
1318 .1466444E-09
1319 .1466429E-09
1320 .1466422E-09
1321 .1466419E-09
1322 .1466421E-09
1323 .1466430E-09
1324 .1466442E-09
1325 .1466461E-09
1326 .1466486E-09
1327 .1466515E-09
1328 .1466552E-09
1329 .1466590E-09
1330 .1466639E-09
1331 .1466690E-09
1332 .1466746E-09
1333 .1466808E-09
1334 .1466876E-09
1335 .1466948E-09
1336 .1467026E-09
1337 .1467111E-09
1338 .1467198E-09
1339 .1467294E-09
1340 .1467393E-09
1341 .1467496E-09
1342 .1467606E-09
1343 .1467722E-09
1344 .1467842E-09
1345 .1467967E-09
1346 .1468098E-09
1347 .1468233E-09
1348 .1468373E-09
1349 .1468517E-09
1350 .1468668E-09
1351 .1468826E-09
1352 .1468986E-09
1353 .1469152E-09
1354 .1469323E-09
1355 .1469498E-09
1356 .1469680E-09
1357 .1469863E-09
1358 .1470055E-09
1359 .1470250E-09
1360 .1470453E-09
1361 .1470657E-09
1362 .1470867E-09
1363 .1471082E-09
1364 .1471302E-09
1365 .1471528E-09
1366 .1471756E-09
1367 .1471991E-09
1368 .1472231E-09
1369 .1472474E-09
1370 .1472721E-09
1371 .1465223E-09
1372 .1457726E-09
1373 .1450231E-09
1374 .1442738E-09
1375 .1435245E-09
1376 .1427754E-09
1377 .1420265E-09
1378 .1412778E-09
1379 .1405290E-09
1380 .1397805E-09
1381 .1390322E-09
1382 .1382839E-09
1383 .1375358E-09
1384 .1367877E-09
1385 .1360398E-09
1386 .1352919E-09
1387 .1345438E-09
1388 .1337960E-09
1389 .1330484E-09
1390 .1323007E-09
1391 .1315529E-09
1392 .1308054E-09
1393 .1300577E-09
1394 .1293099E-09
1395 .1285622E-09
1396 .1278145E-09
1397 .1270670E-09
1398 .1263192E-09
1399 .1255713E-09
1400 .1248236E-09
1401 .1240757E-09
1402 .1233279E-09
1403 .1225799E-09
1404 .1218318E-09
1405 .1210835E-09
1406 .1203352E-09
1407 .1195868E-09
1408 .1188384E-09
1409 .1180898E-09
1410 .1173411E-09
1411 .1165922E-09
1412 .1158433E-09
1413 .1150939E-09
1414 .1143446E-09
1415 .1135953E-09
1416 .1128455E-09
1417 .1120958E-09
1418 .1113457E-09
1419 .1105954E-09
1420 .1098450E-09
1421 .1090944E-09
1422 .1083435E-09
1423 .1075925E-09
1424 .1068413E-09
1425 .1060896E-09
1426 .1053379E-09
1427 .1045858E-09
1428 .1038334E-09
1429 .1030809E-09
1430 .1023281E-09
1431 .1015749E-09
1432 .1008216E-09
1433 .1000679E-09
1434 .9931381E-10
1435 .9855941E-10
1436 .9780484E-10
1437 .9704972E-10
1438 .9629450E-10
1439 .9553873E-10
1440 .9478291E-10
1441 .9402638E-10
1442 .9326970E-10
1443 .9251261E-10
1444 .9175527E-10
1445 .9099735E-10
1446 .9023917E-10
1447 .8948047E-10
1448 .8872165E-10
1449 .8796214E-10
1450 .8720241E-10
1451 .8644214E-10
1452 .8568149E-10
1453 .8492043E-10
1454 .8415888E-10
1455 .8339693E-10
1456 .8263455E-10
1457 .8187175E-10
1458 .8110843E-10
1459 .8034467E-10
1460 .7958047E-10
1461 .7881565E-10
1462 .7805051E-10
1463 .7728486E-10
1464 .7651865E-10
1465 .7575203E-10
1466 .7498487E-10
1467 .7421715E-10
1468 .7344896E-10
1469 .7268023E-10
1470 .7191100E-10
1471 .7114120E-10
1472 .7037095E-10
1473 .6960003E-10
1474 .6882864E-10
1475 .6805673E-10
1476 .6728420E-10
1477 .6651116E-10
1478 .6573755E-10
1479 .6496329E-10
1480 .6418858E-10
1481 .6341324E-10
1482 .6263724E-10
1483 .6186071E-10
1484 .6108359E-10
1485 .6030579E-10
1486 .5952746E-10
1487 .5874855E-10
1488 .5796898E-10
1489 .5718880E-10
1490 .5640803E-10
1491 .5562665E-10
1492 .5484454E-10
1493 .5406185E-10
1494 .5327850E-10
1495 .5249454E-10
1496 .5170991E-10
1497 .5092464E-10
1498 .5013873E-10
1499 .4935211E-10
1500 .4856485E-10
1501 .4858678E-10
1502 .4860880E-10
1503 .4863085E-10
1504 .4865298E-10
1505 .4867515E-10
1506 .4869742E-10
1507 .4871970E-10
1508 .4874205E-10
1509 .4876448E-10
1510 .4878695E-10
1511 .4880946E-10
1512 .4883201E-10
1513 .4885467E-10
1514 .4887733E-10
1515 .4890008E-10
1516 .4892288E-10
1517 .4894571E-10
1518 .4896858E-10
1519 .4899152E-10
1520 .4901452E-10
1521 .4903756E-10
1522 .4906065E-10
1523 .4908378E-10
1524 .4910693E-10
1525 .4913014E-10
1526 .4915342E-10
1527 .4917672E-10
1528 .4920003E-10
1529 .4922344E-10
1530 .4924688E-10
1531 .4927035E-10
1532 .4929384E-10
1533 .4931739E-10
1534 .4934100E-10
1535 .4936459E-10
1536 .4938822E-10
1537 .4941193E-10
1538 .4943567E-10
1539 .4945939E-10
1540 .4948321E-10
1541 .4950705E-10
1542 .4953089E-10
1543 .4955478E-10
1544 .4957869E-10
1545 .4960262E-10
1546 .4962663E-10
1547 .4965061E-10
1548 .4967461E-10
1549 .4969870E-10
1550 .4972278E-10
1551 .4974686E-10
1552 .4977098E-10
1553 .4979514E-10
1554 .4981935E-10
1555 .4984349E-10
1556 .4986772E-10
1557 .4989196E-10
1558 .4991617E-10
1559 .4994047E-10
1560 .4996476E-10
1561 .4998905E-10
1562 .5001339E-10
1563 .5003768E-10
1564 .5006204E-10
1565 .5008641E-10
1566 .5011077E-10
1567 .5013513E-10
1568 .5015955E-10
1569 .5018396E-10
1570 .5020836E-10
1571 .5023275E-10
1572 .5025719E-10
1573 .5028163E-10
1574 .5030607E-10
1575 .5033049E-10
1576 .5035494E-10
1577 .5037942E-10
1578 .5040385E-10
1579 .5042828E-10
1580 .5045274E-10
1581 .5047721E-10
1582 .5050168E-10
1583 .5052611E-10
1584 .5055058E-10
1585 .5057500E-10
1586 .5059943E-10
1587 .5062388E-10
1588 .5064830E-10
1589 .5067274E-10
1590 .5069715E-10
1591 .5072152E-10
1592 .5074594E-10
1593 .5077034E-10
1594 .5079470E-10
1595 .5081911E-10
1596 .5084342E-10
1597 .5086775E-10
1598 .5089203E-10
1599 .5091637E-10
1600 .5094066E-10
1601 .5096495E-10
1602 .5098920E-10
1603 .5101343E-10
1604 .5103766E-10
1605 .5106186E-10
1606 .5108602E-10
1607 .5111016E-10
1608 .5113432E-10
1609 .5115843E-10
1610 .5118249E-10
1611 .5120652E-10
1612 .5123057E-10
1613 .5125457E-10
1614 .5127853E-10
1615 .5130248E-10
1616 .5132641E-10
1617 .5135029E-10
1618 .5137412E-10
1619 .5139793E-10
1620 .5142172E-10
1621 .5144550E-10
1622 .5146924E-10
1623 .5149288E-10
1624 .5151655E-10
1625 .5154016E-10
1626 .5155077E-10
1627 .5156141E-10
1628 .5157198E-10
1629 .5158255E-10
1630 .5159301E-10
1631 .5160350E-10
1632 .5161399E-10
1633 .5162444E-10
1634 .5163481E-10
1635 .5164515E-10
1636 .5165547E-10
1637 .5166573E-10
1638 .5167602E-10
1639 .5168621E-10
1640 .5169638E-10
1641 .5170651E-10
1642 .5171659E-10
1643 .5172664E-10
1644 .5173663E-10
1645 .5174659E-10
1646 .5175653E-10
1647 .5176639E-10
1648 .5177622E-10
1649 .5178601E-10
1650 .5179575E-10
1651 .5180541E-10
1652 .5181504E-10
1653 .5182463E-10
1654 .5183417E-10
1655 .5184364E-10
1656 .5185308E-10
1657 .5186248E-10
1658 .5187178E-10
1659 .5188105E-10
1660 .5189026E-10
1661 .5189946E-10
1662 .5190848E-10
1663 .5191754E-10
1664 .5192652E-10
1665 .5193541E-10
1666 .5194426E-10
1667 .5195305E-10
1668 .5196178E-10
1669 .5197044E-10
1670 .5197906E-10
1671 .5198757E-10
1672 .5199605E-10
1673 .5200443E-10
1674 .5201274E-10
1675 .5202104E-10
1676 .5202920E-10
1677 .5203732E-10
1678 .5204535E-10
1679 .5205334E-10
1680 .5206122E-10
1681 .5206905E-10
1682 .5207680E-10
1683 .5208448E-10
1684 .5209210E-10
1685 .5209960E-10
1686 .5210704E-10
1687 .5211442E-10
1688 .5212171E-10
1689 .5212898E-10
1690 .5213607E-10
1691 .5214320E-10
1692 .5215018E-10
1693 .5215714E-10
1694 .5216400E-10
1695 .5217076E-10
1696 .5217749E-10
1697 .5218415E-10
1698 .5219073E-10
1699 .5219723E-10
1700 .5220364E-10
1701 .5221000E-10
1702 .5221629E-10
1703 .5222253E-10
1704 .5222865E-10
1705 .5223473E-10
1706 .5224074E-10
1707 .5224666E-10
1708 .5225250E-10
1709 .5225832E-10
1710 .5226406E-10
1711 .5226967E-10
1712 .5227525E-10
1713 .5228077E-10
1714 .5228622E-10
1715 .5229160E-10
1716 .5229692E-10
1717 .5230214E-10
1718 .5230733E-10
1719 .5231242E-10
1720 .5231745E-10
1721 .5232240E-10
1722 .5232730E-10
1723 .5233212E-10
1724 .5233687E-10
1725 .5234158E-10
1726 .5234622E-10
1727 .5235075E-10
1728 .5235525E-10
1729 .5235964E-10
1730 .5236403E-10
1731 .5236833E-10
1732 .5237254E-10
1733 .5237669E-10
1734 .5238080E-10
1735 .5238485E-10
1736 .5238875E-10
1737 .5239264E-10
1738 .5239647E-10
1739 .5240027E-10
1740 .5240394E-10
1741 .5240761E-10
1742 .5241111E-10
1743 .5241469E-10
1744 .5241812E-10
1745 .5242154E-10
1746 .5242482E-10
1747 .5242806E-10
1748 .5243123E-10
1749 .5243439E-10
1750 .5243742E-10
1751 .5244043E-10
1752 .5244337E-10
1753 .5244624E-10
1754 .5244903E-10
1755 .5245180E-10
1756 .5245450E-10
1757 .5245706E-10
1758 .5245966E-10
1759 .5246214E-10
1760 .5246459E-10
1761 .5246696E-10
1762 .5246931E-10
1763 .5247152E-10
1764 .5247371E-10
1765 .5247585E-10
1766 .5247792E-10
1767 .5247996E-10
1768 .5248191E-10
1769 .5248377E-10
1770 .5248563E-10
1771 .5248737E-10
1772 .5248913E-10
1773 .5249079E-10
1774 .5249235E-10
1775 .5249390E-10
1776 .5249536E-10
1777 .5249681E-10
1778 .5249814E-10
1779 .5249945E-10
1780 .5250074E-10
1781 .5250186E-10
1782 .5250299E-10
1783 .5250410E-10
1784 .5250511E-10
1785 .5250611E-10
1786 .5250701E-10
1787 .5250781E-10
1788 .5250859E-10
1789 .5250936E-10
1790 .5250999E-10
1791 .5251065E-10
1792 .5251121E-10
1793 .5251166E-10
1794 .5251217E-10
1795 .5251259E-10
1796 .5251290E-10
1797 .5251320E-10
1798 .5251346E-10
1799 .5251361E-10
1800 .5251373E-10
1801 .5236534E-10
1802 .5221694E-10
1803 .5206843E-10
1804 .5191992E-10
1805 .5177131E-10
1806 .5162266E-10
1807 .5147401E-10
1808 .5132529E-10
1809 .5117649E-10
1810 .5102768E-10
1811 .5087874E-10
1812 .5072979E-10
1813 .5058084E-10
1814 .5043182E-10
1815 .5028272E-10
1816 .5013364E-10
1817 .4998447E-10
1818 .4983524E-10
1819 .4968604E-10
1820 .4953669E-10
1821 .4938735E-10
1822 .4923798E-10
1823 .4908857E-10
1824 .4893910E-10
1825 .4878961E-10
1826 .4864005E-10
1827 .4849048E-10
1828 .4834086E-10
1829 .4819122E-10
1830 .4804150E-10
1831 .4789179E-10
1832 .4774204E-10
1833 .4759223E-10
1834 .4744241E-10
1835 .4729251E-10
1836 .4714264E-10
1837 .4699267E-10
1838 .4684271E-10
1839 .4669267E-10
1840 .4654266E-10
1841 .4639264E-10
1842 .4624252E-10
1843 .4609239E-10
1844 .4594226E-10
1845 .4579209E-10
1846 .4564187E-10
1847 .4549164E-10
1848 .4534137E-10
1849 .4519108E-10
1850 .4504076E-10
1851 .4489043E-10
1852 .4474006E-10
1853 .4458966E-10
1854 .4443922E-10
1855 .4428882E-10
1856 .4413834E-10
1857 .4398789E-10
1858 .4383738E-10
1859 .4368685E-10
1860 .4353628E-10
1861 .4338572E-10
1862 .4323514E-10
1863 .4308455E-10
1864 .4293391E-10
1865 .4278329E-10
1866 .4263261E-10
1867 .4248196E-10
1868 .4233127E-10
1869 .4218055E-10
1870 .4202980E-10
1871 .4187909E-10
1872 .4172834E-10
1873 .4157759E-10
1874 .4142679E-10
1875 .4127598E-10
1876 .4112518E-10
1877 .4097435E-10
1878 .4082354E-10
1879 .4067270E-10
1880 .4052187E-10
1881 .4037097E-10
1882 .4022014E-10
1883 .4006923E-10
1884 .3991838E-10
1885 .3976743E-10
1886 .3961656E-10
1887 .3946562E-10
1888 .3931470E-10
1889 .3916378E-10
1890 .3901285E-10
1891 .3886194E-10
1892 .3871099E-10
1893 .3856004E-10
1894 .3840909E-10
1895 .3825812E-10
1896 .3810715E-10
1897 .3795622E-10
1898 .3780525E-10
1899 .3765430E-10
1900 .3750333E-10
1901 .3735238E-10
1902 .3720139E-10
1903 .3705040E-10
1904 .3689948E-10
1905 .3674852E-10
1906 .3659751E-10
1907 .3644658E-10
1908 .3629559E-10
1909 .3614466E-10
1910 .3599371E-10
1911 .3584275E-10
1912 .3569179E-10
1913 .3554083E-10
1914 .3538990E-10
1915 .3523897E-10
1916 .3508804E-10
1917 .3493712E-10
1918 .3478619E-10
1919 .3463530E-10
1920 .3448440E-10
1921 .3433348E-10
1922 .3418260E-10
1923 .3403172E-10
1924 .3388085E-10
1925 .3372996E-10
1926 .3357910E-10
1927 .3342826E-10
1928 .3327744E-10
1929 .3312662E-10
1930 .3297579E-10
1931 .3282501E-10
1932 .3267424E-10
1933 .3252345E-10
1934 .3237267E-10
1935 .3222194E-10
1936 .3207118E-10
1937 .3192044E-10
1938 .3176972E-10
1939 .3161904E-10
1940 .3146835E-10
1941 .3131769E-10
1942 .3116703E-10
1943 .3101637E-10
1944 .3086575E-10
1945 .3071517E-10
1946 .3056456E-10
1947 .3041399E-10
1948 .3026343E-10
1949 .3011291E-10
1950 .2996237E-10
1951 .2981188E-10
1952 .2966138E-10
1953 .2951092E-10
1954 .2936048E-10
1955 .2921005E-10
1956 .2905965E-10
1957 .2890926E-10
1958 .2875891E-10
1959 .2860856E-10
1960 .2845824E-10
1961 .2830791E-10
1962 .2815764E-10
1963 .2800740E-10
1964 .2785714E-10
1965 .2770695E-10
1966 .2755677E-10
1967 .2740661E-10
1968 .2725645E-10
1969 .2710633E-10
1970 .2695627E-10
1971 .2680621E-10
1972 .2665617E-10
1973 .2650616E-10
1974 .2635620E-10
1975 .2620621E-10
1976 .2605628E-10
1977 .2590639E-10
1978 .2575651E-10
1979 .2560667E-10
1980 .2545686E-10
1981 .2530708E-10
1982 .2515733E-10
1983 .2500759E-10
1984 .2485790E-10
1985 .2470823E-10
1986 .2455861E-10
1987 .2440900E-10
1988 .2425944E-10
1989 .2410989E-10
1990 .2396037E-10
1991 .2381090E-10
1992 .2366145E-10
1993 .2351206E-10
1994 .2336266E-10
1995 .2321332E-10
1996 .2306405E-10
1997 .2291475E-10
1998 .2276552E-10
1999 .2261630E-10
2000 .2246714E-10
2001 .2231800E-10
2002 .2216891E-10
2003 .2201983E-10
2004 .2187081E-10
2005 .2172179E-10
2006 .2157285E-10
2007 .2142393E-10
2008 .2127505E-10
2009 .2112620E-10
2010 .2097739E-10
2011 .2097450E-10
2012 .2097164E-10
2013 .2096876E-10
2014 .2096588E-10
2015 .2096299E-10
2016 .2096011E-10
2017 .2095721E-10
2018 .2095435E-10
2019 .2095142E-10
2020 .2094855E-10
2021 .2094567E-10
2022 .2094276E-10
2023 .2093986E-10
2024 .2093697E-10
2025 .2093406E-10
2026 .2093116E-10
2027 .2092828E-10
2028 .2092537E-10
2029 .2092249E-10
2030 .2091959E-10
2031 .2091670E-10
2032 .2091381E-10
2033 .2091091E-10
2034 .2090799E-10
2035 .2090512E-10
2036 .2090222E-10
2037 .2089933E-10
2038 .2089646E-10
2039 .2089357E-10
2040 .2089067E-10
2041 .2088779E-10
2042 .2088490E-10
2043 .2088204E-10
2044 .2087916E-10
2045 .2087629E-10
2046 .2087341E-10
2047 .2087055E-10
2048 .2086769E-10
2049 .2086483E-10
2050 .2086196E-10
2051 .2085909E-10
2052 .2085625E-10
2053 .2085339E-10
2054 .2085055E-10
2055 .2084773E-10
2056 .2084488E-10
2057 .2084203E-10
2058 .2083922E-10
2059 .2083640E-10
2060 .2083357E-10
2061 .2083077E-10
2062 .2082796E-10
2063 .2082514E-10
2064 .2082236E-10
2065 .2081954E-10
2066 .2081677E-10
2067 .2081400E-10
2068 .2081122E-10
2069 .2080844E-10
2070 .2080568E-10
2071 .2080292E-10
2072 .2080016E-10
2073 .2079742E-10
2074 .2079468E-10
2075 .2079196E-10
2076 .2078924E-10
2077 .2078654E-10
2078 .2078380E-10
2079 .2078111E-10
2080 .2077841E-10
2081 .2077574E-10
2082 .2077306E-10
2083 .2077039E-10
2084 .2076774E-10
2085 .2076509E-10
2086 .2076244E-10
2087 .2075981E-10
2088 .2075718E-10
2089 .2075456E-10
2090 .2075194E-10
2091 .2074935E-10
2092 .2074676E-10
2093 .2074420E-10
2094 .2074161E-10
2095 .2073905E-10
2096 .2073651E-10
2097 .2073396E-10
2098 .2073144E-10
2099 .2072892E-10
2100 .2072641E-10
2101 .2072392E-10
2102 .2072145E-10
2103 .2071895E-10
2104 .2071649E-10
2105 .2071405E-10
2106 .2071160E-10
2107 .2070916E-10
2108 .2070675E-10
2109 .2070432E-10
2110 .2070195E-10
2111 .2069958E-10
2112 .2069721E-10
2113 .2069483E-10
2114 .2069250E-10
2115 .2069019E-10
2116 .2068784E-10
2117 .2068556E-10
2118 .2068327E-10
2119 .2068096E-10
2120 .2067873E-10
2121 .2067647E-10
2122 .2067423E-10
2123 .2067201E-10
2124 .2066979E-10
2125 .2066760E-10
2126 .2066542E-10
2127 .2066326E-10
2128 .2066111E-10
2129 .2065896E-10
2130 .2065685E-10
2131 .2065474E-10
2132 .2065265E-10
2133 .2065057E-10
2134 .2064852E-10
2135 .2064648E-10
2136 .2064445E-10
2137 .2064244E-10
2138 .2064043E-10
2139 .2063846E-10
2140 .2063650E-10
2141 .2063456E-10
2142 .2063262E-10
2143 .2063072E-10
2144 .2062881E-10
2145 .2062695E-10
2146 .2062509E-10
2147 .2062324E-10
2148 .2062142E-10
2149 .2061962E-10
2150 .2061782E-10
2151 .2061604E-10
2152 .2061427E-10
2153 .2061254E-10
2154 .2061081E-10
2155 .2060913E-10
2156 .2060745E-10
2157 .2060579E-10
2158 .2060415E-10
2159 .2060251E-10
2160 .2060092E-10
2161 .2059935E-10
2162 .2059777E-10
2163 .2059625E-10
2164 .2059470E-10
2165 .2059321E-10
2166 .2059172E-10
2167 .2059024E-10
2168 .2058879E-10
2169 .2058738E-10
2170 .2058600E-10
2171 .2058463E-10
2172 .2058326E-10
2173 .2058191E-10
2174 .2058059E-10
2175 .2057930E-10
2176 .2057804E-10
2177 .2057677E-10
2178 .2057555E-10
2179 .2057433E-10
2180 .2057317E-10
2181 .2057199E-10
2182 .2057086E-10
2183 .2056974E-10
2184 .2056863E-10
2185 .2056758E-10
2186 .2056652E-10
2187 .2056551E-10
2188 .2056450E-10
2189 .2056352E-10
2190 .2056255E-10
2191 .2056164E-10
2192 .2056072E-10
2193 .2055985E-10
2194 .2055900E-10
2195 .2055816E-10
2196 .2055736E-10
2197 .2055656E-10
2198 .2055580E-10
2199 .2055507E-10
2200 .2055435E-10
2201 .2055370E-10
2202 .2055303E-10
2203 .2055238E-10
2204 .2055178E-10
2205 .2055119E-10
2206 .2055065E-10
2207 .2055012E-10
2208 .2054961E-10
2209 .2054914E-10
2210 .2054869E-10
2211 .2054827E-10
2212 .2054788E-10
2213 .2054751E-10
2214 .2054714E-10
2215 .2054686E-10
2216 .2054656E-10
2217 .2054631E-10
2218 .2054608E-10
2219 .2054586E-10
2220 .2054570E-10
2221 .2054556E-10
2222 .2054544E-10
2223 .2054534E-10
2224 .2054529E-10
2225 .2054526E-10
2226 .2054525E-10
2227 .2054527E-10
2228 .2054532E-10
2229 .2054543E-10
2230 .2054554E-10
2231 .2054569E-10
2232 .2054586E-10
2233 .2054607E-10
2234 .2054630E-10
2235 .2054656E-10
2236 .2054688E-10
2237 .2054720E-10
2238 .2054755E-10
2239 .2054793E-10
2240 .2054835E-10
2241 .2054880E-10
2242 .2054927E-10
2243 .2054979E-10
2244 .2055033E-10
2245 .2055091E-10
2246 .2055150E-10
2247 .2055212E-10
2248 .2055278E-10
2249 .2055348E-10
2250 .2055419E-10
2251 .2055493E-10
2252 .2055570E-10
2253 .2055650E-10
2254 .2055735E-10
2255 .2055820E-10
2256 .2055911E-10
2257 .2056001E-10
2258 .2056095E-10
2259 .2056194E-10
2260 .2056294E-10
2261 .2056398E-10
2262 .2056503E-10
2263 .2056611E-10
2264 .2056723E-10
2265 .2056837E-10
2266 .2056956E-10
2267 .2057074E-10
2268 .2057199E-10
2269 .2057323E-10
2270 .2057449E-10
2271 .2057579E-10
2272 .2057713E-10
2273 .2057849E-10
2274 .2057988E-10
2275 .2058131E-10
2276 .2058274E-10
2277 .2058419E-10
2278 .2058569E-10
2279 .2058721E-10
2280 .2058875E-10
2281 .2059033E-10
2282 .2059192E-10
2283 .2059355E-10
2284 .2059518E-10
2285 .2059686E-10
2286 .2059856E-10
2287 .2060028E-10
2288 .2060204E-10
2289 .2060380E-10
2290 .2060559E-10
2291 .2060741E-10
2292 .2060925E-10
2293 .2061112E-10
2294 .2061300E-10
2295 .2061492E-10
2296 .2061690E-10
2297 .2061886E-10
2298 .2062087E-10
2299 .2062285E-10
2300 .2062490E-10
2301 .2062695E-10
2302 .2062905E-10
2303 .2063115E-10
2304 .2063328E-10
2305 .2063543E-10
2306 .2063762E-10
2307 .2063983E-10
2308 .2064203E-10
2309 .2064430E-10
2310 .2064655E-10
2311 .2064884E-10
2312 .2065115E-10
2313 .2065348E-10
2314 .2065585E-10
2315 .2065823E-10
2316 .2066064E-10
2317 .2066306E-10
2318 .2066551E-10
2319 .2066797E-10
2320 .2067045E-10
2321 .2067297E-10
2322 .2067549E-10
2323 .2067805E-10
2324 .2068063E-10
2325 .2068322E-10
2326 .2068584E-10
2327 .2068847E-10
2328 .2069113E-10
2329 .2069380E-10
2330 .2069650E-10
2331 .2069921E-10
2332 .2070196E-10
2333 .2070471E-10
2334 .2070751E-10
2335 .2071028E-10
2336 .2071311E-10
2337 .2071596E-10
2338 .2071880E-10
2339 .2072167E-10
2340 .2072458E-10
2341 .2072750E-10
2342 .2073042E-10
2343 .2073336E-10
2344 .2073634E-10
2345 .2073932E-10
2346 .2074234E-10
2347 .2074537E-10
2348 .2074840E-10
2349 .2075149E-10
2350 .2075455E-10
2351 .2075766E-10
2352 .2076076E-10
2353 .2076390E-10
2354 .2076707E-10
2355 .2077023E-10
2356 .2077341E-10
2357 .2077663E-10
2358 .2077985E-10
2359 .2078309E-10
2360 .2078633E-10
2361 .2078961E-10
2362 .2079292E-10
2363 .2079620E-10
2364 .2079952E-10
2365 .2080287E-10
2366 .2080623E-10
2367 .2080961E-10
2368 .2081299E-10
2369 .2081639E-10
2370 .2081981E-10
2371 .2082326E-10
2372 .2082671E-10
2373 .2083019E-10
2374 .2083366E-10
2375 .2083715E-10
2376 .2084066E-10
2377 .2084420E-10
2378 .2084774E-10
2379 .2085130E-10
2380 .2085488E-10
2381 .2085846E-10
2382 .2086206E-10
2383 .2086568E-10
2384 .2086932E-10
2385 .2087295E-10
2386 .2087663E-10
2387 .2088028E-10
2388 .2088398E-10
2389 .2088768E-10
2390 .2089138E-10
2391 .2089510E-10
2392 .2089886E-10
2393 .2090263E-10
2394 .2090641E-10
2395 .2091018E-10
2396 .2091399E-10
2397 .2091779E-10
2398 .2092161E-10
2399 .2092543E-10
2400 .2092928E-10
2401 .2093315E-10
2402 .2093701E-10
2403 .2094089E-10
2404 .2094480E-10
2405 .2094869E-10
2406 .2095261E-10
2407 .2095655E-10
2408 .2096049E-10
2409 .2096445E-10
2410 .2096842E-10
2411 .2097238E-10
2412 .2097638E-10
2413 .2098038E-10
2414 .2098438E-10
2415 .2098841E-10
2416 .2099245E-10
2417 .2099650E-10
2418 .2100055E-10
2419 .2100462E-10
2420 .2100868E-10
2421 .2101277E-10
2422 .2101685E-10
2423 .2102096E-10
2424 .2102509E-10
2425 .2102920E-10
2426 .2103332E-10
2427 .2103746E-10
2428 .2104163E-10
2429 .2104579E-10
2430 .2104998E-10
2431 .2105414E-10
2432 .2105834E-10
2433 .2106253E-10
2434 .2106673E-10
2435 .2107096E-10
2436 .2107519E-10
2437 .2107940E-10
2438 .2108362E-10
2439 .2108790E-10
2440 .2109216E-10
2441 .2109642E-10
2442 .2110070E-10
2443 .2110496E-10
2444 .2110924E-10
2445 .2111356E-10
2446 .2111782E-10
2447 .2112216E-10
2448 .2112648E-10
2449 .2113080E-10
2450 .2113514E-10
2451 .2113947E-10
2452 .2114380E-10
2453 .2114817E-10
2454 .2115253E-10
2455 .2115687E-10
2456 .2116123E-10
2457 .2116562E-10
2458 .2116999E-10
2459 .2117439E-10
2460 .2117880E-10
2461 .2118316E-10
2462 .2118759E-10
2463 .2119198E-10
2464 .2119642E-10
2465 .2120084E-10
2466 .2120526E-10
2467 .2120969E-10
2468 .2121411E-10
2469 .2121854E-10
2470 .2122299E-10
2471 .2122745E-10
2472 .2123188E-10
2473 .2123634E-10
2474 .2124082E-10
2475 .2124526E-10
2476 .2124975E-10
2477 .2125421E-10
2478 .2125870E-10
2479 .2126318E-10
2480 .2126766E-10
2481 .2127215E-10
2482 .2127662E-10
2483 .2128112E-10
2484 .2128561E-10
2485 .2129012E-10
2486 .2129461E-10
2487 .2129910E-10
2488 .2130364E-10
2489 .2130814E-10
2490 .2131264E-10
2491 .2131717E-10
2492 .2132168E-10
2493 .2132620E-10
2494 .2133071E-10
2495 .2133522E-10
2496 .2133975E-10
2497 .2134428E-10
2498 .2134879E-10
2499 .2135330E-10
2500 .2135784E-10
