100 .3848927E-15
101 .1483811E-14
102 .3997884E-14
103 .8836936E-14
104 .1717409E-13
105 .3044980E-13
106 .5036130E-13
107 .7883627E-13
108 .1179896E-12
109 .1700635E-12
110 .2373503E-12
111 .3221016E-12
112 .4264229E-12
113 .5521591E-12
114 .7007733E-12
115 .8732243E-12
116 .1069846E-11
117 .1290236E-11
118 .1533162E-11
119 .1796481E-11
120 .2077095E-11
121 .2370929E-11
122 .2672956E-11
123 .2977254E-11
124 .3277110E-11
125 .3565174E-11
126 .3834389E-11
127 .4080798E-11
128 .4302066E-11
129 .4496855E-11
130 .4664790E-11
131 .4806407E-11
132 .4923065E-11
133 .5016854E-11
134 .5090473E-11
135 .5147139E-11
136 .5190457E-11
137 .5224355E-11
138 .5252897E-11
139 .5278621E-11
140 .5302389E-11
141 .5325002E-11
142 .5347241E-11
143 .5369903E-11
144 .5393789E-11
145 .5419706E-11
146 .5448489E-11
147 .5480991E-11
148 .5518096E-11
149 .5560734E-11
150 .5609872E-11
151 .5666363E-11
152 .5730366E-11
153 .5801884E-11
154 .5880906E-11
155 .5967433E-11
156 .6061456E-11
157 .6162976E-11
158 .6271979E-11
159 .6388458E-11
160 .6512392E-11
161 .6643760E-11
162 .6782526E-11
163 .6928652E-11
164 .7082075E-11
165 .7242735E-11
166 .7410538E-11
167 .7585388E-11
168 .7767154E-11
169 .7955697E-11
170 .8150839E-11
171 .8352389E-11
172 .8560113E-11
173 .8773759E-11
174 .8993029E-11
175 .9217602E-11
176 .9447135E-11
177 .9681399E-11
178 .9920156E-11
179 .1016314E-10
180 .1041006E-10
181 .1066058E-10
182 .1091435E-10
183 .1117096E-10
184 .1142998E-10
185 .1169095E-10
186 .1195334E-10
187 .1221663E-10
188 .1248022E-10
189 .1274351E-10
190 .1300582E-10
191 .1326647E-10
192 .1352472E-10
193 .1377982E-10
194 .1403094E-10
195 .1427728E-10
196 .1451795E-10
197 .1475208E-10
198 .1497874E-10
199 .1519700E-10
200 .1540588E-10
201 .1560456E-10
202 .1579268E-10
203 .1597003E-10
204 .1613645E-10
205 .1629178E-10
206 .1643590E-10
207 .1656873E-10
208 .1669020E-10
209 .1680027E-10
210 .1689892E-10
211 .1698617E-10
212 .1706203E-10
213 .1712658E-10
214 .1717989E-10
215 .1722207E-10
216 .1725322E-10
217 .1727348E-10
218 .1728303E-10
219 .1728202E-10
220 .1727065E-10
221 .1724913E-10
222 .1721765E-10
223 .1717646E-10
224 .1712580E-10
225 .1706591E-10
226 .1699730E-10
227 .1692158E-10
228 .1684058E-10
229 .1675617E-10
230 .1667017E-10
231 .1658441E-10
232 .1650073E-10
233 .1642092E-10
234 .1634680E-10
235 .1628014E-10
236 .1622276E-10
237 .1617644E-10
238 .1614298E-10
239 .1612421E-10
240 .1612195E-10
241 .1613808E-10
242 .1617453E-10
243 .1623324E-10
244 .1631628E-10
245 .1642576E-10
246 .1656391E-10
247 .1673308E-10
248 .1693576E-10
249 .1717458E-10
250 .1745241E-10
251 .1497685E-10
252 .1659540E-10
253 .1892966E-10
254 .2354268E-10
255 .2708413E-10
256 .2834374E-10
257 .3358983E-10
258 .3013952E-10
259 .3485860E-10
260 .3667076E-10
261 .3318489E-10
262 .3394392E-10
263 .2953752E-10
264 .2341948E-10
265 .2295011E-10
266 .2056594E-10
267 .2106936E-10
268 .2442956E-10
269 .3730982E-10
270 .5790562E-10
271 .8319465E-10
272 .9937345E-10
273 .1014990E-09
274 .1007020E-09
275 .1055123E-09
276 .1041658E-09
277 .1074248E-09
278 .1041636E-09
279 .1201039E-09
280 .1196230E-09
281 .1170690E-09
282 .1171359E-09
283 .1114660E-09
284 .1038419E-09
285 .1087419E-09
286 .1070496E-09
287 .1093785E-09
288 .1096737E-09
289 .1157621E-09
290 .1314573E-09
291 .1402229E-09
292 .1540724E-09
293 .1605172E-09
294 .1648060E-09
295 .1703972E-09
296 .1639368E-09
297 .1593790E-09
298 .1573359E-09
299 .1524172E-09
300 .1406444E-09
301 .1360356E-09
302 .1261595E-09
303 .1281908E-09
304 .1331359E-09
305 .1323115E-09
306 .1336012E-09
307 .1287744E-09
308 .1357252E-09
309 .1353672E-09
310 .1195791E-09
311 .1228164E-09
312 .1360860E-09
313 .1337770E-09
314 .1393056E-09
315 .1387762E-09
316 .1439800E-09
317 .1472647E-09
318 .1637178E-09
319 .1669616E-09
320 .1792091E-09
321 .1680888E-09
322 .1642751E-09
323 .1474984E-09
324 .1437712E-09
325 .1377000E-09
326 .1294595E-09
327 .1250214E-09
328 .1196751E-09
329 .1158014E-09
330 .1207032E-09
331 .1192786E-09
332 .1290555E-09
333 .1278894E-09
334 .1307973E-09
335 .1285474E-09
336 .1280961E-09
337 .1321713E-09
338 .1312623E-09
339 .1332684E-09
340 .1396800E-09
341 .1399554E-09
342 .1554032E-09
343 .1652305E-09
344 .1648741E-09
345 .1671226E-09
346 .1574610E-09
347 .1624256E-09
348 .1622812E-09
349 .1613466E-09
350 .1542154E-09
351 .1629305E-09
352 .1706880E-09
353 .1845895E-09
354 .1986410E-09
355 .2101613E-09
356 .2119373E-09
357 .2109052E-09
358 .2185508E-09
359 .2182405E-09
360 .2272335E-09
361 .2264659E-09
362 .2292354E-09
363 .2204794E-09
364 .2083042E-09
365 .2127673E-09
366 .2213926E-09
367 .2418149E-09
368 .2618134E-09
369 .2886820E-09
370 .3216462E-09
371 .3440720E-09
372 .3556637E-09
373 .3621843E-09
374 .3486728E-09
375 .3248828E-09
376 .3053996E-09
377 .2723033E-09
378 .2340438E-09
379 .1927970E-09
380 .1656851E-09
381 .1421351E-09
382 .1287801E-09
383 .1154949E-09
384 .1224399E-09
385 .1300754E-09
386 .1500597E-09
387 .1762702E-09
388 .2165115E-09
389 .2510452E-09
390 .2840443E-09
391 .3081570E-09
392 .3466816E-09
393 .3653079E-09
394 .4003407E-09
395 .4217800E-09
396 .4458045E-09
397 .4656995E-09
398 .4892375E-09
399 .5053967E-09
400 .4917912E-09
401 .4793089E-09
402 .4445357E-09
403 .4284185E-09
404 .3827863E-09
405 .3647075E-09
406 .3344231E-09
407 .3300774E-09
408 .3136832E-09
409 .3075402E-09
410 .2986115E-09
411 .2840329E-09
412 .2678783E-09
413 .2622411E-09
414 .2543496E-09
415 .2544532E-09
416 .2521538E-09
417 .2470980E-09
418 .2490548E-09
419 .2561339E-09
420 .2611969E-09
421 .2648990E-09
422 .2807168E-09
423 .2713004E-09
424 .2734235E-09
425 .2783497E-09
426 .2889463E-09
427 .2761746E-09
428 .2839645E-09
429 .2842693E-09
430 .2832525E-09
431 .3000988E-09
432 .2931537E-09
433 .3097664E-09
434 .3012062E-09
435 .3007376E-09
436 .3048712E-09
437 .2814386E-09
438 .2493438E-09
439 .2314726E-09
440 .2206799E-09
441 .1964800E-09
442 .1842848E-09
443 .1686424E-09
444 .1639068E-09
445 .1618178E-09
446 .1614714E-09
447 .1661055E-09
448 .1706928E-09
449 .1793067E-09
450 .1909286E-09
451 .2043998E-09
452 .2165214E-09
453 .2407004E-09
454 .2568831E-09
455 .2778702E-09
456 .3042289E-09
457 .3214637E-09
458 .3591773E-09
459 .3822153E-09
460 .4239735E-09
461 .4388337E-09
462 .4525821E-09
463 .4552150E-09
464 .4739658E-09
465 .4822322E-09
466 .4784523E-09
467 .4705194E-09
468 .4378410E-09
469 .4123659E-09
470 .3508725E-09
471 .3318404E-09
472 .2879006E-09
473 .2597237E-09
474 .2340004E-09
475 .2211892E-09
476 .2074862E-09
477 .1938706E-09
478 .1874286E-09
479 .1979983E-09
480 .2055276E-09
481 .2125233E-09
482 .2216397E-09
483 .2316295E-09
484 .2427419E-09
485 .2470459E-09
486 .2438637E-09
487 .2422921E-09
488 .2409471E-09
489 .2427814E-09
490 .2500233E-09
491 .2611102E-09
492 .2784682E-09
493 .2996387E-09
494 .3364502E-09
495 .3523421E-09
496 .3627486E-09
497 .3693212E-09
498 .3599522E-09
499 .3432403E-09
500 .3232661E-09
501 .2974902E-09
502 .2749909E-09
503 .2399968E-09
504 .2278864E-09
505 .2193308E-09
506 .2153228E-09
507 .2108613E-09
508 .2082669E-09
509 .2072948E-09
510 .2077140E-09
511 .2107863E-09
512 .2122052E-09
513 .2073589E-09
514 .2060518E-09
515 .2040004E-09
516 .2067878E-09
517 .2125466E-09
518 .2271222E-09
519 .2402627E-09
520 .2528638E-09
521 .2469546E-09
522 .2627177E-09
523 .3016605E-09
524 .3006843E-09
525 .3179970E-09
526 .3104578E-09
527 .3246830E-09
528 .3764339E-09
529 .3830740E-09
530 .3572331E-09
531 .4153716E-09
532 .4144193E-09
533 .4041520E-09
534 .3961541E-09
535 .3950363E-09
536 .3716924E-09
537 .3736880E-09
538 .3684524E-09
539 .3423591E-09
540 .3955424E-09
541 .3872010E-09
542 .3621289E-09
543 .3525777E-09
544 .4082187E-09
545 .4341748E-09
546 .4397637E-09
547 .5101001E-09
548 .4998447E-09
549 .5184923E-09
550 .5571137E-09
551 .5724112E-09
552 .5715053E-09
553 .5099187E-09
554 .5273903E-09
555 .5225580E-09
556 .5085284E-09
557 .5055111E-09
558 .4484737E-09
559 .4304808E-09
560 .4054070E-09
561 .3629480E-09
562 .3352465E-09
563 .3189065E-09
564 .2963066E-09
565 .2629107E-09
566 .2393921E-09
567 .1978029E-09
568 .1874722E-09
569 .1742937E-09
570 .1845859E-09
571 .1769213E-09
572 .1811541E-09
573 .1910014E-09
574 .1873941E-09
575 .1971933E-09
576 .1917783E-09
577 .2220361E-09
578 .2589727E-09
579 .2679202E-09
580 .3042845E-09
581 .3265616E-09
582 .3563501E-09
583 .3605796E-09
584 .3795696E-09
585 .3722296E-09
586 .4071217E-09
587 .4021771E-09
588 .3596217E-09
589 .2440687E-09
590 .3401516E-09
591 .3610682E-09
592 .3709393E-09
593 .3105583E-09
594 .3024888E-09
595 .2920901E-09
596 .2825771E-09
597 .2605563E-09
598 .2633269E-09
599 .2617633E-09
600 .2273759E-09
601 .2404069E-09
602 .2381194E-09
603 .2407832E-09
604 .2386735E-09
605 .2568401E-09
606 .2766308E-09
607 .2673294E-09
608 .2802275E-09
609 .2655662E-09
610 .2688807E-09
611 .2660491E-09
612 .2540149E-09
613 .2497753E-09
614 .2799799E-09
615 .2685037E-09
616 .2554891E-09
617 .2301219E-09
618 .2448504E-09
619 .2611731E-09
620 .2513927E-09
621 .2401119E-09
622 .2643084E-09
623 .2609811E-09
624 .2496726E-09
625 .2722616E-09
626 .2539822E-09
627 .2356030E-09
628 .2300965E-09
629 .2203346E-09
630 .2138610E-09
631 .2101051E-09
632 .2085735E-09
633 .2119461E-09
634 .2201244E-09
635 .2288571E-09
636 .2357258E-09
637 .2474012E-09
638 .2557138E-09
639 .2725312E-09
640 .2913983E-09
641 .3107916E-09
642 .3328723E-09
643 .3527781E-09
644 .3744817E-09
645 .3947349E-09
646 .4141851E-09
647 .4310630E-09
648 .4424199E-09
649 .4596089E-09
650 .4726605E-09
651 .4825841E-09
652 .4893422E-09
653 .4946309E-09
654 .5002468E-09
655 .5048580E-09
656 .5059422E-09
657 .5036804E-09
658 .5025561E-09
659 .4992091E-09
660 .4919348E-09
661 .4818782E-09
662 .4679931E-09
663 .4586784E-09
664 .4430041E-09
665 .4257868E-09
666 .4083190E-09
667 .3899188E-09
668 .3781777E-09
669 .3612542E-09
670 .3445481E-09
671 .3291333E-09
672 .3158953E-09
673 .3047210E-09
674 .2917002E-09
675 .2780966E-09
676 .2698007E-09
677 .2609469E-09
678 .2534264E-09
679 .2464641E-09
680 .2410238E-09
681 .2371126E-09
682 .2325141E-09
683 .2304551E-09
684 .2356313E-09
685 .2301625E-09
686 .2129810E-09
687 .2065741E-09
688 .2033219E-09
689 .2143814E-09
690 .2222804E-09
691 .2291831E-09
692 .2375078E-09
693 .2430068E-09
694 .2453662E-09
695 .2473810E-09
696 .2523657E-09
697 .2555864E-09
698 .2557694E-09
699 .2555919E-09
700 .2664013E-09
701 .2786575E-09
702 .2758848E-09
703 .2783551E-09
704 .2726136E-09
705 .2694741E-09
706 .2757020E-09
707 .2672806E-09
708 .2672846E-09
709 .2750240E-09
710 .2773239E-09
711 .2745994E-09
712 .2823895E-09
713 .2844418E-09
714 .2861682E-09
715 .2926585E-09
716 .2915248E-09
717 .2960802E-09
718 .3162170E-09
719 .3301961E-09
720 .3429973E-09
721 .3386811E-09
722 .3370283E-09
723 .3444701E-09
724 .3621160E-09
725 .3755075E-09
726 .4076569E-09
727 .4015236E-09
728 .3867444E-09
729 .3785906E-09
730 .3830932E-09
731 .3860660E-09
732 .3822191E-09
733 .3720748E-09
734 .3672182E-09
735 .3621552E-09
736 .3572130E-09
737 .3566359E-09
738 .3535710E-09
739 .3519904E-09
740 .3517533E-09
741 .3507681E-09
742 .3565865E-09
743 .3552508E-09
744 .3526001E-09
745 .3511574E-09
746 .3493595E-09
747 .3461638E-09
748 .3380231E-09
749 .3224038E-09
750 .3094395E-09
751 .2998488E-09
752 .2776936E-09
753 .2619145E-09
754 .2469675E-09
755 .2375352E-09
756 .2210365E-09
757 .1955260E-09
758 .1895934E-09
759 .1859173E-09
760 .1818908E-09
761 .1439537E-09
762 .7181297E-10
763 .1139035E-09
764 .1361682E-09
765 .1170086E-09
766 .1392308E-09
767 .1628238E-09
768 .1934609E-09
769 .2033172E-09
770 .2113706E-09
771 .2218554E-09
772 .2220608E-09
773 .2151557E-09
774 .2262938E-09
775 .2214367E-09
776 .2117664E-09
777 .2162087E-09
778 .2139224E-09
779 .2120428E-09
780 .1987935E-09
781 .1965240E-09
782 .1956160E-09
783 .1798273E-09
784 .1777299E-09
785 .1761994E-09
786 .1678227E-09
787 .1551145E-09
788 .1513286E-09
789 .1430991E-09
790 .1336414E-09
791 .1280435E-09
792 .1258117E-09
793 .1163150E-09
794 .1078659E-09
795 .1012207E-09
796 .1001032E-09
797 .9704775E-10
798 .8838032E-10
799 .8418759E-10
800 .8118326E-10
801 .8187964E-10
802 .7543738E-10
803 .7355118E-10
804 .7123458E-10
805 .7095331E-10
806 .7013872E-10
807 .7107863E-10
808 .6815978E-10
809 .6259854E-10
810 .6619249E-10
811 .6300475E-10
812 .6426975E-10
813 .6137895E-10
814 .6446483E-10
815 .5998892E-10
816 .5799583E-10
817 .6156108E-10
818 .5521865E-10
819 .5305797E-10
820 .5086621E-10
821 .4533114E-10
822 .4164790E-10
823 .3656344E-10
824 .3160976E-10
825 .2316345E-10
826 .2247799E-10
827 .1988514E-10
828 .2023230E-10
829 .2065902E-10
830 .1640809E-10
831 .1712341E-10
832 .2020338E-10
833 .1923783E-10
834 .2049169E-10
835 .2481941E-10
836 .2262243E-10
837 .2605638E-10
838 .3036947E-10
839 .3052831E-10
840 .3130038E-10
841 .3390993E-10
842 .3573975E-10
843 .4087859E-10
844 .4483848E-10
845 .4854381E-10
846 .5140759E-10
847 .5638947E-10
848 .6617053E-10
849 .7456389E-10
850 .8215248E-10
851 .8809486E-10
852 .9442064E-10
853 .1026909E-09
854 .1144554E-09
855 .1316633E-09
856 .1422919E-09
857 .1406249E-09
858 .1378210E-09
859 .1366017E-09
860 .1404493E-09
861 .1433876E-09
862 .1538489E-09
863 .1555655E-09
864 .1514537E-09
865 .1473990E-09
866 .1425239E-09
867 .1403754E-09
868 .1534712E-09
869 .1644118E-09
870 .1598516E-09
871 .1539371E-09
872 .1541305E-09
873 .1565329E-09
874 .1626896E-09
875 .1817138E-09
876 .1845015E-09
877 .1707512E-09
878 .1633035E-09
879 .1788638E-09
880 .1932542E-09
881 .1913636E-09
882 .1867826E-09
883 .1775481E-09
884 .1633842E-09
885 .1638628E-09
886 .1690217E-09
887 .1825757E-09
888 .1801724E-09
889 .1633766E-09
890 .1500458E-09
891 .1486341E-09
892 .1546171E-09
893 .1562982E-09
894 .1508393E-09
895 .1519767E-09
896 .1468680E-09
897 .1407614E-09
898 .1360033E-09
899 .1350611E-09
900 .1401962E-09
901 .1288032E-09
902 .1250294E-09
903 .1285242E-09
904 .1254785E-09
905 .1222694E-09
906 .1263002E-09
907 .1261277E-09
908 .1209704E-09
909 .1196018E-09
910 .1192083E-09
911 .1197977E-09
912 .1251024E-09
913 .1276184E-09
914 .1262166E-09
915 .1198419E-09
916 .1180691E-09
917 .1180937E-09
918 .1125419E-09
919 .1140352E-09
920 .1126334E-09
921 .1141990E-09
922 .1184090E-09
923 .1217604E-09
924 .1302402E-09
925 .1306975E-09
926 .1156081E-09
927 .1115402E-09
928 .1075154E-09
929 .1058330E-09
930 .1118630E-09
931 .1179143E-09
932 .1124429E-09
933 .1027940E-09
934 .8827905E-10
935 .9039090E-10
936 .9297923E-10
937 .9775385E-10
938 .9737221E-10
939 .1333159E-09
940 .1204204E-09
941 .8555032E-10
942 .9286168E-10
943 .9012609E-10
944 .9119981E-10
945 .1019294E-09
946 .1056607E-09
947 .1128403E-09
948 .1110097E-09
949 .1108203E-09
950 .1092235E-09
951 .1121494E-09
952 .1015878E-09
953 .1153015E-09
954 .1420570E-09
955 .1298374E-09
956 .1238646E-09
957 .1250039E-09
958 .1127775E-09
959 .1111541E-09
960 .1188653E-09
961 .1174387E-09
962 .1154710E-09
963 .1067648E-09
964 .9851828E-10
965 .1000882E-09
966 .9903577E-10
967 .9932918E-10
968 .9292709E-10
969 .8674282E-10
970 .9304848E-10
971 .9736087E-10
972 .1000914E-09
973 .9324803E-10
974 .9105834E-10
975 .9777247E-10
976 .9150738E-10
977 .9814455E-10
978 .1041522E-09
979 .9941189E-10
980 .1122692E-09
981 .1127781E-09
982 .1022767E-09
983 .1073233E-09
984 .1147145E-09
985 .1258590E-09
986 .1274867E-09
987 .1275691E-09
988 .1509104E-09
989 .1482146E-09
990 .1357718E-09
991 .1349863E-09
992 .1442696E-09
993 .1494432E-09
994 .1487352E-09
995 .1443851E-09
996 .1487057E-09
997 .1672480E-09
998 .1499080E-09
999 .1485537E-09
1000 .1528245E-09
1001 .1518392E-09
1002 .1508526E-09
1003 .1498636E-09
1004 .1488731E-09
1005 .1478810E-09
1006 .1468869E-09
1007 .1458914E-09
1008 .1448940E-09
1009 .1438948E-09
1010 .1428941E-09
1011 .1418916E-09
1012 .1408875E-09
1013 .1398817E-09
1014 .1388742E-09
1015 .1378652E-09
1016 .1368546E-09
1017 .1358422E-09
1018 .1348282E-09
1019 .1338128E-09
1020 .1327957E-09
1021 .1317770E-09
1022 .1307568E-09
1023 .1297351E-09
1024 .1287117E-09
1025 .1276870E-09
1026 .1266606E-09
1027 .1256327E-09
1028 .1246035E-09
1029 .1235726E-09
1030 .1225404E-09
1031 .1215066E-09
1032 .1204715E-09
1033 .1194349E-09
1034 .1183967E-09
1035 .1173573E-09
1036 .1163165E-09
1037 .1152742E-09
1038 .1142305E-09
1039 .1131855E-09
1040 .1121392E-09
1041 .1110915E-09
1042 .1100424E-09
1043 .1089921E-09
1044 .1079404E-09
1045 .1068874E-09
1046 .1058332E-09
1047 .1047776E-09
1048 .1037208E-09
1049 .1026628E-09
1050 .1016037E-09
1051 .1005433E-09
1052 .9948149E-10
1053 .9841880E-10
1054 .9735477E-10
1055 .9628952E-10
1056 .9522325E-10
1057 .9415582E-10
1058 .9308729E-10
1059 .9201753E-10
1060 .9094681E-10
1061 .8987489E-10
1062 .8880196E-10
1063 .8772816E-10
1064 .8665310E-10
1065 .8557706E-10
1066 .8449998E-10
1067 .8342194E-10
1068 .8234293E-10
1069 .8126283E-10
1070 .8018178E-10
1071 .7909979E-10
1072 .7801687E-10
1073 .7693309E-10
1074 .7584818E-10
1075 .7476249E-10
1076 .7367590E-10
1077 .7258833E-10
1078 .7149993E-10
1079 .7041064E-10
1080 .6932053E-10
1081 .6822947E-10
1082 .6713760E-10
1083 .6604492E-10
1084 .6495135E-10
1085 .6385701E-10
1086 .6276184E-10
1087 .6166588E-10
1088 .6056918E-10
1089 .5947163E-10
1090 .5837330E-10
1091 .5727422E-10
1092 .5617443E-10
1093 .5507383E-10
1094 .5397247E-10
1095 .5287044E-10
1096 .5176768E-10
1097 .5066417E-10
1098 .4955998E-10
1099 .4845504E-10
1100 .4734946E-10
1101 .4624312E-10
1102 .4513619E-10
1103 .4402852E-10
1104 .4292024E-10
1105 .4181129E-10
1106 .4070166E-10
1107 .3959133E-10
1108 .3848045E-10
1109 .3736889E-10
1110 .3625670E-10
1111 .3514390E-10
1112 .3403050E-10
1113 .3291649E-10
1114 .3180185E-10
1115 .3068661E-10
1116 .2957078E-10
1117 .2845435E-10
1118 .2733732E-10
1119 .2621974E-10
1120 .2510158E-10
1121 .2398283E-10
1122 .2286349E-10
1123 .2174365E-10
1124 .2062320E-10
1125 .1950220E-10
1126 .1838066E-10
1127 .1725856E-10
1128 .1613592E-10
1129 .1501273E-10
1130 .1388901E-10
1131 .1389224E-10
1132 .1389547E-10
1133 .1389870E-10
1134 .1390190E-10
1135 .1390510E-10
1136 .1390831E-10
1137 .1391151E-10
1138 .1391469E-10
1139 .1391788E-10
1140 .1392104E-10
1141 .1392422E-10
1142 .1392737E-10
1143 .1393053E-10
1144 .1393367E-10
1145 .1393684E-10
1146 .1393998E-10
1147 .1394311E-10
1148 .1394627E-10
1149 .1394940E-10
1150 .1395255E-10
1151 .1395568E-10
1152 .1395882E-10
1153 .1396195E-10
1154 .1396510E-10
1155 .1396823E-10
1156 .1397137E-10
1157 .1397452E-10
1158 .1397766E-10
1159 .1398081E-10
1160 .1398394E-10
1161 .1398710E-10
1162 .1399026E-10
1163 .1399343E-10
1164 .1399659E-10
1165 .1399976E-10
1166 .1400295E-10
1167 .1400613E-10
1168 .1400933E-10
1169 .1401253E-10
1170 .1401575E-10
1171 .1401896E-10
1172 .1402218E-10
1173 .1402541E-10
1174 .1402864E-10
1175 .1403191E-10
1176 .1403516E-10
1177 .1403845E-10
1178 .1404173E-10
1179 .1404504E-10
1180 .1404834E-10
1181 .1405166E-10
1182 .1405500E-10
1183 .1405836E-10
1184 .1406172E-10
1185 .1406509E-10
1186 .1406849E-10
1187 .1407191E-10
1188 .1407534E-10
1189 .1407880E-10
1190 .1408225E-10
1191 .1408574E-10
1192 .1408922E-10
1193 .1409276E-10
1194 .1409629E-10
1195 .1409984E-10
1196 .1410342E-10
1197 .1410701E-10
1198 .1411064E-10
1199 .1411426E-10
1200 .1411792E-10
1201 .1412161E-10
1202 .1412530E-10
1203 .1412904E-10
1204 .1413280E-10
1205 .1413657E-10
1206 .1414037E-10
1207 .1414420E-10
1208 .1414806E-10
1209 .1415193E-10
1210 .1415584E-10
1211 .1415978E-10
1212 .1416373E-10
1213 .1416772E-10
1214 .1417174E-10
1215 .1417579E-10
1216 .1417986E-10
1217 .1418396E-10
1218 .1418810E-10
1219 .1419228E-10
1220 .1419647E-10
1221 .1420071E-10
1222 .1420497E-10
1223 .1420927E-10
1224 .1421361E-10
1225 .1421798E-10
1226 .1422238E-10
1227 .1422680E-10
1228 .1423128E-10
1229 .1423577E-10
1230 .1424031E-10
1231 .1424491E-10
1232 .1424951E-10
1233 .1425416E-10
1234 .1425886E-10
1235 .1426359E-10
1236 .1426836E-10
1237 .1427318E-10
1238 .1427802E-10
1239 .1428293E-10
1240 .1428785E-10
1241 .1429283E-10
1242 .1429784E-10
1243 .1430290E-10
1244 .1430803E-10
1245 .1431316E-10
1246 .1431834E-10
1247 .1432358E-10
1248 .1432887E-10
1249 .1433420E-10
1250 .1433955E-10
1251 .1434571E-10
1252 .1435191E-10
1253 .1435816E-10
1254 .1436445E-10
1255 .1437078E-10
1256 .1437719E-10
1257 .1438362E-10
1258 .1439012E-10
1259 .1439667E-10
1260 .1440325E-10
1261 .1440989E-10
1262 .1441658E-10
1263 .1442332E-10
1264 .1443012E-10
1265 .1443696E-10
1266 .1444387E-10
1267 .1445083E-10
1268 .1445785E-10
1269 .1446491E-10
1270 .1447203E-10
1271 .1447922E-10
1272 .1448645E-10
1273 .1449375E-10
1274 .1450110E-10
1275 .1450851E-10
1276 .1451598E-10
1277 .1452351E-10
1278 .1453110E-10
1279 .1453875E-10
1280 .1454646E-10
1281 .1455424E-10
1282 .1456206E-10
1283 .1456996E-10
1284 .1457794E-10
1285 .1458596E-10
1286 .1459404E-10
1287 .1460220E-10
1288 .1461041E-10
1289 .1461869E-10
1290 .1462703E-10
1291 .1463544E-10
1292 .1464390E-10
1293 .1465243E-10
1294 .1466102E-10
1295 .1466967E-10
1296 .1467838E-10
1297 .1468716E-10
1298 .1469599E-10
1299 .1470490E-10
1300 .1471385E-10
1301 .1472285E-10
1302 .1473193E-10
1303 .1474106E-10
1304 .1475026E-10
1305 .1475951E-10
1306 .1476881E-10
1307 .1477818E-10
1308 .1478760E-10
1309 .1479708E-10
1310 .1480662E-10
1311 .1481621E-10
1312 .1482587E-10
1313 .1483557E-10
1314 .1484534E-10
1315 .1485516E-10
1316 .1486504E-10
1317 .1487498E-10
1318 .1488495E-10
1319 .1489499E-10
1320 .1490509E-10
1321 .1491524E-10
1322 .1492544E-10
1323 .1493568E-10
1324 .1494599E-10
1325 .1495635E-10
1326 .1496676E-10
1327 .1497724E-10
1328 .1498776E-10
1329 .1499831E-10
1330 .1500894E-10
1331 .1501961E-10
1332 .1503035E-10
1333 .1504111E-10
1334 .1505194E-10
1335 .1506279E-10
1336 .1507372E-10
1337 .1508468E-10
1338 .1509570E-10
1339 .1510677E-10
1340 .1511789E-10
1341 .1512905E-10
1342 .1514026E-10
1343 .1515151E-10
1344 .1516282E-10
1345 .1517416E-10
1346 .1518556E-10
1347 .1519700E-10
1348 .1520851E-10
1349 .1522002E-10
1350 .1523161E-10
1351 .1524323E-10
1352 .1525488E-10
1353 .1526659E-10
1354 .1527835E-10
1355 .1529017E-10
1356 .1530199E-10
1357 .1531387E-10
1358 .1532581E-10
1359 .1533778E-10
1360 .1534977E-10
1361 .1536182E-10
1362 .1537391E-10
1363 .1538605E-10
1364 .1539822E-10
1365 .1541043E-10
1366 .1542269E-10
1367 .1543497E-10
1368 .1544730E-10
1369 .1545965E-10
1370 .1547207E-10
1371 .1548994E-10
1372 .1550786E-10
1373 .1552584E-10
1374 .1554385E-10
1375 .1556190E-10
1376 .1558002E-10
1377 .1559816E-10
1378 .1561635E-10
1379 .1563458E-10
1380 .1565287E-10
1381 .1567119E-10
1382 .1568956E-10
1383 .1570796E-10
1384 .1572642E-10
1385 .1574491E-10
1386 .1576345E-10
1387 .1578202E-10
1388 .1580063E-10
1389 .1581930E-10
1390 .1583800E-10
1391 .1585675E-10
1392 .1587551E-10
1393 .1589434E-10
1394 .1591319E-10
1395 .1593210E-10
1396 .1595104E-10
1397 .1597000E-10
1398 .1598902E-10
1399 .1600806E-10
1400 .1602716E-10
1401 .1604627E-10
1402 .1606544E-10
1403 .1608462E-10
1404 .1610386E-10
1405 .1612310E-10
1406 .1614242E-10
1407 .1616176E-10
1408 .1618114E-10
1409 .1620052E-10
1410 .1621996E-10
1411 .1623943E-10
1412 .1625895E-10
1413 .1627847E-10
1414 .1629804E-10
1415 .1631765E-10
1416 .1633727E-10
1417 .1635694E-10
1418 .1637663E-10
1419 .1639635E-10
1420 .1641611E-10
1421 .1643586E-10
1422 .1645569E-10
1423 .1647552E-10
1424 .1649538E-10
1425 .1651527E-10
1426 .1653520E-10
1427 .1655515E-10
1428 .1657512E-10
1429 .1659513E-10
1430 .1661515E-10
1431 .1663520E-10
1432 .1665528E-10
1433 .1667537E-10
1434 .1669550E-10
1435 .1671566E-10
1436 .1673584E-10
1437 .1675602E-10
1438 .1677623E-10
1439 .1679648E-10
1440 .1681672E-10
1441 .1683701E-10
1442 .1685731E-10
1443 .1687765E-10
1444 .1689798E-10
1445 .1691835E-10
1446 .1693873E-10
1447 .1695912E-10
1448 .1697954E-10
1449 .1700001E-10
1450 .1702044E-10
1451 .1704091E-10
1452 .1706139E-10
1453 .1708189E-10
1454 .1710242E-10
1455 .1712294E-10
1456 .1714350E-10
1457 .1716406E-10
1458 .1718462E-10
1459 .1720523E-10
1460 .1722583E-10
1461 .1724645E-10
1462 .1726707E-10
1463 .1728772E-10
1464 .1730837E-10
1465 .1732902E-10
1466 .1734969E-10
1467 .1737038E-10
1468 .1739106E-10
1469 .1741177E-10
1470 .1743248E-10
1471 .1745320E-10
1472 .1747390E-10
1473 .1749463E-10
1474 .1751537E-10
1475 .1753611E-10
1476 .1755686E-10
1477 .1757760E-10
1478 .1759836E-10
1479 .1761912E-10
1480 .1763990E-10
1481 .1766065E-10
1482 .1768142E-10
1483 .1770217E-10
1484 .1772297E-10
1485 .1774374E-10
1486 .1776451E-10
1487 .1778529E-10
1488 .1780605E-10
1489 .1782683E-10
1490 .1784761E-10
1491 .1786839E-10
1492 .1788916E-10
1493 .1790995E-10
1494 .1793073E-10
1495 .1795150E-10
1496 .1797228E-10
1497 .1799304E-10
1498 .1801382E-10
1499 .1803459E-10
1500 .1805536E-10
1501 .1807006E-10
1502 .1808477E-10
1503 .1809945E-10
1504 .1811412E-10
1505 .1812878E-10
1506 .1814343E-10
1507 .1815805E-10
1508 .1817267E-10
1509 .1818730E-10
1510 .1820187E-10
1511 .1821644E-10
1512 .1823100E-10
1513 .1824556E-10
1514 .1826010E-10
1515 .1827461E-10
1516 .1828912E-10
1517 .1830363E-10
1518 .1831808E-10
1519 .1833257E-10
1520 .1834701E-10
1521 .1836145E-10
1522 .1837586E-10
1523 .1839025E-10
1524 .1840464E-10
1525 .1841900E-10
1526 .1843334E-10
1527 .1844768E-10
1528 .1846199E-10
1529 .1847629E-10
1530 .1849056E-10
1531 .1850483E-10
1532 .1851908E-10
1533 .1853329E-10
1534 .1854751E-10
1535 .1856170E-10
1536 .1857587E-10
1537 .1859003E-10
1538 .1860415E-10
1539 .1861825E-10
1540 .1863235E-10
1541 .1864643E-10
1542 .1866047E-10
1543 .1867451E-10
1544 .1868853E-10
1545 .1870251E-10
1546 .1871648E-10
1547 .1873043E-10
1548 .1874435E-10
1549 .1875826E-10
1550 .1877215E-10
1551 .1878600E-10
1552 .1879984E-10
1553 .1881366E-10
1554 .1882745E-10
1555 .1884122E-10
1556 .1885498E-10
1557 .1886869E-10
1558 .1888240E-10
1559 .1889608E-10
1560 .1890974E-10
1561 .1892334E-10
1562 .1893694E-10
1563 .1895054E-10
1564 .1896409E-10
1565 .1897763E-10
1566 .1899112E-10
1567 .1900460E-10
1568 .1901804E-10
1569 .1903147E-10
1570 .1904488E-10
1571 .1905824E-10
1572 .1907159E-10
1573 .1908490E-10
1574 .1909820E-10
1575 .1911146E-10
1576 .1912468E-10
1577 .1913791E-10
1578 .1915108E-10
1579 .1916422E-10
1580 .1917735E-10
1581 .1919044E-10
1582 .1920353E-10
1583 .1921654E-10
1584 .1922954E-10
1585 .1924253E-10
1586 .1925547E-10
1587 .1926840E-10
1588 .1928128E-10
1589 .1929415E-10
1590 .1930696E-10
1591 .1931974E-10
1592 .1933250E-10
1593 .1934523E-10
1594 .1935794E-10
1595 .1937060E-10
1596 .1938323E-10
1597 .1939583E-10
1598 .1940840E-10
1599 .1942093E-10
1600 .1943344E-10
1601 .1944589E-10
1602 .1945834E-10
1603 .1947073E-10
1604 .1948310E-10
1605 .1949542E-10
1606 .1950771E-10
1607 .1951999E-10
1608 .1953222E-10
1609 .1954440E-10
1610 .1955656E-10
1611 .1956867E-10
1612 .1958074E-10
1613 .1959280E-10
1614 .1960480E-10
1615 .1961678E-10
1616 .1962871E-10
1617 .1964060E-10
1618 .1965246E-10
1619 .1966429E-10
1620 .1967606E-10
1621 .1968782E-10
1622 .1969952E-10
1623 .1971119E-10
1624 .1972283E-10
1625 .1973442E-10
1626 .1973831E-10
1627 .1974216E-10
1628 .1974600E-10
1629 .1974978E-10
1630 .1975354E-10
1631 .1975726E-10
1632 .1976093E-10
1633 .1976458E-10
1634 .1976820E-10
1635 .1977179E-10
1636 .1977532E-10
1637 .1977883E-10
1638 .1978232E-10
1639 .1978576E-10
1640 .1978916E-10
1641 .1979252E-10
1642 .1979584E-10
1643 .1979915E-10
1644 .1980239E-10
1645 .1980561E-10
1646 .1980879E-10
1647 .1981193E-10
1648 .1981502E-10
1649 .1981810E-10
1650 .1982111E-10
1651 .1982411E-10
1652 .1982705E-10
1653 .1982996E-10
1654 .1983284E-10
1655 .1983568E-10
1656 .1983846E-10
1657 .1984121E-10
1658 .1984393E-10
1659 .1984660E-10
1660 .1984923E-10
1661 .1985183E-10
1662 .1985437E-10
1663 .1985687E-10
1664 .1985935E-10
1665 .1986177E-10
1666 .1986414E-10
1667 .1986650E-10
1668 .1986879E-10
1669 .1987104E-10
1670 .1987326E-10
1671 .1987543E-10
1672 .1987756E-10
1673 .1987965E-10
1674 .1988167E-10
1675 .1988367E-10
1676 .1988563E-10
1677 .1988755E-10
1678 .1988940E-10
1679 .1989122E-10
1680 .1989300E-10
1681 .1989472E-10
1682 .1989641E-10
1683 .1989805E-10
1684 .1989965E-10
1685 .1990121E-10
1686 .1990270E-10
1687 .1990419E-10
1688 .1990559E-10
1689 .1990698E-10
1690 .1990831E-10
1691 .1990960E-10
1692 .1991086E-10
1693 .1991205E-10
1694 .1991322E-10
1695 .1991433E-10
1696 .1991541E-10
1697 .1991646E-10
1698 .1991745E-10
1699 .1991842E-10
1700 .1991930E-10
1701 .1992019E-10
1702 .1992101E-10
1703 .1992179E-10
1704 .1992256E-10
1705 .1992327E-10
1706 .1992392E-10
1707 .1992456E-10
1708 .1992515E-10
1709 .1992571E-10
1710 .1992621E-10
1711 .1992669E-10
1712 .1992712E-10
1713 .1992752E-10
1714 .1992786E-10
1715 .1992820E-10
1716 .1992846E-10
1717 .1992871E-10
1718 .1992890E-10
1719 .1992908E-10
1720 .1992920E-10
1721 .1992930E-10
1722 .1992935E-10
1723 .1992940E-10
1724 .1992936E-10
1725 .1992931E-10
1726 .1992922E-10
1727 .1992907E-10
1728 .1992891E-10
1729 .1992872E-10
1730 .1992848E-10
1731 .1992823E-10
1732 .1992793E-10
1733 .1992760E-10
1734 .1992723E-10
1735 .1992682E-10
1736 .1992638E-10
1737 .1992590E-10
1738 .1992540E-10
1739 .1992485E-10
1740 .1992428E-10
1741 .1992368E-10
1742 .1992304E-10
1743 .1992237E-10
1744 .1992167E-10
1745 .1992094E-10
1746 .1992017E-10
1747 .1991936E-10
1748 .1991853E-10
1749 .1991769E-10
1750 .1991677E-10
1751 .1991587E-10
1752 .1991490E-10
1753 .1991393E-10
1754 .1991291E-10
1755 .1991185E-10
1756 .1991079E-10
1757 .1990967E-10
1758 .1990854E-10
1759 .1990736E-10
1760 .1990615E-10
1761 .1990496E-10
1762 .1990371E-10
1763 .1990243E-10
1764 .1990111E-10
1765 .1989977E-10
1766 .1989843E-10
1767 .1989702E-10
1768 .1989561E-10
1769 .1989416E-10
1770 .1989270E-10
1771 .1989119E-10
1772 .1988965E-10
1773 .1988812E-10
1774 .1988654E-10
1775 .1988493E-10
1776 .1988329E-10
1777 .1988163E-10
1778 .1987997E-10
1779 .1987825E-10
1780 .1987652E-10
1781 .1987477E-10
1782 .1987298E-10
1783 .1987119E-10
1784 .1986934E-10
1785 .1986749E-10
1786 .1986561E-10
1787 .1986372E-10
1788 .1986180E-10
1789 .1985984E-10
1790 .1985787E-10
1791 .1985588E-10
1792 .1985384E-10
1793 .1985182E-10
1794 .1984977E-10
1795 .1984769E-10
1796 .1984557E-10
1797 .1984345E-10
1798 .1984131E-10
1799 .1983914E-10
1800 .1983695E-10
1801 .1976940E-10
1802 .1970186E-10
1803 .1963431E-10
1804 .1956675E-10
1805 .1949916E-10
1806 .1943161E-10
1807 .1936403E-10
1808 .1929645E-10
1809 .1922888E-10
1810 .1916130E-10
1811 .1909373E-10
1812 .1902612E-10
1813 .1895853E-10
1814 .1889093E-10
1815 .1882336E-10
1816 .1875580E-10
1817 .1868817E-10
1818 .1862059E-10
1819 .1855301E-10
1820 .1848541E-10
1821 .1841785E-10
1822 .1835026E-10
1823 .1828267E-10
1824 .1821510E-10
1825 .1814751E-10
1826 .1807993E-10
1827 .1801238E-10
1828 .1794480E-10
1829 .1787724E-10
1830 .1780969E-10
1831 .1774213E-10
1832 .1767460E-10
1833 .1760704E-10
1834 .1753951E-10
1835 .1747199E-10
1836 .1740447E-10
1837 .1733695E-10
1838 .1726943E-10
1839 .1720193E-10
1840 .1713445E-10
1841 .1706694E-10
1842 .1699947E-10
1843 .1693199E-10
1844 .1686453E-10
1845 .1679708E-10
1846 .1672965E-10
1847 .1666220E-10
1848 .1659478E-10
1849 .1652739E-10
1850 .1645997E-10
1851 .1639259E-10
1852 .1632520E-10
1853 .1625784E-10
1854 .1619049E-10
1855 .1612314E-10
1856 .1605579E-10
1857 .1598848E-10
1858 .1592119E-10
1859 .1585388E-10
1860 .1578659E-10
1861 .1571934E-10
1862 .1565207E-10
1863 .1558484E-10
1864 .1551760E-10
1865 .1545040E-10
1866 .1538320E-10
1867 .1531603E-10
1868 .1524885E-10
1869 .1518170E-10
1870 .1511457E-10
1871 .1504746E-10
1872 .1498035E-10
1873 .1491324E-10
1874 .1484618E-10
1875 .1477913E-10
1876 .1471208E-10
1877 .1464506E-10
1878 .1457807E-10
1879 .1451106E-10
1880 .1444411E-10
1881 .1437715E-10
1882 .1431022E-10
1883 .1424329E-10
1884 .1417640E-10
1885 .1410951E-10
1886 .1404266E-10
1887 .1397582E-10
1888 .1390900E-10
1889 .1384219E-10
1890 .1377542E-10
1891 .1370866E-10
1892 .1364191E-10
1893 .1357520E-10
1894 .1350848E-10
1895 .1344178E-10
1896 .1337514E-10
1897 .1330850E-10
1898 .1324188E-10
1899 .1317526E-10
1900 .1310868E-10
1901 .1304213E-10
1902 .1297558E-10
1903 .1290906E-10
1904 .1284256E-10
1905 .1277609E-10
1906 .1270965E-10
1907 .1264321E-10
1908 .1257679E-10
1909 .1251042E-10
1910 .1244405E-10
1911 .1237770E-10
1912 .1231140E-10
1913 .1224508E-10
1914 .1217883E-10
1915 .1211257E-10
1916 .1204635E-10
1917 .1198012E-10
1918 .1191396E-10
1919 .1184779E-10
1920 .1178165E-10
1921 .1171552E-10
1922 .1164945E-10
1923 .1158337E-10
1924 .1151734E-10
1925 .1145132E-10
1926 .1138533E-10
1927 .1131935E-10
1928 .1125340E-10
1929 .1118747E-10
1930 .1112157E-10
1931 .1105571E-10
1932 .1098985E-10
1933 .1092402E-10
1934 .1085821E-10
1935 .1079243E-10
1936 .1072668E-10
1937 .1066096E-10
1938 .1059524E-10
1939 .1052957E-10
1940 .1046391E-10
1941 .1039827E-10
1942 .1033266E-10
1943 .1026708E-10
1944 .1020151E-10
1945 .1013597E-10
1946 .1007046E-10
1947 .1000499E-10
1948 .9939511E-11
1949 .9874077E-11
1950 .9808671E-11
1951 .9743287E-11
1952 .9677922E-11
1953 .9612573E-11
1954 .9547271E-11
1955 .9481985E-11
1956 .9416730E-11
1957 .9351475E-11
1958 .9286261E-11
1959 .9221062E-11
1960 .9155908E-11
1961 .9090763E-11
1962 .9025634E-11
1963 .8960557E-11
1964 .8895481E-11
1965 .8830437E-11
1966 .8765428E-11
1967 .8700422E-11
1968 .8635446E-11
1969 .8570492E-11
1970 .8505561E-11
1971 .8440667E-11
1972 .8375787E-11
1973 .8310938E-11
1974 .8246097E-11
1975 .8181298E-11
1976 .8116501E-11
1977 .8051739E-11
1978 .7986986E-11
1979 .7922276E-11
1980 .7857579E-11
1981 .7792898E-11
1982 .7728246E-11
1983 .7663614E-11
1984 .7599004E-11
1985 .7534422E-11
1986 .7469855E-11
1987 .7405315E-11
1988 .7340789E-11
1989 .7276291E-11
1990 .7211814E-11
1991 .7147351E-11
1992 .7082915E-11
1993 .7018500E-11
1994 .6954105E-11
1995 .6889734E-11
1996 .6825378E-11
1997 .6761046E-11
1998 .6696728E-11
1999 .6632439E-11
2000 .6568161E-11
2001 .6503914E-11
2002 .6439682E-11
2003 .6375474E-11
2004 .6311277E-11
2005 .6247108E-11
2006 .6182952E-11
2007 .6118821E-11
2008 .6054707E-11
2009 .5990612E-11
2010 .5926541E-11
2011 .5925799E-11
2012 .5925062E-11
2013 .5924328E-11
2014 .5923598E-11
2015 .5922877E-11
2016 .5922154E-11
2017 .5921435E-11
2018 .5920716E-11
2019 .5920007E-11
2020 .5919301E-11
2021 .5918592E-11
2022 .5917891E-11
2023 .5917187E-11
2024 .5916502E-11
2025 .5915801E-11
2026 .5915115E-11
2027 .5914426E-11
2028 .5913738E-11
2029 .5913071E-11
2030 .5912391E-11
2031 .5911717E-11
2032 .5911044E-11
2033 .5910382E-11
2034 .5909717E-11
2035 .5909055E-11
2036 .5908401E-11
2037 .5907742E-11
2038 .5907091E-11
2039 .5906445E-11
2040 .5905798E-11
2041 .5905160E-11
2042 .5904520E-11
2043 .5903886E-11
2044 .5903254E-11
2045 .5902628E-11
2046 .5902003E-11
2047 .5901379E-11
2048 .5900764E-11
2049 .5900148E-11
2050 .5899536E-11
2051 .5898932E-11
2052 .5898320E-11
2053 .5897718E-11
2054 .5897117E-11
2055 .5896524E-11
2056 .5895932E-11
2057 .5895343E-11
2058 .5894748E-11
2059 .5894170E-11
2060 .5893591E-11
2061 .5893009E-11
2062 .5892442E-11
2063 .5891868E-11
2064 .5891299E-11
2065 .5890734E-11
2066 .5890171E-11
2067 .5889615E-11
2068 .5889061E-11
2069 .5888513E-11
2070 .5887961E-11
2071 .5887414E-11
2072 .5886875E-11
2073 .5886333E-11
2074 .5885800E-11
2075 .5885267E-11
2076 .5884745E-11
2077 .5884217E-11
2078 .5883688E-11
2079 .5883169E-11
2080 .5882654E-11
2081 .5882141E-11
2082 .5881629E-11
2083 .5881120E-11
2084 .5880618E-11
2085 .5880119E-11
2086 .5879618E-11
2087 .5879124E-11
2088 .5878631E-11
2089 .5878144E-11
2090 .5877660E-11
2091 .5877179E-11
2092 .5876700E-11
2093 .5876225E-11
2094 .5875754E-11
2095 .5875282E-11
2096 .5874814E-11
2097 .5874350E-11
2098 .5873893E-11
2099 .5873437E-11
2100 .5872984E-11
2101 .5872536E-11
2102 .5872083E-11
2103 .5871640E-11
2104 .5871200E-11
2105 .5870759E-11
2106 .5870329E-11
2107 .5869895E-11
2108 .5869467E-11
2109 .5869043E-11
2110 .5868617E-11
2111 .5868197E-11
2112 .5867785E-11
2113 .5867371E-11
2114 .5866963E-11
2115 .5866557E-11
2116 .5866152E-11
2117 .5865749E-11
2118 .5865357E-11
2119 .5864963E-11
2120 .5864569E-11
2121 .5864182E-11
2122 .5863796E-11
2123 .5863415E-11
2124 .5863038E-11
2125 .5862661E-11
2126 .5862288E-11
2127 .5861923E-11
2128 .5861553E-11
2129 .5861193E-11
2130 .5860831E-11
2131 .5860478E-11
2132 .5860122E-11
2133 .5859771E-11
2134 .5859422E-11
2135 .5859079E-11
2136 .5858736E-11
2137 .5858401E-11
2138 .5858062E-11
2139 .5857738E-11
2140 .5857408E-11
2141 .5857079E-11
2142 .5856758E-11
2143 .5856437E-11
2144 .5856122E-11
2145 .5855806E-11
2146 .5855503E-11
2147 .5855194E-11
2148 .5854886E-11
2149 .5854589E-11
2150 .5854290E-11
2151 .5853998E-11
2152 .5853702E-11
2153 .5853415E-11
2154 .5853130E-11
2155 .5852848E-11
2156 .5852569E-11
2157 .5852292E-11
2158 .5852019E-11
2159 .5851751E-11
2160 .5851483E-11
2161 .5851226E-11
2162 .5850958E-11
2163 .5850698E-11
2164 .5850447E-11
2165 .5850199E-11
2166 .5849952E-11
2167 .5849704E-11
2168 .5849460E-11
2169 .5849225E-11
2170 .5848989E-11
2171 .5848754E-11
2172 .5848525E-11
2173 .5848297E-11
2174 .5848072E-11
2175 .5847851E-11
2176 .5847637E-11
2177 .5847427E-11
2178 .5847212E-11
2179 .5847004E-11
2180 .5846796E-11
2181 .5846595E-11
2182 .5846400E-11
2183 .5846199E-11
2184 .5846010E-11
2185 .5845819E-11
2186 .5845631E-11
2187 .5845448E-11
2188 .5845269E-11
2189 .5845089E-11
2190 .5844913E-11
2191 .5844748E-11
2192 .5844577E-11
2193 .5844411E-11
2194 .5844248E-11
2195 .5844088E-11
2196 .5843932E-11
2197 .5843782E-11
2198 .5843631E-11
2199 .5843482E-11
2200 .5843347E-11
2201 .5843202E-11
2202 .5843063E-11
2203 .5842929E-11
2204 .5842799E-11
2205 .5842671E-11
2206 .5842542E-11
2207 .5842424E-11
2208 .5842303E-11
2209 .5842188E-11
2210 .5842074E-11
2211 .5841968E-11
2212 .5841855E-11
2213 .5841754E-11
2214 .5841651E-11
2215 .5841554E-11
2216 .5841463E-11
2217 .5841369E-11
2218 .5841278E-11
2219 .5841198E-11
2220 .5841112E-11
2221 .5841033E-11
2222 .5840956E-11
2223 .5840882E-11
2224 .5840812E-11
2225 .5840751E-11
2226 .5840683E-11
2227 .5840623E-11
2228 .5840565E-11
2229 .5840504E-11
2230 .5840458E-11
2231 .5840407E-11
2232 .5840369E-11
2233 .5840322E-11
2234 .5840282E-11
2235 .5840250E-11
2236 .5840211E-11
2237 .5840182E-11
2238 .5840155E-11
2239 .5840130E-11
2240 .5840105E-11
2241 .5840092E-11
2242 .5840074E-11
2243 .5840064E-11
2244 .5840052E-11
2245 .5840046E-11
2246 .5840043E-11
2247 .5840041E-11
2248 .5840040E-11
2249 .5840051E-11
2250 .5840061E-11
2251 .5840067E-11
2252 .5840082E-11
2253 .5840097E-11
2254 .5840119E-11
2255 .5840141E-11
2256 .5840167E-11
2257 .5840195E-11
2258 .5840229E-11
2259 .5840258E-11
2260 .5840294E-11
2261 .5840333E-11
2262 .5840376E-11
2263 .5840423E-11
2264 .5840468E-11
2265 .5840523E-11
2266 .5840573E-11
2267 .5840628E-11
2268 .5840688E-11
2269 .5840747E-11
2270 .5840816E-11
2271 .5840879E-11
2272 .5840945E-11
2273 .5841023E-11
2274 .5841099E-11
2275 .5841178E-11
2276 .5841253E-11
2277 .5841341E-11
2278 .5841418E-11
2279 .5841511E-11
2280 .5841604E-11
2281 .5841695E-11
2282 .5841792E-11
2283 .5841888E-11
2284 .5841986E-11
2285 .5842089E-11
2286 .5842195E-11
2287 .5842305E-11
2288 .5842412E-11
2289 .5842529E-11
2290 .5842643E-11
2291 .5842759E-11
2292 .5842882E-11
2293 .5843008E-11
2294 .5843133E-11
2295 .5843259E-11
2296 .5843391E-11
2297 .5843519E-11
2298 .5843654E-11
2299 .5843794E-11
2300 .5843932E-11
2301 .5844077E-11
2302 .5844222E-11
2303 .5844366E-11
2304 .5844514E-11
2305 .5844666E-11
2306 .5844820E-11
2307 .5844976E-11
2308 .5845134E-11
2309 .5845296E-11
2310 .5845458E-11
2311 .5845623E-11
2312 .5845791E-11
2313 .5845958E-11
2314 .5846132E-11
2315 .5846304E-11
2316 .5846481E-11
2317 .5846657E-11
2318 .5846842E-11
2319 .5847023E-11
2320 .5847204E-11
2321 .5847395E-11
2322 .5847585E-11
2323 .5847772E-11
2324 .5847969E-11
2325 .5848162E-11
2326 .5848362E-11
2327 .5848557E-11
2328 .5848759E-11
2329 .5848963E-11
2330 .5849171E-11
2331 .5849380E-11
2332 .5849580E-11
2333 .5849798E-11
2334 .5850011E-11
2335 .5850227E-11
2336 .5850441E-11
2337 .5850662E-11
2338 .5850886E-11
2339 .5851113E-11
2340 .5851331E-11
2341 .5851559E-11
2342 .5851792E-11
2343 .5852021E-11
2344 .5852255E-11
2345 .5852492E-11
2346 .5852726E-11
2347 .5852968E-11
2348 .5853209E-11
2349 .5853447E-11
2350 .5853691E-11
2351 .5853936E-11
2352 .5854184E-11
2353 .5854432E-11
2354 .5854688E-11
2355 .5854943E-11
2356 .5855193E-11
2357 .5855452E-11
2358 .5855704E-11
2359 .5855966E-11
2360 .5856231E-11
2361 .5856495E-11
2362 .5856763E-11
2363 .5857020E-11
2364 .5857292E-11
2365 .5857565E-11
2366 .5857837E-11
2367 .5858109E-11
2368 .5858386E-11
2369 .5858660E-11
2370 .5858942E-11
2371 .5859223E-11
2372 .5859500E-11
2373 .5859784E-11
2374 .5860068E-11
2375 .5860356E-11
2376 .5860639E-11
2377 .5860933E-11
2378 .5861219E-11
2379 .5861518E-11
2380 .5861805E-11
2381 .5862105E-11
2382 .5862400E-11
2383 .5862700E-11
2384 .5862997E-11
2385 .5863299E-11
2386 .5863601E-11
2387 .5863904E-11
2388 .5864207E-11
2389 .5864519E-11
2390 .5864830E-11
2391 .5865134E-11
2392 .5865443E-11
2393 .5865756E-11
2394 .5866074E-11
2395 .5866386E-11
2396 .5866703E-11
2397 .5867021E-11
2398 .5867340E-11
2399 .5867660E-11
2400 .5867983E-11
2401 .5868307E-11
2402 .5868625E-11
2403 .5868955E-11
2404 .5869283E-11
2405 .5869612E-11
2406 .5869935E-11
2407 .5870268E-11
2408 .5870604E-11
2409 .5870931E-11
2410 .5871268E-11
2411 .5871599E-11
2412 .5871938E-11
2413 .5872279E-11
2414 .5872613E-11
2415 .5872952E-11
2416 .5873293E-11
2417 .5873636E-11
2418 .5873975E-11
2419 .5874321E-11
2420 .5874663E-11
2421 .5875011E-11
2422 .5875358E-11
2423 .5875707E-11
2424 .5876058E-11
2425 .5876410E-11
2426 .5876762E-11
2427 .5877113E-11
2428 .5877461E-11
2429 .5877817E-11
2430 .5878174E-11
2431 .5878531E-11
2432 .5878885E-11
2433 .5879247E-11
2434 .5879604E-11
2435 .5879965E-11
2436 .5880323E-11
2437 .5880683E-11
2438 .5881049E-11
2439 .5881412E-11
2440 .5881774E-11
2441 .5882138E-11
2442 .5882510E-11
2443 .5882873E-11
2444 .5883243E-11
2445 .5883609E-11
2446 .5883979E-11
2447 .5884347E-11
2448 .5884720E-11
2449 .5885088E-11
2450 .5885463E-11
2451 .5885834E-11
2452 .5886210E-11
2453 .5886580E-11
2454 .5886958E-11
2455 .5887329E-11
2456 .5887711E-11
2457 .5888089E-11
2458 .5888464E-11
2459 .5888844E-11
2460 .5889223E-11
2461 .5889597E-11
2462 .5889980E-11
2463 .5890364E-11
2464 .5890745E-11
2465 .5891128E-11
2466 .5891513E-11
2467 .5891895E-11
2468 .5892278E-11
2469 .5892659E-11
2470 .5893045E-11
2471 .5893430E-11
2472 .5893813E-11
2473 .5894207E-11
2474 .5894592E-11
2475 .5894978E-11
2476 .5895367E-11
2477 .5895753E-11
2478 .5896141E-11
2479 .5896529E-11
2480 .5896917E-11
2481 .5897311E-11
2482 .5897700E-11
2483 .5898090E-11
2484 .5898481E-11
2485 .5898877E-11
2486 .5899268E-11
2487 .5899659E-11
2488 .5900055E-11
2489 .5900444E-11
2490 .5900841E-11
2491 .5901232E-11
2492 .5901625E-11
2493 .5902023E-11
2494 .5902417E-11
2495 .5902808E-11
2496 .5903204E-11
2497 .5903599E-11
2498 .5903996E-11
2499 .5904392E-11
2500 .5904788E-11
